0	 3.924619e-33	 1	 init
0	 3.924619e-33	 1	 iter
1	 3.924619e-33	 17	 iter
2	 3.924619e-33	 19	 iter
3	 3.924619e-33	 20	 iter
4	 3.924619e-33	 22	 iter
5	 3.924619e-33	 24	 iter
6	 3.924619e-33	 26	 iter
7	 3.924619e-33	 28	 iter
8	 3.924619e-33	 30	 iter
9	 3.924619e-33	 32	 iter
10	 3.924619e-33	 33	 iter
11	 3.924619e-33	 35	 iter
12	 3.924619e-33	 37	 iter
13	 3.924619e-33	 39	 iter
14	 3.924619e-33	 41	 iter
15	 3.924619e-33	 43	 iter
16	 3.924619e-33	 45	 iter
17	 3.924619e-33	 47	 iter
18	 3.924619e-33	 49	 iter
19	 3.924619e-33	 51	 iter
20	 3.924619e-33	 53	 iter
21	 3.924619e-33	 55	 iter
22	 3.924619e-33	 56	 iter
23	 3.924619e-33	 58	 iter
24	 3.924619e-33	 60	 iter
25	 3.924619e-33	 61	 iter
26	 3.924619e-33	 63	 iter
27	 3.924619e-33	 65	 iter
28	 3.924619e-33	 67	 iter
29	 3.924619e-33	 68	 iter
30	 3.924619e-33	 70	 iter
31	 3.924619e-33	 72	 iter
32	 3.924619e-33	 74	 iter
33	 3.924619e-33	 76	 iter
34	 3.924619e-33	 78	 iter
35	 3.924619e-33	 80	 iter
36	 3.924619e-33	 82	 iter
37	 3.924619e-33	 84	 iter
38	 3.924619e-33	 86	 iter
39	 3.924619e-33	 88	 iter
40	 3.924619e-33	 90	 iter
41	 3.924619e-33	 92	 iter
42	 3.924619e-33	 94	 iter
43	 3.924619e-33	 96	 iter
44	 3.924619e-33	 97	 iter
45	 3.924619e-33	 99	 iter
46	 3.924619e-33	 101	 iter
47	 3.924619e-33	 103	 iter
48	 3.924619e-33	 105	 iter
49	 3.924619e-33	 106	 iter
50	 3.924619e-33	 108	 iter
51	 3.924619e-33	 110	 iter
52	 3.924619e-33	 112	 iter
53	 3.924619e-33	 114	 iter
54	 3.924619e-33	 116	 iter
55	 3.924619e-33	 117	 iter
56	 3.924619e-33	 119	 iter
57	 3.924619e-33	 121	 iter
58	 3.924619e-33	 123	 iter
59	 3.924619e-33	 125	 iter
60	 3.924619e-33	 127	 iter
61	 3.924619e-33	 129	 iter
62	 3.924619e-33	 131	 iter
63	 3.924619e-33	 133	 iter
64	 3.924619e-33	 134	 iter
65	 3.924619e-33	 135	 iter
66	 3.924619e-33	 136	 iter
67	 3.924619e-33	 137	 iter
68	 3.924619e-33	 139	 iter
69	 3.924619e-33	 141	 iter
70	 3.924619e-33	 143	 iter
71	 3.924619e-33	 145	 iter
72	 3.924619e-33	 146	 iter
73	 3.924619e-33	 147	 iter
74	 3.924619e-33	 149	 iter
75	 3.924619e-33	 151	 iter
76	 3.924619e-33	 153	 iter
77	 3.924619e-33	 155	 iter
78	 3.924619e-33	 156	 iter
79	 3.924619e-33	 157	 iter
80	 3.924619e-33	 158	 iter
81	 3.924619e-33	 160	 iter
82	 3.924619e-33	 161	 iter
83	 3.924619e-33	 163	 iter
84	 3.924619e-33	 165	 iter
85	 3.924619e-33	 167	 iter
86	 3.924619e-33	 169	 iter
87	 3.924619e-33	 171	 iter
88	 3.924619e-33	 173	 iter
89	 3.924619e-33	 175	 iter
90	 3.924619e-33	 176	 iter
91	 3.924619e-33	 178	 iter
92	 3.924619e-33	 180	 iter
93	 3.924619e-33	 182	 iter
94	 3.924619e-33	 183	 iter
95	 3.924619e-33	 184	 iter
96	 3.924619e-33	 186	 iter
97	 3.924619e-33	 188	 iter
98	 3.924619e-33	 190	 iter
99	 3.924619e-33	 192	 iter
100	 3.924619e-33	 194	 iter
101	 3.924619e-33	 196	 iter
102	 3.924619e-33	 198	 iter
103	 3.924619e-33	 199	 iter
104	 3.924619e-33	 201	 iter
105	 3.924619e-33	 203	 iter
106	 3.924619e-33	 205	 iter
107	 3.924619e-33	 207	 iter
108	 3.924619e-33	 209	 iter
109	 3.924619e-33	 210	 iter
110	 3.924619e-33	 211	 iter
111	 3.924619e-33	 213	 iter
112	 3.924619e-33	 215	 iter
113	 3.924619e-33	 217	 iter
114	 3.924619e-33	 219	 iter
115	 3.924619e-33	 221	 iter
116	 3.924619e-33	 222	 iter
117	 3.924619e-33	 223	 iter
118	 3.924619e-33	 224	 iter
119	 3.924619e-33	 225	 iter
120	 3.924619e-33	 227	 iter
121	 3.924619e-33	 228	 iter
122	 3.924619e-33	 230	 iter
123	 3.924619e-33	 232	 iter
124	 3.924619e-33	 234	 iter
125	 3.924619e-33	 235	 iter
126	 3.924619e-33	 237	 iter
127	 3.924619e-33	 238	 iter
128	 3.924619e-33	 239	 iter
129	 3.924619e-33	 241	 iter
130	 3.924619e-33	 243	 iter
131	 3.924619e-33	 244	 iter
131	 3.924619e-33	 244	 done
