0	 5.509722e-33	 1	 init
0	 5.509722e-33	 1	 iter
1	 5.509722e-33	 17	 iter
2	 5.509722e-33	 19	 iter
3	 5.509722e-33	 21	 iter
4	 5.509722e-33	 22	 iter
5	 5.509722e-33	 24	 iter
6	 5.509722e-33	 26	 iter
7	 5.509722e-33	 28	 iter
8	 5.509722e-33	 30	 iter
9	 5.509722e-33	 32	 iter
10	 5.509722e-33	 33	 iter
11	 5.509722e-33	 35	 iter
12	 5.509722e-33	 37	 iter
13	 5.509722e-33	 39	 iter
14	 5.509722e-33	 41	 iter
15	 5.509722e-33	 43	 iter
16	 5.509722e-33	 45	 iter
17	 5.509722e-33	 47	 iter
18	 5.509722e-33	 49	 iter
19	 5.509722e-33	 51	 iter
20	 5.509722e-33	 53	 iter
21	 5.509722e-33	 55	 iter
22	 5.509722e-33	 56	 iter
23	 5.509722e-33	 58	 iter
24	 5.509722e-33	 60	 iter
25	 5.509722e-33	 62	 iter
26	 5.509722e-33	 64	 iter
27	 5.509722e-33	 66	 iter
28	 5.509722e-33	 68	 iter
29	 5.509722e-33	 70	 iter
30	 5.509722e-33	 72	 iter
31	 5.509722e-33	 74	 iter
32	 5.509722e-33	 75	 iter
33	 5.509722e-33	 77	 iter
34	 5.509722e-33	 79	 iter
35	 5.509722e-33	 81	 iter
36	 5.509722e-33	 83	 iter
37	 5.509722e-33	 85	 iter
38	 5.509722e-33	 87	 iter
39	 5.509722e-33	 89	 iter
40	 5.509722e-33	 91	 iter
41	 5.509722e-33	 93	 iter
42	 5.509722e-33	 94	 iter
43	 5.509722e-33	 96	 iter
44	 5.509722e-33	 97	 iter
45	 5.509722e-33	 98	 iter
46	 5.509722e-33	 100	 iter
47	 5.509722e-33	 102	 iter
48	 5.509722e-33	 104	 iter
49	 5.509722e-33	 105	 iter
50	 5.509722e-33	 106	 iter
51	 5.509722e-33	 108	 iter
52	 5.509722e-33	 110	 iter
53	 5.509722e-33	 111	 iter
54	 5.509722e-33	 112	 iter
55	 5.509722e-33	 114	 iter
56	 5.509722e-33	 116	 iter
57	 5.509722e-33	 118	 iter
58	 5.509722e-33	 120	 iter
59	 5.509722e-33	 122	 iter
60	 5.509722e-33	 124	 iter
61	 5.509722e-33	 125	 iter
62	 5.509722e-33	 127	 iter
63	 5.509722e-33	 129	 iter
64	 5.509722e-33	 131	 iter
65	 5.509722e-33	 132	 iter
66	 5.509722e-33	 134	 iter
67	 5.509722e-33	 136	 iter
68	 5.509722e-33	 137	 iter
69	 5.509722e-33	 139	 iter
70	 5.509722e-33	 141	 iter
71	 5.509722e-33	 142	 iter
72	 5.509722e-33	 143	 iter
73	 5.509722e-33	 144	 iter
74	 5.509722e-33	 145	 iter
75	 5.509722e-33	 147	 iter
76	 5.509722e-33	 149	 iter
77	 5.509722e-33	 151	 iter
78	 5.509722e-33	 153	 iter
79	 5.509722e-33	 154	 iter
80	 5.509722e-33	 156	 iter
81	 5.509722e-33	 158	 iter
82	 5.509722e-33	 159	 iter
83	 5.509722e-33	 161	 iter
84	 5.509722e-33	 163	 iter
85	 5.509722e-33	 165	 iter
86	 5.509722e-33	 167	 iter
87	 5.509722e-33	 169	 iter
88	 5.509722e-33	 170	 iter
89	 5.509722e-33	 172	 iter
90	 5.509722e-33	 174	 iter
91	 5.509722e-33	 176	 iter
92	 5.509722e-33	 177	 iter
93	 5.509722e-33	 179	 iter
94	 5.509722e-33	 181	 iter
95	 5.509722e-33	 183	 iter
96	 5.509722e-33	 185	 iter
97	 5.509722e-33	 187	 iter
98	 5.509722e-33	 189	 iter
99	 5.509722e-33	 191	 iter
100	 5.509722e-33	 192	 iter
101	 5.509722e-33	 194	 iter
102	 5.509722e-33	 196	 iter
103	 5.509722e-33	 197	 iter
104	 5.509722e-33	 199	 iter
105	 5.509722e-33	 200	 iter
106	 5.509722e-33	 202	 iter
107	 5.509722e-33	 204	 iter
108	 5.509722e-33	 205	 iter
109	 5.509722e-33	 207	 iter
110	 5.509722e-33	 209	 iter
111	 5.509722e-33	 210	 iter
112	 5.509722e-33	 212	 iter
113	 5.509722e-33	 213	 iter
114	 5.509722e-33	 215	 iter
115	 5.509722e-33	 216	 iter
116	 5.509722e-33	 218	 iter
117	 5.509722e-33	 219	 iter
118	 5.509722e-33	 221	 iter
119	 5.509722e-33	 222	 iter
120	 5.509722e-33	 223	 iter
121	 5.509722e-33	 225	 iter
122	 5.509722e-33	 226	 iter
123	 5.509722e-33	 228	 iter
124	 5.509722e-33	 230	 iter
125	 5.509722e-33	 231	 iter
126	 5.509722e-33	 232	 iter
127	 5.509722e-33	 234	 iter
128	 5.509722e-33	 236	 iter
129	 5.509722e-33	 238	 iter
130	 5.509722e-33	 240	 iter
131	 5.509722e-33	 242	 iter
132	 5.509722e-33	 244	 iter
133	 5.509722e-33	 246	 iter
134	 5.509722e-33	 248	 iter
135	 5.509722e-33	 249	 iter
136	 5.509722e-33	 250	 iter
137	 5.509722e-33	 252	 iter
138	 5.509722e-33	 253	 iter
139	 5.509722e-33	 255	 iter
140	 5.509722e-33	 257	 iter
141	 5.509722e-33	 258	 iter
142	 5.509722e-33	 259	 iter
143	 5.509722e-33	 261	 iter
144	 5.509722e-33	 263	 iter
145	 5.509722e-33	 265	 iter
146	 5.509722e-33	 267	 iter
147	 5.509722e-33	 268	 iter
148	 5.509722e-33	 270	 iter
149	 5.509722e-33	 272	 iter
150	 5.509722e-33	 273	 iter
151	 5.509722e-33	 274	 iter
152	 5.509722e-33	 275	 iter
153	 5.509722e-33	 277	 iter
154	 5.509722e-33	 278	 iter
155	 5.509722e-33	 280	 iter
156	 5.509722e-33	 281	 iter
157	 5.509722e-33	 282	 iter
158	 5.509722e-33	 284	 iter
159	 5.509722e-33	 286	 iter
160	 5.509722e-33	 287	 iter
161	 5.509722e-33	 289	 iter
162	 5.509722e-33	 291	 iter
163	 5.509722e-33	 292	 iter
164	 5.509722e-33	 293	 iter
165	 5.509722e-33	 294	 iter
166	 5.509722e-33	 296	 iter
167	 5.509722e-33	 297	 iter
168	 5.509722e-33	 298	 iter
169	 5.509722e-33	 299	 iter
170	 5.509722e-33	 300	 iter
171	 5.509722e-33	 301	 iter
172	 5.509722e-33	 303	 iter
173	 5.509722e-33	 304	 iter
173	 5.509722e-33	 304	 done
