0	 6.013076e-33	 1	 init
0	 6.013076e-33	 1	 iter
1	 6.013076e-33	 17	 iter
2	 6.013076e-33	 19	 iter
3	 6.013076e-33	 21	 iter
4	 6.013076e-33	 23	 iter
5	 6.013076e-33	 24	 iter
6	 6.013076e-33	 26	 iter
7	 6.013076e-33	 28	 iter
8	 6.013076e-33	 30	 iter
9	 6.013076e-33	 32	 iter
10	 6.013076e-33	 34	 iter
11	 6.013076e-33	 36	 iter
12	 6.013076e-33	 37	 iter
13	 6.013076e-33	 39	 iter
14	 6.013076e-33	 41	 iter
15	 6.013076e-33	 43	 iter
16	 6.013076e-33	 45	 iter
17	 6.013076e-33	 47	 iter
18	 6.013076e-33	 49	 iter
19	 6.013076e-33	 51	 iter
20	 6.013076e-33	 53	 iter
21	 6.013076e-33	 55	 iter
22	 6.013076e-33	 56	 iter
23	 6.013076e-33	 58	 iter
24	 6.013076e-33	 60	 iter
25	 6.013076e-33	 62	 iter
26	 6.013076e-33	 64	 iter
27	 6.013076e-33	 66	 iter
28	 6.013076e-33	 68	 iter
29	 6.013076e-33	 70	 iter
30	 6.013076e-33	 71	 iter
31	 6.013076e-33	 73	 iter
32	 6.013076e-33	 75	 iter
33	 6.013076e-33	 77	 iter
34	 6.013076e-33	 79	 iter
35	 6.013076e-33	 81	 iter
36	 6.013076e-33	 83	 iter
37	 6.013076e-33	 85	 iter
38	 6.013076e-33	 87	 iter
39	 6.013076e-33	 89	 iter
40	 6.013076e-33	 90	 iter
41	 6.013076e-33	 91	 iter
42	 6.013076e-33	 93	 iter
43	 6.013076e-33	 95	 iter
44	 6.013076e-33	 97	 iter
45	 6.013076e-33	 99	 iter
46	 6.013076e-33	 101	 iter
47	 6.013076e-33	 103	 iter
48	 6.013076e-33	 104	 iter
49	 6.013076e-33	 106	 iter
50	 6.013076e-33	 108	 iter
51	 6.013076e-33	 110	 iter
52	 6.013076e-33	 112	 iter
53	 6.013076e-33	 113	 iter
54	 6.013076e-33	 115	 iter
55	 6.013076e-33	 116	 iter
56	 6.013076e-33	 118	 iter
57	 6.013076e-33	 119	 iter
58	 6.013076e-33	 121	 iter
59	 6.013076e-33	 123	 iter
60	 6.013076e-33	 125	 iter
61	 6.013076e-33	 127	 iter
62	 6.013076e-33	 128	 iter
63	 6.013076e-33	 129	 iter
64	 6.013076e-33	 131	 iter
65	 6.013076e-33	 133	 iter
66	 6.013076e-33	 135	 iter
67	 6.013076e-33	 137	 iter
68	 6.013076e-33	 138	 iter
69	 6.013076e-33	 140	 iter
70	 6.013076e-33	 142	 iter
71	 6.013076e-33	 144	 iter
72	 6.013076e-33	 146	 iter
73	 6.013076e-33	 147	 iter
74	 6.013076e-33	 148	 iter
75	 6.013076e-33	 150	 iter
76	 6.013076e-33	 152	 iter
77	 6.013076e-33	 153	 iter
78	 6.013076e-33	 155	 iter
79	 6.013076e-33	 156	 iter
80	 6.013076e-33	 157	 iter
81	 6.013076e-33	 159	 iter
82	 6.013076e-33	 161	 iter
83	 6.013076e-33	 163	 iter
84	 6.013076e-33	 165	 iter
85	 6.013076e-33	 167	 iter
86	 6.013076e-33	 168	 iter
87	 6.013076e-33	 170	 iter
88	 6.013076e-33	 171	 iter
89	 6.013076e-33	 172	 iter
90	 6.013076e-33	 174	 iter
91	 6.013076e-33	 176	 iter
92	 6.013076e-33	 178	 iter
93	 6.013076e-33	 179	 iter
94	 6.013076e-33	 181	 iter
95	 6.013076e-33	 183	 iter
96	 6.013076e-33	 185	 iter
97	 6.013076e-33	 187	 iter
98	 6.013076e-33	 188	 iter
99	 6.013076e-33	 189	 iter
100	 6.013076e-33	 191	 iter
101	 6.013076e-33	 192	 iter
102	 6.013076e-33	 194	 iter
103	 6.013076e-33	 196	 iter
104	 6.013076e-33	 197	 iter
105	 6.013076e-33	 199	 iter
106	 6.013076e-33	 201	 iter
107	 6.013076e-33	 202	 iter
108	 6.013076e-33	 203	 iter
109	 6.013076e-33	 204	 iter
110	 6.013076e-33	 205	 iter
111	 6.013076e-33	 207	 iter
112	 6.013076e-33	 209	 iter
113	 6.013076e-33	 210	 iter
114	 6.013076e-33	 211	 iter
115	 6.013076e-33	 212	 iter
116	 6.013076e-33	 213	 iter
117	 6.013076e-33	 214	 iter
118	 6.013076e-33	 215	 iter
119	 6.013076e-33	 217	 iter
120	 6.013076e-33	 219	 iter
121	 6.013076e-33	 221	 iter
122	 6.013076e-33	 223	 iter
123	 6.013076e-33	 224	 iter
124	 6.013076e-33	 226	 iter
125	 6.013076e-33	 228	 iter
126	 6.013076e-33	 230	 iter
127	 6.013076e-33	 231	 iter
128	 6.013076e-33	 233	 iter
129	 6.013076e-33	 234	 iter
130	 6.013076e-33	 235	 iter
131	 6.013076e-33	 236	 iter
132	 6.013076e-33	 238	 iter
133	 6.013076e-33	 239	 iter
134	 6.013076e-33	 241	 iter
135	 6.013076e-33	 243	 iter
136	 6.013076e-33	 244	 iter
137	 6.013076e-33	 246	 iter
138	 6.013076e-33	 248	 iter
139	 6.013076e-33	 250	 iter
140	 6.013076e-33	 251	 iter
141	 6.013076e-33	 252	 iter
142	 6.013076e-33	 253	 iter
143	 6.013076e-33	 254	 iter
144	 6.013076e-33	 255	 iter
145	 6.013076e-33	 256	 iter
146	 6.013076e-33	 257	 iter
147	 6.013076e-33	 259	 iter
148	 6.013076e-33	 260	 iter
149	 6.013076e-33	 261	 iter
150	 6.013076e-33	 263	 iter
151	 6.013076e-33	 265	 iter
152	 6.013076e-33	 267	 iter
153	 6.013076e-33	 269	 iter
154	 6.013076e-33	 270	 iter
155	 6.013076e-33	 272	 iter
156	 6.013076e-33	 274	 iter
157	 6.013076e-33	 276	 iter
158	 6.013076e-33	 277	 iter
159	 6.013076e-33	 278	 iter
160	 6.013076e-33	 279	 iter
161	 6.013076e-33	 280	 iter
162	 6.013076e-33	 281	 iter
163	 6.013076e-33	 283	 iter
164	 6.013076e-33	 285	 iter
165	 6.013076e-33	 287	 iter
166	 6.013076e-33	 288	 iter
167	 6.013076e-33	 290	 iter
168	 6.013076e-33	 292	 iter
169	 6.013076e-33	 293	 iter
170	 6.013076e-33	 294	 iter
171	 6.013076e-33	 295	 iter
172	 6.013076e-33	 296	 iter
173	 6.013076e-33	 298	 iter
174	 6.013076e-33	 300	 iter
175	 6.013076e-33	 301	 iter
176	 6.013076e-33	 302	 iter
177	 6.013076e-33	 304	 iter
178	 6.013076e-33	 305	 iter
179	 6.013076e-33	 306	 iter
180	 6.013076e-33	 308	 iter
181	 6.013076e-33	 310	 iter
182	 6.013076e-33	 312	 iter
183	 6.013076e-33	 314	 iter
184	 6.013076e-33	 316	 iter
185	 6.013076e-33	 318	 iter
186	 6.013076e-33	 320	 iter
187	 6.013076e-33	 322	 iter
188	 6.013076e-33	 323	 iter
189	 6.013076e-33	 324	 iter
190	 6.013076e-33	 325	 iter
191	 6.013076e-33	 327	 iter
192	 6.013076e-33	 328	 iter
193	 6.013076e-33	 330	 iter
194	 6.013076e-33	 331	 iter
195	 6.013076e-33	 333	 iter
196	 6.013076e-33	 335	 iter
197	 6.013076e-33	 336	 iter
198	 6.013076e-33	 338	 iter
199	 6.013076e-33	 340	 iter
200	 6.013076e-33	 342	 iter
201	 6.013076e-33	 344	 iter
202	 6.013076e-33	 345	 iter
203	 6.013076e-33	 347	 iter
203	 6.013076e-33	 347	 done
