0	 1.197929e-32	 1	 init
0	 1.197929e-32	 1	 iter
1	 1.197929e-32	 17	 iter
2	 1.197929e-32	 19	 iter
3	 1.197929e-32	 21	 iter
4	 1.197929e-32	 22	 iter
5	 1.197929e-32	 24	 iter
6	 1.197929e-32	 26	 iter
7	 1.197929e-32	 28	 iter
8	 1.197929e-32	 30	 iter
9	 1.197929e-32	 32	 iter
10	 1.197929e-32	 34	 iter
11	 1.197929e-32	 36	 iter
12	 1.197929e-32	 38	 iter
13	 1.197929e-32	 40	 iter
14	 1.197929e-32	 42	 iter
15	 1.197929e-32	 44	 iter
16	 1.197929e-32	 46	 iter
17	 1.197929e-32	 48	 iter
18	 1.197929e-32	 50	 iter
19	 1.197929e-32	 52	 iter
20	 1.197929e-32	 54	 iter
21	 1.197929e-32	 56	 iter
22	 1.197929e-32	 58	 iter
23	 1.197929e-32	 60	 iter
24	 1.197929e-32	 62	 iter
25	 1.197929e-32	 64	 iter
26	 1.197929e-32	 66	 iter
27	 1.197929e-32	 68	 iter
28	 1.197929e-32	 70	 iter
29	 1.197929e-32	 72	 iter
30	 1.197929e-32	 74	 iter
31	 1.197929e-32	 76	 iter
32	 1.197929e-32	 78	 iter
33	 1.197929e-32	 80	 iter
34	 1.197929e-32	 82	 iter
35	 1.197929e-32	 84	 iter
36	 1.197929e-32	 86	 iter
37	 1.197929e-32	 88	 iter
38	 1.197929e-32	 90	 iter
39	 1.197929e-32	 92	 iter
40	 1.197929e-32	 94	 iter
41	 1.197929e-32	 96	 iter
42	 1.197929e-32	 98	 iter
43	 1.197929e-32	 100	 iter
44	 1.197929e-32	 102	 iter
45	 1.197929e-32	 104	 iter
46	 1.197929e-32	 106	 iter
47	 1.197929e-32	 108	 iter
48	 1.197929e-32	 110	 iter
49	 1.197929e-32	 112	 iter
50	 1.197929e-32	 114	 iter
51	 1.197929e-32	 115	 iter
52	 1.197929e-32	 117	 iter
53	 1.197929e-32	 119	 iter
54	 1.197929e-32	 121	 iter
55	 1.197929e-32	 123	 iter
56	 1.197929e-32	 124	 iter
57	 1.197929e-32	 126	 iter
58	 1.197929e-32	 128	 iter
59	 1.197929e-32	 130	 iter
60	 1.197929e-32	 132	 iter
61	 1.197929e-32	 134	 iter
62	 1.197929e-32	 136	 iter
63	 1.197929e-32	 137	 iter
64	 1.197929e-32	 139	 iter
65	 1.197929e-32	 141	 iter
66	 1.197929e-32	 143	 iter
67	 1.197929e-32	 144	 iter
68	 1.197929e-32	 145	 iter
69	 1.197929e-32	 147	 iter
70	 1.197929e-32	 149	 iter
71	 1.197929e-32	 151	 iter
72	 1.197929e-32	 153	 iter
73	 1.197929e-32	 155	 iter
74	 1.197929e-32	 157	 iter
75	 1.197929e-32	 158	 iter
76	 1.197929e-32	 159	 iter
77	 1.197929e-32	 161	 iter
78	 1.197929e-32	 163	 iter
79	 1.197929e-32	 165	 iter
80	 1.197929e-32	 167	 iter
81	 1.197929e-32	 169	 iter
82	 1.197929e-32	 171	 iter
83	 1.197929e-32	 172	 iter
84	 1.197929e-32	 174	 iter
85	 1.197929e-32	 175	 iter
86	 1.197929e-32	 177	 iter
87	 1.197929e-32	 178	 iter
88	 1.197929e-32	 180	 iter
89	 1.197929e-32	 181	 iter
90	 1.197929e-32	 182	 iter
91	 1.197929e-32	 183	 iter
92	 1.197929e-32	 185	 iter
93	 1.197929e-32	 187	 iter
94	 1.197929e-32	 189	 iter
95	 1.197929e-32	 190	 iter
96	 1.197929e-32	 192	 iter
97	 1.197929e-32	 193	 iter
98	 1.197929e-32	 194	 iter
99	 1.197929e-32	 195	 iter
100	 1.197929e-32	 196	 iter
101	 1.197929e-32	 198	 iter
102	 1.197929e-32	 200	 iter
103	 1.197929e-32	 202	 iter
104	 1.197929e-32	 203	 iter
105	 1.197929e-32	 204	 iter
106	 1.197929e-32	 205	 iter
107	 1.197929e-32	 207	 iter
108	 1.197929e-32	 208	 iter
109	 1.197929e-32	 210	 iter
110	 1.197929e-32	 212	 iter
111	 1.197929e-32	 213	 iter
112	 1.197929e-32	 214	 iter
113	 1.197929e-32	 215	 iter
114	 1.197929e-32	 217	 iter
115	 1.197929e-32	 218	 iter
116	 1.197929e-32	 219	 iter
117	 1.197929e-32	 221	 iter
118	 1.197929e-32	 222	 iter
119	 1.197929e-32	 224	 iter
120	 1.197929e-32	 226	 iter
121	 1.197929e-32	 228	 iter
122	 1.197929e-32	 230	 iter
123	 1.197929e-32	 231	 iter
124	 1.197929e-32	 233	 iter
125	 1.197929e-32	 235	 iter
126	 1.197929e-32	 236	 iter
127	 1.197929e-32	 238	 iter
128	 1.197929e-32	 239	 iter
129	 1.197929e-32	 241	 iter
130	 1.197929e-32	 243	 iter
131	 1.197929e-32	 245	 iter
132	 1.197929e-32	 247	 iter
133	 1.197929e-32	 248	 iter
134	 1.197929e-32	 250	 iter
135	 1.197929e-32	 252	 iter
136	 1.197929e-32	 253	 iter
137	 1.197929e-32	 254	 iter
138	 1.197929e-32	 255	 iter
139	 1.197929e-32	 256	 iter
140	 1.197929e-32	 257	 iter
141	 1.197929e-32	 258	 iter
141	 1.197929e-32	 258	 done
