0	 5.910826e-33	 1	 init
0	 5.910826e-33	 1	 iter
1	 5.910826e-33	 17	 iter
2	 5.910826e-33	 19	 iter
3	 5.910826e-33	 20	 iter
4	 5.910826e-33	 22	 iter
5	 5.910826e-33	 23	 iter
6	 5.910826e-33	 25	 iter
7	 5.910826e-33	 27	 iter
8	 5.910826e-33	 28	 iter
9	 5.910826e-33	 29	 iter
10	 5.910826e-33	 31	 iter
11	 5.910826e-33	 33	 iter
12	 5.910826e-33	 35	 iter
13	 5.910826e-33	 37	 iter
14	 5.910826e-33	 39	 iter
15	 5.910826e-33	 41	 iter
16	 5.910826e-33	 43	 iter
17	 5.910826e-33	 45	 iter
18	 5.910826e-33	 47	 iter
19	 5.910826e-33	 49	 iter
20	 5.910826e-33	 51	 iter
21	 5.910826e-33	 53	 iter
22	 5.910826e-33	 55	 iter
23	 5.910826e-33	 57	 iter
24	 5.910826e-33	 59	 iter
25	 5.910826e-33	 61	 iter
26	 5.910826e-33	 63	 iter
27	 5.910826e-33	 65	 iter
28	 5.910826e-33	 67	 iter
29	 5.910826e-33	 69	 iter
30	 5.910826e-33	 71	 iter
31	 5.910826e-33	 73	 iter
32	 5.910826e-33	 75	 iter
33	 5.910826e-33	 77	 iter
34	 5.910826e-33	 79	 iter
35	 5.910826e-33	 81	 iter
36	 5.910826e-33	 83	 iter
37	 5.910826e-33	 85	 iter
38	 5.910826e-33	 86	 iter
39	 5.910826e-33	 88	 iter
40	 5.910826e-33	 90	 iter
41	 5.910826e-33	 92	 iter
42	 5.910826e-33	 93	 iter
43	 5.910826e-33	 95	 iter
44	 5.910826e-33	 97	 iter
45	 5.910826e-33	 99	 iter
46	 5.910826e-33	 101	 iter
47	 5.910826e-33	 103	 iter
48	 5.910826e-33	 105	 iter
49	 5.910826e-33	 107	 iter
50	 5.910826e-33	 109	 iter
51	 5.910826e-33	 111	 iter
52	 5.910826e-33	 113	 iter
53	 5.910826e-33	 115	 iter
54	 5.910826e-33	 116	 iter
55	 5.910826e-33	 118	 iter
56	 5.910826e-33	 120	 iter
57	 5.910826e-33	 122	 iter
58	 5.910826e-33	 124	 iter
59	 5.910826e-33	 126	 iter
60	 5.910826e-33	 127	 iter
61	 5.910826e-33	 129	 iter
62	 5.910826e-33	 131	 iter
63	 5.910826e-33	 133	 iter
64	 5.910826e-33	 135	 iter
65	 5.910826e-33	 137	 iter
66	 5.910826e-33	 138	 iter
67	 5.910826e-33	 140	 iter
68	 5.910826e-33	 142	 iter
69	 5.910826e-33	 144	 iter
70	 5.910826e-33	 146	 iter
71	 5.910826e-33	 147	 iter
72	 5.910826e-33	 149	 iter
73	 5.910826e-33	 150	 iter
74	 5.910826e-33	 151	 iter
75	 5.910826e-33	 152	 iter
76	 5.910826e-33	 153	 iter
77	 5.910826e-33	 154	 iter
78	 5.910826e-33	 155	 iter
79	 5.910826e-33	 157	 iter
80	 5.910826e-33	 158	 iter
81	 5.910826e-33	 160	 iter
82	 5.910826e-33	 162	 iter
83	 5.910826e-33	 163	 iter
84	 5.910826e-33	 165	 iter
85	 5.910826e-33	 167	 iter
86	 5.910826e-33	 169	 iter
87	 5.910826e-33	 170	 iter
88	 5.910826e-33	 172	 iter
89	 5.910826e-33	 174	 iter
90	 5.910826e-33	 175	 iter
91	 5.910826e-33	 177	 iter
92	 5.910826e-33	 178	 iter
93	 5.910826e-33	 179	 iter
94	 5.910826e-33	 181	 iter
95	 5.910826e-33	 183	 iter
96	 5.910826e-33	 184	 iter
97	 5.910826e-33	 185	 iter
98	 5.910826e-33	 187	 iter
99	 5.910826e-33	 189	 iter
100	 5.910826e-33	 190	 iter
101	 5.910826e-33	 191	 iter
102	 5.910826e-33	 192	 iter
103	 5.910826e-33	 194	 iter
104	 5.910826e-33	 195	 iter
105	 5.910826e-33	 197	 iter
106	 5.910826e-33	 198	 iter
107	 5.910826e-33	 199	 iter
108	 5.910826e-33	 201	 iter
109	 5.910826e-33	 203	 iter
110	 5.910826e-33	 205	 iter
111	 5.910826e-33	 207	 iter
112	 5.910826e-33	 209	 iter
113	 5.910826e-33	 211	 iter
114	 5.910826e-33	 213	 iter
115	 5.910826e-33	 215	 iter
116	 5.910826e-33	 216	 iter
117	 5.910826e-33	 217	 iter
118	 5.910826e-33	 218	 iter
119	 5.910826e-33	 219	 iter
120	 5.910826e-33	 221	 iter
121	 5.910826e-33	 222	 iter
122	 5.910826e-33	 224	 iter
123	 5.910826e-33	 226	 iter
124	 5.910826e-33	 228	 iter
125	 5.910826e-33	 229	 iter
126	 5.910826e-33	 231	 iter
127	 5.910826e-33	 232	 iter
128	 5.910826e-33	 233	 iter
129	 5.910826e-33	 234	 iter
130	 5.910826e-33	 235	 iter
131	 5.910826e-33	 237	 iter
132	 5.910826e-33	 239	 iter
133	 5.910826e-33	 241	 iter
134	 5.910826e-33	 242	 iter
135	 5.910826e-33	 243	 iter
136	 5.910826e-33	 244	 iter
137	 5.910826e-33	 245	 iter
138	 5.910826e-33	 246	 iter
139	 5.910826e-33	 247	 iter
140	 5.910826e-33	 249	 iter
141	 5.910826e-33	 250	 iter
142	 5.910826e-33	 251	 iter
143	 5.910826e-33	 253	 iter
144	 5.910826e-33	 255	 iter
145	 5.910826e-33	 257	 iter
146	 5.910826e-33	 259	 iter
147	 5.910826e-33	 260	 iter
148	 5.910826e-33	 261	 iter
149	 5.910826e-33	 262	 iter
150	 5.910826e-33	 264	 iter
151	 5.910826e-33	 265	 iter
152	 5.910826e-33	 267	 iter
153	 5.910826e-33	 269	 iter
154	 5.910826e-33	 271	 iter
155	 5.910826e-33	 273	 iter
155	 5.910826e-33	 273	 done
