0	 6.405182e-33	 1	 init
0	 6.405182e-33	 1	 iter
1	 6.405182e-33	 17	 iter
2	 6.405182e-33	 19	 iter
3	 6.405182e-33	 21	 iter
4	 6.405182e-33	 23	 iter
5	 6.405182e-33	 25	 iter
6	 6.405182e-33	 27	 iter
7	 6.405182e-33	 28	 iter
8	 6.405182e-33	 30	 iter
9	 6.405182e-33	 32	 iter
10	 6.405182e-33	 34	 iter
11	 6.405182e-33	 36	 iter
12	 6.405182e-33	 38	 iter
13	 6.405182e-33	 40	 iter
14	 6.405182e-33	 42	 iter
15	 6.405182e-33	 44	 iter
16	 6.405182e-33	 46	 iter
17	 6.405182e-33	 48	 iter
18	 6.405182e-33	 50	 iter
19	 6.405182e-33	 51	 iter
20	 6.405182e-33	 52	 iter
21	 6.405182e-33	 54	 iter
22	 6.405182e-33	 56	 iter
23	 6.405182e-33	 58	 iter
24	 6.405182e-33	 60	 iter
25	 6.405182e-33	 62	 iter
26	 6.405182e-33	 64	 iter
27	 6.405182e-33	 66	 iter
28	 6.405182e-33	 68	 iter
29	 6.405182e-33	 70	 iter
30	 6.405182e-33	 72	 iter
31	 6.405182e-33	 74	 iter
32	 6.405182e-33	 76	 iter
33	 6.405182e-33	 78	 iter
34	 6.405182e-33	 79	 iter
35	 6.405182e-33	 81	 iter
36	 6.405182e-33	 82	 iter
37	 6.405182e-33	 84	 iter
38	 6.405182e-33	 86	 iter
39	 6.405182e-33	 88	 iter
40	 6.405182e-33	 90	 iter
41	 6.405182e-33	 92	 iter
42	 6.405182e-33	 94	 iter
43	 6.405182e-33	 96	 iter
44	 6.405182e-33	 98	 iter
45	 6.405182e-33	 100	 iter
46	 6.405182e-33	 102	 iter
47	 6.405182e-33	 104	 iter
48	 6.405182e-33	 106	 iter
49	 6.405182e-33	 107	 iter
50	 6.405182e-33	 109	 iter
51	 6.405182e-33	 111	 iter
52	 6.405182e-33	 113	 iter
53	 6.405182e-33	 115	 iter
54	 6.405182e-33	 117	 iter
55	 6.405182e-33	 119	 iter
56	 6.405182e-33	 121	 iter
57	 6.405182e-33	 123	 iter
58	 6.405182e-33	 125	 iter
59	 6.405182e-33	 127	 iter
60	 6.405182e-33	 129	 iter
61	 6.405182e-33	 131	 iter
62	 6.405182e-33	 132	 iter
63	 6.405182e-33	 134	 iter
64	 6.405182e-33	 136	 iter
65	 6.405182e-33	 137	 iter
66	 6.405182e-33	 138	 iter
67	 6.405182e-33	 139	 iter
68	 6.405182e-33	 141	 iter
69	 6.405182e-33	 142	 iter
70	 6.405182e-33	 143	 iter
71	 6.405182e-33	 145	 iter
72	 6.405182e-33	 146	 iter
73	 6.405182e-33	 147	 iter
74	 6.405182e-33	 148	 iter
75	 6.405182e-33	 150	 iter
76	 6.405182e-33	 151	 iter
77	 6.405182e-33	 152	 iter
78	 6.405182e-33	 153	 iter
79	 6.405182e-33	 155	 iter
80	 6.405182e-33	 157	 iter
81	 6.405182e-33	 159	 iter
82	 6.405182e-33	 161	 iter
83	 6.405182e-33	 163	 iter
84	 6.405182e-33	 164	 iter
85	 6.405182e-33	 165	 iter
86	 6.405182e-33	 166	 iter
87	 6.405182e-33	 168	 iter
88	 6.405182e-33	 169	 iter
89	 6.405182e-33	 171	 iter
90	 6.405182e-33	 173	 iter
91	 6.405182e-33	 175	 iter
92	 6.405182e-33	 177	 iter
93	 6.405182e-33	 179	 iter
94	 6.405182e-33	 181	 iter
95	 6.405182e-33	 182	 iter
96	 6.405182e-33	 184	 iter
97	 6.405182e-33	 186	 iter
98	 6.405182e-33	 187	 iter
99	 6.405182e-33	 189	 iter
100	 6.405182e-33	 191	 iter
101	 6.405182e-33	 192	 iter
102	 6.405182e-33	 193	 iter
103	 6.405182e-33	 194	 iter
104	 6.405182e-33	 195	 iter
105	 6.405182e-33	 197	 iter
106	 6.405182e-33	 199	 iter
107	 6.405182e-33	 200	 iter
108	 6.405182e-33	 202	 iter
109	 6.405182e-33	 204	 iter
110	 6.405182e-33	 205	 iter
111	 6.405182e-33	 207	 iter
112	 6.405182e-33	 208	 iter
113	 6.405182e-33	 209	 iter
114	 6.405182e-33	 210	 iter
115	 6.405182e-33	 211	 iter
116	 6.405182e-33	 213	 iter
117	 6.405182e-33	 215	 iter
118	 6.405182e-33	 217	 iter
119	 6.405182e-33	 218	 iter
120	 6.405182e-33	 220	 iter
121	 6.405182e-33	 222	 iter
122	 6.405182e-33	 224	 iter
123	 6.405182e-33	 226	 iter
124	 6.405182e-33	 228	 iter
125	 6.405182e-33	 230	 iter
126	 6.405182e-33	 232	 iter
127	 6.405182e-33	 233	 iter
128	 6.405182e-33	 235	 iter
129	 6.405182e-33	 236	 iter
130	 6.405182e-33	 237	 iter
131	 6.405182e-33	 238	 iter
132	 6.405182e-33	 240	 iter
133	 6.405182e-33	 242	 iter
134	 6.405182e-33	 244	 iter
135	 6.405182e-33	 246	 iter
136	 6.405182e-33	 247	 iter
137	 6.405182e-33	 248	 iter
138	 6.405182e-33	 249	 iter
139	 6.405182e-33	 250	 iter
140	 6.405182e-33	 251	 iter
141	 6.405182e-33	 253	 iter
142	 6.405182e-33	 254	 iter
143	 6.405182e-33	 255	 iter
144	 6.405182e-33	 257	 iter
145	 6.405182e-33	 258	 iter
146	 6.405182e-33	 259	 iter
147	 6.405182e-33	 260	 iter
148	 6.405182e-33	 261	 iter
149	 6.405182e-33	 262	 iter
150	 6.405182e-33	 263	 iter
151	 6.405182e-33	 265	 iter
152	 6.405182e-33	 267	 iter
153	 6.405182e-33	 268	 iter
154	 6.405182e-33	 270	 iter
155	 6.405182e-33	 271	 iter
156	 6.405182e-33	 273	 iter
157	 6.405182e-33	 274	 iter
158	 6.405182e-33	 275	 iter
159	 6.405182e-33	 276	 iter
160	 6.405182e-33	 277	 iter
161	 6.405182e-33	 279	 iter
162	 6.405182e-33	 280	 iter
163	 6.405182e-33	 282	 iter
164	 6.405182e-33	 283	 iter
165	 6.405182e-33	 284	 iter
166	 6.405182e-33	 286	 iter
167	 6.405182e-33	 287	 iter
168	 6.405182e-33	 288	 iter
169	 6.405182e-33	 289	 iter
170	 6.405182e-33	 291	 iter
171	 6.405182e-33	 293	 iter
172	 6.405182e-33	 295	 iter
173	 6.405182e-33	 297	 iter
174	 6.405182e-33	 298	 iter
175	 6.405182e-33	 299	 iter
176	 6.405182e-33	 300	 iter
177	 6.405182e-33	 302	 iter
178	 6.405182e-33	 303	 iter
178	 6.405182e-33	 303	 done
