0	 8.166538e-33	 1	 init
0	 8.166538e-33	 1	 iter
1	 8.166538e-33	 17	 iter
2	 8.166538e-33	 19	 iter
3	 8.166538e-33	 21	 iter
4	 8.166538e-33	 23	 iter
5	 8.166538e-33	 25	 iter
6	 8.166538e-33	 27	 iter
7	 8.166538e-33	 29	 iter
8	 8.166538e-33	 31	 iter
9	 8.166538e-33	 33	 iter
10	 8.166538e-33	 35	 iter
11	 8.166538e-33	 37	 iter
12	 8.166538e-33	 39	 iter
13	 8.166538e-33	 41	 iter
14	 8.166538e-33	 43	 iter
15	 8.166538e-33	 45	 iter
16	 8.166538e-33	 47	 iter
17	 8.166538e-33	 49	 iter
18	 8.166538e-33	 50	 iter
19	 8.166538e-33	 52	 iter
20	 8.166538e-33	 54	 iter
21	 8.166538e-33	 56	 iter
22	 8.166538e-33	 58	 iter
23	 8.166538e-33	 60	 iter
24	 8.166538e-33	 61	 iter
25	 8.166538e-33	 63	 iter
26	 8.166538e-33	 65	 iter
27	 8.166538e-33	 67	 iter
28	 8.166538e-33	 69	 iter
29	 8.166538e-33	 71	 iter
30	 8.166538e-33	 73	 iter
31	 8.166538e-33	 75	 iter
32	 8.166538e-33	 77	 iter
33	 8.166538e-33	 79	 iter
34	 8.166538e-33	 80	 iter
35	 8.166538e-33	 82	 iter
36	 8.166538e-33	 84	 iter
37	 8.166538e-33	 86	 iter
38	 8.166538e-33	 88	 iter
39	 8.166538e-33	 90	 iter
40	 8.166538e-33	 92	 iter
41	 8.166538e-33	 94	 iter
42	 8.166538e-33	 96	 iter
43	 8.166538e-33	 98	 iter
44	 8.166538e-33	 100	 iter
45	 8.166538e-33	 102	 iter
46	 8.166538e-33	 104	 iter
47	 8.166538e-33	 106	 iter
48	 8.166538e-33	 108	 iter
49	 8.166538e-33	 109	 iter
50	 8.166538e-33	 111	 iter
51	 8.166538e-33	 113	 iter
52	 8.166538e-33	 115	 iter
53	 8.166538e-33	 117	 iter
54	 8.166538e-33	 119	 iter
55	 8.166538e-33	 120	 iter
56	 8.166538e-33	 121	 iter
57	 8.166538e-33	 123	 iter
58	 8.166538e-33	 124	 iter
59	 8.166538e-33	 126	 iter
60	 8.166538e-33	 128	 iter
61	 8.166538e-33	 130	 iter
62	 8.166538e-33	 132	 iter
63	 8.166538e-33	 134	 iter
64	 8.166538e-33	 136	 iter
65	 8.166538e-33	 138	 iter
66	 8.166538e-33	 139	 iter
67	 8.166538e-33	 141	 iter
68	 8.166538e-33	 143	 iter
69	 8.166538e-33	 144	 iter
70	 8.166538e-33	 145	 iter
71	 8.166538e-33	 147	 iter
72	 8.166538e-33	 149	 iter
73	 8.166538e-33	 150	 iter
74	 8.166538e-33	 152	 iter
75	 8.166538e-33	 153	 iter
76	 8.166538e-33	 155	 iter
77	 8.166538e-33	 156	 iter
78	 8.166538e-33	 157	 iter
79	 8.166538e-33	 158	 iter
80	 8.166538e-33	 159	 iter
81	 8.166538e-33	 161	 iter
82	 8.166538e-33	 163	 iter
83	 8.166538e-33	 165	 iter
84	 8.166538e-33	 167	 iter
85	 8.166538e-33	 169	 iter
86	 8.166538e-33	 170	 iter
87	 8.166538e-33	 171	 iter
88	 8.166538e-33	 173	 iter
89	 8.166538e-33	 174	 iter
90	 8.166538e-33	 175	 iter
91	 8.166538e-33	 177	 iter
92	 8.166538e-33	 179	 iter
93	 8.166538e-33	 181	 iter
94	 8.166538e-33	 183	 iter
95	 8.166538e-33	 184	 iter
96	 8.166538e-33	 186	 iter
97	 8.166538e-33	 187	 iter
98	 8.166538e-33	 188	 iter
99	 8.166538e-33	 190	 iter
100	 8.166538e-33	 192	 iter
101	 8.166538e-33	 193	 iter
102	 8.166538e-33	 194	 iter
103	 8.166538e-33	 195	 iter
104	 8.166538e-33	 196	 iter
105	 8.166538e-33	 198	 iter
106	 8.166538e-33	 200	 iter
107	 8.166538e-33	 202	 iter
108	 8.166538e-33	 203	 iter
109	 8.166538e-33	 205	 iter
110	 8.166538e-33	 206	 iter
111	 8.166538e-33	 207	 iter
112	 8.166538e-33	 209	 iter
113	 8.166538e-33	 211	 iter
114	 8.166538e-33	 212	 iter
115	 8.166538e-33	 213	 iter
116	 8.166538e-33	 214	 iter
117	 8.166538e-33	 216	 iter
118	 8.166538e-33	 218	 iter
119	 8.166538e-33	 219	 iter
120	 8.166538e-33	 221	 iter
121	 8.166538e-33	 223	 iter
122	 8.166538e-33	 225	 iter
123	 8.166538e-33	 227	 iter
124	 8.166538e-33	 228	 iter
125	 8.166538e-33	 229	 iter
126	 8.166538e-33	 230	 iter
127	 8.166538e-33	 232	 iter
128	 8.166538e-33	 234	 iter
129	 8.166538e-33	 236	 iter
130	 8.166538e-33	 237	 iter
131	 8.166538e-33	 239	 iter
132	 8.166538e-33	 240	 iter
133	 8.166538e-33	 242	 iter
134	 8.166538e-33	 243	 iter
135	 8.166538e-33	 245	 iter
136	 8.166538e-33	 246	 iter
137	 8.166538e-33	 248	 iter
138	 8.166538e-33	 250	 iter
139	 8.166538e-33	 252	 iter
140	 8.166538e-33	 253	 iter
141	 8.166538e-33	 255	 iter
142	 8.166538e-33	 256	 iter
143	 8.166538e-33	 258	 iter
144	 8.166538e-33	 259	 iter
145	 8.166538e-33	 261	 iter
146	 8.166538e-33	 263	 iter
147	 8.166538e-33	 265	 iter
148	 8.166538e-33	 267	 iter
149	 8.166538e-33	 268	 iter
150	 8.166538e-33	 270	 iter
151	 8.166538e-33	 272	 iter
152	 8.166538e-33	 274	 iter
153	 8.166538e-33	 275	 iter
154	 8.166538e-33	 276	 iter
155	 8.166538e-33	 278	 iter
156	 8.166538e-33	 280	 iter
157	 8.166538e-33	 282	 iter
158	 8.166538e-33	 284	 iter
159	 8.166538e-33	 285	 iter
160	 8.166538e-33	 286	 iter
161	 8.166538e-33	 287	 iter
162	 8.166538e-33	 289	 iter
163	 8.166538e-33	 290	 iter
164	 8.166538e-33	 292	 iter
165	 8.166538e-33	 294	 iter
166	 8.166538e-33	 295	 iter
167	 8.166538e-33	 297	 iter
168	 8.166538e-33	 298	 iter
169	 8.166538e-33	 299	 iter
170	 8.166538e-33	 301	 iter
171	 8.166538e-33	 303	 iter
172	 8.166538e-33	 305	 iter
173	 8.166538e-33	 306	 iter
174	 8.166538e-33	 307	 iter
175	 8.166538e-33	 308	 iter
176	 8.166538e-33	 309	 iter
177	 8.166538e-33	 310	 iter
178	 8.166538e-33	 312	 iter
179	 8.166538e-33	 313	 iter
180	 8.166538e-33	 314	 iter
181	 8.166538e-33	 315	 iter
182	 8.166538e-33	 316	 iter
183	 8.166538e-33	 317	 iter
184	 8.166538e-33	 319	 iter
185	 8.166538e-33	 321	 iter
186	 8.166538e-33	 322	 iter
187	 8.166538e-33	 323	 iter
188	 8.166538e-33	 325	 iter
189	 8.166538e-33	 326	 iter
190	 8.166538e-33	 327	 iter
191	 8.166538e-33	 328	 iter
192	 8.166538e-33	 329	 iter
193	 8.166538e-33	 330	 iter
194	 8.166538e-33	 331	 iter
194	 8.166538e-33	 331	 done
