0	 7.833888e-33	 1	 init
0	 7.833888e-33	 1	 iter
1	 7.833888e-33	 17	 iter
2	 7.833888e-33	 19	 iter
3	 7.833888e-33	 21	 iter
4	 7.833888e-33	 23	 iter
5	 7.833888e-33	 25	 iter
6	 7.833888e-33	 27	 iter
7	 7.833888e-33	 29	 iter
8	 7.833888e-33	 31	 iter
9	 7.833888e-33	 33	 iter
10	 7.833888e-33	 35	 iter
11	 7.833888e-33	 37	 iter
12	 7.833888e-33	 39	 iter
13	 7.833888e-33	 41	 iter
14	 7.833888e-33	 43	 iter
15	 7.833888e-33	 45	 iter
16	 7.833888e-33	 47	 iter
17	 7.833888e-33	 49	 iter
18	 7.833888e-33	 51	 iter
19	 7.833888e-33	 53	 iter
20	 7.833888e-33	 55	 iter
21	 7.833888e-33	 57	 iter
22	 7.833888e-33	 59	 iter
23	 7.833888e-33	 61	 iter
24	 7.833888e-33	 63	 iter
25	 7.833888e-33	 65	 iter
26	 7.833888e-33	 66	 iter
27	 7.833888e-33	 68	 iter
28	 7.833888e-33	 70	 iter
29	 7.833888e-33	 72	 iter
30	 7.833888e-33	 74	 iter
31	 7.833888e-33	 76	 iter
32	 7.833888e-33	 78	 iter
33	 7.833888e-33	 80	 iter
34	 7.833888e-33	 82	 iter
35	 7.833888e-33	 84	 iter
36	 7.833888e-33	 85	 iter
37	 7.833888e-33	 86	 iter
38	 7.833888e-33	 88	 iter
39	 7.833888e-33	 89	 iter
40	 7.833888e-33	 91	 iter
41	 7.833888e-33	 93	 iter
42	 7.833888e-33	 95	 iter
43	 7.833888e-33	 96	 iter
44	 7.833888e-33	 97	 iter
45	 7.833888e-33	 99	 iter
46	 7.833888e-33	 100	 iter
47	 7.833888e-33	 102	 iter
48	 7.833888e-33	 104	 iter
49	 7.833888e-33	 106	 iter
50	 7.833888e-33	 108	 iter
51	 7.833888e-33	 110	 iter
52	 7.833888e-33	 112	 iter
53	 7.833888e-33	 114	 iter
54	 7.833888e-33	 116	 iter
55	 7.833888e-33	 118	 iter
56	 7.833888e-33	 120	 iter
57	 7.833888e-33	 122	 iter
58	 7.833888e-33	 123	 iter
59	 7.833888e-33	 124	 iter
60	 7.833888e-33	 126	 iter
61	 7.833888e-33	 128	 iter
62	 7.833888e-33	 130	 iter
63	 7.833888e-33	 132	 iter
64	 7.833888e-33	 133	 iter
65	 7.833888e-33	 134	 iter
66	 7.833888e-33	 135	 iter
67	 7.833888e-33	 137	 iter
68	 7.833888e-33	 139	 iter
69	 7.833888e-33	 141	 iter
70	 7.833888e-33	 143	 iter
71	 7.833888e-33	 144	 iter
72	 7.833888e-33	 146	 iter
73	 7.833888e-33	 148	 iter
74	 7.833888e-33	 149	 iter
75	 7.833888e-33	 150	 iter
76	 7.833888e-33	 152	 iter
77	 7.833888e-33	 154	 iter
78	 7.833888e-33	 156	 iter
79	 7.833888e-33	 157	 iter
80	 7.833888e-33	 159	 iter
81	 7.833888e-33	 160	 iter
82	 7.833888e-33	 162	 iter
83	 7.833888e-33	 164	 iter
84	 7.833888e-33	 166	 iter
85	 7.833888e-33	 168	 iter
86	 7.833888e-33	 170	 iter
87	 7.833888e-33	 172	 iter
88	 7.833888e-33	 174	 iter
89	 7.833888e-33	 176	 iter
90	 7.833888e-33	 178	 iter
91	 7.833888e-33	 180	 iter
92	 7.833888e-33	 181	 iter
93	 7.833888e-33	 183	 iter
94	 7.833888e-33	 185	 iter
95	 7.833888e-33	 187	 iter
96	 7.833888e-33	 188	 iter
97	 7.833888e-33	 190	 iter
98	 7.833888e-33	 192	 iter
99	 7.833888e-33	 194	 iter
100	 7.833888e-33	 196	 iter
101	 7.833888e-33	 197	 iter
102	 7.833888e-33	 199	 iter
103	 7.833888e-33	 201	 iter
104	 7.833888e-33	 202	 iter
105	 7.833888e-33	 203	 iter
106	 7.833888e-33	 205	 iter
107	 7.833888e-33	 207	 iter
108	 7.833888e-33	 208	 iter
109	 7.833888e-33	 210	 iter
110	 7.833888e-33	 212	 iter
111	 7.833888e-33	 214	 iter
112	 7.833888e-33	 215	 iter
113	 7.833888e-33	 217	 iter
114	 7.833888e-33	 219	 iter
115	 7.833888e-33	 220	 iter
116	 7.833888e-33	 222	 iter
117	 7.833888e-33	 224	 iter
118	 7.833888e-33	 225	 iter
119	 7.833888e-33	 226	 iter
120	 7.833888e-33	 227	 iter
121	 7.833888e-33	 229	 iter
122	 7.833888e-33	 231	 iter
123	 7.833888e-33	 232	 iter
124	 7.833888e-33	 234	 iter
125	 7.833888e-33	 235	 iter
126	 7.833888e-33	 237	 iter
127	 7.833888e-33	 238	 iter
128	 7.833888e-33	 239	 iter
129	 7.833888e-33	 241	 iter
130	 7.833888e-33	 242	 iter
131	 7.833888e-33	 243	 iter
132	 7.833888e-33	 244	 iter
133	 7.833888e-33	 245	 iter
134	 7.833888e-33	 246	 iter
135	 7.833888e-33	 247	 iter
136	 7.833888e-33	 248	 iter
137	 7.833888e-33	 249	 iter
138	 7.833888e-33	 250	 iter
139	 7.833888e-33	 251	 iter
140	 7.833888e-33	 253	 iter
141	 7.833888e-33	 254	 iter
142	 7.833888e-33	 255	 iter
143	 7.833888e-33	 256	 iter
144	 7.833888e-33	 258	 iter
145	 7.833888e-33	 260	 iter
146	 7.833888e-33	 262	 iter
147	 7.833888e-33	 263	 iter
148	 7.833888e-33	 264	 iter
149	 7.833888e-33	 265	 iter
150	 7.833888e-33	 266	 iter
150	 7.833888e-33	 266	 done
