0	 6.833365e-33	 1	 init
0	 6.833365e-33	 1	 iter
1	 6.833365e-33	 17	 iter
2	 6.833365e-33	 19	 iter
3	 6.833365e-33	 21	 iter
4	 6.833365e-33	 23	 iter
5	 6.833365e-33	 25	 iter
6	 6.833365e-33	 27	 iter
7	 6.833365e-33	 29	 iter
8	 6.833365e-33	 31	 iter
9	 6.833365e-33	 33	 iter
10	 6.833365e-33	 35	 iter
11	 6.833365e-33	 37	 iter
12	 6.833365e-33	 39	 iter
13	 6.833365e-33	 41	 iter
14	 6.833365e-33	 43	 iter
15	 6.833365e-33	 45	 iter
16	 6.833365e-33	 47	 iter
17	 6.833365e-33	 49	 iter
18	 6.833365e-33	 50	 iter
19	 6.833365e-33	 52	 iter
20	 6.833365e-33	 54	 iter
21	 6.833365e-33	 56	 iter
22	 6.833365e-33	 58	 iter
23	 6.833365e-33	 60	 iter
24	 6.833365e-33	 62	 iter
25	 6.833365e-33	 64	 iter
26	 6.833365e-33	 66	 iter
27	 6.833365e-33	 68	 iter
28	 6.833365e-33	 70	 iter
29	 6.833365e-33	 72	 iter
30	 6.833365e-33	 74	 iter
31	 6.833365e-33	 76	 iter
32	 6.833365e-33	 78	 iter
33	 6.833365e-33	 80	 iter
34	 6.833365e-33	 82	 iter
35	 6.833365e-33	 84	 iter
36	 6.833365e-33	 86	 iter
37	 6.833365e-33	 88	 iter
38	 6.833365e-33	 90	 iter
39	 6.833365e-33	 92	 iter
40	 6.833365e-33	 94	 iter
41	 6.833365e-33	 96	 iter
42	 6.833365e-33	 98	 iter
43	 6.833365e-33	 100	 iter
44	 6.833365e-33	 101	 iter
45	 6.833365e-33	 103	 iter
46	 6.833365e-33	 105	 iter
47	 6.833365e-33	 106	 iter
48	 6.833365e-33	 108	 iter
49	 6.833365e-33	 110	 iter
50	 6.833365e-33	 112	 iter
51	 6.833365e-33	 114	 iter
52	 6.833365e-33	 116	 iter
53	 6.833365e-33	 118	 iter
54	 6.833365e-33	 120	 iter
55	 6.833365e-33	 121	 iter
56	 6.833365e-33	 123	 iter
57	 6.833365e-33	 124	 iter
58	 6.833365e-33	 125	 iter
59	 6.833365e-33	 126	 iter
60	 6.833365e-33	 128	 iter
61	 6.833365e-33	 130	 iter
62	 6.833365e-33	 132	 iter
63	 6.833365e-33	 133	 iter
64	 6.833365e-33	 134	 iter
65	 6.833365e-33	 136	 iter
66	 6.833365e-33	 137	 iter
67	 6.833365e-33	 138	 iter
68	 6.833365e-33	 140	 iter
69	 6.833365e-33	 142	 iter
70	 6.833365e-33	 144	 iter
71	 6.833365e-33	 146	 iter
72	 6.833365e-33	 147	 iter
73	 6.833365e-33	 148	 iter
74	 6.833365e-33	 150	 iter
75	 6.833365e-33	 151	 iter
76	 6.833365e-33	 153	 iter
77	 6.833365e-33	 155	 iter
78	 6.833365e-33	 157	 iter
79	 6.833365e-33	 159	 iter
80	 6.833365e-33	 161	 iter
81	 6.833365e-33	 163	 iter
82	 6.833365e-33	 164	 iter
83	 6.833365e-33	 166	 iter
84	 6.833365e-33	 168	 iter
85	 6.833365e-33	 170	 iter
86	 6.833365e-33	 172	 iter
87	 6.833365e-33	 173	 iter
88	 6.833365e-33	 175	 iter
89	 6.833365e-33	 177	 iter
90	 6.833365e-33	 178	 iter
91	 6.833365e-33	 179	 iter
92	 6.833365e-33	 181	 iter
93	 6.833365e-33	 183	 iter
94	 6.833365e-33	 185	 iter
95	 6.833365e-33	 186	 iter
96	 6.833365e-33	 188	 iter
97	 6.833365e-33	 189	 iter
98	 6.833365e-33	 191	 iter
99	 6.833365e-33	 193	 iter
100	 6.833365e-33	 195	 iter
101	 6.833365e-33	 197	 iter
102	 6.833365e-33	 199	 iter
103	 6.833365e-33	 201	 iter
104	 6.833365e-33	 202	 iter
105	 6.833365e-33	 204	 iter
106	 6.833365e-33	 206	 iter
107	 6.833365e-33	 208	 iter
108	 6.833365e-33	 209	 iter
109	 6.833365e-33	 210	 iter
110	 6.833365e-33	 212	 iter
111	 6.833365e-33	 214	 iter
112	 6.833365e-33	 215	 iter
113	 6.833365e-33	 216	 iter
114	 6.833365e-33	 217	 iter
115	 6.833365e-33	 218	 iter
116	 6.833365e-33	 219	 iter
117	 6.833365e-33	 220	 iter
118	 6.833365e-33	 221	 iter
119	 6.833365e-33	 222	 iter
120	 6.833365e-33	 224	 iter
121	 6.833365e-33	 226	 iter
122	 6.833365e-33	 227	 iter
123	 6.833365e-33	 229	 iter
124	 6.833365e-33	 231	 iter
125	 6.833365e-33	 232	 iter
126	 6.833365e-33	 233	 iter
127	 6.833365e-33	 235	 iter
128	 6.833365e-33	 237	 iter
129	 6.833365e-33	 239	 iter
130	 6.833365e-33	 240	 iter
131	 6.833365e-33	 241	 iter
132	 6.833365e-33	 242	 iter
133	 6.833365e-33	 244	 iter
134	 6.833365e-33	 246	 iter
135	 6.833365e-33	 248	 iter
136	 6.833365e-33	 250	 iter
137	 6.833365e-33	 252	 iter
138	 6.833365e-33	 254	 iter
139	 6.833365e-33	 256	 iter
140	 6.833365e-33	 257	 iter
141	 6.833365e-33	 259	 iter
142	 6.833365e-33	 260	 iter
143	 6.833365e-33	 261	 iter
144	 6.833365e-33	 262	 iter
145	 6.833365e-33	 264	 iter
146	 6.833365e-33	 265	 iter
147	 6.833365e-33	 266	 iter
148	 6.833365e-33	 268	 iter
149	 6.833365e-33	 270	 iter
150	 6.833365e-33	 272	 iter
151	 6.833365e-33	 273	 iter
152	 6.833365e-33	 274	 iter
153	 6.833365e-33	 276	 iter
154	 6.833365e-33	 278	 iter
155	 6.833365e-33	 279	 iter
156	 6.833365e-33	 280	 iter
157	 6.833365e-33	 281	 iter
158	 6.833365e-33	 283	 iter
159	 6.833365e-33	 284	 iter
160	 6.833365e-33	 285	 iter
161	 6.833365e-33	 286	 iter
162	 6.833365e-33	 287	 iter
163	 6.833365e-33	 289	 iter
164	 6.833365e-33	 291	 iter
165	 6.833365e-33	 293	 iter
166	 6.833365e-33	 294	 iter
167	 6.833365e-33	 295	 iter
168	 6.833365e-33	 297	 iter
169	 6.833365e-33	 299	 iter
170	 6.833365e-33	 301	 iter
171	 6.833365e-33	 302	 iter
172	 6.833365e-33	 303	 iter
173	 6.833365e-33	 304	 iter
174	 6.833365e-33	 305	 iter
175	 6.833365e-33	 307	 iter
176	 6.833365e-33	 309	 iter
177	 6.833365e-33	 311	 iter
178	 6.833365e-33	 312	 iter
179	 6.833365e-33	 313	 iter
180	 6.833365e-33	 315	 iter
181	 6.833365e-33	 316	 iter
182	 6.833365e-33	 317	 iter
183	 6.833365e-33	 318	 iter
184	 6.833365e-33	 319	 iter
185	 6.833365e-33	 320	 iter
186	 6.833365e-33	 321	 iter
187	 6.833365e-33	 323	 iter
188	 6.833365e-33	 325	 iter
189	 6.833365e-33	 326	 iter
190	 6.833365e-33	 327	 iter
191	 6.833365e-33	 329	 iter
192	 6.833365e-33	 330	 iter
193	 6.833365e-33	 332	 iter
194	 6.833365e-33	 333	 iter
194	 6.833365e-33	 333	 done
