0	 7.540230e-33	 1	 init
0	 7.540230e-33	 1	 iter
1	 7.540230e-33	 17	 iter
2	 7.540230e-33	 19	 iter
3	 7.540230e-33	 21	 iter
4	 7.540230e-33	 23	 iter
5	 7.540230e-33	 25	 iter
6	 7.540230e-33	 27	 iter
7	 7.540230e-33	 29	 iter
8	 7.540230e-33	 31	 iter
9	 7.540230e-33	 33	 iter
10	 7.540230e-33	 35	 iter
11	 7.540230e-33	 37	 iter
12	 7.540230e-33	 39	 iter
13	 7.540230e-33	 41	 iter
14	 7.540230e-33	 43	 iter
15	 7.540230e-33	 45	 iter
16	 7.540230e-33	 47	 iter
17	 7.540230e-33	 49	 iter
18	 7.540230e-33	 51	 iter
19	 7.540230e-33	 53	 iter
20	 7.540230e-33	 55	 iter
21	 7.540230e-33	 57	 iter
22	 7.540230e-33	 59	 iter
23	 7.540230e-33	 61	 iter
24	 7.540230e-33	 63	 iter
25	 7.540230e-33	 65	 iter
26	 7.540230e-33	 67	 iter
27	 7.540230e-33	 69	 iter
28	 7.540230e-33	 71	 iter
29	 7.540230e-33	 73	 iter
30	 7.540230e-33	 75	 iter
31	 7.540230e-33	 77	 iter
32	 7.540230e-33	 79	 iter
33	 7.540230e-33	 80	 iter
34	 7.540230e-33	 82	 iter
35	 7.540230e-33	 84	 iter
36	 7.540230e-33	 85	 iter
37	 7.540230e-33	 86	 iter
38	 7.540230e-33	 87	 iter
39	 7.540230e-33	 89	 iter
40	 7.540230e-33	 91	 iter
41	 7.540230e-33	 93	 iter
42	 7.540230e-33	 94	 iter
43	 7.540230e-33	 95	 iter
44	 7.540230e-33	 97	 iter
45	 7.540230e-33	 98	 iter
46	 7.540230e-33	 100	 iter
47	 7.540230e-33	 102	 iter
48	 7.540230e-33	 104	 iter
49	 7.540230e-33	 105	 iter
50	 7.540230e-33	 107	 iter
51	 7.540230e-33	 109	 iter
52	 7.540230e-33	 111	 iter
53	 7.540230e-33	 113	 iter
54	 7.540230e-33	 115	 iter
55	 7.540230e-33	 116	 iter
56	 7.540230e-33	 117	 iter
57	 7.540230e-33	 119	 iter
58	 7.540230e-33	 121	 iter
59	 7.540230e-33	 123	 iter
60	 7.540230e-33	 125	 iter
61	 7.540230e-33	 127	 iter
62	 7.540230e-33	 129	 iter
63	 7.540230e-33	 131	 iter
64	 7.540230e-33	 133	 iter
65	 7.540230e-33	 135	 iter
66	 7.540230e-33	 136	 iter
67	 7.540230e-33	 138	 iter
68	 7.540230e-33	 139	 iter
69	 7.540230e-33	 140	 iter
70	 7.540230e-33	 141	 iter
71	 7.540230e-33	 143	 iter
72	 7.540230e-33	 144	 iter
73	 7.540230e-33	 146	 iter
74	 7.540230e-33	 148	 iter
75	 7.540230e-33	 150	 iter
76	 7.540230e-33	 152	 iter
77	 7.540230e-33	 153	 iter
78	 7.540230e-33	 154	 iter
79	 7.540230e-33	 156	 iter
80	 7.540230e-33	 158	 iter
81	 7.540230e-33	 160	 iter
82	 7.540230e-33	 162	 iter
83	 7.540230e-33	 163	 iter
84	 7.540230e-33	 165	 iter
85	 7.540230e-33	 167	 iter
86	 7.540230e-33	 169	 iter
87	 7.540230e-33	 171	 iter
88	 7.540230e-33	 173	 iter
89	 7.540230e-33	 174	 iter
90	 7.540230e-33	 175	 iter
91	 7.540230e-33	 177	 iter
92	 7.540230e-33	 178	 iter
93	 7.540230e-33	 180	 iter
94	 7.540230e-33	 182	 iter
95	 7.540230e-33	 184	 iter
96	 7.540230e-33	 185	 iter
97	 7.540230e-33	 186	 iter
98	 7.540230e-33	 188	 iter
99	 7.540230e-33	 190	 iter
100	 7.540230e-33	 192	 iter
101	 7.540230e-33	 194	 iter
102	 7.540230e-33	 196	 iter
103	 7.540230e-33	 197	 iter
104	 7.540230e-33	 198	 iter
105	 7.540230e-33	 199	 iter
106	 7.540230e-33	 201	 iter
107	 7.540230e-33	 203	 iter
108	 7.540230e-33	 205	 iter
109	 7.540230e-33	 207	 iter
110	 7.540230e-33	 208	 iter
111	 7.540230e-33	 210	 iter
112	 7.540230e-33	 212	 iter
113	 7.540230e-33	 214	 iter
114	 7.540230e-33	 215	 iter
115	 7.540230e-33	 217	 iter
116	 7.540230e-33	 218	 iter
117	 7.540230e-33	 219	 iter
118	 7.540230e-33	 221	 iter
119	 7.540230e-33	 223	 iter
120	 7.540230e-33	 224	 iter
121	 7.540230e-33	 226	 iter
122	 7.540230e-33	 227	 iter
123	 7.540230e-33	 229	 iter
124	 7.540230e-33	 230	 iter
125	 7.540230e-33	 232	 iter
126	 7.540230e-33	 233	 iter
127	 7.540230e-33	 235	 iter
128	 7.540230e-33	 236	 iter
129	 7.540230e-33	 238	 iter
130	 7.540230e-33	 240	 iter
131	 7.540230e-33	 241	 iter
132	 7.540230e-33	 242	 iter
133	 7.540230e-33	 243	 iter
134	 7.540230e-33	 244	 iter
135	 7.540230e-33	 245	 iter
136	 7.540230e-33	 247	 iter
137	 7.540230e-33	 249	 iter
138	 7.540230e-33	 251	 iter
139	 7.540230e-33	 252	 iter
140	 7.540230e-33	 253	 iter
141	 7.540230e-33	 255	 iter
142	 7.540230e-33	 256	 iter
143	 7.540230e-33	 258	 iter
144	 7.540230e-33	 260	 iter
145	 7.540230e-33	 261	 iter
146	 7.540230e-33	 263	 iter
147	 7.540230e-33	 264	 iter
148	 7.540230e-33	 266	 iter
149	 7.540230e-33	 268	 iter
150	 7.540230e-33	 269	 iter
151	 7.540230e-33	 271	 iter
152	 7.540230e-33	 273	 iter
153	 7.540230e-33	 274	 iter
154	 7.540230e-33	 275	 iter
155	 7.540230e-33	 277	 iter
156	 7.540230e-33	 279	 iter
157	 7.540230e-33	 280	 iter
158	 7.540230e-33	 281	 iter
159	 7.540230e-33	 282	 iter
160	 7.540230e-33	 283	 iter
161	 7.540230e-33	 285	 iter
162	 7.540230e-33	 286	 iter
163	 7.540230e-33	 287	 iter
164	 7.540230e-33	 288	 iter
165	 7.540230e-33	 289	 iter
166	 7.540230e-33	 290	 iter
167	 7.540230e-33	 292	 iter
168	 7.540230e-33	 294	 iter
169	 7.540230e-33	 295	 iter
170	 7.540230e-33	 296	 iter
171	 7.540230e-33	 298	 iter
172	 7.540230e-33	 300	 iter
173	 7.540230e-33	 302	 iter
174	 7.540230e-33	 303	 iter
175	 7.540230e-33	 304	 iter
176	 7.540230e-33	 305	 iter
177	 7.540230e-33	 306	 iter
178	 7.540230e-33	 307	 iter
179	 7.540230e-33	 308	 iter
180	 7.540230e-33	 309	 iter
181	 7.540230e-33	 310	 iter
182	 7.540230e-33	 312	 iter
183	 7.540230e-33	 314	 iter
184	 7.540230e-33	 315	 iter
185	 7.540230e-33	 316	 iter
186	 7.540230e-33	 317	 iter
187	 7.540230e-33	 319	 iter
188	 7.540230e-33	 320	 iter
189	 7.540230e-33	 322	 iter
190	 7.540230e-33	 323	 iter
191	 7.540230e-33	 324	 iter
192	 7.540230e-33	 325	 iter
193	 7.540230e-33	 326	 iter
194	 7.540230e-33	 327	 iter
195	 7.540230e-33	 328	 iter
196	 7.540230e-33	 329	 iter
196	 7.540230e-33	 329	 done
