0	 3.871910e-33	 1	 init
0	 3.871910e-33	 1	 iter
1	 3.871910e-33	 17	 iter
2	 3.871910e-33	 19	 iter
3	 3.871910e-33	 21	 iter
4	 3.871910e-33	 23	 iter
5	 3.871910e-33	 25	 iter
6	 3.871910e-33	 27	 iter
7	 3.871910e-33	 29	 iter
8	 3.871910e-33	 31	 iter
9	 3.871910e-33	 32	 iter
10	 3.871910e-33	 34	 iter
11	 3.871910e-33	 36	 iter
12	 3.871910e-33	 38	 iter
13	 3.871910e-33	 40	 iter
14	 3.871910e-33	 42	 iter
15	 3.871910e-33	 44	 iter
16	 3.871910e-33	 46	 iter
17	 3.871910e-33	 48	 iter
18	 3.871910e-33	 50	 iter
19	 3.871910e-33	 52	 iter
20	 3.871910e-33	 54	 iter
21	 3.871910e-33	 56	 iter
22	 3.871910e-33	 58	 iter
23	 3.871910e-33	 60	 iter
24	 3.871910e-33	 61	 iter
25	 3.871910e-33	 63	 iter
26	 3.871910e-33	 65	 iter
27	 3.871910e-33	 67	 iter
28	 3.871910e-33	 69	 iter
29	 3.871910e-33	 71	 iter
30	 3.871910e-33	 73	 iter
31	 3.871910e-33	 74	 iter
32	 3.871910e-33	 76	 iter
33	 3.871910e-33	 78	 iter
34	 3.871910e-33	 80	 iter
35	 3.871910e-33	 82	 iter
36	 3.871910e-33	 84	 iter
37	 3.871910e-33	 86	 iter
38	 3.871910e-33	 88	 iter
39	 3.871910e-33	 90	 iter
40	 3.871910e-33	 92	 iter
41	 3.871910e-33	 94	 iter
42	 3.871910e-33	 96	 iter
43	 3.871910e-33	 98	 iter
44	 3.871910e-33	 100	 iter
45	 3.871910e-33	 102	 iter
46	 3.871910e-33	 104	 iter
47	 3.871910e-33	 106	 iter
48	 3.871910e-33	 108	 iter
49	 3.871910e-33	 110	 iter
50	 3.871910e-33	 112	 iter
51	 3.871910e-33	 114	 iter
52	 3.871910e-33	 116	 iter
53	 3.871910e-33	 117	 iter
54	 3.871910e-33	 119	 iter
55	 3.871910e-33	 121	 iter
56	 3.871910e-33	 123	 iter
57	 3.871910e-33	 125	 iter
58	 3.871910e-33	 127	 iter
59	 3.871910e-33	 129	 iter
60	 3.871910e-33	 130	 iter
61	 3.871910e-33	 132	 iter
62	 3.871910e-33	 134	 iter
63	 3.871910e-33	 136	 iter
64	 3.871910e-33	 138	 iter
65	 3.871910e-33	 140	 iter
66	 3.871910e-33	 141	 iter
67	 3.871910e-33	 143	 iter
68	 3.871910e-33	 144	 iter
69	 3.871910e-33	 146	 iter
70	 3.871910e-33	 147	 iter
71	 3.871910e-33	 149	 iter
72	 3.871910e-33	 151	 iter
73	 3.871910e-33	 153	 iter
74	 3.871910e-33	 155	 iter
75	 3.871910e-33	 157	 iter
76	 3.871910e-33	 158	 iter
77	 3.871910e-33	 160	 iter
78	 3.871910e-33	 162	 iter
79	 3.871910e-33	 164	 iter
80	 3.871910e-33	 166	 iter
81	 3.871910e-33	 167	 iter
82	 3.871910e-33	 168	 iter
83	 3.871910e-33	 170	 iter
84	 3.871910e-33	 172	 iter
85	 3.871910e-33	 174	 iter
86	 3.871910e-33	 176	 iter
87	 3.871910e-33	 177	 iter
88	 3.871910e-33	 178	 iter
89	 3.871910e-33	 180	 iter
90	 3.871910e-33	 182	 iter
91	 3.871910e-33	 184	 iter
92	 3.871910e-33	 185	 iter
93	 3.871910e-33	 187	 iter
94	 3.871910e-33	 189	 iter
95	 3.871910e-33	 190	 iter
96	 3.871910e-33	 192	 iter
97	 3.871910e-33	 194	 iter
98	 3.871910e-33	 196	 iter
99	 3.871910e-33	 198	 iter
100	 3.871910e-33	 200	 iter
101	 3.871910e-33	 202	 iter
102	 3.871910e-33	 204	 iter
103	 3.871910e-33	 205	 iter
104	 3.871910e-33	 206	 iter
105	 3.871910e-33	 207	 iter
106	 3.871910e-33	 208	 iter
107	 3.871910e-33	 210	 iter
108	 3.871910e-33	 212	 iter
109	 3.871910e-33	 213	 iter
110	 3.871910e-33	 214	 iter
111	 3.871910e-33	 215	 iter
112	 3.871910e-33	 216	 iter
113	 3.871910e-33	 218	 iter
114	 3.871910e-33	 219	 iter
115	 3.871910e-33	 220	 iter
116	 3.871910e-33	 221	 iter
117	 3.871910e-33	 222	 iter
118	 3.871910e-33	 223	 iter
119	 3.871910e-33	 225	 iter
120	 3.871910e-33	 226	 iter
121	 3.871910e-33	 227	 iter
122	 3.871910e-33	 228	 iter
123	 3.871910e-33	 229	 iter
124	 3.871910e-33	 230	 iter
125	 3.871910e-33	 231	 iter
126	 3.871910e-33	 232	 iter
127	 3.871910e-33	 234	 iter
128	 3.871910e-33	 236	 iter
129	 3.871910e-33	 237	 iter
130	 3.871910e-33	 238	 iter
131	 3.871910e-33	 240	 iter
132	 3.871910e-33	 241	 iter
133	 3.871910e-33	 242	 iter
134	 3.871910e-33	 243	 iter
135	 3.871910e-33	 244	 iter
136	 3.871910e-33	 246	 iter
137	 3.871910e-33	 248	 iter
138	 3.871910e-33	 249	 iter
139	 3.871910e-33	 250	 iter
140	 3.871910e-33	 252	 iter
141	 3.871910e-33	 254	 iter
142	 3.871910e-33	 255	 iter
143	 3.871910e-33	 257	 iter
144	 3.871910e-33	 258	 iter
145	 3.871910e-33	 260	 iter
146	 3.871910e-33	 262	 iter
147	 3.871910e-33	 263	 iter
148	 3.871910e-33	 265	 iter
149	 3.871910e-33	 267	 iter
150	 3.871910e-33	 269	 iter
151	 3.871910e-33	 271	 iter
152	 3.871910e-33	 272	 iter
153	 3.871910e-33	 274	 iter
154	 3.871910e-33	 275	 iter
155	 3.871910e-33	 277	 iter
156	 3.871910e-33	 279	 iter
157	 3.871910e-33	 281	 iter
158	 3.871910e-33	 282	 iter
159	 3.871910e-33	 283	 iter
160	 3.871910e-33	 285	 iter
161	 3.871910e-33	 286	 iter
162	 3.871910e-33	 288	 iter
163	 3.871910e-33	 290	 iter
164	 3.871910e-33	 292	 iter
165	 3.871910e-33	 293	 iter
166	 3.871910e-33	 294	 iter
167	 3.871910e-33	 295	 iter
168	 3.871910e-33	 296	 iter
169	 3.871910e-33	 298	 iter
170	 3.871910e-33	 300	 iter
171	 3.871910e-33	 301	 iter
172	 3.871910e-33	 303	 iter
173	 3.871910e-33	 304	 iter
174	 3.871910e-33	 306	 iter
175	 3.871910e-33	 307	 iter
176	 3.871910e-33	 309	 iter
177	 3.871910e-33	 310	 iter
178	 3.871910e-33	 312	 iter
179	 3.871910e-33	 313	 iter
180	 3.871910e-33	 314	 iter
181	 3.871910e-33	 316	 iter
182	 3.871910e-33	 318	 iter
183	 3.871910e-33	 319	 iter
184	 3.871910e-33	 320	 iter
185	 3.871910e-33	 322	 iter
185	 3.871910e-33	 322	 done
