0	 3.428072e-33	 1	 init
0	 3.428072e-33	 1	 iter
1	 3.428072e-33	 17	 iter
2	 3.428072e-33	 19	 iter
3	 3.428072e-33	 20	 iter
4	 3.428072e-33	 22	 iter
5	 3.428072e-33	 24	 iter
6	 3.428072e-33	 26	 iter
7	 3.428072e-33	 28	 iter
8	 3.428072e-33	 30	 iter
9	 3.428072e-33	 32	 iter
10	 3.428072e-33	 34	 iter
11	 3.428072e-33	 35	 iter
12	 3.428072e-33	 37	 iter
13	 3.428072e-33	 39	 iter
14	 3.428072e-33	 41	 iter
15	 3.428072e-33	 43	 iter
16	 3.428072e-33	 45	 iter
17	 3.428072e-33	 47	 iter
18	 3.428072e-33	 49	 iter
19	 3.428072e-33	 51	 iter
20	 3.428072e-33	 53	 iter
21	 3.428072e-33	 55	 iter
22	 3.428072e-33	 57	 iter
23	 3.428072e-33	 59	 iter
24	 3.428072e-33	 61	 iter
25	 3.428072e-33	 63	 iter
26	 3.428072e-33	 65	 iter
27	 3.428072e-33	 66	 iter
28	 3.428072e-33	 68	 iter
29	 3.428072e-33	 70	 iter
30	 3.428072e-33	 72	 iter
31	 3.428072e-33	 74	 iter
32	 3.428072e-33	 76	 iter
33	 3.428072e-33	 78	 iter
34	 3.428072e-33	 80	 iter
35	 3.428072e-33	 82	 iter
36	 3.428072e-33	 83	 iter
37	 3.428072e-33	 85	 iter
38	 3.428072e-33	 87	 iter
39	 3.428072e-33	 89	 iter
40	 3.428072e-33	 91	 iter
41	 3.428072e-33	 93	 iter
42	 3.428072e-33	 94	 iter
43	 3.428072e-33	 96	 iter
44	 3.428072e-33	 98	 iter
45	 3.428072e-33	 99	 iter
46	 3.428072e-33	 101	 iter
47	 3.428072e-33	 102	 iter
48	 3.428072e-33	 104	 iter
49	 3.428072e-33	 106	 iter
50	 3.428072e-33	 108	 iter
51	 3.428072e-33	 110	 iter
52	 3.428072e-33	 112	 iter
53	 3.428072e-33	 113	 iter
54	 3.428072e-33	 115	 iter
55	 3.428072e-33	 117	 iter
56	 3.428072e-33	 119	 iter
57	 3.428072e-33	 120	 iter
58	 3.428072e-33	 121	 iter
59	 3.428072e-33	 123	 iter
60	 3.428072e-33	 124	 iter
61	 3.428072e-33	 126	 iter
62	 3.428072e-33	 128	 iter
63	 3.428072e-33	 130	 iter
64	 3.428072e-33	 131	 iter
65	 3.428072e-33	 132	 iter
66	 3.428072e-33	 133	 iter
67	 3.428072e-33	 135	 iter
68	 3.428072e-33	 137	 iter
69	 3.428072e-33	 138	 iter
70	 3.428072e-33	 139	 iter
71	 3.428072e-33	 141	 iter
72	 3.428072e-33	 143	 iter
73	 3.428072e-33	 145	 iter
74	 3.428072e-33	 147	 iter
75	 3.428072e-33	 149	 iter
76	 3.428072e-33	 151	 iter
77	 3.428072e-33	 153	 iter
78	 3.428072e-33	 155	 iter
79	 3.428072e-33	 156	 iter
80	 3.428072e-33	 157	 iter
81	 3.428072e-33	 159	 iter
82	 3.428072e-33	 160	 iter
83	 3.428072e-33	 161	 iter
84	 3.428072e-33	 162	 iter
85	 3.428072e-33	 164	 iter
86	 3.428072e-33	 165	 iter
87	 3.428072e-33	 167	 iter
88	 3.428072e-33	 169	 iter
89	 3.428072e-33	 171	 iter
90	 3.428072e-33	 172	 iter
91	 3.428072e-33	 173	 iter
92	 3.428072e-33	 174	 iter
93	 3.428072e-33	 175	 iter
94	 3.428072e-33	 177	 iter
95	 3.428072e-33	 178	 iter
96	 3.428072e-33	 179	 iter
97	 3.428072e-33	 181	 iter
98	 3.428072e-33	 182	 iter
99	 3.428072e-33	 183	 iter
100	 3.428072e-33	 185	 iter
101	 3.428072e-33	 186	 iter
102	 3.428072e-33	 188	 iter
103	 3.428072e-33	 190	 iter
104	 3.428072e-33	 192	 iter
105	 3.428072e-33	 193	 iter
106	 3.428072e-33	 195	 iter
107	 3.428072e-33	 197	 iter
108	 3.428072e-33	 198	 iter
109	 3.428072e-33	 200	 iter
110	 3.428072e-33	 202	 iter
111	 3.428072e-33	 203	 iter
112	 3.428072e-33	 205	 iter
113	 3.428072e-33	 206	 iter
114	 3.428072e-33	 207	 iter
115	 3.428072e-33	 209	 iter
116	 3.428072e-33	 210	 iter
117	 3.428072e-33	 211	 iter
118	 3.428072e-33	 213	 iter
119	 3.428072e-33	 214	 iter
120	 3.428072e-33	 215	 iter
121	 3.428072e-33	 216	 iter
122	 3.428072e-33	 217	 iter
123	 3.428072e-33	 218	 iter
124	 3.428072e-33	 219	 iter
125	 3.428072e-33	 220	 iter
126	 3.428072e-33	 222	 iter
127	 3.428072e-33	 223	 iter
128	 3.428072e-33	 225	 iter
129	 3.428072e-33	 226	 iter
130	 3.428072e-33	 227	 iter
131	 3.428072e-33	 229	 iter
132	 3.428072e-33	 230	 iter
133	 3.428072e-33	 231	 iter
134	 3.428072e-33	 233	 iter
135	 3.428072e-33	 235	 iter
136	 3.428072e-33	 236	 iter
137	 3.428072e-33	 238	 iter
138	 3.428072e-33	 239	 iter
139	 3.428072e-33	 240	 iter
140	 3.428072e-33	 241	 iter
141	 3.428072e-33	 242	 iter
142	 3.428072e-33	 243	 iter
143	 3.428072e-33	 244	 iter
144	 3.428072e-33	 246	 iter
145	 3.428072e-33	 248	 iter
146	 3.428072e-33	 250	 iter
147	 3.428072e-33	 251	 iter
148	 3.428072e-33	 252	 iter
149	 3.428072e-33	 253	 iter
150	 3.428072e-33	 255	 iter
151	 3.428072e-33	 257	 iter
152	 3.428072e-33	 259	 iter
153	 3.428072e-33	 261	 iter
154	 3.428072e-33	 262	 iter
155	 3.428072e-33	 263	 iter
156	 3.428072e-33	 264	 iter
157	 3.428072e-33	 265	 iter
158	 3.428072e-33	 266	 iter
159	 3.428072e-33	 267	 iter
160	 3.428072e-33	 269	 iter
161	 3.428072e-33	 271	 iter
162	 3.428072e-33	 273	 iter
163	 3.428072e-33	 275	 iter
164	 3.428072e-33	 276	 iter
165	 3.428072e-33	 277	 iter
166	 3.428072e-33	 278	 iter
167	 3.428072e-33	 279	 iter
168	 3.428072e-33	 281	 iter
169	 3.428072e-33	 282	 iter
170	 3.428072e-33	 283	 iter
171	 3.428072e-33	 284	 iter
172	 3.428072e-33	 285	 iter
173	 3.428072e-33	 286	 iter
174	 3.428072e-33	 288	 iter
175	 3.428072e-33	 290	 iter
176	 3.428072e-33	 292	 iter
177	 3.428072e-33	 293	 iter
178	 3.428072e-33	 295	 iter
179	 3.428072e-33	 297	 iter
180	 3.428072e-33	 299	 iter
181	 3.428072e-33	 300	 iter
182	 3.428072e-33	 301	 iter
183	 3.428072e-33	 303	 iter
184	 3.428072e-33	 304	 iter
185	 3.428072e-33	 305	 iter
186	 3.428072e-33	 306	 iter
187	 3.428072e-33	 308	 iter
188	 3.428072e-33	 310	 iter
189	 3.428072e-33	 312	 iter
190	 3.428072e-33	 313	 iter
191	 3.428072e-33	 315	 iter
192	 3.428072e-33	 317	 iter
193	 3.428072e-33	 318	 iter
194	 3.428072e-33	 320	 iter
195	 3.428072e-33	 322	 iter
196	 3.428072e-33	 324	 iter
197	 3.428072e-33	 325	 iter
198	 3.428072e-33	 326	 iter
199	 3.428072e-33	 327	 iter
200	 3.428072e-33	 328	 iter
201	 3.428072e-33	 329	 iter
202	 3.428072e-33	 330	 iter
203	 3.428072e-33	 332	 iter
204	 3.428072e-33	 333	 iter
205	 3.428072e-33	 335	 iter
206	 3.428072e-33	 336	 iter
207	 3.428072e-33	 338	 iter
208	 3.428072e-33	 340	 iter
209	 3.428072e-33	 342	 iter
210	 3.428072e-33	 343	 iter
211	 3.428072e-33	 345	 iter
212	 3.428072e-33	 347	 iter
213	 3.428072e-33	 348	 iter
214	 3.428072e-33	 349	 iter
215	 3.428072e-33	 351	 iter
216	 3.428072e-33	 352	 iter
217	 3.428072e-33	 353	 iter
218	 3.428072e-33	 355	 iter
219	 3.428072e-33	 357	 iter
220	 3.428072e-33	 358	 iter
220	 3.428072e-33	 358	 done
