0	 3.236249e-33	 1	 init
0	 3.236249e-33	 1	 iter
1	 3.236249e-33	 17	 iter
2	 3.236249e-33	 19	 iter
3	 3.236249e-33	 21	 iter
4	 3.236249e-33	 23	 iter
5	 3.236249e-33	 25	 iter
6	 3.236249e-33	 27	 iter
7	 3.236249e-33	 29	 iter
8	 3.236249e-33	 30	 iter
9	 3.236249e-33	 32	 iter
10	 3.236249e-33	 34	 iter
11	 3.236249e-33	 35	 iter
12	 3.236249e-33	 37	 iter
13	 3.236249e-33	 39	 iter
14	 3.236249e-33	 41	 iter
15	 3.236249e-33	 43	 iter
16	 3.236249e-33	 45	 iter
17	 3.236249e-33	 47	 iter
18	 3.236249e-33	 49	 iter
19	 3.236249e-33	 51	 iter
20	 3.236249e-33	 53	 iter
21	 3.236249e-33	 55	 iter
22	 3.236249e-33	 57	 iter
23	 3.236249e-33	 59	 iter
24	 3.236249e-33	 61	 iter
25	 3.236249e-33	 63	 iter
26	 3.236249e-33	 65	 iter
27	 3.236249e-33	 67	 iter
28	 3.236249e-33	 69	 iter
29	 3.236249e-33	 71	 iter
30	 3.236249e-33	 73	 iter
31	 3.236249e-33	 75	 iter
32	 3.236249e-33	 77	 iter
33	 3.236249e-33	 78	 iter
34	 3.236249e-33	 80	 iter
35	 3.236249e-33	 82	 iter
36	 3.236249e-33	 84	 iter
37	 3.236249e-33	 86	 iter
38	 3.236249e-33	 88	 iter
39	 3.236249e-33	 90	 iter
40	 3.236249e-33	 91	 iter
41	 3.236249e-33	 92	 iter
42	 3.236249e-33	 94	 iter
43	 3.236249e-33	 95	 iter
44	 3.236249e-33	 97	 iter
45	 3.236249e-33	 98	 iter
46	 3.236249e-33	 100	 iter
47	 3.236249e-33	 102	 iter
48	 3.236249e-33	 104	 iter
49	 3.236249e-33	 106	 iter
50	 3.236249e-33	 107	 iter
51	 3.236249e-33	 109	 iter
52	 3.236249e-33	 111	 iter
53	 3.236249e-33	 113	 iter
54	 3.236249e-33	 115	 iter
55	 3.236249e-33	 117	 iter
56	 3.236249e-33	 118	 iter
57	 3.236249e-33	 120	 iter
58	 3.236249e-33	 122	 iter
59	 3.236249e-33	 124	 iter
60	 3.236249e-33	 126	 iter
61	 3.236249e-33	 127	 iter
62	 3.236249e-33	 129	 iter
63	 3.236249e-33	 131	 iter
64	 3.236249e-33	 133	 iter
65	 3.236249e-33	 135	 iter
66	 3.236249e-33	 137	 iter
67	 3.236249e-33	 139	 iter
68	 3.236249e-33	 140	 iter
69	 3.236249e-33	 142	 iter
70	 3.236249e-33	 144	 iter
71	 3.236249e-33	 146	 iter
72	 3.236249e-33	 148	 iter
73	 3.236249e-33	 150	 iter
74	 3.236249e-33	 151	 iter
75	 3.236249e-33	 152	 iter
76	 3.236249e-33	 154	 iter
77	 3.236249e-33	 155	 iter
78	 3.236249e-33	 157	 iter
79	 3.236249e-33	 159	 iter
80	 3.236249e-33	 161	 iter
81	 3.236249e-33	 163	 iter
82	 3.236249e-33	 164	 iter
83	 3.236249e-33	 166	 iter
84	 3.236249e-33	 168	 iter
85	 3.236249e-33	 169	 iter
86	 3.236249e-33	 171	 iter
87	 3.236249e-33	 173	 iter
88	 3.236249e-33	 174	 iter
89	 3.236249e-33	 176	 iter
90	 3.236249e-33	 177	 iter
91	 3.236249e-33	 179	 iter
92	 3.236249e-33	 181	 iter
93	 3.236249e-33	 182	 iter
94	 3.236249e-33	 183	 iter
95	 3.236249e-33	 184	 iter
96	 3.236249e-33	 186	 iter
97	 3.236249e-33	 188	 iter
98	 3.236249e-33	 190	 iter
99	 3.236249e-33	 192	 iter
100	 3.236249e-33	 193	 iter
101	 3.236249e-33	 195	 iter
102	 3.236249e-33	 197	 iter
103	 3.236249e-33	 198	 iter
104	 3.236249e-33	 199	 iter
105	 3.236249e-33	 200	 iter
106	 3.236249e-33	 201	 iter
107	 3.236249e-33	 202	 iter
108	 3.236249e-33	 203	 iter
109	 3.236249e-33	 204	 iter
110	 3.236249e-33	 206	 iter
111	 3.236249e-33	 207	 iter
112	 3.236249e-33	 209	 iter
113	 3.236249e-33	 211	 iter
114	 3.236249e-33	 212	 iter
115	 3.236249e-33	 214	 iter
116	 3.236249e-33	 216	 iter
117	 3.236249e-33	 218	 iter
118	 3.236249e-33	 219	 iter
119	 3.236249e-33	 221	 iter
120	 3.236249e-33	 222	 iter
121	 3.236249e-33	 223	 iter
122	 3.236249e-33	 225	 iter
123	 3.236249e-33	 226	 iter
124	 3.236249e-33	 227	 iter
125	 3.236249e-33	 228	 iter
126	 3.236249e-33	 229	 iter
127	 3.236249e-33	 230	 iter
128	 3.236249e-33	 232	 iter
129	 3.236249e-33	 233	 iter
130	 3.236249e-33	 234	 iter
131	 3.236249e-33	 235	 iter
132	 3.236249e-33	 237	 iter
133	 3.236249e-33	 238	 iter
134	 3.236249e-33	 240	 iter
135	 3.236249e-33	 242	 iter
136	 3.236249e-33	 243	 iter
137	 3.236249e-33	 245	 iter
138	 3.236249e-33	 246	 iter
139	 3.236249e-33	 248	 iter
140	 3.236249e-33	 249	 iter
141	 3.236249e-33	 250	 iter
142	 3.236249e-33	 251	 iter
143	 3.236249e-33	 252	 iter
144	 3.236249e-33	 253	 iter
145	 3.236249e-33	 255	 iter
146	 3.236249e-33	 257	 iter
147	 3.236249e-33	 258	 iter
148	 3.236249e-33	 259	 iter
149	 3.236249e-33	 260	 iter
150	 3.236249e-33	 262	 iter
151	 3.236249e-33	 264	 iter
152	 3.236249e-33	 266	 iter
153	 3.236249e-33	 267	 iter
154	 3.236249e-33	 269	 iter
155	 3.236249e-33	 271	 iter
156	 3.236249e-33	 273	 iter
157	 3.236249e-33	 275	 iter
158	 3.236249e-33	 276	 iter
159	 3.236249e-33	 278	 iter
160	 3.236249e-33	 279	 iter
161	 3.236249e-33	 280	 iter
162	 3.236249e-33	 282	 iter
163	 3.236249e-33	 283	 iter
164	 3.236249e-33	 285	 iter
164	 3.236249e-33	 285	 done
