0	 7.262718e-33	 1	 init
0	 7.262718e-33	 1	 iter
1	 7.262718e-33	 17	 iter
2	 7.262718e-33	 19	 iter
3	 7.262718e-33	 21	 iter
4	 7.262718e-33	 23	 iter
5	 7.262718e-33	 25	 iter
6	 7.262718e-33	 27	 iter
7	 7.262718e-33	 29	 iter
8	 7.262718e-33	 31	 iter
9	 7.262718e-33	 33	 iter
10	 7.262718e-33	 34	 iter
11	 7.262718e-33	 36	 iter
12	 7.262718e-33	 38	 iter
13	 7.262718e-33	 40	 iter
14	 7.262718e-33	 42	 iter
15	 7.262718e-33	 44	 iter
16	 7.262718e-33	 46	 iter
17	 7.262718e-33	 47	 iter
18	 7.262718e-33	 49	 iter
19	 7.262718e-33	 51	 iter
20	 7.262718e-33	 53	 iter
21	 7.262718e-33	 55	 iter
22	 7.262718e-33	 57	 iter
23	 7.262718e-33	 59	 iter
24	 7.262718e-33	 60	 iter
25	 7.262718e-33	 62	 iter
26	 7.262718e-33	 64	 iter
27	 7.262718e-33	 66	 iter
28	 7.262718e-33	 68	 iter
29	 7.262718e-33	 70	 iter
30	 7.262718e-33	 72	 iter
31	 7.262718e-33	 73	 iter
32	 7.262718e-33	 75	 iter
33	 7.262718e-33	 77	 iter
34	 7.262718e-33	 79	 iter
35	 7.262718e-33	 81	 iter
36	 7.262718e-33	 83	 iter
37	 7.262718e-33	 85	 iter
38	 7.262718e-33	 87	 iter
39	 7.262718e-33	 88	 iter
40	 7.262718e-33	 90	 iter
41	 7.262718e-33	 92	 iter
42	 7.262718e-33	 94	 iter
43	 7.262718e-33	 96	 iter
44	 7.262718e-33	 98	 iter
45	 7.262718e-33	 100	 iter
46	 7.262718e-33	 101	 iter
47	 7.262718e-33	 103	 iter
48	 7.262718e-33	 104	 iter
49	 7.262718e-33	 106	 iter
50	 7.262718e-33	 107	 iter
51	 7.262718e-33	 109	 iter
52	 7.262718e-33	 111	 iter
53	 7.262718e-33	 113	 iter
54	 7.262718e-33	 115	 iter
55	 7.262718e-33	 117	 iter
56	 7.262718e-33	 119	 iter
57	 7.262718e-33	 120	 iter
58	 7.262718e-33	 122	 iter
59	 7.262718e-33	 123	 iter
60	 7.262718e-33	 124	 iter
61	 7.262718e-33	 125	 iter
62	 7.262718e-33	 127	 iter
63	 7.262718e-33	 129	 iter
64	 7.262718e-33	 130	 iter
65	 7.262718e-33	 131	 iter
66	 7.262718e-33	 132	 iter
67	 7.262718e-33	 133	 iter
68	 7.262718e-33	 135	 iter
69	 7.262718e-33	 137	 iter
70	 7.262718e-33	 139	 iter
71	 7.262718e-33	 141	 iter
72	 7.262718e-33	 143	 iter
73	 7.262718e-33	 145	 iter
74	 7.262718e-33	 146	 iter
75	 7.262718e-33	 148	 iter
76	 7.262718e-33	 150	 iter
77	 7.262718e-33	 152	 iter
78	 7.262718e-33	 153	 iter
79	 7.262718e-33	 155	 iter
80	 7.262718e-33	 157	 iter
81	 7.262718e-33	 159	 iter
82	 7.262718e-33	 161	 iter
83	 7.262718e-33	 163	 iter
84	 7.262718e-33	 165	 iter
85	 7.262718e-33	 167	 iter
86	 7.262718e-33	 168	 iter
87	 7.262718e-33	 169	 iter
88	 7.262718e-33	 171	 iter
89	 7.262718e-33	 172	 iter
90	 7.262718e-33	 173	 iter
91	 7.262718e-33	 175	 iter
92	 7.262718e-33	 177	 iter
93	 7.262718e-33	 179	 iter
94	 7.262718e-33	 181	 iter
95	 7.262718e-33	 183	 iter
96	 7.262718e-33	 185	 iter
97	 7.262718e-33	 187	 iter
98	 7.262718e-33	 188	 iter
99	 7.262718e-33	 189	 iter
100	 7.262718e-33	 191	 iter
101	 7.262718e-33	 192	 iter
102	 7.262718e-33	 194	 iter
103	 7.262718e-33	 196	 iter
104	 7.262718e-33	 197	 iter
105	 7.262718e-33	 199	 iter
106	 7.262718e-33	 201	 iter
107	 7.262718e-33	 203	 iter
108	 7.262718e-33	 204	 iter
109	 7.262718e-33	 206	 iter
110	 7.262718e-33	 207	 iter
111	 7.262718e-33	 208	 iter
112	 7.262718e-33	 209	 iter
113	 7.262718e-33	 210	 iter
114	 7.262718e-33	 211	 iter
115	 7.262718e-33	 213	 iter
116	 7.262718e-33	 214	 iter
117	 7.262718e-33	 216	 iter
118	 7.262718e-33	 217	 iter
119	 7.262718e-33	 219	 iter
120	 7.262718e-33	 221	 iter
121	 7.262718e-33	 223	 iter
122	 7.262718e-33	 224	 iter
123	 7.262718e-33	 225	 iter
124	 7.262718e-33	 226	 iter
125	 7.262718e-33	 228	 iter
126	 7.262718e-33	 230	 iter
127	 7.262718e-33	 231	 iter
128	 7.262718e-33	 232	 iter
129	 7.262718e-33	 234	 iter
130	 7.262718e-33	 236	 iter
131	 7.262718e-33	 237	 iter
132	 7.262718e-33	 238	 iter
133	 7.262718e-33	 240	 iter
134	 7.262718e-33	 242	 iter
135	 7.262718e-33	 243	 iter
136	 7.262718e-33	 245	 iter
137	 7.262718e-33	 246	 iter
138	 7.262718e-33	 247	 iter
139	 7.262718e-33	 249	 iter
140	 7.262718e-33	 250	 iter
141	 7.262718e-33	 251	 iter
142	 7.262718e-33	 253	 iter
143	 7.262718e-33	 255	 iter
144	 7.262718e-33	 257	 iter
145	 7.262718e-33	 259	 iter
146	 7.262718e-33	 260	 iter
147	 7.262718e-33	 261	 iter
148	 7.262718e-33	 262	 iter
149	 7.262718e-33	 264	 iter
150	 7.262718e-33	 266	 iter
151	 7.262718e-33	 268	 iter
152	 7.262718e-33	 269	 iter
153	 7.262718e-33	 270	 iter
154	 7.262718e-33	 271	 iter
155	 7.262718e-33	 272	 iter
156	 7.262718e-33	 273	 iter
157	 7.262718e-33	 274	 iter
158	 7.262718e-33	 276	 iter
159	 7.262718e-33	 278	 iter
160	 7.262718e-33	 280	 iter
161	 7.262718e-33	 282	 iter
162	 7.262718e-33	 284	 iter
163	 7.262718e-33	 285	 iter
164	 7.262718e-33	 287	 iter
165	 7.262718e-33	 288	 iter
166	 7.262718e-33	 289	 iter
167	 7.262718e-33	 290	 iter
168	 7.262718e-33	 291	 iter
169	 7.262718e-33	 293	 iter
170	 7.262718e-33	 294	 iter
171	 7.262718e-33	 296	 iter
172	 7.262718e-33	 298	 iter
173	 7.262718e-33	 299	 iter
174	 7.262718e-33	 300	 iter
175	 7.262718e-33	 301	 iter
175	 7.262718e-33	 301	 done
