0	 5.225687e-33	 1	 init
0	 5.225687e-33	 1	 iter
1	 5.225687e-33	 17	 iter
2	 5.225687e-33	 19	 iter
3	 5.225687e-33	 21	 iter
4	 5.225687e-33	 23	 iter
5	 5.225687e-33	 25	 iter
6	 5.225687e-33	 26	 iter
7	 5.225687e-33	 28	 iter
8	 5.225687e-33	 30	 iter
9	 5.225687e-33	 32	 iter
10	 5.225687e-33	 34	 iter
11	 5.225687e-33	 35	 iter
12	 5.225687e-33	 37	 iter
13	 5.225687e-33	 39	 iter
14	 5.225687e-33	 41	 iter
15	 5.225687e-33	 43	 iter
16	 5.225687e-33	 45	 iter
17	 5.225687e-33	 47	 iter
18	 5.225687e-33	 48	 iter
19	 5.225687e-33	 50	 iter
20	 5.225687e-33	 52	 iter
21	 5.225687e-33	 54	 iter
22	 5.225687e-33	 56	 iter
23	 5.225687e-33	 58	 iter
24	 5.225687e-33	 59	 iter
25	 5.225687e-33	 61	 iter
26	 5.225687e-33	 63	 iter
27	 5.225687e-33	 65	 iter
28	 5.225687e-33	 67	 iter
29	 5.225687e-33	 68	 iter
30	 5.225687e-33	 70	 iter
31	 5.225687e-33	 72	 iter
32	 5.225687e-33	 74	 iter
33	 5.225687e-33	 76	 iter
34	 5.225687e-33	 78	 iter
35	 5.225687e-33	 79	 iter
36	 5.225687e-33	 80	 iter
37	 5.225687e-33	 82	 iter
38	 5.225687e-33	 84	 iter
39	 5.225687e-33	 85	 iter
40	 5.225687e-33	 87	 iter
41	 5.225687e-33	 89	 iter
42	 5.225687e-33	 90	 iter
43	 5.225687e-33	 92	 iter
44	 5.225687e-33	 93	 iter
45	 5.225687e-33	 94	 iter
46	 5.225687e-33	 96	 iter
47	 5.225687e-33	 98	 iter
48	 5.225687e-33	 100	 iter
49	 5.225687e-33	 102	 iter
50	 5.225687e-33	 104	 iter
51	 5.225687e-33	 106	 iter
52	 5.225687e-33	 108	 iter
53	 5.225687e-33	 109	 iter
54	 5.225687e-33	 110	 iter
55	 5.225687e-33	 112	 iter
56	 5.225687e-33	 114	 iter
57	 5.225687e-33	 115	 iter
58	 5.225687e-33	 117	 iter
59	 5.225687e-33	 119	 iter
60	 5.225687e-33	 120	 iter
61	 5.225687e-33	 121	 iter
62	 5.225687e-33	 122	 iter
63	 5.225687e-33	 123	 iter
64	 5.225687e-33	 125	 iter
65	 5.225687e-33	 127	 iter
66	 5.225687e-33	 129	 iter
67	 5.225687e-33	 131	 iter
68	 5.225687e-33	 133	 iter
69	 5.225687e-33	 135	 iter
70	 5.225687e-33	 136	 iter
71	 5.225687e-33	 138	 iter
72	 5.225687e-33	 140	 iter
73	 5.225687e-33	 142	 iter
74	 5.225687e-33	 143	 iter
75	 5.225687e-33	 145	 iter
76	 5.225687e-33	 147	 iter
77	 5.225687e-33	 149	 iter
78	 5.225687e-33	 151	 iter
79	 5.225687e-33	 153	 iter
80	 5.225687e-33	 155	 iter
81	 5.225687e-33	 156	 iter
82	 5.225687e-33	 158	 iter
83	 5.225687e-33	 159	 iter
84	 5.225687e-33	 161	 iter
85	 5.225687e-33	 163	 iter
86	 5.225687e-33	 165	 iter
87	 5.225687e-33	 166	 iter
88	 5.225687e-33	 167	 iter
89	 5.225687e-33	 168	 iter
90	 5.225687e-33	 170	 iter
91	 5.225687e-33	 172	 iter
92	 5.225687e-33	 174	 iter
93	 5.225687e-33	 175	 iter
94	 5.225687e-33	 177	 iter
95	 5.225687e-33	 179	 iter
96	 5.225687e-33	 180	 iter
97	 5.225687e-33	 182	 iter
98	 5.225687e-33	 183	 iter
99	 5.225687e-33	 185	 iter
100	 5.225687e-33	 187	 iter
101	 5.225687e-33	 189	 iter
102	 5.225687e-33	 190	 iter
103	 5.225687e-33	 191	 iter
104	 5.225687e-33	 192	 iter
105	 5.225687e-33	 193	 iter
106	 5.225687e-33	 194	 iter
107	 5.225687e-33	 195	 iter
108	 5.225687e-33	 196	 iter
109	 5.225687e-33	 198	 iter
110	 5.225687e-33	 199	 iter
111	 5.225687e-33	 200	 iter
112	 5.225687e-33	 201	 iter
113	 5.225687e-33	 202	 iter
114	 5.225687e-33	 203	 iter
115	 5.225687e-33	 205	 iter
116	 5.225687e-33	 206	 iter
117	 5.225687e-33	 207	 iter
118	 5.225687e-33	 209	 iter
119	 5.225687e-33	 211	 iter
120	 5.225687e-33	 212	 iter
121	 5.225687e-33	 214	 iter
122	 5.225687e-33	 215	 iter
123	 5.225687e-33	 216	 iter
124	 5.225687e-33	 217	 iter
125	 5.225687e-33	 218	 iter
126	 5.225687e-33	 219	 iter
127	 5.225687e-33	 220	 iter
128	 5.225687e-33	 221	 iter
129	 5.225687e-33	 222	 iter
130	 5.225687e-33	 224	 iter
131	 5.225687e-33	 225	 iter
132	 5.225687e-33	 227	 iter
133	 5.225687e-33	 228	 iter
134	 5.225687e-33	 230	 iter
135	 5.225687e-33	 232	 iter
136	 5.225687e-33	 233	 iter
137	 5.225687e-33	 235	 iter
138	 5.225687e-33	 236	 iter
139	 5.225687e-33	 237	 iter
140	 5.225687e-33	 239	 iter
141	 5.225687e-33	 241	 iter
142	 5.225687e-33	 243	 iter
143	 5.225687e-33	 244	 iter
144	 5.225687e-33	 245	 iter
145	 5.225687e-33	 247	 iter
146	 5.225687e-33	 248	 iter
147	 5.225687e-33	 249	 iter
148	 5.225687e-33	 251	 iter
149	 5.225687e-33	 252	 iter
150	 5.225687e-33	 254	 iter
151	 5.225687e-33	 256	 iter
152	 5.225687e-33	 257	 iter
153	 5.225687e-33	 259	 iter
154	 5.225687e-33	 260	 iter
155	 5.225687e-33	 262	 iter
156	 5.225687e-33	 264	 iter
157	 5.225687e-33	 265	 iter
158	 5.225687e-33	 266	 iter
159	 5.225687e-33	 268	 iter
160	 5.225687e-33	 269	 iter
161	 5.225687e-33	 270	 iter
162	 5.225687e-33	 272	 iter
163	 5.225687e-33	 274	 iter
164	 5.225687e-33	 275	 iter
165	 5.225687e-33	 277	 iter
166	 5.225687e-33	 278	 iter
167	 5.225687e-33	 280	 iter
168	 5.225687e-33	 282	 iter
169	 5.225687e-33	 283	 iter
170	 5.225687e-33	 285	 iter
171	 5.225687e-33	 286	 iter
172	 5.225687e-33	 287	 iter
173	 5.225687e-33	 288	 iter
174	 5.225687e-33	 290	 iter
175	 5.225687e-33	 292	 iter
176	 5.225687e-33	 294	 iter
177	 5.225687e-33	 295	 iter
178	 5.225687e-33	 297	 iter
179	 5.225687e-33	 299	 iter
180	 5.225687e-33	 300	 iter
181	 5.225687e-33	 302	 iter
182	 5.225687e-33	 304	 iter
183	 5.225687e-33	 305	 iter
184	 5.225687e-33	 306	 iter
185	 5.225687e-33	 308	 iter
186	 5.225687e-33	 310	 iter
187	 5.225687e-33	 312	 iter
188	 5.225687e-33	 314	 iter
189	 5.225687e-33	 315	 iter
190	 5.225687e-33	 317	 iter
191	 5.225687e-33	 318	 iter
192	 5.225687e-33	 319	 iter
193	 5.225687e-33	 320	 iter
194	 5.225687e-33	 322	 iter
195	 5.225687e-33	 324	 iter
196	 5.225687e-33	 326	 iter
197	 5.225687e-33	 328	 iter
198	 5.225687e-33	 330	 iter
199	 5.225687e-33	 332	 iter
200	 5.225687e-33	 333	 iter
201	 5.225687e-33	 335	 iter
202	 5.225687e-33	 336	 iter
203	 5.225687e-33	 338	 iter
204	 5.225687e-33	 340	 iter
205	 5.225687e-33	 341	 iter
206	 5.225687e-33	 343	 iter
207	 5.225687e-33	 344	 iter
208	 5.225687e-33	 346	 iter
208	 5.225687e-33	 346	 done
