0	 3.877907e-33	 1	 init
0	 3.877907e-33	 1	 iter
1	 3.877907e-33	 17	 iter
2	 3.877907e-33	 19	 iter
3	 3.877907e-33	 21	 iter
4	 3.877907e-33	 23	 iter
5	 3.877907e-33	 25	 iter
6	 3.877907e-33	 27	 iter
7	 3.877907e-33	 29	 iter
8	 3.877907e-33	 31	 iter
9	 3.877907e-33	 33	 iter
10	 3.877907e-33	 35	 iter
11	 3.877907e-33	 37	 iter
12	 3.877907e-33	 39	 iter
13	 3.877907e-33	 41	 iter
14	 3.877907e-33	 43	 iter
15	 3.877907e-33	 45	 iter
16	 3.877907e-33	 47	 iter
17	 3.877907e-33	 49	 iter
18	 3.877907e-33	 51	 iter
19	 3.877907e-33	 52	 iter
20	 3.877907e-33	 54	 iter
21	 3.877907e-33	 56	 iter
22	 3.877907e-33	 58	 iter
23	 3.877907e-33	 59	 iter
24	 3.877907e-33	 61	 iter
25	 3.877907e-33	 63	 iter
26	 3.877907e-33	 65	 iter
27	 3.877907e-33	 67	 iter
28	 3.877907e-33	 69	 iter
29	 3.877907e-33	 71	 iter
30	 3.877907e-33	 73	 iter
31	 3.877907e-33	 75	 iter
32	 3.877907e-33	 77	 iter
33	 3.877907e-33	 79	 iter
34	 3.877907e-33	 80	 iter
35	 3.877907e-33	 82	 iter
36	 3.877907e-33	 84	 iter
37	 3.877907e-33	 86	 iter
38	 3.877907e-33	 88	 iter
39	 3.877907e-33	 90	 iter
40	 3.877907e-33	 91	 iter
41	 3.877907e-33	 93	 iter
42	 3.877907e-33	 95	 iter
43	 3.877907e-33	 96	 iter
44	 3.877907e-33	 98	 iter
45	 3.877907e-33	 100	 iter
46	 3.877907e-33	 102	 iter
47	 3.877907e-33	 104	 iter
48	 3.877907e-33	 105	 iter
49	 3.877907e-33	 107	 iter
50	 3.877907e-33	 108	 iter
51	 3.877907e-33	 110	 iter
52	 3.877907e-33	 112	 iter
53	 3.877907e-33	 114	 iter
54	 3.877907e-33	 115	 iter
55	 3.877907e-33	 117	 iter
56	 3.877907e-33	 118	 iter
57	 3.877907e-33	 119	 iter
58	 3.877907e-33	 121	 iter
59	 3.877907e-33	 123	 iter
60	 3.877907e-33	 125	 iter
61	 3.877907e-33	 127	 iter
62	 3.877907e-33	 129	 iter
63	 3.877907e-33	 131	 iter
64	 3.877907e-33	 133	 iter
65	 3.877907e-33	 135	 iter
66	 3.877907e-33	 137	 iter
67	 3.877907e-33	 139	 iter
68	 3.877907e-33	 140	 iter
69	 3.877907e-33	 142	 iter
70	 3.877907e-33	 144	 iter
71	 3.877907e-33	 146	 iter
72	 3.877907e-33	 147	 iter
73	 3.877907e-33	 149	 iter
74	 3.877907e-33	 150	 iter
75	 3.877907e-33	 152	 iter
76	 3.877907e-33	 153	 iter
77	 3.877907e-33	 155	 iter
78	 3.877907e-33	 157	 iter
79	 3.877907e-33	 158	 iter
80	 3.877907e-33	 160	 iter
81	 3.877907e-33	 162	 iter
82	 3.877907e-33	 164	 iter
83	 3.877907e-33	 165	 iter
84	 3.877907e-33	 167	 iter
85	 3.877907e-33	 169	 iter
86	 3.877907e-33	 171	 iter
87	 3.877907e-33	 173	 iter
88	 3.877907e-33	 174	 iter
89	 3.877907e-33	 176	 iter
90	 3.877907e-33	 178	 iter
91	 3.877907e-33	 179	 iter
92	 3.877907e-33	 181	 iter
93	 3.877907e-33	 183	 iter
94	 3.877907e-33	 184	 iter
95	 3.877907e-33	 185	 iter
96	 3.877907e-33	 186	 iter
97	 3.877907e-33	 187	 iter
98	 3.877907e-33	 189	 iter
99	 3.877907e-33	 190	 iter
100	 3.877907e-33	 192	 iter
101	 3.877907e-33	 193	 iter
102	 3.877907e-33	 194	 iter
103	 3.877907e-33	 196	 iter
104	 3.877907e-33	 198	 iter
105	 3.877907e-33	 199	 iter
106	 3.877907e-33	 200	 iter
107	 3.877907e-33	 201	 iter
108	 3.877907e-33	 203	 iter
109	 3.877907e-33	 204	 iter
110	 3.877907e-33	 205	 iter
111	 3.877907e-33	 206	 iter
112	 3.877907e-33	 207	 iter
113	 3.877907e-33	 208	 iter
114	 3.877907e-33	 210	 iter
115	 3.877907e-33	 212	 iter
116	 3.877907e-33	 213	 iter
117	 3.877907e-33	 214	 iter
118	 3.877907e-33	 216	 iter
119	 3.877907e-33	 218	 iter
120	 3.877907e-33	 219	 iter
121	 3.877907e-33	 221	 iter
122	 3.877907e-33	 222	 iter
123	 3.877907e-33	 224	 iter
124	 3.877907e-33	 225	 iter
125	 3.877907e-33	 227	 iter
126	 3.877907e-33	 229	 iter
127	 3.877907e-33	 231	 iter
128	 3.877907e-33	 233	 iter
129	 3.877907e-33	 235	 iter
130	 3.877907e-33	 236	 iter
131	 3.877907e-33	 237	 iter
132	 3.877907e-33	 239	 iter
133	 3.877907e-33	 241	 iter
134	 3.877907e-33	 242	 iter
135	 3.877907e-33	 243	 iter
136	 3.877907e-33	 244	 iter
137	 3.877907e-33	 246	 iter
138	 3.877907e-33	 247	 iter
139	 3.877907e-33	 249	 iter
140	 3.877907e-33	 251	 iter
141	 3.877907e-33	 253	 iter
142	 3.877907e-33	 255	 iter
143	 3.877907e-33	 257	 iter
144	 3.877907e-33	 259	 iter
145	 3.877907e-33	 260	 iter
146	 3.877907e-33	 262	 iter
147	 3.877907e-33	 264	 iter
148	 3.877907e-33	 265	 iter
149	 3.877907e-33	 266	 iter
150	 3.877907e-33	 267	 iter
151	 3.877907e-33	 269	 iter
152	 3.877907e-33	 271	 iter
153	 3.877907e-33	 272	 iter
154	 3.877907e-33	 274	 iter
155	 3.877907e-33	 276	 iter
156	 3.877907e-33	 278	 iter
157	 3.877907e-33	 279	 iter
158	 3.877907e-33	 280	 iter
159	 3.877907e-33	 282	 iter
160	 3.877907e-33	 283	 iter
161	 3.877907e-33	 285	 iter
162	 3.877907e-33	 286	 iter
163	 3.877907e-33	 287	 iter
164	 3.877907e-33	 289	 iter
165	 3.877907e-33	 291	 iter
166	 3.877907e-33	 292	 iter
167	 3.877907e-33	 294	 iter
168	 3.877907e-33	 296	 iter
169	 3.877907e-33	 298	 iter
170	 3.877907e-33	 299	 iter
171	 3.877907e-33	 300	 iter
172	 3.877907e-33	 301	 iter
173	 3.877907e-33	 302	 iter
174	 3.877907e-33	 303	 iter
175	 3.877907e-33	 305	 iter
176	 3.877907e-33	 306	 iter
177	 3.877907e-33	 307	 iter
178	 3.877907e-33	 309	 iter
179	 3.877907e-33	 310	 iter
180	 3.877907e-33	 311	 iter
181	 3.877907e-33	 313	 iter
182	 3.877907e-33	 315	 iter
183	 3.877907e-33	 317	 iter
184	 3.877907e-33	 319	 iter
185	 3.877907e-33	 320	 iter
186	 3.877907e-33	 322	 iter
187	 3.877907e-33	 324	 iter
188	 3.877907e-33	 326	 iter
189	 3.877907e-33	 327	 iter
190	 3.877907e-33	 329	 iter
191	 3.877907e-33	 330	 iter
192	 3.877907e-33	 331	 iter
193	 3.877907e-33	 332	 iter
194	 3.877907e-33	 333	 iter
195	 3.877907e-33	 335	 iter
196	 3.877907e-33	 337	 iter
197	 3.877907e-33	 338	 iter
198	 3.877907e-33	 340	 iter
199	 3.877907e-33	 342	 iter
200	 3.877907e-33	 343	 iter
201	 3.877907e-33	 344	 iter
202	 3.877907e-33	 345	 iter
203	 3.877907e-33	 346	 iter
204	 3.877907e-33	 347	 iter
205	 3.877907e-33	 348	 iter
206	 3.877907e-33	 349	 iter
207	 3.877907e-33	 350	 iter
208	 3.877907e-33	 352	 iter
209	 3.877907e-33	 354	 iter
210	 3.877907e-33	 355	 iter
211	 3.877907e-33	 356	 iter
212	 3.877907e-33	 357	 iter
213	 3.877907e-33	 358	 iter
214	 3.877907e-33	 359	 iter
215	 3.877907e-33	 361	 iter
216	 3.877907e-33	 362	 iter
217	 3.877907e-33	 364	 iter
218	 3.877907e-33	 366	 iter
219	 3.877907e-33	 367	 iter
220	 3.877907e-33	 368	 iter
221	 3.877907e-33	 369	 iter
222	 3.877907e-33	 370	 iter
223	 3.877907e-33	 371	 iter
224	 3.877907e-33	 372	 iter
225	 3.877907e-33	 374	 iter
226	 3.877907e-33	 376	 iter
227	 3.877907e-33	 377	 iter
228	 3.877907e-33	 378	 iter
229	 3.877907e-33	 380	 iter
230	 3.877907e-33	 382	 iter
231	 3.877907e-33	 384	 iter
232	 3.877907e-33	 386	 iter
233	 3.877907e-33	 388	 iter
234	 3.877907e-33	 390	 iter
235	 3.877907e-33	 392	 iter
236	 3.877907e-33	 393	 iter
237	 3.877907e-33	 394	 iter
238	 3.877907e-33	 396	 iter
239	 3.877907e-33	 398	 iter
240	 3.877907e-33	 399	 iter
241	 3.877907e-33	 401	 iter
242	 3.877907e-33	 402	 iter
243	 3.877907e-33	 403	 iter
244	 3.877907e-33	 404	 iter
245	 3.877907e-33	 406	 iter
246	 3.877907e-33	 408	 iter
247	 3.877907e-33	 410	 iter
248	 3.877907e-33	 411	 iter
249	 3.877907e-33	 412	 iter
250	 3.877907e-33	 413	 iter
251	 3.877907e-33	 414	 iter
252	 3.877907e-33	 415	 iter
253	 3.877907e-33	 417	 iter
254	 3.877907e-33	 419	 iter
255	 3.877907e-33	 420	 iter
256	 3.877907e-33	 421	 iter
257	 3.877907e-33	 423	 iter
258	 3.877907e-33	 424	 iter
259	 3.877907e-33	 426	 iter
260	 3.877907e-33	 428	 iter
261	 3.877907e-33	 430	 iter
262	 3.877907e-33	 431	 iter
263	 3.877907e-33	 432	 iter
264	 3.877907e-33	 434	 iter
265	 3.877907e-33	 436	 iter
266	 3.877907e-33	 437	 iter
267	 3.877907e-33	 438	 iter
268	 3.877907e-33	 440	 iter
269	 3.877907e-33	 441	 iter
270	 3.877907e-33	 443	 iter
271	 3.877907e-33	 444	 iter
272	 3.877907e-33	 445	 iter
273	 3.877907e-33	 447	 iter
274	 3.877907e-33	 449	 iter
275	 3.877907e-33	 451	 iter
276	 3.877907e-33	 453	 iter
277	 3.877907e-33	 455	 iter
278	 3.877907e-33	 457	 iter
279	 3.877907e-33	 458	 iter
279	 3.877907e-33	 458	 done
