0	 1.386423e-32	 1	 init
0	 1.386423e-32	 1	 iter
1	 1.386423e-32	 17	 iter
2	 1.386423e-32	 19	 iter
3	 1.386423e-32	 21	 iter
4	 1.386423e-32	 23	 iter
5	 1.386423e-32	 25	 iter
6	 1.386423e-32	 27	 iter
7	 1.386423e-32	 29	 iter
8	 1.386423e-32	 31	 iter
9	 1.386423e-32	 33	 iter
10	 1.386423e-32	 35	 iter
11	 1.386423e-32	 37	 iter
12	 1.386423e-32	 39	 iter
13	 1.386423e-32	 41	 iter
14	 1.386423e-32	 43	 iter
15	 1.386423e-32	 45	 iter
16	 1.386423e-32	 47	 iter
17	 1.386423e-32	 49	 iter
18	 1.386423e-32	 51	 iter
19	 1.386423e-32	 53	 iter
20	 1.386423e-32	 55	 iter
21	 1.386423e-32	 57	 iter
22	 1.386423e-32	 59	 iter
23	 1.386423e-32	 61	 iter
24	 1.386423e-32	 63	 iter
25	 1.386423e-32	 65	 iter
26	 1.386423e-32	 67	 iter
27	 1.386423e-32	 69	 iter
28	 1.386423e-32	 71	 iter
29	 1.386423e-32	 73	 iter
30	 1.386423e-32	 75	 iter
31	 1.386423e-32	 77	 iter
32	 1.386423e-32	 79	 iter
33	 1.386423e-32	 81	 iter
34	 1.386423e-32	 83	 iter
35	 1.386423e-32	 85	 iter
36	 1.386423e-32	 87	 iter
37	 1.386423e-32	 89	 iter
38	 1.386423e-32	 91	 iter
39	 1.386423e-32	 93	 iter
40	 1.386423e-32	 95	 iter
41	 1.386423e-32	 97	 iter
42	 1.386423e-32	 99	 iter
43	 1.386423e-32	 101	 iter
44	 1.386423e-32	 103	 iter
45	 1.386423e-32	 105	 iter
46	 1.386423e-32	 106	 iter
47	 1.386423e-32	 107	 iter
48	 1.386423e-32	 109	 iter
49	 1.386423e-32	 111	 iter
50	 1.386423e-32	 113	 iter
51	 1.386423e-32	 115	 iter
52	 1.386423e-32	 117	 iter
53	 1.386423e-32	 119	 iter
54	 1.386423e-32	 121	 iter
55	 1.386423e-32	 123	 iter
56	 1.386423e-32	 125	 iter
57	 1.386423e-32	 126	 iter
58	 1.386423e-32	 127	 iter
59	 1.386423e-32	 128	 iter
60	 1.386423e-32	 129	 iter
61	 1.386423e-32	 131	 iter
62	 1.386423e-32	 132	 iter
63	 1.386423e-32	 134	 iter
64	 1.386423e-32	 136	 iter
65	 1.386423e-32	 138	 iter
66	 1.386423e-32	 140	 iter
67	 1.386423e-32	 142	 iter
68	 1.386423e-32	 143	 iter
69	 1.386423e-32	 145	 iter
70	 1.386423e-32	 147	 iter
71	 1.386423e-32	 148	 iter
72	 1.386423e-32	 149	 iter
73	 1.386423e-32	 150	 iter
74	 1.386423e-32	 151	 iter
75	 1.386423e-32	 152	 iter
76	 1.386423e-32	 154	 iter
77	 1.386423e-32	 156	 iter
78	 1.386423e-32	 158	 iter
79	 1.386423e-32	 159	 iter
80	 1.386423e-32	 161	 iter
81	 1.386423e-32	 162	 iter
82	 1.386423e-32	 164	 iter
83	 1.386423e-32	 166	 iter
84	 1.386423e-32	 168	 iter
85	 1.386423e-32	 170	 iter
86	 1.386423e-32	 171	 iter
87	 1.386423e-32	 172	 iter
88	 1.386423e-32	 174	 iter
89	 1.386423e-32	 175	 iter
90	 1.386423e-32	 177	 iter
91	 1.386423e-32	 178	 iter
92	 1.386423e-32	 179	 iter
93	 1.386423e-32	 181	 iter
94	 1.386423e-32	 183	 iter
95	 1.386423e-32	 185	 iter
96	 1.386423e-32	 187	 iter
97	 1.386423e-32	 188	 iter
98	 1.386423e-32	 189	 iter
99	 1.386423e-32	 190	 iter
100	 1.386423e-32	 192	 iter
101	 1.386423e-32	 194	 iter
102	 1.386423e-32	 196	 iter
103	 1.386423e-32	 197	 iter
104	 1.386423e-32	 198	 iter
105	 1.386423e-32	 200	 iter
106	 1.386423e-32	 202	 iter
107	 1.386423e-32	 204	 iter
108	 1.386423e-32	 206	 iter
109	 1.386423e-32	 207	 iter
110	 1.386423e-32	 208	 iter
111	 1.386423e-32	 210	 iter
112	 1.386423e-32	 212	 iter
113	 1.386423e-32	 213	 iter
114	 1.386423e-32	 214	 iter
115	 1.386423e-32	 216	 iter
116	 1.386423e-32	 217	 iter
117	 1.386423e-32	 219	 iter
118	 1.386423e-32	 220	 iter
119	 1.386423e-32	 221	 iter
120	 1.386423e-32	 223	 iter
121	 1.386423e-32	 224	 iter
122	 1.386423e-32	 225	 iter
123	 1.386423e-32	 227	 iter
124	 1.386423e-32	 229	 iter
125	 1.386423e-32	 231	 iter
126	 1.386423e-32	 233	 iter
127	 1.386423e-32	 234	 iter
128	 1.386423e-32	 236	 iter
129	 1.386423e-32	 237	 iter
130	 1.386423e-32	 238	 iter
131	 1.386423e-32	 240	 iter
132	 1.386423e-32	 242	 iter
133	 1.386423e-32	 243	 iter
134	 1.386423e-32	 244	 iter
135	 1.386423e-32	 246	 iter
136	 1.386423e-32	 248	 iter
137	 1.386423e-32	 250	 iter
138	 1.386423e-32	 251	 iter
139	 1.386423e-32	 253	 iter
140	 1.386423e-32	 255	 iter
141	 1.386423e-32	 256	 iter
142	 1.386423e-32	 258	 iter
143	 1.386423e-32	 259	 iter
144	 1.386423e-32	 260	 iter
145	 1.386423e-32	 262	 iter
146	 1.386423e-32	 263	 iter
147	 1.386423e-32	 264	 iter
148	 1.386423e-32	 265	 iter
149	 1.386423e-32	 266	 iter
150	 1.386423e-32	 267	 iter
151	 1.386423e-32	 268	 iter
152	 1.386423e-32	 270	 iter
153	 1.386423e-32	 272	 iter
154	 1.386423e-32	 273	 iter
155	 1.386423e-32	 275	 iter
156	 1.386423e-32	 276	 iter
157	 1.386423e-32	 277	 iter
158	 1.386423e-32	 278	 iter
159	 1.386423e-32	 280	 iter
160	 1.386423e-32	 282	 iter
161	 1.386423e-32	 283	 iter
162	 1.386423e-32	 284	 iter
163	 1.386423e-32	 285	 iter
164	 1.386423e-32	 286	 iter
165	 1.386423e-32	 288	 iter
166	 1.386423e-32	 289	 iter
167	 1.386423e-32	 290	 iter
168	 1.386423e-32	 292	 iter
169	 1.386423e-32	 293	 iter
170	 1.386423e-32	 294	 iter
171	 1.386423e-32	 296	 iter
172	 1.386423e-32	 298	 iter
173	 1.386423e-32	 300	 iter
174	 1.386423e-32	 301	 iter
175	 1.386423e-32	 302	 iter
176	 1.386423e-32	 304	 iter
177	 1.386423e-32	 306	 iter
178	 1.386423e-32	 308	 iter
179	 1.386423e-32	 309	 iter
180	 1.386423e-32	 310	 iter
181	 1.386423e-32	 312	 iter
182	 1.386423e-32	 313	 iter
182	 1.386423e-32	 313	 done
