0	 6.948847e-03	 1	 init
0	 6.948847e-03	 1	 iter
1	 6.176558e-03	 17	 iter
2	 6.176558e-03	 18	 iter
3	 6.176558e-03	 19	 iter
4	 6.176558e-03	 20	 iter
5	 6.176558e-03	 21	 iter
6	 6.176558e-03	 22	 iter
7	 6.176558e-03	 23	 iter
8	 6.176558e-03	 24	 iter
9	 6.176558e-03	 25	 iter
10	 6.176558e-03	 26	 iter
11	 6.176558e-03	 27	 iter
12	 6.176558e-03	 28	 iter
13	 5.871902e-03	 30	 iter
14	 5.871902e-03	 31	 iter
15	 5.871902e-03	 32	 iter
16	 5.871902e-03	 33	 iter
17	 5.871902e-03	 34	 iter
18	 5.871902e-03	 35	 iter
19	 5.871902e-03	 36	 iter
20	 5.630687e-03	 38	 iter
21	 5.630687e-03	 39	 iter
22	 5.630687e-03	 40	 iter
23	 5.630687e-03	 41	 iter
24	 5.403609e-03	 43	 iter
25	 5.403609e-03	 44	 iter
26	 5.403609e-03	 45	 iter
27	 5.403609e-03	 46	 iter
28	 5.403609e-03	 47	 iter
29	 5.403609e-03	 48	 iter
30	 5.403609e-03	 49	 iter
31	 5.282847e-03	 51	 iter
32	 5.282847e-03	 52	 iter
33	 5.282847e-03	 53	 iter
34	 5.282847e-03	 54	 iter
35	 5.282847e-03	 55	 iter
36	 5.282847e-03	 56	 iter
37	 5.266750e-03	 58	 iter
38	 5.266750e-03	 59	 iter
39	 5.266750e-03	 60	 iter
40	 5.266750e-03	 61	 iter
41	 5.265670e-03	 63	 iter
42	 5.265670e-03	 64	 iter
43	 5.265670e-03	 65	 iter
44	 5.265670e-03	 66	 iter
45	 5.265670e-03	 68	 iter
46	 5.265670e-03	 69	 iter
47	 5.265670e-03	 71	 iter
48	 5.265670e-03	 73	 iter
49	 5.265670e-03	 74	 iter
50	 5.265670e-03	 76	 iter
51	 5.163575e-03	 78	 iter
52	 5.163575e-03	 80	 iter
53	 5.163575e-03	 82	 iter
54	 5.163575e-03	 83	 iter
55	 5.163575e-03	 84	 iter
56	 5.163575e-03	 85	 iter
57	 5.163575e-03	 86	 iter
58	 5.163575e-03	 88	 iter
59	 5.163575e-03	 89	 iter
60	 5.163575e-03	 90	 iter
61	 5.163575e-03	 91	 iter
62	 5.163575e-03	 92	 iter
63	 5.163575e-03	 94	 iter
64	 5.163575e-03	 95	 iter
65	 5.163575e-03	 96	 iter
66	 5.163575e-03	 98	 iter
67	 5.163575e-03	 99	 iter
68	 5.163575e-03	 100	 iter
69	 5.135327e-03	 102	 iter
70	 5.135327e-03	 103	 iter
71	 5.135327e-03	 104	 iter
72	 5.060368e-03	 106	 iter
73	 5.060368e-03	 107	 iter
74	 5.060368e-03	 108	 iter
75	 5.060368e-03	 109	 iter
76	 5.060368e-03	 110	 iter
77	 5.060368e-03	 111	 iter
78	 5.060368e-03	 112	 iter
79	 5.060368e-03	 113	 iter
80	 5.060368e-03	 114	 iter
81	 5.026207e-03	 116	 iter
82	 5.026207e-03	 117	 iter
83	 5.026207e-03	 118	 iter
84	 4.972603e-03	 120	 iter
85	 4.972603e-03	 121	 iter
86	 4.972603e-03	 122	 iter
87	 4.972603e-03	 123	 iter
88	 4.972603e-03	 124	 iter
89	 4.972603e-03	 125	 iter
90	 4.868615e-03	 127	 iter
91	 4.868615e-03	 128	 iter
92	 4.868615e-03	 129	 iter
93	 4.868615e-03	 130	 iter
94	 4.868615e-03	 131	 iter
95	 4.868615e-03	 132	 iter
96	 4.868615e-03	 133	 iter
97	 4.868615e-03	 134	 iter
98	 4.868615e-03	 135	 iter
99	 4.771119e-03	 137	 iter
100	 4.771119e-03	 138	 iter
101	 4.771119e-03	 139	 iter
102	 4.771119e-03	 140	 iter
103	 4.771119e-03	 141	 iter
104	 4.771119e-03	 142	 iter
105	 4.771119e-03	 143	 iter
106	 4.771119e-03	 144	 iter
107	 4.688765e-03	 146	 iter
108	 4.688765e-03	 147	 iter
109	 4.688765e-03	 148	 iter
110	 4.688765e-03	 149	 iter
111	 4.604104e-03	 151	 iter
112	 4.604104e-03	 152	 iter
113	 4.604104e-03	 153	 iter
114	 4.604104e-03	 154	 iter
115	 4.604104e-03	 155	 iter
116	 4.604104e-03	 156	 iter
117	 4.604104e-03	 157	 iter
118	 4.604104e-03	 158	 iter
119	 4.464758e-03	 160	 iter
120	 4.464758e-03	 161	 iter
121	 4.464758e-03	 162	 iter
122	 4.464758e-03	 163	 iter
123	 4.464758e-03	 164	 iter
124	 4.464758e-03	 165	 iter
125	 4.391322e-03	 167	 iter
126	 4.391322e-03	 168	 iter
127	 4.391322e-03	 169	 iter
128	 4.391322e-03	 170	 iter
129	 4.256138e-03	 172	 iter
130	 4.256138e-03	 173	 iter
131	 4.256138e-03	 174	 iter
132	 4.256138e-03	 175	 iter
133	 4.256138e-03	 176	 iter
134	 4.256138e-03	 177	 iter
135	 4.256138e-03	 178	 iter
136	 4.256138e-03	 179	 iter
137	 4.158241e-03	 181	 iter
138	 4.158241e-03	 182	 iter
139	 4.158241e-03	 183	 iter
140	 4.158241e-03	 184	 iter
141	 4.158241e-03	 185	 iter
142	 4.158241e-03	 186	 iter
143	 4.158241e-03	 187	 iter
144	 4.158241e-03	 188	 iter
145	 4.158241e-03	 189	 iter
146	 4.158241e-03	 190	 iter
147	 4.098743e-03	 192	 iter
148	 4.098743e-03	 193	 iter
149	 4.098743e-03	 194	 iter
150	 4.098743e-03	 195	 iter
151	 4.098743e-03	 196	 iter
152	 4.098743e-03	 197	 iter
153	 4.098743e-03	 198	 iter
154	 4.098743e-03	 200	 iter
155	 4.098743e-03	 202	 iter
156	 4.098743e-03	 203	 iter
157	 4.098743e-03	 204	 iter
158	 4.079915e-03	 206	 iter
159	 4.079915e-03	 207	 iter
160	 4.079915e-03	 208	 iter
161	 4.045770e-03	 210	 iter
162	 4.045770e-03	 211	 iter
163	 4.045770e-03	 212	 iter
164	 4.045770e-03	 214	 iter
165	 4.045770e-03	 215	 iter
166	 4.045770e-03	 216	 iter
167	 4.045770e-03	 218	 iter
168	 4.045770e-03	 220	 iter
169	 4.045770e-03	 221	 iter
170	 4.045770e-03	 222	 iter
171	 4.045770e-03	 223	 iter
172	 4.045770e-03	 224	 iter
173	 4.045770e-03	 225	 iter
174	 4.045770e-03	 226	 iter
175	 4.045770e-03	 228	 iter
176	 4.027003e-03	 230	 iter
177	 4.019785e-03	 232	 iter
178	 4.019785e-03	 233	 iter
179	 4.019785e-03	 234	 iter
180	 4.019785e-03	 235	 iter
181	 4.019785e-03	 236	 iter
182	 4.007176e-03	 238	 iter
183	 4.007176e-03	 239	 iter
184	 4.007176e-03	 240	 iter
185	 4.007176e-03	 241	 iter
186	 3.994071e-03	 243	 iter
187	 3.991048e-03	 245	 iter
188	 3.985822e-03	 247	 iter
189	 3.985822e-03	 248	 iter
190	 3.985822e-03	 250	 iter
191	 3.985822e-03	 252	 iter
192	 3.966274e-03	 254	 iter
193	 3.966274e-03	 255	 iter
194	 3.966274e-03	 257	 iter
195	 3.966274e-03	 258	 iter
196	 3.966274e-03	 259	 iter
197	 3.966274e-03	 260	 iter
198	 3.966274e-03	 261	 iter
199	 3.966274e-03	 263	 iter
200	 3.966274e-03	 265	 iter
201	 3.966274e-03	 266	 iter
202	 3.963698e-03	 268	 iter
203	 3.963698e-03	 269	 iter
204	 3.963698e-03	 271	 iter
205	 3.963698e-03	 272	 iter
206	 3.941745e-03	 274	 iter
207	 3.941745e-03	 275	 iter
208	 3.941745e-03	 276	 iter
209	 3.941745e-03	 277	 iter
210	 3.941745e-03	 278	 iter
211	 3.941745e-03	 279	 iter
212	 3.941745e-03	 280	 iter
213	 3.941745e-03	 281	 iter
214	 3.941745e-03	 282	 iter
215	 3.941745e-03	 283	 iter
216	 3.926439e-03	 285	 iter
217	 3.908476e-03	 287	 iter
218	 3.908476e-03	 288	 iter
219	 3.847055e-03	 290	 iter
220	 3.847055e-03	 291	 iter
221	 3.847055e-03	 292	 iter
222	 3.847055e-03	 293	 iter
223	 3.847055e-03	 294	 iter
224	 3.847055e-03	 295	 iter
225	 3.847055e-03	 296	 iter
226	 3.847055e-03	 297	 iter
227	 3.847055e-03	 298	 iter
228	 3.847055e-03	 299	 iter
229	 3.819191e-03	 301	 iter
230	 3.819191e-03	 302	 iter
231	 3.819191e-03	 303	 iter
232	 3.819191e-03	 304	 iter
233	 3.819191e-03	 305	 iter
234	 3.819191e-03	 306	 iter
235	 3.819191e-03	 307	 iter
236	 3.819191e-03	 308	 iter
237	 3.819191e-03	 309	 iter
238	 3.819191e-03	 310	 iter
239	 3.797055e-03	 312	 iter
240	 3.797055e-03	 313	 iter
241	 3.797055e-03	 314	 iter
242	 3.792883e-03	 316	 iter
243	 3.792883e-03	 317	 iter
244	 3.792883e-03	 318	 iter
245	 3.759090e-03	 320	 iter
246	 3.750629e-03	 322	 iter
247	 3.750629e-03	 323	 iter
248	 3.750629e-03	 324	 iter
249	 3.750629e-03	 325	 iter
250	 3.750629e-03	 326	 iter
251	 3.743001e-03	 328	 iter
252	 3.743001e-03	 329	 iter
253	 3.743001e-03	 330	 iter
254	 3.743001e-03	 331	 iter
255	 3.743001e-03	 333	 iter
256	 3.735072e-03	 335	 iter
257	 3.725654e-03	 337	 iter
258	 3.725654e-03	 338	 iter
259	 3.725654e-03	 339	 iter
260	 3.721402e-03	 341	 iter
261	 3.721402e-03	 342	 iter
262	 3.721402e-03	 343	 iter
263	 3.721402e-03	 344	 iter
264	 3.721402e-03	 345	 iter
265	 3.721402e-03	 347	 iter
266	 3.721402e-03	 349	 iter
267	 3.721402e-03	 351	 iter
268	 3.721402e-03	 352	 iter
269	 3.721402e-03	 354	 iter
270	 3.721402e-03	 355	 iter
271	 3.721402e-03	 356	 iter
272	 3.721402e-03	 358	 iter
273	 3.721402e-03	 359	 iter
274	 3.721402e-03	 360	 iter
275	 3.721402e-03	 361	 iter
276	 3.721402e-03	 362	 iter
277	 3.720706e-03	 364	 iter
278	 3.720706e-03	 366	 iter
279	 3.703981e-03	 368	 iter
280	 3.703981e-03	 369	 iter
281	 3.703981e-03	 370	 iter
282	 3.703981e-03	 371	 iter
283	 3.703981e-03	 373	 iter
284	 3.703981e-03	 374	 iter
285	 3.703981e-03	 375	 iter
286	 3.703981e-03	 376	 iter
287	 3.701064e-03	 378	 iter
288	 3.701064e-03	 380	 iter
289	 3.701064e-03	 382	 iter
290	 3.701064e-03	 383	 iter
291	 3.701064e-03	 385	 iter
292	 3.701064e-03	 386	 iter
293	 3.701064e-03	 387	 iter
294	 3.701064e-03	 388	 iter
295	 3.698784e-03	 390	 iter
296	 3.698784e-03	 391	 iter
297	 3.694888e-03	 393	 iter
298	 3.694888e-03	 395	 iter
299	 3.694888e-03	 396	 iter
300	 3.694888e-03	 397	 iter
301	 3.692619e-03	 399	 iter
302	 3.692619e-03	 400	 iter
303	 3.692619e-03	 402	 iter
304	 3.692619e-03	 404	 iter
305	 3.688914e-03	 406	 iter
306	 3.685979e-03	 408	 iter
307	 3.667049e-03	 410	 iter
308	 3.667049e-03	 411	 iter
309	 3.667049e-03	 412	 iter
310	 3.667049e-03	 413	 iter
311	 3.667049e-03	 414	 iter
312	 3.667049e-03	 415	 iter
313	 3.667049e-03	 416	 iter
314	 3.667049e-03	 417	 iter
315	 3.667049e-03	 418	 iter
316	 3.667049e-03	 419	 iter
317	 3.667049e-03	 420	 iter
318	 3.667049e-03	 421	 iter
319	 3.667049e-03	 422	 iter
320	 3.649800e-03	 424	 iter
321	 3.649800e-03	 425	 iter
322	 3.649800e-03	 426	 iter
323	 3.649800e-03	 427	 iter
324	 3.649800e-03	 428	 iter
325	 3.649800e-03	 429	 iter
326	 3.649800e-03	 430	 iter
327	 3.649800e-03	 431	 iter
328	 3.649800e-03	 432	 iter
329	 3.649800e-03	 433	 iter
330	 3.649800e-03	 434	 iter
331	 3.646739e-03	 436	 iter
332	 3.646739e-03	 437	 iter
333	 3.646739e-03	 438	 iter
334	 3.646739e-03	 439	 iter
335	 3.646739e-03	 440	 iter
336	 3.615301e-03	 442	 iter
337	 3.615301e-03	 443	 iter
338	 3.615301e-03	 444	 iter
339	 3.615301e-03	 445	 iter
340	 3.615301e-03	 446	 iter
341	 3.615301e-03	 447	 iter
342	 3.615301e-03	 448	 iter
343	 3.591081e-03	 450	 iter
344	 3.591081e-03	 451	 iter
345	 3.591081e-03	 452	 iter
346	 3.591081e-03	 453	 iter
347	 3.591081e-03	 454	 iter
348	 3.591081e-03	 455	 iter
349	 3.591081e-03	 456	 iter
350	 3.573140e-03	 458	 iter
351	 3.573140e-03	 459	 iter
352	 3.573140e-03	 460	 iter
353	 3.573140e-03	 461	 iter
354	 3.573140e-03	 462	 iter
355	 3.573140e-03	 463	 iter
356	 3.573140e-03	 464	 iter
357	 3.573140e-03	 465	 iter
358	 3.573140e-03	 466	 iter
359	 3.557171e-03	 468	 iter
360	 3.514123e-03	 470	 iter
361	 3.514123e-03	 471	 iter
362	 3.514123e-03	 472	 iter
363	 3.514123e-03	 473	 iter
364	 3.514123e-03	 474	 iter
365	 3.514123e-03	 475	 iter
366	 3.514123e-03	 476	 iter
367	 3.514123e-03	 477	 iter
368	 3.514123e-03	 478	 iter
369	 3.514123e-03	 479	 iter
370	 3.514123e-03	 480	 iter
371	 3.494764e-03	 482	 iter
372	 3.494764e-03	 483	 iter
373	 3.494764e-03	 484	 iter
374	 3.491591e-03	 486	 iter
375	 3.456527e-03	 488	 iter
376	 3.456527e-03	 489	 iter
377	 3.456527e-03	 490	 iter
378	 3.456527e-03	 491	 iter
379	 3.456527e-03	 492	 iter
380	 3.456527e-03	 493	 iter
381	 3.431886e-03	 495	 iter
382	 3.431886e-03	 496	 iter
383	 3.431886e-03	 497	 iter
384	 3.431886e-03	 498	 iter
385	 3.431886e-03	 499	 iter
386	 3.431886e-03	 500	 iter
387	 3.423978e-03	 502	 iter
388	 3.423978e-03	 503	 iter
389	 3.414568e-03	 505	 iter
390	 3.414568e-03	 506	 iter
391	 3.414568e-03	 507	 iter
392	 3.414568e-03	 508	 iter
393	 3.414568e-03	 509	 iter
394	 3.414568e-03	 510	 iter
395	 3.414568e-03	 511	 iter
396	 3.414568e-03	 512	 iter
397	 3.414568e-03	 514	 iter
398	 3.414568e-03	 515	 iter
399	 3.414568e-03	 516	 iter
400	 3.408269e-03	 518	 iter
401	 3.408269e-03	 519	 iter
402	 3.408269e-03	 520	 iter
403	 3.394888e-03	 522	 iter
404	 3.394888e-03	 523	 iter
405	 3.389172e-03	 525	 iter
406	 3.389172e-03	 526	 iter
407	 3.389172e-03	 527	 iter
408	 3.389172e-03	 529	 iter
409	 3.389172e-03	 531	 iter
410	 3.389172e-03	 532	 iter
411	 3.389172e-03	 533	 iter
412	 3.389172e-03	 534	 iter
413	 3.389172e-03	 535	 iter
414	 3.386273e-03	 537	 iter
415	 3.386273e-03	 539	 iter
416	 3.386273e-03	 540	 iter
417	 3.386273e-03	 542	 iter
418	 3.385308e-03	 544	 iter
419	 3.385308e-03	 545	 iter
420	 3.385308e-03	 546	 iter
421	 3.385308e-03	 547	 iter
422	 3.385308e-03	 548	 iter
423	 3.385308e-03	 549	 iter
424	 3.385308e-03	 550	 iter
425	 3.385308e-03	 551	 iter
426	 3.385308e-03	 553	 iter
427	 3.380400e-03	 555	 iter
428	 3.380176e-03	 557	 iter
429	 3.380176e-03	 558	 iter
430	 3.380176e-03	 559	 iter
431	 3.380176e-03	 560	 iter
432	 3.380176e-03	 562	 iter
433	 3.373754e-03	 564	 iter
434	 3.373754e-03	 565	 iter
435	 3.367816e-03	 567	 iter
436	 3.367816e-03	 568	 iter
437	 3.367816e-03	 570	 iter
438	 3.367816e-03	 571	 iter
439	 3.367816e-03	 572	 iter
440	 3.367816e-03	 573	 iter
441	 3.367816e-03	 574	 iter
442	 3.367816e-03	 575	 iter
443	 3.367816e-03	 576	 iter
444	 3.367816e-03	 578	 iter
445	 3.367816e-03	 579	 iter
446	 3.367816e-03	 581	 iter
447	 3.367816e-03	 582	 iter
448	 3.365187e-03	 584	 iter
449	 3.365187e-03	 586	 iter
450	 3.348393e-03	 588	 iter
451	 3.348393e-03	 589	 iter
452	 3.348393e-03	 590	 iter
453	 3.348393e-03	 591	 iter
454	 3.348393e-03	 592	 iter
455	 3.348393e-03	 593	 iter
456	 3.348393e-03	 594	 iter
457	 3.348393e-03	 595	 iter
458	 3.348393e-03	 596	 iter
459	 3.348393e-03	 597	 iter
460	 3.348393e-03	 598	 iter
461	 3.338555e-03	 600	 iter
462	 3.338555e-03	 601	 iter
463	 3.338555e-03	 602	 iter
464	 3.338555e-03	 603	 iter
465	 3.338555e-03	 604	 iter
466	 3.338225e-03	 606	 iter
467	 3.338225e-03	 607	 iter
468	 3.338225e-03	 608	 iter
469	 3.338225e-03	 609	 iter
470	 3.338225e-03	 610	 iter
471	 3.331547e-03	 612	 iter
472	 3.331547e-03	 613	 iter
473	 3.317217e-03	 615	 iter
474	 3.317217e-03	 616	 iter
475	 3.317217e-03	 617	 iter
476	 3.317217e-03	 618	 iter
477	 3.317217e-03	 619	 iter
478	 3.317217e-03	 620	 iter
479	 3.317217e-03	 621	 iter
480	 3.316906e-03	 623	 iter
481	 3.314364e-03	 625	 iter
482	 3.305117e-03	 627	 iter
483	 3.305117e-03	 628	 iter
484	 3.305117e-03	 629	 iter
485	 3.305117e-03	 630	 iter
486	 3.305117e-03	 631	 iter
487	 3.305117e-03	 632	 iter
488	 3.301849e-03	 634	 iter
489	 3.301849e-03	 635	 iter
490	 3.301849e-03	 636	 iter
491	 3.293731e-03	 638	 iter
492	 3.293731e-03	 639	 iter
493	 3.293731e-03	 640	 iter
494	 3.273529e-03	 642	 iter
495	 3.273529e-03	 643	 iter
496	 3.273529e-03	 644	 iter
497	 3.273529e-03	 645	 iter
498	 3.273529e-03	 646	 iter
499	 3.273529e-03	 647	 iter
500	 3.273529e-03	 648	 iter
501	 3.273529e-03	 649	 iter
502	 3.272902e-03	 651	 iter
503	 3.262060e-03	 653	 iter
504	 3.262060e-03	 654	 iter
505	 3.262060e-03	 655	 iter
506	 3.262060e-03	 656	 iter
507	 3.257691e-03	 658	 iter
508	 3.257691e-03	 659	 iter
509	 3.257691e-03	 660	 iter
510	 3.257691e-03	 661	 iter
511	 3.257691e-03	 662	 iter
512	 3.257691e-03	 663	 iter
513	 3.248963e-03	 665	 iter
514	 3.244728e-03	 667	 iter
515	 3.244728e-03	 668	 iter
516	 3.244728e-03	 669	 iter
517	 3.244728e-03	 670	 iter
518	 3.244728e-03	 671	 iter
519	 3.244728e-03	 672	 iter
520	 3.244728e-03	 673	 iter
521	 3.244728e-03	 674	 iter
522	 3.240185e-03	 676	 iter
523	 3.240185e-03	 677	 iter
524	 3.240185e-03	 678	 iter
525	 3.240185e-03	 679	 iter
526	 3.240185e-03	 680	 iter
527	 3.228076e-03	 682	 iter
528	 3.228076e-03	 683	 iter
529	 3.227683e-03	 685	 iter
530	 3.227683e-03	 687	 iter
531	 3.227683e-03	 689	 iter
532	 3.227683e-03	 690	 iter
533	 3.227683e-03	 692	 iter
534	 3.227683e-03	 693	 iter
535	 3.227683e-03	 694	 iter
536	 3.227683e-03	 695	 iter
537	 3.227683e-03	 696	 iter
538	 3.227683e-03	 697	 iter
539	 3.227683e-03	 698	 iter
540	 3.227683e-03	 699	 iter
541	 3.227683e-03	 700	 iter
542	 3.227683e-03	 701	 iter
543	 3.227683e-03	 702	 iter
544	 3.227683e-03	 703	 iter
545	 3.227683e-03	 704	 iter
546	 3.227683e-03	 705	 iter
547	 3.227683e-03	 707	 iter
548	 3.227683e-03	 708	 iter
549	 3.227683e-03	 710	 iter
550	 3.227683e-03	 711	 iter
551	 3.225235e-03	 713	 iter
552	 3.225235e-03	 714	 iter
553	 3.225235e-03	 715	 iter
554	 3.225235e-03	 716	 iter
555	 3.219219e-03	 718	 iter
556	 3.219219e-03	 719	 iter
557	 3.219219e-03	 721	 iter
558	 3.219219e-03	 722	 iter
559	 3.219219e-03	 723	 iter
560	 3.219219e-03	 724	 iter
561	 3.219219e-03	 725	 iter
562	 3.219219e-03	 727	 iter
563	 3.219219e-03	 729	 iter
564	 3.219219e-03	 730	 iter
565	 3.219219e-03	 731	 iter
566	 3.217579e-03	 733	 iter
567	 3.217579e-03	 734	 iter
568	 3.217579e-03	 735	 iter
569	 3.217579e-03	 737	 iter
570	 3.215302e-03	 739	 iter
571	 3.215302e-03	 740	 iter
572	 3.215302e-03	 741	 iter
573	 3.215302e-03	 742	 iter
574	 3.213779e-03	 744	 iter
575	 3.213779e-03	 745	 iter
576	 3.213779e-03	 746	 iter
577	 3.213779e-03	 748	 iter
578	 3.213779e-03	 750	 iter
579	 3.213779e-03	 751	 iter
580	 3.213598e-03	 753	 iter
581	 3.213598e-03	 754	 iter
582	 3.213598e-03	 756	 iter
583	 3.213598e-03	 757	 iter
584	 3.210903e-03	 759	 iter
585	 3.210903e-03	 760	 iter
586	 3.210903e-03	 761	 iter
587	 3.210903e-03	 762	 iter
588	 3.208879e-03	 764	 iter
589	 3.208879e-03	 765	 iter
590	 3.208879e-03	 766	 iter
591	 3.208879e-03	 768	 iter
592	 3.208879e-03	 769	 iter
593	 3.208879e-03	 770	 iter
594	 3.200952e-03	 772	 iter
595	 3.200952e-03	 773	 iter
596	 3.200952e-03	 774	 iter
597	 3.200952e-03	 775	 iter
598	 3.200952e-03	 776	 iter
599	 3.200952e-03	 777	 iter
600	 3.200952e-03	 778	 iter
601	 3.200952e-03	 779	 iter
602	 3.198516e-03	 781	 iter
603	 3.198516e-03	 782	 iter
604	 3.198516e-03	 783	 iter
605	 3.198516e-03	 784	 iter
606	 3.198516e-03	 785	 iter
607	 3.198516e-03	 786	 iter
608	 3.195756e-03	 788	 iter
609	 3.195756e-03	 789	 iter
610	 3.195756e-03	 790	 iter
611	 3.184373e-03	 792	 iter
612	 3.184373e-03	 793	 iter
613	 3.184373e-03	 794	 iter
614	 3.184373e-03	 795	 iter
615	 3.184373e-03	 796	 iter
616	 3.184373e-03	 797	 iter
617	 3.184373e-03	 798	 iter
618	 3.184373e-03	 799	 iter
619	 3.174698e-03	 801	 iter
620	 3.174698e-03	 802	 iter
621	 3.174698e-03	 803	 iter
622	 3.174698e-03	 804	 iter
623	 3.174698e-03	 805	 iter
624	 3.174698e-03	 806	 iter
625	 3.160740e-03	 808	 iter
626	 3.160740e-03	 809	 iter
627	 3.160740e-03	 810	 iter
628	 3.160740e-03	 811	 iter
629	 3.160740e-03	 812	 iter
630	 3.160740e-03	 813	 iter
631	 3.160740e-03	 814	 iter
632	 3.154611e-03	 816	 iter
633	 3.154611e-03	 817	 iter
634	 3.147432e-03	 819	 iter
635	 3.147432e-03	 820	 iter
636	 3.147432e-03	 821	 iter
637	 3.147432e-03	 822	 iter
638	 3.147432e-03	 823	 iter
639	 3.147432e-03	 824	 iter
640	 3.135202e-03	 826	 iter
641	 3.135202e-03	 827	 iter
642	 3.135202e-03	 828	 iter
643	 3.120046e-03	 830	 iter
644	 3.120046e-03	 831	 iter
645	 3.120046e-03	 832	 iter
646	 3.120046e-03	 833	 iter
647	 3.120046e-03	 834	 iter
648	 3.108517e-03	 836	 iter
649	 3.108517e-03	 837	 iter
650	 3.100900e-03	 839	 iter
651	 3.100900e-03	 840	 iter
652	 3.100900e-03	 841	 iter
653	 3.100900e-03	 842	 iter
654	 3.077113e-03	 844	 iter
655	 3.077113e-03	 845	 iter
656	 3.054805e-03	 847	 iter
657	 3.054805e-03	 848	 iter
658	 3.054805e-03	 849	 iter
659	 3.054805e-03	 850	 iter
660	 3.054805e-03	 851	 iter
661	 3.054805e-03	 852	 iter
662	 3.054805e-03	 853	 iter
663	 3.054805e-03	 854	 iter
664	 3.054805e-03	 855	 iter
665	 3.054805e-03	 856	 iter
666	 3.054805e-03	 857	 iter
667	 3.054805e-03	 858	 iter
668	 3.054761e-03	 860	 iter
669	 3.053925e-03	 862	 iter
670	 3.028730e-03	 864	 iter
671	 3.028730e-03	 865	 iter
672	 3.028730e-03	 866	 iter
673	 3.028730e-03	 867	 iter
674	 3.028730e-03	 868	 iter
675	 3.025298e-03	 870	 iter
676	 2.980309e-03	 872	 iter
677	 2.980309e-03	 873	 iter
678	 2.980309e-03	 874	 iter
679	 2.980309e-03	 875	 iter
680	 2.980309e-03	 876	 iter
681	 2.980309e-03	 877	 iter
682	 2.980309e-03	 878	 iter
683	 2.980309e-03	 879	 iter
684	 2.980309e-03	 880	 iter
685	 2.980309e-03	 881	 iter
686	 2.959822e-03	 883	 iter
687	 2.959822e-03	 884	 iter
688	 2.959822e-03	 885	 iter
689	 2.959822e-03	 886	 iter
690	 2.959822e-03	 887	 iter
691	 2.959822e-03	 888	 iter
692	 2.959822e-03	 889	 iter
693	 2.929893e-03	 891	 iter
694	 2.929893e-03	 892	 iter
695	 2.929893e-03	 893	 iter
696	 2.929893e-03	 894	 iter
697	 2.929893e-03	 895	 iter
698	 2.909355e-03	 897	 iter
699	 2.909355e-03	 898	 iter
700	 2.909355e-03	 899	 iter
701	 2.909355e-03	 900	 iter
702	 2.909355e-03	 901	 iter
703	 2.872806e-03	 903	 iter
704	 2.872806e-03	 904	 iter
705	 2.872806e-03	 905	 iter
706	 2.872806e-03	 906	 iter
707	 2.872806e-03	 907	 iter
708	 2.872806e-03	 908	 iter
709	 2.872806e-03	 909	 iter
710	 2.872806e-03	 910	 iter
711	 2.845422e-03	 912	 iter
712	 2.845422e-03	 913	 iter
713	 2.845422e-03	 914	 iter
714	 2.845422e-03	 915	 iter
715	 2.845422e-03	 916	 iter
716	 2.845422e-03	 917	 iter
717	 2.845422e-03	 918	 iter
718	 2.845422e-03	 919	 iter
719	 2.845422e-03	 920	 iter
720	 2.841005e-03	 922	 iter
721	 2.830155e-03	 924	 iter
722	 2.801924e-03	 926	 iter
723	 2.785735e-03	 928	 iter
724	 2.785735e-03	 929	 iter
725	 2.747408e-03	 931	 iter
726	 2.747408e-03	 932	 iter
727	 2.747408e-03	 933	 iter
728	 2.747408e-03	 934	 iter
729	 2.747408e-03	 935	 iter
730	 2.747408e-03	 936	 iter
731	 2.747408e-03	 937	 iter
732	 2.722162e-03	 939	 iter
733	 2.722162e-03	 940	 iter
734	 2.722162e-03	 941	 iter
735	 2.722162e-03	 942	 iter
736	 2.720266e-03	 944	 iter
737	 2.720266e-03	 945	 iter
738	 2.720266e-03	 946	 iter
739	 2.702109e-03	 948	 iter
740	 2.702109e-03	 949	 iter
741	 2.702109e-03	 950	 iter
742	 2.665176e-03	 952	 iter
743	 2.665176e-03	 953	 iter
744	 2.665176e-03	 954	 iter
745	 2.665176e-03	 955	 iter
746	 2.665176e-03	 956	 iter
747	 2.665176e-03	 957	 iter
748	 2.665176e-03	 958	 iter
749	 2.665176e-03	 959	 iter
750	 2.665176e-03	 960	 iter
751	 2.665176e-03	 961	 iter
752	 2.665176e-03	 962	 iter
753	 2.665176e-03	 963	 iter
754	 2.604124e-03	 965	 iter
755	 2.604124e-03	 966	 iter
756	 2.604124e-03	 967	 iter
757	 2.604124e-03	 968	 iter
758	 2.604124e-03	 969	 iter
759	 2.604124e-03	 970	 iter
760	 2.604124e-03	 971	 iter
761	 2.604124e-03	 972	 iter
762	 2.604124e-03	 974	 iter
763	 2.570764e-03	 976	 iter
764	 2.570764e-03	 977	 iter
765	 2.570764e-03	 978	 iter
766	 2.570764e-03	 979	 iter
767	 2.570764e-03	 980	 iter
768	 2.570764e-03	 981	 iter
769	 2.570764e-03	 982	 iter
770	 2.570764e-03	 983	 iter
771	 2.570764e-03	 984	 iter
772	 2.570764e-03	 985	 iter
773	 2.543311e-03	 987	 iter
774	 2.543311e-03	 988	 iter
775	 2.543311e-03	 989	 iter
776	 2.489027e-03	 991	 iter
777	 2.489027e-03	 992	 iter
778	 2.489027e-03	 993	 iter
779	 2.489027e-03	 994	 iter
780	 2.489027e-03	 995	 iter
781	 2.489027e-03	 996	 iter
782	 2.489027e-03	 997	 iter
783	 2.481264e-03	 999	 iter
784	 2.435490e-03	 1001	 iter
785	 2.435490e-03	 1002	 iter
786	 2.435490e-03	 1003	 iter
787	 2.435490e-03	 1004	 iter
788	 2.423807e-03	 1006	 iter
789	 2.423807e-03	 1007	 iter
790	 2.423807e-03	 1008	 iter
791	 2.423807e-03	 1009	 iter
792	 2.423807e-03	 1010	 iter
793	 2.358669e-03	 1012	 iter
794	 2.358669e-03	 1013	 iter
795	 2.358669e-03	 1014	 iter
796	 2.358669e-03	 1015	 iter
797	 2.358669e-03	 1016	 iter
798	 2.358669e-03	 1017	 iter
799	 2.358669e-03	 1018	 iter
800	 2.358669e-03	 1019	 iter
801	 2.358669e-03	 1020	 iter
802	 2.273441e-03	 1022	 iter
803	 2.273441e-03	 1023	 iter
804	 2.273441e-03	 1024	 iter
805	 2.273441e-03	 1025	 iter
806	 2.273441e-03	 1026	 iter
807	 2.273441e-03	 1027	 iter
808	 2.273441e-03	 1028	 iter
809	 2.273441e-03	 1029	 iter
810	 2.273441e-03	 1030	 iter
811	 2.273441e-03	 1031	 iter
812	 2.273441e-03	 1032	 iter
813	 2.273441e-03	 1033	 iter
814	 2.273441e-03	 1034	 iter
815	 2.244051e-03	 1036	 iter
816	 2.213193e-03	 1038	 iter
817	 2.213193e-03	 1039	 iter
818	 2.213193e-03	 1040	 iter
819	 2.213193e-03	 1041	 iter
820	 2.213193e-03	 1042	 iter
821	 2.213193e-03	 1043	 iter
822	 2.213193e-03	 1044	 iter
823	 2.213193e-03	 1045	 iter
824	 2.213193e-03	 1046	 iter
825	 2.213193e-03	 1048	 iter
826	 2.213193e-03	 1049	 iter
827	 2.213193e-03	 1050	 iter
828	 2.213193e-03	 1052	 iter
829	 2.213193e-03	 1053	 iter
830	 2.213193e-03	 1054	 iter
831	 2.203228e-03	 1056	 iter
832	 2.203228e-03	 1057	 iter
833	 2.203228e-03	 1058	 iter
834	 2.203228e-03	 1059	 iter
835	 2.176836e-03	 1061	 iter
836	 2.176836e-03	 1063	 iter
837	 2.176836e-03	 1064	 iter
838	 2.176836e-03	 1065	 iter
839	 2.176836e-03	 1066	 iter
840	 2.167336e-03	 1068	 iter
841	 2.148687e-03	 1070	 iter
842	 2.148687e-03	 1071	 iter
843	 2.148687e-03	 1072	 iter
844	 2.148687e-03	 1073	 iter
845	 2.148687e-03	 1075	 iter
846	 2.148687e-03	 1076	 iter
847	 2.148687e-03	 1077	 iter
848	 2.148687e-03	 1078	 iter
849	 2.148687e-03	 1079	 iter
850	 2.148687e-03	 1080	 iter
851	 2.138212e-03	 1082	 iter
852	 2.138212e-03	 1083	 iter
853	 2.138212e-03	 1084	 iter
854	 2.138212e-03	 1086	 iter
855	 2.138212e-03	 1087	 iter
856	 2.109146e-03	 1089	 iter
857	 2.109146e-03	 1090	 iter
858	 2.109146e-03	 1092	 iter
859	 2.109146e-03	 1093	 iter
860	 2.109146e-03	 1094	 iter
861	 2.093367e-03	 1096	 iter
862	 2.093367e-03	 1098	 iter
863	 2.093367e-03	 1100	 iter
864	 2.093367e-03	 1101	 iter
865	 2.093367e-03	 1102	 iter
866	 2.093367e-03	 1103	 iter
867	 2.093367e-03	 1104	 iter
868	 2.093367e-03	 1106	 iter
869	 2.093367e-03	 1107	 iter
870	 2.093367e-03	 1108	 iter
871	 2.093367e-03	 1109	 iter
872	 2.093367e-03	 1110	 iter
873	 2.093367e-03	 1111	 iter
874	 2.093367e-03	 1112	 iter
875	 2.093367e-03	 1113	 iter
876	 2.093367e-03	 1114	 iter
877	 2.093367e-03	 1116	 iter
878	 2.093367e-03	 1118	 iter
879	 2.093367e-03	 1119	 iter
880	 2.093367e-03	 1120	 iter
881	 2.092769e-03	 1122	 iter
882	 2.078583e-03	 1124	 iter
883	 2.078583e-03	 1125	 iter
884	 2.078583e-03	 1126	 iter
885	 2.039192e-03	 1128	 iter
886	 2.039192e-03	 1129	 iter
887	 2.039192e-03	 1130	 iter
888	 2.039192e-03	 1131	 iter
889	 2.039192e-03	 1132	 iter
890	 2.039192e-03	 1133	 iter
891	 2.039192e-03	 1135	 iter
892	 2.039192e-03	 1136	 iter
893	 2.039192e-03	 1137	 iter
894	 2.039192e-03	 1138	 iter
895	 2.039192e-03	 1139	 iter
896	 2.039192e-03	 1140	 iter
897	 2.039192e-03	 1141	 iter
898	 2.039192e-03	 1142	 iter
899	 2.039192e-03	 1143	 iter
900	 2.039192e-03	 1144	 iter
901	 2.039192e-03	 1145	 iter
902	 2.039192e-03	 1146	 iter
903	 2.025888e-03	 1148	 iter
904	 2.025888e-03	 1149	 iter
905	 2.025888e-03	 1150	 iter
906	 2.025888e-03	 1151	 iter
907	 2.000782e-03	 1153	 iter
908	 2.000782e-03	 1154	 iter
909	 2.000782e-03	 1155	 iter
910	 2.000782e-03	 1156	 iter
911	 1.987463e-03	 1158	 iter
912	 1.987463e-03	 1159	 iter
913	 1.987463e-03	 1160	 iter
914	 1.987463e-03	 1161	 iter
915	 1.987463e-03	 1162	 iter
916	 1.987463e-03	 1163	 iter
917	 1.987463e-03	 1164	 iter
918	 1.987463e-03	 1165	 iter
919	 1.987463e-03	 1166	 iter
920	 1.983272e-03	 1168	 iter
921	 1.983272e-03	 1169	 iter
922	 1.983272e-03	 1170	 iter
923	 1.983272e-03	 1171	 iter
924	 1.983272e-03	 1172	 iter
925	 1.975770e-03	 1174	 iter
926	 1.975770e-03	 1175	 iter
927	 1.975770e-03	 1176	 iter
928	 1.960236e-03	 1178	 iter
929	 1.960236e-03	 1179	 iter
930	 1.960236e-03	 1180	 iter
931	 1.960236e-03	 1181	 iter
932	 1.960236e-03	 1182	 iter
933	 1.960236e-03	 1183	 iter
934	 1.960236e-03	 1184	 iter
935	 1.960236e-03	 1185	 iter
936	 1.960236e-03	 1186	 iter
937	 1.960236e-03	 1187	 iter
938	 1.960236e-03	 1188	 iter
939	 1.960236e-03	 1189	 iter
940	 1.940457e-03	 1191	 iter
941	 1.940457e-03	 1192	 iter
942	 1.940457e-03	 1193	 iter
943	 1.940457e-03	 1195	 iter
944	 1.940457e-03	 1196	 iter
945	 1.940457e-03	 1197	 iter
946	 1.940457e-03	 1199	 iter
947	 1.940457e-03	 1201	 iter
948	 1.940457e-03	 1202	 iter
949	 1.940457e-03	 1204	 iter
950	 1.940457e-03	 1206	 iter
951	 1.940457e-03	 1207	 iter
952	 1.940457e-03	 1209	 iter
953	 1.928759e-03	 1211	 iter
954	 1.928759e-03	 1212	 iter
955	 1.928759e-03	 1214	 iter
956	 1.928759e-03	 1215	 iter
957	 1.928759e-03	 1216	 iter
958	 1.928759e-03	 1217	 iter
959	 1.928759e-03	 1218	 iter
960	 1.928759e-03	 1220	 iter
961	 1.928759e-03	 1221	 iter
962	 1.928759e-03	 1222	 iter
963	 1.926768e-03	 1224	 iter
964	 1.926768e-03	 1225	 iter
965	 1.920756e-03	 1227	 iter
966	 1.919071e-03	 1229	 iter
967	 1.919071e-03	 1230	 iter
968	 1.919071e-03	 1231	 iter
969	 1.919071e-03	 1232	 iter
970	 1.919071e-03	 1233	 iter
971	 1.919071e-03	 1235	 iter
972	 1.919071e-03	 1236	 iter
973	 1.919071e-03	 1238	 iter
974	 1.915879e-03	 1240	 iter
975	 1.915879e-03	 1241	 iter
976	 1.915583e-03	 1243	 iter
977	 1.915583e-03	 1244	 iter
978	 1.915583e-03	 1246	 iter
979	 1.915583e-03	 1247	 iter
980	 1.915583e-03	 1249	 iter
981	 1.915583e-03	 1251	 iter
982	 1.913857e-03	 1253	 iter
983	 1.913857e-03	 1254	 iter
984	 1.907537e-03	 1256	 iter
985	 1.907537e-03	 1257	 iter
986	 1.890091e-03	 1259	 iter
987	 1.890091e-03	 1260	 iter
988	 1.890091e-03	 1261	 iter
989	 1.890091e-03	 1262	 iter
990	 1.890091e-03	 1263	 iter
991	 1.890091e-03	 1264	 iter
992	 1.890091e-03	 1265	 iter
993	 1.890091e-03	 1266	 iter
994	 1.890091e-03	 1267	 iter
995	 1.890091e-03	 1269	 iter
996	 1.890091e-03	 1270	 iter
997	 1.890091e-03	 1271	 iter
998	 1.890091e-03	 1272	 iter
999	 1.890023e-03	 1274	 iter
1000	 1.876992e-03	 1276	 iter
1001	 1.876992e-03	 1277	 iter
1002	 1.876992e-03	 1278	 iter
1003	 1.876992e-03	 1279	 iter
1004	 1.876992e-03	 1280	 iter
1005	 1.876992e-03	 1281	 iter
1006	 1.872067e-03	 1283	 iter
1007	 1.872067e-03	 1284	 iter
1008	 1.872067e-03	 1285	 iter
1009	 1.872067e-03	 1286	 iter
1010	 1.872067e-03	 1287	 iter
1011	 1.872067e-03	 1288	 iter
1012	 1.872067e-03	 1289	 iter
1013	 1.870432e-03	 1291	 iter
1014	 1.863205e-03	 1293	 iter
1015	 1.863205e-03	 1294	 iter
1016	 1.862747e-03	 1296	 iter
1017	 1.851510e-03	 1298	 iter
1018	 1.851510e-03	 1299	 iter
1019	 1.851510e-03	 1300	 iter
1020	 1.851510e-03	 1301	 iter
1021	 1.851510e-03	 1302	 iter
1022	 1.851510e-03	 1303	 iter
1023	 1.851510e-03	 1304	 iter
1024	 1.851510e-03	 1305	 iter
1025	 1.846110e-03	 1307	 iter
1026	 1.846110e-03	 1308	 iter
1027	 1.846110e-03	 1309	 iter
1028	 1.846110e-03	 1310	 iter
1029	 1.846110e-03	 1311	 iter
1030	 1.844227e-03	 1313	 iter
1031	 1.844227e-03	 1314	 iter
1032	 1.844227e-03	 1315	 iter
1033	 1.844227e-03	 1317	 iter
1034	 1.844227e-03	 1318	 iter
1035	 1.844227e-03	 1319	 iter
1036	 1.844227e-03	 1321	 iter
1037	 1.838304e-03	 1323	 iter
1038	 1.838304e-03	 1324	 iter
1039	 1.838304e-03	 1325	 iter
1040	 1.838304e-03	 1326	 iter
1041	 1.838304e-03	 1327	 iter
1042	 1.838304e-03	 1328	 iter
1043	 1.838304e-03	 1329	 iter
1044	 1.838304e-03	 1330	 iter
1045	 1.838304e-03	 1332	 iter
1046	 1.837903e-03	 1334	 iter
1047	 1.837903e-03	 1335	 iter
1048	 1.837903e-03	 1337	 iter
1049	 1.836444e-03	 1339	 iter
1050	 1.836444e-03	 1340	 iter
1051	 1.836444e-03	 1341	 iter
1052	 1.836444e-03	 1342	 iter
1053	 1.836444e-03	 1344	 iter
1054	 1.835275e-03	 1346	 iter
1055	 1.835275e-03	 1347	 iter
1056	 1.834496e-03	 1349	 iter
1057	 1.834496e-03	 1350	 iter
1058	 1.834496e-03	 1352	 iter
1059	 1.834496e-03	 1353	 iter
1060	 1.834496e-03	 1355	 iter
1061	 1.834496e-03	 1356	 iter
1062	 1.834496e-03	 1358	 iter
1063	 1.834496e-03	 1359	 iter
1064	 1.834496e-03	 1361	 iter
1065	 1.832121e-03	 1363	 iter
1066	 1.832121e-03	 1364	 iter
1067	 1.832121e-03	 1365	 iter
1068	 1.832121e-03	 1366	 iter
1069	 1.832121e-03	 1368	 iter
1070	 1.832121e-03	 1370	 iter
1071	 1.832121e-03	 1371	 iter
1072	 1.830937e-03	 1373	 iter
1073	 1.829811e-03	 1375	 iter
1074	 1.829811e-03	 1376	 iter
1075	 1.829811e-03	 1378	 iter
1076	 1.829811e-03	 1379	 iter
1077	 1.829811e-03	 1380	 iter
1078	 1.829811e-03	 1381	 iter
1079	 1.829486e-03	 1383	 iter
1080	 1.829486e-03	 1384	 iter
1081	 1.829486e-03	 1385	 iter
1082	 1.829486e-03	 1386	 iter
1083	 1.829486e-03	 1387	 iter
1084	 1.829486e-03	 1389	 iter
1085	 1.829486e-03	 1390	 iter
1086	 1.827097e-03	 1392	 iter
1087	 1.826674e-03	 1394	 iter
1088	 1.826674e-03	 1396	 iter
1089	 1.826674e-03	 1398	 iter
1090	 1.826674e-03	 1399	 iter
1091	 1.826674e-03	 1400	 iter
1092	 1.825660e-03	 1402	 iter
1093	 1.825660e-03	 1404	 iter
1094	 1.825660e-03	 1405	 iter
1095	 1.825660e-03	 1406	 iter
1096	 1.825660e-03	 1407	 iter
1097	 1.825660e-03	 1408	 iter
1098	 1.825660e-03	 1410	 iter
1099	 1.825660e-03	 1411	 iter
1100	 1.825660e-03	 1412	 iter
1101	 1.825660e-03	 1414	 iter
1102	 1.825660e-03	 1415	 iter
1103	 1.825660e-03	 1416	 iter
1104	 1.825660e-03	 1417	 iter
1105	 1.825660e-03	 1419	 iter
1106	 1.825660e-03	 1420	 iter
1107	 1.824911e-03	 1422	 iter
1108	 1.824911e-03	 1423	 iter
1109	 1.824911e-03	 1425	 iter
1110	 1.824911e-03	 1427	 iter
1111	 1.824911e-03	 1428	 iter
1112	 1.824911e-03	 1429	 iter
1113	 1.824911e-03	 1431	 iter
1114	 1.824911e-03	 1432	 iter
1115	 1.824911e-03	 1434	 iter
1116	 1.824911e-03	 1436	 iter
1117	 1.824911e-03	 1437	 iter
1118	 1.824377e-03	 1439	 iter
1119	 1.824291e-03	 1441	 iter
1120	 1.824291e-03	 1442	 iter
1121	 1.824291e-03	 1443	 iter
1122	 1.824291e-03	 1445	 iter
1123	 1.823953e-03	 1447	 iter
1124	 1.823953e-03	 1448	 iter
1125	 1.823743e-03	 1450	 iter
1126	 1.823743e-03	 1451	 iter
1127	 1.823743e-03	 1452	 iter
1128	 1.823743e-03	 1453	 iter
1129	 1.823743e-03	 1454	 iter
1130	 1.823743e-03	 1456	 iter
1131	 1.823743e-03	 1458	 iter
1132	 1.823108e-03	 1460	 iter
1133	 1.823108e-03	 1462	 iter
1134	 1.823108e-03	 1463	 iter
1135	 1.823108e-03	 1465	 iter
1136	 1.823108e-03	 1466	 iter
1137	 1.823108e-03	 1468	 iter
1138	 1.823108e-03	 1469	 iter
1139	 1.823108e-03	 1470	 iter
1140	 1.822742e-03	 1472	 iter
1141	 1.822742e-03	 1474	 iter
1142	 1.822742e-03	 1476	 iter
1143	 1.822742e-03	 1477	 iter
1144	 1.822737e-03	 1479	 iter
1145	 1.822737e-03	 1480	 iter
1146	 1.822737e-03	 1481	 iter
1147	 1.822737e-03	 1482	 iter
1148	 1.822737e-03	 1483	 iter
1149	 1.822502e-03	 1485	 iter
1150	 1.822502e-03	 1486	 iter
1151	 1.822502e-03	 1487	 iter
1152	 1.822502e-03	 1489	 iter
1153	 1.822502e-03	 1490	 iter
1154	 1.822502e-03	 1491	 iter
1155	 1.822502e-03	 1492	 iter
1156	 1.822375e-03	 1494	 iter
1157	 1.822375e-03	 1495	 iter
1158	 1.822375e-03	 1496	 iter
1159	 1.821893e-03	 1498	 iter
1160	 1.821893e-03	 1499	 iter
1161	 1.821893e-03	 1500	 iter
1162	 1.821893e-03	 1502	 iter
1163	 1.821893e-03	 1503	 iter
1164	 1.821864e-03	 1505	 iter
1165	 1.821626e-03	 1507	 iter
1166	 1.821626e-03	 1509	 iter
1167	 1.821626e-03	 1510	 iter
1168	 1.821626e-03	 1511	 iter
1169	 1.821626e-03	 1512	 iter
1170	 1.821014e-03	 1514	 iter
1171	 1.821014e-03	 1515	 iter
1172	 1.821014e-03	 1516	 iter
1173	 1.821014e-03	 1517	 iter
1174	 1.821014e-03	 1518	 iter
1175	 1.821014e-03	 1519	 iter
1176	 1.821014e-03	 1520	 iter
1177	 1.821014e-03	 1521	 iter
1178	 1.821014e-03	 1522	 iter
1179	 1.821014e-03	 1523	 iter
1180	 1.821014e-03	 1524	 iter
1181	 1.821014e-03	 1525	 iter
1182	 1.821014e-03	 1526	 iter
1183	 1.821014e-03	 1527	 iter
1184	 1.821014e-03	 1528	 iter
1185	 1.821014e-03	 1529	 iter
1186	 1.820924e-03	 1531	 iter
1187	 1.820924e-03	 1532	 iter
1188	 1.820924e-03	 1533	 iter
1189	 1.820924e-03	 1534	 iter
1190	 1.820924e-03	 1535	 iter
1191	 1.820924e-03	 1536	 iter
1192	 1.820861e-03	 1538	 iter
1193	 1.820861e-03	 1539	 iter
1194	 1.820861e-03	 1540	 iter
1195	 1.820861e-03	 1541	 iter
1196	 1.820861e-03	 1542	 iter
1197	 1.820861e-03	 1543	 iter
1198	 1.820861e-03	 1544	 iter
1199	 1.820861e-03	 1545	 iter
1200	 1.820861e-03	 1546	 iter
1201	 1.820861e-03	 1547	 iter
1202	 1.820861e-03	 1548	 iter
1203	 1.820861e-03	 1549	 iter
1204	 1.820861e-03	 1550	 iter
1205	 1.820861e-03	 1552	 iter
1206	 1.820861e-03	 1553	 iter
1207	 1.820861e-03	 1554	 iter
1208	 1.820861e-03	 1555	 iter
1209	 1.820861e-03	 1556	 iter
1210	 1.820861e-03	 1557	 iter
1211	 1.820821e-03	 1559	 iter
1212	 1.820821e-03	 1561	 iter
1213	 1.820433e-03	 1563	 iter
1214	 1.820433e-03	 1565	 iter
1215	 1.820433e-03	 1567	 iter
1216	 1.820433e-03	 1569	 iter
1217	 1.820433e-03	 1571	 iter
1218	 1.820433e-03	 1572	 iter
1219	 1.820433e-03	 1574	 iter
1220	 1.820433e-03	 1576	 iter
1221	 1.820433e-03	 1577	 iter
1222	 1.820433e-03	 1579	 iter
1223	 1.820433e-03	 1580	 iter
1224	 1.820433e-03	 1582	 iter
1225	 1.820433e-03	 1584	 iter
1226	 1.820365e-03	 1586	 iter
1227	 1.820365e-03	 1587	 iter
1228	 1.820365e-03	 1588	 iter
1229	 1.820365e-03	 1589	 iter
1230	 1.820365e-03	 1590	 iter
1231	 1.820365e-03	 1591	 iter
1232	 1.820365e-03	 1592	 iter
1233	 1.820365e-03	 1593	 iter
1234	 1.820365e-03	 1594	 iter
1235	 1.820365e-03	 1595	 iter
1236	 1.820365e-03	 1596	 iter
1237	 1.820317e-03	 1598	 iter
1238	 1.820311e-03	 1600	 iter
1239	 1.820311e-03	 1601	 iter
1240	 1.820287e-03	 1603	 iter
1241	 1.820287e-03	 1604	 iter
1242	 1.820287e-03	 1605	 iter
1243	 1.820259e-03	 1607	 iter
1244	 1.820259e-03	 1608	 iter
1245	 1.820179e-03	 1610	 iter
1246	 1.820179e-03	 1612	 iter
1247	 1.820179e-03	 1613	 iter
1248	 1.820179e-03	 1614	 iter
1249	 1.820179e-03	 1616	 iter
1250	 1.820179e-03	 1617	 iter
1251	 1.820179e-03	 1618	 iter
1252	 1.820179e-03	 1620	 iter
1253	 1.820179e-03	 1621	 iter
1254	 1.820179e-03	 1622	 iter
1255	 1.820179e-03	 1624	 iter
1256	 1.820179e-03	 1625	 iter
1257	 1.820179e-03	 1626	 iter
1258	 1.820179e-03	 1627	 iter
1259	 1.820179e-03	 1629	 iter
1260	 1.820147e-03	 1631	 iter
1261	 1.820147e-03	 1633	 iter
1262	 1.820147e-03	 1635	 iter
1263	 1.820056e-03	 1637	 iter
1264	 1.820056e-03	 1638	 iter
1265	 1.820056e-03	 1639	 iter
1266	 1.820056e-03	 1640	 iter
1267	 1.820056e-03	 1642	 iter
1268	 1.820056e-03	 1643	 iter
1269	 1.820056e-03	 1644	 iter
1270	 1.820056e-03	 1646	 iter
1271	 1.820056e-03	 1647	 iter
1272	 1.820056e-03	 1649	 iter
1273	 1.820028e-03	 1651	 iter
1274	 1.820028e-03	 1652	 iter
1275	 1.820028e-03	 1654	 iter
1276	 1.820028e-03	 1655	 iter
1277	 1.820028e-03	 1656	 iter
1278	 1.820028e-03	 1657	 iter
1279	 1.820028e-03	 1658	 iter
1280	 1.820028e-03	 1659	 iter
1281	 1.820028e-03	 1660	 iter
1282	 1.820028e-03	 1661	 iter
1283	 1.820028e-03	 1662	 iter
1284	 1.820028e-03	 1663	 iter
1285	 1.820028e-03	 1664	 iter
1286	 1.820028e-03	 1666	 iter
1287	 1.820028e-03	 1668	 iter
1288	 1.820028e-03	 1669	 iter
1289	 1.820028e-03	 1670	 iter
1290	 1.820028e-03	 1671	 iter
1291	 1.820028e-03	 1673	 iter
1292	 1.820028e-03	 1674	 iter
1293	 1.820028e-03	 1676	 iter
1294	 1.819992e-03	 1678	 iter
1295	 1.819985e-03	 1680	 iter
1296	 1.819985e-03	 1681	 iter
1297	 1.819980e-03	 1683	 iter
1298	 1.819980e-03	 1684	 iter
1299	 1.819980e-03	 1685	 iter
1300	 1.819980e-03	 1686	 iter
1301	 1.819980e-03	 1688	 iter
1302	 1.819980e-03	 1689	 iter
1303	 1.819980e-03	 1690	 iter
1304	 1.819964e-03	 1692	 iter
1305	 1.819964e-03	 1693	 iter
1306	 1.819964e-03	 1695	 iter
1307	 1.819964e-03	 1696	 iter
1308	 1.819957e-03	 1698	 iter
1309	 1.819957e-03	 1699	 iter
1310	 1.819938e-03	 1701	 iter
1311	 1.819938e-03	 1702	 iter
1312	 1.819938e-03	 1703	 iter
1313	 1.819938e-03	 1704	 iter
1314	 1.819938e-03	 1705	 iter
1315	 1.819929e-03	 1707	 iter
1316	 1.819929e-03	 1708	 iter
1317	 1.819929e-03	 1709	 iter
1318	 1.819873e-03	 1711	 iter
1319	 1.819873e-03	 1712	 iter
1320	 1.819873e-03	 1713	 iter
1321	 1.819873e-03	 1714	 iter
1322	 1.819873e-03	 1715	 iter
1323	 1.819873e-03	 1716	 iter
1324	 1.819873e-03	 1717	 iter
1325	 1.819873e-03	 1718	 iter
1326	 1.819873e-03	 1719	 iter
1327	 1.819873e-03	 1720	 iter
1328	 1.819873e-03	 1721	 iter
1329	 1.819873e-03	 1722	 iter
1330	 1.819873e-03	 1723	 iter
1331	 1.819873e-03	 1724	 iter
1332	 1.819858e-03	 1726	 iter
1333	 1.819858e-03	 1727	 iter
1334	 1.819840e-03	 1729	 iter
1335	 1.819840e-03	 1730	 iter
1336	 1.819840e-03	 1731	 iter
1337	 1.819840e-03	 1732	 iter
1338	 1.819840e-03	 1733	 iter
1339	 1.819840e-03	 1734	 iter
1340	 1.819840e-03	 1735	 iter
1341	 1.819822e-03	 1737	 iter
1342	 1.819780e-03	 1739	 iter
1343	 1.819780e-03	 1740	 iter
1344	 1.819780e-03	 1741	 iter
1345	 1.819780e-03	 1742	 iter
1346	 1.819780e-03	 1743	 iter
1347	 1.819780e-03	 1744	 iter
1348	 1.819765e-03	 1746	 iter
1349	 1.819763e-03	 1748	 iter
1350	 1.819763e-03	 1749	 iter
1351	 1.819763e-03	 1750	 iter
1352	 1.819750e-03	 1752	 iter
1353	 1.819750e-03	 1753	 iter
1354	 1.819750e-03	 1754	 iter
1355	 1.819695e-03	 1756	 iter
1356	 1.819695e-03	 1757	 iter
1357	 1.819675e-03	 1759	 iter
1358	 1.819675e-03	 1760	 iter
1359	 1.819675e-03	 1761	 iter
1360	 1.819675e-03	 1762	 iter
1361	 1.819675e-03	 1763	 iter
1362	 1.819675e-03	 1764	 iter
1363	 1.819661e-03	 1766	 iter
1364	 1.819661e-03	 1767	 iter
1365	 1.819641e-03	 1769	 iter
1366	 1.819624e-03	 1771	 iter
1367	 1.819624e-03	 1772	 iter
1368	 1.819624e-03	 1773	 iter
1369	 1.819624e-03	 1774	 iter
1370	 1.819581e-03	 1776	 iter
1371	 1.819573e-03	 1778	 iter
1372	 1.819573e-03	 1779	 iter
1373	 1.819573e-03	 1780	 iter
1374	 1.819573e-03	 1781	 iter
1375	 1.819573e-03	 1782	 iter
1376	 1.819573e-03	 1783	 iter
1377	 1.819573e-03	 1784	 iter
1378	 1.819573e-03	 1785	 iter
1379	 1.819552e-03	 1787	 iter
1380	 1.819552e-03	 1789	 iter
1381	 1.819552e-03	 1790	 iter
1382	 1.819552e-03	 1791	 iter
1383	 1.819552e-03	 1792	 iter
1384	 1.819547e-03	 1794	 iter
1385	 1.819547e-03	 1795	 iter
1386	 1.819517e-03	 1797	 iter
1387	 1.819517e-03	 1798	 iter
1388	 1.819517e-03	 1799	 iter
1389	 1.819517e-03	 1800	 iter
1390	 1.819517e-03	 1802	 iter
1391	 1.819517e-03	 1803	 iter
1392	 1.819517e-03	 1804	 iter
1393	 1.819517e-03	 1805	 iter
1394	 1.819517e-03	 1806	 iter
1395	 1.819499e-03	 1808	 iter
1396	 1.819499e-03	 1810	 iter
1397	 1.819499e-03	 1811	 iter
1398	 1.819499e-03	 1812	 iter
1399	 1.819499e-03	 1813	 iter
1400	 1.819481e-03	 1815	 iter
1401	 1.819481e-03	 1817	 iter
1402	 1.819458e-03	 1819	 iter
1403	 1.819458e-03	 1820	 iter
1404	 1.819458e-03	 1821	 iter
1405	 1.819458e-03	 1823	 iter
1406	 1.819458e-03	 1824	 iter
1407	 1.819458e-03	 1825	 iter
1408	 1.819458e-03	 1826	 iter
1409	 1.819458e-03	 1827	 iter
1410	 1.819458e-03	 1828	 iter
1411	 1.819422e-03	 1830	 iter
1412	 1.819422e-03	 1831	 iter
1413	 1.819422e-03	 1832	 iter
1414	 1.819422e-03	 1833	 iter
1415	 1.819415e-03	 1835	 iter
1416	 1.819415e-03	 1836	 iter
1417	 1.819415e-03	 1837	 iter
1418	 1.819415e-03	 1838	 iter
1419	 1.819407e-03	 1840	 iter
1420	 1.819356e-03	 1842	 iter
1421	 1.819356e-03	 1843	 iter
1422	 1.819356e-03	 1844	 iter
1423	 1.819356e-03	 1845	 iter
1424	 1.819356e-03	 1846	 iter
1425	 1.819356e-03	 1847	 iter
1426	 1.819356e-03	 1848	 iter
1427	 1.819356e-03	 1849	 iter
1428	 1.819356e-03	 1850	 iter
1429	 1.819356e-03	 1851	 iter
1430	 1.819343e-03	 1853	 iter
1431	 1.819332e-03	 1855	 iter
1432	 1.819332e-03	 1856	 iter
1433	 1.819332e-03	 1857	 iter
1434	 1.819327e-03	 1859	 iter
1435	 1.819327e-03	 1860	 iter
1436	 1.819301e-03	 1862	 iter
1437	 1.819301e-03	 1863	 iter
1438	 1.819301e-03	 1864	 iter
1439	 1.819244e-03	 1866	 iter
1440	 1.819244e-03	 1867	 iter
1441	 1.819244e-03	 1868	 iter
1442	 1.819244e-03	 1869	 iter
1443	 1.819244e-03	 1870	 iter
1444	 1.819244e-03	 1871	 iter
1445	 1.819244e-03	 1872	 iter
1446	 1.819244e-03	 1873	 iter
1447	 1.819221e-03	 1875	 iter
1448	 1.819221e-03	 1876	 iter
1449	 1.819221e-03	 1877	 iter
1450	 1.819182e-03	 1879	 iter
1451	 1.819182e-03	 1880	 iter
1452	 1.819182e-03	 1881	 iter
1453	 1.819166e-03	 1883	 iter
1454	 1.819166e-03	 1884	 iter
1455	 1.819142e-03	 1886	 iter
1456	 1.819142e-03	 1887	 iter
1457	 1.819142e-03	 1888	 iter
1458	 1.819136e-03	 1890	 iter
1459	 1.819010e-03	 1892	 iter
1460	 1.819010e-03	 1893	 iter
1461	 1.819010e-03	 1894	 iter
1462	 1.819010e-03	 1895	 iter
1463	 1.819010e-03	 1896	 iter
1464	 1.819010e-03	 1897	 iter
1465	 1.819010e-03	 1898	 iter
1466	 1.819010e-03	 1899	 iter
1467	 1.818992e-03	 1901	 iter
1468	 1.818992e-03	 1902	 iter
1469	 1.818992e-03	 1903	 iter
1470	 1.818992e-03	 1904	 iter
1471	 1.818946e-03	 1906	 iter
1472	 1.818878e-03	 1908	 iter
1473	 1.818878e-03	 1909	 iter
1474	 1.818878e-03	 1910	 iter
1475	 1.818734e-03	 1912	 iter
1476	 1.818734e-03	 1913	 iter
1477	 1.818734e-03	 1914	 iter
1478	 1.818734e-03	 1915	 iter
1479	 1.818734e-03	 1916	 iter
1480	 1.818734e-03	 1917	 iter
1481	 1.818734e-03	 1918	 iter
1482	 1.818734e-03	 1919	 iter
1483	 1.818734e-03	 1920	 iter
1484	 1.818734e-03	 1921	 iter
1485	 1.818734e-03	 1922	 iter
1486	 1.818605e-03	 1924	 iter
1487	 1.818605e-03	 1925	 iter
1488	 1.818605e-03	 1926	 iter
1489	 1.818605e-03	 1927	 iter
1490	 1.818605e-03	 1928	 iter
1491	 1.818534e-03	 1930	 iter
1492	 1.818534e-03	 1931	 iter
1493	 1.818534e-03	 1932	 iter
1494	 1.818520e-03	 1934	 iter
1495	 1.818520e-03	 1935	 iter
1496	 1.818514e-03	 1937	 iter
1497	 1.818467e-03	 1939	 iter
1498	 1.818144e-03	 1941	 iter
1499	 1.818144e-03	 1942	 iter
1500	 1.818144e-03	 1943	 iter
1501	 1.818144e-03	 1944	 iter
1502	 1.818144e-03	 1945	 iter
1503	 1.818144e-03	 1946	 iter
1504	 1.818144e-03	 1947	 iter
1505	 1.818144e-03	 1948	 iter
1506	 1.818144e-03	 1949	 iter
1507	 1.818144e-03	 1950	 iter
1508	 1.818086e-03	 1952	 iter
1509	 1.817944e-03	 1954	 iter
1510	 1.817944e-03	 1955	 iter
1511	 1.817944e-03	 1956	 iter
1512	 1.817944e-03	 1957	 iter
1513	 1.817944e-03	 1958	 iter
1514	 1.817944e-03	 1959	 iter
1515	 1.817944e-03	 1960	 iter
1516	 1.817936e-03	 1962	 iter
1517	 1.817635e-03	 1964	 iter
1518	 1.817635e-03	 1965	 iter
1519	 1.817373e-03	 1967	 iter
1520	 1.817373e-03	 1968	 iter
1521	 1.817373e-03	 1969	 iter
1522	 1.817373e-03	 1970	 iter
1523	 1.817373e-03	 1971	 iter
1524	 1.817373e-03	 1972	 iter
1525	 1.817373e-03	 1973	 iter
1526	 1.817373e-03	 1974	 iter
1527	 1.817373e-03	 1975	 iter
1528	 1.817373e-03	 1976	 iter
1529	 1.817373e-03	 1977	 iter
1530	 1.817373e-03	 1978	 iter
1531	 1.817373e-03	 1979	 iter
1532	 1.817373e-03	 1980	 iter
1533	 1.817297e-03	 1982	 iter
1534	 1.817297e-03	 1983	 iter
1535	 1.817297e-03	 1984	 iter
1536	 1.817243e-03	 1986	 iter
1537	 1.817117e-03	 1988	 iter
1538	 1.817117e-03	 1989	 iter
1539	 1.817117e-03	 1990	 iter
1540	 1.816839e-03	 1992	 iter
1541	 1.816839e-03	 1993	 iter
1542	 1.816839e-03	 1994	 iter
1543	 1.816839e-03	 1995	 iter
1544	 1.816462e-03	 1997	 iter
1545	 1.816462e-03	 1998	 iter
1546	 1.816462e-03	 1999	 iter
1547	 1.816462e-03	 2000	 iter
1548	 1.816462e-03	 2001	 iter
1549	 1.816462e-03	 2002	 iter
1550	 1.816329e-03	 2004	 iter
1551	 1.816329e-03	 2005	 iter
1552	 1.816148e-03	 2007	 iter
1553	 1.816148e-03	 2008	 iter
1554	 1.816148e-03	 2009	 iter
1555	 1.816148e-03	 2010	 iter
1556	 1.815270e-03	 2012	 iter
1557	 1.815270e-03	 2013	 iter
1558	 1.815270e-03	 2014	 iter
1559	 1.815270e-03	 2015	 iter
1560	 1.815270e-03	 2016	 iter
1561	 1.815270e-03	 2017	 iter
1562	 1.815270e-03	 2018	 iter
1563	 1.814854e-03	 2020	 iter
1564	 1.814854e-03	 2021	 iter
1565	 1.814854e-03	 2022	 iter
1566	 1.814854e-03	 2023	 iter
1567	 1.814854e-03	 2024	 iter
1568	 1.814854e-03	 2025	 iter
1569	 1.814854e-03	 2026	 iter
1570	 1.814854e-03	 2027	 iter
1571	 1.814633e-03	 2029	 iter
1572	 1.814171e-03	 2031	 iter
1573	 1.814171e-03	 2032	 iter
1574	 1.813708e-03	 2034	 iter
1575	 1.813708e-03	 2035	 iter
1576	 1.813073e-03	 2037	 iter
1577	 1.813073e-03	 2038	 iter
1578	 1.813073e-03	 2039	 iter
1579	 1.813073e-03	 2040	 iter
1580	 1.813073e-03	 2041	 iter
1581	 1.813073e-03	 2042	 iter
1582	 1.812499e-03	 2044	 iter
1583	 1.812499e-03	 2045	 iter
1584	 1.812499e-03	 2046	 iter
1585	 1.812499e-03	 2047	 iter
1586	 1.812499e-03	 2048	 iter
1587	 1.812471e-03	 2050	 iter
1588	 1.811819e-03	 2052	 iter
1589	 1.811819e-03	 2053	 iter
1590	 1.811819e-03	 2054	 iter
1591	 1.811819e-03	 2055	 iter
1592	 1.811819e-03	 2056	 iter
1593	 1.811819e-03	 2057	 iter
1594	 1.811819e-03	 2058	 iter
1595	 1.811323e-03	 2060	 iter
1596	 1.810848e-03	 2062	 iter
1597	 1.810848e-03	 2063	 iter
1598	 1.810171e-03	 2065	 iter
1599	 1.809480e-03	 2067	 iter
1600	 1.809480e-03	 2068	 iter
1601	 1.808572e-03	 2070	 iter
1602	 1.808572e-03	 2071	 iter
1603	 1.808572e-03	 2072	 iter
1604	 1.808572e-03	 2073	 iter
1605	 1.808572e-03	 2074	 iter
1606	 1.808572e-03	 2075	 iter
1607	 1.807928e-03	 2077	 iter
1608	 1.805371e-03	 2079	 iter
1609	 1.805371e-03	 2080	 iter
1610	 1.805371e-03	 2081	 iter
1611	 1.805371e-03	 2082	 iter
1612	 1.805371e-03	 2083	 iter
1613	 1.805371e-03	 2084	 iter
1614	 1.805371e-03	 2085	 iter
1615	 1.805371e-03	 2086	 iter
1616	 1.804207e-03	 2088	 iter
1617	 1.804207e-03	 2089	 iter
1618	 1.804207e-03	 2090	 iter
1619	 1.804207e-03	 2091	 iter
1620	 1.804207e-03	 2092	 iter
1621	 1.803909e-03	 2094	 iter
1622	 1.803533e-03	 2096	 iter
1623	 1.803365e-03	 2098	 iter
1624	 1.803365e-03	 2099	 iter
1625	 1.803365e-03	 2100	 iter
1626	 1.803365e-03	 2101	 iter
1627	 1.802959e-03	 2103	 iter
1628	 1.802959e-03	 2104	 iter
1629	 1.802162e-03	 2106	 iter
1630	 1.802162e-03	 2107	 iter
1631	 1.802162e-03	 2108	 iter
1632	 1.802162e-03	 2109	 iter
1633	 1.802055e-03	 2111	 iter
1634	 1.802055e-03	 2112	 iter
1635	 1.802055e-03	 2113	 iter
1636	 1.802055e-03	 2114	 iter
1637	 1.801768e-03	 2116	 iter
1638	 1.801768e-03	 2117	 iter
1639	 1.801701e-03	 2119	 iter
1640	 1.801701e-03	 2120	 iter
1641	 1.801701e-03	 2121	 iter
1642	 1.800055e-03	 2123	 iter
1643	 1.800055e-03	 2124	 iter
1644	 1.799658e-03	 2126	 iter
1645	 1.799658e-03	 2127	 iter
1646	 1.799658e-03	 2128	 iter
1647	 1.799658e-03	 2129	 iter
1648	 1.799355e-03	 2131	 iter
1649	 1.799355e-03	 2132	 iter
1650	 1.799355e-03	 2133	 iter
1651	 1.799355e-03	 2135	 iter
1652	 1.799355e-03	 2136	 iter
1653	 1.799355e-03	 2137	 iter
1654	 1.799355e-03	 2138	 iter
1655	 1.799355e-03	 2139	 iter
1656	 1.799355e-03	 2140	 iter
1657	 1.798509e-03	 2142	 iter
1658	 1.798509e-03	 2143	 iter
1659	 1.798509e-03	 2144	 iter
1660	 1.798509e-03	 2145	 iter
1661	 1.798509e-03	 2146	 iter
1662	 1.798509e-03	 2148	 iter
1663	 1.797670e-03	 2150	 iter
1664	 1.797670e-03	 2151	 iter
1665	 1.797670e-03	 2152	 iter
1666	 1.797670e-03	 2153	 iter
1667	 1.797670e-03	 2154	 iter
1668	 1.797670e-03	 2155	 iter
1669	 1.797670e-03	 2156	 iter
1670	 1.797670e-03	 2157	 iter
1671	 1.796726e-03	 2159	 iter
1672	 1.796726e-03	 2160	 iter
1673	 1.796726e-03	 2161	 iter
1674	 1.796726e-03	 2162	 iter
1675	 1.796726e-03	 2163	 iter
1676	 1.796726e-03	 2164	 iter
1677	 1.796726e-03	 2165	 iter
1678	 1.796726e-03	 2166	 iter
1679	 1.796726e-03	 2167	 iter
1680	 1.796726e-03	 2168	 iter
1681	 1.796721e-03	 2170	 iter
1682	 1.796721e-03	 2171	 iter
1683	 1.796721e-03	 2172	 iter
1684	 1.795468e-03	 2174	 iter
1685	 1.795468e-03	 2175	 iter
1686	 1.795468e-03	 2176	 iter
1687	 1.794676e-03	 2178	 iter
1688	 1.794676e-03	 2179	 iter
1689	 1.794676e-03	 2180	 iter
1690	 1.794676e-03	 2181	 iter
1691	 1.794676e-03	 2182	 iter
1692	 1.794676e-03	 2184	 iter
1693	 1.794676e-03	 2185	 iter
1694	 1.794676e-03	 2186	 iter
1695	 1.794676e-03	 2187	 iter
1696	 1.794676e-03	 2188	 iter
1697	 1.794676e-03	 2189	 iter
1698	 1.794676e-03	 2190	 iter
1699	 1.794676e-03	 2191	 iter
1700	 1.794676e-03	 2192	 iter
1701	 1.794676e-03	 2193	 iter
1702	 1.794676e-03	 2195	 iter
1703	 1.794657e-03	 2197	 iter
1704	 1.793767e-03	 2199	 iter
1705	 1.793767e-03	 2200	 iter
1706	 1.793767e-03	 2201	 iter
1707	 1.793767e-03	 2202	 iter
1708	 1.793767e-03	 2203	 iter
1709	 1.793767e-03	 2204	 iter
1710	 1.793767e-03	 2205	 iter
1711	 1.793767e-03	 2206	 iter
1712	 1.793767e-03	 2207	 iter
1713	 1.793767e-03	 2209	 iter
1714	 1.793767e-03	 2211	 iter
1715	 1.793297e-03	 2213	 iter
1716	 1.793297e-03	 2214	 iter
1717	 1.793297e-03	 2215	 iter
1718	 1.793297e-03	 2217	 iter
1719	 1.793297e-03	 2218	 iter
1720	 1.793297e-03	 2219	 iter
1721	 1.793297e-03	 2220	 iter
1722	 1.793297e-03	 2222	 iter
1723	 1.793297e-03	 2223	 iter
1724	 1.793297e-03	 2225	 iter
1725	 1.793297e-03	 2226	 iter
1726	 1.793297e-03	 2227	 iter
1727	 1.793297e-03	 2228	 iter
1728	 1.793297e-03	 2229	 iter
1729	 1.793297e-03	 2231	 iter
1730	 1.793297e-03	 2233	 iter
1731	 1.793297e-03	 2235	 iter
1732	 1.793297e-03	 2237	 iter
1733	 1.793297e-03	 2239	 iter
1734	 1.793297e-03	 2241	 iter
1735	 1.792715e-03	 2243	 iter
1736	 1.792715e-03	 2244	 iter
1737	 1.792715e-03	 2246	 iter
1738	 1.792715e-03	 2248	 iter
1739	 1.792715e-03	 2249	 iter
1740	 1.792715e-03	 2250	 iter
1741	 1.792715e-03	 2251	 iter
1742	 1.792715e-03	 2252	 iter
1743	 1.792715e-03	 2254	 iter
1744	 1.792715e-03	 2256	 iter
1745	 1.792715e-03	 2257	 iter
1746	 1.792715e-03	 2258	 iter
1747	 1.792715e-03	 2259	 iter
1748	 1.792715e-03	 2260	 iter
1749	 1.792715e-03	 2261	 iter
1750	 1.792715e-03	 2262	 iter
1751	 1.792715e-03	 2263	 iter
1752	 1.792715e-03	 2264	 iter
1753	 1.792715e-03	 2265	 iter
1754	 1.792715e-03	 2266	 iter
1755	 1.792715e-03	 2268	 iter
1756	 1.792715e-03	 2269	 iter
1757	 1.792715e-03	 2271	 iter
1758	 1.792715e-03	 2272	 iter
1759	 1.792311e-03	 2274	 iter
1760	 1.792311e-03	 2275	 iter
1761	 1.792311e-03	 2276	 iter
1762	 1.792311e-03	 2277	 iter
1763	 1.792311e-03	 2278	 iter
1764	 1.792311e-03	 2279	 iter
1765	 1.792311e-03	 2280	 iter
1766	 1.792311e-03	 2281	 iter
1767	 1.792311e-03	 2282	 iter
1768	 1.792311e-03	 2283	 iter
1769	 1.792311e-03	 2284	 iter
1770	 1.792311e-03	 2286	 iter
1771	 1.792311e-03	 2287	 iter
1772	 1.792202e-03	 2289	 iter
1773	 1.792202e-03	 2290	 iter
1774	 1.792202e-03	 2291	 iter
1775	 1.792202e-03	 2292	 iter
1776	 1.792202e-03	 2293	 iter
1777	 1.792202e-03	 2294	 iter
1778	 1.792202e-03	 2295	 iter
1779	 1.792141e-03	 2297	 iter
1780	 1.792141e-03	 2298	 iter
1781	 1.792006e-03	 2300	 iter
1782	 1.792006e-03	 2301	 iter
1783	 1.792006e-03	 2302	 iter
1784	 1.792006e-03	 2303	 iter
1785	 1.792006e-03	 2304	 iter
1786	 1.791913e-03	 2306	 iter
1787	 1.791913e-03	 2308	 iter
1788	 1.791913e-03	 2309	 iter
1789	 1.791913e-03	 2310	 iter
1790	 1.791913e-03	 2311	 iter
1791	 1.791913e-03	 2312	 iter
1792	 1.791913e-03	 2313	 iter
1793	 1.791913e-03	 2314	 iter
1794	 1.791913e-03	 2315	 iter
1795	 1.791913e-03	 2317	 iter
1796	 1.791913e-03	 2318	 iter
1797	 1.791913e-03	 2320	 iter
1798	 1.791521e-03	 2322	 iter
1799	 1.791521e-03	 2323	 iter
1800	 1.791521e-03	 2324	 iter
1801	 1.791521e-03	 2325	 iter
1802	 1.791521e-03	 2327	 iter
1803	 1.791521e-03	 2328	 iter
1804	 1.791521e-03	 2329	 iter
1805	 1.791521e-03	 2330	 iter
1806	 1.791521e-03	 2331	 iter
1807	 1.791521e-03	 2332	 iter
1808	 1.791521e-03	 2333	 iter
1809	 1.791521e-03	 2334	 iter
1810	 1.791521e-03	 2335	 iter
1811	 1.791521e-03	 2336	 iter
1812	 1.791521e-03	 2337	 iter
1813	 1.791426e-03	 2339	 iter
1814	 1.791426e-03	 2340	 iter
1815	 1.791426e-03	 2341	 iter
1816	 1.791426e-03	 2342	 iter
1817	 1.791426e-03	 2343	 iter
1818	 1.791275e-03	 2345	 iter
1819	 1.791275e-03	 2346	 iter
1820	 1.791275e-03	 2347	 iter
1821	 1.791275e-03	 2348	 iter
1822	 1.791275e-03	 2349	 iter
1823	 1.791275e-03	 2350	 iter
1824	 1.791275e-03	 2351	 iter
1825	 1.791275e-03	 2353	 iter
1826	 1.791266e-03	 2355	 iter
1827	 1.791266e-03	 2356	 iter
1828	 1.791266e-03	 2357	 iter
1829	 1.791266e-03	 2358	 iter
1830	 1.791266e-03	 2359	 iter
1831	 1.791266e-03	 2361	 iter
1832	 1.791206e-03	 2363	 iter
1833	 1.791206e-03	 2364	 iter
1834	 1.791200e-03	 2366	 iter
1835	 1.791200e-03	 2367	 iter
1836	 1.791084e-03	 2369	 iter
1837	 1.791084e-03	 2371	 iter
1838	 1.791084e-03	 2372	 iter
1839	 1.791084e-03	 2373	 iter
1840	 1.791084e-03	 2374	 iter
1841	 1.791084e-03	 2375	 iter
1842	 1.791084e-03	 2376	 iter
1843	 1.791084e-03	 2377	 iter
1844	 1.791084e-03	 2378	 iter
1845	 1.791084e-03	 2379	 iter
1846	 1.791084e-03	 2380	 iter
1847	 1.791084e-03	 2382	 iter
1848	 1.791084e-03	 2383	 iter
1849	 1.791084e-03	 2385	 iter
1850	 1.791026e-03	 2387	 iter
1851	 1.791026e-03	 2389	 iter
1852	 1.790988e-03	 2391	 iter
1853	 1.790988e-03	 2392	 iter
1854	 1.790988e-03	 2393	 iter
1855	 1.790946e-03	 2395	 iter
1856	 1.790946e-03	 2396	 iter
1857	 1.790946e-03	 2397	 iter
1858	 1.790946e-03	 2398	 iter
1859	 1.790946e-03	 2399	 iter
1860	 1.790946e-03	 2400	 iter
1861	 1.790946e-03	 2401	 iter
1862	 1.790946e-03	 2403	 iter
1863	 1.790946e-03	 2405	 iter
1864	 1.790946e-03	 2406	 iter
1865	 1.790929e-03	 2408	 iter
1866	 1.790929e-03	 2410	 iter
1867	 1.790929e-03	 2411	 iter
1868	 1.790929e-03	 2412	 iter
1869	 1.790929e-03	 2413	 iter
1870	 1.790929e-03	 2414	 iter
1871	 1.790929e-03	 2415	 iter
1872	 1.790929e-03	 2417	 iter
1873	 1.790929e-03	 2419	 iter
1874	 1.790929e-03	 2420	 iter
1875	 1.790929e-03	 2421	 iter
1876	 1.790929e-03	 2422	 iter
1877	 1.790929e-03	 2423	 iter
1878	 1.790884e-03	 2425	 iter
1879	 1.790884e-03	 2426	 iter
1880	 1.790884e-03	 2427	 iter
1881	 1.790884e-03	 2428	 iter
1882	 1.790884e-03	 2430	 iter
1883	 1.790877e-03	 2432	 iter
1884	 1.790877e-03	 2433	 iter
1885	 1.790877e-03	 2434	 iter
1886	 1.790877e-03	 2436	 iter
1887	 1.790877e-03	 2437	 iter
1888	 1.790877e-03	 2438	 iter
1889	 1.790877e-03	 2439	 iter
1890	 1.790877e-03	 2441	 iter
1891	 1.790877e-03	 2442	 iter
1892	 1.790877e-03	 2443	 iter
1893	 1.790863e-03	 2445	 iter
1894	 1.790860e-03	 2447	 iter
1895	 1.790860e-03	 2448	 iter
1896	 1.790860e-03	 2449	 iter
1897	 1.790860e-03	 2450	 iter
1898	 1.790860e-03	 2451	 iter
1899	 1.790860e-03	 2453	 iter
1900	 1.790860e-03	 2455	 iter
1901	 1.790852e-03	 2457	 iter
1902	 1.790852e-03	 2458	 iter
1903	 1.790852e-03	 2459	 iter
1904	 1.790852e-03	 2461	 iter
1905	 1.790817e-03	 2463	 iter
1906	 1.790817e-03	 2465	 iter
1907	 1.790817e-03	 2467	 iter
1908	 1.790817e-03	 2469	 iter
1909	 1.790817e-03	 2470	 iter
1910	 1.790817e-03	 2472	 iter
1911	 1.790804e-03	 2474	 iter
1912	 1.790804e-03	 2475	 iter
1913	 1.790804e-03	 2476	 iter
1914	 1.790804e-03	 2478	 iter
1915	 1.790804e-03	 2480	 iter
1916	 1.790804e-03	 2481	 iter
1917	 1.790804e-03	 2483	 iter
1918	 1.790804e-03	 2485	 iter
1919	 1.790804e-03	 2486	 iter
1920	 1.790804e-03	 2487	 iter
1921	 1.790804e-03	 2488	 iter
1922	 1.790804e-03	 2490	 iter
1923	 1.790804e-03	 2491	 iter
1924	 1.790804e-03	 2492	 iter
1925	 1.790804e-03	 2493	 iter
1926	 1.790804e-03	 2494	 iter
1927	 1.790802e-03	 2496	 iter
1928	 1.790802e-03	 2497	 iter
1929	 1.790802e-03	 2498	 iter
1930	 1.790796e-03	 2500	 iter
1931	 1.790796e-03	 2501	 iter
1932	 1.790784e-03	 2503	 iter
1933	 1.790784e-03	 2504	 iter
1934	 1.790784e-03	 2506	 iter
1935	 1.790784e-03	 2507	 iter
1936	 1.790784e-03	 2508	 iter
1937	 1.790784e-03	 2509	 iter
1938	 1.790784e-03	 2510	 iter
1939	 1.790784e-03	 2511	 iter
1940	 1.790784e-03	 2512	 iter
1941	 1.790784e-03	 2513	 iter
1942	 1.790784e-03	 2514	 iter
1943	 1.790784e-03	 2516	 iter
1944	 1.790784e-03	 2517	 iter
1945	 1.790777e-03	 2519	 iter
1946	 1.790769e-03	 2521	 iter
1947	 1.790769e-03	 2522	 iter
1948	 1.790769e-03	 2524	 iter
1949	 1.790769e-03	 2525	 iter
1950	 1.790769e-03	 2526	 iter
1951	 1.790764e-03	 2528	 iter
1952	 1.790764e-03	 2529	 iter
1953	 1.790760e-03	 2531	 iter
1954	 1.790760e-03	 2533	 iter
1955	 1.790760e-03	 2534	 iter
1956	 1.790760e-03	 2535	 iter
1957	 1.790760e-03	 2536	 iter
1958	 1.790760e-03	 2537	 iter
1959	 1.790755e-03	 2539	 iter
1960	 1.790755e-03	 2541	 iter
1961	 1.790755e-03	 2542	 iter
1962	 1.790755e-03	 2543	 iter
1963	 1.790755e-03	 2544	 iter
1964	 1.790755e-03	 2545	 iter
1965	 1.790755e-03	 2546	 iter
1966	 1.790746e-03	 2548	 iter
1967	 1.790746e-03	 2549	 iter
1968	 1.790746e-03	 2550	 iter
1969	 1.790746e-03	 2551	 iter
1970	 1.790746e-03	 2552	 iter
1971	 1.790746e-03	 2553	 iter
1972	 1.790746e-03	 2554	 iter
1973	 1.790746e-03	 2556	 iter
1974	 1.790746e-03	 2557	 iter
1975	 1.790746e-03	 2558	 iter
1976	 1.790746e-03	 2560	 iter
1977	 1.790746e-03	 2561	 iter
1978	 1.790746e-03	 2562	 iter
1979	 1.790746e-03	 2563	 iter
1980	 1.790746e-03	 2564	 iter
1981	 1.790742e-03	 2566	 iter
1982	 1.790742e-03	 2567	 iter
1983	 1.790742e-03	 2568	 iter
1984	 1.790742e-03	 2569	 iter
1985	 1.790742e-03	 2570	 iter
1986	 1.790742e-03	 2571	 iter
1987	 1.790742e-03	 2573	 iter
1988	 1.790742e-03	 2575	 iter
1989	 1.790742e-03	 2576	 iter
1990	 1.790742e-03	 2577	 iter
1991	 1.790741e-03	 2579	 iter
1992	 1.790741e-03	 2580	 iter
1993	 1.790741e-03	 2582	 iter
1994	 1.790741e-03	 2583	 iter
1995	 1.790741e-03	 2585	 iter
1996	 1.790741e-03	 2586	 iter
1997	 1.790741e-03	 2587	 iter
1998	 1.790741e-03	 2589	 iter
1999	 1.790741e-03	 2591	 iter
2000	 1.790741e-03	 2593	 iter
2001	 1.790741e-03	 2595	 iter
2002	 1.790739e-03	 2597	 iter
2003	 1.790731e-03	 2599	 iter
2004	 1.790731e-03	 2600	 iter
2005	 1.790731e-03	 2601	 iter
2006	 1.790728e-03	 2603	 iter
2007	 1.790728e-03	 2604	 iter
2008	 1.790728e-03	 2605	 iter
2009	 1.790726e-03	 2607	 iter
2010	 1.790726e-03	 2608	 iter
2011	 1.790725e-03	 2610	 iter
2012	 1.790724e-03	 2612	 iter
2013	 1.790724e-03	 2613	 iter
2014	 1.790724e-03	 2614	 iter
2015	 1.790724e-03	 2615	 iter
2016	 1.790724e-03	 2616	 iter
2017	 1.790723e-03	 2618	 iter
2018	 1.790721e-03	 2620	 iter
2019	 1.790720e-03	 2622	 iter
2020	 1.790720e-03	 2623	 iter
2021	 1.790720e-03	 2624	 iter
2022	 1.790720e-03	 2625	 iter
2023	 1.790720e-03	 2626	 iter
2024	 1.790720e-03	 2627	 iter
2025	 1.790720e-03	 2628	 iter
2026	 1.790720e-03	 2629	 iter
2027	 1.790720e-03	 2630	 iter
2028	 1.790713e-03	 2632	 iter
2029	 1.790713e-03	 2633	 iter
2030	 1.790713e-03	 2634	 iter
2031	 1.790713e-03	 2636	 iter
2032	 1.790713e-03	 2637	 iter
2033	 1.790713e-03	 2638	 iter
2034	 1.790713e-03	 2639	 iter
2035	 1.790713e-03	 2640	 iter
2036	 1.790713e-03	 2642	 iter
2037	 1.790713e-03	 2643	 iter
2038	 1.790713e-03	 2644	 iter
2039	 1.790713e-03	 2645	 iter
2040	 1.790713e-03	 2646	 iter
2041	 1.790713e-03	 2647	 iter
2042	 1.790712e-03	 2649	 iter
2043	 1.790712e-03	 2651	 iter
2044	 1.790712e-03	 2652	 iter
2045	 1.790712e-03	 2653	 iter
2046	 1.790712e-03	 2655	 iter
2047	 1.790711e-03	 2657	 iter
2048	 1.790711e-03	 2659	 iter
2049	 1.790711e-03	 2660	 iter
2050	 1.790711e-03	 2661	 iter
2051	 1.790711e-03	 2662	 iter
2052	 1.790711e-03	 2663	 iter
2053	 1.790710e-03	 2665	 iter
2054	 1.790710e-03	 2667	 iter
2055	 1.790710e-03	 2668	 iter
2056	 1.790710e-03	 2670	 iter
2057	 1.790710e-03	 2671	 iter
2058	 1.790710e-03	 2672	 iter
2059	 1.790710e-03	 2673	 iter
2060	 1.790709e-03	 2675	 iter
2061	 1.790709e-03	 2677	 iter
2062	 1.790709e-03	 2678	 iter
2063	 1.790706e-03	 2680	 iter
2064	 1.790706e-03	 2681	 iter
2065	 1.790706e-03	 2683	 iter
2066	 1.790706e-03	 2684	 iter
2067	 1.790706e-03	 2686	 iter
2068	 1.790706e-03	 2688	 iter
2069	 1.790706e-03	 2690	 iter
2070	 1.790706e-03	 2692	 iter
2071	 1.790706e-03	 2693	 iter
2072	 1.790706e-03	 2695	 iter
2073	 1.790706e-03	 2696	 iter
2074	 1.790706e-03	 2698	 iter
2075	 1.790706e-03	 2700	 iter
2076	 1.790706e-03	 2702	 iter
2077	 1.790706e-03	 2704	 iter
2078	 1.790706e-03	 2705	 iter
2079	 1.790706e-03	 2706	 iter
2080	 1.790706e-03	 2707	 iter
2081	 1.790706e-03	 2709	 iter
2082	 1.790706e-03	 2711	 iter
2083	 1.790706e-03	 2712	 iter
2084	 1.790706e-03	 2714	 iter
2085	 1.790706e-03	 2715	 iter
2086	 1.790706e-03	 2716	 iter
2087	 1.790706e-03	 2717	 iter
2088	 1.790706e-03	 2718	 iter
2089	 1.790706e-03	 2720	 iter
2090	 1.790706e-03	 2721	 iter
2091	 1.790706e-03	 2722	 iter
2092	 1.790706e-03	 2723	 iter
2093	 1.790706e-03	 2724	 iter
2094	 1.790706e-03	 2725	 iter
2095	 1.790705e-03	 2727	 iter
2096	 1.790705e-03	 2728	 iter
2097	 1.790705e-03	 2730	 iter
2098	 1.790705e-03	 2731	 iter
2099	 1.790705e-03	 2732	 iter
2100	 1.790705e-03	 2733	 iter
2101	 1.790705e-03	 2734	 iter
2102	 1.790705e-03	 2735	 iter
2103	 1.790705e-03	 2737	 iter
2104	 1.790705e-03	 2738	 iter
2105	 1.790705e-03	 2740	 iter
2106	 1.790705e-03	 2741	 iter
2107	 1.790705e-03	 2743	 iter
2108	 1.790705e-03	 2744	 iter
2109	 1.790705e-03	 2745	 iter
2110	 1.790705e-03	 2746	 iter
2111	 1.790705e-03	 2747	 iter
2112	 1.790705e-03	 2748	 iter
2113	 1.790705e-03	 2749	 iter
2114	 1.790705e-03	 2750	 iter
2115	 1.790705e-03	 2751	 iter
2116	 1.790705e-03	 2752	 iter
2117	 1.790705e-03	 2753	 iter
2118	 1.790705e-03	 2754	 iter
2119	 1.790705e-03	 2756	 iter
2120	 1.790705e-03	 2758	 iter
2121	 1.790705e-03	 2759	 iter
2122	 1.790705e-03	 2760	 iter
2123	 1.790705e-03	 2762	 iter
2124	 1.790705e-03	 2763	 iter
2125	 1.790705e-03	 2765	 iter
2126	 1.790705e-03	 2766	 iter
2127	 1.790705e-03	 2768	 iter
2128	 1.790705e-03	 2770	 iter
2129	 1.790705e-03	 2772	 iter
2130	 1.790705e-03	 2773	 iter
2131	 1.790705e-03	 2775	 iter
2132	 1.790705e-03	 2776	 iter
2133	 1.790705e-03	 2778	 iter
2134	 1.790705e-03	 2780	 iter
2135	 1.790705e-03	 2782	 iter
2136	 1.790704e-03	 2784	 iter
2137	 1.790704e-03	 2785	 iter
2138	 1.790704e-03	 2787	 iter
2139	 1.790704e-03	 2788	 iter
2140	 1.790704e-03	 2789	 iter
2141	 1.790704e-03	 2791	 iter
2142	 1.790704e-03	 2793	 iter
2143	 1.790704e-03	 2794	 iter
2144	 1.790704e-03	 2795	 iter
2145	 1.790704e-03	 2796	 iter
2146	 1.790704e-03	 2797	 iter
2147	 1.790704e-03	 2799	 iter
2148	 1.790704e-03	 2800	 iter
2149	 1.790704e-03	 2801	 iter
2150	 1.790704e-03	 2802	 iter
2151	 1.790704e-03	 2804	 iter
2152	 1.790704e-03	 2805	 iter
2153	 1.790704e-03	 2807	 iter
2154	 1.790704e-03	 2808	 iter
2155	 1.790704e-03	 2809	 iter
2156	 1.790704e-03	 2810	 iter
2157	 1.790704e-03	 2811	 iter
2158	 1.790704e-03	 2812	 iter
2159	 1.790704e-03	 2814	 iter
2160	 1.790704e-03	 2815	 iter
2161	 1.790704e-03	 2816	 iter
2162	 1.790704e-03	 2817	 iter
2163	 1.790704e-03	 2819	 iter
2164	 1.790704e-03	 2820	 iter
2165	 1.790704e-03	 2821	 iter
2166	 1.790704e-03	 2822	 iter
2167	 1.790704e-03	 2823	 iter
2168	 1.790704e-03	 2824	 iter
2169	 1.790704e-03	 2825	 iter
2170	 1.790704e-03	 2827	 iter
2171	 1.790704e-03	 2829	 iter
2172	 1.790704e-03	 2830	 iter
2173	 1.790704e-03	 2831	 iter
2174	 1.790704e-03	 2832	 iter
2175	 1.790704e-03	 2833	 iter
2176	 1.790703e-03	 2835	 iter
2177	 1.790703e-03	 2836	 iter
2178	 1.790703e-03	 2837	 iter
2179	 1.790703e-03	 2838	 iter
2180	 1.790703e-03	 2839	 iter
2181	 1.790703e-03	 2840	 iter
2182	 1.790703e-03	 2841	 iter
2183	 1.790703e-03	 2843	 iter
2184	 1.790703e-03	 2844	 iter
2185	 1.790703e-03	 2845	 iter
2186	 1.790703e-03	 2846	 iter
2187	 1.790703e-03	 2848	 iter
2188	 1.790703e-03	 2849	 iter
2189	 1.790703e-03	 2850	 iter
2190	 1.790703e-03	 2851	 iter
2191	 1.790703e-03	 2852	 iter
2192	 1.790703e-03	 2853	 iter
2193	 1.790703e-03	 2854	 iter
2194	 1.790703e-03	 2855	 iter
2195	 1.790703e-03	 2857	 iter
2196	 1.790702e-03	 2859	 iter
2197	 1.790702e-03	 2860	 iter
2198	 1.790702e-03	 2861	 iter
2199	 1.790702e-03	 2862	 iter
2200	 1.790702e-03	 2863	 iter
2201	 1.790702e-03	 2864	 iter
2202	 1.790702e-03	 2865	 iter
2203	 1.790702e-03	 2867	 iter
2204	 1.790702e-03	 2868	 iter
2205	 1.790702e-03	 2869	 iter
2206	 1.790702e-03	 2870	 iter
2207	 1.790701e-03	 2872	 iter
2208	 1.790701e-03	 2873	 iter
2209	 1.790701e-03	 2874	 iter
2210	 1.790701e-03	 2875	 iter
2211	 1.790701e-03	 2876	 iter
2212	 1.790701e-03	 2877	 iter
2213	 1.790701e-03	 2878	 iter
2214	 1.790701e-03	 2879	 iter
2215	 1.790701e-03	 2880	 iter
2216	 1.790701e-03	 2881	 iter
2217	 1.790701e-03	 2883	 iter
2218	 1.790701e-03	 2885	 iter
2219	 1.790701e-03	 2886	 iter
2220	 1.790701e-03	 2887	 iter
2221	 1.790700e-03	 2889	 iter
2222	 1.790700e-03	 2890	 iter
2223	 1.790700e-03	 2892	 iter
2224	 1.790699e-03	 2894	 iter
2225	 1.790699e-03	 2895	 iter
2226	 1.790699e-03	 2896	 iter
2227	 1.790699e-03	 2897	 iter
2228	 1.790699e-03	 2898	 iter
2229	 1.790699e-03	 2899	 iter
2230	 1.790698e-03	 2901	 iter
2231	 1.790698e-03	 2902	 iter
2232	 1.790698e-03	 2903	 iter
2233	 1.790698e-03	 2904	 iter
2234	 1.790698e-03	 2905	 iter
2235	 1.790698e-03	 2906	 iter
2236	 1.790698e-03	 2908	 iter
2237	 1.790698e-03	 2909	 iter
2238	 1.790698e-03	 2910	 iter
2239	 1.790697e-03	 2912	 iter
2240	 1.790697e-03	 2913	 iter
2241	 1.790697e-03	 2915	 iter
2242	 1.790697e-03	 2916	 iter
2243	 1.790697e-03	 2917	 iter
2244	 1.790697e-03	 2918	 iter
2245	 1.790696e-03	 2920	 iter
2246	 1.790696e-03	 2921	 iter
2247	 1.790696e-03	 2923	 iter
2248	 1.790696e-03	 2924	 iter
2249	 1.790696e-03	 2925	 iter
2250	 1.790696e-03	 2926	 iter
2251	 1.790696e-03	 2928	 iter
2252	 1.790696e-03	 2929	 iter
2253	 1.790695e-03	 2931	 iter
2254	 1.790695e-03	 2932	 iter
2255	 1.790695e-03	 2933	 iter
2256	 1.790695e-03	 2935	 iter
2257	 1.790694e-03	 2937	 iter
2258	 1.790694e-03	 2938	 iter
2259	 1.790694e-03	 2939	 iter
2260	 1.790694e-03	 2940	 iter
2261	 1.790694e-03	 2941	 iter
2262	 1.790694e-03	 2942	 iter
2263	 1.790694e-03	 2944	 iter
2264	 1.790694e-03	 2945	 iter
2265	 1.790694e-03	 2946	 iter
2266	 1.790693e-03	 2948	 iter
2267	 1.790693e-03	 2949	 iter
2268	 1.790693e-03	 2950	 iter
2269	 1.790693e-03	 2951	 iter
2270	 1.790693e-03	 2952	 iter
2271	 1.790693e-03	 2953	 iter
2272	 1.790693e-03	 2954	 iter
2273	 1.790692e-03	 2956	 iter
2274	 1.790692e-03	 2957	 iter
2275	 1.790692e-03	 2958	 iter
2276	 1.790692e-03	 2959	 iter
2277	 1.790691e-03	 2961	 iter
2278	 1.790691e-03	 2962	 iter
2279	 1.790691e-03	 2963	 iter
2280	 1.790691e-03	 2964	 iter
2281	 1.790691e-03	 2965	 iter
2282	 1.790690e-03	 2967	 iter
2283	 1.790690e-03	 2968	 iter
2284	 1.790690e-03	 2969	 iter
2285	 1.790690e-03	 2970	 iter
2286	 1.790690e-03	 2971	 iter
2287	 1.790690e-03	 2972	 iter
2288	 1.790690e-03	 2973	 iter
2289	 1.790690e-03	 2974	 iter
2290	 1.790690e-03	 2975	 iter
2291	 1.790690e-03	 2977	 iter
2292	 1.790689e-03	 2979	 iter
2293	 1.790689e-03	 2980	 iter
2294	 1.790689e-03	 2981	 iter
2295	 1.790689e-03	 2982	 iter
2296	 1.790689e-03	 2983	 iter
2297	 1.790689e-03	 2984	 iter
2298	 1.790689e-03	 2985	 iter
2299	 1.790689e-03	 2986	 iter
2300	 1.790688e-03	 2988	 iter
2301	 1.790688e-03	 2990	 iter
2302	 1.790688e-03	 2991	 iter
2303	 1.790687e-03	 2993	 iter
2304	 1.790687e-03	 2994	 iter
2305	 1.790686e-03	 2996	 iter
2306	 1.790686e-03	 2997	 iter
2307	 1.790686e-03	 2998	 iter
2308	 1.790686e-03	 3000	 iter
2309	 1.790686e-03	 3001	 iter
2310	 1.790686e-03	 3002	 iter
2311	 1.790686e-03	 3003	 iter
2312	 1.790686e-03	 3004	 iter
2313	 1.790684e-03	 3006	 iter
2314	 1.790684e-03	 3007	 iter
2315	 1.790684e-03	 3008	 iter
2316	 1.790684e-03	 3009	 iter
2317	 1.790684e-03	 3010	 iter
2318	 1.790684e-03	 3011	 iter
2319	 1.790684e-03	 3012	 iter
2320	 1.790684e-03	 3013	 iter
2321	 1.790684e-03	 3014	 iter
2322	 1.790683e-03	 3016	 iter
2323	 1.790683e-03	 3017	 iter
2324	 1.790683e-03	 3018	 iter
2325	 1.790683e-03	 3020	 iter
2326	 1.790683e-03	 3021	 iter
2327	 1.790683e-03	 3022	 iter
2328	 1.790683e-03	 3023	 iter
2329	 1.790683e-03	 3024	 iter
2330	 1.790682e-03	 3026	 iter
2331	 1.790681e-03	 3028	 iter
2332	 1.790681e-03	 3029	 iter
2333	 1.790681e-03	 3030	 iter
2334	 1.790681e-03	 3032	 iter
2335	 1.790681e-03	 3033	 iter
2336	 1.790681e-03	 3034	 iter
2337	 1.790681e-03	 3035	 iter
2338	 1.790681e-03	 3036	 iter
2339	 1.790681e-03	 3037	 iter
2340	 1.790681e-03	 3038	 iter
2341	 1.790681e-03	 3040	 iter
2342	 1.790681e-03	 3041	 iter
2343	 1.790681e-03	 3043	 iter
2344	 1.790681e-03	 3044	 iter
2345	 1.790680e-03	 3046	 iter
2346	 1.790679e-03	 3048	 iter
2347	 1.790679e-03	 3049	 iter
2348	 1.790679e-03	 3050	 iter
2349	 1.790679e-03	 3051	 iter
2350	 1.790679e-03	 3052	 iter
2351	 1.790679e-03	 3053	 iter
2352	 1.790679e-03	 3054	 iter
2353	 1.790679e-03	 3055	 iter
2354	 1.790679e-03	 3057	 iter
2355	 1.790679e-03	 3058	 iter
2356	 1.790678e-03	 3060	 iter
2357	 1.790678e-03	 3062	 iter
2358	 1.790678e-03	 3063	 iter
2359	 1.790678e-03	 3064	 iter
2360	 1.790678e-03	 3065	 iter
2361	 1.790678e-03	 3066	 iter
2362	 1.790678e-03	 3067	 iter
2363	 1.790678e-03	 3069	 iter
2364	 1.790678e-03	 3070	 iter
2365	 1.790678e-03	 3071	 iter
2366	 1.790678e-03	 3072	 iter
2367	 1.790678e-03	 3073	 iter
2368	 1.790678e-03	 3075	 iter
2369	 1.790678e-03	 3076	 iter
2370	 1.790678e-03	 3077	 iter
2371	 1.790678e-03	 3078	 iter
2372	 1.790678e-03	 3079	 iter
2373	 1.790678e-03	 3081	 iter
2374	 1.790678e-03	 3082	 iter
2375	 1.790678e-03	 3083	 iter
2376	 1.790678e-03	 3084	 iter
2377	 1.790678e-03	 3085	 iter
2378	 1.790678e-03	 3086	 iter
2379	 1.790678e-03	 3087	 iter
2380	 1.790677e-03	 3089	 iter
2381	 1.790677e-03	 3090	 iter
2382	 1.790677e-03	 3091	 iter
2383	 1.790677e-03	 3093	 iter
2384	 1.790677e-03	 3094	 iter
2385	 1.790677e-03	 3095	 iter
2386	 1.790677e-03	 3096	 iter
2387	 1.790676e-03	 3098	 iter
2388	 1.790676e-03	 3100	 iter
2389	 1.790676e-03	 3102	 iter
2390	 1.790676e-03	 3103	 iter
2391	 1.790676e-03	 3105	 iter
2392	 1.790676e-03	 3106	 iter
2393	 1.790676e-03	 3107	 iter
2394	 1.790676e-03	 3108	 iter
2395	 1.790676e-03	 3109	 iter
2396	 1.790676e-03	 3110	 iter
2397	 1.790675e-03	 3112	 iter
2398	 1.790675e-03	 3113	 iter
2399	 1.790675e-03	 3114	 iter
2400	 1.790675e-03	 3115	 iter
2401	 1.790675e-03	 3116	 iter
2402	 1.790675e-03	 3117	 iter
2403	 1.790675e-03	 3118	 iter
2404	 1.790675e-03	 3119	 iter
2405	 1.790675e-03	 3121	 iter
2406	 1.790675e-03	 3123	 iter
2407	 1.790675e-03	 3124	 iter
2408	 1.790673e-03	 3126	 iter
2409	 1.790673e-03	 3127	 iter
2410	 1.790673e-03	 3128	 iter
2411	 1.790673e-03	 3129	 iter
2412	 1.790673e-03	 3130	 iter
2413	 1.790673e-03	 3131	 iter
2414	 1.790673e-03	 3132	 iter
2415	 1.790673e-03	 3133	 iter
2416	 1.790673e-03	 3134	 iter
2417	 1.790673e-03	 3135	 iter
2418	 1.790673e-03	 3136	 iter
2419	 1.790673e-03	 3137	 iter
2420	 1.790673e-03	 3139	 iter
2421	 1.790671e-03	 3141	 iter
2422	 1.790671e-03	 3142	 iter
2423	 1.790671e-03	 3143	 iter
2424	 1.790671e-03	 3144	 iter
2425	 1.790671e-03	 3145	 iter
2426	 1.790671e-03	 3146	 iter
2427	 1.790671e-03	 3147	 iter
2428	 1.790671e-03	 3148	 iter
2429	 1.790671e-03	 3149	 iter
2430	 1.790671e-03	 3150	 iter
2431	 1.790671e-03	 3151	 iter
2432	 1.790670e-03	 3153	 iter
2433	 1.790670e-03	 3154	 iter
2434	 1.790670e-03	 3155	 iter
2435	 1.790670e-03	 3156	 iter
2436	 1.790670e-03	 3157	 iter
2437	 1.790670e-03	 3159	 iter
2438	 1.790670e-03	 3160	 iter
2439	 1.790669e-03	 3162	 iter
2440	 1.790669e-03	 3163	 iter
2441	 1.790669e-03	 3164	 iter
2442	 1.790668e-03	 3166	 iter
2443	 1.790668e-03	 3167	 iter
2444	 1.790668e-03	 3168	 iter
2445	 1.790668e-03	 3169	 iter
2446	 1.790668e-03	 3170	 iter
2447	 1.790668e-03	 3171	 iter
2448	 1.790668e-03	 3173	 iter
2449	 1.790668e-03	 3174	 iter
2450	 1.790668e-03	 3176	 iter
2451	 1.790668e-03	 3177	 iter
2452	 1.790667e-03	 3179	 iter
2453	 1.790665e-03	 3181	 iter
2454	 1.790665e-03	 3182	 iter
2455	 1.790665e-03	 3183	 iter
2456	 1.790665e-03	 3184	 iter
2457	 1.790665e-03	 3185	 iter
2458	 1.790665e-03	 3186	 iter
2459	 1.790665e-03	 3187	 iter
2460	 1.790665e-03	 3188	 iter
2461	 1.790665e-03	 3189	 iter
2462	 1.790665e-03	 3190	 iter
2463	 1.790665e-03	 3192	 iter
2464	 1.790665e-03	 3193	 iter
2465	 1.790665e-03	 3194	 iter
2466	 1.790664e-03	 3196	 iter
2467	 1.790664e-03	 3197	 iter
2468	 1.790664e-03	 3198	 iter
2469	 1.790663e-03	 3200	 iter
2470	 1.790663e-03	 3201	 iter
2471	 1.790663e-03	 3202	 iter
2472	 1.790663e-03	 3203	 iter
2473	 1.790663e-03	 3204	 iter
2474	 1.790663e-03	 3205	 iter
2475	 1.790663e-03	 3207	 iter
2476	 1.790663e-03	 3208	 iter
2477	 1.790663e-03	 3209	 iter
2478	 1.790663e-03	 3210	 iter
2479	 1.790663e-03	 3211	 iter
2480	 1.790663e-03	 3213	 iter
2481	 1.790663e-03	 3214	 iter
2482	 1.790663e-03	 3215	 iter
2483	 1.790663e-03	 3216	 iter
2484	 1.790663e-03	 3217	 iter
2485	 1.790663e-03	 3218	 iter
2486	 1.790662e-03	 3220	 iter
2487	 1.790662e-03	 3221	 iter
2488	 1.790662e-03	 3223	 iter
2489	 1.790662e-03	 3224	 iter
2490	 1.790662e-03	 3225	 iter
2491	 1.790660e-03	 3227	 iter
2492	 1.790660e-03	 3228	 iter
2493	 1.790660e-03	 3229	 iter
2494	 1.790660e-03	 3230	 iter
2495	 1.790660e-03	 3231	 iter
2496	 1.790660e-03	 3232	 iter
2497	 1.790660e-03	 3233	 iter
2498	 1.790660e-03	 3234	 iter
2499	 1.790660e-03	 3235	 iter
2500	 1.790660e-03	 3236	 iter
2501	 1.790660e-03	 3237	 iter
2502	 1.790660e-03	 3238	 iter
2503	 1.790660e-03	 3239	 iter
2504	 1.790660e-03	 3240	 iter
2505	 1.790660e-03	 3241	 iter
2506	 1.790660e-03	 3242	 iter
2507	 1.790660e-03	 3243	 iter
2508	 1.790660e-03	 3244	 iter
2509	 1.790660e-03	 3245	 iter
2510	 1.790660e-03	 3246	 iter
2511	 1.790658e-03	 3248	 iter
2512	 1.790658e-03	 3249	 iter
2513	 1.790658e-03	 3250	 iter
2514	 1.790658e-03	 3251	 iter
2515	 1.790658e-03	 3252	 iter
2516	 1.790658e-03	 3253	 iter
2517	 1.790658e-03	 3254	 iter
2518	 1.790658e-03	 3255	 iter
2519	 1.790658e-03	 3256	 iter
2520	 1.790658e-03	 3257	 iter
2521	 1.790657e-03	 3259	 iter
2522	 1.790657e-03	 3260	 iter
2523	 1.790657e-03	 3261	 iter
2524	 1.790657e-03	 3262	 iter
2525	 1.790657e-03	 3264	 iter
2526	 1.790657e-03	 3265	 iter
2527	 1.790657e-03	 3266	 iter
2528	 1.790657e-03	 3267	 iter
2529	 1.790657e-03	 3268	 iter
2530	 1.790657e-03	 3269	 iter
2531	 1.790655e-03	 3271	 iter
2532	 1.790655e-03	 3272	 iter
2533	 1.790655e-03	 3273	 iter
2534	 1.790655e-03	 3274	 iter
2535	 1.790655e-03	 3275	 iter
2536	 1.790655e-03	 3276	 iter
2537	 1.790655e-03	 3277	 iter
2538	 1.790655e-03	 3279	 iter
2539	 1.790655e-03	 3281	 iter
2540	 1.790655e-03	 3282	 iter
2541	 1.790655e-03	 3283	 iter
2542	 1.790655e-03	 3284	 iter
2543	 1.790655e-03	 3285	 iter
2544	 1.790654e-03	 3287	 iter
2545	 1.790654e-03	 3288	 iter
2546	 1.790654e-03	 3290	 iter
2547	 1.790654e-03	 3292	 iter
2548	 1.790654e-03	 3293	 iter
2549	 1.790654e-03	 3294	 iter
2550	 1.790654e-03	 3295	 iter
2551	 1.790654e-03	 3296	 iter
2552	 1.790654e-03	 3297	 iter
2553	 1.790654e-03	 3298	 iter
2554	 1.790654e-03	 3299	 iter
2555	 1.790654e-03	 3300	 iter
2556	 1.790654e-03	 3302	 iter
2557	 1.790654e-03	 3303	 iter
2558	 1.790654e-03	 3305	 iter
2559	 1.790654e-03	 3306	 iter
2560	 1.790654e-03	 3308	 iter
2561	 1.790654e-03	 3309	 iter
2562	 1.790654e-03	 3310	 iter
2563	 1.790654e-03	 3311	 iter
2564	 1.790654e-03	 3313	 iter
2565	 1.790654e-03	 3314	 iter
2566	 1.790653e-03	 3316	 iter
2567	 1.790653e-03	 3317	 iter
2568	 1.790653e-03	 3318	 iter
2569	 1.790653e-03	 3319	 iter
2570	 1.790653e-03	 3321	 iter
2571	 1.790653e-03	 3323	 iter
2572	 1.790653e-03	 3324	 iter
2573	 1.790653e-03	 3325	 iter
2574	 1.790653e-03	 3327	 iter
2575	 1.790653e-03	 3328	 iter
2576	 1.790653e-03	 3330	 iter
2577	 1.790653e-03	 3331	 iter
2578	 1.790653e-03	 3332	 iter
2579	 1.790653e-03	 3334	 iter
2580	 1.790653e-03	 3335	 iter
2581	 1.790653e-03	 3336	 iter
2582	 1.790653e-03	 3338	 iter
2583	 1.790653e-03	 3339	 iter
2584	 1.790653e-03	 3340	 iter
2585	 1.790653e-03	 3341	 iter
2586	 1.790653e-03	 3343	 iter
2587	 1.790653e-03	 3345	 iter
2588	 1.790652e-03	 3347	 iter
2589	 1.790652e-03	 3348	 iter
2590	 1.790652e-03	 3350	 iter
2591	 1.790652e-03	 3352	 iter
2592	 1.790652e-03	 3354	 iter
2593	 1.790652e-03	 3356	 iter
2594	 1.790652e-03	 3358	 iter
2595	 1.790652e-03	 3359	 iter
2596	 1.790652e-03	 3360	 iter
2597	 1.790652e-03	 3361	 iter
2598	 1.790652e-03	 3362	 iter
2599	 1.790652e-03	 3363	 iter
2600	 1.790652e-03	 3364	 iter
2601	 1.790652e-03	 3366	 iter
2602	 1.790652e-03	 3367	 iter
2603	 1.790652e-03	 3368	 iter
2604	 1.790652e-03	 3370	 iter
2605	 1.790652e-03	 3371	 iter
2606	 1.790652e-03	 3373	 iter
2607	 1.790652e-03	 3374	 iter
2608	 1.790652e-03	 3375	 iter
2609	 1.790652e-03	 3376	 iter
2610	 1.790652e-03	 3378	 iter
2611	 1.790652e-03	 3379	 iter
2612	 1.790652e-03	 3381	 iter
2613	 1.790651e-03	 3383	 iter
2614	 1.790651e-03	 3384	 iter
2615	 1.790651e-03	 3385	 iter
2616	 1.790651e-03	 3387	 iter
2617	 1.790651e-03	 3388	 iter
2618	 1.790651e-03	 3389	 iter
2619	 1.790651e-03	 3391	 iter
2620	 1.790651e-03	 3392	 iter
2621	 1.790651e-03	 3393	 iter
2622	 1.790651e-03	 3394	 iter
2623	 1.790651e-03	 3395	 iter
2624	 1.790651e-03	 3397	 iter
2625	 1.790651e-03	 3399	 iter
2626	 1.790651e-03	 3400	 iter
2627	 1.790651e-03	 3401	 iter
2628	 1.790651e-03	 3403	 iter
2629	 1.790651e-03	 3404	 iter
2630	 1.790651e-03	 3406	 iter
2631	 1.790651e-03	 3407	 iter
2632	 1.790651e-03	 3408	 iter
2633	 1.790651e-03	 3410	 iter
2634	 1.790651e-03	 3411	 iter
2635	 1.790651e-03	 3412	 iter
2636	 1.790651e-03	 3413	 iter
2637	 1.790651e-03	 3414	 iter
2638	 1.790651e-03	 3415	 iter
2639	 1.790651e-03	 3416	 iter
2640	 1.790651e-03	 3417	 iter
2641	 1.790650e-03	 3419	 iter
2642	 1.790650e-03	 3420	 iter
2643	 1.790650e-03	 3421	 iter
2644	 1.790650e-03	 3422	 iter
2645	 1.790650e-03	 3423	 iter
2646	 1.790650e-03	 3425	 iter
2647	 1.790650e-03	 3426	 iter
2648	 1.790650e-03	 3428	 iter
2649	 1.790650e-03	 3430	 iter
2650	 1.790650e-03	 3431	 iter
2651	 1.790650e-03	 3433	 iter
2652	 1.790650e-03	 3434	 iter
2653	 1.790650e-03	 3435	 iter
2654	 1.790650e-03	 3436	 iter
2655	 1.790650e-03	 3437	 iter
2656	 1.790650e-03	 3439	 iter
2657	 1.790650e-03	 3440	 iter
2658	 1.790650e-03	 3441	 iter
2659	 1.790650e-03	 3442	 iter
2660	 1.790650e-03	 3443	 iter
2661	 1.790650e-03	 3444	 iter
2662	 1.790650e-03	 3445	 iter
2663	 1.790650e-03	 3447	 iter
2664	 1.790650e-03	 3448	 iter
2665	 1.790650e-03	 3449	 iter
2666	 1.790650e-03	 3450	 iter
2667	 1.790650e-03	 3451	 iter
2668	 1.790650e-03	 3452	 iter
2669	 1.790650e-03	 3453	 iter
2670	 1.790650e-03	 3454	 iter
2671	 1.790650e-03	 3455	 iter
2672	 1.790650e-03	 3456	 iter
2673	 1.790650e-03	 3457	 iter
2674	 1.790650e-03	 3459	 iter
2675	 1.790650e-03	 3460	 iter
2676	 1.790650e-03	 3462	 iter
2677	 1.790650e-03	 3464	 iter
2678	 1.790650e-03	 3465	 iter
2679	 1.790650e-03	 3467	 iter
2680	 1.790650e-03	 3469	 iter
2681	 1.790650e-03	 3470	 iter
2682	 1.790649e-03	 3472	 iter
2683	 1.790649e-03	 3473	 iter
2684	 1.790649e-03	 3474	 iter
2685	 1.790649e-03	 3475	 iter
2686	 1.790649e-03	 3477	 iter
2687	 1.790649e-03	 3478	 iter
2688	 1.790649e-03	 3479	 iter
2689	 1.790649e-03	 3480	 iter
2690	 1.790649e-03	 3482	 iter
2691	 1.790649e-03	 3483	 iter
2692	 1.790649e-03	 3484	 iter
2693	 1.790649e-03	 3485	 iter
2694	 1.790649e-03	 3487	 iter
2695	 1.790649e-03	 3488	 iter
2696	 1.790649e-03	 3490	 iter
2697	 1.790649e-03	 3491	 iter
2698	 1.790649e-03	 3492	 iter
2699	 1.790649e-03	 3493	 iter
2700	 1.790649e-03	 3494	 iter
2701	 1.790649e-03	 3496	 iter
2702	 1.790649e-03	 3497	 iter
2703	 1.790649e-03	 3498	 iter
2704	 1.790649e-03	 3499	 iter
2705	 1.790649e-03	 3501	 iter
2706	 1.790649e-03	 3502	 iter
2707	 1.790649e-03	 3504	 iter
2708	 1.790649e-03	 3505	 iter
2709	 1.790649e-03	 3506	 iter
2710	 1.790649e-03	 3508	 iter
2711	 1.790649e-03	 3509	 iter
2712	 1.790649e-03	 3511	 iter
2713	 1.790649e-03	 3512	 iter
2714	 1.790649e-03	 3513	 iter
2715	 1.790649e-03	 3514	 iter
2716	 1.790649e-03	 3515	 iter
2717	 1.790649e-03	 3516	 iter
2718	 1.790649e-03	 3517	 iter
2719	 1.790649e-03	 3518	 iter
2720	 1.790649e-03	 3520	 iter
2721	 1.790649e-03	 3521	 iter
2722	 1.790649e-03	 3523	 iter
2723	 1.790649e-03	 3524	 iter
2724	 1.790649e-03	 3525	 iter
2725	 1.790649e-03	 3526	 iter
2726	 1.790649e-03	 3528	 iter
2727	 1.790649e-03	 3529	 iter
2728	 1.790649e-03	 3531	 iter
2729	 1.790649e-03	 3533	 iter
2730	 1.790649e-03	 3534	 iter
2731	 1.790649e-03	 3536	 iter
2732	 1.790649e-03	 3538	 iter
2733	 1.790649e-03	 3540	 iter
2734	 1.790649e-03	 3542	 iter
2735	 1.790649e-03	 3543	 iter
2736	 1.790649e-03	 3545	 iter
2737	 1.790649e-03	 3547	 iter
2738	 1.790649e-03	 3549	 iter
2738	 1.790649e-03	 3549	 done
