0	 1.261245e-32	 1	 init
0	 1.261245e-32	 1	 iter
1	 1.261245e-32	 17	 iter
2	 1.261245e-32	 19	 iter
3	 1.261245e-32	 21	 iter
4	 1.261245e-32	 23	 iter
5	 1.261245e-32	 25	 iter
6	 1.261245e-32	 27	 iter
7	 1.261245e-32	 29	 iter
8	 1.261245e-32	 31	 iter
9	 1.261245e-32	 33	 iter
10	 1.261245e-32	 35	 iter
11	 1.261245e-32	 37	 iter
12	 1.261245e-32	 39	 iter
13	 1.261245e-32	 41	 iter
14	 1.261245e-32	 43	 iter
15	 1.261245e-32	 45	 iter
16	 1.261245e-32	 47	 iter
17	 1.261245e-32	 49	 iter
18	 1.261245e-32	 50	 iter
19	 1.261245e-32	 52	 iter
20	 1.261245e-32	 54	 iter
21	 1.261245e-32	 56	 iter
22	 1.261245e-32	 58	 iter
23	 1.261245e-32	 60	 iter
24	 1.261245e-32	 62	 iter
25	 1.261245e-32	 64	 iter
26	 1.261245e-32	 66	 iter
27	 1.261245e-32	 68	 iter
28	 1.261245e-32	 69	 iter
29	 1.261245e-32	 71	 iter
30	 1.261245e-32	 73	 iter
31	 1.261245e-32	 75	 iter
32	 1.261245e-32	 77	 iter
33	 1.261245e-32	 79	 iter
34	 1.261245e-32	 81	 iter
35	 1.261245e-32	 83	 iter
36	 1.261245e-32	 85	 iter
37	 1.261245e-32	 87	 iter
38	 1.261245e-32	 88	 iter
39	 1.261245e-32	 90	 iter
40	 1.261245e-32	 92	 iter
41	 1.261245e-32	 94	 iter
42	 1.261245e-32	 96	 iter
43	 1.261245e-32	 98	 iter
44	 1.261245e-32	 100	 iter
45	 1.261245e-32	 102	 iter
46	 1.261245e-32	 103	 iter
47	 1.261245e-32	 104	 iter
48	 1.261245e-32	 106	 iter
49	 1.261245e-32	 108	 iter
50	 1.261245e-32	 110	 iter
51	 1.261245e-32	 112	 iter
52	 1.261245e-32	 114	 iter
53	 1.261245e-32	 115	 iter
54	 1.261245e-32	 117	 iter
55	 1.261245e-32	 119	 iter
56	 1.261245e-32	 121	 iter
57	 1.261245e-32	 123	 iter
58	 1.261245e-32	 124	 iter
59	 1.261245e-32	 125	 iter
60	 1.261245e-32	 127	 iter
61	 1.261245e-32	 128	 iter
62	 1.261245e-32	 130	 iter
63	 1.261245e-32	 132	 iter
64	 1.261245e-32	 134	 iter
65	 1.261245e-32	 135	 iter
66	 1.261245e-32	 137	 iter
67	 1.261245e-32	 139	 iter
68	 1.261245e-32	 140	 iter
69	 1.261245e-32	 141	 iter
70	 1.261245e-32	 142	 iter
71	 1.261245e-32	 144	 iter
72	 1.261245e-32	 146	 iter
73	 1.261245e-32	 148	 iter
74	 1.261245e-32	 150	 iter
75	 1.261245e-32	 152	 iter
76	 1.261245e-32	 154	 iter
77	 1.261245e-32	 156	 iter
78	 1.261245e-32	 158	 iter
79	 1.261245e-32	 160	 iter
80	 1.261245e-32	 162	 iter
81	 1.261245e-32	 164	 iter
82	 1.261245e-32	 166	 iter
83	 1.261245e-32	 167	 iter
84	 1.261245e-32	 169	 iter
85	 1.261245e-32	 171	 iter
86	 1.261245e-32	 172	 iter
87	 1.261245e-32	 173	 iter
88	 1.261245e-32	 175	 iter
89	 1.261245e-32	 176	 iter
90	 1.261245e-32	 178	 iter
91	 1.261245e-32	 180	 iter
92	 1.261245e-32	 181	 iter
93	 1.261245e-32	 183	 iter
94	 1.261245e-32	 185	 iter
95	 1.261245e-32	 186	 iter
96	 1.261245e-32	 187	 iter
97	 1.261245e-32	 189	 iter
98	 1.261245e-32	 191	 iter
99	 1.261245e-32	 193	 iter
100	 1.261245e-32	 194	 iter
101	 1.261245e-32	 196	 iter
102	 1.261245e-32	 198	 iter
103	 1.261245e-32	 199	 iter
104	 1.261245e-32	 201	 iter
105	 1.261245e-32	 203	 iter
106	 1.261245e-32	 204	 iter
107	 1.261245e-32	 205	 iter
108	 1.261245e-32	 207	 iter
109	 1.261245e-32	 208	 iter
110	 1.261245e-32	 210	 iter
111	 1.261245e-32	 211	 iter
112	 1.261245e-32	 212	 iter
113	 1.261245e-32	 214	 iter
114	 1.261245e-32	 215	 iter
115	 1.261245e-32	 216	 iter
116	 1.261245e-32	 218	 iter
117	 1.261245e-32	 219	 iter
118	 1.261245e-32	 221	 iter
119	 1.261245e-32	 223	 iter
120	 1.261245e-32	 224	 iter
121	 1.261245e-32	 225	 iter
122	 1.261245e-32	 226	 iter
123	 1.261245e-32	 227	 iter
124	 1.261245e-32	 228	 iter
125	 1.261245e-32	 229	 iter
126	 1.261245e-32	 230	 iter
127	 1.261245e-32	 232	 iter
128	 1.261245e-32	 234	 iter
129	 1.261245e-32	 236	 iter
130	 1.261245e-32	 237	 iter
131	 1.261245e-32	 238	 iter
132	 1.261245e-32	 239	 iter
133	 1.261245e-32	 240	 iter
134	 1.261245e-32	 242	 iter
135	 1.261245e-32	 243	 iter
136	 1.261245e-32	 245	 iter
137	 1.261245e-32	 246	 iter
138	 1.261245e-32	 248	 iter
139	 1.261245e-32	 249	 iter
140	 1.261245e-32	 250	 iter
141	 1.261245e-32	 252	 iter
142	 1.261245e-32	 254	 iter
143	 1.261245e-32	 255	 iter
144	 1.261245e-32	 257	 iter
145	 1.261245e-32	 258	 iter
146	 1.261245e-32	 259	 iter
147	 1.261245e-32	 260	 iter
148	 1.261245e-32	 261	 iter
149	 1.261245e-32	 262	 iter
150	 1.261245e-32	 263	 iter
151	 1.261245e-32	 265	 iter
152	 1.261245e-32	 267	 iter
153	 1.261245e-32	 268	 iter
154	 1.261245e-32	 270	 iter
155	 1.261245e-32	 272	 iter
156	 1.261245e-32	 274	 iter
157	 1.261245e-32	 276	 iter
158	 1.261245e-32	 278	 iter
159	 1.261245e-32	 280	 iter
160	 1.261245e-32	 281	 iter
161	 1.261245e-32	 282	 iter
162	 1.261245e-32	 283	 iter
163	 1.261245e-32	 285	 iter
164	 1.261245e-32	 286	 iter
165	 1.261245e-32	 288	 iter
166	 1.261245e-32	 289	 iter
167	 1.261245e-32	 290	 iter
168	 1.261245e-32	 292	 iter
169	 1.261245e-32	 293	 iter
169	 1.261245e-32	 293	 done
