0	 1.026797e-32	 1	 init
0	 1.026797e-32	 1	 iter
1	 1.026797e-32	 17	 iter
2	 1.026797e-32	 19	 iter
3	 1.026797e-32	 20	 iter
4	 1.026797e-32	 22	 iter
5	 1.026797e-32	 24	 iter
6	 1.026797e-32	 26	 iter
7	 1.026797e-32	 28	 iter
8	 1.026797e-32	 30	 iter
9	 1.026797e-32	 32	 iter
10	 1.026797e-32	 34	 iter
11	 1.026797e-32	 36	 iter
12	 1.026797e-32	 38	 iter
13	 1.026797e-32	 39	 iter
14	 1.026797e-32	 41	 iter
15	 1.026797e-32	 43	 iter
16	 1.026797e-32	 45	 iter
17	 1.026797e-32	 47	 iter
18	 1.026797e-32	 49	 iter
19	 1.026797e-32	 51	 iter
20	 1.026797e-32	 53	 iter
21	 1.026797e-32	 55	 iter
22	 1.026797e-32	 57	 iter
23	 1.026797e-32	 59	 iter
24	 1.026797e-32	 61	 iter
25	 1.026797e-32	 63	 iter
26	 1.026797e-32	 64	 iter
27	 1.026797e-32	 66	 iter
28	 1.026797e-32	 67	 iter
29	 1.026797e-32	 68	 iter
30	 1.026797e-32	 70	 iter
31	 1.026797e-32	 72	 iter
32	 1.026797e-32	 73	 iter
33	 1.026797e-32	 74	 iter
34	 1.026797e-32	 76	 iter
35	 1.026797e-32	 78	 iter
36	 1.026797e-32	 80	 iter
37	 1.026797e-32	 82	 iter
38	 1.026797e-32	 84	 iter
39	 1.026797e-32	 86	 iter
40	 1.026797e-32	 88	 iter
41	 1.026797e-32	 90	 iter
42	 1.026797e-32	 91	 iter
43	 1.026797e-32	 93	 iter
44	 1.026797e-32	 95	 iter
45	 1.026797e-32	 96	 iter
46	 1.026797e-32	 97	 iter
47	 1.026797e-32	 99	 iter
48	 1.026797e-32	 101	 iter
49	 1.026797e-32	 103	 iter
50	 1.026797e-32	 104	 iter
51	 1.026797e-32	 106	 iter
52	 1.026797e-32	 108	 iter
53	 1.026797e-32	 110	 iter
54	 1.026797e-32	 112	 iter
55	 1.026797e-32	 114	 iter
56	 1.026797e-32	 116	 iter
57	 1.026797e-32	 118	 iter
58	 1.026797e-32	 120	 iter
59	 1.026797e-32	 122	 iter
60	 1.026797e-32	 124	 iter
61	 1.026797e-32	 126	 iter
62	 1.026797e-32	 128	 iter
63	 1.026797e-32	 130	 iter
64	 1.026797e-32	 132	 iter
65	 1.026797e-32	 134	 iter
66	 1.026797e-32	 136	 iter
67	 1.026797e-32	 138	 iter
68	 1.026797e-32	 140	 iter
69	 1.026797e-32	 142	 iter
70	 1.026797e-32	 143	 iter
71	 1.026797e-32	 145	 iter
72	 1.026797e-32	 147	 iter
73	 1.026797e-32	 149	 iter
74	 1.026797e-32	 151	 iter
75	 1.026797e-32	 152	 iter
76	 1.026797e-32	 153	 iter
77	 1.026797e-32	 155	 iter
78	 1.026797e-32	 157	 iter
79	 1.026797e-32	 159	 iter
80	 1.026797e-32	 161	 iter
81	 1.026797e-32	 162	 iter
82	 1.026797e-32	 163	 iter
83	 1.026797e-32	 165	 iter
84	 1.026797e-32	 167	 iter
85	 1.026797e-32	 169	 iter
86	 1.026797e-32	 170	 iter
87	 1.026797e-32	 172	 iter
88	 1.026797e-32	 174	 iter
89	 1.026797e-32	 176	 iter
90	 1.026797e-32	 178	 iter
91	 1.026797e-32	 180	 iter
92	 1.026797e-32	 181	 iter
93	 1.026797e-32	 183	 iter
94	 1.026797e-32	 185	 iter
95	 1.026797e-32	 187	 iter
96	 1.026797e-32	 189	 iter
97	 1.026797e-32	 190	 iter
98	 1.026797e-32	 192	 iter
99	 1.026797e-32	 194	 iter
100	 1.026797e-32	 195	 iter
101	 1.026797e-32	 196	 iter
102	 1.026797e-32	 197	 iter
103	 1.026797e-32	 198	 iter
104	 1.026797e-32	 199	 iter
105	 1.026797e-32	 200	 iter
106	 1.026797e-32	 201	 iter
107	 1.026797e-32	 203	 iter
108	 1.026797e-32	 205	 iter
109	 1.026797e-32	 206	 iter
110	 1.026797e-32	 208	 iter
111	 1.026797e-32	 209	 iter
112	 1.026797e-32	 210	 iter
113	 1.026797e-32	 211	 iter
114	 1.026797e-32	 212	 iter
115	 1.026797e-32	 213	 iter
116	 1.026797e-32	 214	 iter
117	 1.026797e-32	 216	 iter
118	 1.026797e-32	 218	 iter
119	 1.026797e-32	 219	 iter
120	 1.026797e-32	 220	 iter
121	 1.026797e-32	 221	 iter
122	 1.026797e-32	 222	 iter
123	 1.026797e-32	 224	 iter
124	 1.026797e-32	 226	 iter
125	 1.026797e-32	 227	 iter
126	 1.026797e-32	 229	 iter
127	 1.026797e-32	 230	 iter
128	 1.026797e-32	 231	 iter
129	 1.026797e-32	 233	 iter
130	 1.026797e-32	 235	 iter
131	 1.026797e-32	 237	 iter
132	 1.026797e-32	 238	 iter
133	 1.026797e-32	 240	 iter
134	 1.026797e-32	 242	 iter
135	 1.026797e-32	 244	 iter
136	 1.026797e-32	 246	 iter
137	 1.026797e-32	 247	 iter
138	 1.026797e-32	 248	 iter
139	 1.026797e-32	 249	 iter
140	 1.026797e-32	 250	 iter
141	 1.026797e-32	 252	 iter
142	 1.026797e-32	 253	 iter
143	 1.026797e-32	 255	 iter
144	 1.026797e-32	 257	 iter
145	 1.026797e-32	 258	 iter
146	 1.026797e-32	 260	 iter
147	 1.026797e-32	 262	 iter
148	 1.026797e-32	 264	 iter
149	 1.026797e-32	 265	 iter
150	 1.026797e-32	 267	 iter
151	 1.026797e-32	 268	 iter
152	 1.026797e-32	 269	 iter
153	 1.026797e-32	 270	 iter
154	 1.026797e-32	 272	 iter
155	 1.026797e-32	 273	 iter
155	 1.026797e-32	 273	 done
