0	 4.293772e-33	 1	 init
0	 4.293772e-33	 1	 iter
1	 4.293772e-33	 17	 iter
2	 4.293772e-33	 19	 iter
3	 4.293772e-33	 21	 iter
4	 4.293772e-33	 23	 iter
5	 4.293772e-33	 24	 iter
6	 4.293772e-33	 26	 iter
7	 4.293772e-33	 28	 iter
8	 4.293772e-33	 30	 iter
9	 4.293772e-33	 32	 iter
10	 4.293772e-33	 34	 iter
11	 4.293772e-33	 35	 iter
12	 4.293772e-33	 37	 iter
13	 4.293772e-33	 39	 iter
14	 4.293772e-33	 41	 iter
15	 4.293772e-33	 43	 iter
16	 4.293772e-33	 45	 iter
17	 4.293772e-33	 47	 iter
18	 4.293772e-33	 49	 iter
19	 4.293772e-33	 51	 iter
20	 4.293772e-33	 53	 iter
21	 4.293772e-33	 55	 iter
22	 4.293772e-33	 56	 iter
23	 4.293772e-33	 57	 iter
24	 4.293772e-33	 59	 iter
25	 4.293772e-33	 61	 iter
26	 4.293772e-33	 63	 iter
27	 4.293772e-33	 65	 iter
28	 4.293772e-33	 66	 iter
29	 4.293772e-33	 67	 iter
30	 4.293772e-33	 69	 iter
31	 4.293772e-33	 71	 iter
32	 4.293772e-33	 73	 iter
33	 4.293772e-33	 75	 iter
34	 4.293772e-33	 77	 iter
35	 4.293772e-33	 78	 iter
36	 4.293772e-33	 80	 iter
37	 4.293772e-33	 82	 iter
38	 4.293772e-33	 84	 iter
39	 4.293772e-33	 85	 iter
40	 4.293772e-33	 87	 iter
41	 4.293772e-33	 88	 iter
42	 4.293772e-33	 90	 iter
43	 4.293772e-33	 91	 iter
44	 4.293772e-33	 92	 iter
45	 4.293772e-33	 94	 iter
46	 4.293772e-33	 96	 iter
47	 4.293772e-33	 98	 iter
48	 4.293772e-33	 100	 iter
49	 4.293772e-33	 102	 iter
50	 4.293772e-33	 104	 iter
51	 4.293772e-33	 106	 iter
52	 4.293772e-33	 107	 iter
53	 4.293772e-33	 109	 iter
54	 4.293772e-33	 111	 iter
55	 4.293772e-33	 113	 iter
56	 4.293772e-33	 115	 iter
57	 4.293772e-33	 117	 iter
58	 4.293772e-33	 119	 iter
59	 4.293772e-33	 121	 iter
60	 4.293772e-33	 123	 iter
61	 4.293772e-33	 125	 iter
62	 4.293772e-33	 127	 iter
63	 4.293772e-33	 128	 iter
64	 4.293772e-33	 129	 iter
65	 4.293772e-33	 130	 iter
66	 4.293772e-33	 131	 iter
67	 4.293772e-33	 133	 iter
68	 4.293772e-33	 135	 iter
69	 4.293772e-33	 137	 iter
70	 4.293772e-33	 139	 iter
71	 4.293772e-33	 141	 iter
72	 4.293772e-33	 143	 iter
73	 4.293772e-33	 145	 iter
74	 4.293772e-33	 147	 iter
75	 4.293772e-33	 149	 iter
76	 4.293772e-33	 150	 iter
77	 4.293772e-33	 152	 iter
78	 4.293772e-33	 153	 iter
79	 4.293772e-33	 155	 iter
80	 4.293772e-33	 157	 iter
81	 4.293772e-33	 159	 iter
82	 4.293772e-33	 160	 iter
83	 4.293772e-33	 162	 iter
84	 4.293772e-33	 164	 iter
85	 4.293772e-33	 165	 iter
86	 4.293772e-33	 166	 iter
87	 4.293772e-33	 167	 iter
88	 4.293772e-33	 168	 iter
89	 4.293772e-33	 170	 iter
90	 4.293772e-33	 172	 iter
91	 4.293772e-33	 174	 iter
92	 4.293772e-33	 175	 iter
93	 4.293772e-33	 177	 iter
94	 4.293772e-33	 179	 iter
95	 4.293772e-33	 181	 iter
96	 4.293772e-33	 183	 iter
97	 4.293772e-33	 185	 iter
98	 4.293772e-33	 186	 iter
99	 4.293772e-33	 188	 iter
100	 4.293772e-33	 189	 iter
101	 4.293772e-33	 190	 iter
102	 4.293772e-33	 191	 iter
103	 4.293772e-33	 193	 iter
104	 4.293772e-33	 194	 iter
105	 4.293772e-33	 195	 iter
106	 4.293772e-33	 197	 iter
107	 4.293772e-33	 199	 iter
108	 4.293772e-33	 201	 iter
109	 4.293772e-33	 203	 iter
110	 4.293772e-33	 205	 iter
111	 4.293772e-33	 206	 iter
112	 4.293772e-33	 207	 iter
113	 4.293772e-33	 209	 iter
114	 4.293772e-33	 211	 iter
115	 4.293772e-33	 213	 iter
116	 4.293772e-33	 214	 iter
117	 4.293772e-33	 216	 iter
118	 4.293772e-33	 217	 iter
119	 4.293772e-33	 218	 iter
120	 4.293772e-33	 220	 iter
121	 4.293772e-33	 221	 iter
122	 4.293772e-33	 222	 iter
123	 4.293772e-33	 224	 iter
124	 4.293772e-33	 226	 iter
125	 4.293772e-33	 228	 iter
126	 4.293772e-33	 229	 iter
127	 4.293772e-33	 231	 iter
128	 4.293772e-33	 232	 iter
129	 4.293772e-33	 234	 iter
130	 4.293772e-33	 235	 iter
131	 4.293772e-33	 236	 iter
132	 4.293772e-33	 238	 iter
133	 4.293772e-33	 239	 iter
134	 4.293772e-33	 240	 iter
135	 4.293772e-33	 242	 iter
136	 4.293772e-33	 243	 iter
137	 4.293772e-33	 245	 iter
138	 4.293772e-33	 246	 iter
139	 4.293772e-33	 248	 iter
140	 4.293772e-33	 249	 iter
141	 4.293772e-33	 251	 iter
142	 4.293772e-33	 253	 iter
143	 4.293772e-33	 255	 iter
144	 4.293772e-33	 256	 iter
145	 4.293772e-33	 258	 iter
146	 4.293772e-33	 259	 iter
147	 4.293772e-33	 260	 iter
148	 4.293772e-33	 261	 iter
149	 4.293772e-33	 262	 iter
150	 4.293772e-33	 263	 iter
151	 4.293772e-33	 264	 iter
152	 4.293772e-33	 265	 iter
153	 4.293772e-33	 267	 iter
154	 4.293772e-33	 268	 iter
155	 4.293772e-33	 269	 iter
156	 4.293772e-33	 271	 iter
157	 4.293772e-33	 272	 iter
158	 4.293772e-33	 274	 iter
159	 4.293772e-33	 276	 iter
160	 4.293772e-33	 278	 iter
161	 4.293772e-33	 280	 iter
162	 4.293772e-33	 281	 iter
163	 4.293772e-33	 282	 iter
164	 4.293772e-33	 283	 iter
165	 4.293772e-33	 284	 iter
166	 4.293772e-33	 286	 iter
167	 4.293772e-33	 287	 iter
168	 4.293772e-33	 288	 iter
169	 4.293772e-33	 290	 iter
170	 4.293772e-33	 291	 iter
171	 4.293772e-33	 292	 iter
172	 4.293772e-33	 294	 iter
173	 4.293772e-33	 296	 iter
174	 4.293772e-33	 298	 iter
175	 4.293772e-33	 299	 iter
176	 4.293772e-33	 300	 iter
177	 4.293772e-33	 301	 iter
178	 4.293772e-33	 303	 iter
179	 4.293772e-33	 305	 iter
180	 4.293772e-33	 307	 iter
181	 4.293772e-33	 308	 iter
182	 4.293772e-33	 309	 iter
183	 4.293772e-33	 310	 iter
184	 4.293772e-33	 311	 iter
185	 4.293772e-33	 313	 iter
186	 4.293772e-33	 314	 iter
187	 4.293772e-33	 315	 iter
188	 4.293772e-33	 317	 iter
189	 4.293772e-33	 319	 iter
190	 4.293772e-33	 320	 iter
191	 4.293772e-33	 322	 iter
192	 4.293772e-33	 323	 iter
193	 4.293772e-33	 325	 iter
194	 4.293772e-33	 326	 iter
195	 4.293772e-33	 327	 iter
196	 4.293772e-33	 328	 iter
197	 4.293772e-33	 330	 iter
198	 4.293772e-33	 332	 iter
199	 4.293772e-33	 334	 iter
200	 4.293772e-33	 335	 iter
201	 4.293772e-33	 336	 iter
202	 4.293772e-33	 337	 iter
203	 4.293772e-33	 338	 iter
204	 4.293772e-33	 340	 iter
205	 4.293772e-33	 342	 iter
206	 4.293772e-33	 343	 iter
207	 4.293772e-33	 345	 iter
208	 4.293772e-33	 346	 iter
209	 4.293772e-33	 348	 iter
210	 4.293772e-33	 350	 iter
211	 4.293772e-33	 352	 iter
212	 4.293772e-33	 354	 iter
213	 4.293772e-33	 355	 iter
214	 4.293772e-33	 357	 iter
215	 4.293772e-33	 358	 iter
216	 4.293772e-33	 359	 iter
217	 4.293772e-33	 360	 iter
218	 4.293772e-33	 361	 iter
219	 4.293772e-33	 363	 iter
220	 4.293772e-33	 365	 iter
221	 4.293772e-33	 367	 iter
222	 4.293772e-33	 368	 iter
223	 4.293772e-33	 370	 iter
224	 4.293772e-33	 371	 iter
225	 4.293772e-33	 372	 iter
226	 4.293772e-33	 374	 iter
227	 4.293772e-33	 376	 iter
228	 4.293772e-33	 377	 iter
229	 4.293772e-33	 378	 iter
230	 4.293772e-33	 379	 iter
231	 4.293772e-33	 380	 iter
232	 4.293772e-33	 382	 iter
233	 4.293772e-33	 383	 iter
234	 4.293772e-33	 384	 iter
235	 4.293772e-33	 386	 iter
236	 4.293772e-33	 388	 iter
237	 4.293772e-33	 389	 iter
238	 4.293772e-33	 390	 iter
239	 4.293772e-33	 392	 iter
240	 4.293772e-33	 393	 iter
241	 4.293772e-33	 394	 iter
241	 4.293772e-33	 394	 done
