0	 8.893741e-33	 1	 init
0	 8.893741e-33	 1	 iter
1	 8.893741e-33	 17	 iter
2	 8.893741e-33	 19	 iter
3	 8.893741e-33	 21	 iter
4	 8.893741e-33	 23	 iter
5	 8.893741e-33	 25	 iter
6	 8.893741e-33	 27	 iter
7	 8.893741e-33	 29	 iter
8	 8.893741e-33	 31	 iter
9	 8.893741e-33	 33	 iter
10	 8.893741e-33	 35	 iter
11	 8.893741e-33	 36	 iter
12	 8.893741e-33	 38	 iter
13	 8.893741e-33	 40	 iter
14	 8.893741e-33	 42	 iter
15	 8.893741e-33	 44	 iter
16	 8.893741e-33	 46	 iter
17	 8.893741e-33	 48	 iter
18	 8.893741e-33	 50	 iter
19	 8.893741e-33	 52	 iter
20	 8.893741e-33	 54	 iter
21	 8.893741e-33	 56	 iter
22	 8.893741e-33	 58	 iter
23	 8.893741e-33	 60	 iter
24	 8.893741e-33	 62	 iter
25	 8.893741e-33	 64	 iter
26	 8.893741e-33	 66	 iter
27	 8.893741e-33	 68	 iter
28	 8.893741e-33	 70	 iter
29	 8.893741e-33	 72	 iter
30	 8.893741e-33	 74	 iter
31	 8.893741e-33	 76	 iter
32	 8.893741e-33	 78	 iter
33	 8.893741e-33	 80	 iter
34	 8.893741e-33	 82	 iter
35	 8.893741e-33	 84	 iter
36	 8.893741e-33	 86	 iter
37	 8.893741e-33	 88	 iter
38	 8.893741e-33	 90	 iter
39	 8.893741e-33	 92	 iter
40	 8.893741e-33	 94	 iter
41	 8.893741e-33	 96	 iter
42	 8.893741e-33	 98	 iter
43	 8.893741e-33	 100	 iter
44	 8.893741e-33	 102	 iter
45	 8.893741e-33	 104	 iter
46	 8.893741e-33	 106	 iter
47	 8.893741e-33	 108	 iter
48	 8.893741e-33	 110	 iter
49	 8.893741e-33	 112	 iter
50	 8.893741e-33	 114	 iter
51	 8.893741e-33	 116	 iter
52	 8.893741e-33	 118	 iter
53	 8.893741e-33	 120	 iter
54	 8.893741e-33	 121	 iter
55	 8.893741e-33	 122	 iter
56	 8.893741e-33	 124	 iter
57	 8.893741e-33	 125	 iter
58	 8.893741e-33	 126	 iter
59	 8.893741e-33	 128	 iter
60	 8.893741e-33	 130	 iter
61	 8.893741e-33	 132	 iter
62	 8.893741e-33	 133	 iter
63	 8.893741e-33	 134	 iter
64	 8.893741e-33	 135	 iter
65	 8.893741e-33	 136	 iter
66	 8.893741e-33	 138	 iter
67	 8.893741e-33	 139	 iter
68	 8.893741e-33	 141	 iter
69	 8.893741e-33	 142	 iter
70	 8.893741e-33	 144	 iter
71	 8.893741e-33	 146	 iter
72	 8.893741e-33	 148	 iter
73	 8.893741e-33	 150	 iter
74	 8.893741e-33	 152	 iter
75	 8.893741e-33	 154	 iter
76	 8.893741e-33	 156	 iter
77	 8.893741e-33	 158	 iter
78	 8.893741e-33	 160	 iter
79	 8.893741e-33	 161	 iter
80	 8.893741e-33	 163	 iter
81	 8.893741e-33	 165	 iter
82	 8.893741e-33	 167	 iter
83	 8.893741e-33	 168	 iter
84	 8.893741e-33	 170	 iter
85	 8.893741e-33	 171	 iter
86	 8.893741e-33	 173	 iter
87	 8.893741e-33	 175	 iter
88	 8.893741e-33	 177	 iter
89	 8.893741e-33	 179	 iter
90	 8.893741e-33	 181	 iter
91	 8.893741e-33	 182	 iter
92	 8.893741e-33	 184	 iter
93	 8.893741e-33	 185	 iter
94	 8.893741e-33	 187	 iter
95	 8.893741e-33	 189	 iter
96	 8.893741e-33	 190	 iter
97	 8.893741e-33	 191	 iter
98	 8.893741e-33	 192	 iter
99	 8.893741e-33	 194	 iter
100	 8.893741e-33	 196	 iter
101	 8.893741e-33	 197	 iter
102	 8.893741e-33	 198	 iter
103	 8.893741e-33	 200	 iter
104	 8.893741e-33	 201	 iter
105	 8.893741e-33	 203	 iter
106	 8.893741e-33	 204	 iter
107	 8.893741e-33	 205	 iter
108	 8.893741e-33	 207	 iter
109	 8.893741e-33	 208	 iter
110	 8.893741e-33	 209	 iter
111	 8.893741e-33	 211	 iter
112	 8.893741e-33	 212	 iter
113	 8.893741e-33	 213	 iter
114	 8.893741e-33	 214	 iter
115	 8.893741e-33	 216	 iter
116	 8.893741e-33	 218	 iter
117	 8.893741e-33	 220	 iter
118	 8.893741e-33	 222	 iter
119	 8.893741e-33	 223	 iter
120	 8.893741e-33	 224	 iter
121	 8.893741e-33	 225	 iter
122	 8.893741e-33	 227	 iter
123	 8.893741e-33	 228	 iter
124	 8.893741e-33	 229	 iter
125	 8.893741e-33	 231	 iter
126	 8.893741e-33	 233	 iter
127	 8.893741e-33	 235	 iter
128	 8.893741e-33	 237	 iter
129	 8.893741e-33	 238	 iter
130	 8.893741e-33	 240	 iter
131	 8.893741e-33	 241	 iter
132	 8.893741e-33	 242	 iter
133	 8.893741e-33	 243	 iter
134	 8.893741e-33	 245	 iter
135	 8.893741e-33	 247	 iter
136	 8.893741e-33	 249	 iter
137	 8.893741e-33	 251	 iter
138	 8.893741e-33	 253	 iter
139	 8.893741e-33	 255	 iter
140	 8.893741e-33	 257	 iter
141	 8.893741e-33	 258	 iter
142	 8.893741e-33	 259	 iter
143	 8.893741e-33	 260	 iter
144	 8.893741e-33	 262	 iter
145	 8.893741e-33	 263	 iter
146	 8.893741e-33	 264	 iter
147	 8.893741e-33	 265	 iter
148	 8.893741e-33	 266	 iter
149	 8.893741e-33	 268	 iter
150	 8.893741e-33	 270	 iter
151	 8.893741e-33	 272	 iter
152	 8.893741e-33	 273	 iter
153	 8.893741e-33	 275	 iter
154	 8.893741e-33	 276	 iter
155	 8.893741e-33	 277	 iter
156	 8.893741e-33	 279	 iter
157	 8.893741e-33	 280	 iter
158	 8.893741e-33	 281	 iter
159	 8.893741e-33	 283	 iter
160	 8.893741e-33	 285	 iter
161	 8.893741e-33	 286	 iter
162	 8.893741e-33	 287	 iter
163	 8.893741e-33	 289	 iter
164	 8.893741e-33	 291	 iter
165	 8.893741e-33	 293	 iter
165	 8.893741e-33	 293	 done
