0	 4.731632e-33	 1	 init
0	 4.731632e-33	 1	 iter
1	 4.731632e-33	 17	 iter
2	 4.731632e-33	 19	 iter
3	 4.731632e-33	 21	 iter
4	 4.731632e-33	 23	 iter
5	 4.731632e-33	 25	 iter
6	 4.731632e-33	 27	 iter
7	 4.731632e-33	 29	 iter
8	 4.731632e-33	 31	 iter
9	 4.731632e-33	 32	 iter
10	 4.731632e-33	 34	 iter
11	 4.731632e-33	 36	 iter
12	 4.731632e-33	 38	 iter
13	 4.731632e-33	 40	 iter
14	 4.731632e-33	 42	 iter
15	 4.731632e-33	 44	 iter
16	 4.731632e-33	 46	 iter
17	 4.731632e-33	 48	 iter
18	 4.731632e-33	 50	 iter
19	 4.731632e-33	 52	 iter
20	 4.731632e-33	 54	 iter
21	 4.731632e-33	 56	 iter
22	 4.731632e-33	 58	 iter
23	 4.731632e-33	 59	 iter
24	 4.731632e-33	 61	 iter
25	 4.731632e-33	 63	 iter
26	 4.731632e-33	 65	 iter
27	 4.731632e-33	 67	 iter
28	 4.731632e-33	 69	 iter
29	 4.731632e-33	 71	 iter
30	 4.731632e-33	 73	 iter
31	 4.731632e-33	 75	 iter
32	 4.731632e-33	 76	 iter
33	 4.731632e-33	 78	 iter
34	 4.731632e-33	 80	 iter
35	 4.731632e-33	 82	 iter
36	 4.731632e-33	 84	 iter
37	 4.731632e-33	 86	 iter
38	 4.731632e-33	 87	 iter
39	 4.731632e-33	 88	 iter
40	 4.731632e-33	 90	 iter
41	 4.731632e-33	 92	 iter
42	 4.731632e-33	 93	 iter
43	 4.731632e-33	 94	 iter
44	 4.731632e-33	 96	 iter
45	 4.731632e-33	 98	 iter
46	 4.731632e-33	 100	 iter
47	 4.731632e-33	 102	 iter
48	 4.731632e-33	 104	 iter
49	 4.731632e-33	 106	 iter
50	 4.731632e-33	 108	 iter
51	 4.731632e-33	 110	 iter
52	 4.731632e-33	 112	 iter
53	 4.731632e-33	 114	 iter
54	 4.731632e-33	 116	 iter
55	 4.731632e-33	 118	 iter
56	 4.731632e-33	 120	 iter
57	 4.731632e-33	 122	 iter
58	 4.731632e-33	 123	 iter
59	 4.731632e-33	 124	 iter
60	 4.731632e-33	 126	 iter
61	 4.731632e-33	 128	 iter
62	 4.731632e-33	 130	 iter
63	 4.731632e-33	 132	 iter
64	 4.731632e-33	 134	 iter
65	 4.731632e-33	 136	 iter
66	 4.731632e-33	 138	 iter
67	 4.731632e-33	 140	 iter
68	 4.731632e-33	 142	 iter
69	 4.731632e-33	 144	 iter
70	 4.731632e-33	 146	 iter
71	 4.731632e-33	 147	 iter
72	 4.731632e-33	 149	 iter
73	 4.731632e-33	 151	 iter
74	 4.731632e-33	 152	 iter
75	 4.731632e-33	 154	 iter
76	 4.731632e-33	 156	 iter
77	 4.731632e-33	 157	 iter
78	 4.731632e-33	 159	 iter
79	 4.731632e-33	 160	 iter
80	 4.731632e-33	 162	 iter
81	 4.731632e-33	 163	 iter
82	 4.731632e-33	 165	 iter
83	 4.731632e-33	 167	 iter
84	 4.731632e-33	 169	 iter
85	 4.731632e-33	 171	 iter
86	 4.731632e-33	 173	 iter
87	 4.731632e-33	 175	 iter
88	 4.731632e-33	 177	 iter
89	 4.731632e-33	 178	 iter
90	 4.731632e-33	 180	 iter
91	 4.731632e-33	 181	 iter
92	 4.731632e-33	 182	 iter
93	 4.731632e-33	 184	 iter
94	 4.731632e-33	 185	 iter
95	 4.731632e-33	 186	 iter
96	 4.731632e-33	 187	 iter
97	 4.731632e-33	 188	 iter
98	 4.731632e-33	 190	 iter
99	 4.731632e-33	 192	 iter
100	 4.731632e-33	 193	 iter
101	 4.731632e-33	 194	 iter
102	 4.731632e-33	 195	 iter
103	 4.731632e-33	 196	 iter
104	 4.731632e-33	 198	 iter
105	 4.731632e-33	 199	 iter
106	 4.731632e-33	 200	 iter
107	 4.731632e-33	 201	 iter
108	 4.731632e-33	 202	 iter
109	 4.731632e-33	 203	 iter
110	 4.731632e-33	 205	 iter
111	 4.731632e-33	 207	 iter
112	 4.731632e-33	 208	 iter
113	 4.731632e-33	 209	 iter
114	 4.731632e-33	 211	 iter
115	 4.731632e-33	 212	 iter
116	 4.731632e-33	 214	 iter
117	 4.731632e-33	 215	 iter
118	 4.731632e-33	 216	 iter
119	 4.731632e-33	 217	 iter
120	 4.731632e-33	 219	 iter
121	 4.731632e-33	 220	 iter
122	 4.731632e-33	 221	 iter
123	 4.731632e-33	 222	 iter
124	 4.731632e-33	 224	 iter
125	 4.731632e-33	 225	 iter
126	 4.731632e-33	 226	 iter
127	 4.731632e-33	 228	 iter
128	 4.731632e-33	 229	 iter
129	 4.731632e-33	 230	 iter
130	 4.731632e-33	 231	 iter
131	 4.731632e-33	 232	 iter
132	 4.731632e-33	 233	 iter
133	 4.731632e-33	 235	 iter
134	 4.731632e-33	 237	 iter
135	 4.731632e-33	 238	 iter
136	 4.731632e-33	 240	 iter
137	 4.731632e-33	 241	 iter
138	 4.731632e-33	 242	 iter
139	 4.731632e-33	 243	 iter
140	 4.731632e-33	 244	 iter
141	 4.731632e-33	 246	 iter
142	 4.731632e-33	 247	 iter
143	 4.731632e-33	 248	 iter
144	 4.731632e-33	 250	 iter
145	 4.731632e-33	 252	 iter
146	 4.731632e-33	 253	 iter
147	 4.731632e-33	 255	 iter
148	 4.731632e-33	 257	 iter
149	 4.731632e-33	 259	 iter
150	 4.731632e-33	 261	 iter
151	 4.731632e-33	 262	 iter
152	 4.731632e-33	 264	 iter
153	 4.731632e-33	 266	 iter
154	 4.731632e-33	 268	 iter
155	 4.731632e-33	 270	 iter
156	 4.731632e-33	 271	 iter
157	 4.731632e-33	 272	 iter
158	 4.731632e-33	 274	 iter
159	 4.731632e-33	 275	 iter
160	 4.731632e-33	 277	 iter
161	 4.731632e-33	 278	 iter
162	 4.731632e-33	 279	 iter
163	 4.731632e-33	 280	 iter
164	 4.731632e-33	 281	 iter
165	 4.731632e-33	 283	 iter
166	 4.731632e-33	 285	 iter
167	 4.731632e-33	 287	 iter
168	 4.731632e-33	 289	 iter
169	 4.731632e-33	 291	 iter
170	 4.731632e-33	 292	 iter
171	 4.731632e-33	 293	 iter
172	 4.731632e-33	 294	 iter
173	 4.731632e-33	 295	 iter
174	 4.731632e-33	 297	 iter
175	 4.731632e-33	 299	 iter
176	 4.731632e-33	 301	 iter
177	 4.731632e-33	 302	 iter
178	 4.731632e-33	 303	 iter
179	 4.731632e-33	 304	 iter
180	 4.731632e-33	 305	 iter
181	 4.731632e-33	 307	 iter
182	 4.731632e-33	 309	 iter
183	 4.731632e-33	 311	 iter
184	 4.731632e-33	 313	 iter
185	 4.731632e-33	 315	 iter
186	 4.731632e-33	 317	 iter
187	 4.731632e-33	 319	 iter
188	 4.731632e-33	 320	 iter
189	 4.731632e-33	 321	 iter
190	 4.731632e-33	 323	 iter
191	 4.731632e-33	 325	 iter
192	 4.731632e-33	 327	 iter
193	 4.731632e-33	 329	 iter
194	 4.731632e-33	 331	 iter
195	 4.731632e-33	 333	 iter
196	 4.731632e-33	 334	 iter
197	 4.731632e-33	 335	 iter
198	 4.731632e-33	 336	 iter
199	 4.731632e-33	 337	 iter
200	 4.731632e-33	 339	 iter
201	 4.731632e-33	 341	 iter
202	 4.731632e-33	 342	 iter
203	 4.731632e-33	 343	 iter
204	 4.731632e-33	 344	 iter
205	 4.731632e-33	 345	 iter
206	 4.731632e-33	 346	 iter
207	 4.731632e-33	 347	 iter
208	 4.731632e-33	 348	 iter
209	 4.731632e-33	 350	 iter
210	 4.731632e-33	 352	 iter
211	 4.731632e-33	 354	 iter
212	 4.731632e-33	 356	 iter
213	 4.731632e-33	 358	 iter
214	 4.731632e-33	 359	 iter
215	 4.731632e-33	 361	 iter
216	 4.731632e-33	 362	 iter
217	 4.731632e-33	 364	 iter
218	 4.731632e-33	 365	 iter
219	 4.731632e-33	 367	 iter
220	 4.731632e-33	 369	 iter
220	 4.731632e-33	 369	 done
