0	 	 200	 init
1	 1.038549e-02	 400	 iter
2	 9.946385e-03	 600	 iter
3	 9.109871e-03	 800	 iter
4	 9.096246e-03	 1000	 iter
5	 9.096246e-03	 1200	 iter
6	 7.463765e-03	 1400	 iter
7	 7.463765e-03	 1600	 iter
8	 7.463765e-03	 1800	 iter
9	 6.591866e-03	 2000	 iter
10	 6.591866e-03	 2200	 iter
11	 6.591866e-03	 2400	 iter
12	 5.934085e-03	 2600	 iter
13	 5.052300e-03	 2800	 iter
14	 4.612844e-03	 3000	 iter
15	 4.612844e-03	 3200	 iter
16	 4.612844e-03	 3400	 iter
17	 4.588116e-03	 3600	 iter
18	 4.537782e-03	 3800	 iter
19	 4.431869e-03	 4000	 iter
20	 4.431869e-03	 4200	 iter
21	 4.431869e-03	 4400	 iter
22	 4.431869e-03	 4600	 iter
23	 4.431869e-03	 4800	 iter
24	 4.431869e-03	 5000	 iter
25	 4.431869e-03	 5200	 iter
26	 3.921587e-03	 5400	 iter
27	 3.921587e-03	 5600	 iter
28	 3.921587e-03	 5800	 iter
29	 3.921587e-03	 6000	 iter
30	 3.921587e-03	 6200	 iter
31	 3.921587e-03	 6400	 iter
32	 3.921587e-03	 6600	 iter
33	 3.921587e-03	 6800	 iter
34	 3.921587e-03	 7000	 iter
35	 3.921587e-03	 7200	 iter
36	 3.921587e-03	 7400	 iter
37	 3.857840e-03	 7600	 iter
38	 3.857840e-03	 7800	 iter
39	 3.857840e-03	 8000	 iter
40	 3.857840e-03	 8200	 iter
41	 3.857840e-03	 8400	 iter
42	 3.857840e-03	 8600	 iter
43	 3.857840e-03	 8800	 iter
44	 3.637353e-03	 9000	 iter
45	 3.637353e-03	 9200	 iter
46	 3.637353e-03	 9400	 iter
47	 3.637353e-03	 9600	 iter
48	 3.637353e-03	 9800	 iter
49	 3.626462e-03	 10000	 iter
50	 3.545461e-03	 10200	 iter
51	 3.537338e-03	 10400	 iter
52	 3.537338e-03	 10600	 iter
53	 3.537338e-03	 10800	 iter
54	 3.458955e-03	 11000	 iter
55	 3.445852e-03	 11200	 iter
56	 3.445852e-03	 11400	 iter
57	 3.354325e-03	 11600	 iter
58	 3.332861e-03	 11800	 iter
59	 3.332861e-03	 12000	 iter
60	 3.268205e-03	 12200	 iter
61	 3.268205e-03	 12400	 iter
62	 3.268205e-03	 12600	 iter
63	 3.268205e-03	 12800	 iter
64	 3.268205e-03	 13000	 iter
65	 3.268205e-03	 13200	 iter
66	 3.104128e-03	 13400	 iter
67	 3.104128e-03	 13600	 iter
68	 3.104128e-03	 13800	 iter
69	 3.104128e-03	 14000	 iter
70	 2.874099e-03	 14200	 iter
71	 2.874099e-03	 14400	 iter
72	 2.874099e-03	 14600	 iter
73	 2.874099e-03	 14800	 iter
74	 2.874099e-03	 15000	 iter
75	 2.874099e-03	 15200	 iter
76	 2.874099e-03	 15400	 iter
77	 2.850041e-03	 15600	 iter
78	 2.850041e-03	 15800	 iter
79	 2.850041e-03	 16000	 iter
80	 2.850041e-03	 16200	 iter
81	 2.850041e-03	 16400	 iter
82	 2.850041e-03	 16600	 iter
83	 2.850041e-03	 16800	 iter
84	 2.850041e-03	 17000	 iter
85	 2.850041e-03	 17200	 iter
86	 2.850041e-03	 17400	 iter
87	 2.850041e-03	 17600	 iter
88	 2.850041e-03	 17800	 iter
89	 2.709512e-03	 18000	 iter
90	 2.709512e-03	 18200	 iter
91	 2.709512e-03	 18400	 iter
92	 2.709512e-03	 18600	 iter
93	 2.709512e-03	 18800	 iter
94	 2.709512e-03	 19000	 iter
95	 2.709512e-03	 19200	 iter
96	 2.564409e-03	 19400	 iter
97	 2.564409e-03	 19600	 iter
98	 2.564409e-03	 19800	 iter
99	 2.564409e-03	 20000	 iter
100	 2.564409e-03	 20200	 iter
101	 2.543924e-03	 20400	 iter
102	 2.543924e-03	 20600	 iter
103	 2.543924e-03	 20800	 iter
104	 2.543924e-03	 21000	 iter
105	 2.543924e-03	 21200	 iter
106	 2.543924e-03	 21400	 iter
107	 2.543924e-03	 21600	 iter
108	 2.543924e-03	 21800	 iter
109	 2.543924e-03	 22000	 iter
110	 2.543924e-03	 22200	 iter
111	 2.543924e-03	 22400	 iter
112	 2.543924e-03	 22600	 iter
113	 2.543924e-03	 22800	 iter
114	 2.543924e-03	 23000	 iter
115	 2.543924e-03	 23200	 iter
116	 2.543924e-03	 23400	 iter
117	 2.543924e-03	 23600	 iter
118	 2.536591e-03	 23800	 iter
119	 2.531872e-03	 24000	 iter
120	 2.531872e-03	 24200	 iter
121	 2.528517e-03	 24400	 iter
122	 2.528517e-03	 24600	 iter
123	 2.528517e-03	 24800	 iter
124	 2.528517e-03	 25000	 iter
125	 2.528517e-03	 25200	 iter
126	 2.528517e-03	 25400	 iter
127	 2.528517e-03	 25600	 iter
128	 2.116493e-03	 25800	 iter
129	 2.116493e-03	 26000	 iter
130	 2.116493e-03	 26200	 iter
131	 2.116493e-03	 26400	 iter
132	 1.958618e-03	 26600	 iter
133	 1.958618e-03	 26800	 iter
134	 1.958618e-03	 27000	 iter
135	 1.958618e-03	 27200	 iter
136	 1.958618e-03	 27400	 iter
137	 1.958618e-03	 27600	 iter
138	 1.958618e-03	 27800	 iter
139	 1.958618e-03	 28000	 iter
140	 1.958618e-03	 28200	 iter
141	 1.958618e-03	 28400	 iter
142	 1.958618e-03	 28600	 iter
143	 1.958618e-03	 28800	 iter
144	 1.958618e-03	 29000	 iter
145	 1.958618e-03	 29200	 iter
146	 1.958618e-03	 29400	 iter
147	 1.958618e-03	 29600	 iter
148	 1.958618e-03	 29800	 iter
149	 1.958618e-03	 30000	 iter
150	 1.958618e-03	 30200	 iter
151	 1.958618e-03	 30400	 iter
152	 1.958618e-03	 30600	 iter
153	 1.955748e-03	 30800	 iter
154	 1.955748e-03	 31000	 iter
155	 1.955748e-03	 31200	 iter
156	 1.950148e-03	 31400	 iter
157	 1.950148e-03	 31600	 iter
158	 1.950148e-03	 31800	 iter
159	 1.950148e-03	 32000	 iter
160	 1.950148e-03	 32200	 iter
161	 1.950148e-03	 32400	 iter
162	 1.947814e-03	 32600	 iter
163	 1.942699e-03	 32800	 iter
164	 1.942699e-03	 33000	 iter
165	 1.942699e-03	 33200	 iter
166	 1.933039e-03	 33400	 iter
167	 1.920605e-03	 33600	 iter
168	 1.920605e-03	 33800	 iter
169	 1.920605e-03	 34000	 iter
170	 1.920605e-03	 34200	 iter
171	 1.920605e-03	 34400	 iter
172	 1.920605e-03	 34600	 iter
173	 1.920605e-03	 34800	 iter
174	 1.920605e-03	 35000	 iter
175	 1.920605e-03	 35200	 iter
176	 1.920605e-03	 35400	 iter
177	 1.920605e-03	 35600	 iter
178	 1.888299e-03	 35800	 iter
179	 1.888299e-03	 36000	 iter
180	 1.888299e-03	 36200	 iter
181	 1.888299e-03	 36400	 iter
182	 1.888299e-03	 36600	 iter
183	 1.888299e-03	 36800	 iter
184	 1.888299e-03	 37000	 iter
185	 1.888299e-03	 37200	 iter
186	 1.879528e-03	 37400	 iter
187	 1.879528e-03	 37600	 iter
188	 1.879528e-03	 37800	 iter
189	 1.879528e-03	 38000	 iter
190	 1.879528e-03	 38200	 iter
191	 1.879528e-03	 38400	 iter
192	 1.879528e-03	 38600	 iter
193	 1.879528e-03	 38800	 iter
194	 1.879528e-03	 39000	 iter
195	 1.879528e-03	 39200	 iter
196	 1.872307e-03	 39400	 iter
197	 1.872307e-03	 39600	 iter
198	 1.872307e-03	 39800	 iter
199	 1.872307e-03	 40000	 iter
200	 1.872307e-03	 40200	 iter
201	 1.872307e-03	 40400	 iter
202	 1.872307e-03	 40600	 iter
203	 1.872307e-03	 40800	 iter
204	 1.800032e-03	 41000	 iter
205	 1.800032e-03	 41200	 iter
206	 1.800032e-03	 41400	 iter
207	 1.800032e-03	 41600	 iter
208	 1.800032e-03	 41800	 iter
209	 1.800032e-03	 42000	 iter
210	 1.800032e-03	 42200	 iter
211	 1.800032e-03	 42400	 iter
212	 1.800032e-03	 42600	 iter
213	 1.800032e-03	 42800	 iter
214	 1.800032e-03	 43000	 iter
215	 1.800032e-03	 43200	 iter
216	 1.800032e-03	 43400	 iter
217	 1.800032e-03	 43600	 iter
218	 1.800032e-03	 43800	 iter
219	 1.800032e-03	 44000	 iter
220	 1.800032e-03	 44200	 iter
221	 1.800032e-03	 44400	 iter
222	 1.785363e-03	 44600	 iter
223	 1.785363e-03	 44800	 iter
224	 1.785363e-03	 45000	 iter
225	 1.785363e-03	 45200	 iter
226	 1.659473e-03	 45400	 iter
227	 1.659473e-03	 45600	 iter
228	 1.659473e-03	 45800	 iter
229	 1.659473e-03	 46000	 iter
230	 1.659473e-03	 46200	 iter
231	 1.659473e-03	 46400	 iter
232	 1.659473e-03	 46600	 iter
233	 1.659473e-03	 46800	 iter
234	 1.659473e-03	 47000	 iter
235	 1.659473e-03	 47200	 iter
236	 1.659473e-03	 47400	 iter
237	 1.659473e-03	 47600	 iter
238	 1.654098e-03	 47800	 iter
239	 1.651533e-03	 48000	 iter
240	 1.607175e-03	 48200	 iter
241	 1.607175e-03	 48400	 iter
242	 1.607175e-03	 48600	 iter
243	 1.607175e-03	 48800	 iter
244	 1.607175e-03	 49000	 iter
245	 1.607175e-03	 49200	 iter
246	 1.607175e-03	 49400	 iter
247	 1.607175e-03	 49600	 iter
248	 1.607175e-03	 49800	 iter
249	 1.580009e-03	 50000	 iter
250	 1.580009e-03	 50200	 iter
251	 1.580009e-03	 50400	 iter
252	 1.580009e-03	 50600	 iter
253	 1.580009e-03	 50800	 iter
254	 1.580009e-03	 51000	 iter
255	 1.580009e-03	 51200	 iter
256	 1.580009e-03	 51400	 iter
257	 1.580009e-03	 51600	 iter
258	 1.580009e-03	 51800	 iter
259	 1.580009e-03	 52000	 iter
260	 1.580009e-03	 52200	 iter
261	 1.580009e-03	 52400	 iter
262	 1.570794e-03	 52600	 iter
263	 1.570794e-03	 52800	 iter
264	 1.570794e-03	 53000	 iter
265	 1.570794e-03	 53200	 iter
266	 1.570794e-03	 53400	 iter
267	 1.570794e-03	 53600	 iter
268	 1.570794e-03	 53800	 iter
269	 1.570794e-03	 54000	 iter
270	 1.570794e-03	 54200	 iter
271	 1.570794e-03	 54400	 iter
272	 1.560064e-03	 54600	 iter
273	 1.560064e-03	 54800	 iter
274	 1.560064e-03	 55000	 iter
275	 1.560064e-03	 55200	 iter
276	 1.560064e-03	 55400	 iter
277	 1.560064e-03	 55600	 iter
278	 1.560064e-03	 55800	 iter
279	 1.560064e-03	 56000	 iter
280	 1.560064e-03	 56200	 iter
281	 1.560064e-03	 56400	 iter
282	 1.560064e-03	 56600	 iter
283	 1.560064e-03	 56800	 iter
284	 1.560064e-03	 57000	 iter
285	 1.560064e-03	 57200	 iter
286	 1.543383e-03	 57400	 iter
287	 1.524418e-03	 57600	 iter
288	 1.524418e-03	 57800	 iter
289	 1.524418e-03	 58000	 iter
290	 1.524418e-03	 58200	 iter
291	 1.524418e-03	 58400	 iter
292	 1.524418e-03	 58600	 iter
293	 1.524418e-03	 58800	 iter
294	 1.524418e-03	 59000	 iter
295	 1.524418e-03	 59200	 iter
296	 1.524418e-03	 59400	 iter
297	 1.524418e-03	 59600	 iter
298	 1.524418e-03	 59800	 iter
299	 1.524418e-03	 60000	 iter
300	 1.524418e-03	 60200	 iter
301	 1.524418e-03	 60400	 iter
302	 1.524418e-03	 60600	 iter
303	 1.520410e-03	 60800	 iter
304	 1.520410e-03	 61000	 iter
305	 1.520410e-03	 61200	 iter
306	 1.520410e-03	 61400	 iter
307	 1.520410e-03	 61600	 iter
308	 1.519122e-03	 61800	 iter
309	 1.519122e-03	 62000	 iter
310	 1.500506e-03	 62200	 iter
311	 1.495392e-03	 62400	 iter
312	 1.495392e-03	 62600	 iter
313	 1.495392e-03	 62800	 iter
314	 1.454047e-03	 63000	 iter
315	 1.435504e-03	 63200	 iter
316	 1.435504e-03	 63400	 iter
317	 1.412356e-03	 63600	 iter
318	 1.397617e-03	 63800	 iter
319	 1.393407e-03	 64000	 iter
320	 1.393407e-03	 64200	 iter
321	 1.393407e-03	 64400	 iter
322	 1.393407e-03	 64600	 iter
323	 1.393407e-03	 64800	 iter
324	 1.393407e-03	 65000	 iter
325	 1.393407e-03	 65200	 iter
326	 1.391033e-03	 65400	 iter
327	 1.391033e-03	 65600	 iter
328	 1.391033e-03	 65800	 iter
329	 1.391033e-03	 66000	 iter
330	 1.391033e-03	 66200	 iter
331	 1.391033e-03	 66400	 iter
332	 1.391033e-03	 66600	 iter
333	 1.391033e-03	 66800	 iter
334	 1.391033e-03	 67000	 iter
335	 1.391033e-03	 67200	 iter
336	 1.391033e-03	 67400	 iter
337	 1.388183e-03	 67600	 iter
338	 1.386696e-03	 67800	 iter
339	 1.363166e-03	 68000	 iter
340	 1.363166e-03	 68200	 iter
341	 1.354637e-03	 68400	 iter
342	 1.354637e-03	 68600	 iter
343	 1.354637e-03	 68800	 iter
344	 1.354637e-03	 69000	 iter
345	 1.354637e-03	 69200	 iter
346	 1.354637e-03	 69400	 iter
347	 1.354637e-03	 69600	 iter
348	 1.354637e-03	 69800	 iter
349	 1.354637e-03	 70000	 iter
350	 1.354637e-03	 70200	 iter
351	 1.350419e-03	 70400	 iter
352	 1.350419e-03	 70600	 iter
353	 1.350419e-03	 70800	 iter
354	 1.350419e-03	 71000	 iter
355	 1.350419e-03	 71200	 iter
356	 1.350419e-03	 71400	 iter
357	 1.350419e-03	 71600	 iter
358	 1.350419e-03	 71800	 iter
359	 1.350419e-03	 72000	 iter
360	 1.350419e-03	 72200	 iter
361	 1.350419e-03	 72400	 iter
362	 1.350419e-03	 72600	 iter
363	 1.350419e-03	 72800	 iter
364	 1.350419e-03	 73000	 iter
365	 1.350419e-03	 73200	 iter
366	 1.350419e-03	 73400	 iter
367	 1.350419e-03	 73600	 iter
368	 1.350419e-03	 73800	 iter
368	 1.350419e-03	 73800	 done
