0	 6.373336e-33	 1	 init
0	 6.373336e-33	 1	 iter
1	 6.373336e-33	 17	 iter
2	 6.373336e-33	 19	 iter
3	 6.373336e-33	 21	 iter
4	 6.373336e-33	 23	 iter
5	 6.373336e-33	 25	 iter
6	 6.373336e-33	 27	 iter
7	 6.373336e-33	 28	 iter
8	 6.373336e-33	 30	 iter
9	 6.373336e-33	 32	 iter
10	 6.373336e-33	 34	 iter
11	 6.373336e-33	 36	 iter
12	 6.373336e-33	 38	 iter
13	 6.373336e-33	 40	 iter
14	 6.373336e-33	 42	 iter
15	 6.373336e-33	 44	 iter
16	 6.373336e-33	 46	 iter
17	 6.373336e-33	 48	 iter
18	 6.373336e-33	 50	 iter
19	 6.373336e-33	 52	 iter
20	 6.373336e-33	 54	 iter
21	 6.373336e-33	 56	 iter
22	 6.373336e-33	 58	 iter
23	 6.373336e-33	 60	 iter
24	 6.373336e-33	 62	 iter
25	 6.373336e-33	 64	 iter
26	 6.373336e-33	 66	 iter
27	 6.373336e-33	 68	 iter
28	 6.373336e-33	 70	 iter
29	 6.373336e-33	 72	 iter
30	 6.373336e-33	 74	 iter
31	 6.373336e-33	 76	 iter
32	 6.373336e-33	 78	 iter
33	 6.373336e-33	 80	 iter
34	 6.373336e-33	 82	 iter
35	 6.373336e-33	 84	 iter
36	 6.373336e-33	 86	 iter
37	 6.373336e-33	 88	 iter
38	 6.373336e-33	 90	 iter
39	 6.373336e-33	 92	 iter
40	 6.373336e-33	 93	 iter
41	 6.373336e-33	 94	 iter
42	 6.373336e-33	 96	 iter
43	 6.373336e-33	 98	 iter
44	 6.373336e-33	 99	 iter
45	 6.373336e-33	 101	 iter
46	 6.373336e-33	 103	 iter
47	 6.373336e-33	 104	 iter
48	 6.373336e-33	 106	 iter
49	 6.373336e-33	 108	 iter
50	 6.373336e-33	 110	 iter
51	 6.373336e-33	 112	 iter
52	 6.373336e-33	 114	 iter
53	 6.373336e-33	 116	 iter
54	 6.373336e-33	 117	 iter
55	 6.373336e-33	 119	 iter
56	 6.373336e-33	 121	 iter
57	 6.373336e-33	 123	 iter
58	 6.373336e-33	 124	 iter
59	 6.373336e-33	 125	 iter
60	 6.373336e-33	 127	 iter
61	 6.373336e-33	 129	 iter
62	 6.373336e-33	 130	 iter
63	 6.373336e-33	 132	 iter
64	 6.373336e-33	 134	 iter
65	 6.373336e-33	 136	 iter
66	 6.373336e-33	 138	 iter
67	 6.373336e-33	 140	 iter
68	 6.373336e-33	 142	 iter
69	 6.373336e-33	 143	 iter
70	 6.373336e-33	 144	 iter
71	 6.373336e-33	 145	 iter
72	 6.373336e-33	 147	 iter
73	 6.373336e-33	 148	 iter
74	 6.373336e-33	 149	 iter
75	 6.373336e-33	 151	 iter
76	 6.373336e-33	 153	 iter
77	 6.373336e-33	 155	 iter
78	 6.373336e-33	 156	 iter
79	 6.373336e-33	 157	 iter
80	 6.373336e-33	 158	 iter
81	 6.373336e-33	 160	 iter
82	 6.373336e-33	 161	 iter
83	 6.373336e-33	 163	 iter
84	 6.373336e-33	 164	 iter
85	 6.373336e-33	 165	 iter
86	 6.373336e-33	 167	 iter
87	 6.373336e-33	 168	 iter
88	 6.373336e-33	 169	 iter
89	 6.373336e-33	 171	 iter
90	 6.373336e-33	 173	 iter
91	 6.373336e-33	 175	 iter
92	 6.373336e-33	 177	 iter
93	 6.373336e-33	 179	 iter
94	 6.373336e-33	 181	 iter
95	 6.373336e-33	 183	 iter
96	 6.373336e-33	 185	 iter
97	 6.373336e-33	 187	 iter
98	 6.373336e-33	 188	 iter
99	 6.373336e-33	 189	 iter
100	 6.373336e-33	 190	 iter
101	 6.373336e-33	 192	 iter
102	 6.373336e-33	 193	 iter
103	 6.373336e-33	 195	 iter
104	 6.373336e-33	 197	 iter
105	 6.373336e-33	 199	 iter
106	 6.373336e-33	 200	 iter
107	 6.373336e-33	 201	 iter
108	 6.373336e-33	 202	 iter
109	 6.373336e-33	 203	 iter
110	 6.373336e-33	 205	 iter
111	 6.373336e-33	 207	 iter
112	 6.373336e-33	 209	 iter
113	 6.373336e-33	 210	 iter
114	 6.373336e-33	 211	 iter
115	 6.373336e-33	 213	 iter
116	 6.373336e-33	 214	 iter
117	 6.373336e-33	 216	 iter
118	 6.373336e-33	 218	 iter
119	 6.373336e-33	 219	 iter
120	 6.373336e-33	 221	 iter
121	 6.373336e-33	 222	 iter
122	 6.373336e-33	 223	 iter
123	 6.373336e-33	 225	 iter
124	 6.373336e-33	 227	 iter
125	 6.373336e-33	 228	 iter
126	 6.373336e-33	 230	 iter
127	 6.373336e-33	 232	 iter
128	 6.373336e-33	 234	 iter
129	 6.373336e-33	 235	 iter
130	 6.373336e-33	 237	 iter
131	 6.373336e-33	 239	 iter
132	 6.373336e-33	 240	 iter
133	 6.373336e-33	 242	 iter
134	 6.373336e-33	 244	 iter
135	 6.373336e-33	 246	 iter
136	 6.373336e-33	 247	 iter
137	 6.373336e-33	 249	 iter
138	 6.373336e-33	 250	 iter
139	 6.373336e-33	 252	 iter
140	 6.373336e-33	 253	 iter
141	 6.373336e-33	 255	 iter
142	 6.373336e-33	 257	 iter
143	 6.373336e-33	 258	 iter
144	 6.373336e-33	 260	 iter
145	 6.373336e-33	 262	 iter
146	 6.373336e-33	 263	 iter
147	 6.373336e-33	 264	 iter
148	 6.373336e-33	 266	 iter
148	 6.373336e-33	 266	 done
