0	 	 200	 init
1	 1.658318e-02	 400	 iter
2	 8.414171e-03	 600	 iter
3	 8.414171e-03	 800	 iter
4	 8.414171e-03	 1000	 iter
5	 7.184525e-03	 1200	 iter
6	 7.184525e-03	 1400	 iter
7	 6.362535e-03	 1600	 iter
8	 4.560229e-03	 1800	 iter
9	 4.397652e-03	 2000	 iter
10	 4.397652e-03	 2200	 iter
11	 3.783848e-03	 2400	 iter
12	 3.783848e-03	 2600	 iter
13	 3.783848e-03	 2800	 iter
14	 3.264902e-03	 3000	 iter
15	 2.886318e-03	 3200	 iter
16	 2.886318e-03	 3400	 iter
17	 2.886318e-03	 3600	 iter
18	 2.886318e-03	 3800	 iter
19	 2.886318e-03	 4000	 iter
20	 2.884233e-03	 4200	 iter
21	 2.884233e-03	 4400	 iter
22	 2.802457e-03	 4600	 iter
23	 2.798535e-03	 4800	 iter
24	 2.798535e-03	 5000	 iter
25	 2.798535e-03	 5200	 iter
26	 2.788127e-03	 5400	 iter
27	 2.745333e-03	 5600	 iter
28	 2.731049e-03	 5800	 iter
29	 2.731049e-03	 6000	 iter
30	 2.731049e-03	 6200	 iter
31	 2.731049e-03	 6400	 iter
32	 2.731049e-03	 6600	 iter
33	 2.731049e-03	 6800	 iter
34	 2.708246e-03	 7000	 iter
35	 2.708246e-03	 7200	 iter
36	 2.708246e-03	 7400	 iter
37	 2.693845e-03	 7600	 iter
38	 2.667890e-03	 7800	 iter
39	 2.667890e-03	 8000	 iter
40	 2.608422e-03	 8200	 iter
41	 2.608422e-03	 8400	 iter
42	 2.608422e-03	 8600	 iter
43	 2.599444e-03	 8800	 iter
44	 2.599444e-03	 9000	 iter
45	 2.593920e-03	 9200	 iter
46	 2.526365e-03	 9400	 iter
47	 2.482366e-03	 9600	 iter
48	 2.482366e-03	 9800	 iter
49	 2.468818e-03	 10000	 iter
50	 2.468818e-03	 10200	 iter
51	 2.431773e-03	 10400	 iter
52	 2.431773e-03	 10600	 iter
53	 2.431773e-03	 10800	 iter
54	 2.431773e-03	 11000	 iter
55	 2.431773e-03	 11200	 iter
56	 2.431773e-03	 11400	 iter
57	 2.428321e-03	 11600	 iter
58	 2.428321e-03	 11800	 iter
59	 2.416992e-03	 12000	 iter
60	 2.416992e-03	 12200	 iter
61	 2.413028e-03	 12400	 iter
62	 2.413028e-03	 12600	 iter
63	 2.413028e-03	 12800	 iter
64	 2.413028e-03	 13000	 iter
65	 2.413028e-03	 13200	 iter
66	 2.413028e-03	 13400	 iter
67	 2.406778e-03	 13600	 iter
68	 2.406778e-03	 13800	 iter
69	 2.406778e-03	 14000	 iter
70	 2.406778e-03	 14200	 iter
71	 2.405688e-03	 14400	 iter
72	 2.392331e-03	 14600	 iter
73	 2.392331e-03	 14800	 iter
74	 2.392331e-03	 15000	 iter
75	 2.392331e-03	 15200	 iter
76	 2.392331e-03	 15400	 iter
77	 2.392331e-03	 15600	 iter
78	 2.392331e-03	 15800	 iter
79	 2.384612e-03	 16000	 iter
80	 2.384612e-03	 16200	 iter
81	 2.384612e-03	 16400	 iter
82	 2.384612e-03	 16600	 iter
83	 2.384612e-03	 16800	 iter
84	 2.384612e-03	 17000	 iter
85	 2.384612e-03	 17200	 iter
86	 2.384612e-03	 17400	 iter
87	 2.383410e-03	 17600	 iter
88	 2.381251e-03	 17800	 iter
89	 2.381251e-03	 18000	 iter
90	 2.381251e-03	 18200	 iter
91	 2.381251e-03	 18400	 iter
92	 2.381251e-03	 18600	 iter
93	 2.381251e-03	 18800	 iter
94	 2.381251e-03	 19000	 iter
95	 2.381251e-03	 19200	 iter
96	 2.381251e-03	 19400	 iter
97	 2.381251e-03	 19600	 iter
98	 2.381251e-03	 19800	 iter
99	 2.381251e-03	 20000	 iter
100	 2.379892e-03	 20200	 iter
101	 2.379892e-03	 20400	 iter
102	 2.379892e-03	 20600	 iter
103	 2.379892e-03	 20800	 iter
104	 2.221491e-03	 21000	 iter
105	 2.221491e-03	 21200	 iter
106	 2.087847e-03	 21400	 iter
107	 2.072490e-03	 21600	 iter
108	 2.050207e-03	 21800	 iter
109	 2.050207e-03	 22000	 iter
110	 1.745213e-03	 22200	 iter
111	 1.745213e-03	 22400	 iter
112	 1.745213e-03	 22600	 iter
113	 1.692804e-03	 22800	 iter
114	 1.692804e-03	 23000	 iter
115	 1.692804e-03	 23200	 iter
116	 1.692804e-03	 23400	 iter
117	 1.692804e-03	 23600	 iter
118	 1.692804e-03	 23800	 iter
119	 1.692804e-03	 24000	 iter
120	 1.692804e-03	 24200	 iter
121	 1.665227e-03	 24400	 iter
122	 1.665227e-03	 24600	 iter
123	 1.647725e-03	 24800	 iter
124	 1.647725e-03	 25000	 iter
125	 1.628811e-03	 25200	 iter
126	 1.628811e-03	 25400	 iter
127	 1.544933e-03	 25600	 iter
128	 1.540688e-03	 25800	 iter
129	 1.529776e-03	 26000	 iter
130	 1.525756e-03	 26200	 iter
131	 1.525756e-03	 26400	 iter
132	 1.525756e-03	 26600	 iter
133	 1.525756e-03	 26800	 iter
134	 1.524623e-03	 27000	 iter
135	 1.520744e-03	 27200	 iter
136	 1.520744e-03	 27400	 iter
137	 1.520744e-03	 27600	 iter
138	 1.502268e-03	 27800	 iter
139	 1.502268e-03	 28000	 iter
140	 1.502268e-03	 28200	 iter
141	 1.496406e-03	 28400	 iter
142	 1.496406e-03	 28600	 iter
143	 1.496406e-03	 28800	 iter
144	 1.496406e-03	 29000	 iter
145	 1.496406e-03	 29200	 iter
146	 1.494205e-03	 29400	 iter
147	 1.494205e-03	 29600	 iter
148	 1.494205e-03	 29800	 iter
149	 1.494205e-03	 30000	 iter
150	 1.492326e-03	 30200	 iter
151	 1.492326e-03	 30400	 iter
152	 1.487473e-03	 30600	 iter
153	 1.469238e-03	 30800	 iter
154	 1.326269e-03	 31000	 iter
155	 1.296330e-03	 31200	 iter
156	 1.296330e-03	 31400	 iter
157	 1.296330e-03	 31600	 iter
158	 1.296330e-03	 31800	 iter
159	 1.292972e-03	 32000	 iter
160	 1.292972e-03	 32200	 iter
161	 1.292972e-03	 32400	 iter
162	 1.292115e-03	 32600	 iter
163	 1.211379e-03	 32800	 iter
164	 1.211379e-03	 33000	 iter
165	 1.189323e-03	 33200	 iter
166	 1.189323e-03	 33400	 iter
167	 1.185062e-03	 33600	 iter
168	 1.185062e-03	 33800	 iter
169	 1.185062e-03	 34000	 iter
170	 1.185062e-03	 34200	 iter
171	 1.185062e-03	 34400	 iter
172	 1.185062e-03	 34600	 iter
173	 1.184200e-03	 34800	 iter
174	 1.184200e-03	 35000	 iter
175	 1.184200e-03	 35200	 iter
176	 1.166188e-03	 35400	 iter
177	 1.165337e-03	 35600	 iter
178	 1.165337e-03	 35800	 iter
179	 1.164918e-03	 36000	 iter
180	 1.164102e-03	 36200	 iter
181	 1.161912e-03	 36400	 iter
182	 1.150653e-03	 36600	 iter
183	 1.096225e-03	 36800	 iter
184	 1.076303e-03	 37000	 iter
185	 1.076303e-03	 37200	 iter
186	 1.073244e-03	 37400	 iter
187	 1.053605e-03	 37600	 iter
188	 1.053605e-03	 37800	 iter
189	 1.027802e-03	 38000	 iter
190	 1.010143e-03	 38200	 iter
191	 1.010143e-03	 38400	 iter
192	 1.010143e-03	 38600	 iter
193	 1.010143e-03	 38800	 iter
194	 1.003371e-03	 39000	 iter
195	 9.629493e-04	 39200	 iter
196	 9.629493e-04	 39400	 iter
197	 9.312954e-04	 39600	 iter
198	 9.312954e-04	 39800	 iter
199	 9.312954e-04	 40000	 iter
200	 9.312954e-04	 40200	 iter
201	 9.312954e-04	 40400	 iter
202	 9.309123e-04	 40600	 iter
203	 9.269174e-04	 40800	 iter
204	 9.269174e-04	 41000	 iter
205	 9.265605e-04	 41200	 iter
206	 9.265605e-04	 41400	 iter
207	 9.193242e-04	 41600	 iter
208	 9.190152e-04	 41800	 iter
209	 9.190152e-04	 42000	 iter
210	 9.190152e-04	 42200	 iter
211	 9.190152e-04	 42400	 iter
212	 9.190152e-04	 42600	 iter
213	 9.190152e-04	 42800	 iter
214	 8.759838e-04	 43000	 iter
215	 8.759838e-04	 43200	 iter
216	 8.759838e-04	 43400	 iter
217	 8.697137e-04	 43600	 iter
218	 8.697137e-04	 43800	 iter
219	 8.697137e-04	 44000	 iter
220	 8.484055e-04	 44200	 iter
221	 8.484055e-04	 44400	 iter
222	 8.054761e-04	 44600	 iter
223	 8.054761e-04	 44800	 iter
224	 8.054761e-04	 45000	 iter
225	 8.054761e-04	 45200	 iter
226	 8.054761e-04	 45400	 iter
227	 8.054761e-04	 45600	 iter
228	 8.054761e-04	 45800	 iter
229	 8.054761e-04	 46000	 iter
230	 8.054761e-04	 46200	 iter
231	 8.054761e-04	 46400	 iter
232	 7.204139e-04	 46600	 iter
233	 7.204139e-04	 46800	 iter
234	 7.204139e-04	 47000	 iter
235	 7.204139e-04	 47200	 iter
236	 7.097968e-04	 47400	 iter
237	 6.532518e-04	 47600	 iter
238	 6.532518e-04	 47800	 iter
239	 6.532518e-04	 48000	 iter
240	 6.532518e-04	 48200	 iter
241	 6.532518e-04	 48400	 iter
242	 6.442228e-04	 48600	 iter
243	 6.391752e-04	 48800	 iter
244	 6.382858e-04	 49000	 iter
245	 6.382858e-04	 49200	 iter
246	 6.206621e-04	 49400	 iter
247	 6.206621e-04	 49600	 iter
248	 6.206621e-04	 49800	 iter
249	 6.206621e-04	 50000	 iter
250	 6.167085e-04	 50200	 iter
251	 6.076977e-04	 50400	 iter
252	 5.974974e-04	 50600	 iter
253	 5.974974e-04	 50800	 iter
254	 5.974974e-04	 51000	 iter
255	 5.974974e-04	 51200	 iter
256	 5.944624e-04	 51400	 iter
257	 5.944624e-04	 51600	 iter
258	 5.944624e-04	 51800	 iter
259	 5.944624e-04	 52000	 iter
260	 5.944624e-04	 52200	 iter
261	 5.673755e-04	 52400	 iter
262	 5.673755e-04	 52600	 iter
263	 5.673755e-04	 52800	 iter
264	 5.664678e-04	 53000	 iter
265	 5.583194e-04	 53200	 iter
266	 5.583194e-04	 53400	 iter
267	 5.583194e-04	 53600	 iter
268	 5.583194e-04	 53800	 iter
269	 5.583194e-04	 54000	 iter
270	 5.519499e-04	 54200	 iter
271	 5.411440e-04	 54400	 iter
272	 5.411440e-04	 54600	 iter
273	 5.411440e-04	 54800	 iter
274	 5.349599e-04	 55000	 iter
275	 5.349599e-04	 55200	 iter
276	 5.140581e-04	 55400	 iter
277	 5.140581e-04	 55600	 iter
278	 5.135073e-04	 55800	 iter
279	 5.125296e-04	 56000	 iter
280	 5.125296e-04	 56200	 iter
281	 5.125296e-04	 56400	 iter
282	 5.125296e-04	 56600	 iter
283	 5.125296e-04	 56800	 iter
284	 5.125296e-04	 57000	 iter
285	 5.125296e-04	 57200	 iter
286	 5.125296e-04	 57400	 iter
287	 5.125296e-04	 57600	 iter
288	 5.119109e-04	 57800	 iter
289	 5.086731e-04	 58000	 iter
290	 5.086731e-04	 58200	 iter
291	 5.086731e-04	 58400	 iter
292	 5.032788e-04	 58600	 iter
293	 5.032788e-04	 58800	 iter
294	 5.032788e-04	 59000	 iter
295	 5.032788e-04	 59200	 iter
296	 4.980576e-04	 59400	 iter
297	 4.980576e-04	 59600	 iter
298	 4.980576e-04	 59800	 iter
299	 4.979712e-04	 60000	 iter
300	 4.979712e-04	 60200	 iter
301	 4.979712e-04	 60400	 iter
302	 4.979712e-04	 60600	 iter
303	 4.979712e-04	 60800	 iter
304	 4.858350e-04	 61000	 iter
305	 4.858350e-04	 61200	 iter
306	 4.858350e-04	 61400	 iter
307	 4.851852e-04	 61600	 iter
308	 4.851852e-04	 61800	 iter
309	 4.851852e-04	 62000	 iter
310	 4.851852e-04	 62200	 iter
311	 4.851852e-04	 62400	 iter
312	 4.717403e-04	 62600	 iter
313	 4.717403e-04	 62800	 iter
314	 4.717403e-04	 63000	 iter
315	 4.717403e-04	 63200	 iter
316	 4.717403e-04	 63400	 iter
317	 4.717403e-04	 63600	 iter
318	 4.656096e-04	 63800	 iter
319	 4.656096e-04	 64000	 iter
320	 4.605643e-04	 64200	 iter
321	 4.506567e-04	 64400	 iter
322	 4.506567e-04	 64600	 iter
323	 4.506567e-04	 64800	 iter
324	 4.506567e-04	 65000	 iter
325	 4.506567e-04	 65200	 iter
326	 4.506567e-04	 65400	 iter
327	 4.410259e-04	 65600	 iter
328	 4.410259e-04	 65800	 iter
329	 4.410259e-04	 66000	 iter
330	 4.410259e-04	 66200	 iter
331	 4.373075e-04	 66400	 iter
332	 4.373075e-04	 66600	 iter
333	 4.373075e-04	 66800	 iter
334	 4.373075e-04	 67000	 iter
335	 4.373075e-04	 67200	 iter
336	 4.373075e-04	 67400	 iter
337	 4.373075e-04	 67600	 iter
338	 4.373075e-04	 67800	 iter
339	 4.373075e-04	 68000	 iter
340	 4.373075e-04	 68200	 iter
341	 4.373075e-04	 68400	 iter
342	 4.373075e-04	 68600	 iter
343	 4.373075e-04	 68800	 iter
344	 4.373075e-04	 69000	 iter
345	 4.373075e-04	 69200	 iter
346	 4.373075e-04	 69400	 iter
347	 4.373075e-04	 69600	 iter
348	 4.373075e-04	 69800	 iter
349	 4.373075e-04	 70000	 iter
350	 4.373075e-04	 70200	 iter
351	 4.362867e-04	 70400	 iter
352	 4.349006e-04	 70600	 iter
353	 4.349006e-04	 70800	 iter
354	 4.349006e-04	 71000	 iter
355	 4.349006e-04	 71200	 iter
356	 4.253413e-04	 71400	 iter
357	 4.253413e-04	 71600	 iter
358	 4.253413e-04	 71800	 iter
359	 4.253413e-04	 72000	 iter
360	 4.253413e-04	 72200	 iter
361	 4.253413e-04	 72400	 iter
362	 4.253413e-04	 72600	 iter
362	 4.253413e-04	 72600	 done
