0	 1.268861e-32	 1	 init
0	 1.268861e-32	 1	 iter
1	 1.268861e-32	 17	 iter
2	 1.268861e-32	 19	 iter
3	 1.268861e-32	 21	 iter
4	 1.268861e-32	 23	 iter
5	 1.268861e-32	 25	 iter
6	 1.268861e-32	 27	 iter
7	 1.268861e-32	 29	 iter
8	 1.268861e-32	 31	 iter
9	 1.268861e-32	 33	 iter
10	 1.268861e-32	 34	 iter
11	 1.268861e-32	 36	 iter
12	 1.268861e-32	 37	 iter
13	 1.268861e-32	 39	 iter
14	 1.268861e-32	 41	 iter
15	 1.268861e-32	 43	 iter
16	 1.268861e-32	 45	 iter
17	 1.268861e-32	 47	 iter
18	 1.268861e-32	 49	 iter
19	 1.268861e-32	 51	 iter
20	 1.268861e-32	 53	 iter
21	 1.268861e-32	 55	 iter
22	 1.268861e-32	 57	 iter
23	 1.268861e-32	 59	 iter
24	 1.268861e-32	 60	 iter
25	 1.268861e-32	 62	 iter
26	 1.268861e-32	 64	 iter
27	 1.268861e-32	 66	 iter
28	 1.268861e-32	 68	 iter
29	 1.268861e-32	 70	 iter
30	 1.268861e-32	 71	 iter
31	 1.268861e-32	 72	 iter
32	 1.268861e-32	 74	 iter
33	 1.268861e-32	 75	 iter
34	 1.268861e-32	 77	 iter
35	 1.268861e-32	 79	 iter
36	 1.268861e-32	 81	 iter
37	 1.268861e-32	 82	 iter
38	 1.268861e-32	 84	 iter
39	 1.268861e-32	 86	 iter
40	 1.268861e-32	 88	 iter
41	 1.268861e-32	 89	 iter
42	 1.268861e-32	 91	 iter
43	 1.268861e-32	 92	 iter
44	 1.268861e-32	 93	 iter
45	 1.268861e-32	 95	 iter
46	 1.268861e-32	 97	 iter
47	 1.268861e-32	 98	 iter
48	 1.268861e-32	 100	 iter
49	 1.268861e-32	 102	 iter
50	 1.268861e-32	 104	 iter
51	 1.268861e-32	 106	 iter
52	 1.268861e-32	 108	 iter
53	 1.268861e-32	 110	 iter
54	 1.268861e-32	 112	 iter
55	 1.268861e-32	 113	 iter
56	 1.268861e-32	 115	 iter
57	 1.268861e-32	 117	 iter
58	 1.268861e-32	 118	 iter
59	 1.268861e-32	 120	 iter
60	 1.268861e-32	 122	 iter
61	 1.268861e-32	 124	 iter
62	 1.268861e-32	 125	 iter
63	 1.268861e-32	 126	 iter
64	 1.268861e-32	 128	 iter
65	 1.268861e-32	 130	 iter
66	 1.268861e-32	 131	 iter
67	 1.268861e-32	 132	 iter
68	 1.268861e-32	 134	 iter
69	 1.268861e-32	 136	 iter
70	 1.268861e-32	 138	 iter
71	 1.268861e-32	 139	 iter
72	 1.268861e-32	 140	 iter
73	 1.268861e-32	 142	 iter
74	 1.268861e-32	 144	 iter
75	 1.268861e-32	 146	 iter
76	 1.268861e-32	 148	 iter
77	 1.268861e-32	 150	 iter
78	 1.268861e-32	 151	 iter
79	 1.268861e-32	 152	 iter
80	 1.268861e-32	 154	 iter
81	 1.268861e-32	 155	 iter
82	 1.268861e-32	 156	 iter
83	 1.268861e-32	 157	 iter
84	 1.268861e-32	 159	 iter
85	 1.268861e-32	 161	 iter
86	 1.268861e-32	 163	 iter
87	 1.268861e-32	 165	 iter
88	 1.268861e-32	 166	 iter
89	 1.268861e-32	 168	 iter
90	 1.268861e-32	 170	 iter
91	 1.268861e-32	 172	 iter
92	 1.268861e-32	 174	 iter
93	 1.268861e-32	 176	 iter
94	 1.268861e-32	 177	 iter
95	 1.268861e-32	 178	 iter
96	 1.268861e-32	 180	 iter
97	 1.268861e-32	 181	 iter
98	 1.268861e-32	 183	 iter
99	 1.268861e-32	 184	 iter
100	 1.268861e-32	 186	 iter
101	 1.268861e-32	 187	 iter
102	 1.268861e-32	 189	 iter
103	 1.268861e-32	 191	 iter
104	 1.268861e-32	 193	 iter
105	 1.268861e-32	 195	 iter
106	 1.268861e-32	 196	 iter
107	 1.268861e-32	 198	 iter
108	 1.268861e-32	 200	 iter
109	 1.268861e-32	 202	 iter
110	 1.268861e-32	 204	 iter
111	 1.268861e-32	 205	 iter
112	 1.268861e-32	 207	 iter
113	 1.268861e-32	 209	 iter
114	 1.268861e-32	 210	 iter
115	 1.268861e-32	 211	 iter
116	 1.268861e-32	 213	 iter
117	 1.268861e-32	 214	 iter
118	 1.268861e-32	 216	 iter
119	 1.268861e-32	 218	 iter
120	 1.268861e-32	 220	 iter
121	 1.268861e-32	 222	 iter
122	 1.268861e-32	 223	 iter
123	 1.268861e-32	 225	 iter
124	 1.268861e-32	 227	 iter
125	 1.268861e-32	 228	 iter
126	 1.268861e-32	 229	 iter
127	 1.268861e-32	 230	 iter
128	 1.268861e-32	 232	 iter
129	 1.268861e-32	 233	 iter
130	 1.268861e-32	 235	 iter
131	 1.268861e-32	 236	 iter
132	 1.268861e-32	 238	 iter
133	 1.268861e-32	 240	 iter
134	 1.268861e-32	 242	 iter
135	 1.268861e-32	 244	 iter
136	 1.268861e-32	 246	 iter
137	 1.268861e-32	 247	 iter
138	 1.268861e-32	 249	 iter
139	 1.268861e-32	 251	 iter
140	 1.268861e-32	 252	 iter
141	 1.268861e-32	 253	 iter
142	 1.268861e-32	 254	 iter
143	 1.268861e-32	 256	 iter
144	 1.268861e-32	 258	 iter
145	 1.268861e-32	 260	 iter
146	 1.268861e-32	 262	 iter
147	 1.268861e-32	 264	 iter
148	 1.268861e-32	 266	 iter
149	 1.268861e-32	 267	 iter
150	 1.268861e-32	 268	 iter
151	 1.268861e-32	 269	 iter
152	 1.268861e-32	 271	 iter
153	 1.268861e-32	 272	 iter
154	 1.268861e-32	 273	 iter
155	 1.268861e-32	 274	 iter
156	 1.268861e-32	 276	 iter
157	 1.268861e-32	 277	 iter
158	 1.268861e-32	 278	 iter
159	 1.268861e-32	 280	 iter
160	 1.268861e-32	 282	 iter
161	 1.268861e-32	 284	 iter
162	 1.268861e-32	 286	 iter
163	 1.268861e-32	 288	 iter
164	 1.268861e-32	 290	 iter
165	 1.268861e-32	 291	 iter
166	 1.268861e-32	 293	 iter
167	 1.268861e-32	 295	 iter
168	 1.268861e-32	 296	 iter
169	 1.268861e-32	 298	 iter
169	 1.268861e-32	 298	 done
