0	 2.885286e-03	 17	 init
0	 2.885286e-03	 17	 iter
1	 2.742603e-03	 34	 iter
2	 2.279076e-03	 51	 iter
3	 2.066286e-03	 69	 iter
4	 1.906579e-03	 86	 iter
5	 1.658879e-03	 103	 iter
6	 1.653526e-03	 120	 iter
7	 1.438726e-03	 137	 iter
8	 1.384873e-03	 157	 iter
9	 1.280537e-03	 174	 iter
10	 1.253398e-03	 192	 iter
11	 1.143637e-03	 209	 iter
12	 9.310454e-04	 228	 iter
13	 9.015174e-04	 245	 iter
14	 7.726977e-04	 262	 iter
15	 7.518710e-04	 281	 iter
16	 7.407414e-04	 298	 iter
17	 6.592596e-04	 315	 iter
18	 6.321232e-04	 333	 iter
19	 6.022977e-04	 351	 iter
20	 5.934307e-04	 368	 iter
21	 5.683649e-04	 385	 iter
22	 5.528036e-04	 404	 iter
23	 5.469749e-04	 421	 iter
24	 5.278383e-04	 438	 iter
25	 5.173148e-04	 457	 iter
26	 5.129740e-04	 474	 iter
27	 4.980257e-04	 491	 iter
28	 4.901920e-04	 510	 iter
29	 4.867644e-04	 527	 iter
30	 4.754648e-04	 544	 iter
31	 4.689243e-04	 563	 iter
32	 4.660304e-04	 580	 iter
33	 4.573030e-04	 597	 iter
34	 4.515728e-04	 616	 iter
35	 4.490285e-04	 633	 iter
36	 4.425338e-04	 650	 iter
37	 4.371910e-04	 669	 iter
38	 4.348436e-04	 686	 iter
39	 4.300394e-04	 703	 iter
40	 4.249092e-04	 722	 iter
41	 4.226802e-04	 739	 iter
42	 4.194037e-04	 756	 iter
43	 4.143187e-04	 775	 iter
44	 4.121339e-04	 792	 iter
45	 4.100953e-04	 809	 iter
46	 4.049660e-04	 828	 iter
47	 4.027871e-04	 845	 iter
48	 4.019096e-04	 862	 iter
49	 3.966681e-04	 881	 iter
50	 3.944546e-04	 898	 iter
51	 3.932635e-04	 916	 iter
52	 3.924222e-04	 933	 iter
53	 3.868064e-04	 950	 iter
54	 3.856298e-04	 969	 iter
55	 3.848262e-04	 986	 iter
56	 3.798427e-04	 1003	 iter
57	 3.786576e-04	 1022	 iter
58	 3.778769e-04	 1039	 iter
59	 3.734249e-04	 1056	 iter
60	 3.722207e-04	 1075	 iter
61	 3.714539e-04	 1092	 iter
62	 3.674983e-04	 1109	 iter
63	 3.662582e-04	 1128	 iter
64	 3.654946e-04	 1145	 iter
65	 3.619698e-04	 1162	 iter
66	 3.606859e-04	 1181	 iter
67	 3.599192e-04	 1198	 iter
68	 3.568123e-04	 1215	 iter
69	 3.554726e-04	 1234	 iter
70	 3.546949e-04	 1251	 iter
71	 3.519579e-04	 1268	 iter
72	 3.505568e-04	 1287	 iter
73	 3.497640e-04	 1304	 iter
74	 3.473940e-04	 1321	 iter
75	 3.459245e-04	 1340	 iter
76	 3.451107e-04	 1357	 iter
77	 3.430673e-04	 1374	 iter
78	 3.415266e-04	 1393	 iter
79	 3.406897e-04	 1410	 iter
80	 3.389725e-04	 1427	 iter
81	 3.373592e-04	 1446	 iter
82	 3.364958e-04	 1463	 iter
83	 3.350658e-04	 1480	 iter
84	 3.333806e-04	 1499	 iter
85	 3.324907e-04	 1516	 iter
86	 3.313457e-04	 1533	 iter
87	 3.295930e-04	 1552	 iter
88	 3.286757e-04	 1569	 iter
89	 3.277748e-04	 1586	 iter
90	 3.259592e-04	 1605	 iter
91	 3.250169e-04	 1622	 iter
92	 3.243538e-04	 1639	 iter
93	 3.224857e-04	 1658	 iter
94	 3.215199e-04	 1675	 iter
95	 3.210514e-04	 1692	 iter
96	 3.191384e-04	 1711	 iter
97	 3.181537e-04	 1728	 iter
98	 3.178695e-04	 1745	 iter
99	 3.159267e-04	 1764	 iter
100	 3.149269e-04	 1781	 iter
101	 3.147822e-04	 1798	 iter
102	 3.128196e-04	 1817	 iter
103	 3.118107e-04	 1834	 iter
104	 3.117933e-04	 1851	 iter
105	 3.098286e-04	 1870	 iter
106	 3.088159e-04	 1887	 iter
107	 3.082264e-04	 1905	 iter
108	 3.078262e-04	 1922	 iter
109	 3.059038e-04	 1939	 iter
110	 3.053143e-04	 1958	 iter
111	 3.049175e-04	 1975	 iter
112	 3.030961e-04	 1992	 iter
113	 3.025078e-04	 2011	 iter
114	 3.021147e-04	 2028	 iter
115	 3.003769e-04	 2045	 iter
116	 2.997930e-04	 2064	 iter
117	 2.994048e-04	 2081	 iter
118	 2.977499e-04	 2098	 iter
119	 2.971721e-04	 2117	 iter
120	 2.967895e-04	 2134	 iter
121	 2.952008e-04	 2151	 iter
122	 2.946325e-04	 2170	 iter
123	 2.942567e-04	 2187	 iter
124	 2.927340e-04	 2204	 iter
125	 2.921770e-04	 2223	 iter
126	 2.918089e-04	 2240	 iter
127	 2.903368e-04	 2257	 iter
128	 2.897943e-04	 2276	 iter
129	 2.894351e-04	 2293	 iter
130	 2.880138e-04	 2310	 iter
131	 2.874874e-04	 2329	 iter
132	 2.871380e-04	 2346	 iter
133	 2.857538e-04	 2363	 iter
134	 2.852463e-04	 2382	 iter
135	 2.849078e-04	 2399	 iter
136	 2.835616e-04	 2416	 iter
137	 2.830741e-04	 2435	 iter
138	 2.827472e-04	 2452	 iter
139	 2.814273e-04	 2469	 iter
140	 2.813994e-04	 2487	 iter
141	 2.800875e-04	 2505	 iter
142	 2.793627e-04	 2522	 iter
143	 2.792275e-04	 2539	 iter
144	 2.780223e-04	 2558	 iter
145	 2.773493e-04	 2575	 iter
146	 2.771197e-04	 2592	 iter
147	 2.760192e-04	 2611	 iter
148	 2.753966e-04	 2628	 iter
149	 2.750678e-04	 2645	 iter
150	 2.740660e-04	 2664	 iter
151	 2.734922e-04	 2681	 iter
152	 2.730784e-04	 2698	 iter
153	 2.721713e-04	 2717	 iter
154	 2.716442e-04	 2734	 iter
155	 2.711435e-04	 2751	 iter
156	 2.703246e-04	 2770	 iter
157	 2.698418e-04	 2787	 iter
158	 2.692688e-04	 2804	 iter
159	 2.685328e-04	 2823	 iter
160	 2.680918e-04	 2840	 iter
161	 2.674465e-04	 2857	 iter
162	 2.667868e-04	 2876	 iter
163	 2.663849e-04	 2893	 iter
164	 2.656816e-04	 2910	 iter
165	 2.650923e-04	 2929	 iter
166	 2.647265e-04	 2946	 iter
167	 2.639665e-04	 2963	 iter
168	 2.634413e-04	 2982	 iter
169	 2.631090e-04	 2999	 iter
170	 2.623053e-04	 3016	 iter
171	 2.618383e-04	 3035	 iter
172	 2.615364e-04	 3052	 iter
173	 2.606911e-04	 3069	 iter
174	 2.602763e-04	 3088	 iter
175	 2.600022e-04	 3105	 iter
176	 2.591269e-04	 3122	 iter
177	 2.590011e-04	 3140	 iter
178	 2.581211e-04	 3158	 iter
179	 2.576074e-04	 3175	 iter
180	 2.573218e-04	 3192	 iter
181	 2.565797e-04	 3211	 iter
182	 2.561373e-04	 3228	 iter
183	 2.557157e-04	 3245	 iter
184	 2.550888e-04	 3264	 iter
185	 2.547067e-04	 3281	 iter
186	 2.541804e-04	 3298	 iter
187	 2.536505e-04	 3317	 iter
188	 2.533194e-04	 3334	 iter
189	 2.527047e-04	 3351	 iter
190	 2.522557e-04	 3370	 iter
191	 2.519678e-04	 3387	 iter
192	 2.512875e-04	 3404	 iter
193	 2.509062e-04	 3423	 iter
194	 2.506547e-04	 3440	 iter
195	 2.499199e-04	 3457	 iter
196	 2.497488e-04	 3475	 iter
197	 2.490323e-04	 3493	 iter
198	 2.486033e-04	 3510	 iter
199	 2.482657e-04	 3527	 iter
200	 2.476853e-04	 3546	 iter
201	 2.473290e-04	 3563	 iter
202	 2.468682e-04	 3580	 iter
203	 2.463961e-04	 3599	 iter
204	 2.460978e-04	 3616	 iter
205	 2.455398e-04	 3633	 iter
206	 2.451534e-04	 3652	 iter
207	 2.449016e-04	 3669	 iter
208	 2.442741e-04	 3686	 iter
209	 2.441410e-04	 3704	 iter
210	 2.434661e-04	 3722	 iter
211	 2.430592e-04	 3739	 iter
212	 2.427530e-04	 3756	 iter
213	 2.422240e-04	 3775	 iter
214	 2.418960e-04	 3792	 iter
215	 2.414583e-04	 3809	 iter
216	 2.410400e-04	 3828	 iter
217	 2.407725e-04	 3845	 iter
218	 2.402422e-04	 3862	 iter
219	 2.401941e-04	 3880	 iter
220	 2.395022e-04	 3898	 iter
221	 2.390856e-04	 3915	 iter
222	 2.388410e-04	 3932	 iter
223	 2.383146e-04	 3951	 iter
224	 2.379883e-04	 3968	 iter
225	 2.375994e-04	 3985	 iter
226	 2.371941e-04	 4004	 iter
227	 2.369346e-04	 4021	 iter
228	 2.364465e-04	 4038	 iter
229	 2.363721e-04	 4056	 iter
230	 2.357420e-04	 4074	 iter
231	 2.353589e-04	 4091	 iter
232	 2.350964e-04	 4108	 iter
233	 2.346271e-04	 4127	 iter
234	 2.343326e-04	 4144	 iter
235	 2.339360e-04	 4161	 iter
236	 2.335811e-04	 4180	 iter
237	 2.333505e-04	 4197	 iter
238	 2.328642e-04	 4214	 iter
239	 2.326951e-04	 4232	 iter
240	 2.321779e-04	 4250	 iter
241	 2.318572e-04	 4267	 iter
242	 2.315321e-04	 4284	 iter
243	 2.311516e-04	 4303	 iter
244	 2.309072e-04	 4320	 iter
245	 2.304738e-04	 4337	 iter
246	 2.303572e-04	 4355	 iter
247	 2.298240e-04	 4373	 iter
248	 2.294940e-04	 4390	 iter
249	 2.292048e-04	 4407	 iter
250	 2.288205e-04	 4426	 iter
251	 2.285744e-04	 4443	 iter
252	 2.281732e-04	 4460	 iter
253	 2.280608e-04	 4478	 iter
254	 2.275442e-04	 4496	 iter
255	 2.272237e-04	 4513	 iter
256	 2.269435e-04	 4530	 iter
257	 2.265776e-04	 4549	 iter
258	 2.263422e-04	 4566	 iter
259	 2.259500e-04	 4583	 iter
260	 2.258115e-04	 4601	 iter
261	 2.253396e-04	 4619	 iter
262	 2.250440e-04	 4636	 iter
263	 2.247477e-04	 4653	 iter
264	 2.244170e-04	 4672	 iter
265	 2.242020e-04	 4689	 iter
266	 2.238068e-04	 4706	 iter
267	 2.236170e-04	 4724	 iter
268	 2.232075e-04	 4742	 iter
269	 2.229477e-04	 4759	 iter
270	 2.226249e-04	 4776	 iter
271	 2.225422e-04	 4794	 iter
272	 2.220484e-04	 4812	 iter
273	 2.217402e-04	 4829	 iter
274	 2.214887e-04	 4846	 iter
275	 2.211543e-04	 4865	 iter
276	 2.209376e-04	 4882	 iter
277	 2.205784e-04	 4899	 iter
278	 2.204002e-04	 4917	 iter
279	 2.200113e-04	 4935	 iter
280	 2.197634e-04	 4952	 iter
281	 2.194536e-04	 4969	 iter
282	 2.193414e-04	 4987	 iter
283	 2.189012e-04	 5005	 iter
284	 2.186237e-04	 5022	 iter
285	 2.183577e-04	 5039	 iter
286	 2.183002e-04	 5057	 iter
287	 2.178162e-04	 5075	 iter
288	 2.175131e-04	 5092	 iter
289	 2.172833e-04	 5109	 iter
290	 2.172660e-04	 5127	 iter
291	 2.167492e-04	 5145	 iter
292	 2.164269e-04	 5162	 iter
293	 2.162239e-04	 5179	 iter
294	 2.158926e-04	 5198	 iter
295	 2.156783e-04	 5215	 iter
296	 2.153664e-04	 5232	 iter
297	 2.151871e-04	 5250	 iter
298	 2.148416e-04	 5268	 iter
299	 2.146191e-04	 5285	 iter
300	 2.143246e-04	 5302	 iter
301	 2.141595e-04	 5320	 iter
302	 2.138081e-04	 5338	 iter
303	 2.135821e-04	 5355	 iter
304	 2.132992e-04	 5372	 iter
305	 2.131393e-04	 5390	 iter
306	 2.127902e-04	 5408	 iter
307	 2.125656e-04	 5425	 iter
308	 2.122888e-04	 5442	 iter
309	 2.121263e-04	 5460	 iter
310	 2.117872e-04	 5478	 iter
311	 2.115685e-04	 5495	 iter
312	 2.112932e-04	 5512	 iter
313	 2.111217e-04	 5530	 iter
314	 2.111020e-04	 5547	 iter
315	 2.106142e-04	 5566	 iter
316	 2.103074e-04	 5583	 iter
317	 2.101170e-04	 5600	 iter
318	 2.100584e-04	 5618	 iter
319	 2.096187e-04	 5636	 iter
320	 2.093403e-04	 5653	 iter
321	 2.091299e-04	 5670	 iter
322	 2.090321e-04	 5688	 iter
323	 2.086421e-04	 5706	 iter
324	 2.083930e-04	 5723	 iter
325	 2.081629e-04	 5740	 iter
326	 2.080275e-04	 5758	 iter
327	 2.080145e-04	 5775	 iter
328	 2.075206e-04	 5794	 iter
329	 2.072095e-04	 5811	 iter
330	 2.070336e-04	 5828	 iter
331	 2.069573e-04	 5846	 iter
332	 2.065463e-04	 5864	 iter
333	 2.062846e-04	 5881	 iter
334	 2.060749e-04	 5898	 iter
335	 2.059452e-04	 5916	 iter
336	 2.059206e-04	 5933	 iter
337	 2.054440e-04	 5952	 iter
338	 2.051425e-04	 5969	 iter
339	 2.049638e-04	 5986	 iter
340	 2.048675e-04	 6004	 iter
341	 2.044901e-04	 6022	 iter
342	 2.042481e-04	 6039	 iter
343	 2.040318e-04	 6056	 iter
344	 2.038791e-04	 6074	 iter
345	 2.038027e-04	 6091	 iter
346	 2.033961e-04	 6110	 iter
347	 2.031363e-04	 6127	 iter
348	 2.029366e-04	 6144	 iter
349	 2.027946e-04	 6162	 iter
350	 2.027251e-04	 6179	 iter
351	 2.023097e-04	 6198	 iter
352	 2.020443e-04	 6215	 iter
353	 2.018503e-04	 6232	 iter
354	 2.017103e-04	 6250	 iter
355	 2.016310e-04	 6267	 iter
356	 2.016224e-04	 6285	 iter
357	 2.010945e-04	 6303	 iter
358	 2.007605e-04	 6320	 iter
359	 2.006058e-04	 6337	 iter
360	 2.005046e-04	 6355	 iter
361	 2.004584e-04	 6372	 iter
362	 1.999861e-04	 6391	 iter
363	 1.996856e-04	 6408	 iter
364	 1.995155e-04	 6425	 iter
365	 1.993864e-04	 6443	 iter
366	 1.993055e-04	 6460	 iter
367	 1.992699e-04	 6478	 iter
368	 1.987568e-04	 6496	 iter
369	 1.984310e-04	 6513	 iter
370	 1.982727e-04	 6530	 iter
371	 1.981496e-04	 6548	 iter
372	 1.980664e-04	 6565	 iter
373	 1.980184e-04	 6583	 iter
374	 1.980055e-04	 6600	 iter
375	 1.973908e-04	 6619	 iter
376	 1.970019e-04	 6636	 iter
377	 1.968644e-04	 6653	 iter
378	 1.967583e-04	 6671	 iter
379	 1.966790e-04	 6688	 iter
380	 1.966273e-04	 6706	 iter
381	 1.965912e-04	 6723	 iter
382	 1.965686e-04	 6741	 iter
383	 1.965409e-04	 6758	 iter
384	 1.965077e-04	 6776	 iter
385	 1.964482e-04	 6793	 iter
386	 1.963694e-04	 6811	 iter
387	 1.962528e-04	 6828	 iter
388	 1.961143e-04	 6846	 iter
389	 1.959378e-04	 6863	 iter
390	 1.957452e-04	 6881	 iter
391	 1.955208e-04	 6898	 iter
392	 1.952883e-04	 6916	 iter
393	 1.950314e-04	 6933	 iter
394	 1.947734e-04	 6951	 iter
395	 1.944970e-04	 6968	 iter
396	 1.942242e-04	 6986	 iter
397	 1.939374e-04	 7003	 iter
398	 1.936570e-04	 7021	 iter
399	 1.933657e-04	 7038	 iter
400	 1.930823e-04	 7056	 iter
401	 1.927900e-04	 7073	 iter
402	 1.925064e-04	 7091	 iter
403	 1.922153e-04	 7108	 iter
404	 1.919331e-04	 7126	 iter
405	 1.916443e-04	 7143	 iter
406	 1.913645e-04	 7161	 iter
407	 1.910790e-04	 7178	 iter
408	 1.908020e-04	 7196	 iter
409	 1.905202e-04	 7213	 iter
410	 1.902465e-04	 7231	 iter
411	 1.899686e-04	 7248	 iter
412	 1.896984e-04	 7266	 iter
413	 1.894245e-04	 7283	 iter
414	 1.891580e-04	 7301	 iter
415	 1.888882e-04	 7318	 iter
416	 1.886254e-04	 7336	 iter
417	 1.883598e-04	 7353	 iter
418	 1.881008e-04	 7371	 iter
419	 1.878393e-04	 7388	 iter
420	 1.875842e-04	 7406	 iter
421	 1.873269e-04	 7423	 iter
422	 1.870756e-04	 7441	 iter
423	 1.868226e-04	 7458	 iter
424	 1.865752e-04	 7476	 iter
425	 1.863264e-04	 7493	 iter
426	 1.860828e-04	 7511	 iter
427	 1.858383e-04	 7528	 iter
428	 1.855987e-04	 7546	 iter
429	 1.853584e-04	 7563	 iter
430	 1.851227e-04	 7581	 iter
431	 1.848867e-04	 7598	 iter
432	 1.846550e-04	 7616	 iter
433	 1.844232e-04	 7633	 iter
434	 1.841956e-04	 7651	 iter
435	 1.839681e-04	 7668	 iter
436	 1.837446e-04	 7686	 iter
437	 1.835214e-04	 7703	 iter
438	 1.833019e-04	 7721	 iter
439	 1.830831e-04	 7738	 iter
440	 1.828677e-04	 7756	 iter
441	 1.826532e-04	 7773	 iter
442	 1.824420e-04	 7791	 iter
443	 1.822319e-04	 7808	 iter
444	 1.820249e-04	 7826	 iter
445	 1.818191e-04	 7843	 iter
446	 1.816163e-04	 7861	 iter
447	 1.814148e-04	 7878	 iter
448	 1.812163e-04	 7896	 iter
449	 1.810191e-04	 7913	 iter
450	 1.808248e-04	 7931	 iter
451	 1.806319e-04	 7948	 iter
452	 1.804418e-04	 7966	 iter
453	 1.802532e-04	 7983	 iter
454	 1.800672e-04	 8001	 iter
455	 1.798828e-04	 8018	 iter
456	 1.797009e-04	 8036	 iter
457	 1.795207e-04	 8053	 iter
458	 1.793428e-04	 8071	 iter
459	 1.791665e-04	 8088	 iter
460	 1.789926e-04	 8106	 iter
461	 1.788202e-04	 8123	 iter
462	 1.786500e-04	 8141	 iter
463	 1.784815e-04	 8158	 iter
464	 1.783149e-04	 8176	 iter
465	 1.781500e-04	 8193	 iter
466	 1.779870e-04	 8211	 iter
467	 1.778255e-04	 8228	 iter
468	 1.776658e-04	 8246	 iter
469	 1.775075e-04	 8263	 iter
470	 1.773510e-04	 8281	 iter
471	 1.771958e-04	 8298	 iter
472	 1.770423e-04	 8316	 iter
473	 1.768900e-04	 8333	 iter
474	 1.767393e-04	 8351	 iter
475	 1.765897e-04	 8368	 iter
476	 1.764416e-04	 8386	 iter
477	 1.762946e-04	 8403	 iter
478	 1.761489e-04	 8421	 iter
479	 1.760043e-04	 8438	 iter
480	 1.758609e-04	 8456	 iter
481	 1.757185e-04	 8473	 iter
482	 1.755773e-04	 8491	 iter
483	 1.754370e-04	 8508	 iter
484	 1.752977e-04	 8526	 iter
485	 1.751594e-04	 8543	 iter
486	 1.750221e-04	 8561	 iter
487	 1.748856e-04	 8578	 iter
488	 1.747501e-04	 8596	 iter
489	 1.746154e-04	 8613	 iter
490	 1.744311e-04	 8630	 iter
491	 1.740282e-04	 8649	 iter
492	 1.737063e-04	 8666	 iter
493	 1.734353e-04	 8684	 iter
494	 1.732017e-04	 8701	 iter
495	 1.729939e-04	 8719	 iter
496	 1.728063e-04	 8736	 iter
497	 1.726333e-04	 8754	 iter
498	 1.724722e-04	 8771	 iter
499	 1.723200e-04	 8789	 iter
500	 1.721753e-04	 8806	 iter
501	 1.720363e-04	 8824	 iter
502	 1.719021e-04	 8841	 iter
503	 1.717718e-04	 8859	 iter
504	 1.716447e-04	 8876	 iter
505	 1.715201e-04	 8894	 iter
506	 1.713979e-04	 8911	 iter
507	 1.712775e-04	 8929	 iter
508	 1.711587e-04	 8946	 iter
509	 1.710413e-04	 8964	 iter
510	 1.709251e-04	 8981	 iter
511	 1.708100e-04	 8999	 iter
512	 1.706959e-04	 9016	 iter
513	 1.705826e-04	 9034	 iter
514	 1.704702e-04	 9051	 iter
515	 1.701459e-04	 9068	 iter
516	 1.698114e-04	 9087	 iter
517	 1.695500e-04	 9104	 iter
518	 1.693372e-04	 9122	 iter
519	 1.691562e-04	 9139	 iter
520	 1.689978e-04	 9157	 iter
521	 1.688552e-04	 9174	 iter
522	 1.687241e-04	 9192	 iter
523	 1.686013e-04	 9209	 iter
524	 1.684848e-04	 9227	 iter
525	 1.683728e-04	 9244	 iter
526	 1.682644e-04	 9262	 iter
527	 1.681585e-04	 9279	 iter
528	 1.680548e-04	 9297	 iter
529	 1.679527e-04	 9314	 iter
530	 1.678519e-04	 9332	 iter
531	 1.677521e-04	 9349	 iter
532	 1.676532e-04	 9367	 iter
533	 1.675552e-04	 9384	 iter
534	 1.671832e-04	 9401	 iter
535	 1.668947e-04	 9420	 iter
536	 1.666762e-04	 9437	 iter
537	 1.665006e-04	 9455	 iter
538	 1.663535e-04	 9472	 iter
539	 1.662248e-04	 9490	 iter
540	 1.661088e-04	 9507	 iter
541	 1.660014e-04	 9525	 iter
542	 1.659001e-04	 9542	 iter
543	 1.658029e-04	 9560	 iter
544	 1.657088e-04	 9577	 iter
545	 1.656168e-04	 9595	 iter
546	 1.655263e-04	 9612	 iter
547	 1.654371e-04	 9630	 iter
548	 1.653489e-04	 9647	 iter
549	 1.651638e-04	 9664	 iter
550	 1.648285e-04	 9683	 iter
551	 1.645921e-04	 9700	 iter
552	 1.644143e-04	 9718	 iter
553	 1.642717e-04	 9735	 iter
554	 1.641514e-04	 9753	 iter
555	 1.640452e-04	 9770	 iter
556	 1.639483e-04	 9788	 iter
557	 1.638575e-04	 9805	 iter
558	 1.637706e-04	 9823	 iter
559	 1.636865e-04	 9840	 iter
560	 1.636043e-04	 9858	 iter
561	 1.635233e-04	 9875	 iter
562	 1.634434e-04	 9893	 iter
563	 1.633642e-04	 9910	 iter
564	 1.629601e-04	 9927	 iter
565	 1.627403e-04	 9946	 iter
566	 1.625793e-04	 9963	 iter
567	 1.624524e-04	 9981	 iter
568	 1.623463e-04	 9998	 iter
569	 1.622528e-04	 10016	 iter
570	 1.621673e-04	 10033	 iter
571	 1.620867e-04	 10051	 iter
572	 1.620093e-04	 10068	 iter
573	 1.619339e-04	 10086	 iter
574	 1.618600e-04	 10103	 iter
575	 1.617869e-04	 10121	 iter
576	 1.617146e-04	 10138	 iter
577	 1.612864e-04	 10155	 iter
578	 1.611024e-04	 10174	 iter
579	 1.609672e-04	 10191	 iter
580	 1.608601e-04	 10209	 iter
581	 1.607693e-04	 10226	 iter
582	 1.606882e-04	 10244	 iter
583	 1.606129e-04	 10261	 iter
584	 1.605412e-04	 10279	 iter
585	 1.604717e-04	 10296	 iter
586	 1.604036e-04	 10314	 iter
587	 1.603364e-04	 10331	 iter
588	 1.600659e-04	 10348	 iter
589	 1.598340e-04	 10367	 iter
590	 1.596782e-04	 10384	 iter
591	 1.595632e-04	 10402	 iter
592	 1.594711e-04	 10419	 iter
593	 1.593919e-04	 10437	 iter
594	 1.593201e-04	 10454	 iter
595	 1.592527e-04	 10472	 iter
596	 1.591878e-04	 10489	 iter
597	 1.591245e-04	 10507	 iter
598	 1.590621e-04	 10524	 iter
599	 1.588024e-04	 10541	 iter
600	 1.585850e-04	 10560	 iter
601	 1.584414e-04	 10577	 iter
602	 1.583369e-04	 10595	 iter
603	 1.582534e-04	 10612	 iter
604	 1.581815e-04	 10630	 iter
605	 1.581160e-04	 10647	 iter
606	 1.580542e-04	 10665	 iter
607	 1.579945e-04	 10682	 iter
608	 1.579361e-04	 10700	 iter
609	 1.578784e-04	 10717	 iter
610	 1.575431e-04	 10734	 iter
611	 1.573813e-04	 10753	 iter
612	 1.572707e-04	 10770	 iter
613	 1.571866e-04	 10788	 iter
614	 1.571166e-04	 10805	 iter
615	 1.570541e-04	 10823	 iter
616	 1.569958e-04	 10840	 iter
617	 1.569398e-04	 10858	 iter
618	 1.568850e-04	 10875	 iter
619	 1.567342e-04	 10892	 iter
620	 1.564971e-04	 10911	 iter
621	 1.563525e-04	 10928	 iter
622	 1.562539e-04	 10946	 iter
623	 1.561784e-04	 10963	 iter
624	 1.561149e-04	 10981	 iter
625	 1.560578e-04	 10998	 iter
626	 1.560039e-04	 11016	 iter
627	 1.559520e-04	 11033	 iter
628	 1.559514e-04	 11050	 iter
629	 1.556500e-04	 11069	 iter
630	 1.554802e-04	 11086	 iter
631	 1.553719e-04	 11104	 iter
632	 1.552938e-04	 11121	 iter
633	 1.552309e-04	 11139	 iter
634	 1.551756e-04	 11156	 iter
635	 1.551243e-04	 11174	 iter
636	 1.550751e-04	 11191	 iter
637	 1.550270e-04	 11209	 iter
638	 1.549795e-04	 11226	 iter
639	 1.546418e-04	 11243	 iter
640	 1.545320e-04	 11262	 iter
641	 1.544553e-04	 11279	 iter
642	 1.543949e-04	 11297	 iter
643	 1.543424e-04	 11314	 iter
644	 1.542939e-04	 11332	 iter
645	 1.542475e-04	 11349	 iter
646	 1.542022e-04	 11367	 iter
647	 1.541574e-04	 11384	 iter
648	 1.538300e-04	 11401	 iter
649	 1.537298e-04	 11420	 iter
650	 1.536599e-04	 11437	 iter
651	 1.536042e-04	 11455	 iter
652	 1.535556e-04	 11472	 iter
653	 1.535103e-04	 11490	 iter
654	 1.534668e-04	 11507	 iter
655	 1.533855e-04	 11524	 iter
656	 1.531640e-04	 11543	 iter
657	 1.530408e-04	 11560	 iter
658	 1.529621e-04	 11578	 iter
659	 1.529039e-04	 11595	 iter
660	 1.528553e-04	 11613	 iter
661	 1.528113e-04	 11630	 iter
662	 1.527695e-04	 11648	 iter
663	 1.527288e-04	 11665	 iter
664	 1.525297e-04	 11682	 iter
665	 1.523853e-04	 11701	 iter
666	 1.522991e-04	 11718	 iter
667	 1.522389e-04	 11736	 iter
668	 1.521907e-04	 11753	 iter
669	 1.521480e-04	 11771	 iter
670	 1.521080e-04	 11788	 iter
671	 1.520692e-04	 11806	 iter
672	 1.520311e-04	 11823	 iter
673	 1.517516e-04	 11840	 iter
674	 1.516638e-04	 11859	 iter
675	 1.516043e-04	 11876	 iter
676	 1.515577e-04	 11894	 iter
677	 1.515169e-04	 11911	 iter
678	 1.514788e-04	 11929	 iter
679	 1.514419e-04	 11946	 iter
680	 1.512794e-04	 11963	 iter
681	 1.511361e-04	 11982	 iter
682	 1.510542e-04	 11999	 iter
683	 1.509988e-04	 12017	 iter
684	 1.509551e-04	 12034	 iter
685	 1.509167e-04	 12052	 iter
686	 1.508806e-04	 12069	 iter
687	 1.508456e-04	 12087	 iter
688	 1.508112e-04	 12104	 iter
689	 1.505405e-04	 12121	 iter
690	 1.504697e-04	 12140	 iter
691	 1.504204e-04	 12157	 iter
692	 1.503804e-04	 12175	 iter
693	 1.503446e-04	 12192	 iter
694	 1.503106e-04	 12210	 iter
695	 1.502774e-04	 12227	 iter
696	 1.500643e-04	 12244	 iter
697	 1.499699e-04	 12263	 iter
698	 1.499119e-04	 12280	 iter
699	 1.498691e-04	 12298	 iter
700	 1.498330e-04	 12315	 iter
701	 1.497997e-04	 12333	 iter
702	 1.497677e-04	 12350	 iter
703	 1.496156e-04	 12367	 iter
704	 1.494941e-04	 12386	 iter
705	 1.494261e-04	 12403	 iter
706	 1.493802e-04	 12421	 iter
707	 1.493436e-04	 12438	 iter
708	 1.493109e-04	 12456	 iter
709	 1.492799e-04	 12473	 iter
710	 1.491891e-04	 12490	 iter
711	 1.490393e-04	 12509	 iter
712	 1.489614e-04	 12526	 iter
713	 1.489124e-04	 12544	 iter
714	 1.488754e-04	 12561	 iter
715	 1.488434e-04	 12579	 iter
716	 1.488134e-04	 12596	 iter
717	 1.487671e-04	 12613	 iter
718	 1.485977e-04	 12632	 iter
719	 1.485135e-04	 12649	 iter
720	 1.484631e-04	 12667	 iter
721	 1.484263e-04	 12684	 iter
722	 1.483951e-04	 12702	 iter
723	 1.483662e-04	 12719	 iter
724	 1.483466e-04	 12736	 iter
725	 1.481678e-04	 12755	 iter
726	 1.480817e-04	 12772	 iter
727	 1.480315e-04	 12790	 iter
728	 1.479957e-04	 12807	 iter
729	 1.479656e-04	 12825	 iter
730	 1.479378e-04	 12842	 iter
731	 1.479177e-04	 12859	 iter
732	 1.477457e-04	 12878	 iter
733	 1.476635e-04	 12895	 iter
734	 1.476159e-04	 12913	 iter
735	 1.475818e-04	 12930	 iter
736	 1.475531e-04	 12948	 iter
737	 1.475265e-04	 12965	 iter
738	 1.474897e-04	 12982	 iter
739	 1.473346e-04	 13001	 iter
740	 1.472601e-04	 13018	 iter
741	 1.472164e-04	 13036	 iter
742	 1.471845e-04	 13053	 iter
743	 1.471574e-04	 13071	 iter
744	 1.471321e-04	 13088	 iter
745	 1.470636e-04	 13105	 iter
746	 1.469343e-04	 13124	 iter
747	 1.468706e-04	 13141	 iter
748	 1.468318e-04	 13159	 iter
749	 1.468025e-04	 13176	 iter
750	 1.467770e-04	 13194	 iter
751	 1.467530e-04	 13211	 iter
752	 1.466523e-04	 13228	 iter
753	 1.465493e-04	 13247	 iter
754	 1.464965e-04	 13264	 iter
755	 1.464626e-04	 13282	 iter
756	 1.464358e-04	 13299	 iter
757	 1.464118e-04	 13317	 iter
758	 1.463889e-04	 13334	 iter
759	 1.462570e-04	 13351	 iter
760	 1.461796e-04	 13370	 iter
761	 1.461371e-04	 13387	 iter
762	 1.461077e-04	 13405	 iter
763	 1.460832e-04	 13422	 iter
764	 1.460606e-04	 13440	 iter
765	 1.460388e-04	 13457	 iter
766	 1.458846e-04	 13474	 iter
767	 1.458271e-04	 13493	 iter
768	 1.457928e-04	 13510	 iter
769	 1.457670e-04	 13528	 iter
770	 1.457444e-04	 13545	 iter
771	 1.457230e-04	 13563	 iter
772	 1.457022e-04	 13580	 iter
773	 1.455325e-04	 13597	 iter
774	 1.454905e-04	 13616	 iter
775	 1.454624e-04	 13633	 iter
776	 1.454395e-04	 13651	 iter
777	 1.454184e-04	 13668	 iter
778	 1.453653e-04	 13685	 iter
779	 1.452533e-04	 13704	 iter
780	 1.452007e-04	 13721	 iter
781	 1.451693e-04	 13739	 iter
782	 1.451456e-04	 13756	 iter
783	 1.451248e-04	 13774	 iter
784	 1.451050e-04	 13791	 iter
785	 1.449893e-04	 13808	 iter
786	 1.449227e-04	 13827	 iter
787	 1.448868e-04	 13844	 iter
788	 1.448620e-04	 13862	 iter
789	 1.448412e-04	 13879	 iter
790	 1.448219e-04	 13897	 iter
791	 1.448031e-04	 13914	 iter
792	 1.446568e-04	 13931	 iter
793	 1.446150e-04	 13950	 iter
794	 1.445885e-04	 13967	 iter
795	 1.445676e-04	 13985	 iter
796	 1.445486e-04	 14002	 iter
797	 1.445042e-04	 14019	 iter
798	 1.444000e-04	 14038	 iter
799	 1.443522e-04	 14055	 iter
800	 1.443242e-04	 14073	 iter
801	 1.443031e-04	 14090	 iter
802	 1.442845e-04	 14108	 iter
803	 1.442667e-04	 14125	 iter
804	 1.441535e-04	 14142	 iter
805	 1.440989e-04	 14161	 iter
806	 1.440690e-04	 14178	 iter
807	 1.440476e-04	 14196	 iter
808	 1.440293e-04	 14213	 iter
809	 1.440121e-04	 14231	 iter
810	 1.439952e-04	 14248	 iter
811	 1.438535e-04	 14265	 iter
812	 1.438220e-04	 14284	 iter
813	 1.438005e-04	 14301	 iter
814	 1.437825e-04	 14319	 iter
815	 1.437658e-04	 14336	 iter
816	 1.436811e-04	 14353	 iter
817	 1.436158e-04	 14372	 iter
818	 1.435831e-04	 14389	 iter
819	 1.435616e-04	 14407	 iter
820	 1.435440e-04	 14424	 iter
821	 1.435277e-04	 14442	 iter
822	 1.435119e-04	 14459	 iter
823	 1.433846e-04	 14476	 iter
824	 1.433515e-04	 14495	 iter
825	 1.433302e-04	 14512	 iter
826	 1.433130e-04	 14530	 iter
827	 1.432972e-04	 14547	 iter
828	 1.432288e-04	 14564	 iter
829	 1.431600e-04	 14583	 iter
830	 1.431272e-04	 14600	 iter
831	 1.431064e-04	 14618	 iter
832	 1.430896e-04	 14635	 iter
833	 1.430743e-04	 14653	 iter
834	 1.430595e-04	 14670	 iter
835	 1.429413e-04	 14687	 iter
836	 1.429095e-04	 14706	 iter
837	 1.428894e-04	 14723	 iter
838	 1.428733e-04	 14741	 iter
839	 1.428585e-04	 14758	 iter
840	 1.427916e-04	 14775	 iter
841	 1.427286e-04	 14794	 iter
842	 1.426985e-04	 14811	 iter
843	 1.426793e-04	 14829	 iter
844	 1.426638e-04	 14846	 iter
845	 1.426495e-04	 14864	 iter
846	 1.426357e-04	 14881	 iter
847	 1.425216e-04	 14898	 iter
848	 1.424938e-04	 14917	 iter
849	 1.424757e-04	 14934	 iter
850	 1.424609e-04	 14952	 iter
851	 1.424471e-04	 14969	 iter
852	 1.423717e-04	 14986	 iter
853	 1.423208e-04	 15005	 iter
854	 1.422955e-04	 15022	 iter
855	 1.422785e-04	 15040	 iter
856	 1.422643e-04	 15057	 iter
857	 1.422510e-04	 15075	 iter
858	 1.422381e-04	 15092	 iter
859	 1.421259e-04	 15109	 iter
860	 1.421032e-04	 15128	 iter
861	 1.420874e-04	 15145	 iter
862	 1.420738e-04	 15163	 iter
863	 1.420610e-04	 15180	 iter
864	 1.419744e-04	 15197	 iter
865	 1.419371e-04	 15216	 iter
866	 1.419169e-04	 15233	 iter
867	 1.419022e-04	 15251	 iter
868	 1.418892e-04	 15268	 iter
869	 1.418560e-04	 15285	 iter
870	 1.417849e-04	 15304	 iter
871	 1.417541e-04	 15321	 iter
872	 1.417363e-04	 15339	 iter
873	 1.417226e-04	 15356	 iter
874	 1.417102e-04	 15374	 iter
875	 1.416983e-04	 15391	 iter
876	 1.416029e-04	 15408	 iter
877	 1.415773e-04	 15427	 iter
878	 1.415614e-04	 15444	 iter
879	 1.415486e-04	 15462	 iter
880	 1.415367e-04	 15479	 iter
881	 1.414699e-04	 15496	 iter
882	 1.414272e-04	 15515	 iter
883	 1.414061e-04	 15532	 iter
884	 1.413918e-04	 15550	 iter
885	 1.413798e-04	 15567	 iter
886	 1.413704e-04	 15584	 iter
887	 1.412905e-04	 15603	 iter
888	 1.412581e-04	 15620	 iter
889	 1.412405e-04	 15638	 iter
890	 1.412276e-04	 15655	 iter
891	 1.412162e-04	 15673	 iter
892	 1.412053e-04	 15690	 iter
893	 1.411199e-04	 15707	 iter
894	 1.410951e-04	 15726	 iter
895	 1.410801e-04	 15743	 iter
896	 1.410683e-04	 15761	 iter
897	 1.410574e-04	 15778	 iter
898	 1.409974e-04	 15795	 iter
899	 1.409573e-04	 15814	 iter
900	 1.409379e-04	 15831	 iter
901	 1.409248e-04	 15849	 iter
902	 1.409138e-04	 15866	 iter
903	 1.408999e-04	 15883	 iter
904	 1.408299e-04	 15902	 iter
905	 1.408015e-04	 15919	 iter
906	 1.407859e-04	 15937	 iter
907	 1.407743e-04	 15954	 iter
908	 1.407639e-04	 15972	 iter
909	 1.407539e-04	 15989	 iter
910	 1.406730e-04	 16006	 iter
911	 1.406520e-04	 16025	 iter
912	 1.406390e-04	 16042	 iter
913	 1.406283e-04	 16060	 iter
914	 1.406185e-04	 16077	 iter
915	 1.405550e-04	 16094	 iter
916	 1.405239e-04	 16113	 iter
917	 1.405079e-04	 16130	 iter
918	 1.404966e-04	 16148	 iter
919	 1.404867e-04	 16165	 iter
920	 1.404534e-04	 16182	 iter
921	 1.404032e-04	 16201	 iter
922	 1.403817e-04	 16218	 iter
923	 1.403688e-04	 16236	 iter
924	 1.403586e-04	 16253	 iter
925	 1.403493e-04	 16271	 iter
926	 1.403402e-04	 16288	 iter
927	 1.402608e-04	 16305	 iter
928	 1.402450e-04	 16324	 iter
929	 1.402341e-04	 16341	 iter
930	 1.402247e-04	 16359	 iter
931	 1.402158e-04	 16376	 iter
932	 1.401468e-04	 16393	 iter
933	 1.401256e-04	 16412	 iter
934	 1.401133e-04	 16429	 iter
935	 1.401036e-04	 16447	 iter
936	 1.400947e-04	 16464	 iter
937	 1.400414e-04	 16481	 iter
938	 1.400111e-04	 16500	 iter
939	 1.399961e-04	 16517	 iter
940	 1.399858e-04	 16535	 iter
941	 1.399770e-04	 16552	 iter
942	 1.399486e-04	 16569	 iter
943	 1.399024e-04	 16588	 iter
944	 1.398830e-04	 16605	 iter
945	 1.398715e-04	 16623	 iter
946	 1.398624e-04	 16640	 iter
947	 1.398540e-04	 16658	 iter
948	 1.398459e-04	 16675	 iter
949	 1.397740e-04	 16692	 iter
950	 1.397605e-04	 16711	 iter
951	 1.397509e-04	 16728	 iter
952	 1.397425e-04	 16746	 iter
953	 1.397346e-04	 16763	 iter
954	 1.396702e-04	 16780	 iter
955	 1.396530e-04	 16799	 iter
956	 1.396425e-04	 16816	 iter
957	 1.396341e-04	 16834	 iter
958	 1.396262e-04	 16851	 iter
959	 1.395720e-04	 16868	 iter
960	 1.395492e-04	 16887	 iter
961	 1.395372e-04	 16904	 iter
962	 1.395284e-04	 16922	 iter
963	 1.395206e-04	 16939	 iter
964	 1.394814e-04	 16956	 iter
965	 1.394496e-04	 16975	 iter
966	 1.394351e-04	 16992	 iter
967	 1.394257e-04	 17010	 iter
968	 1.394178e-04	 17027	 iter
969	 1.393997e-04	 17044	 iter
970	 1.393543e-04	 17063	 iter
971	 1.393361e-04	 17080	 iter
972	 1.393257e-04	 17098	 iter
973	 1.393177e-04	 17115	 iter
974	 1.393104e-04	 17133	 iter
975	 1.393033e-04	 17150	 iter
976	 1.392406e-04	 17167	 iter
977	 1.392286e-04	 17186	 iter
978	 1.392203e-04	 17203	 iter
979	 1.392130e-04	 17221	 iter
980	 1.392060e-04	 17238	 iter
981	 1.391486e-04	 17255	 iter
982	 1.391343e-04	 17274	 iter
983	 1.391254e-04	 17291	 iter
984	 1.391181e-04	 17309	 iter
985	 1.391112e-04	 17326	 iter
986	 1.390609e-04	 17343	 iter
987	 1.390429e-04	 17362	 iter
988	 1.390331e-04	 17379	 iter
989	 1.390256e-04	 17397	 iter
990	 1.390188e-04	 17414	 iter
991	 1.389774e-04	 17431	 iter
992	 1.389544e-04	 17450	 iter
993	 1.389433e-04	 17467	 iter
994	 1.389355e-04	 17485	 iter
995	 1.389288e-04	 17502	 iter
996	 1.388992e-04	 17519	 iter
997	 1.388691e-04	 17538	 iter
998	 1.388560e-04	 17555	 iter
999	 1.388478e-04	 17573	 iter
1000	 1.388411e-04	 17590	 iter
1001	 1.388267e-04	 17607	 iter
1002	 1.387869e-04	 17626	 iter
1003	 1.387712e-04	 17643	 iter
1004	 1.387624e-04	 17661	 iter
1005	 1.387555e-04	 17678	 iter
1006	 1.387493e-04	 17696	 iter
1007	 1.387432e-04	 17713	 iter
1008	 1.386890e-04	 17730	 iter
1009	 1.386792e-04	 17749	 iter
1010	 1.386722e-04	 17766	 iter
1011	 1.386660e-04	 17784	 iter
1012	 1.386601e-04	 17801	 iter
1013	 1.386093e-04	 17818	 iter
1014	 1.385982e-04	 17837	 iter
1015	 1.385910e-04	 17854	 iter
1016	 1.385848e-04	 17872	 iter
1017	 1.385790e-04	 17889	 iter
1018	 1.385323e-04	 17906	 iter
1019	 1.385195e-04	 17925	 iter
1020	 1.385119e-04	 17942	 iter
1021	 1.385057e-04	 17960	 iter
1022	 1.385000e-04	 17977	 iter
1023	 1.384580e-04	 17994	 iter
1024	 1.384429e-04	 18013	 iter
1025	 1.384347e-04	 18030	 iter
1026	 1.384285e-04	 18048	 iter
1027	 1.384228e-04	 18065	 iter
1028	 1.383866e-04	 18082	 iter
1029	 1.383685e-04	 18101	 iter
1030	 1.383596e-04	 18118	 iter
1031	 1.383532e-04	 18136	 iter
1032	 1.383477e-04	 18153	 iter
1033	 1.383179e-04	 18170	 iter
1034	 1.382962e-04	 18189	 iter
1035	 1.382863e-04	 18206	 iter
1036	 1.382798e-04	 18224	 iter
1037	 1.382743e-04	 18241	 iter
1038	 1.382523e-04	 18258	 iter
1039	 1.382260e-04	 18277	 iter
1040	 1.382150e-04	 18294	 iter
1041	 1.382083e-04	 18312	 iter
1042	 1.382028e-04	 18329	 iter
1043	 1.381897e-04	 18346	 iter
1044	 1.381579e-04	 18365	 iter
1045	 1.381455e-04	 18382	 iter
1046	 1.381385e-04	 18400	 iter
1047	 1.381330e-04	 18417	 iter
1048	 1.381304e-04	 18434	 iter
1049	 1.380920e-04	 18453	 iter
1050	 1.380779e-04	 18470	 iter
1051	 1.380705e-04	 18488	 iter
1052	 1.380649e-04	 18505	 iter
1053	 1.380599e-04	 18523	 iter
1054	 1.380551e-04	 18540	 iter
1055	 1.380120e-04	 18557	 iter
1056	 1.380041e-04	 18576	 iter
1057	 1.379985e-04	 18593	 iter
1058	 1.379936e-04	 18611	 iter
1059	 1.379889e-04	 18628	 iter
1060	 1.379479e-04	 18645	 iter
1061	 1.379394e-04	 18664	 iter
1062	 1.379337e-04	 18681	 iter
1063	 1.379289e-04	 18699	 iter
1064	 1.379242e-04	 18716	 iter
1065	 1.378854e-04	 18733	 iter
1066	 1.378763e-04	 18752	 iter
1067	 1.378705e-04	 18769	 iter
1068	 1.378657e-04	 18787	 iter
1069	 1.378611e-04	 18804	 iter
1070	 1.378247e-04	 18821	 iter
1071	 1.378147e-04	 18840	 iter
1072	 1.378088e-04	 18857	 iter
1073	 1.378040e-04	 18875	 iter
1074	 1.377996e-04	 18892	 iter
1075	 1.377656e-04	 18909	 iter
1076	 1.377547e-04	 18928	 iter
1077	 1.377486e-04	 18945	 iter
1078	 1.377439e-04	 18963	 iter
1079	 1.377395e-04	 18980	 iter
1080	 1.377081e-04	 18997	 iter
1081	 1.376962e-04	 19016	 iter
1082	 1.376899e-04	 19033	 iter
1083	 1.376851e-04	 19051	 iter
1084	 1.376808e-04	 19068	 iter
1085	 1.376520e-04	 19085	 iter
1086	 1.376390e-04	 19104	 iter
1087	 1.376325e-04	 19121	 iter
1088	 1.376278e-04	 19139	 iter
1089	 1.376236e-04	 19156	 iter
1090	 1.375976e-04	 19173	 iter
1091	 1.375833e-04	 19192	 iter
1092	 1.375766e-04	 19209	 iter
1093	 1.375719e-04	 19227	 iter
1094	 1.375677e-04	 19244	 iter
1095	 1.375444e-04	 19261	 iter
1096	 1.375290e-04	 19280	 iter
1097	 1.375219e-04	 19297	 iter
1098	 1.375172e-04	 19315	 iter
1099	 1.375131e-04	 19332	 iter
1100	 1.374927e-04	 19349	 iter
1101	 1.374759e-04	 19368	 iter
1102	 1.374686e-04	 19385	 iter
1103	 1.374639e-04	 19403	 iter
1104	 1.374599e-04	 19420	 iter
1105	 1.374423e-04	 19437	 iter
1106	 1.374241e-04	 19456	 iter
1107	 1.374165e-04	 19473	 iter
1108	 1.374118e-04	 19491	 iter
1109	 1.374078e-04	 19508	 iter
1110	 1.373931e-04	 19525	 iter
1111	 1.373736e-04	 19544	 iter
1112	 1.373657e-04	 19561	 iter
1113	 1.373610e-04	 19579	 iter
1114	 1.373571e-04	 19596	 iter
1115	 1.373450e-04	 19613	 iter
1116	 1.373242e-04	 19632	 iter
1117	 1.373161e-04	 19649	 iter
1118	 1.373113e-04	 19667	 iter
1119	 1.373075e-04	 19684	 iter
1120	 1.372982e-04	 19701	 iter
1121	 1.372761e-04	 19720	 iter
1122	 1.372676e-04	 19737	 iter
1123	 1.372628e-04	 19755	 iter
1124	 1.372590e-04	 19772	 iter
1125	 1.372523e-04	 19789	 iter
1126	 1.372289e-04	 19808	 iter
1127	 1.372202e-04	 19825	 iter
1128	 1.372154e-04	 19843	 iter
1129	 1.372117e-04	 19860	 iter
1130	 1.372074e-04	 19877	 iter
1131	 1.371829e-04	 19896	 iter
1132	 1.371740e-04	 19913	 iter
1133	 1.371692e-04	 19931	 iter
1134	 1.371655e-04	 19948	 iter
1135	 1.371634e-04	 19965	 iter
1136	 1.371379e-04	 19984	 iter
1137	 1.371288e-04	 20001	 iter
1138	 1.371240e-04	 20019	 iter
1139	 1.371204e-04	 20036	 iter
1140	 1.371204e-04	 20053	 iter
1140	 1.371204e-04	 20053	 done
