0	 1.603083e-33	 1	 init
0	 1.603083e-33	 1	 iter
1	 1.603083e-33	 17	 iter
2	 1.603083e-33	 19	 iter
3	 1.603083e-33	 20	 iter
4	 1.603083e-33	 22	 iter
5	 1.603083e-33	 24	 iter
6	 1.603083e-33	 26	 iter
7	 1.603083e-33	 28	 iter
8	 1.603083e-33	 30	 iter
9	 1.603083e-33	 31	 iter
10	 1.603083e-33	 33	 iter
11	 1.603083e-33	 35	 iter
12	 1.603083e-33	 37	 iter
13	 1.603083e-33	 39	 iter
14	 1.603083e-33	 41	 iter
15	 1.603083e-33	 43	 iter
16	 1.603083e-33	 45	 iter
17	 1.603083e-33	 47	 iter
18	 1.603083e-33	 49	 iter
19	 1.603083e-33	 51	 iter
20	 1.603083e-33	 53	 iter
21	 1.603083e-33	 55	 iter
22	 1.603083e-33	 57	 iter
23	 1.603083e-33	 59	 iter
24	 1.603083e-33	 61	 iter
25	 1.603083e-33	 63	 iter
26	 1.603083e-33	 65	 iter
27	 1.603083e-33	 67	 iter
28	 1.603083e-33	 68	 iter
29	 1.603083e-33	 70	 iter
30	 1.603083e-33	 72	 iter
31	 1.603083e-33	 74	 iter
32	 1.603083e-33	 76	 iter
33	 1.603083e-33	 78	 iter
34	 1.603083e-33	 80	 iter
35	 1.603083e-33	 82	 iter
36	 1.603083e-33	 84	 iter
37	 1.603083e-33	 86	 iter
38	 1.603083e-33	 87	 iter
39	 1.603083e-33	 88	 iter
40	 1.603083e-33	 90	 iter
41	 1.603083e-33	 92	 iter
42	 1.603083e-33	 94	 iter
43	 1.603083e-33	 95	 iter
44	 1.603083e-33	 96	 iter
45	 1.603083e-33	 98	 iter
46	 1.603083e-33	 100	 iter
47	 1.603083e-33	 102	 iter
48	 1.603083e-33	 104	 iter
49	 1.603083e-33	 106	 iter
50	 1.603083e-33	 107	 iter
51	 1.603083e-33	 109	 iter
52	 1.603083e-33	 110	 iter
53	 1.603083e-33	 111	 iter
54	 1.603083e-33	 112	 iter
55	 1.603083e-33	 114	 iter
56	 1.603083e-33	 116	 iter
57	 1.603083e-33	 118	 iter
58	 1.603083e-33	 120	 iter
59	 1.603083e-33	 122	 iter
60	 1.603083e-33	 124	 iter
61	 1.603083e-33	 125	 iter
62	 1.603083e-33	 127	 iter
63	 1.603083e-33	 129	 iter
64	 1.603083e-33	 130	 iter
65	 1.603083e-33	 132	 iter
66	 1.603083e-33	 134	 iter
67	 1.603083e-33	 136	 iter
68	 1.603083e-33	 137	 iter
69	 1.603083e-33	 139	 iter
70	 1.603083e-33	 141	 iter
71	 1.603083e-33	 142	 iter
72	 1.603083e-33	 143	 iter
73	 1.603083e-33	 144	 iter
74	 1.603083e-33	 146	 iter
75	 1.603083e-33	 147	 iter
76	 1.603083e-33	 149	 iter
77	 1.603083e-33	 151	 iter
78	 1.603083e-33	 152	 iter
79	 1.603083e-33	 154	 iter
80	 1.603083e-33	 156	 iter
81	 1.603083e-33	 158	 iter
82	 1.603083e-33	 160	 iter
83	 1.603083e-33	 162	 iter
84	 1.603083e-33	 164	 iter
85	 1.603083e-33	 166	 iter
86	 1.603083e-33	 168	 iter
87	 1.603083e-33	 169	 iter
88	 1.603083e-33	 170	 iter
89	 1.603083e-33	 171	 iter
90	 1.603083e-33	 172	 iter
91	 1.603083e-33	 174	 iter
92	 1.603083e-33	 175	 iter
93	 1.603083e-33	 176	 iter
94	 1.603083e-33	 178	 iter
95	 1.603083e-33	 180	 iter
96	 1.603083e-33	 182	 iter
97	 1.603083e-33	 184	 iter
98	 1.603083e-33	 185	 iter
99	 1.603083e-33	 187	 iter
100	 1.603083e-33	 188	 iter
101	 1.603083e-33	 190	 iter
102	 1.603083e-33	 192	 iter
103	 1.603083e-33	 193	 iter
104	 1.603083e-33	 194	 iter
105	 1.603083e-33	 195	 iter
106	 1.603083e-33	 197	 iter
107	 1.603083e-33	 198	 iter
108	 1.603083e-33	 199	 iter
109	 1.603083e-33	 200	 iter
110	 1.603083e-33	 201	 iter
111	 1.603083e-33	 203	 iter
112	 1.603083e-33	 205	 iter
113	 1.603083e-33	 207	 iter
114	 1.603083e-33	 209	 iter
115	 1.603083e-33	 211	 iter
116	 1.603083e-33	 213	 iter
117	 1.603083e-33	 214	 iter
118	 1.603083e-33	 215	 iter
119	 1.603083e-33	 217	 iter
120	 1.603083e-33	 218	 iter
121	 1.603083e-33	 219	 iter
122	 1.603083e-33	 220	 iter
123	 1.603083e-33	 221	 iter
124	 1.603083e-33	 222	 iter
125	 1.603083e-33	 223	 iter
126	 1.603083e-33	 224	 iter
127	 1.603083e-33	 225	 iter
128	 1.603083e-33	 227	 iter
129	 1.603083e-33	 229	 iter
130	 1.603083e-33	 231	 iter
131	 1.603083e-33	 232	 iter
132	 1.603083e-33	 234	 iter
133	 1.603083e-33	 235	 iter
134	 1.603083e-33	 236	 iter
135	 1.603083e-33	 238	 iter
136	 1.603083e-33	 240	 iter
137	 1.603083e-33	 241	 iter
138	 1.603083e-33	 243	 iter
139	 1.603083e-33	 245	 iter
140	 1.603083e-33	 247	 iter
141	 1.603083e-33	 248	 iter
142	 1.603083e-33	 250	 iter
143	 1.603083e-33	 252	 iter
144	 1.603083e-33	 254	 iter
145	 1.603083e-33	 256	 iter
146	 1.603083e-33	 258	 iter
147	 1.603083e-33	 260	 iter
148	 1.603083e-33	 261	 iter
149	 1.603083e-33	 262	 iter
150	 1.603083e-33	 263	 iter
151	 1.603083e-33	 264	 iter
152	 1.603083e-33	 266	 iter
153	 1.603083e-33	 267	 iter
154	 1.603083e-33	 268	 iter
155	 1.603083e-33	 269	 iter
156	 1.603083e-33	 270	 iter
157	 1.603083e-33	 271	 iter
158	 1.603083e-33	 273	 iter
159	 1.603083e-33	 275	 iter
160	 1.603083e-33	 276	 iter
161	 1.603083e-33	 277	 iter
162	 1.603083e-33	 278	 iter
163	 1.603083e-33	 279	 iter
164	 1.603083e-33	 280	 iter
165	 1.603083e-33	 281	 iter
166	 1.603083e-33	 282	 iter
167	 1.603083e-33	 284	 iter
168	 1.603083e-33	 285	 iter
169	 1.603083e-33	 287	 iter
170	 1.603083e-33	 289	 iter
171	 1.603083e-33	 291	 iter
172	 1.603083e-33	 292	 iter
173	 1.603083e-33	 293	 iter
174	 1.603083e-33	 294	 iter
175	 1.603083e-33	 295	 iter
176	 1.603083e-33	 296	 iter
177	 1.603083e-33	 298	 iter
178	 1.603083e-33	 300	 iter
179	 1.603083e-33	 301	 iter
180	 1.603083e-33	 302	 iter
181	 1.603083e-33	 303	 iter
182	 1.603083e-33	 304	 iter
183	 1.603083e-33	 305	 iter
184	 1.603083e-33	 306	 iter
185	 1.603083e-33	 307	 iter
186	 1.603083e-33	 308	 iter
187	 1.603083e-33	 310	 iter
188	 1.603083e-33	 311	 iter
189	 1.603083e-33	 313	 iter
190	 1.603083e-33	 315	 iter
191	 1.603083e-33	 317	 iter
192	 1.603083e-33	 318	 iter
193	 1.603083e-33	 320	 iter
194	 1.603083e-33	 321	 iter
195	 1.603083e-33	 322	 iter
196	 1.603083e-33	 323	 iter
197	 1.603083e-33	 324	 iter
198	 1.603083e-33	 325	 iter
199	 1.603083e-33	 327	 iter
200	 1.603083e-33	 329	 iter
201	 1.603083e-33	 331	 iter
202	 1.603083e-33	 333	 iter
203	 1.603083e-33	 335	 iter
204	 1.603083e-33	 337	 iter
205	 1.603083e-33	 338	 iter
206	 1.603083e-33	 339	 iter
207	 1.603083e-33	 341	 iter
208	 1.603083e-33	 342	 iter
208	 1.603083e-33	 342	 done
