0	 	 200	 init
1	 6.973230e-03	 400	 iter
2	 6.973230e-03	 600	 iter
3	 6.924168e-03	 800	 iter
4	 5.925915e-03	 1000	 iter
5	 5.775779e-03	 1200	 iter
6	 5.775779e-03	 1400	 iter
7	 5.775779e-03	 1600	 iter
8	 3.927351e-03	 1800	 iter
9	 3.927351e-03	 2000	 iter
10	 3.927351e-03	 2200	 iter
11	 3.927351e-03	 2400	 iter
12	 3.379083e-03	 2600	 iter
13	 3.379083e-03	 2800	 iter
14	 3.379083e-03	 3000	 iter
15	 3.379083e-03	 3200	 iter
16	 3.336510e-03	 3400	 iter
17	 3.336510e-03	 3600	 iter
18	 3.336510e-03	 3800	 iter
19	 3.336510e-03	 4000	 iter
20	 3.336510e-03	 4200	 iter
21	 3.336510e-03	 4400	 iter
22	 2.654830e-03	 4600	 iter
23	 2.181380e-03	 4800	 iter
24	 2.181380e-03	 5000	 iter
25	 2.124339e-03	 5200	 iter
26	 2.115900e-03	 5400	 iter
27	 2.115900e-03	 5600	 iter
28	 2.075789e-03	 5800	 iter
29	 2.075789e-03	 6000	 iter
30	 2.075789e-03	 6200	 iter
31	 2.003021e-03	 6400	 iter
32	 2.003021e-03	 6600	 iter
33	 2.003021e-03	 6800	 iter
34	 2.003021e-03	 7000	 iter
35	 2.003021e-03	 7200	 iter
36	 1.942888e-03	 7400	 iter
37	 1.937997e-03	 7600	 iter
38	 1.937997e-03	 7800	 iter
39	 1.937997e-03	 8000	 iter
40	 1.937997e-03	 8200	 iter
41	 1.937997e-03	 8400	 iter
42	 1.937997e-03	 8600	 iter
43	 1.937997e-03	 8800	 iter
44	 1.800300e-03	 9000	 iter
45	 1.800300e-03	 9200	 iter
46	 1.800300e-03	 9400	 iter
47	 1.800300e-03	 9600	 iter
48	 1.559226e-03	 9800	 iter
49	 1.559226e-03	 10000	 iter
50	 1.559226e-03	 10200	 iter
51	 1.559226e-03	 10400	 iter
52	 1.203168e-03	 10600	 iter
53	 1.203168e-03	 10800	 iter
54	 1.203168e-03	 11000	 iter
55	 1.203168e-03	 11200	 iter
56	 1.203168e-03	 11400	 iter
57	 1.184861e-03	 11600	 iter
58	 1.184861e-03	 11800	 iter
59	 1.184861e-03	 12000	 iter
60	 1.184861e-03	 12200	 iter
61	 1.181005e-03	 12400	 iter
62	 1.181005e-03	 12600	 iter
63	 1.181005e-03	 12800	 iter
64	 1.181005e-03	 13000	 iter
65	 1.181005e-03	 13200	 iter
66	 1.170135e-03	 13400	 iter
67	 1.156735e-03	 13600	 iter
68	 1.075832e-03	 13800	 iter
69	 1.075832e-03	 14000	 iter
70	 1.057338e-03	 14200	 iter
71	 9.910463e-04	 14400	 iter
72	 9.910463e-04	 14600	 iter
73	 9.827768e-04	 14800	 iter
74	 9.827768e-04	 15000	 iter
75	 9.827768e-04	 15200	 iter
76	 9.827768e-04	 15400	 iter
77	 9.827768e-04	 15600	 iter
78	 9.827768e-04	 15800	 iter
79	 8.723030e-04	 16000	 iter
80	 8.723030e-04	 16200	 iter
81	 8.723030e-04	 16400	 iter
82	 8.723030e-04	 16600	 iter
83	 8.710129e-04	 16800	 iter
84	 8.710129e-04	 17000	 iter
85	 8.710129e-04	 17200	 iter
86	 8.710129e-04	 17400	 iter
87	 8.710129e-04	 17600	 iter
88	 8.699111e-04	 17800	 iter
89	 8.699111e-04	 18000	 iter
90	 8.699111e-04	 18200	 iter
91	 8.699111e-04	 18400	 iter
92	 8.699111e-04	 18600	 iter
93	 8.699111e-04	 18800	 iter
94	 8.699111e-04	 19000	 iter
95	 8.699111e-04	 19200	 iter
96	 8.699111e-04	 19400	 iter
97	 8.699111e-04	 19600	 iter
98	 8.699111e-04	 19800	 iter
99	 8.699111e-04	 20000	 iter
100	 8.577920e-04	 20200	 iter
101	 8.577920e-04	 20400	 iter
102	 8.577920e-04	 20600	 iter
103	 8.390378e-04	 20800	 iter
104	 8.390378e-04	 21000	 iter
105	 8.154853e-04	 21200	 iter
106	 8.074481e-04	 21400	 iter
107	 8.074481e-04	 21600	 iter
108	 8.074481e-04	 21800	 iter
109	 8.074481e-04	 22000	 iter
110	 8.074481e-04	 22200	 iter
111	 8.074481e-04	 22400	 iter
112	 8.074481e-04	 22600	 iter
113	 8.074481e-04	 22800	 iter
114	 8.074481e-04	 23000	 iter
115	 8.074481e-04	 23200	 iter
116	 8.074481e-04	 23400	 iter
117	 8.074481e-04	 23600	 iter
118	 8.074481e-04	 23800	 iter
119	 8.074481e-04	 24000	 iter
120	 8.074481e-04	 24200	 iter
121	 8.074481e-04	 24400	 iter
122	 8.074481e-04	 24600	 iter
123	 8.074481e-04	 24800	 iter
124	 8.037713e-04	 25000	 iter
125	 8.037713e-04	 25200	 iter
126	 8.037713e-04	 25400	 iter
127	 8.037713e-04	 25600	 iter
128	 8.037713e-04	 25800	 iter
129	 8.037713e-04	 26000	 iter
130	 8.037713e-04	 26200	 iter
131	 8.037713e-04	 26400	 iter
132	 8.037713e-04	 26600	 iter
133	 8.037713e-04	 26800	 iter
134	 8.037713e-04	 27000	 iter
135	 8.037713e-04	 27200	 iter
136	 7.919130e-04	 27400	 iter
137	 7.919130e-04	 27600	 iter
138	 7.919130e-04	 27800	 iter
139	 7.919130e-04	 28000	 iter
140	 7.919130e-04	 28200	 iter
141	 7.919130e-04	 28400	 iter
142	 7.919130e-04	 28600	 iter
143	 7.864958e-04	 28800	 iter
144	 7.864958e-04	 29000	 iter
145	 7.864958e-04	 29200	 iter
146	 7.864958e-04	 29400	 iter
147	 7.836398e-04	 29600	 iter
148	 7.836398e-04	 29800	 iter
149	 7.836398e-04	 30000	 iter
150	 7.677408e-04	 30200	 iter
151	 7.445195e-04	 30400	 iter
152	 7.445195e-04	 30600	 iter
153	 7.445195e-04	 30800	 iter
154	 7.445195e-04	 31000	 iter
155	 7.445195e-04	 31200	 iter
156	 7.139057e-04	 31400	 iter
157	 7.135595e-04	 31600	 iter
158	 7.135595e-04	 31800	 iter
159	 7.135595e-04	 32000	 iter
160	 7.135595e-04	 32200	 iter
161	 7.135595e-04	 32400	 iter
162	 7.135595e-04	 32600	 iter
163	 7.135595e-04	 32800	 iter
164	 7.135595e-04	 33000	 iter
165	 7.135595e-04	 33200	 iter
166	 7.112959e-04	 33400	 iter
167	 7.112959e-04	 33600	 iter
168	 7.112959e-04	 33800	 iter
169	 7.112959e-04	 34000	 iter
170	 7.112959e-04	 34200	 iter
171	 7.112959e-04	 34400	 iter
172	 7.112959e-04	 34600	 iter
173	 7.112959e-04	 34800	 iter
174	 7.112959e-04	 35000	 iter
175	 7.112959e-04	 35200	 iter
176	 7.112959e-04	 35400	 iter
177	 7.112959e-04	 35600	 iter
178	 7.068348e-04	 35800	 iter
179	 7.068348e-04	 36000	 iter
180	 7.068348e-04	 36200	 iter
181	 7.068348e-04	 36400	 iter
182	 7.068348e-04	 36600	 iter
183	 7.068348e-04	 36800	 iter
184	 7.068348e-04	 37000	 iter
185	 7.068348e-04	 37200	 iter
186	 7.068348e-04	 37400	 iter
187	 7.068348e-04	 37600	 iter
188	 7.068348e-04	 37800	 iter
189	 7.022563e-04	 38000	 iter
190	 7.022563e-04	 38200	 iter
191	 7.022563e-04	 38400	 iter
192	 7.022563e-04	 38600	 iter
193	 7.022563e-04	 38800	 iter
194	 7.022563e-04	 39000	 iter
195	 7.022563e-04	 39200	 iter
196	 7.022563e-04	 39400	 iter
197	 7.022563e-04	 39600	 iter
198	 7.022563e-04	 39800	 iter
199	 7.022563e-04	 40000	 iter
200	 7.022563e-04	 40200	 iter
201	 7.022559e-04	 40400	 iter
201	 7.022559e-04	 40400	 done
