0	 	 200	 init
1	 1.651952e-02	 400	 iter
2	 1.651952e-02	 600	 iter
3	 1.578754e-02	 800	 iter
4	 4.257490e-03	 1000	 iter
5	 3.214931e-03	 1200	 iter
6	 3.214931e-03	 1400	 iter
7	 3.214931e-03	 1600	 iter
8	 3.156209e-03	 1800	 iter
9	 2.333444e-03	 2000	 iter
10	 2.168920e-03	 2200	 iter
11	 1.987650e-03	 2400	 iter
12	 1.740241e-03	 2600	 iter
13	 1.329911e-03	 2800	 iter
14	 1.329911e-03	 3000	 iter
15	 1.235114e-03	 3200	 iter
16	 1.235114e-03	 3400	 iter
17	 1.188099e-03	 3600	 iter
18	 1.170377e-03	 3800	 iter
19	 1.111363e-03	 4000	 iter
20	 1.111363e-03	 4200	 iter
21	 1.111363e-03	 4400	 iter
22	 1.096088e-03	 4600	 iter
23	 1.096088e-03	 4800	 iter
24	 1.088993e-03	 5000	 iter
25	 1.074786e-03	 5200	 iter
26	 1.074786e-03	 5400	 iter
27	 1.074362e-03	 5600	 iter
28	 1.074362e-03	 5800	 iter
29	 1.074362e-03	 6000	 iter
30	 1.074362e-03	 6200	 iter
31	 1.074362e-03	 6400	 iter
32	 1.074362e-03	 6600	 iter
33	 1.074362e-03	 6800	 iter
34	 1.074362e-03	 7000	 iter
35	 1.074362e-03	 7200	 iter
36	 1.071762e-03	 7400	 iter
37	 1.055604e-03	 7600	 iter
38	 1.050538e-03	 7800	 iter
39	 1.050538e-03	 8000	 iter
40	 1.050538e-03	 8200	 iter
41	 1.050538e-03	 8400	 iter
42	 1.050538e-03	 8600	 iter
43	 1.038256e-03	 8800	 iter
44	 1.038256e-03	 9000	 iter
45	 1.038256e-03	 9200	 iter
46	 1.038256e-03	 9400	 iter
47	 1.038256e-03	 9600	 iter
48	 1.038256e-03	 9800	 iter
49	 9.738417e-04	 10000	 iter
50	 9.738417e-04	 10200	 iter
51	 9.738417e-04	 10400	 iter
52	 9.643966e-04	 10600	 iter
53	 9.636365e-04	 10800	 iter
54	 9.528688e-04	 11000	 iter
55	 9.528688e-04	 11200	 iter
56	 9.439831e-04	 11400	 iter
57	 9.439831e-04	 11600	 iter
58	 9.439831e-04	 11800	 iter
59	 9.230405e-04	 12000	 iter
60	 9.219524e-04	 12200	 iter
61	 9.219524e-04	 12400	 iter
62	 9.146387e-04	 12600	 iter
63	 9.125234e-04	 12800	 iter
64	 9.125234e-04	 13000	 iter
65	 8.955259e-04	 13200	 iter
66	 8.955259e-04	 13400	 iter
67	 8.930941e-04	 13600	 iter
68	 8.930941e-04	 13800	 iter
69	 8.680107e-04	 14000	 iter
70	 8.680107e-04	 14200	 iter
71	 8.667798e-04	 14400	 iter
72	 8.556183e-04	 14600	 iter
73	 8.556183e-04	 14800	 iter
74	 8.556183e-04	 15000	 iter
75	 8.556183e-04	 15200	 iter
76	 8.556183e-04	 15400	 iter
77	 8.408444e-04	 15600	 iter
78	 8.408444e-04	 15800	 iter
79	 8.051222e-04	 16000	 iter
80	 7.890899e-04	 16200	 iter
81	 7.890899e-04	 16400	 iter
82	 7.890899e-04	 16600	 iter
83	 7.890899e-04	 16800	 iter
84	 7.890899e-04	 17000	 iter
85	 7.858998e-04	 17200	 iter
86	 7.858998e-04	 17400	 iter
87	 7.829693e-04	 17600	 iter
88	 7.787852e-04	 17800	 iter
89	 7.787852e-04	 18000	 iter
90	 7.787852e-04	 18200	 iter
91	 7.787852e-04	 18400	 iter
92	 7.787852e-04	 18600	 iter
93	 7.787852e-04	 18800	 iter
94	 7.781396e-04	 19000	 iter
95	 7.677415e-04	 19200	 iter
96	 7.677415e-04	 19400	 iter
97	 7.677415e-04	 19600	 iter
98	 7.677415e-04	 19800	 iter
99	 7.677415e-04	 20000	 iter
100	 7.487774e-04	 20200	 iter
101	 6.812515e-04	 20400	 iter
102	 6.812515e-04	 20600	 iter
103	 6.722664e-04	 20800	 iter
104	 6.722664e-04	 21000	 iter
105	 6.709861e-04	 21200	 iter
106	 6.506783e-04	 21400	 iter
107	 6.286222e-04	 21600	 iter
108	 6.286222e-04	 21800	 iter
109	 6.266967e-04	 22000	 iter
110	 5.932208e-04	 22200	 iter
111	 5.932208e-04	 22400	 iter
112	 5.835180e-04	 22600	 iter
113	 5.744622e-04	 22800	 iter
114	 5.744622e-04	 23000	 iter
115	 5.744622e-04	 23200	 iter
116	 5.744622e-04	 23400	 iter
117	 5.287978e-04	 23600	 iter
118	 5.272238e-04	 23800	 iter
119	 5.184883e-04	 24000	 iter
120	 5.184883e-04	 24200	 iter
121	 5.054406e-04	 24400	 iter
122	 5.054406e-04	 24600	 iter
123	 5.054406e-04	 24800	 iter
124	 4.993719e-04	 25000	 iter
125	 4.993719e-04	 25200	 iter
126	 4.993719e-04	 25400	 iter
127	 4.993719e-04	 25600	 iter
128	 4.993719e-04	 25800	 iter
129	 4.993719e-04	 26000	 iter
130	 4.993719e-04	 26200	 iter
131	 4.981811e-04	 26400	 iter
132	 4.981811e-04	 26600	 iter
133	 4.967326e-04	 26800	 iter
134	 4.967326e-04	 27000	 iter
135	 4.967326e-04	 27200	 iter
136	 4.967326e-04	 27400	 iter
137	 4.967326e-04	 27600	 iter
138	 4.967326e-04	 27800	 iter
139	 4.967326e-04	 28000	 iter
140	 4.967326e-04	 28200	 iter
141	 4.967326e-04	 28400	 iter
142	 4.967326e-04	 28600	 iter
143	 4.938576e-04	 28800	 iter
144	 4.938576e-04	 29000	 iter
145	 4.938576e-04	 29200	 iter
146	 4.909058e-04	 29400	 iter
147	 4.862836e-04	 29600	 iter
148	 4.738698e-04	 29800	 iter
149	 4.738698e-04	 30000	 iter
150	 4.738698e-04	 30200	 iter
151	 4.653524e-04	 30400	 iter
152	 4.653524e-04	 30600	 iter
153	 4.653524e-04	 30800	 iter
154	 4.653524e-04	 31000	 iter
155	 4.653524e-04	 31200	 iter
156	 4.653524e-04	 31400	 iter
157	 4.653524e-04	 31600	 iter
158	 4.542633e-04	 31800	 iter
159	 4.542633e-04	 32000	 iter
160	 4.542633e-04	 32200	 iter
161	 4.510257e-04	 32400	 iter
162	 4.482101e-04	 32600	 iter
163	 4.454932e-04	 32800	 iter
164	 4.454932e-04	 33000	 iter
165	 4.454932e-04	 33200	 iter
166	 4.454932e-04	 33400	 iter
167	 4.454932e-04	 33600	 iter
168	 4.454932e-04	 33800	 iter
169	 4.454932e-04	 34000	 iter
170	 4.429315e-04	 34200	 iter
171	 4.429315e-04	 34400	 iter
172	 4.429315e-04	 34600	 iter
173	 4.429315e-04	 34800	 iter
174	 4.429315e-04	 35000	 iter
175	 4.429315e-04	 35200	 iter
176	 4.429315e-04	 35400	 iter
177	 4.429315e-04	 35600	 iter
178	 4.348419e-04	 35800	 iter
179	 4.337522e-04	 36000	 iter
180	 4.337522e-04	 36200	 iter
181	 4.337522e-04	 36400	 iter
182	 4.337522e-04	 36600	 iter
183	 4.298137e-04	 36800	 iter
184	 4.298137e-04	 37000	 iter
185	 4.298137e-04	 37200	 iter
186	 4.262326e-04	 37400	 iter
187	 4.262326e-04	 37600	 iter
188	 4.262326e-04	 37800	 iter
189	 4.262326e-04	 38000	 iter
190	 4.262326e-04	 38200	 iter
191	 4.234444e-04	 38400	 iter
192	 4.204801e-04	 38600	 iter
193	 4.204410e-04	 38800	 iter
194	 4.204410e-04	 39000	 iter
195	 4.204410e-04	 39200	 iter
196	 4.204410e-04	 39400	 iter
197	 4.204410e-04	 39600	 iter
198	 4.204410e-04	 39800	 iter
199	 4.204410e-04	 40000	 iter
200	 4.204410e-04	 40200	 iter
201	 4.204410e-04	 40400	 iter
201	 4.204410e-04	 40400	 done
