0	 5.431412e-03	 1	 init
0	 5.431412e-03	 1	 iter
1	 4.152642e-03	 17	 iter
2	 4.152642e-03	 18	 iter
3	 4.152642e-03	 19	 iter
4	 4.152642e-03	 20	 iter
5	 4.152642e-03	 21	 iter
6	 4.152642e-03	 22	 iter
7	 4.152642e-03	 23	 iter
8	 4.152642e-03	 24	 iter
9	 4.152642e-03	 25	 iter
10	 4.152642e-03	 26	 iter
11	 4.152642e-03	 27	 iter
12	 4.152642e-03	 28	 iter
13	 4.152642e-03	 29	 iter
14	 4.152642e-03	 30	 iter
15	 4.152642e-03	 31	 iter
16	 4.152642e-03	 32	 iter
17	 3.768705e-03	 34	 iter
18	 3.768705e-03	 35	 iter
19	 3.768705e-03	 36	 iter
20	 3.768705e-03	 37	 iter
21	 3.768705e-03	 38	 iter
22	 3.768705e-03	 39	 iter
23	 3.768705e-03	 40	 iter
24	 3.768705e-03	 41	 iter
25	 3.396601e-03	 43	 iter
26	 3.396601e-03	 44	 iter
27	 3.396601e-03	 45	 iter
28	 3.396601e-03	 46	 iter
29	 3.396601e-03	 47	 iter
30	 3.132091e-03	 49	 iter
31	 3.132091e-03	 50	 iter
32	 3.132091e-03	 51	 iter
33	 3.132091e-03	 52	 iter
34	 3.132091e-03	 53	 iter
35	 3.132091e-03	 54	 iter
36	 3.132091e-03	 55	 iter
37	 3.132091e-03	 56	 iter
38	 3.132091e-03	 57	 iter
39	 3.132091e-03	 58	 iter
40	 3.132091e-03	 59	 iter
41	 3.079331e-03	 61	 iter
42	 3.079331e-03	 62	 iter
43	 2.726324e-03	 64	 iter
44	 2.726324e-03	 65	 iter
45	 2.726324e-03	 66	 iter
46	 2.726324e-03	 67	 iter
47	 2.726324e-03	 68	 iter
48	 2.726324e-03	 69	 iter
49	 2.726324e-03	 70	 iter
50	 2.726324e-03	 71	 iter
51	 2.726324e-03	 72	 iter
52	 2.726324e-03	 73	 iter
53	 2.726324e-03	 74	 iter
54	 2.726324e-03	 75	 iter
55	 2.458959e-03	 77	 iter
56	 2.458959e-03	 78	 iter
57	 2.458959e-03	 79	 iter
58	 2.458959e-03	 80	 iter
59	 2.458959e-03	 81	 iter
60	 2.458959e-03	 82	 iter
61	 2.458959e-03	 83	 iter
62	 2.458959e-03	 84	 iter
63	 2.458959e-03	 85	 iter
64	 2.132415e-03	 87	 iter
65	 2.132415e-03	 88	 iter
66	 2.132415e-03	 89	 iter
67	 2.132415e-03	 90	 iter
68	 1.820993e-03	 92	 iter
69	 1.820993e-03	 93	 iter
70	 1.820993e-03	 94	 iter
71	 1.820993e-03	 95	 iter
72	 1.820993e-03	 96	 iter
73	 1.820993e-03	 97	 iter
74	 1.820993e-03	 98	 iter
75	 1.820993e-03	 99	 iter
76	 1.400268e-03	 101	 iter
77	 1.400268e-03	 102	 iter
78	 1.400268e-03	 103	 iter
79	 1.400268e-03	 104	 iter
80	 1.400268e-03	 105	 iter
81	 1.400268e-03	 106	 iter
82	 1.400268e-03	 107	 iter
83	 1.400268e-03	 108	 iter
84	 1.400268e-03	 109	 iter
85	 1.400268e-03	 110	 iter
86	 1.400268e-03	 111	 iter
87	 1.381828e-03	 113	 iter
88	 1.152165e-03	 115	 iter
89	 8.007342e-04	 117	 iter
90	 8.007342e-04	 118	 iter
91	 8.007342e-04	 119	 iter
92	 8.007342e-04	 120	 iter
93	 8.007342e-04	 121	 iter
94	 8.007342e-04	 122	 iter
95	 8.007342e-04	 123	 iter
96	 8.007342e-04	 124	 iter
97	 8.007342e-04	 125	 iter
98	 8.007342e-04	 126	 iter
99	 8.007342e-04	 127	 iter
100	 4.831240e-04	 129	 iter
101	 4.831240e-04	 130	 iter
102	 4.831240e-04	 131	 iter
103	 4.831240e-04	 132	 iter
104	 4.831240e-04	 133	 iter
105	 4.831240e-04	 134	 iter
106	 4.831240e-04	 135	 iter
107	 4.831240e-04	 136	 iter
108	 4.831240e-04	 137	 iter
109	 4.831240e-04	 138	 iter
110	 4.831240e-04	 139	 iter
111	 4.695822e-04	 141	 iter
112	 4.695822e-04	 142	 iter
113	 3.509068e-04	 144	 iter
114	 3.509068e-04	 145	 iter
115	 3.509068e-04	 146	 iter
116	 3.509068e-04	 147	 iter
117	 3.509068e-04	 148	 iter
118	 3.509068e-04	 149	 iter
119	 3.509068e-04	 150	 iter
120	 3.509068e-04	 151	 iter
121	 3.509068e-04	 152	 iter
122	 3.509068e-04	 153	 iter
123	 3.509068e-04	 154	 iter
124	 3.509068e-04	 156	 iter
125	 3.486393e-04	 158	 iter
126	 3.486393e-04	 159	 iter
127	 3.486393e-04	 161	 iter
128	 3.486393e-04	 162	 iter
129	 3.486393e-04	 163	 iter
130	 3.486393e-04	 165	 iter
131	 3.486393e-04	 167	 iter
132	 3.486393e-04	 168	 iter
133	 3.486393e-04	 170	 iter
134	 3.486393e-04	 171	 iter
135	 3.486393e-04	 172	 iter
136	 3.486393e-04	 173	 iter
137	 3.486393e-04	 175	 iter
138	 3.486393e-04	 177	 iter
139	 3.486393e-04	 178	 iter
140	 3.486393e-04	 180	 iter
141	 3.486393e-04	 182	 iter
142	 3.486393e-04	 183	 iter
143	 3.486393e-04	 185	 iter
144	 3.486393e-04	 187	 iter
145	 3.486393e-04	 189	 iter
146	 3.486393e-04	 191	 iter
147	 3.486393e-04	 193	 iter
148	 3.486393e-04	 194	 iter
149	 3.486393e-04	 195	 iter
150	 3.486393e-04	 197	 iter
151	 3.486393e-04	 199	 iter
152	 3.486393e-04	 200	 iter
153	 3.486393e-04	 202	 iter
154	 3.486393e-04	 204	 iter
155	 3.486393e-04	 205	 iter
156	 3.486393e-04	 207	 iter
157	 3.486393e-04	 208	 iter
158	 3.486393e-04	 209	 iter
159	 3.486393e-04	 211	 iter
160	 3.470118e-04	 213	 iter
161	 3.470118e-04	 214	 iter
162	 3.470118e-04	 216	 iter
163	 3.465999e-04	 218	 iter
164	 3.465999e-04	 219	 iter
165	 3.465999e-04	 221	 iter
166	 3.399636e-04	 223	 iter
167	 3.399636e-04	 225	 iter
168	 3.399636e-04	 226	 iter
169	 3.399636e-04	 227	 iter
170	 3.399636e-04	 228	 iter
171	 3.399636e-04	 229	 iter
172	 3.399636e-04	 230	 iter
173	 3.399636e-04	 231	 iter
174	 3.399636e-04	 232	 iter
175	 3.399636e-04	 234	 iter
176	 3.399636e-04	 236	 iter
177	 3.399636e-04	 237	 iter
178	 3.374589e-04	 239	 iter
179	 3.374589e-04	 241	 iter
180	 3.374589e-04	 243	 iter
181	 3.374589e-04	 245	 iter
182	 3.374589e-04	 246	 iter
183	 3.374589e-04	 247	 iter
184	 3.374589e-04	 249	 iter
185	 3.374589e-04	 250	 iter
186	 3.374589e-04	 251	 iter
187	 3.361772e-04	 253	 iter
188	 3.361772e-04	 254	 iter
189	 3.361772e-04	 255	 iter
190	 3.361772e-04	 257	 iter
191	 3.361772e-04	 259	 iter
192	 3.361772e-04	 261	 iter
193	 3.336838e-04	 263	 iter
194	 3.336838e-04	 264	 iter
195	 3.336838e-04	 265	 iter
196	 3.336838e-04	 266	 iter
197	 3.254255e-04	 268	 iter
198	 3.254255e-04	 269	 iter
199	 3.254255e-04	 270	 iter
200	 3.254255e-04	 271	 iter
201	 3.254255e-04	 272	 iter
202	 3.254255e-04	 273	 iter
203	 3.254255e-04	 275	 iter
204	 3.254255e-04	 277	 iter
205	 3.168812e-04	 279	 iter
206	 3.168812e-04	 280	 iter
207	 3.168812e-04	 281	 iter
208	 3.168812e-04	 282	 iter
209	 3.168812e-04	 283	 iter
210	 3.168812e-04	 284	 iter
211	 3.168812e-04	 285	 iter
212	 3.168812e-04	 286	 iter
213	 3.168812e-04	 287	 iter
214	 3.075911e-04	 289	 iter
215	 3.075911e-04	 290	 iter
216	 3.075911e-04	 291	 iter
217	 3.075911e-04	 292	 iter
218	 3.075911e-04	 293	 iter
219	 3.075911e-04	 294	 iter
220	 3.075911e-04	 295	 iter
221	 3.075911e-04	 296	 iter
222	 3.075911e-04	 297	 iter
223	 3.075911e-04	 298	 iter
224	 3.075911e-04	 299	 iter
225	 3.075911e-04	 300	 iter
226	 3.075911e-04	 301	 iter
227	 2.932190e-04	 303	 iter
228	 2.932190e-04	 304	 iter
229	 2.932190e-04	 305	 iter
230	 2.932190e-04	 306	 iter
231	 2.932190e-04	 307	 iter
232	 2.932190e-04	 308	 iter
233	 2.932190e-04	 309	 iter
234	 2.932190e-04	 310	 iter
235	 2.932190e-04	 311	 iter
236	 2.932190e-04	 312	 iter
237	 2.932190e-04	 313	 iter
238	 2.777456e-04	 315	 iter
239	 2.777456e-04	 316	 iter
240	 2.777456e-04	 317	 iter
241	 2.777456e-04	 318	 iter
242	 2.777456e-04	 319	 iter
243	 2.777456e-04	 320	 iter
244	 2.777456e-04	 321	 iter
245	 2.777456e-04	 322	 iter
246	 2.620931e-04	 324	 iter
247	 2.620931e-04	 325	 iter
248	 2.620931e-04	 326	 iter
249	 2.620931e-04	 327	 iter
250	 2.620931e-04	 328	 iter
251	 2.620931e-04	 329	 iter
252	 2.472223e-04	 331	 iter
253	 2.472223e-04	 332	 iter
254	 2.472223e-04	 333	 iter
255	 2.472223e-04	 334	 iter
256	 2.472223e-04	 335	 iter
257	 2.472223e-04	 336	 iter
258	 2.472223e-04	 337	 iter
259	 2.472223e-04	 338	 iter
260	 2.472223e-04	 339	 iter
261	 2.323682e-04	 341	 iter
262	 2.323682e-04	 342	 iter
263	 2.323682e-04	 343	 iter
264	 2.323682e-04	 344	 iter
265	 2.139998e-04	 346	 iter
266	 2.139998e-04	 347	 iter
267	 2.139998e-04	 348	 iter
268	 2.139998e-04	 349	 iter
269	 2.139998e-04	 350	 iter
270	 2.139998e-04	 351	 iter
271	 2.139998e-04	 352	 iter
272	 2.139998e-04	 353	 iter
273	 2.139998e-04	 354	 iter
274	 2.139998e-04	 355	 iter
275	 2.100808e-04	 357	 iter
276	 1.873347e-04	 359	 iter
277	 1.873347e-04	 360	 iter
278	 1.873347e-04	 361	 iter
279	 1.873347e-04	 362	 iter
280	 1.873347e-04	 363	 iter
281	 1.873347e-04	 364	 iter
282	 1.873347e-04	 365	 iter
283	 1.873347e-04	 366	 iter
284	 1.839518e-04	 368	 iter
285	 1.839518e-04	 369	 iter
286	 1.839518e-04	 370	 iter
287	 1.839518e-04	 371	 iter
288	 1.647357e-04	 373	 iter
289	 1.647357e-04	 374	 iter
290	 1.647357e-04	 375	 iter
291	 1.647357e-04	 377	 iter
292	 1.647357e-04	 378	 iter
293	 1.647357e-04	 379	 iter
294	 1.647357e-04	 381	 iter
295	 1.647357e-04	 383	 iter
296	 1.647357e-04	 384	 iter
297	 1.647357e-04	 385	 iter
298	 1.647357e-04	 386	 iter
299	 1.647357e-04	 388	 iter
300	 1.647357e-04	 389	 iter
301	 1.647357e-04	 390	 iter
302	 1.647357e-04	 391	 iter
303	 1.647357e-04	 392	 iter
304	 1.647357e-04	 394	 iter
305	 1.570774e-04	 396	 iter
306	 1.570774e-04	 397	 iter
307	 1.570774e-04	 398	 iter
308	 1.570774e-04	 399	 iter
309	 1.570774e-04	 400	 iter
310	 1.570774e-04	 401	 iter
311	 1.570774e-04	 402	 iter
312	 1.570774e-04	 403	 iter
313	 1.566402e-04	 405	 iter
314	 1.566402e-04	 406	 iter
315	 1.566402e-04	 408	 iter
316	 1.566402e-04	 409	 iter
317	 1.566402e-04	 411	 iter
318	 1.566402e-04	 412	 iter
319	 1.559876e-04	 414	 iter
320	 1.542819e-04	 416	 iter
321	 1.542819e-04	 417	 iter
322	 1.542819e-04	 418	 iter
323	 1.542819e-04	 419	 iter
324	 1.542819e-04	 421	 iter
325	 1.424190e-04	 423	 iter
326	 1.424190e-04	 424	 iter
327	 1.424190e-04	 425	 iter
328	 1.424190e-04	 426	 iter
329	 1.424190e-04	 427	 iter
330	 1.424190e-04	 429	 iter
331	 1.424190e-04	 430	 iter
332	 1.424190e-04	 431	 iter
333	 1.424190e-04	 432	 iter
334	 1.424190e-04	 433	 iter
335	 1.424190e-04	 434	 iter
336	 1.424190e-04	 435	 iter
337	 1.424190e-04	 436	 iter
338	 1.336349e-04	 438	 iter
339	 1.336349e-04	 440	 iter
340	 1.336349e-04	 441	 iter
341	 1.336349e-04	 442	 iter
342	 1.336349e-04	 443	 iter
343	 1.336349e-04	 444	 iter
344	 1.336349e-04	 445	 iter
345	 1.336349e-04	 446	 iter
346	 1.336349e-04	 447	 iter
347	 1.336349e-04	 448	 iter
348	 1.336349e-04	 449	 iter
349	 1.336349e-04	 450	 iter
350	 1.336349e-04	 451	 iter
351	 1.331381e-04	 453	 iter
352	 1.229076e-04	 455	 iter
353	 1.229076e-04	 456	 iter
354	 1.229076e-04	 457	 iter
355	 1.229076e-04	 458	 iter
356	 1.229076e-04	 459	 iter
357	 1.229076e-04	 460	 iter
358	 1.190114e-04	 462	 iter
359	 1.190114e-04	 463	 iter
360	 1.190114e-04	 464	 iter
361	 1.190114e-04	 465	 iter
362	 1.190114e-04	 466	 iter
363	 1.119904e-04	 468	 iter
364	 1.063804e-04	 470	 iter
365	 1.063804e-04	 471	 iter
366	 1.063804e-04	 472	 iter
367	 1.063804e-04	 473	 iter
368	 8.722635e-05	 475	 iter
369	 8.722635e-05	 476	 iter
370	 8.722635e-05	 477	 iter
371	 8.722635e-05	 478	 iter
372	 8.722635e-05	 479	 iter
373	 8.722635e-05	 480	 iter
374	 8.722635e-05	 481	 iter
375	 8.722635e-05	 482	 iter
376	 8.722635e-05	 483	 iter
377	 8.722635e-05	 484	 iter
378	 8.722635e-05	 485	 iter
379	 7.632460e-05	 487	 iter
380	 7.632460e-05	 488	 iter
381	 7.632460e-05	 489	 iter
382	 7.632460e-05	 490	 iter
383	 7.632460e-05	 491	 iter
384	 7.632460e-05	 492	 iter
385	 7.426634e-05	 494	 iter
386	 7.426634e-05	 495	 iter
387	 7.426634e-05	 496	 iter
388	 7.426634e-05	 497	 iter
389	 7.426634e-05	 498	 iter
390	 7.426634e-05	 499	 iter
391	 7.061119e-05	 501	 iter
392	 7.061119e-05	 502	 iter
393	 7.061119e-05	 504	 iter
394	 7.061119e-05	 505	 iter
395	 7.060837e-05	 507	 iter
396	 7.060837e-05	 508	 iter
397	 7.060837e-05	 509	 iter
398	 7.060837e-05	 511	 iter
399	 7.060837e-05	 512	 iter
400	 7.060837e-05	 513	 iter
401	 7.060837e-05	 515	 iter
402	 6.846405e-05	 517	 iter
403	 6.616893e-05	 519	 iter
404	 6.616893e-05	 520	 iter
405	 6.616893e-05	 521	 iter
406	 6.616893e-05	 523	 iter
407	 6.616893e-05	 524	 iter
408	 6.616893e-05	 525	 iter
409	 6.616893e-05	 526	 iter
410	 6.616893e-05	 527	 iter
411	 6.616893e-05	 529	 iter
412	 6.616893e-05	 530	 iter
413	 6.616893e-05	 531	 iter
414	 6.616893e-05	 533	 iter
415	 6.616893e-05	 534	 iter
416	 6.616893e-05	 536	 iter
417	 6.616893e-05	 537	 iter
418	 6.616893e-05	 539	 iter
419	 6.616893e-05	 540	 iter
420	 6.616893e-05	 542	 iter
421	 6.616893e-05	 544	 iter
422	 6.616893e-05	 545	 iter
423	 6.616893e-05	 546	 iter
424	 6.616893e-05	 548	 iter
425	 6.616893e-05	 550	 iter
426	 6.616893e-05	 552	 iter
427	 6.472432e-05	 554	 iter
428	 6.472432e-05	 556	 iter
429	 6.472432e-05	 558	 iter
430	 6.472432e-05	 560	 iter
431	 6.472432e-05	 561	 iter
432	 6.472432e-05	 562	 iter
433	 6.472432e-05	 563	 iter
434	 6.472432e-05	 564	 iter
435	 6.472432e-05	 565	 iter
436	 6.472432e-05	 566	 iter
437	 6.472432e-05	 568	 iter
438	 6.472432e-05	 570	 iter
439	 6.472432e-05	 571	 iter
440	 6.472432e-05	 572	 iter
441	 6.415791e-05	 574	 iter
442	 6.415791e-05	 575	 iter
443	 6.415791e-05	 576	 iter
444	 6.415791e-05	 577	 iter
445	 6.415791e-05	 579	 iter
446	 6.415791e-05	 581	 iter
447	 6.365479e-05	 583	 iter
448	 6.342768e-05	 585	 iter
449	 6.342768e-05	 587	 iter
450	 6.342768e-05	 589	 iter
451	 6.334631e-05	 591	 iter
452	 6.334631e-05	 592	 iter
453	 6.334631e-05	 594	 iter
454	 6.334631e-05	 595	 iter
455	 6.334631e-05	 597	 iter
456	 6.186553e-05	 599	 iter
457	 6.186553e-05	 601	 iter
458	 6.186553e-05	 602	 iter
459	 6.186553e-05	 603	 iter
460	 6.186553e-05	 604	 iter
461	 6.086056e-05	 606	 iter
462	 6.086056e-05	 608	 iter
463	 6.086056e-05	 609	 iter
464	 6.086056e-05	 610	 iter
465	 6.086056e-05	 611	 iter
466	 6.086056e-05	 612	 iter
467	 6.086056e-05	 613	 iter
468	 6.086056e-05	 614	 iter
469	 6.018463e-05	 616	 iter
470	 5.880197e-05	 618	 iter
471	 5.880197e-05	 619	 iter
472	 5.880197e-05	 620	 iter
473	 5.880197e-05	 621	 iter
474	 5.880197e-05	 622	 iter
475	 5.880197e-05	 623	 iter
476	 5.764337e-05	 625	 iter
477	 5.580489e-05	 627	 iter
478	 5.580489e-05	 628	 iter
479	 5.580489e-05	 629	 iter
480	 5.580489e-05	 630	 iter
481	 5.580489e-05	 631	 iter
482	 5.580489e-05	 632	 iter
483	 5.580489e-05	 633	 iter
484	 5.571615e-05	 635	 iter
485	 5.571615e-05	 636	 iter
486	 5.571615e-05	 637	 iter
487	 5.571615e-05	 638	 iter
488	 5.571615e-05	 639	 iter
489	 5.494185e-05	 641	 iter
490	 5.456390e-05	 643	 iter
491	 5.456390e-05	 644	 iter
492	 5.375049e-05	 646	 iter
493	 5.375049e-05	 647	 iter
494	 5.375049e-05	 648	 iter
495	 5.375049e-05	 649	 iter
496	 5.375049e-05	 650	 iter
497	 5.375049e-05	 652	 iter
498	 5.375049e-05	 653	 iter
499	 5.290939e-05	 655	 iter
500	 5.247555e-05	 657	 iter
501	 5.247555e-05	 658	 iter
502	 5.247555e-05	 659	 iter
503	 5.247555e-05	 661	 iter
504	 5.247555e-05	 662	 iter
505	 5.245650e-05	 664	 iter
506	 5.245650e-05	 665	 iter
507	 5.245650e-05	 666	 iter
508	 5.245650e-05	 667	 iter
509	 5.245650e-05	 668	 iter
510	 5.225589e-05	 670	 iter
511	 5.225589e-05	 671	 iter
512	 5.169429e-05	 673	 iter
513	 5.169429e-05	 674	 iter
514	 5.169429e-05	 675	 iter
515	 5.169429e-05	 677	 iter
516	 5.169429e-05	 678	 iter
517	 5.169429e-05	 679	 iter
518	 5.169429e-05	 680	 iter
519	 5.169429e-05	 681	 iter
520	 5.169429e-05	 682	 iter
521	 5.169429e-05	 683	 iter
522	 5.169429e-05	 685	 iter
523	 5.169429e-05	 687	 iter
524	 5.169429e-05	 688	 iter
525	 5.169429e-05	 690	 iter
526	 5.169429e-05	 691	 iter
527	 5.169429e-05	 692	 iter
528	 5.169429e-05	 694	 iter
529	 5.169429e-05	 696	 iter
530	 5.139514e-05	 698	 iter
531	 5.103125e-05	 700	 iter
532	 5.103125e-05	 702	 iter
533	 5.103125e-05	 704	 iter
534	 5.103125e-05	 705	 iter
535	 5.103125e-05	 706	 iter
536	 5.103125e-05	 708	 iter
537	 5.103125e-05	 710	 iter
538	 5.103125e-05	 711	 iter
539	 5.103125e-05	 712	 iter
540	 5.103125e-05	 713	 iter
541	 5.103125e-05	 715	 iter
542	 5.103125e-05	 717	 iter
543	 5.103125e-05	 718	 iter
544	 5.103125e-05	 720	 iter
545	 5.103125e-05	 721	 iter
546	 5.103125e-05	 723	 iter
547	 5.103125e-05	 725	 iter
548	 5.103125e-05	 727	 iter
549	 5.081791e-05	 729	 iter
550	 5.081791e-05	 731	 iter
551	 5.081791e-05	 732	 iter
552	 5.080990e-05	 734	 iter
553	 5.080990e-05	 735	 iter
554	 5.080990e-05	 736	 iter
555	 5.080990e-05	 737	 iter
556	 5.080990e-05	 738	 iter
557	 5.053611e-05	 740	 iter
558	 5.053611e-05	 741	 iter
559	 5.053611e-05	 742	 iter
560	 5.016488e-05	 744	 iter
561	 5.016488e-05	 745	 iter
562	 5.016488e-05	 746	 iter
563	 5.016488e-05	 747	 iter
564	 5.016488e-05	 748	 iter
565	 5.016488e-05	 749	 iter
566	 5.016488e-05	 750	 iter
567	 5.016488e-05	 751	 iter
568	 5.016488e-05	 752	 iter
569	 5.016488e-05	 753	 iter
570	 5.016488e-05	 754	 iter
571	 5.009809e-05	 756	 iter
572	 5.009809e-05	 757	 iter
573	 5.009809e-05	 759	 iter
574	 5.009809e-05	 761	 iter
575	 5.009809e-05	 762	 iter
576	 5.009809e-05	 763	 iter
577	 5.009809e-05	 764	 iter
578	 4.967016e-05	 766	 iter
579	 4.967016e-05	 767	 iter
580	 4.967016e-05	 768	 iter
581	 4.967016e-05	 769	 iter
582	 4.959692e-05	 771	 iter
583	 4.959692e-05	 772	 iter
584	 4.959692e-05	 773	 iter
585	 4.949189e-05	 775	 iter
586	 4.919689e-05	 777	 iter
587	 4.919689e-05	 778	 iter
588	 4.919689e-05	 779	 iter
589	 4.919689e-05	 780	 iter
590	 4.919689e-05	 781	 iter
591	 4.919689e-05	 782	 iter
592	 4.900035e-05	 784	 iter
593	 4.878643e-05	 786	 iter
594	 4.878643e-05	 787	 iter
595	 4.878643e-05	 788	 iter
596	 4.878643e-05	 789	 iter
597	 4.835192e-05	 791	 iter
598	 4.835192e-05	 792	 iter
599	 4.835192e-05	 793	 iter
600	 4.835192e-05	 794	 iter
601	 4.835192e-05	 795	 iter
602	 4.813048e-05	 797	 iter
603	 4.811735e-05	 799	 iter
604	 4.808563e-05	 801	 iter
605	 4.808563e-05	 802	 iter
606	 4.808563e-05	 803	 iter
607	 4.802751e-05	 805	 iter
608	 4.792427e-05	 807	 iter
609	 4.775633e-05	 809	 iter
610	 4.775633e-05	 810	 iter
611	 4.775633e-05	 811	 iter
612	 4.775633e-05	 812	 iter
613	 4.775633e-05	 813	 iter
614	 4.775633e-05	 814	 iter
615	 4.775633e-05	 815	 iter
616	 4.775633e-05	 816	 iter
617	 4.775633e-05	 817	 iter
618	 4.775633e-05	 818	 iter
619	 4.775633e-05	 819	 iter
620	 4.775633e-05	 820	 iter
621	 4.768985e-05	 822	 iter
622	 4.768985e-05	 824	 iter
623	 4.767881e-05	 826	 iter
624	 4.767881e-05	 827	 iter
625	 4.754903e-05	 829	 iter
626	 4.754903e-05	 830	 iter
627	 4.751671e-05	 832	 iter
628	 4.751671e-05	 833	 iter
629	 4.751671e-05	 835	 iter
630	 4.751671e-05	 836	 iter
631	 4.751671e-05	 838	 iter
632	 4.751671e-05	 839	 iter
633	 4.751671e-05	 840	 iter
634	 4.751671e-05	 841	 iter
635	 4.751659e-05	 843	 iter
636	 4.740320e-05	 845	 iter
637	 4.740320e-05	 846	 iter
638	 4.740320e-05	 847	 iter
639	 4.739408e-05	 849	 iter
640	 4.739408e-05	 850	 iter
641	 4.739161e-05	 852	 iter
642	 4.739161e-05	 853	 iter
643	 4.739161e-05	 854	 iter
644	 4.739161e-05	 855	 iter
645	 4.739161e-05	 856	 iter
646	 4.728582e-05	 858	 iter
647	 4.728582e-05	 860	 iter
648	 4.728582e-05	 861	 iter
649	 4.718572e-05	 863	 iter
650	 4.718572e-05	 864	 iter
651	 4.718572e-05	 865	 iter
652	 4.704107e-05	 867	 iter
653	 4.704107e-05	 868	 iter
654	 4.704107e-05	 869	 iter
655	 4.704107e-05	 871	 iter
656	 4.704107e-05	 873	 iter
657	 4.704107e-05	 875	 iter
658	 4.704107e-05	 877	 iter
659	 4.704107e-05	 878	 iter
660	 4.704107e-05	 879	 iter
661	 4.704107e-05	 880	 iter
662	 4.704107e-05	 881	 iter
663	 4.704107e-05	 883	 iter
664	 4.704107e-05	 884	 iter
665	 4.704107e-05	 885	 iter
666	 4.704107e-05	 886	 iter
667	 4.704107e-05	 887	 iter
668	 4.704107e-05	 889	 iter
669	 4.704107e-05	 891	 iter
670	 4.704107e-05	 892	 iter
671	 4.704107e-05	 894	 iter
672	 4.704107e-05	 895	 iter
673	 4.704107e-05	 896	 iter
674	 4.704107e-05	 898	 iter
675	 4.701833e-05	 900	 iter
676	 4.701833e-05	 902	 iter
677	 4.701833e-05	 903	 iter
678	 4.689627e-05	 905	 iter
679	 4.689573e-05	 907	 iter
680	 4.686866e-05	 909	 iter
681	 4.686866e-05	 910	 iter
682	 4.686866e-05	 911	 iter
683	 4.686866e-05	 912	 iter
684	 4.684057e-05	 914	 iter
685	 4.684057e-05	 915	 iter
686	 4.684057e-05	 916	 iter
687	 4.675618e-05	 918	 iter
688	 4.668459e-05	 920	 iter
689	 4.668459e-05	 921	 iter
690	 4.668459e-05	 922	 iter
691	 4.668459e-05	 923	 iter
692	 4.654480e-05	 925	 iter
693	 4.646215e-05	 927	 iter
694	 4.646215e-05	 928	 iter
695	 4.646215e-05	 929	 iter
696	 4.625348e-05	 931	 iter
697	 4.625348e-05	 932	 iter
698	 4.625348e-05	 933	 iter
699	 4.625348e-05	 934	 iter
700	 4.625348e-05	 935	 iter
701	 4.625348e-05	 936	 iter
702	 4.594318e-05	 938	 iter
703	 4.594318e-05	 939	 iter
704	 4.594318e-05	 940	 iter
705	 4.594318e-05	 941	 iter
706	 4.594318e-05	 942	 iter
707	 4.594318e-05	 943	 iter
708	 4.594318e-05	 944	 iter
709	 4.587138e-05	 946	 iter
710	 4.587138e-05	 947	 iter
711	 4.587138e-05	 948	 iter
712	 4.587138e-05	 949	 iter
713	 4.584211e-05	 951	 iter
714	 4.584211e-05	 952	 iter
715	 4.584211e-05	 953	 iter
716	 4.579783e-05	 955	 iter
717	 4.558126e-05	 957	 iter
718	 4.558126e-05	 958	 iter
719	 4.558126e-05	 959	 iter
720	 4.558126e-05	 960	 iter
721	 4.558126e-05	 961	 iter
722	 4.521899e-05	 963	 iter
723	 4.521899e-05	 964	 iter
724	 4.521899e-05	 965	 iter
725	 4.521899e-05	 966	 iter
726	 4.521899e-05	 967	 iter
727	 4.521899e-05	 968	 iter
728	 4.511904e-05	 970	 iter
729	 4.511904e-05	 971	 iter
730	 4.511904e-05	 972	 iter
731	 4.495868e-05	 974	 iter
732	 4.495868e-05	 975	 iter
733	 4.495868e-05	 976	 iter
734	 4.495868e-05	 977	 iter
735	 4.445002e-05	 979	 iter
736	 4.445002e-05	 980	 iter
737	 4.445002e-05	 981	 iter
738	 4.445002e-05	 982	 iter
739	 4.445002e-05	 983	 iter
740	 4.445002e-05	 984	 iter
741	 4.445002e-05	 985	 iter
742	 4.445002e-05	 986	 iter
743	 4.390607e-05	 988	 iter
744	 4.390607e-05	 989	 iter
745	 4.390607e-05	 990	 iter
746	 4.390607e-05	 991	 iter
747	 4.390607e-05	 992	 iter
748	 4.390607e-05	 993	 iter
749	 4.390607e-05	 994	 iter
750	 4.390607e-05	 995	 iter
751	 4.366859e-05	 997	 iter
752	 4.366859e-05	 998	 iter
753	 4.366859e-05	 999	 iter
754	 4.366859e-05	 1000	 iter
755	 4.308311e-05	 1002	 iter
756	 4.308311e-05	 1003	 iter
757	 4.308311e-05	 1004	 iter
758	 4.236910e-05	 1006	 iter
759	 4.236910e-05	 1007	 iter
760	 4.236910e-05	 1008	 iter
761	 4.236910e-05	 1009	 iter
762	 4.236910e-05	 1010	 iter
763	 4.236910e-05	 1011	 iter
764	 4.236910e-05	 1012	 iter
765	 4.236910e-05	 1013	 iter
766	 4.184608e-05	 1015	 iter
767	 4.184608e-05	 1016	 iter
768	 4.184608e-05	 1017	 iter
769	 4.184608e-05	 1018	 iter
770	 4.184608e-05	 1019	 iter
771	 4.101526e-05	 1021	 iter
772	 4.101526e-05	 1022	 iter
773	 4.101526e-05	 1023	 iter
774	 4.101526e-05	 1024	 iter
775	 4.101526e-05	 1025	 iter
776	 4.101526e-05	 1026	 iter
777	 4.101526e-05	 1027	 iter
778	 4.101526e-05	 1028	 iter
779	 4.101526e-05	 1029	 iter
780	 4.088085e-05	 1031	 iter
781	 3.927999e-05	 1033	 iter
782	 3.927999e-05	 1034	 iter
783	 3.927999e-05	 1035	 iter
784	 3.927999e-05	 1036	 iter
785	 3.927999e-05	 1037	 iter
786	 3.927999e-05	 1038	 iter
787	 3.927999e-05	 1039	 iter
788	 3.927999e-05	 1040	 iter
789	 3.927999e-05	 1041	 iter
790	 3.927999e-05	 1042	 iter
791	 3.927999e-05	 1043	 iter
792	 3.822639e-05	 1045	 iter
793	 3.822639e-05	 1046	 iter
794	 3.822639e-05	 1047	 iter
795	 3.822639e-05	 1048	 iter
796	 3.822639e-05	 1049	 iter
797	 3.822639e-05	 1050	 iter
798	 3.822639e-05	 1051	 iter
799	 3.822639e-05	 1052	 iter
800	 3.822639e-05	 1053	 iter
801	 3.822639e-05	 1054	 iter
802	 3.822639e-05	 1055	 iter
803	 3.670187e-05	 1057	 iter
804	 3.670187e-05	 1058	 iter
805	 3.670187e-05	 1059	 iter
806	 3.670187e-05	 1060	 iter
807	 3.670187e-05	 1061	 iter
808	 3.670187e-05	 1062	 iter
809	 3.670187e-05	 1063	 iter
810	 3.670187e-05	 1064	 iter
811	 3.670187e-05	 1065	 iter
812	 3.670187e-05	 1066	 iter
813	 3.670187e-05	 1067	 iter
814	 3.670187e-05	 1068	 iter
815	 3.670187e-05	 1069	 iter
816	 3.670187e-05	 1070	 iter
817	 3.670187e-05	 1071	 iter
818	 3.670187e-05	 1072	 iter
819	 3.670187e-05	 1073	 iter
820	 3.670187e-05	 1074	 iter
821	 3.670187e-05	 1075	 iter
822	 3.670187e-05	 1076	 iter
823	 3.670187e-05	 1077	 iter
824	 3.670187e-05	 1078	 iter
825	 3.645522e-05	 1080	 iter
826	 3.645522e-05	 1082	 iter
827	 3.645522e-05	 1084	 iter
828	 3.645522e-05	 1085	 iter
829	 3.645522e-05	 1086	 iter
830	 3.618761e-05	 1088	 iter
831	 3.618761e-05	 1089	 iter
832	 3.618761e-05	 1090	 iter
833	 3.618761e-05	 1091	 iter
834	 3.618761e-05	 1092	 iter
835	 3.605256e-05	 1094	 iter
836	 3.605256e-05	 1095	 iter
837	 3.605256e-05	 1096	 iter
838	 3.605256e-05	 1097	 iter
839	 3.605256e-05	 1099	 iter
840	 3.605256e-05	 1100	 iter
841	 3.605256e-05	 1102	 iter
842	 3.605256e-05	 1103	 iter
843	 3.605256e-05	 1104	 iter
844	 3.605256e-05	 1105	 iter
845	 3.605256e-05	 1106	 iter
846	 3.588397e-05	 1108	 iter
847	 3.588397e-05	 1110	 iter
848	 3.588397e-05	 1111	 iter
849	 3.574886e-05	 1113	 iter
850	 3.574886e-05	 1114	 iter
851	 3.574886e-05	 1115	 iter
852	 3.574886e-05	 1117	 iter
853	 3.574886e-05	 1118	 iter
854	 3.574886e-05	 1119	 iter
855	 3.574886e-05	 1120	 iter
856	 3.574886e-05	 1122	 iter
857	 3.574886e-05	 1124	 iter
858	 3.574886e-05	 1125	 iter
859	 3.565477e-05	 1127	 iter
860	 3.565477e-05	 1128	 iter
861	 3.565477e-05	 1129	 iter
862	 3.565477e-05	 1130	 iter
863	 3.565477e-05	 1132	 iter
864	 3.565477e-05	 1133	 iter
865	 3.565477e-05	 1134	 iter
866	 3.564487e-05	 1136	 iter
867	 3.540266e-05	 1138	 iter
868	 3.540266e-05	 1140	 iter
869	 3.540266e-05	 1141	 iter
870	 3.540266e-05	 1142	 iter
871	 3.540266e-05	 1143	 iter
872	 3.519959e-05	 1145	 iter
873	 3.519959e-05	 1146	 iter
874	 3.519959e-05	 1147	 iter
875	 3.519959e-05	 1148	 iter
876	 3.519959e-05	 1149	 iter
877	 3.513209e-05	 1151	 iter
878	 3.513209e-05	 1152	 iter
879	 3.513209e-05	 1153	 iter
880	 3.513209e-05	 1154	 iter
881	 3.496426e-05	 1156	 iter
882	 3.495072e-05	 1158	 iter
883	 3.495072e-05	 1159	 iter
884	 3.495072e-05	 1160	 iter
885	 3.495072e-05	 1161	 iter
886	 3.489317e-05	 1163	 iter
887	 3.489317e-05	 1164	 iter
888	 3.489317e-05	 1165	 iter
889	 3.462070e-05	 1167	 iter
890	 3.462070e-05	 1168	 iter
891	 3.462070e-05	 1169	 iter
892	 3.462070e-05	 1170	 iter
893	 3.462070e-05	 1171	 iter
894	 3.462070e-05	 1172	 iter
895	 3.462070e-05	 1173	 iter
896	 3.462070e-05	 1174	 iter
897	 3.462070e-05	 1175	 iter
898	 3.405907e-05	 1177	 iter
899	 3.405907e-05	 1178	 iter
900	 3.405907e-05	 1179	 iter
901	 3.405907e-05	 1180	 iter
902	 3.405907e-05	 1181	 iter
903	 3.405907e-05	 1182	 iter
904	 3.405907e-05	 1184	 iter
905	 3.405907e-05	 1185	 iter
906	 3.405907e-05	 1186	 iter
907	 3.405907e-05	 1187	 iter
908	 3.404559e-05	 1189	 iter
909	 3.404559e-05	 1190	 iter
910	 3.391590e-05	 1192	 iter
911	 3.391590e-05	 1193	 iter
912	 3.391590e-05	 1194	 iter
913	 3.391590e-05	 1195	 iter
914	 3.391590e-05	 1196	 iter
915	 3.358865e-05	 1198	 iter
916	 3.318799e-05	 1200	 iter
917	 3.318799e-05	 1201	 iter
918	 3.318799e-05	 1202	 iter
919	 3.318799e-05	 1203	 iter
920	 3.318799e-05	 1204	 iter
921	 3.318799e-05	 1205	 iter
922	 3.318799e-05	 1206	 iter
923	 3.261399e-05	 1208	 iter
924	 3.261399e-05	 1209	 iter
925	 3.261399e-05	 1210	 iter
926	 3.261399e-05	 1211	 iter
927	 3.261399e-05	 1212	 iter
928	 3.256601e-05	 1214	 iter
929	 3.256601e-05	 1215	 iter
930	 3.249859e-05	 1217	 iter
931	 3.225518e-05	 1219	 iter
932	 3.225518e-05	 1220	 iter
933	 3.225518e-05	 1221	 iter
934	 3.225518e-05	 1222	 iter
935	 3.225518e-05	 1223	 iter
936	 3.225518e-05	 1224	 iter
937	 3.119738e-05	 1226	 iter
938	 3.119738e-05	 1227	 iter
939	 3.119738e-05	 1228	 iter
940	 3.119738e-05	 1229	 iter
941	 3.119738e-05	 1230	 iter
942	 3.119738e-05	 1231	 iter
943	 3.119738e-05	 1232	 iter
944	 3.119738e-05	 1233	 iter
945	 3.119738e-05	 1234	 iter
946	 3.031736e-05	 1236	 iter
947	 3.031736e-05	 1237	 iter
948	 3.031736e-05	 1238	 iter
949	 3.031736e-05	 1239	 iter
950	 3.031736e-05	 1240	 iter
951	 3.031736e-05	 1241	 iter
952	 2.982638e-05	 1243	 iter
953	 2.982638e-05	 1244	 iter
954	 2.982638e-05	 1245	 iter
955	 2.982638e-05	 1246	 iter
956	 2.982638e-05	 1247	 iter
957	 2.982638e-05	 1248	 iter
958	 2.982638e-05	 1249	 iter
959	 2.982638e-05	 1250	 iter
960	 2.970799e-05	 1252	 iter
961	 2.947056e-05	 1254	 iter
962	 2.919589e-05	 1256	 iter
963	 2.919589e-05	 1257	 iter
964	 2.919589e-05	 1258	 iter
965	 2.919589e-05	 1259	 iter
966	 2.904314e-05	 1261	 iter
967	 2.898772e-05	 1263	 iter
968	 2.892453e-05	 1265	 iter
969	 2.892453e-05	 1266	 iter
970	 2.892453e-05	 1267	 iter
971	 2.876199e-05	 1269	 iter
972	 2.876199e-05	 1270	 iter
973	 2.876199e-05	 1271	 iter
974	 2.876199e-05	 1272	 iter
975	 2.876199e-05	 1273	 iter
976	 2.876199e-05	 1274	 iter
977	 2.857639e-05	 1276	 iter
978	 2.857639e-05	 1277	 iter
979	 2.857639e-05	 1278	 iter
980	 2.857639e-05	 1280	 iter
981	 2.857639e-05	 1282	 iter
982	 2.832631e-05	 1284	 iter
983	 2.832631e-05	 1285	 iter
984	 2.832631e-05	 1286	 iter
985	 2.832631e-05	 1287	 iter
986	 2.832631e-05	 1288	 iter
987	 2.832631e-05	 1290	 iter
988	 2.824712e-05	 1292	 iter
989	 2.824712e-05	 1293	 iter
990	 2.823476e-05	 1295	 iter
991	 2.823476e-05	 1297	 iter
992	 2.823476e-05	 1298	 iter
993	 2.814688e-05	 1300	 iter
994	 2.809833e-05	 1302	 iter
995	 2.799163e-05	 1304	 iter
996	 2.799163e-05	 1306	 iter
997	 2.799163e-05	 1307	 iter
998	 2.799163e-05	 1308	 iter
999	 2.799163e-05	 1310	 iter
1000	 2.799163e-05	 1311	 iter
1001	 2.797414e-05	 1313	 iter
1002	 2.797414e-05	 1314	 iter
1003	 2.797414e-05	 1315	 iter
1004	 2.797414e-05	 1316	 iter
1005	 2.781897e-05	 1318	 iter
1006	 2.781897e-05	 1319	 iter
1007	 2.781897e-05	 1321	 iter
1008	 2.781897e-05	 1322	 iter
1009	 2.781897e-05	 1323	 iter
1010	 2.781897e-05	 1325	 iter
1011	 2.781897e-05	 1327	 iter
1012	 2.781897e-05	 1328	 iter
1013	 2.781897e-05	 1329	 iter
1014	 2.781897e-05	 1331	 iter
1015	 2.781897e-05	 1332	 iter
1016	 2.778738e-05	 1334	 iter
1017	 2.778738e-05	 1336	 iter
1018	 2.778738e-05	 1337	 iter
1019	 2.778738e-05	 1338	 iter
1020	 2.778738e-05	 1340	 iter
1021	 2.778738e-05	 1342	 iter
1022	 2.778738e-05	 1343	 iter
1023	 2.778738e-05	 1344	 iter
1024	 2.778738e-05	 1346	 iter
1025	 2.778738e-05	 1347	 iter
1026	 2.778738e-05	 1349	 iter
1027	 2.778198e-05	 1351	 iter
1028	 2.778198e-05	 1352	 iter
1029	 2.769236e-05	 1354	 iter
1030	 2.769236e-05	 1355	 iter
1031	 2.769236e-05	 1356	 iter
1032	 2.769236e-05	 1358	 iter
1033	 2.769236e-05	 1360	 iter
1034	 2.769236e-05	 1361	 iter
1035	 2.769236e-05	 1363	 iter
1036	 2.769236e-05	 1365	 iter
1037	 2.769180e-05	 1367	 iter
1038	 2.769180e-05	 1369	 iter
1039	 2.769180e-05	 1370	 iter
1040	 2.769180e-05	 1371	 iter
1041	 2.769180e-05	 1372	 iter
1042	 2.769180e-05	 1373	 iter
1043	 2.769180e-05	 1375	 iter
1044	 2.769180e-05	 1377	 iter
1045	 2.769180e-05	 1378	 iter
1046	 2.769180e-05	 1379	 iter
1047	 2.769150e-05	 1381	 iter
1048	 2.767056e-05	 1383	 iter
1049	 2.767056e-05	 1384	 iter
1050	 2.767056e-05	 1385	 iter
1051	 2.767056e-05	 1387	 iter
1052	 2.767056e-05	 1388	 iter
1053	 2.766917e-05	 1390	 iter
1054	 2.766908e-05	 1392	 iter
1055	 2.766189e-05	 1394	 iter
1056	 2.766189e-05	 1395	 iter
1057	 2.766189e-05	 1396	 iter
1058	 2.766189e-05	 1398	 iter
1059	 2.766189e-05	 1399	 iter
1060	 2.766189e-05	 1400	 iter
1061	 2.766189e-05	 1401	 iter
1062	 2.765445e-05	 1403	 iter
1063	 2.765086e-05	 1405	 iter
1064	 2.765086e-05	 1406	 iter
1065	 2.765086e-05	 1407	 iter
1066	 2.764516e-05	 1409	 iter
1067	 2.764516e-05	 1411	 iter
1068	 2.764111e-05	 1413	 iter
1069	 2.764111e-05	 1414	 iter
1070	 2.764111e-05	 1416	 iter
1071	 2.764111e-05	 1417	 iter
1072	 2.763934e-05	 1419	 iter
1073	 2.763767e-05	 1421	 iter
1074	 2.763767e-05	 1423	 iter
1075	 2.763767e-05	 1425	 iter
1076	 2.763767e-05	 1426	 iter
1077	 2.763558e-05	 1428	 iter
1078	 2.763274e-05	 1430	 iter
1079	 2.763274e-05	 1432	 iter
1080	 2.762924e-05	 1434	 iter
1081	 2.762924e-05	 1436	 iter
1082	 2.762924e-05	 1438	 iter
1083	 2.762924e-05	 1440	 iter
1084	 2.762924e-05	 1442	 iter
1085	 2.762860e-05	 1444	 iter
1086	 2.761508e-05	 1446	 iter
1087	 2.761508e-05	 1447	 iter
1088	 2.761508e-05	 1448	 iter
1089	 2.761508e-05	 1450	 iter
1090	 2.761508e-05	 1452	 iter
1091	 2.761508e-05	 1453	 iter
1092	 2.761508e-05	 1454	 iter
1093	 2.761508e-05	 1455	 iter
1094	 2.761508e-05	 1456	 iter
1095	 2.761508e-05	 1457	 iter
1096	 2.761508e-05	 1458	 iter
1097	 2.761508e-05	 1459	 iter
1098	 2.761475e-05	 1461	 iter
1099	 2.761475e-05	 1462	 iter
1100	 2.761240e-05	 1464	 iter
1101	 2.761240e-05	 1465	 iter
1102	 2.761240e-05	 1466	 iter
1103	 2.761240e-05	 1467	 iter
1104	 2.761240e-05	 1469	 iter
1105	 2.761240e-05	 1470	 iter
1106	 2.761240e-05	 1471	 iter
1107	 2.760640e-05	 1473	 iter
1108	 2.760215e-05	 1475	 iter
1109	 2.760215e-05	 1476	 iter
1110	 2.760215e-05	 1477	 iter
1111	 2.760215e-05	 1478	 iter
1112	 2.760215e-05	 1479	 iter
1113	 2.760215e-05	 1480	 iter
1114	 2.760215e-05	 1481	 iter
1115	 2.760215e-05	 1482	 iter
1116	 2.760215e-05	 1483	 iter
1117	 2.760215e-05	 1484	 iter
1118	 2.760215e-05	 1485	 iter
1119	 2.760215e-05	 1486	 iter
1120	 2.760215e-05	 1487	 iter
1121	 2.760215e-05	 1489	 iter
1122	 2.759848e-05	 1491	 iter
1123	 2.758013e-05	 1493	 iter
1124	 2.758013e-05	 1495	 iter
1125	 2.758013e-05	 1496	 iter
1126	 2.758013e-05	 1497	 iter
1127	 2.758013e-05	 1498	 iter
1128	 2.758013e-05	 1499	 iter
1129	 2.758013e-05	 1500	 iter
1130	 2.758013e-05	 1502	 iter
1131	 2.758013e-05	 1504	 iter
1132	 2.758013e-05	 1505	 iter
1133	 2.758013e-05	 1506	 iter
1134	 2.758013e-05	 1507	 iter
1135	 2.758013e-05	 1508	 iter
1136	 2.758013e-05	 1509	 iter
1137	 2.758013e-05	 1510	 iter
1138	 2.757252e-05	 1512	 iter
1139	 2.757252e-05	 1513	 iter
1140	 2.757252e-05	 1514	 iter
1141	 2.757252e-05	 1515	 iter
1142	 2.757252e-05	 1516	 iter
1143	 2.757252e-05	 1517	 iter
1144	 2.757252e-05	 1518	 iter
1145	 2.757252e-05	 1519	 iter
1146	 2.756735e-05	 1521	 iter
1147	 2.756735e-05	 1522	 iter
1148	 2.755226e-05	 1524	 iter
1149	 2.755226e-05	 1525	 iter
1150	 2.755226e-05	 1526	 iter
1151	 2.755226e-05	 1527	 iter
1152	 2.755226e-05	 1528	 iter
1153	 2.755226e-05	 1529	 iter
1154	 2.755226e-05	 1530	 iter
1155	 2.755022e-05	 1532	 iter
1156	 2.755022e-05	 1533	 iter
1157	 2.754475e-05	 1535	 iter
1158	 2.754475e-05	 1536	 iter
1159	 2.754475e-05	 1537	 iter
1160	 2.753115e-05	 1539	 iter
1161	 2.753115e-05	 1540	 iter
1162	 2.753115e-05	 1541	 iter
1163	 2.751627e-05	 1543	 iter
1164	 2.751627e-05	 1544	 iter
1165	 2.751627e-05	 1545	 iter
1166	 2.751627e-05	 1546	 iter
1167	 2.751627e-05	 1547	 iter
1168	 2.749797e-05	 1549	 iter
1169	 2.749797e-05	 1550	 iter
1170	 2.749797e-05	 1551	 iter
1171	 2.747999e-05	 1553	 iter
1172	 2.747999e-05	 1554	 iter
1173	 2.747999e-05	 1555	 iter
1174	 2.747999e-05	 1556	 iter
1175	 2.747999e-05	 1557	 iter
1176	 2.747999e-05	 1558	 iter
1177	 2.746161e-05	 1560	 iter
1178	 2.746161e-05	 1561	 iter
1179	 2.741819e-05	 1563	 iter
1180	 2.741819e-05	 1564	 iter
1181	 2.741819e-05	 1565	 iter
1182	 2.741819e-05	 1566	 iter
1183	 2.741819e-05	 1567	 iter
1184	 2.741819e-05	 1568	 iter
1185	 2.741819e-05	 1569	 iter
1186	 2.741819e-05	 1570	 iter
1187	 2.741819e-05	 1571	 iter
1188	 2.739385e-05	 1573	 iter
1189	 2.739385e-05	 1574	 iter
1190	 2.739385e-05	 1575	 iter
1191	 2.733966e-05	 1577	 iter
1192	 2.733966e-05	 1578	 iter
1193	 2.733966e-05	 1579	 iter
1194	 2.733966e-05	 1580	 iter
1195	 2.733966e-05	 1581	 iter
1196	 2.733966e-05	 1582	 iter
1197	 2.729337e-05	 1584	 iter
1198	 2.729337e-05	 1585	 iter
1199	 2.729337e-05	 1586	 iter
1200	 2.729337e-05	 1587	 iter
1201	 2.729337e-05	 1588	 iter
1202	 2.729337e-05	 1589	 iter
1203	 2.729337e-05	 1590	 iter
1204	 2.726530e-05	 1592	 iter
1205	 2.715685e-05	 1594	 iter
1206	 2.715685e-05	 1595	 iter
1207	 2.715685e-05	 1596	 iter
1208	 2.715685e-05	 1597	 iter
1209	 2.715685e-05	 1598	 iter
1210	 2.715685e-05	 1599	 iter
1211	 2.715685e-05	 1600	 iter
1212	 2.715685e-05	 1601	 iter
1213	 2.715685e-05	 1602	 iter
1214	 2.709588e-05	 1604	 iter
1215	 2.709588e-05	 1605	 iter
1216	 2.709588e-05	 1606	 iter
1217	 2.709588e-05	 1607	 iter
1218	 2.702147e-05	 1609	 iter
1219	 2.702147e-05	 1610	 iter
1220	 2.702147e-05	 1611	 iter
1221	 2.702147e-05	 1612	 iter
1222	 2.690825e-05	 1614	 iter
1223	 2.690825e-05	 1615	 iter
1224	 2.690825e-05	 1616	 iter
1225	 2.690825e-05	 1617	 iter
1226	 2.690825e-05	 1618	 iter
1227	 2.690825e-05	 1619	 iter
1228	 2.690825e-05	 1620	 iter
1229	 2.690825e-05	 1621	 iter
1230	 2.690825e-05	 1622	 iter
1231	 2.684674e-05	 1624	 iter
1232	 2.684674e-05	 1625	 iter
1233	 2.678048e-05	 1627	 iter
1234	 2.666262e-05	 1629	 iter
1235	 2.666262e-05	 1630	 iter
1236	 2.666262e-05	 1631	 iter
1237	 2.666262e-05	 1632	 iter
1238	 2.666262e-05	 1633	 iter
1239	 2.666262e-05	 1634	 iter
1240	 2.666262e-05	 1635	 iter
1241	 2.666262e-05	 1636	 iter
1242	 2.653397e-05	 1638	 iter
1243	 2.653397e-05	 1639	 iter
1244	 2.653397e-05	 1640	 iter
1245	 2.653397e-05	 1641	 iter
1246	 2.642772e-05	 1643	 iter
1247	 2.642772e-05	 1644	 iter
1248	 2.642772e-05	 1645	 iter
1249	 2.642772e-05	 1646	 iter
1250	 2.642772e-05	 1647	 iter
1251	 2.636151e-05	 1649	 iter
1252	 2.636151e-05	 1650	 iter
1253	 2.636151e-05	 1651	 iter
1254	 2.636151e-05	 1652	 iter
1255	 2.615706e-05	 1654	 iter
1256	 2.615706e-05	 1655	 iter
1257	 2.615706e-05	 1656	 iter
1258	 2.615706e-05	 1657	 iter
1259	 2.615706e-05	 1658	 iter
1260	 2.596013e-05	 1660	 iter
1261	 2.596013e-05	 1661	 iter
1262	 2.596013e-05	 1662	 iter
1263	 2.596013e-05	 1663	 iter
1264	 2.596013e-05	 1664	 iter
1265	 2.596013e-05	 1665	 iter
1266	 2.596013e-05	 1666	 iter
1267	 2.596013e-05	 1667	 iter
1268	 2.596013e-05	 1668	 iter
1269	 2.596013e-05	 1669	 iter
1270	 2.596013e-05	 1670	 iter
1271	 2.596013e-05	 1671	 iter
1272	 2.587494e-05	 1673	 iter
1273	 2.587494e-05	 1674	 iter
1274	 2.587494e-05	 1675	 iter
1275	 2.587494e-05	 1676	 iter
1276	 2.582085e-05	 1678	 iter
1277	 2.582085e-05	 1679	 iter
1278	 2.582085e-05	 1680	 iter
1279	 2.582085e-05	 1681	 iter
1280	 2.577336e-05	 1683	 iter
1281	 2.576647e-05	 1685	 iter
1282	 2.576647e-05	 1686	 iter
1283	 2.576647e-05	 1687	 iter
1284	 2.576647e-05	 1688	 iter
1285	 2.559968e-05	 1690	 iter
1286	 2.559968e-05	 1691	 iter
1287	 2.559968e-05	 1692	 iter
1288	 2.559968e-05	 1693	 iter
1289	 2.559968e-05	 1694	 iter
1290	 2.559968e-05	 1696	 iter
1291	 2.559968e-05	 1698	 iter
1292	 2.559968e-05	 1699	 iter
1293	 2.536883e-05	 1701	 iter
1294	 2.536883e-05	 1702	 iter
1295	 2.536883e-05	 1703	 iter
1296	 2.536883e-05	 1704	 iter
1297	 2.536883e-05	 1705	 iter
1298	 2.536883e-05	 1706	 iter
1299	 2.536883e-05	 1707	 iter
1300	 2.536883e-05	 1708	 iter
1301	 2.536883e-05	 1709	 iter
1302	 2.536883e-05	 1710	 iter
1303	 2.536883e-05	 1711	 iter
1304	 2.536883e-05	 1712	 iter
1305	 2.536883e-05	 1713	 iter
1306	 2.536883e-05	 1714	 iter
1307	 2.536883e-05	 1715	 iter
1308	 2.520936e-05	 1717	 iter
1309	 2.520936e-05	 1718	 iter
1310	 2.520936e-05	 1719	 iter
1311	 2.520936e-05	 1720	 iter
1312	 2.520936e-05	 1721	 iter
1313	 2.520936e-05	 1722	 iter
1314	 2.520936e-05	 1723	 iter
1315	 2.520936e-05	 1724	 iter
1316	 2.520936e-05	 1725	 iter
1317	 2.520936e-05	 1726	 iter
1318	 2.520936e-05	 1727	 iter
1319	 2.520936e-05	 1728	 iter
1320	 2.520936e-05	 1729	 iter
1321	 2.520936e-05	 1730	 iter
1322	 2.520936e-05	 1731	 iter
1323	 2.520741e-05	 1733	 iter
1324	 2.520741e-05	 1734	 iter
1325	 2.510525e-05	 1736	 iter
1326	 2.510525e-05	 1737	 iter
1327	 2.501716e-05	 1739	 iter
1328	 2.501716e-05	 1740	 iter
1329	 2.501716e-05	 1741	 iter
1330	 2.501716e-05	 1742	 iter
1331	 2.501716e-05	 1743	 iter
1332	 2.501716e-05	 1744	 iter
1333	 2.501716e-05	 1745	 iter
1334	 2.501716e-05	 1746	 iter
1335	 2.501716e-05	 1747	 iter
1336	 2.501716e-05	 1748	 iter
1337	 2.501716e-05	 1749	 iter
1338	 2.501716e-05	 1751	 iter
1339	 2.500947e-05	 1753	 iter
1340	 2.500947e-05	 1754	 iter
1341	 2.500947e-05	 1756	 iter
1342	 2.500947e-05	 1757	 iter
1343	 2.500947e-05	 1758	 iter
1344	 2.500947e-05	 1759	 iter
1345	 2.500947e-05	 1761	 iter
1346	 2.500947e-05	 1762	 iter
1347	 2.500947e-05	 1763	 iter
1348	 2.494938e-05	 1765	 iter
1349	 2.494938e-05	 1767	 iter
1350	 2.494938e-05	 1768	 iter
1351	 2.494938e-05	 1769	 iter
1352	 2.494938e-05	 1770	 iter
1353	 2.494938e-05	 1771	 iter
1354	 2.494938e-05	 1772	 iter
1355	 2.494938e-05	 1774	 iter
1356	 2.494938e-05	 1775	 iter
1357	 2.494938e-05	 1777	 iter
1358	 2.494938e-05	 1778	 iter
1359	 2.494938e-05	 1780	 iter
1360	 2.494938e-05	 1781	 iter
1361	 2.494938e-05	 1782	 iter
1362	 2.494938e-05	 1783	 iter
1363	 2.494938e-05	 1784	 iter
1364	 2.494938e-05	 1785	 iter
1365	 2.494938e-05	 1786	 iter
1366	 2.494938e-05	 1788	 iter
1367	 2.494938e-05	 1789	 iter
1368	 2.494938e-05	 1790	 iter
1369	 2.494938e-05	 1792	 iter
1370	 2.494938e-05	 1793	 iter
1371	 2.494938e-05	 1794	 iter
1372	 2.494723e-05	 1796	 iter
1373	 2.494047e-05	 1798	 iter
1374	 2.494047e-05	 1800	 iter
1375	 2.494047e-05	 1802	 iter
1376	 2.493603e-05	 1804	 iter
1377	 2.493603e-05	 1806	 iter
1378	 2.493603e-05	 1807	 iter
1379	 2.493603e-05	 1809	 iter
1380	 2.493603e-05	 1811	 iter
1381	 2.493576e-05	 1813	 iter
1382	 2.493576e-05	 1814	 iter
1383	 2.493576e-05	 1815	 iter
1384	 2.493083e-05	 1817	 iter
1385	 2.493083e-05	 1819	 iter
1386	 2.493083e-05	 1820	 iter
1387	 2.492833e-05	 1822	 iter
1388	 2.492833e-05	 1823	 iter
1389	 2.492833e-05	 1824	 iter
1390	 2.492652e-05	 1826	 iter
1391	 2.492484e-05	 1828	 iter
1392	 2.492484e-05	 1830	 iter
1393	 2.492484e-05	 1831	 iter
1394	 2.492417e-05	 1833	 iter
1395	 2.492255e-05	 1835	 iter
1396	 2.492255e-05	 1837	 iter
1397	 2.492255e-05	 1838	 iter
1398	 2.492071e-05	 1840	 iter
1399	 2.492071e-05	 1841	 iter
1400	 2.492071e-05	 1842	 iter
1401	 2.492071e-05	 1844	 iter
1402	 2.492071e-05	 1845	 iter
1403	 2.491975e-05	 1847	 iter
1404	 2.491975e-05	 1849	 iter
1405	 2.491975e-05	 1851	 iter
1406	 2.491975e-05	 1852	 iter
1407	 2.491975e-05	 1853	 iter
1408	 2.491975e-05	 1855	 iter
1409	 2.491975e-05	 1857	 iter
1410	 2.491942e-05	 1859	 iter
1411	 2.491942e-05	 1860	 iter
1412	 2.491942e-05	 1861	 iter
1413	 2.491942e-05	 1862	 iter
1414	 2.491942e-05	 1863	 iter
1415	 2.491861e-05	 1865	 iter
1416	 2.491861e-05	 1866	 iter
1417	 2.491835e-05	 1868	 iter
1418	 2.491829e-05	 1870	 iter
1419	 2.491829e-05	 1871	 iter
1420	 2.491780e-05	 1873	 iter
1421	 2.491780e-05	 1875	 iter
1422	 2.491780e-05	 1876	 iter
1423	 2.491753e-05	 1878	 iter
1424	 2.491752e-05	 1880	 iter
1425	 2.491752e-05	 1882	 iter
1426	 2.491752e-05	 1883	 iter
1427	 2.491685e-05	 1885	 iter
1428	 2.491685e-05	 1886	 iter
1429	 2.491685e-05	 1888	 iter
1430	 2.491685e-05	 1889	 iter
1431	 2.491685e-05	 1891	 iter
1432	 2.491685e-05	 1893	 iter
1433	 2.491685e-05	 1895	 iter
1434	 2.491685e-05	 1896	 iter
1435	 2.491685e-05	 1897	 iter
1436	 2.491666e-05	 1899	 iter
1437	 2.491666e-05	 1901	 iter
1438	 2.491649e-05	 1903	 iter
1439	 2.491649e-05	 1904	 iter
1440	 2.491647e-05	 1906	 iter
1441	 2.491647e-05	 1908	 iter
1442	 2.491646e-05	 1910	 iter
1443	 2.491641e-05	 1912	 iter
1444	 2.491641e-05	 1913	 iter
1445	 2.491624e-05	 1915	 iter
1446	 2.491624e-05	 1916	 iter
1447	 2.491624e-05	 1918	 iter
1448	 2.491617e-05	 1920	 iter
1449	 2.491617e-05	 1922	 iter
1450	 2.491617e-05	 1924	 iter
1451	 2.491617e-05	 1926	 iter
1452	 2.491617e-05	 1927	 iter
1453	 2.491617e-05	 1928	 iter
1454	 2.491613e-05	 1930	 iter
1455	 2.491601e-05	 1932	 iter
1456	 2.491601e-05	 1933	 iter
1457	 2.491601e-05	 1934	 iter
1458	 2.491594e-05	 1936	 iter
1459	 2.491593e-05	 1938	 iter
1460	 2.491593e-05	 1940	 iter
1461	 2.491593e-05	 1941	 iter
1462	 2.491593e-05	 1942	 iter
1463	 2.491583e-05	 1944	 iter
1464	 2.491583e-05	 1946	 iter
1465	 2.491583e-05	 1947	 iter
1466	 2.491583e-05	 1949	 iter
1467	 2.491583e-05	 1951	 iter
1468	 2.491579e-05	 1953	 iter
1469	 2.491579e-05	 1954	 iter
1470	 2.491579e-05	 1955	 iter
1471	 2.491579e-05	 1956	 iter
1472	 2.491579e-05	 1957	 iter
1473	 2.491579e-05	 1958	 iter
1474	 2.491578e-05	 1960	 iter
1475	 2.491578e-05	 1961	 iter
1476	 2.491578e-05	 1962	 iter
1477	 2.491574e-05	 1964	 iter
1478	 2.491574e-05	 1966	 iter
1479	 2.491574e-05	 1968	 iter
1480	 2.491572e-05	 1970	 iter
1481	 2.491562e-05	 1972	 iter
1482	 2.491562e-05	 1974	 iter
1483	 2.491562e-05	 1975	 iter
1484	 2.491562e-05	 1976	 iter
1485	 2.491562e-05	 1978	 iter
1486	 2.491562e-05	 1979	 iter
1487	 2.491562e-05	 1981	 iter
1488	 2.491562e-05	 1982	 iter
1489	 2.491562e-05	 1984	 iter
1490	 2.491562e-05	 1986	 iter
1491	 2.491562e-05	 1988	 iter
1492	 2.491561e-05	 1990	 iter
1493	 2.491561e-05	 1991	 iter
1494	 2.491551e-05	 1993	 iter
1495	 2.491551e-05	 1994	 iter
1496	 2.491551e-05	 1996	 iter
1497	 2.491551e-05	 1997	 iter
1498	 2.491551e-05	 1999	 iter
1499	 2.491551e-05	 2000	 iter
1500	 2.491551e-05	 2001	 iter
1501	 2.491551e-05	 2003	 iter
1502	 2.491551e-05	 2004	 iter
1503	 2.491551e-05	 2005	 iter
1504	 2.491551e-05	 2007	 iter
1505	 2.491549e-05	 2009	 iter
1506	 2.491549e-05	 2011	 iter
1507	 2.491549e-05	 2012	 iter
1508	 2.491549e-05	 2013	 iter
1509	 2.491546e-05	 2015	 iter
1510	 2.491546e-05	 2016	 iter
1511	 2.491544e-05	 2018	 iter
1512	 2.491541e-05	 2020	 iter
1513	 2.491541e-05	 2022	 iter
1514	 2.491541e-05	 2023	 iter
1515	 2.491541e-05	 2024	 iter
1516	 2.491539e-05	 2026	 iter
1517	 2.491539e-05	 2027	 iter
1518	 2.491539e-05	 2028	 iter
1519	 2.491539e-05	 2030	 iter
1520	 2.491539e-05	 2031	 iter
1521	 2.491539e-05	 2033	 iter
1522	 2.491539e-05	 2034	 iter
1523	 2.491531e-05	 2036	 iter
1524	 2.491531e-05	 2037	 iter
1525	 2.491531e-05	 2038	 iter
1526	 2.491531e-05	 2039	 iter
1527	 2.491531e-05	 2040	 iter
1528	 2.491531e-05	 2042	 iter
1529	 2.491519e-05	 2044	 iter
1530	 2.491519e-05	 2045	 iter
1531	 2.491519e-05	 2046	 iter
1532	 2.491519e-05	 2047	 iter
1533	 2.491519e-05	 2048	 iter
1534	 2.491519e-05	 2049	 iter
1535	 2.491519e-05	 2050	 iter
1536	 2.491519e-05	 2051	 iter
1537	 2.491519e-05	 2052	 iter
1538	 2.491519e-05	 2053	 iter
1539	 2.491519e-05	 2054	 iter
1540	 2.491513e-05	 2056	 iter
1541	 2.491513e-05	 2057	 iter
1542	 2.491505e-05	 2059	 iter
1543	 2.491505e-05	 2060	 iter
1544	 2.491493e-05	 2062	 iter
1545	 2.491493e-05	 2063	 iter
1546	 2.491493e-05	 2064	 iter
1547	 2.491493e-05	 2065	 iter
1548	 2.491493e-05	 2066	 iter
1549	 2.491493e-05	 2067	 iter
1550	 2.491493e-05	 2068	 iter
1551	 2.491493e-05	 2069	 iter
1552	 2.491493e-05	 2070	 iter
1553	 2.491493e-05	 2071	 iter
1554	 2.491489e-05	 2073	 iter
1555	 2.491486e-05	 2075	 iter
1556	 2.491486e-05	 2076	 iter
1557	 2.491454e-05	 2078	 iter
1558	 2.491454e-05	 2079	 iter
1559	 2.491454e-05	 2080	 iter
1560	 2.491454e-05	 2081	 iter
1561	 2.491454e-05	 2082	 iter
1562	 2.491454e-05	 2083	 iter
1563	 2.491454e-05	 2084	 iter
1564	 2.491454e-05	 2085	 iter
1565	 2.491454e-05	 2086	 iter
1566	 2.491454e-05	 2087	 iter
1567	 2.491435e-05	 2089	 iter
1568	 2.491435e-05	 2090	 iter
1569	 2.491435e-05	 2091	 iter
1570	 2.491435e-05	 2092	 iter
1571	 2.491435e-05	 2093	 iter
1572	 2.491411e-05	 2095	 iter
1573	 2.491411e-05	 2096	 iter
1574	 2.491411e-05	 2097	 iter
1575	 2.491411e-05	 2098	 iter
1576	 2.491411e-05	 2099	 iter
1577	 2.491411e-05	 2100	 iter
1578	 2.491381e-05	 2102	 iter
1579	 2.491381e-05	 2103	 iter
1580	 2.491381e-05	 2104	 iter
1581	 2.491381e-05	 2105	 iter
1582	 2.491381e-05	 2106	 iter
1583	 2.491381e-05	 2107	 iter
1584	 2.491381e-05	 2108	 iter
1585	 2.491381e-05	 2109	 iter
1586	 2.491366e-05	 2111	 iter
1587	 2.491335e-05	 2113	 iter
1588	 2.491335e-05	 2114	 iter
1589	 2.491335e-05	 2115	 iter
1590	 2.491335e-05	 2116	 iter
1591	 2.491300e-05	 2118	 iter
1592	 2.491300e-05	 2119	 iter
1593	 2.491300e-05	 2120	 iter
1594	 2.491300e-05	 2121	 iter
1595	 2.491300e-05	 2122	 iter
1596	 2.491300e-05	 2123	 iter
1597	 2.491300e-05	 2124	 iter
1598	 2.491231e-05	 2126	 iter
1599	 2.491231e-05	 2127	 iter
1600	 2.491231e-05	 2128	 iter
1601	 2.491231e-05	 2129	 iter
1602	 2.491181e-05	 2131	 iter
1603	 2.491181e-05	 2132	 iter
1604	 2.491181e-05	 2133	 iter
1605	 2.491181e-05	 2134	 iter
1606	 2.491181e-05	 2135	 iter
1607	 2.491181e-05	 2136	 iter
1608	 2.491181e-05	 2137	 iter
1609	 2.491181e-05	 2138	 iter
1610	 2.491181e-05	 2139	 iter
1611	 2.491181e-05	 2140	 iter
1612	 2.491131e-05	 2142	 iter
1613	 2.491131e-05	 2143	 iter
1614	 2.491131e-05	 2144	 iter
1615	 2.491131e-05	 2145	 iter
1616	 2.491131e-05	 2146	 iter
1617	 2.491081e-05	 2148	 iter
1618	 2.491081e-05	 2149	 iter
1619	 2.491081e-05	 2150	 iter
1620	 2.491081e-05	 2151	 iter
1621	 2.491032e-05	 2153	 iter
1622	 2.491032e-05	 2154	 iter
1623	 2.491032e-05	 2155	 iter
1624	 2.491032e-05	 2156	 iter
1625	 2.491006e-05	 2158	 iter
1626	 2.491006e-05	 2159	 iter
1627	 2.491006e-05	 2160	 iter
1628	 2.490948e-05	 2162	 iter
1629	 2.490948e-05	 2163	 iter
1630	 2.490840e-05	 2165	 iter
1631	 2.490840e-05	 2166	 iter
1632	 2.490840e-05	 2167	 iter
1633	 2.490840e-05	 2168	 iter
1634	 2.490840e-05	 2169	 iter
1635	 2.490840e-05	 2170	 iter
1636	 2.490840e-05	 2171	 iter
1637	 2.490840e-05	 2172	 iter
1638	 2.490799e-05	 2174	 iter
1639	 2.490799e-05	 2175	 iter
1640	 2.490743e-05	 2177	 iter
1641	 2.490743e-05	 2178	 iter
1642	 2.490743e-05	 2179	 iter
1643	 2.490652e-05	 2181	 iter
1644	 2.490652e-05	 2182	 iter
1645	 2.490652e-05	 2183	 iter
1646	 2.490652e-05	 2184	 iter
1647	 2.490652e-05	 2185	 iter
1648	 2.490652e-05	 2186	 iter
1649	 2.490488e-05	 2188	 iter
1650	 2.490488e-05	 2189	 iter
1651	 2.490488e-05	 2190	 iter
1652	 2.490488e-05	 2191	 iter
1653	 2.490488e-05	 2192	 iter
1654	 2.490488e-05	 2193	 iter
1655	 2.490488e-05	 2194	 iter
1656	 2.490488e-05	 2195	 iter
1657	 2.490488e-05	 2196	 iter
1658	 2.490488e-05	 2197	 iter
1659	 2.490431e-05	 2199	 iter
1660	 2.490431e-05	 2200	 iter
1661	 2.490431e-05	 2201	 iter
1662	 2.490431e-05	 2202	 iter
1663	 2.490431e-05	 2203	 iter
1664	 2.490386e-05	 2205	 iter
1665	 2.490333e-05	 2207	 iter
1666	 2.490333e-05	 2208	 iter
1667	 2.490333e-05	 2209	 iter
1668	 2.490325e-05	 2211	 iter
1669	 2.490314e-05	 2213	 iter
1670	 2.490304e-05	 2215	 iter
1671	 2.490282e-05	 2217	 iter
1672	 2.490168e-05	 2219	 iter
1673	 2.490029e-05	 2221	 iter
1674	 2.490029e-05	 2222	 iter
1675	 2.490029e-05	 2223	 iter
1676	 2.490029e-05	 2224	 iter
1677	 2.490029e-05	 2225	 iter
1678	 2.490029e-05	 2226	 iter
1679	 2.490029e-05	 2227	 iter
1680	 2.490029e-05	 2228	 iter
1681	 2.490029e-05	 2229	 iter
1682	 2.489703e-05	 2231	 iter
1683	 2.489703e-05	 2232	 iter
1684	 2.489703e-05	 2233	 iter
1685	 2.489703e-05	 2234	 iter
1686	 2.489703e-05	 2235	 iter
1687	 2.489703e-05	 2236	 iter
1688	 2.489703e-05	 2237	 iter
1689	 2.489703e-05	 2238	 iter
1690	 2.489703e-05	 2239	 iter
1691	 2.489703e-05	 2240	 iter
1692	 2.489703e-05	 2241	 iter
1693	 2.489703e-05	 2242	 iter
1694	 2.489703e-05	 2243	 iter
1695	 2.489703e-05	 2244	 iter
1696	 2.489703e-05	 2245	 iter
1697	 2.489647e-05	 2247	 iter
1698	 2.489459e-05	 2249	 iter
1699	 2.489459e-05	 2250	 iter
1700	 2.489459e-05	 2251	 iter
1701	 2.489459e-05	 2252	 iter
1702	 2.489459e-05	 2253	 iter
1703	 2.489401e-05	 2255	 iter
1704	 2.489401e-05	 2256	 iter
1705	 2.489401e-05	 2258	 iter
1706	 2.489401e-05	 2259	 iter
1707	 2.489401e-05	 2260	 iter
1708	 2.489401e-05	 2261	 iter
1709	 2.489401e-05	 2262	 iter
1710	 2.489401e-05	 2263	 iter
1711	 2.489210e-05	 2265	 iter
1712	 2.489210e-05	 2266	 iter
1713	 2.489210e-05	 2267	 iter
1714	 2.489210e-05	 2268	 iter
1715	 2.489210e-05	 2269	 iter
1716	 2.489210e-05	 2270	 iter
1717	 2.489210e-05	 2271	 iter
1718	 2.489130e-05	 2273	 iter
1719	 2.489130e-05	 2274	 iter
1720	 2.489130e-05	 2275	 iter
1721	 2.489130e-05	 2276	 iter
1722	 2.489130e-05	 2277	 iter
1723	 2.489050e-05	 2279	 iter
1724	 2.489050e-05	 2280	 iter
1725	 2.488843e-05	 2282	 iter
1726	 2.488843e-05	 2283	 iter
1727	 2.488843e-05	 2284	 iter
1728	 2.488843e-05	 2285	 iter
1729	 2.488843e-05	 2286	 iter
1730	 2.488843e-05	 2287	 iter
1731	 2.488843e-05	 2288	 iter
1732	 2.488750e-05	 2290	 iter
1733	 2.488750e-05	 2291	 iter
1734	 2.488750e-05	 2292	 iter
1735	 2.488750e-05	 2293	 iter
1736	 2.488750e-05	 2294	 iter
1737	 2.488750e-05	 2295	 iter
1738	 2.488750e-05	 2296	 iter
1739	 2.488750e-05	 2297	 iter
1740	 2.488750e-05	 2298	 iter
1741	 2.488750e-05	 2299	 iter
1742	 2.488750e-05	 2300	 iter
1743	 2.488750e-05	 2301	 iter
1744	 2.488750e-05	 2302	 iter
1745	 2.488750e-05	 2303	 iter
1746	 2.488750e-05	 2304	 iter
1747	 2.488750e-05	 2306	 iter
1748	 2.488750e-05	 2308	 iter
1749	 2.488702e-05	 2310	 iter
1750	 2.488702e-05	 2312	 iter
1751	 2.488702e-05	 2313	 iter
1752	 2.488702e-05	 2314	 iter
1753	 2.488702e-05	 2315	 iter
1754	 2.488702e-05	 2316	 iter
1755	 2.488702e-05	 2317	 iter
1756	 2.488702e-05	 2319	 iter
1757	 2.488702e-05	 2320	 iter
1758	 2.488702e-05	 2321	 iter
1759	 2.488702e-05	 2322	 iter
1760	 2.488702e-05	 2323	 iter
1761	 2.488702e-05	 2324	 iter
1762	 2.488702e-05	 2326	 iter
1763	 2.488702e-05	 2327	 iter
1764	 2.488702e-05	 2329	 iter
1765	 2.488702e-05	 2331	 iter
1766	 2.488702e-05	 2333	 iter
1767	 2.488702e-05	 2334	 iter
1768	 2.488702e-05	 2336	 iter
1769	 2.488702e-05	 2337	 iter
1770	 2.488702e-05	 2338	 iter
1771	 2.488702e-05	 2339	 iter
1772	 2.488702e-05	 2340	 iter
1773	 2.488702e-05	 2341	 iter
1774	 2.488688e-05	 2343	 iter
1775	 2.488688e-05	 2345	 iter
1776	 2.488688e-05	 2346	 iter
1777	 2.488680e-05	 2348	 iter
1778	 2.488680e-05	 2349	 iter
1779	 2.488674e-05	 2351	 iter
1780	 2.488668e-05	 2353	 iter
1781	 2.488668e-05	 2354	 iter
1782	 2.488668e-05	 2356	 iter
1783	 2.488668e-05	 2358	 iter
1784	 2.488668e-05	 2360	 iter
1785	 2.488668e-05	 2361	 iter
1786	 2.488667e-05	 2363	 iter
1787	 2.488667e-05	 2364	 iter
1788	 2.488667e-05	 2365	 iter
1789	 2.488667e-05	 2366	 iter
1790	 2.488656e-05	 2368	 iter
1791	 2.488656e-05	 2370	 iter
1792	 2.488656e-05	 2372	 iter
1793	 2.488656e-05	 2374	 iter
1794	 2.488656e-05	 2376	 iter
1795	 2.488656e-05	 2378	 iter
1796	 2.488656e-05	 2379	 iter
1797	 2.488656e-05	 2380	 iter
1798	 2.488656e-05	 2381	 iter
1799	 2.488655e-05	 2383	 iter
1800	 2.488654e-05	 2385	 iter
1801	 2.488654e-05	 2386	 iter
1802	 2.488651e-05	 2388	 iter
1803	 2.488651e-05	 2390	 iter
1804	 2.488651e-05	 2392	 iter
1805	 2.488651e-05	 2394	 iter
1806	 2.488651e-05	 2396	 iter
1807	 2.488651e-05	 2397	 iter
1808	 2.488651e-05	 2398	 iter
1809	 2.488648e-05	 2400	 iter
1810	 2.488646e-05	 2402	 iter
1811	 2.488646e-05	 2403	 iter
1812	 2.488646e-05	 2405	 iter
1813	 2.488646e-05	 2407	 iter
1814	 2.488646e-05	 2408	 iter
1815	 2.488646e-05	 2409	 iter
1816	 2.488646e-05	 2411	 iter
1817	 2.488645e-05	 2413	 iter
1818	 2.488644e-05	 2415	 iter
1819	 2.488644e-05	 2417	 iter
1820	 2.488644e-05	 2418	 iter
1821	 2.488644e-05	 2419	 iter
1822	 2.488644e-05	 2421	 iter
1823	 2.488644e-05	 2422	 iter
1824	 2.488644e-05	 2424	 iter
1825	 2.488644e-05	 2425	 iter
1826	 2.488644e-05	 2426	 iter
1827	 2.488643e-05	 2428	 iter
1828	 2.488643e-05	 2429	 iter
1829	 2.488643e-05	 2430	 iter
1830	 2.488643e-05	 2432	 iter
1831	 2.488642e-05	 2434	 iter
1832	 2.488642e-05	 2436	 iter
1833	 2.488642e-05	 2438	 iter
1834	 2.488641e-05	 2440	 iter
1835	 2.488641e-05	 2442	 iter
1836	 2.488641e-05	 2443	 iter
1837	 2.488641e-05	 2444	 iter
1838	 2.488641e-05	 2445	 iter
1839	 2.488640e-05	 2447	 iter
1840	 2.488640e-05	 2448	 iter
1841	 2.488640e-05	 2449	 iter
1842	 2.488640e-05	 2451	 iter
1843	 2.488640e-05	 2453	 iter
1844	 2.488640e-05	 2455	 iter
1845	 2.488640e-05	 2457	 iter
1846	 2.488640e-05	 2458	 iter
1847	 2.488640e-05	 2460	 iter
1848	 2.488640e-05	 2462	 iter
1849	 2.488640e-05	 2463	 iter
1850	 2.488640e-05	 2465	 iter
1851	 2.488640e-05	 2466	 iter
1852	 2.488640e-05	 2467	 iter
1853	 2.488640e-05	 2469	 iter
1854	 2.488639e-05	 2471	 iter
1854	 2.488639e-05	 2471	 done
