0	 4.698503e-02	 1	 init
0	 4.698503e-02	 1	 iter
1	 4.074026e-02	 17	 iter
2	 4.074026e-02	 18	 iter
3	 4.074026e-02	 19	 iter
4	 4.074026e-02	 20	 iter
5	 4.074026e-02	 21	 iter
6	 4.074026e-02	 22	 iter
7	 4.074026e-02	 23	 iter
8	 4.074026e-02	 24	 iter
9	 4.074026e-02	 25	 iter
10	 4.074026e-02	 26	 iter
11	 4.074026e-02	 27	 iter
12	 4.074026e-02	 28	 iter
13	 4.074026e-02	 29	 iter
14	 4.074026e-02	 30	 iter
15	 4.074026e-02	 31	 iter
16	 3.738990e-02	 33	 iter
17	 3.738990e-02	 34	 iter
18	 3.738990e-02	 35	 iter
19	 3.738990e-02	 36	 iter
20	 3.738990e-02	 37	 iter
21	 3.738990e-02	 38	 iter
22	 3.738990e-02	 39	 iter
23	 3.738990e-02	 40	 iter
24	 3.406276e-02	 42	 iter
25	 3.406276e-02	 43	 iter
26	 3.406276e-02	 44	 iter
27	 3.406276e-02	 45	 iter
28	 3.406276e-02	 46	 iter
29	 3.406276e-02	 47	 iter
30	 3.406276e-02	 48	 iter
31	 3.051059e-02	 50	 iter
32	 3.051059e-02	 51	 iter
33	 3.051059e-02	 52	 iter
34	 3.051059e-02	 53	 iter
35	 3.051059e-02	 54	 iter
36	 2.620516e-02	 56	 iter
37	 2.620516e-02	 57	 iter
38	 2.620516e-02	 58	 iter
39	 2.620516e-02	 59	 iter
40	 2.620516e-02	 60	 iter
41	 2.620516e-02	 61	 iter
42	 2.620516e-02	 62	 iter
43	 2.166737e-02	 64	 iter
44	 2.166737e-02	 65	 iter
45	 2.166737e-02	 66	 iter
46	 2.166737e-02	 67	 iter
47	 2.166737e-02	 68	 iter
48	 2.166737e-02	 69	 iter
49	 1.630195e-02	 71	 iter
50	 1.630195e-02	 72	 iter
51	 1.630195e-02	 73	 iter
52	 1.630195e-02	 74	 iter
53	 1.630195e-02	 75	 iter
54	 1.630195e-02	 76	 iter
55	 1.630195e-02	 77	 iter
56	 1.145989e-02	 79	 iter
57	 1.145989e-02	 80	 iter
58	 1.145989e-02	 81	 iter
59	 1.145989e-02	 82	 iter
60	 1.145989e-02	 83	 iter
61	 1.145989e-02	 84	 iter
62	 7.100362e-03	 86	 iter
63	 7.100362e-03	 87	 iter
64	 7.100362e-03	 88	 iter
65	 7.100362e-03	 89	 iter
66	 7.100362e-03	 90	 iter
67	 7.100362e-03	 91	 iter
68	 7.100362e-03	 92	 iter
69	 3.682265e-03	 94	 iter
70	 3.682265e-03	 95	 iter
71	 3.682265e-03	 96	 iter
72	 3.682265e-03	 97	 iter
73	 3.682265e-03	 98	 iter
74	 3.682265e-03	 99	 iter
75	 3.682265e-03	 100	 iter
76	 3.191885e-03	 102	 iter
77	 3.114493e-03	 104	 iter
78	 3.036266e-03	 106	 iter
79	 3.036266e-03	 107	 iter
80	 2.978459e-03	 109	 iter
81	 2.978459e-03	 110	 iter
82	 2.978459e-03	 111	 iter
83	 2.978459e-03	 112	 iter
84	 2.978459e-03	 113	 iter
85	 2.978459e-03	 114	 iter
86	 2.978459e-03	 115	 iter
87	 2.978459e-03	 116	 iter
88	 2.978459e-03	 118	 iter
89	 2.978459e-03	 120	 iter
90	 2.978459e-03	 122	 iter
91	 2.978459e-03	 124	 iter
92	 2.978459e-03	 126	 iter
93	 2.978459e-03	 128	 iter
94	 2.978459e-03	 130	 iter
95	 2.978459e-03	 132	 iter
96	 2.978459e-03	 134	 iter
97	 2.978459e-03	 135	 iter
98	 2.978459e-03	 137	 iter
99	 2.978459e-03	 139	 iter
100	 2.833066e-03	 141	 iter
101	 2.833066e-03	 143	 iter
102	 2.833066e-03	 144	 iter
103	 2.833066e-03	 146	 iter
104	 2.833066e-03	 147	 iter
105	 2.833066e-03	 149	 iter
106	 2.833066e-03	 150	 iter
107	 2.833066e-03	 152	 iter
108	 2.833066e-03	 153	 iter
109	 2.833066e-03	 155	 iter
110	 2.833066e-03	 157	 iter
111	 2.833066e-03	 158	 iter
112	 2.833066e-03	 160	 iter
113	 2.833066e-03	 162	 iter
114	 2.833066e-03	 164	 iter
115	 2.833066e-03	 166	 iter
116	 2.833066e-03	 167	 iter
117	 2.703802e-03	 169	 iter
118	 2.703802e-03	 170	 iter
119	 2.703802e-03	 171	 iter
120	 2.703802e-03	 172	 iter
121	 2.703802e-03	 174	 iter
122	 2.703802e-03	 175	 iter
123	 2.703802e-03	 176	 iter
124	 2.703802e-03	 177	 iter
125	 2.703802e-03	 178	 iter
126	 2.703802e-03	 179	 iter
127	 2.703802e-03	 180	 iter
128	 2.703802e-03	 181	 iter
129	 2.703802e-03	 182	 iter
130	 2.703802e-03	 183	 iter
131	 2.558772e-03	 185	 iter
132	 2.558772e-03	 186	 iter
133	 2.558772e-03	 187	 iter
134	 2.558772e-03	 188	 iter
135	 2.558772e-03	 189	 iter
136	 2.558772e-03	 190	 iter
137	 2.558772e-03	 191	 iter
138	 2.558772e-03	 193	 iter
139	 2.558772e-03	 194	 iter
140	 2.558772e-03	 195	 iter
141	 2.558772e-03	 196	 iter
142	 2.449980e-03	 198	 iter
143	 2.449980e-03	 199	 iter
144	 2.279036e-03	 201	 iter
145	 2.279036e-03	 202	 iter
146	 2.279036e-03	 203	 iter
147	 2.279036e-03	 204	 iter
148	 2.279036e-03	 205	 iter
149	 2.279036e-03	 206	 iter
150	 2.279036e-03	 207	 iter
151	 2.279036e-03	 208	 iter
152	 2.045758e-03	 210	 iter
153	 2.045758e-03	 211	 iter
154	 2.045758e-03	 212	 iter
155	 2.045758e-03	 213	 iter
156	 2.045758e-03	 214	 iter
157	 2.045758e-03	 215	 iter
158	 2.045758e-03	 216	 iter
159	 2.045758e-03	 217	 iter
160	 2.045758e-03	 218	 iter
161	 2.045758e-03	 219	 iter
162	 2.045758e-03	 220	 iter
163	 1.853796e-03	 222	 iter
164	 1.853796e-03	 223	 iter
165	 1.853796e-03	 224	 iter
166	 1.853796e-03	 225	 iter
167	 1.853796e-03	 226	 iter
168	 1.853796e-03	 228	 iter
169	 1.853796e-03	 229	 iter
170	 1.853796e-03	 230	 iter
171	 1.853796e-03	 231	 iter
172	 1.622246e-03	 233	 iter
173	 1.622246e-03	 234	 iter
174	 1.622246e-03	 235	 iter
175	 1.622246e-03	 236	 iter
176	 1.622246e-03	 237	 iter
177	 1.622246e-03	 238	 iter
178	 1.622246e-03	 239	 iter
179	 1.622246e-03	 240	 iter
180	 1.359032e-03	 242	 iter
181	 1.359032e-03	 243	 iter
182	 1.359032e-03	 244	 iter
183	 1.359032e-03	 245	 iter
184	 1.359032e-03	 246	 iter
185	 1.359032e-03	 247	 iter
186	 1.359032e-03	 248	 iter
187	 1.359032e-03	 249	 iter
188	 1.359032e-03	 250	 iter
189	 1.359032e-03	 251	 iter
190	 1.359032e-03	 252	 iter
191	 1.358512e-03	 254	 iter
192	 1.227414e-03	 256	 iter
193	 1.227414e-03	 257	 iter
194	 1.227414e-03	 258	 iter
195	 1.227414e-03	 259	 iter
196	 1.185589e-03	 261	 iter
197	 1.185589e-03	 262	 iter
198	 1.185589e-03	 263	 iter
199	 1.129469e-03	 265	 iter
200	 1.129469e-03	 266	 iter
201	 1.129469e-03	 267	 iter
202	 1.129469e-03	 268	 iter
203	 1.057080e-03	 270	 iter
204	 1.057080e-03	 271	 iter
205	 1.057080e-03	 272	 iter
206	 1.057080e-03	 273	 iter
207	 1.057080e-03	 274	 iter
208	 1.057080e-03	 275	 iter
209	 1.057080e-03	 276	 iter
210	 1.057080e-03	 277	 iter
211	 1.057080e-03	 278	 iter
212	 1.057080e-03	 279	 iter
213	 1.057080e-03	 280	 iter
214	 1.057080e-03	 281	 iter
215	 1.057080e-03	 282	 iter
216	 1.057080e-03	 283	 iter
217	 1.057080e-03	 284	 iter
218	 1.057080e-03	 285	 iter
219	 1.057080e-03	 287	 iter
220	 1.057080e-03	 288	 iter
221	 1.057080e-03	 289	 iter
222	 1.057080e-03	 290	 iter
223	 1.057080e-03	 292	 iter
224	 1.057080e-03	 294	 iter
225	 1.057080e-03	 296	 iter
226	 1.057080e-03	 297	 iter
227	 1.057080e-03	 299	 iter
228	 1.057080e-03	 301	 iter
229	 1.057080e-03	 303	 iter
230	 1.057080e-03	 304	 iter
231	 1.057080e-03	 305	 iter
232	 1.057080e-03	 307	 iter
233	 1.057080e-03	 308	 iter
234	 1.057080e-03	 310	 iter
235	 1.057080e-03	 311	 iter
236	 1.057080e-03	 312	 iter
237	 1.057080e-03	 314	 iter
238	 1.057080e-03	 316	 iter
239	 1.050882e-03	 318	 iter
240	 1.050882e-03	 320	 iter
241	 1.050882e-03	 322	 iter
242	 1.050882e-03	 323	 iter
243	 1.050882e-03	 324	 iter
244	 1.050882e-03	 326	 iter
245	 1.050882e-03	 327	 iter
246	 1.050882e-03	 328	 iter
247	 1.050882e-03	 329	 iter
248	 1.043064e-03	 331	 iter
249	 1.043064e-03	 333	 iter
250	 1.043064e-03	 334	 iter
251	 1.043064e-03	 336	 iter
252	 1.043064e-03	 337	 iter
253	 1.043064e-03	 338	 iter
254	 1.043064e-03	 340	 iter
255	 1.043064e-03	 341	 iter
256	 1.043064e-03	 342	 iter
257	 1.043064e-03	 344	 iter
258	 1.043064e-03	 345	 iter
259	 1.043064e-03	 347	 iter
260	 1.034269e-03	 349	 iter
261	 1.034269e-03	 350	 iter
262	 1.027201e-03	 352	 iter
263	 1.027201e-03	 353	 iter
264	 1.027201e-03	 354	 iter
265	 1.020322e-03	 356	 iter
266	 1.020322e-03	 357	 iter
267	 1.020322e-03	 358	 iter
268	 1.020322e-03	 359	 iter
269	 1.020322e-03	 361	 iter
270	 1.020322e-03	 362	 iter
271	 1.020322e-03	 363	 iter
272	 1.018708e-03	 365	 iter
273	 1.018708e-03	 366	 iter
274	 1.018708e-03	 367	 iter
275	 1.018708e-03	 368	 iter
276	 1.016337e-03	 370	 iter
277	 1.011899e-03	 372	 iter
278	 1.011899e-03	 374	 iter
279	 1.011899e-03	 375	 iter
280	 1.011899e-03	 376	 iter
281	 1.011899e-03	 378	 iter
282	 1.009789e-03	 380	 iter
283	 1.009789e-03	 381	 iter
284	 1.009789e-03	 382	 iter
285	 1.004890e-03	 384	 iter
286	 1.004890e-03	 385	 iter
287	 1.004890e-03	 387	 iter
288	 1.004890e-03	 388	 iter
289	 1.004890e-03	 389	 iter
290	 1.004890e-03	 390	 iter
291	 1.004890e-03	 391	 iter
292	 1.004890e-03	 392	 iter
293	 1.004890e-03	 394	 iter
294	 1.004890e-03	 395	 iter
295	 1.003955e-03	 397	 iter
296	 1.003955e-03	 398	 iter
297	 1.003955e-03	 399	 iter
298	 1.001627e-03	 401	 iter
299	 1.001627e-03	 402	 iter
300	 1.001627e-03	 403	 iter
301	 1.001627e-03	 404	 iter
302	 1.001627e-03	 405	 iter
303	 1.001627e-03	 406	 iter
304	 9.989821e-04	 408	 iter
305	 9.988964e-04	 410	 iter
306	 9.988964e-04	 412	 iter
307	 9.988964e-04	 414	 iter
308	 9.988964e-04	 416	 iter
309	 9.988964e-04	 417	 iter
310	 9.988964e-04	 418	 iter
311	 9.988964e-04	 419	 iter
312	 9.988964e-04	 420	 iter
313	 9.960448e-04	 422	 iter
314	 9.925993e-04	 424	 iter
315	 9.925993e-04	 426	 iter
316	 9.925993e-04	 427	 iter
317	 9.925993e-04	 428	 iter
318	 9.898990e-04	 430	 iter
319	 9.898990e-04	 431	 iter
320	 9.898990e-04	 432	 iter
321	 9.898990e-04	 433	 iter
322	 9.898990e-04	 434	 iter
323	 9.889884e-04	 436	 iter
324	 9.827276e-04	 438	 iter
325	 9.827276e-04	 439	 iter
326	 9.827276e-04	 440	 iter
327	 9.827276e-04	 441	 iter
328	 9.724169e-04	 443	 iter
329	 9.724169e-04	 444	 iter
330	 9.724169e-04	 445	 iter
331	 9.724169e-04	 446	 iter
332	 9.724169e-04	 447	 iter
333	 9.724169e-04	 448	 iter
334	 9.724169e-04	 449	 iter
335	 9.724169e-04	 450	 iter
336	 9.639547e-04	 452	 iter
337	 9.639547e-04	 453	 iter
338	 9.639547e-04	 454	 iter
339	 9.518359e-04	 456	 iter
340	 9.518359e-04	 457	 iter
341	 9.518359e-04	 458	 iter
342	 9.518359e-04	 459	 iter
343	 9.518359e-04	 460	 iter
344	 9.518359e-04	 461	 iter
345	 9.518359e-04	 462	 iter
346	 9.518359e-04	 463	 iter
347	 9.518359e-04	 464	 iter
348	 9.508874e-04	 466	 iter
349	 9.508874e-04	 467	 iter
350	 9.508874e-04	 468	 iter
351	 9.508874e-04	 469	 iter
352	 9.283155e-04	 471	 iter
353	 9.283155e-04	 472	 iter
354	 9.283155e-04	 473	 iter
355	 9.283155e-04	 474	 iter
356	 9.283155e-04	 475	 iter
357	 9.283155e-04	 476	 iter
358	 9.283155e-04	 477	 iter
359	 9.283155e-04	 478	 iter
360	 9.134998e-04	 480	 iter
361	 9.134998e-04	 481	 iter
362	 9.134998e-04	 482	 iter
363	 9.134998e-04	 483	 iter
364	 9.134998e-04	 484	 iter
365	 9.134998e-04	 485	 iter
366	 9.134998e-04	 486	 iter
367	 9.134998e-04	 487	 iter
368	 9.130097e-04	 489	 iter
369	 9.013580e-04	 491	 iter
370	 9.013580e-04	 492	 iter
371	 9.013580e-04	 493	 iter
372	 8.967147e-04	 495	 iter
373	 8.967147e-04	 496	 iter
374	 8.967147e-04	 497	 iter
375	 8.967147e-04	 498	 iter
376	 8.832792e-04	 500	 iter
377	 8.832792e-04	 501	 iter
378	 8.832792e-04	 502	 iter
379	 8.832792e-04	 503	 iter
380	 8.832792e-04	 504	 iter
381	 8.832792e-04	 505	 iter
382	 8.767542e-04	 507	 iter
383	 8.767542e-04	 508	 iter
384	 8.767542e-04	 509	 iter
385	 8.767542e-04	 510	 iter
386	 8.767542e-04	 511	 iter
387	 8.767542e-04	 512	 iter
388	 8.767542e-04	 513	 iter
389	 8.765076e-04	 515	 iter
390	 8.765076e-04	 516	 iter
391	 8.765076e-04	 517	 iter
392	 8.765076e-04	 519	 iter
393	 8.765076e-04	 520	 iter
394	 8.765076e-04	 522	 iter
395	 8.744666e-04	 524	 iter
396	 8.744666e-04	 525	 iter
397	 8.744666e-04	 526	 iter
398	 8.724155e-04	 528	 iter
399	 8.724155e-04	 529	 iter
400	 8.643487e-04	 531	 iter
401	 8.643487e-04	 532	 iter
402	 8.643487e-04	 534	 iter
403	 8.643487e-04	 535	 iter
404	 8.643487e-04	 536	 iter
405	 8.643487e-04	 538	 iter
406	 8.643487e-04	 539	 iter
407	 8.643487e-04	 540	 iter
408	 8.643487e-04	 542	 iter
409	 8.643487e-04	 543	 iter
410	 8.559052e-04	 545	 iter
411	 8.559052e-04	 546	 iter
412	 8.559052e-04	 547	 iter
413	 8.431949e-04	 549	 iter
414	 8.431949e-04	 550	 iter
415	 8.431949e-04	 551	 iter
416	 8.431949e-04	 553	 iter
417	 8.431949e-04	 554	 iter
418	 8.431949e-04	 555	 iter
419	 8.431949e-04	 556	 iter
420	 8.431949e-04	 557	 iter
421	 8.431949e-04	 558	 iter
422	 8.431949e-04	 559	 iter
423	 8.431949e-04	 560	 iter
424	 8.431949e-04	 561	 iter
425	 8.364115e-04	 563	 iter
426	 8.249766e-04	 565	 iter
427	 8.249766e-04	 566	 iter
428	 8.249766e-04	 567	 iter
429	 8.249766e-04	 568	 iter
430	 8.249766e-04	 569	 iter
431	 8.087883e-04	 571	 iter
432	 8.087883e-04	 572	 iter
433	 8.087883e-04	 573	 iter
434	 8.087883e-04	 574	 iter
435	 8.087883e-04	 575	 iter
436	 8.087883e-04	 576	 iter
437	 8.087883e-04	 577	 iter
438	 8.078954e-04	 579	 iter
439	 8.001514e-04	 581	 iter
440	 8.001514e-04	 582	 iter
441	 7.748673e-04	 584	 iter
442	 7.748673e-04	 585	 iter
443	 7.748673e-04	 586	 iter
444	 7.748673e-04	 587	 iter
445	 7.748673e-04	 588	 iter
446	 7.748673e-04	 589	 iter
447	 7.748673e-04	 590	 iter
448	 7.668400e-04	 592	 iter
449	 7.427013e-04	 594	 iter
450	 7.427013e-04	 595	 iter
451	 7.140279e-04	 597	 iter
452	 7.140279e-04	 598	 iter
453	 7.140279e-04	 599	 iter
454	 7.140279e-04	 600	 iter
455	 7.140279e-04	 601	 iter
456	 6.751626e-04	 603	 iter
457	 6.751626e-04	 604	 iter
458	 6.751626e-04	 605	 iter
459	 6.751626e-04	 606	 iter
460	 6.751626e-04	 607	 iter
461	 6.751626e-04	 608	 iter
462	 6.611145e-04	 610	 iter
463	 6.261577e-04	 612	 iter
464	 6.261577e-04	 613	 iter
465	 6.261577e-04	 614	 iter
466	 6.261577e-04	 615	 iter
467	 6.261577e-04	 616	 iter
468	 6.261577e-04	 617	 iter
469	 6.261577e-04	 618	 iter
470	 6.261577e-04	 619	 iter
471	 6.140786e-04	 621	 iter
472	 6.140786e-04	 622	 iter
473	 6.140786e-04	 623	 iter
474	 6.140786e-04	 624	 iter
475	 6.140786e-04	 625	 iter
476	 6.140786e-04	 626	 iter
477	 6.140786e-04	 627	 iter
478	 6.058153e-04	 629	 iter
479	 6.058153e-04	 630	 iter
480	 5.981453e-04	 632	 iter
481	 5.981453e-04	 634	 iter
482	 5.981453e-04	 635	 iter
483	 5.981453e-04	 637	 iter
484	 5.981453e-04	 639	 iter
485	 5.981453e-04	 640	 iter
486	 5.981453e-04	 641	 iter
487	 5.981453e-04	 643	 iter
488	 5.981453e-04	 644	 iter
489	 5.981453e-04	 645	 iter
490	 5.871257e-04	 647	 iter
491	 5.871257e-04	 649	 iter
492	 5.871257e-04	 650	 iter
493	 5.871257e-04	 652	 iter
494	 5.871257e-04	 653	 iter
495	 5.871257e-04	 655	 iter
496	 5.871257e-04	 656	 iter
497	 5.871257e-04	 658	 iter
498	 5.871257e-04	 659	 iter
499	 5.871257e-04	 660	 iter
500	 5.871257e-04	 662	 iter
501	 5.871257e-04	 663	 iter
502	 5.871257e-04	 664	 iter
503	 5.871257e-04	 666	 iter
504	 5.871257e-04	 668	 iter
505	 5.871257e-04	 669	 iter
506	 5.871257e-04	 671	 iter
507	 5.789460e-04	 673	 iter
508	 5.789460e-04	 675	 iter
509	 5.789460e-04	 677	 iter
510	 5.789460e-04	 679	 iter
511	 5.789460e-04	 680	 iter
512	 5.789460e-04	 681	 iter
513	 5.789460e-04	 683	 iter
514	 5.789460e-04	 685	 iter
515	 5.789460e-04	 687	 iter
516	 5.778057e-04	 689	 iter
517	 5.778057e-04	 690	 iter
518	 5.778057e-04	 691	 iter
519	 5.730225e-04	 693	 iter
520	 5.730225e-04	 695	 iter
521	 5.730225e-04	 696	 iter
522	 5.730225e-04	 697	 iter
523	 5.730225e-04	 698	 iter
524	 5.730225e-04	 700	 iter
525	 5.730225e-04	 702	 iter
526	 5.730225e-04	 703	 iter
527	 5.730225e-04	 705	 iter
528	 5.730225e-04	 707	 iter
529	 5.730225e-04	 708	 iter
530	 5.686200e-04	 710	 iter
531	 5.686200e-04	 711	 iter
532	 5.638965e-04	 713	 iter
533	 5.638965e-04	 714	 iter
534	 5.638965e-04	 715	 iter
535	 5.638965e-04	 716	 iter
536	 5.638965e-04	 717	 iter
537	 5.638965e-04	 719	 iter
538	 5.638965e-04	 720	 iter
539	 5.638965e-04	 721	 iter
540	 5.626674e-04	 723	 iter
541	 5.626674e-04	 724	 iter
542	 5.584611e-04	 726	 iter
543	 5.584611e-04	 727	 iter
544	 5.584611e-04	 728	 iter
545	 5.584611e-04	 729	 iter
546	 5.541883e-04	 731	 iter
547	 5.541883e-04	 732	 iter
548	 5.541883e-04	 733	 iter
549	 5.541883e-04	 734	 iter
550	 5.541883e-04	 735	 iter
551	 5.541883e-04	 736	 iter
552	 5.541883e-04	 737	 iter
553	 5.449564e-04	 739	 iter
554	 5.449564e-04	 740	 iter
555	 5.449564e-04	 741	 iter
556	 5.449564e-04	 742	 iter
557	 5.449564e-04	 743	 iter
558	 5.449564e-04	 744	 iter
559	 5.449564e-04	 745	 iter
560	 5.449564e-04	 746	 iter
561	 5.449564e-04	 748	 iter
562	 5.449564e-04	 749	 iter
563	 5.306464e-04	 751	 iter
564	 5.306464e-04	 752	 iter
565	 5.306464e-04	 753	 iter
566	 5.306464e-04	 754	 iter
567	 5.306464e-04	 755	 iter
568	 5.306464e-04	 756	 iter
569	 5.306464e-04	 757	 iter
570	 5.306464e-04	 758	 iter
571	 5.226069e-04	 760	 iter
572	 5.226069e-04	 761	 iter
573	 5.226069e-04	 762	 iter
574	 5.226069e-04	 764	 iter
575	 5.226069e-04	 765	 iter
576	 5.226069e-04	 766	 iter
577	 5.226069e-04	 767	 iter
578	 5.226069e-04	 768	 iter
579	 5.226069e-04	 769	 iter
580	 5.224187e-04	 771	 iter
581	 5.224187e-04	 772	 iter
582	 5.224187e-04	 773	 iter
583	 5.191792e-04	 775	 iter
584	 5.170093e-04	 777	 iter
585	 5.170093e-04	 778	 iter
586	 5.170093e-04	 779	 iter
587	 5.139201e-04	 781	 iter
588	 4.962949e-04	 783	 iter
589	 4.962949e-04	 784	 iter
590	 4.962949e-04	 785	 iter
591	 4.962949e-04	 786	 iter
592	 4.962949e-04	 787	 iter
593	 4.962949e-04	 788	 iter
594	 4.962949e-04	 789	 iter
595	 4.962949e-04	 790	 iter
596	 4.962949e-04	 791	 iter
597	 4.962949e-04	 792	 iter
598	 4.962949e-04	 793	 iter
599	 4.962949e-04	 794	 iter
600	 4.962949e-04	 795	 iter
601	 4.962949e-04	 797	 iter
602	 4.962949e-04	 799	 iter
603	 4.731242e-04	 801	 iter
604	 4.731242e-04	 802	 iter
605	 4.731242e-04	 803	 iter
606	 4.731242e-04	 804	 iter
607	 4.731242e-04	 805	 iter
608	 4.731242e-04	 806	 iter
609	 4.731242e-04	 807	 iter
610	 4.731242e-04	 808	 iter
611	 4.731242e-04	 809	 iter
612	 4.731242e-04	 810	 iter
613	 4.731242e-04	 811	 iter
614	 4.731242e-04	 812	 iter
615	 4.693470e-04	 814	 iter
616	 4.630379e-04	 816	 iter
617	 4.503377e-04	 818	 iter
618	 4.503377e-04	 819	 iter
619	 4.503377e-04	 820	 iter
620	 4.319650e-04	 822	 iter
621	 4.319650e-04	 823	 iter
622	 4.319650e-04	 824	 iter
623	 4.319650e-04	 825	 iter
624	 4.319650e-04	 826	 iter
625	 4.190583e-04	 828	 iter
626	 4.190583e-04	 829	 iter
627	 4.190583e-04	 830	 iter
628	 3.823625e-04	 832	 iter
629	 3.823625e-04	 833	 iter
630	 3.823625e-04	 834	 iter
631	 3.823625e-04	 835	 iter
632	 3.823625e-04	 836	 iter
633	 3.823625e-04	 837	 iter
634	 3.823625e-04	 838	 iter
635	 3.823625e-04	 839	 iter
636	 3.823625e-04	 840	 iter
637	 3.822715e-04	 842	 iter
638	 3.822715e-04	 843	 iter
639	 3.822715e-04	 844	 iter
640	 3.822715e-04	 846	 iter
641	 3.398012e-04	 848	 iter
642	 3.398012e-04	 849	 iter
643	 3.398012e-04	 850	 iter
644	 3.398012e-04	 851	 iter
645	 3.398012e-04	 852	 iter
646	 3.398012e-04	 853	 iter
647	 3.398012e-04	 854	 iter
648	 3.398012e-04	 855	 iter
649	 3.398012e-04	 856	 iter
650	 3.398012e-04	 857	 iter
651	 3.360942e-04	 859	 iter
652	 3.360942e-04	 860	 iter
653	 3.360942e-04	 861	 iter
654	 3.360942e-04	 862	 iter
655	 3.360942e-04	 863	 iter
656	 3.225589e-04	 865	 iter
657	 3.225589e-04	 866	 iter
658	 3.045574e-04	 868	 iter
659	 3.045574e-04	 869	 iter
660	 3.045574e-04	 870	 iter
661	 3.045574e-04	 872	 iter
662	 3.045574e-04	 874	 iter
663	 3.045574e-04	 875	 iter
664	 3.045574e-04	 876	 iter
665	 3.028398e-04	 878	 iter
666	 3.028398e-04	 879	 iter
667	 2.817273e-04	 881	 iter
668	 2.817273e-04	 883	 iter
669	 2.817273e-04	 884	 iter
670	 2.817273e-04	 885	 iter
671	 2.817273e-04	 886	 iter
672	 2.817273e-04	 887	 iter
673	 2.817273e-04	 888	 iter
674	 2.817273e-04	 889	 iter
675	 2.817273e-04	 890	 iter
676	 2.792591e-04	 892	 iter
677	 2.792591e-04	 893	 iter
678	 2.783033e-04	 895	 iter
679	 2.704661e-04	 897	 iter
680	 2.704661e-04	 898	 iter
681	 2.704661e-04	 899	 iter
682	 2.704661e-04	 900	 iter
683	 2.704661e-04	 902	 iter
684	 2.704661e-04	 903	 iter
685	 2.704661e-04	 904	 iter
686	 2.704661e-04	 905	 iter
687	 2.704661e-04	 906	 iter
688	 2.704661e-04	 907	 iter
689	 2.704661e-04	 909	 iter
690	 2.704661e-04	 910	 iter
691	 2.704661e-04	 912	 iter
692	 2.704661e-04	 913	 iter
693	 2.704661e-04	 914	 iter
694	 2.704661e-04	 915	 iter
695	 2.704661e-04	 917	 iter
696	 2.704661e-04	 918	 iter
697	 2.704661e-04	 919	 iter
698	 2.704661e-04	 921	 iter
699	 2.704661e-04	 922	 iter
700	 2.704661e-04	 924	 iter
701	 2.704661e-04	 926	 iter
702	 2.704661e-04	 927	 iter
703	 2.704661e-04	 928	 iter
704	 2.704661e-04	 930	 iter
705	 2.704661e-04	 932	 iter
706	 2.702912e-04	 934	 iter
707	 2.702912e-04	 935	 iter
708	 2.702912e-04	 936	 iter
709	 2.702912e-04	 937	 iter
710	 2.693164e-04	 939	 iter
711	 2.693164e-04	 941	 iter
712	 2.687993e-04	 943	 iter
713	 2.687993e-04	 944	 iter
714	 2.682083e-04	 946	 iter
715	 2.682083e-04	 948	 iter
716	 2.682083e-04	 949	 iter
717	 2.674833e-04	 951	 iter
718	 2.674833e-04	 952	 iter
719	 2.674833e-04	 954	 iter
720	 2.674833e-04	 956	 iter
721	 2.674833e-04	 957	 iter
722	 2.674098e-04	 959	 iter
723	 2.674098e-04	 960	 iter
724	 2.666609e-04	 962	 iter
725	 2.666609e-04	 964	 iter
726	 2.666609e-04	 965	 iter
727	 2.666609e-04	 967	 iter
728	 2.666609e-04	 969	 iter
729	 2.665868e-04	 971	 iter
730	 2.665868e-04	 973	 iter
731	 2.660584e-04	 975	 iter
732	 2.660584e-04	 976	 iter
733	 2.660584e-04	 978	 iter
734	 2.660584e-04	 980	 iter
735	 2.660584e-04	 982	 iter
736	 2.660584e-04	 983	 iter
737	 2.660584e-04	 984	 iter
738	 2.660584e-04	 986	 iter
739	 2.654196e-04	 988	 iter
740	 2.654196e-04	 990	 iter
741	 2.654196e-04	 991	 iter
742	 2.654196e-04	 993	 iter
743	 2.654196e-04	 995	 iter
744	 2.654196e-04	 997	 iter
745	 2.654196e-04	 998	 iter
746	 2.654196e-04	 999	 iter
747	 2.654196e-04	 1000	 iter
748	 2.647662e-04	 1002	 iter
749	 2.647662e-04	 1003	 iter
750	 2.647662e-04	 1004	 iter
751	 2.647662e-04	 1006	 iter
752	 2.644926e-04	 1008	 iter
753	 2.643443e-04	 1010	 iter
754	 2.643443e-04	 1011	 iter
755	 2.643443e-04	 1012	 iter
756	 2.643443e-04	 1013	 iter
757	 2.643443e-04	 1014	 iter
758	 2.643443e-04	 1015	 iter
759	 2.643443e-04	 1016	 iter
760	 2.641333e-04	 1018	 iter
761	 2.641333e-04	 1020	 iter
762	 2.641333e-04	 1021	 iter
763	 2.641333e-04	 1023	 iter
764	 2.641333e-04	 1025	 iter
765	 2.641333e-04	 1027	 iter
766	 2.641333e-04	 1029	 iter
767	 2.641333e-04	 1030	 iter
768	 2.641333e-04	 1031	 iter
769	 2.641333e-04	 1032	 iter
770	 2.641333e-04	 1033	 iter
771	 2.641333e-04	 1034	 iter
772	 2.641333e-04	 1035	 iter
773	 2.641333e-04	 1037	 iter
774	 2.641333e-04	 1038	 iter
775	 2.633796e-04	 1040	 iter
776	 2.633796e-04	 1041	 iter
777	 2.633796e-04	 1042	 iter
778	 2.633796e-04	 1044	 iter
779	 2.633796e-04	 1045	 iter
780	 2.633796e-04	 1046	 iter
781	 2.633796e-04	 1047	 iter
782	 2.633796e-04	 1048	 iter
783	 2.633796e-04	 1049	 iter
784	 2.633796e-04	 1050	 iter
785	 2.630853e-04	 1052	 iter
786	 2.630853e-04	 1053	 iter
787	 2.630853e-04	 1054	 iter
788	 2.630853e-04	 1055	 iter
789	 2.630853e-04	 1056	 iter
790	 2.630853e-04	 1057	 iter
791	 2.630853e-04	 1058	 iter
792	 2.630853e-04	 1059	 iter
793	 2.630853e-04	 1061	 iter
794	 2.630853e-04	 1062	 iter
795	 2.622396e-04	 1064	 iter
796	 2.622396e-04	 1065	 iter
797	 2.619290e-04	 1067	 iter
798	 2.619290e-04	 1068	 iter
799	 2.619290e-04	 1069	 iter
800	 2.619290e-04	 1070	 iter
801	 2.619290e-04	 1071	 iter
802	 2.619290e-04	 1072	 iter
803	 2.619290e-04	 1073	 iter
804	 2.619290e-04	 1074	 iter
805	 2.619290e-04	 1075	 iter
806	 2.619290e-04	 1076	 iter
807	 2.619290e-04	 1078	 iter
808	 2.619290e-04	 1079	 iter
809	 2.619290e-04	 1080	 iter
810	 2.618633e-04	 1082	 iter
811	 2.618056e-04	 1084	 iter
812	 2.618056e-04	 1085	 iter
813	 2.617925e-04	 1087	 iter
814	 2.611037e-04	 1089	 iter
815	 2.607459e-04	 1091	 iter
816	 2.607459e-04	 1092	 iter
817	 2.600580e-04	 1094	 iter
818	 2.600580e-04	 1095	 iter
819	 2.600580e-04	 1096	 iter
820	 2.600580e-04	 1097	 iter
821	 2.600580e-04	 1098	 iter
822	 2.600580e-04	 1099	 iter
823	 2.600580e-04	 1100	 iter
824	 2.600580e-04	 1101	 iter
825	 2.590979e-04	 1103	 iter
826	 2.590979e-04	 1104	 iter
827	 2.590979e-04	 1105	 iter
828	 2.590979e-04	 1106	 iter
829	 2.590979e-04	 1107	 iter
830	 2.590979e-04	 1108	 iter
831	 2.590979e-04	 1109	 iter
832	 2.590979e-04	 1110	 iter
833	 2.590979e-04	 1111	 iter
834	 2.590979e-04	 1112	 iter
835	 2.590979e-04	 1114	 iter
836	 2.590281e-04	 1116	 iter
837	 2.576028e-04	 1118	 iter
838	 2.576028e-04	 1119	 iter
839	 2.576028e-04	 1120	 iter
840	 2.576028e-04	 1121	 iter
841	 2.576028e-04	 1122	 iter
842	 2.565287e-04	 1124	 iter
843	 2.565287e-04	 1125	 iter
844	 2.565287e-04	 1126	 iter
845	 2.565287e-04	 1127	 iter
846	 2.565287e-04	 1128	 iter
847	 2.565287e-04	 1129	 iter
848	 2.565287e-04	 1130	 iter
849	 2.565287e-04	 1131	 iter
850	 2.559124e-04	 1133	 iter
851	 2.559124e-04	 1134	 iter
852	 2.559124e-04	 1135	 iter
853	 2.559124e-04	 1136	 iter
854	 2.551275e-04	 1138	 iter
855	 2.551275e-04	 1139	 iter
856	 2.551275e-04	 1140	 iter
857	 2.551275e-04	 1141	 iter
858	 2.551275e-04	 1142	 iter
859	 2.549528e-04	 1144	 iter
860	 2.549528e-04	 1145	 iter
861	 2.547315e-04	 1147	 iter
862	 2.547315e-04	 1148	 iter
863	 2.541018e-04	 1150	 iter
864	 2.541018e-04	 1151	 iter
865	 2.541018e-04	 1152	 iter
866	 2.541018e-04	 1153	 iter
867	 2.541018e-04	 1154	 iter
868	 2.531377e-04	 1156	 iter
869	 2.531377e-04	 1157	 iter
870	 2.531377e-04	 1158	 iter
871	 2.531377e-04	 1159	 iter
872	 2.531377e-04	 1160	 iter
873	 2.519270e-04	 1162	 iter
874	 2.519270e-04	 1164	 iter
875	 2.519270e-04	 1165	 iter
876	 2.519270e-04	 1166	 iter
877	 2.519270e-04	 1167	 iter
878	 2.519270e-04	 1168	 iter
879	 2.519270e-04	 1170	 iter
880	 2.519270e-04	 1171	 iter
881	 2.519270e-04	 1172	 iter
882	 2.515062e-04	 1174	 iter
883	 2.515062e-04	 1175	 iter
884	 2.515062e-04	 1176	 iter
885	 2.515062e-04	 1178	 iter
886	 2.515062e-04	 1179	 iter
887	 2.512422e-04	 1181	 iter
888	 2.512422e-04	 1182	 iter
889	 2.512422e-04	 1183	 iter
890	 2.512422e-04	 1184	 iter
891	 2.512422e-04	 1185	 iter
892	 2.510714e-04	 1187	 iter
893	 2.510714e-04	 1188	 iter
894	 2.510714e-04	 1189	 iter
895	 2.510714e-04	 1190	 iter
896	 2.510714e-04	 1191	 iter
897	 2.510714e-04	 1192	 iter
898	 2.506280e-04	 1194	 iter
899	 2.501755e-04	 1196	 iter
900	 2.501755e-04	 1197	 iter
901	 2.482329e-04	 1199	 iter
902	 2.482329e-04	 1200	 iter
903	 2.482329e-04	 1201	 iter
904	 2.482329e-04	 1202	 iter
905	 2.482329e-04	 1203	 iter
906	 2.482329e-04	 1204	 iter
907	 2.482329e-04	 1205	 iter
908	 2.482329e-04	 1206	 iter
909	 2.482329e-04	 1207	 iter
910	 2.479200e-04	 1209	 iter
911	 2.479200e-04	 1210	 iter
912	 2.479200e-04	 1211	 iter
913	 2.479200e-04	 1212	 iter
914	 2.475136e-04	 1214	 iter
915	 2.448978e-04	 1216	 iter
916	 2.448978e-04	 1217	 iter
917	 2.448978e-04	 1218	 iter
918	 2.424469e-04	 1220	 iter
919	 2.424469e-04	 1221	 iter
920	 2.424469e-04	 1222	 iter
921	 2.424469e-04	 1223	 iter
922	 2.424469e-04	 1224	 iter
923	 2.424469e-04	 1225	 iter
924	 2.424469e-04	 1226	 iter
925	 2.424469e-04	 1227	 iter
926	 2.424469e-04	 1228	 iter
927	 2.424469e-04	 1229	 iter
928	 2.424469e-04	 1230	 iter
929	 2.401065e-04	 1232	 iter
930	 2.401065e-04	 1233	 iter
931	 2.401065e-04	 1234	 iter
932	 2.377045e-04	 1236	 iter
933	 2.377045e-04	 1237	 iter
934	 2.377045e-04	 1238	 iter
935	 2.377045e-04	 1239	 iter
936	 2.377045e-04	 1240	 iter
937	 2.377045e-04	 1241	 iter
938	 2.377045e-04	 1242	 iter
939	 2.370820e-04	 1244	 iter
940	 2.361001e-04	 1246	 iter
941	 2.337824e-04	 1248	 iter
942	 2.337824e-04	 1249	 iter
943	 2.272093e-04	 1251	 iter
944	 2.272093e-04	 1252	 iter
945	 2.272093e-04	 1253	 iter
946	 2.272093e-04	 1254	 iter
947	 2.272093e-04	 1255	 iter
948	 2.272093e-04	 1256	 iter
949	 2.272093e-04	 1257	 iter
950	 2.248053e-04	 1259	 iter
951	 2.248053e-04	 1260	 iter
952	 2.225481e-04	 1262	 iter
953	 2.225481e-04	 1263	 iter
954	 2.162749e-04	 1265	 iter
955	 2.162749e-04	 1266	 iter
956	 2.162749e-04	 1267	 iter
957	 2.162749e-04	 1268	 iter
958	 2.162749e-04	 1269	 iter
959	 2.162749e-04	 1270	 iter
960	 2.138483e-04	 1272	 iter
961	 2.138483e-04	 1273	 iter
962	 2.138483e-04	 1274	 iter
963	 2.138483e-04	 1275	 iter
964	 2.130404e-04	 1277	 iter
965	 2.130404e-04	 1278	 iter
966	 2.130404e-04	 1279	 iter
967	 2.130404e-04	 1280	 iter
968	 2.099637e-04	 1282	 iter
969	 2.099637e-04	 1283	 iter
970	 2.099637e-04	 1284	 iter
971	 2.099637e-04	 1285	 iter
972	 2.099637e-04	 1286	 iter
973	 2.099637e-04	 1287	 iter
974	 2.099637e-04	 1288	 iter
975	 2.099637e-04	 1289	 iter
976	 2.099637e-04	 1291	 iter
977	 2.099637e-04	 1293	 iter
978	 2.099637e-04	 1294	 iter
979	 2.099637e-04	 1296	 iter
980	 2.099637e-04	 1297	 iter
981	 2.099637e-04	 1298	 iter
982	 2.099431e-04	 1300	 iter
983	 2.099431e-04	 1302	 iter
984	 2.099431e-04	 1303	 iter
985	 2.098798e-04	 1305	 iter
986	 2.098798e-04	 1307	 iter
987	 2.098798e-04	 1309	 iter
988	 2.098798e-04	 1310	 iter
989	 2.098798e-04	 1312	 iter
990	 2.098798e-04	 1313	 iter
991	 2.097421e-04	 1315	 iter
992	 2.097421e-04	 1316	 iter
993	 2.097421e-04	 1317	 iter
994	 2.086963e-04	 1319	 iter
995	 2.086963e-04	 1320	 iter
996	 2.086963e-04	 1321	 iter
997	 2.086963e-04	 1322	 iter
998	 2.086963e-04	 1323	 iter
999	 2.075620e-04	 1325	 iter
1000	 2.075620e-04	 1326	 iter
1001	 2.075620e-04	 1328	 iter
1002	 2.075620e-04	 1329	 iter
1003	 2.075620e-04	 1330	 iter
1004	 2.075620e-04	 1332	 iter
1005	 2.075620e-04	 1334	 iter
1006	 2.075620e-04	 1335	 iter
1007	 2.070214e-04	 1337	 iter
1008	 2.070214e-04	 1338	 iter
1009	 2.070214e-04	 1340	 iter
1010	 2.070214e-04	 1341	 iter
1011	 2.070214e-04	 1342	 iter
1012	 2.070214e-04	 1343	 iter
1013	 2.064140e-04	 1345	 iter
1014	 2.061896e-04	 1347	 iter
1015	 2.061896e-04	 1349	 iter
1016	 2.061896e-04	 1350	 iter
1017	 2.061896e-04	 1351	 iter
1018	 2.061896e-04	 1353	 iter
1019	 2.061896e-04	 1355	 iter
1020	 2.061896e-04	 1357	 iter
1021	 2.061896e-04	 1359	 iter
1022	 2.061896e-04	 1360	 iter
1023	 2.061896e-04	 1362	 iter
1024	 2.059607e-04	 1364	 iter
1025	 2.059607e-04	 1365	 iter
1026	 2.054608e-04	 1367	 iter
1027	 2.054608e-04	 1368	 iter
1028	 2.054608e-04	 1370	 iter
1029	 2.054608e-04	 1371	 iter
1030	 2.054608e-04	 1372	 iter
1031	 2.054608e-04	 1373	 iter
1032	 2.054608e-04	 1374	 iter
1033	 2.054608e-04	 1376	 iter
1034	 2.054608e-04	 1378	 iter
1035	 2.052664e-04	 1380	 iter
1036	 2.052664e-04	 1381	 iter
1037	 2.052664e-04	 1382	 iter
1038	 2.052664e-04	 1383	 iter
1039	 2.052206e-04	 1385	 iter
1040	 2.041888e-04	 1387	 iter
1041	 2.041888e-04	 1388	 iter
1042	 2.041888e-04	 1389	 iter
1043	 2.041888e-04	 1390	 iter
1044	 2.041888e-04	 1391	 iter
1045	 2.041888e-04	 1392	 iter
1046	 2.041888e-04	 1393	 iter
1047	 2.041888e-04	 1394	 iter
1048	 2.041753e-04	 1396	 iter
1049	 2.041753e-04	 1397	 iter
1050	 2.021480e-04	 1399	 iter
1051	 2.021480e-04	 1400	 iter
1052	 2.021480e-04	 1401	 iter
1053	 2.021480e-04	 1402	 iter
1054	 2.021480e-04	 1403	 iter
1055	 2.021480e-04	 1404	 iter
1056	 2.010828e-04	 1406	 iter
1057	 2.010828e-04	 1407	 iter
1058	 2.010828e-04	 1408	 iter
1059	 2.010828e-04	 1409	 iter
1060	 2.010828e-04	 1410	 iter
1061	 2.010828e-04	 1411	 iter
1062	 2.010828e-04	 1412	 iter
1063	 2.010828e-04	 1413	 iter
1064	 2.010828e-04	 1414	 iter
1065	 2.010828e-04	 1415	 iter
1066	 2.010828e-04	 1416	 iter
1067	 2.004370e-04	 1418	 iter
1068	 2.004370e-04	 1419	 iter
1069	 2.004370e-04	 1420	 iter
1070	 2.004370e-04	 1421	 iter
1071	 1.992903e-04	 1423	 iter
1072	 1.992903e-04	 1424	 iter
1073	 1.987743e-04	 1426	 iter
1074	 1.987743e-04	 1427	 iter
1075	 1.987743e-04	 1428	 iter
1076	 1.987743e-04	 1429	 iter
1077	 1.987743e-04	 1430	 iter
1078	 1.982034e-04	 1432	 iter
1079	 1.979393e-04	 1434	 iter
1080	 1.978101e-04	 1436	 iter
1081	 1.971612e-04	 1438	 iter
1082	 1.955629e-04	 1440	 iter
1083	 1.955629e-04	 1441	 iter
1084	 1.955629e-04	 1442	 iter
1085	 1.923129e-04	 1444	 iter
1086	 1.923129e-04	 1445	 iter
1087	 1.923129e-04	 1446	 iter
1088	 1.923129e-04	 1447	 iter
1089	 1.923129e-04	 1448	 iter
1090	 1.923129e-04	 1449	 iter
1091	 1.923129e-04	 1450	 iter
1092	 1.895703e-04	 1452	 iter
1093	 1.895703e-04	 1453	 iter
1094	 1.895703e-04	 1454	 iter
1095	 1.895703e-04	 1455	 iter
1096	 1.856109e-04	 1457	 iter
1097	 1.856109e-04	 1458	 iter
1098	 1.856109e-04	 1459	 iter
1099	 1.856109e-04	 1460	 iter
1100	 1.856109e-04	 1461	 iter
1101	 1.856109e-04	 1462	 iter
1102	 1.856109e-04	 1463	 iter
1103	 1.856109e-04	 1464	 iter
1104	 1.856109e-04	 1465	 iter
1105	 1.856109e-04	 1466	 iter
1106	 1.800805e-04	 1468	 iter
1107	 1.800805e-04	 1469	 iter
1108	 1.800805e-04	 1470	 iter
1109	 1.800805e-04	 1471	 iter
1110	 1.750104e-04	 1473	 iter
1111	 1.750104e-04	 1474	 iter
1112	 1.750104e-04	 1475	 iter
1113	 1.750104e-04	 1476	 iter
1114	 1.750104e-04	 1477	 iter
1115	 1.750104e-04	 1478	 iter
1116	 1.750104e-04	 1479	 iter
1117	 1.750104e-04	 1480	 iter
1118	 1.750104e-04	 1481	 iter
1119	 1.750104e-04	 1482	 iter
1120	 1.711770e-04	 1484	 iter
1121	 1.711770e-04	 1485	 iter
1122	 1.711770e-04	 1486	 iter
1123	 1.704425e-04	 1488	 iter
1124	 1.704425e-04	 1489	 iter
1125	 1.679462e-04	 1491	 iter
1126	 1.620230e-04	 1493	 iter
1127	 1.620230e-04	 1494	 iter
1128	 1.560579e-04	 1496	 iter
1129	 1.560579e-04	 1497	 iter
1130	 1.560579e-04	 1498	 iter
1131	 1.560579e-04	 1499	 iter
1132	 1.560579e-04	 1500	 iter
1133	 1.560579e-04	 1501	 iter
1134	 1.560579e-04	 1502	 iter
1135	 1.537291e-04	 1504	 iter
1136	 1.537291e-04	 1505	 iter
1137	 1.530681e-04	 1507	 iter
1138	 1.530681e-04	 1508	 iter
1139	 1.530681e-04	 1509	 iter
1140	 1.530681e-04	 1510	 iter
1141	 1.530681e-04	 1511	 iter
1142	 1.530681e-04	 1512	 iter
1143	 1.530681e-04	 1514	 iter
1144	 1.530681e-04	 1515	 iter
1145	 1.491596e-04	 1517	 iter
1146	 1.491596e-04	 1518	 iter
1147	 1.491596e-04	 1519	 iter
1148	 1.491596e-04	 1520	 iter
1149	 1.491596e-04	 1521	 iter
1150	 1.491596e-04	 1522	 iter
1151	 1.491596e-04	 1524	 iter
1152	 1.491596e-04	 1525	 iter
1153	 1.466618e-04	 1527	 iter
1154	 1.465592e-04	 1529	 iter
1155	 1.465592e-04	 1530	 iter
1156	 1.465592e-04	 1531	 iter
1157	 1.465592e-04	 1532	 iter
1158	 1.465592e-04	 1534	 iter
1159	 1.465592e-04	 1535	 iter
1160	 1.465592e-04	 1537	 iter
1161	 1.424668e-04	 1539	 iter
1162	 1.424668e-04	 1540	 iter
1163	 1.424668e-04	 1541	 iter
1164	 1.420043e-04	 1543	 iter
1165	 1.420043e-04	 1544	 iter
1166	 1.420043e-04	 1545	 iter
1167	 1.420043e-04	 1547	 iter
1168	 1.420043e-04	 1548	 iter
1169	 1.420043e-04	 1549	 iter
1170	 1.415177e-04	 1551	 iter
1171	 1.415177e-04	 1553	 iter
1172	 1.415177e-04	 1554	 iter
1173	 1.415177e-04	 1555	 iter
1174	 1.415177e-04	 1556	 iter
1175	 1.415177e-04	 1557	 iter
1176	 1.385688e-04	 1559	 iter
1177	 1.385688e-04	 1560	 iter
1178	 1.385688e-04	 1561	 iter
1179	 1.385688e-04	 1562	 iter
1180	 1.377948e-04	 1564	 iter
1181	 1.377948e-04	 1565	 iter
1182	 1.377948e-04	 1566	 iter
1183	 1.377948e-04	 1567	 iter
1184	 1.377948e-04	 1568	 iter
1185	 1.377948e-04	 1569	 iter
1186	 1.377948e-04	 1570	 iter
1187	 1.375525e-04	 1572	 iter
1188	 1.375525e-04	 1574	 iter
1189	 1.375525e-04	 1575	 iter
1190	 1.375525e-04	 1576	 iter
1191	 1.362999e-04	 1578	 iter
1192	 1.362999e-04	 1579	 iter
1193	 1.362999e-04	 1580	 iter
1194	 1.362999e-04	 1581	 iter
1195	 1.362999e-04	 1582	 iter
1196	 1.362999e-04	 1583	 iter
1197	 1.362999e-04	 1584	 iter
1198	 1.362999e-04	 1585	 iter
1199	 1.361260e-04	 1587	 iter
1200	 1.361260e-04	 1589	 iter
1201	 1.361260e-04	 1591	 iter
1202	 1.360058e-04	 1593	 iter
1203	 1.358311e-04	 1595	 iter
1204	 1.358311e-04	 1596	 iter
1205	 1.355758e-04	 1598	 iter
1206	 1.355758e-04	 1600	 iter
1207	 1.355758e-04	 1602	 iter
1208	 1.346394e-04	 1604	 iter
1209	 1.332590e-04	 1606	 iter
1210	 1.332590e-04	 1607	 iter
1211	 1.332590e-04	 1609	 iter
1212	 1.332590e-04	 1610	 iter
1213	 1.332590e-04	 1611	 iter
1214	 1.332590e-04	 1613	 iter
1215	 1.332590e-04	 1615	 iter
1216	 1.332590e-04	 1617	 iter
1217	 1.332590e-04	 1618	 iter
1218	 1.332590e-04	 1619	 iter
1219	 1.332590e-04	 1620	 iter
1220	 1.332590e-04	 1622	 iter
1221	 1.331560e-04	 1624	 iter
1222	 1.328299e-04	 1626	 iter
1223	 1.328299e-04	 1627	 iter
1224	 1.328299e-04	 1628	 iter
1225	 1.328299e-04	 1629	 iter
1226	 1.328299e-04	 1630	 iter
1227	 1.328299e-04	 1631	 iter
1228	 1.328299e-04	 1633	 iter
1229	 1.328299e-04	 1635	 iter
1230	 1.328299e-04	 1637	 iter
1231	 1.328299e-04	 1638	 iter
1232	 1.324728e-04	 1640	 iter
1233	 1.322078e-04	 1642	 iter
1234	 1.322078e-04	 1643	 iter
1235	 1.322078e-04	 1644	 iter
1236	 1.314512e-04	 1646	 iter
1237	 1.314512e-04	 1647	 iter
1238	 1.314512e-04	 1648	 iter
1239	 1.314512e-04	 1649	 iter
1240	 1.314512e-04	 1650	 iter
1241	 1.314512e-04	 1651	 iter
1242	 1.314512e-04	 1652	 iter
1243	 1.314512e-04	 1653	 iter
1244	 1.314512e-04	 1654	 iter
1245	 1.314512e-04	 1656	 iter
1246	 1.314512e-04	 1657	 iter
1247	 1.314512e-04	 1658	 iter
1248	 1.314512e-04	 1659	 iter
1249	 1.314512e-04	 1660	 iter
1250	 1.312800e-04	 1662	 iter
1251	 1.312800e-04	 1663	 iter
1252	 1.312800e-04	 1664	 iter
1253	 1.306941e-04	 1666	 iter
1254	 1.301050e-04	 1668	 iter
1255	 1.301050e-04	 1669	 iter
1256	 1.301050e-04	 1670	 iter
1257	 1.294990e-04	 1672	 iter
1258	 1.294990e-04	 1673	 iter
1259	 1.294990e-04	 1674	 iter
1260	 1.294990e-04	 1675	 iter
1261	 1.294990e-04	 1677	 iter
1262	 1.294990e-04	 1678	 iter
1263	 1.294990e-04	 1679	 iter
1264	 1.294990e-04	 1680	 iter
1265	 1.294990e-04	 1682	 iter
1266	 1.294286e-04	 1684	 iter
1267	 1.294286e-04	 1685	 iter
1268	 1.294286e-04	 1686	 iter
1269	 1.292428e-04	 1688	 iter
1270	 1.292428e-04	 1689	 iter
1271	 1.292428e-04	 1690	 iter
1272	 1.292428e-04	 1691	 iter
1273	 1.292428e-04	 1692	 iter
1274	 1.292428e-04	 1693	 iter
1275	 1.292428e-04	 1694	 iter
1276	 1.292428e-04	 1695	 iter
1277	 1.292428e-04	 1697	 iter
1278	 1.275974e-04	 1699	 iter
1279	 1.275974e-04	 1700	 iter
1280	 1.275974e-04	 1701	 iter
1281	 1.275974e-04	 1702	 iter
1282	 1.275974e-04	 1703	 iter
1283	 1.275974e-04	 1704	 iter
1284	 1.275974e-04	 1705	 iter
1285	 1.275974e-04	 1706	 iter
1286	 1.275974e-04	 1707	 iter
1287	 1.275974e-04	 1708	 iter
1288	 1.275974e-04	 1709	 iter
1289	 1.275974e-04	 1710	 iter
1290	 1.275974e-04	 1711	 iter
1291	 1.275974e-04	 1713	 iter
1292	 1.275974e-04	 1715	 iter
1293	 1.275974e-04	 1716	 iter
1294	 1.275974e-04	 1717	 iter
1295	 1.275974e-04	 1718	 iter
1296	 1.275974e-04	 1719	 iter
1297	 1.273449e-04	 1721	 iter
1298	 1.273449e-04	 1722	 iter
1299	 1.273449e-04	 1723	 iter
1300	 1.270473e-04	 1725	 iter
1301	 1.270473e-04	 1726	 iter
1302	 1.270473e-04	 1728	 iter
1303	 1.270473e-04	 1730	 iter
1304	 1.270473e-04	 1732	 iter
1305	 1.269736e-04	 1734	 iter
1306	 1.269736e-04	 1735	 iter
1307	 1.268022e-04	 1737	 iter
1308	 1.268022e-04	 1738	 iter
1309	 1.268022e-04	 1739	 iter
1310	 1.268022e-04	 1740	 iter
1311	 1.268022e-04	 1741	 iter
1312	 1.268022e-04	 1742	 iter
1313	 1.268022e-04	 1743	 iter
1314	 1.268022e-04	 1744	 iter
1315	 1.268022e-04	 1745	 iter
1316	 1.263710e-04	 1747	 iter
1317	 1.263710e-04	 1748	 iter
1318	 1.263710e-04	 1749	 iter
1319	 1.263710e-04	 1751	 iter
1320	 1.263710e-04	 1752	 iter
1321	 1.263710e-04	 1754	 iter
1322	 1.263710e-04	 1755	 iter
1323	 1.263710e-04	 1756	 iter
1324	 1.263710e-04	 1758	 iter
1325	 1.263710e-04	 1759	 iter
1326	 1.263710e-04	 1760	 iter
1327	 1.263710e-04	 1761	 iter
1328	 1.263710e-04	 1762	 iter
1329	 1.263710e-04	 1763	 iter
1330	 1.262574e-04	 1765	 iter
1331	 1.262574e-04	 1767	 iter
1332	 1.262574e-04	 1768	 iter
1333	 1.262574e-04	 1769	 iter
1334	 1.262574e-04	 1770	 iter
1335	 1.262574e-04	 1771	 iter
1336	 1.262574e-04	 1772	 iter
1337	 1.259791e-04	 1774	 iter
1338	 1.259791e-04	 1775	 iter
1339	 1.259791e-04	 1776	 iter
1340	 1.259791e-04	 1777	 iter
1341	 1.259791e-04	 1778	 iter
1342	 1.259791e-04	 1779	 iter
1343	 1.259791e-04	 1780	 iter
1344	 1.259791e-04	 1781	 iter
1345	 1.259791e-04	 1782	 iter
1346	 1.259791e-04	 1783	 iter
1347	 1.259791e-04	 1784	 iter
1348	 1.259791e-04	 1785	 iter
1349	 1.259791e-04	 1786	 iter
1350	 1.259791e-04	 1787	 iter
1351	 1.259791e-04	 1789	 iter
1352	 1.259791e-04	 1790	 iter
1353	 1.259791e-04	 1791	 iter
1354	 1.259791e-04	 1793	 iter
1355	 1.259791e-04	 1794	 iter
1356	 1.259791e-04	 1796	 iter
1357	 1.259791e-04	 1798	 iter
1358	 1.259791e-04	 1800	 iter
1359	 1.259791e-04	 1801	 iter
1360	 1.259791e-04	 1802	 iter
1361	 1.259791e-04	 1803	 iter
1362	 1.258985e-04	 1805	 iter
1363	 1.258985e-04	 1806	 iter
1364	 1.258985e-04	 1807	 iter
1365	 1.258985e-04	 1809	 iter
1366	 1.257671e-04	 1811	 iter
1367	 1.257671e-04	 1812	 iter
1368	 1.257671e-04	 1814	 iter
1369	 1.257671e-04	 1816	 iter
1370	 1.257671e-04	 1818	 iter
1371	 1.257671e-04	 1819	 iter
1372	 1.257671e-04	 1820	 iter
1373	 1.257671e-04	 1822	 iter
1374	 1.257671e-04	 1823	 iter
1375	 1.257671e-04	 1824	 iter
1376	 1.257671e-04	 1825	 iter
1377	 1.257671e-04	 1826	 iter
1378	 1.257671e-04	 1828	 iter
1379	 1.257671e-04	 1829	 iter
1380	 1.257671e-04	 1830	 iter
1381	 1.257671e-04	 1832	 iter
1382	 1.257671e-04	 1834	 iter
1383	 1.257671e-04	 1835	 iter
1384	 1.257671e-04	 1836	 iter
1385	 1.257671e-04	 1837	 iter
1386	 1.257671e-04	 1839	 iter
1387	 1.257671e-04	 1841	 iter
1388	 1.257671e-04	 1842	 iter
1389	 1.257671e-04	 1844	 iter
1390	 1.257671e-04	 1845	 iter
1391	 1.257671e-04	 1846	 iter
1392	 1.257664e-04	 1848	 iter
1393	 1.257346e-04	 1850	 iter
1394	 1.257346e-04	 1852	 iter
1395	 1.257346e-04	 1853	 iter
1396	 1.257346e-04	 1854	 iter
1397	 1.257346e-04	 1855	 iter
1398	 1.257346e-04	 1856	 iter
1399	 1.257346e-04	 1858	 iter
1400	 1.257346e-04	 1860	 iter
1401	 1.257346e-04	 1861	 iter
1402	 1.257346e-04	 1862	 iter
1403	 1.257346e-04	 1864	 iter
1404	 1.257346e-04	 1866	 iter
1405	 1.257346e-04	 1868	 iter
1406	 1.257346e-04	 1869	 iter
1407	 1.256668e-04	 1871	 iter
1408	 1.256668e-04	 1872	 iter
1409	 1.256668e-04	 1873	 iter
1410	 1.256668e-04	 1874	 iter
1411	 1.256668e-04	 1875	 iter
1412	 1.256668e-04	 1876	 iter
1413	 1.256668e-04	 1878	 iter
1414	 1.256668e-04	 1880	 iter
1415	 1.256668e-04	 1881	 iter
1416	 1.256668e-04	 1882	 iter
1417	 1.256668e-04	 1883	 iter
1418	 1.256668e-04	 1884	 iter
1419	 1.256668e-04	 1885	 iter
1420	 1.256668e-04	 1886	 iter
1421	 1.256570e-04	 1888	 iter
1422	 1.256570e-04	 1889	 iter
1423	 1.256570e-04	 1891	 iter
1424	 1.256570e-04	 1892	 iter
1425	 1.256570e-04	 1894	 iter
1426	 1.256570e-04	 1895	 iter
1427	 1.256570e-04	 1896	 iter
1428	 1.256570e-04	 1898	 iter
1429	 1.256570e-04	 1900	 iter
1430	 1.256570e-04	 1901	 iter
1431	 1.256570e-04	 1902	 iter
1432	 1.256460e-04	 1904	 iter
1433	 1.256460e-04	 1905	 iter
1434	 1.256460e-04	 1906	 iter
1435	 1.256460e-04	 1908	 iter
1436	 1.256460e-04	 1909	 iter
1437	 1.256460e-04	 1910	 iter
1438	 1.256460e-04	 1911	 iter
1439	 1.256460e-04	 1913	 iter
1440	 1.256460e-04	 1914	 iter
1441	 1.256460e-04	 1915	 iter
1442	 1.256460e-04	 1916	 iter
1443	 1.256421e-04	 1918	 iter
1444	 1.256203e-04	 1920	 iter
1445	 1.256203e-04	 1922	 iter
1446	 1.256203e-04	 1923	 iter
1447	 1.256203e-04	 1924	 iter
1448	 1.256203e-04	 1925	 iter
1449	 1.256203e-04	 1926	 iter
1450	 1.256203e-04	 1928	 iter
1451	 1.256203e-04	 1930	 iter
1452	 1.256203e-04	 1931	 iter
1453	 1.256203e-04	 1933	 iter
1454	 1.256203e-04	 1934	 iter
1455	 1.256203e-04	 1935	 iter
1456	 1.256203e-04	 1936	 iter
1457	 1.256203e-04	 1937	 iter
1458	 1.256203e-04	 1939	 iter
1459	 1.256203e-04	 1940	 iter
1460	 1.256084e-04	 1942	 iter
1461	 1.256084e-04	 1943	 iter
1462	 1.256084e-04	 1944	 iter
1463	 1.256084e-04	 1945	 iter
1464	 1.256084e-04	 1946	 iter
1465	 1.255982e-04	 1948	 iter
1466	 1.255982e-04	 1949	 iter
1467	 1.255982e-04	 1950	 iter
1468	 1.255982e-04	 1951	 iter
1469	 1.255982e-04	 1952	 iter
1470	 1.255982e-04	 1953	 iter
1471	 1.255926e-04	 1955	 iter
1472	 1.255926e-04	 1956	 iter
1473	 1.255910e-04	 1958	 iter
1474	 1.255910e-04	 1959	 iter
1475	 1.255896e-04	 1961	 iter
1476	 1.255896e-04	 1962	 iter
1477	 1.255896e-04	 1963	 iter
1478	 1.255896e-04	 1964	 iter
1479	 1.255896e-04	 1965	 iter
1480	 1.255821e-04	 1967	 iter
1481	 1.255770e-04	 1969	 iter
1482	 1.255770e-04	 1970	 iter
1483	 1.255770e-04	 1971	 iter
1484	 1.255757e-04	 1973	 iter
1485	 1.255757e-04	 1974	 iter
1486	 1.255550e-04	 1976	 iter
1487	 1.255550e-04	 1977	 iter
1488	 1.255550e-04	 1979	 iter
1489	 1.255550e-04	 1980	 iter
1490	 1.255546e-04	 1982	 iter
1491	 1.255546e-04	 1983	 iter
1492	 1.255546e-04	 1984	 iter
1493	 1.255546e-04	 1986	 iter
1494	 1.255546e-04	 1987	 iter
1495	 1.255546e-04	 1988	 iter
1496	 1.255520e-04	 1990	 iter
1497	 1.255328e-04	 1992	 iter
1498	 1.255328e-04	 1993	 iter
1499	 1.255328e-04	 1994	 iter
1500	 1.255224e-04	 1996	 iter
1501	 1.255224e-04	 1997	 iter
1502	 1.255224e-04	 1998	 iter
1503	 1.254901e-04	 2000	 iter
1504	 1.254901e-04	 2001	 iter
1505	 1.254901e-04	 2002	 iter
1506	 1.254901e-04	 2003	 iter
1507	 1.254901e-04	 2004	 iter
1508	 1.254901e-04	 2005	 iter
1509	 1.254885e-04	 2007	 iter
1510	 1.254885e-04	 2008	 iter
1511	 1.254885e-04	 2009	 iter
1512	 1.254885e-04	 2010	 iter
1513	 1.254853e-04	 2012	 iter
1514	 1.254849e-04	 2014	 iter
1515	 1.254534e-04	 2016	 iter
1516	 1.254534e-04	 2017	 iter
1517	 1.254042e-04	 2019	 iter
1518	 1.254042e-04	 2020	 iter
1519	 1.254042e-04	 2021	 iter
1520	 1.254042e-04	 2022	 iter
1521	 1.254042e-04	 2023	 iter
1522	 1.254042e-04	 2024	 iter
1523	 1.254042e-04	 2025	 iter
1524	 1.254042e-04	 2026	 iter
1525	 1.253968e-04	 2028	 iter
1526	 1.253601e-04	 2030	 iter
1527	 1.253601e-04	 2031	 iter
1528	 1.252917e-04	 2033	 iter
1529	 1.252917e-04	 2034	 iter
1530	 1.252917e-04	 2035	 iter
1531	 1.252917e-04	 2036	 iter
1532	 1.252917e-04	 2037	 iter
1533	 1.252917e-04	 2038	 iter
1534	 1.252917e-04	 2039	 iter
1535	 1.252917e-04	 2040	 iter
1536	 1.252681e-04	 2042	 iter
1537	 1.252344e-04	 2044	 iter
1538	 1.251549e-04	 2046	 iter
1539	 1.251549e-04	 2047	 iter
1540	 1.251549e-04	 2048	 iter
1541	 1.251549e-04	 2049	 iter
1542	 1.251549e-04	 2050	 iter
1543	 1.251549e-04	 2051	 iter
1544	 1.251528e-04	 2053	 iter
1545	 1.251442e-04	 2055	 iter
1546	 1.249959e-04	 2057	 iter
1547	 1.249959e-04	 2058	 iter
1548	 1.249959e-04	 2059	 iter
1549	 1.249959e-04	 2060	 iter
1550	 1.249959e-04	 2061	 iter
1551	 1.249959e-04	 2062	 iter
1552	 1.248961e-04	 2064	 iter
1553	 1.248961e-04	 2065	 iter
1554	 1.248961e-04	 2066	 iter
1555	 1.248961e-04	 2067	 iter
1556	 1.248961e-04	 2068	 iter
1557	 1.248961e-04	 2069	 iter
1558	 1.248141e-04	 2071	 iter
1559	 1.248141e-04	 2072	 iter
1560	 1.248141e-04	 2073	 iter
1561	 1.248141e-04	 2074	 iter
1562	 1.248141e-04	 2075	 iter
1563	 1.248100e-04	 2077	 iter
1564	 1.246987e-04	 2079	 iter
1565	 1.246987e-04	 2080	 iter
1566	 1.246987e-04	 2081	 iter
1567	 1.244334e-04	 2083	 iter
1568	 1.244334e-04	 2084	 iter
1569	 1.244334e-04	 2085	 iter
1570	 1.244334e-04	 2086	 iter
1571	 1.244334e-04	 2087	 iter
1572	 1.244334e-04	 2088	 iter
1573	 1.244334e-04	 2089	 iter
1574	 1.244334e-04	 2090	 iter
1575	 1.242673e-04	 2092	 iter
1576	 1.242673e-04	 2093	 iter
1577	 1.242673e-04	 2094	 iter
1578	 1.242673e-04	 2095	 iter
1579	 1.241364e-04	 2097	 iter
1580	 1.241364e-04	 2098	 iter
1581	 1.241364e-04	 2099	 iter
1582	 1.241364e-04	 2100	 iter
1583	 1.241364e-04	 2101	 iter
1584	 1.237624e-04	 2103	 iter
1585	 1.237624e-04	 2104	 iter
1586	 1.237624e-04	 2105	 iter
1587	 1.237624e-04	 2106	 iter
1588	 1.237624e-04	 2107	 iter
1589	 1.237624e-04	 2108	 iter
1590	 1.237624e-04	 2109	 iter
1591	 1.237624e-04	 2110	 iter
1592	 1.236957e-04	 2112	 iter
1593	 1.233789e-04	 2114	 iter
1594	 1.233789e-04	 2115	 iter
1595	 1.233789e-04	 2116	 iter
1596	 1.233789e-04	 2117	 iter
1597	 1.233789e-04	 2118	 iter
1598	 1.232078e-04	 2120	 iter
1599	 1.232078e-04	 2121	 iter
1600	 1.232078e-04	 2122	 iter
1601	 1.226280e-04	 2124	 iter
1602	 1.226280e-04	 2125	 iter
1603	 1.226280e-04	 2126	 iter
1604	 1.226280e-04	 2127	 iter
1605	 1.226280e-04	 2128	 iter
1606	 1.226280e-04	 2129	 iter
1607	 1.226280e-04	 2130	 iter
1608	 1.226280e-04	 2131	 iter
1609	 1.226280e-04	 2132	 iter
1610	 1.226280e-04	 2133	 iter
1611	 1.218966e-04	 2135	 iter
1612	 1.218966e-04	 2136	 iter
1613	 1.218966e-04	 2137	 iter
1614	 1.218966e-04	 2138	 iter
1615	 1.218966e-04	 2139	 iter
1616	 1.218966e-04	 2140	 iter
1617	 1.218966e-04	 2141	 iter
1618	 1.218966e-04	 2142	 iter
1619	 1.218966e-04	 2143	 iter
1620	 1.218966e-04	 2144	 iter
1621	 1.215395e-04	 2146	 iter
1622	 1.215395e-04	 2147	 iter
1623	 1.215395e-04	 2148	 iter
1624	 1.212438e-04	 2150	 iter
1625	 1.212438e-04	 2151	 iter
1626	 1.212438e-04	 2152	 iter
1627	 1.212438e-04	 2153	 iter
1628	 1.210344e-04	 2155	 iter
1629	 1.210344e-04	 2156	 iter
1630	 1.210344e-04	 2157	 iter
1631	 1.209856e-04	 2159	 iter
1632	 1.209856e-04	 2160	 iter
1633	 1.209856e-04	 2161	 iter
1634	 1.205476e-04	 2163	 iter
1635	 1.205476e-04	 2164	 iter
1636	 1.198153e-04	 2166	 iter
1637	 1.198153e-04	 2167	 iter
1638	 1.198153e-04	 2168	 iter
1639	 1.198153e-04	 2169	 iter
1640	 1.198153e-04	 2170	 iter
1641	 1.198153e-04	 2171	 iter
1642	 1.198153e-04	 2172	 iter
1643	 1.198153e-04	 2173	 iter
1644	 1.198153e-04	 2174	 iter
1645	 1.194661e-04	 2176	 iter
1646	 1.194661e-04	 2177	 iter
1647	 1.194661e-04	 2178	 iter
1648	 1.194127e-04	 2180	 iter
1649	 1.194127e-04	 2181	 iter
1650	 1.194127e-04	 2183	 iter
1651	 1.194127e-04	 2184	 iter
1652	 1.183654e-04	 2186	 iter
1653	 1.183654e-04	 2187	 iter
1654	 1.183654e-04	 2188	 iter
1655	 1.183654e-04	 2189	 iter
1656	 1.183654e-04	 2190	 iter
1657	 1.183654e-04	 2191	 iter
1658	 1.183654e-04	 2192	 iter
1659	 1.180091e-04	 2194	 iter
1660	 1.180091e-04	 2195	 iter
1661	 1.174154e-04	 2197	 iter
1662	 1.174154e-04	 2198	 iter
1663	 1.174154e-04	 2199	 iter
1664	 1.171115e-04	 2201	 iter
1665	 1.162628e-04	 2203	 iter
1666	 1.162628e-04	 2204	 iter
1667	 1.162628e-04	 2205	 iter
1668	 1.145856e-04	 2207	 iter
1669	 1.145856e-04	 2208	 iter
1670	 1.145856e-04	 2209	 iter
1671	 1.145856e-04	 2210	 iter
1672	 1.145856e-04	 2211	 iter
1673	 1.145856e-04	 2212	 iter
1674	 1.145856e-04	 2213	 iter
1675	 1.145856e-04	 2214	 iter
1676	 1.145856e-04	 2215	 iter
1677	 1.145856e-04	 2216	 iter
1678	 1.145856e-04	 2217	 iter
1679	 1.145856e-04	 2218	 iter
1680	 1.145856e-04	 2219	 iter
1681	 1.145856e-04	 2220	 iter
1682	 1.145856e-04	 2221	 iter
1683	 1.145856e-04	 2222	 iter
1684	 1.145856e-04	 2223	 iter
1685	 1.145127e-04	 2225	 iter
1686	 1.133086e-04	 2227	 iter
1687	 1.133086e-04	 2228	 iter
1688	 1.133086e-04	 2229	 iter
1689	 1.133086e-04	 2230	 iter
1690	 1.133086e-04	 2231	 iter
1691	 1.133086e-04	 2232	 iter
1692	 1.133086e-04	 2233	 iter
1693	 1.133086e-04	 2234	 iter
1694	 1.124567e-04	 2236	 iter
1695	 1.124567e-04	 2237	 iter
1696	 1.124567e-04	 2238	 iter
1697	 1.124567e-04	 2239	 iter
1698	 1.124567e-04	 2240	 iter
1699	 1.121445e-04	 2242	 iter
1700	 1.121445e-04	 2243	 iter
1701	 1.109307e-04	 2245	 iter
1702	 1.109307e-04	 2246	 iter
1703	 1.109307e-04	 2247	 iter
1704	 1.109307e-04	 2248	 iter
1705	 1.108251e-04	 2250	 iter
1706	 1.108251e-04	 2251	 iter
1707	 1.108251e-04	 2252	 iter
1708	 1.104505e-04	 2254	 iter
1709	 1.104505e-04	 2255	 iter
1710	 1.104505e-04	 2256	 iter
1711	 1.085112e-04	 2258	 iter
1712	 1.085112e-04	 2259	 iter
1713	 1.085112e-04	 2260	 iter
1714	 1.085112e-04	 2261	 iter
1715	 1.085112e-04	 2262	 iter
1716	 1.085112e-04	 2263	 iter
1717	 1.085112e-04	 2264	 iter
1718	 1.085112e-04	 2265	 iter
1719	 1.085112e-04	 2266	 iter
1720	 1.063268e-04	 2268	 iter
1721	 1.063268e-04	 2269	 iter
1722	 1.063268e-04	 2270	 iter
1723	 1.063268e-04	 2271	 iter
1724	 1.063268e-04	 2272	 iter
1725	 1.063268e-04	 2273	 iter
1726	 1.063268e-04	 2274	 iter
1727	 1.063268e-04	 2275	 iter
1728	 1.063268e-04	 2276	 iter
1729	 1.063268e-04	 2277	 iter
1730	 1.063268e-04	 2278	 iter
1731	 1.063268e-04	 2279	 iter
1732	 1.063268e-04	 2280	 iter
1733	 1.051527e-04	 2282	 iter
1734	 1.051527e-04	 2283	 iter
1735	 1.037583e-04	 2285	 iter
1736	 1.037583e-04	 2286	 iter
1737	 1.037583e-04	 2287	 iter
1738	 1.037583e-04	 2288	 iter
1739	 1.037583e-04	 2289	 iter
1740	 1.037583e-04	 2290	 iter
1741	 1.037583e-04	 2291	 iter
1742	 1.037583e-04	 2292	 iter
1743	 1.037583e-04	 2293	 iter
1744	 1.037583e-04	 2294	 iter
1745	 1.037583e-04	 2295	 iter
1746	 1.037047e-04	 2297	 iter
1747	 1.037047e-04	 2298	 iter
1748	 1.017660e-04	 2300	 iter
1749	 1.017660e-04	 2301	 iter
1750	 1.017660e-04	 2302	 iter
1751	 1.017660e-04	 2303	 iter
1752	 1.017660e-04	 2304	 iter
1753	 1.009347e-04	 2306	 iter
1754	 1.009347e-04	 2307	 iter
1755	 1.009347e-04	 2308	 iter
1756	 9.973985e-05	 2310	 iter
1757	 9.973985e-05	 2311	 iter
1758	 9.973985e-05	 2312	 iter
1759	 9.973985e-05	 2313	 iter
1760	 9.973985e-05	 2314	 iter
1761	 9.973985e-05	 2315	 iter
1762	 9.973985e-05	 2316	 iter
1763	 9.965293e-05	 2318	 iter
1764	 9.775985e-05	 2320	 iter
1765	 9.775985e-05	 2321	 iter
1766	 9.775985e-05	 2322	 iter
1767	 9.775985e-05	 2323	 iter
1768	 9.775985e-05	 2324	 iter
1769	 9.775985e-05	 2325	 iter
1770	 9.743892e-05	 2327	 iter
1771	 9.743892e-05	 2328	 iter
1772	 9.668143e-05	 2330	 iter
1773	 9.668143e-05	 2331	 iter
1774	 9.668143e-05	 2333	 iter
1775	 9.668143e-05	 2334	 iter
1776	 9.668143e-05	 2335	 iter
1777	 9.668143e-05	 2336	 iter
1778	 9.668143e-05	 2338	 iter
1779	 9.668143e-05	 2339	 iter
1780	 9.668143e-05	 2340	 iter
1781	 9.668143e-05	 2341	 iter
1782	 9.668143e-05	 2342	 iter
1783	 9.668143e-05	 2343	 iter
1784	 9.668143e-05	 2344	 iter
1785	 9.655127e-05	 2346	 iter
1786	 9.650038e-05	 2348	 iter
1787	 9.650038e-05	 2349	 iter
1788	 9.650038e-05	 2351	 iter
1789	 9.650038e-05	 2352	 iter
1790	 9.609600e-05	 2354	 iter
1791	 9.609600e-05	 2355	 iter
1792	 9.609600e-05	 2356	 iter
1793	 9.609600e-05	 2357	 iter
1794	 9.609600e-05	 2359	 iter
1795	 9.609600e-05	 2360	 iter
1796	 9.575435e-05	 2362	 iter
1797	 9.575435e-05	 2364	 iter
1798	 9.575435e-05	 2366	 iter
1799	 9.575435e-05	 2367	 iter
1800	 9.519450e-05	 2369	 iter
1801	 9.519450e-05	 2370	 iter
1802	 9.519450e-05	 2372	 iter
1803	 9.519450e-05	 2373	 iter
1804	 9.519450e-05	 2374	 iter
1805	 9.492787e-05	 2376	 iter
1806	 9.492787e-05	 2377	 iter
1807	 9.492787e-05	 2378	 iter
1808	 9.492787e-05	 2380	 iter
1809	 9.492787e-05	 2381	 iter
1810	 9.492787e-05	 2382	 iter
1811	 9.419941e-05	 2384	 iter
1812	 9.419941e-05	 2386	 iter
1813	 9.419941e-05	 2387	 iter
1814	 9.419941e-05	 2388	 iter
1815	 9.419941e-05	 2390	 iter
1816	 9.419941e-05	 2391	 iter
1817	 9.419941e-05	 2393	 iter
1818	 9.371513e-05	 2395	 iter
1819	 9.371513e-05	 2396	 iter
1820	 9.371513e-05	 2397	 iter
1821	 9.371513e-05	 2399	 iter
1822	 9.371513e-05	 2400	 iter
1823	 9.327167e-05	 2402	 iter
1824	 9.327167e-05	 2404	 iter
1825	 9.327167e-05	 2405	 iter
1826	 9.327167e-05	 2406	 iter
1827	 9.327167e-05	 2407	 iter
1828	 9.327167e-05	 2408	 iter
1829	 9.318897e-05	 2410	 iter
1830	 9.283303e-05	 2412	 iter
1831	 9.283303e-05	 2413	 iter
1832	 9.283303e-05	 2414	 iter
1833	 9.283303e-05	 2415	 iter
1834	 9.257832e-05	 2417	 iter
1835	 9.257832e-05	 2418	 iter
1836	 9.237227e-05	 2420	 iter
1837	 9.237227e-05	 2421	 iter
1838	 9.218037e-05	 2423	 iter
1839	 9.201111e-05	 2425	 iter
1840	 9.201111e-05	 2426	 iter
1841	 9.201111e-05	 2427	 iter
1842	 9.201111e-05	 2428	 iter
1843	 9.113432e-05	 2430	 iter
1844	 9.113432e-05	 2431	 iter
1845	 9.108696e-05	 2433	 iter
1846	 9.108696e-05	 2434	 iter
1847	 9.081209e-05	 2436	 iter
1848	 9.081209e-05	 2437	 iter
1849	 9.081209e-05	 2438	 iter
1850	 9.081209e-05	 2439	 iter
1851	 9.081209e-05	 2440	 iter
1852	 9.039643e-05	 2442	 iter
1853	 9.039643e-05	 2443	 iter
1854	 9.039643e-05	 2444	 iter
1855	 9.039643e-05	 2445	 iter
1856	 9.039643e-05	 2446	 iter
1857	 8.794591e-05	 2448	 iter
1858	 8.794591e-05	 2449	 iter
1859	 8.794591e-05	 2450	 iter
1860	 8.794591e-05	 2451	 iter
1861	 8.794591e-05	 2452	 iter
1862	 8.794591e-05	 2453	 iter
1863	 8.794591e-05	 2454	 iter
1864	 8.794591e-05	 2455	 iter
1865	 8.794591e-05	 2456	 iter
1866	 8.794591e-05	 2457	 iter
1867	 8.680739e-05	 2459	 iter
1868	 8.680739e-05	 2460	 iter
1869	 8.680739e-05	 2461	 iter
1870	 8.680739e-05	 2462	 iter
1871	 8.680739e-05	 2463	 iter
1872	 8.644636e-05	 2465	 iter
1873	 8.644636e-05	 2466	 iter
1874	 8.558052e-05	 2468	 iter
1875	 8.330422e-05	 2470	 iter
1876	 8.330422e-05	 2471	 iter
1877	 8.330422e-05	 2472	 iter
1878	 8.330422e-05	 2473	 iter
1879	 8.330422e-05	 2474	 iter
1880	 8.330422e-05	 2475	 iter
1881	 8.330422e-05	 2476	 iter
1882	 7.907134e-05	 2478	 iter
1883	 7.907134e-05	 2479	 iter
1884	 7.907134e-05	 2480	 iter
1885	 7.907134e-05	 2481	 iter
1886	 7.694057e-05	 2483	 iter
1887	 7.694057e-05	 2484	 iter
1888	 7.694057e-05	 2485	 iter
1889	 7.694057e-05	 2486	 iter
1890	 7.694057e-05	 2487	 iter
1891	 7.694057e-05	 2488	 iter
1892	 7.694057e-05	 2489	 iter
1893	 7.694057e-05	 2490	 iter
1894	 7.694057e-05	 2492	 iter
1895	 7.626597e-05	 2494	 iter
1896	 7.626597e-05	 2495	 iter
1897	 7.626597e-05	 2496	 iter
1898	 7.626597e-05	 2497	 iter
1899	 7.626597e-05	 2498	 iter
1900	 7.626597e-05	 2499	 iter
1901	 7.626597e-05	 2500	 iter
1902	 7.626597e-05	 2501	 iter
1903	 7.626597e-05	 2503	 iter
1904	 7.626597e-05	 2504	 iter
1905	 7.626597e-05	 2506	 iter
1906	 7.626597e-05	 2507	 iter
1907	 7.439066e-05	 2509	 iter
1908	 7.439066e-05	 2510	 iter
1909	 7.439066e-05	 2511	 iter
1910	 7.439066e-05	 2512	 iter
1911	 7.439066e-05	 2513	 iter
1912	 7.439066e-05	 2515	 iter
1913	 7.439066e-05	 2516	 iter
1914	 7.439066e-05	 2518	 iter
1915	 7.439066e-05	 2520	 iter
1916	 7.439066e-05	 2522	 iter
1917	 7.439066e-05	 2524	 iter
1918	 7.439066e-05	 2525	 iter
1919	 7.410526e-05	 2527	 iter
1920	 7.410526e-05	 2528	 iter
1921	 7.410526e-05	 2529	 iter
1922	 7.410526e-05	 2530	 iter
1923	 7.410526e-05	 2531	 iter
1924	 7.410526e-05	 2533	 iter
1925	 7.410526e-05	 2534	 iter
1926	 7.338816e-05	 2536	 iter
1927	 7.338816e-05	 2538	 iter
1928	 7.315533e-05	 2540	 iter
1929	 7.305448e-05	 2542	 iter
1930	 7.298795e-05	 2544	 iter
1931	 7.298795e-05	 2545	 iter
1932	 7.298795e-05	 2546	 iter
1933	 7.298795e-05	 2547	 iter
1934	 7.298795e-05	 2549	 iter
1935	 7.298795e-05	 2550	 iter
1936	 7.298795e-05	 2551	 iter
1937	 7.298795e-05	 2552	 iter
1938	 7.286803e-05	 2554	 iter
1939	 7.286803e-05	 2556	 iter
1940	 7.241344e-05	 2558	 iter
1941	 7.241344e-05	 2559	 iter
1942	 7.241344e-05	 2560	 iter
1943	 7.241344e-05	 2561	 iter
1944	 7.241344e-05	 2562	 iter
1945	 7.241344e-05	 2564	 iter
1946	 7.241344e-05	 2565	 iter
1947	 7.241344e-05	 2567	 iter
1948	 7.241344e-05	 2568	 iter
1949	 7.241344e-05	 2569	 iter
1950	 7.241344e-05	 2570	 iter
1951	 7.241344e-05	 2572	 iter
1952	 7.241344e-05	 2574	 iter
1953	 7.213954e-05	 2576	 iter
1954	 7.213954e-05	 2577	 iter
1955	 7.213954e-05	 2579	 iter
1956	 7.213954e-05	 2581	 iter
1957	 7.213954e-05	 2583	 iter
1958	 7.213954e-05	 2584	 iter
1959	 7.213954e-05	 2585	 iter
1960	 7.213954e-05	 2586	 iter
1961	 7.213954e-05	 2587	 iter
1962	 7.171300e-05	 2589	 iter
1963	 7.171300e-05	 2591	 iter
1964	 7.171300e-05	 2592	 iter
1965	 7.171300e-05	 2593	 iter
1966	 7.171300e-05	 2594	 iter
1967	 7.171300e-05	 2595	 iter
1968	 7.171300e-05	 2596	 iter
1969	 7.171300e-05	 2597	 iter
1970	 7.171300e-05	 2598	 iter
1971	 7.171300e-05	 2599	 iter
1972	 7.171300e-05	 2600	 iter
1973	 7.171300e-05	 2601	 iter
1974	 7.171300e-05	 2603	 iter
1975	 7.171300e-05	 2605	 iter
1976	 7.171300e-05	 2606	 iter
1977	 7.165473e-05	 2608	 iter
1978	 7.165473e-05	 2609	 iter
1979	 7.145607e-05	 2611	 iter
1980	 7.145607e-05	 2612	 iter
1981	 7.145607e-05	 2613	 iter
1982	 7.145607e-05	 2614	 iter
1983	 7.145607e-05	 2615	 iter
1984	 7.145607e-05	 2617	 iter
1985	 7.145607e-05	 2618	 iter
1986	 7.145607e-05	 2619	 iter
1987	 7.145607e-05	 2621	 iter
1988	 7.145607e-05	 2623	 iter
1989	 7.145607e-05	 2624	 iter
1990	 7.145607e-05	 2625	 iter
1991	 7.141140e-05	 2627	 iter
1992	 7.141140e-05	 2628	 iter
1993	 7.141140e-05	 2629	 iter
1994	 7.124855e-05	 2631	 iter
1995	 7.124855e-05	 2632	 iter
1996	 7.124855e-05	 2633	 iter
1997	 7.124855e-05	 2635	 iter
1998	 7.124855e-05	 2636	 iter
1999	 7.124855e-05	 2638	 iter
2000	 7.124855e-05	 2640	 iter
2001	 7.124855e-05	 2641	 iter
2002	 7.124855e-05	 2642	 iter
2003	 7.124855e-05	 2643	 iter
2004	 7.124855e-05	 2644	 iter
2005	 7.124855e-05	 2645	 iter
2006	 7.124855e-05	 2646	 iter
2007	 7.124855e-05	 2647	 iter
2008	 7.124855e-05	 2649	 iter
2009	 7.124855e-05	 2650	 iter
2010	 7.124855e-05	 2651	 iter
2011	 7.124855e-05	 2652	 iter
2012	 7.124855e-05	 2653	 iter
2013	 7.124855e-05	 2654	 iter
2014	 7.124855e-05	 2656	 iter
2015	 7.124855e-05	 2657	 iter
2016	 7.124855e-05	 2659	 iter
2017	 7.117201e-05	 2661	 iter
2018	 7.117201e-05	 2663	 iter
2019	 7.105805e-05	 2665	 iter
2020	 7.105805e-05	 2666	 iter
2021	 7.105805e-05	 2667	 iter
2022	 7.105805e-05	 2668	 iter
2023	 7.105805e-05	 2669	 iter
2024	 7.105805e-05	 2670	 iter
2025	 7.105805e-05	 2672	 iter
2026	 7.105805e-05	 2674	 iter
2027	 7.105805e-05	 2675	 iter
2028	 7.105805e-05	 2676	 iter
2029	 7.105805e-05	 2677	 iter
2030	 7.105805e-05	 2678	 iter
2031	 7.105805e-05	 2679	 iter
2032	 7.105805e-05	 2681	 iter
2033	 7.098532e-05	 2683	 iter
2034	 7.098532e-05	 2685	 iter
2035	 7.098532e-05	 2686	 iter
2036	 7.098532e-05	 2687	 iter
2037	 7.098532e-05	 2688	 iter
2038	 7.098532e-05	 2689	 iter
2039	 7.098532e-05	 2690	 iter
2040	 7.098532e-05	 2691	 iter
2041	 7.098532e-05	 2692	 iter
2042	 7.098532e-05	 2693	 iter
2043	 7.093314e-05	 2695	 iter
2044	 7.093314e-05	 2696	 iter
2045	 7.093314e-05	 2697	 iter
2046	 7.093314e-05	 2698	 iter
2047	 7.093314e-05	 2699	 iter
2048	 7.093314e-05	 2701	 iter
2049	 7.093314e-05	 2702	 iter
2050	 7.093314e-05	 2704	 iter
2051	 7.093314e-05	 2705	 iter
2052	 7.087399e-05	 2707	 iter
2053	 7.087399e-05	 2709	 iter
2054	 7.087399e-05	 2711	 iter
2055	 7.087399e-05	 2712	 iter
2056	 7.087399e-05	 2713	 iter
2057	 7.087399e-05	 2714	 iter
2058	 7.087399e-05	 2715	 iter
2059	 7.087399e-05	 2717	 iter
2060	 7.087399e-05	 2718	 iter
2061	 7.087399e-05	 2720	 iter
2062	 7.087399e-05	 2721	 iter
2063	 7.087399e-05	 2722	 iter
2064	 7.087399e-05	 2723	 iter
2065	 7.087399e-05	 2725	 iter
2066	 7.084902e-05	 2727	 iter
2067	 7.084902e-05	 2728	 iter
2068	 7.083233e-05	 2730	 iter
2069	 7.081794e-05	 2732	 iter
2070	 7.081794e-05	 2733	 iter
2071	 7.081794e-05	 2735	 iter
2072	 7.081794e-05	 2736	 iter
2073	 7.081794e-05	 2737	 iter
2074	 7.081794e-05	 2738	 iter
2075	 7.081794e-05	 2739	 iter
2076	 7.081794e-05	 2740	 iter
2077	 7.080597e-05	 2742	 iter
2078	 7.077997e-05	 2744	 iter
2079	 7.077997e-05	 2745	 iter
2080	 7.077997e-05	 2746	 iter
2081	 7.077997e-05	 2747	 iter
2082	 7.077997e-05	 2748	 iter
2083	 7.077997e-05	 2749	 iter
2084	 7.077997e-05	 2750	 iter
2085	 7.077997e-05	 2751	 iter
2086	 7.077997e-05	 2752	 iter
2087	 7.077997e-05	 2754	 iter
2088	 7.075129e-05	 2756	 iter
2089	 7.075129e-05	 2757	 iter
2090	 7.072627e-05	 2759	 iter
2091	 7.072627e-05	 2760	 iter
2092	 7.072627e-05	 2761	 iter
2093	 7.072627e-05	 2762	 iter
2094	 7.072627e-05	 2763	 iter
2095	 7.072627e-05	 2764	 iter
2096	 7.072506e-05	 2766	 iter
2097	 7.072506e-05	 2767	 iter
2098	 7.072506e-05	 2768	 iter
2099	 7.072506e-05	 2769	 iter
2100	 7.072506e-05	 2770	 iter
2101	 7.072506e-05	 2771	 iter
2102	 7.072506e-05	 2773	 iter
2103	 7.072506e-05	 2775	 iter
2104	 7.070406e-05	 2777	 iter
2105	 7.070406e-05	 2778	 iter
2106	 7.070406e-05	 2779	 iter
2107	 7.068382e-05	 2781	 iter
2108	 7.068382e-05	 2782	 iter
2109	 7.068382e-05	 2783	 iter
2110	 7.068382e-05	 2784	 iter
2111	 7.068382e-05	 2785	 iter
2112	 7.068382e-05	 2786	 iter
2113	 7.068382e-05	 2788	 iter
2114	 7.068382e-05	 2789	 iter
2115	 7.067899e-05	 2791	 iter
2116	 7.065383e-05	 2793	 iter
2117	 7.062853e-05	 2795	 iter
2118	 7.062853e-05	 2796	 iter
2119	 7.062853e-05	 2797	 iter
2120	 7.062853e-05	 2798	 iter
2121	 7.062853e-05	 2799	 iter
2122	 7.062526e-05	 2801	 iter
2123	 7.062526e-05	 2802	 iter
2124	 7.062526e-05	 2803	 iter
2125	 7.062526e-05	 2804	 iter
2126	 7.061842e-05	 2806	 iter
2127	 7.061842e-05	 2807	 iter
2128	 7.059317e-05	 2809	 iter
2129	 7.059317e-05	 2810	 iter
2130	 7.059317e-05	 2811	 iter
2131	 7.059317e-05	 2812	 iter
2132	 7.059317e-05	 2814	 iter
2133	 7.059283e-05	 2816	 iter
2134	 7.059123e-05	 2818	 iter
2135	 7.059123e-05	 2819	 iter
2136	 7.057272e-05	 2821	 iter
2137	 7.057272e-05	 2822	 iter
2138	 7.057272e-05	 2823	 iter
2139	 7.056060e-05	 2825	 iter
2140	 7.056060e-05	 2826	 iter
2141	 7.056060e-05	 2827	 iter
2142	 7.056060e-05	 2829	 iter
2143	 7.054520e-05	 2831	 iter
2144	 7.054520e-05	 2832	 iter
2145	 7.054284e-05	 2834	 iter
2146	 7.054077e-05	 2836	 iter
2147	 7.054077e-05	 2838	 iter
2148	 7.054077e-05	 2839	 iter
2149	 7.054077e-05	 2840	 iter
2150	 7.054077e-05	 2841	 iter
2151	 7.054077e-05	 2842	 iter
2152	 7.054077e-05	 2843	 iter
2153	 7.054077e-05	 2844	 iter
2154	 7.052308e-05	 2846	 iter
2155	 7.052308e-05	 2847	 iter
2156	 7.050852e-05	 2849	 iter
2157	 7.050852e-05	 2850	 iter
2158	 7.050852e-05	 2851	 iter
2159	 7.050852e-05	 2852	 iter
2160	 7.050852e-05	 2853	 iter
2161	 7.050852e-05	 2854	 iter
2162	 7.048509e-05	 2856	 iter
2163	 7.048509e-05	 2857	 iter
2164	 7.048509e-05	 2858	 iter
2165	 7.048509e-05	 2859	 iter
2166	 7.048509e-05	 2861	 iter
2167	 7.048509e-05	 2862	 iter
2168	 7.048509e-05	 2863	 iter
2169	 7.048509e-05	 2864	 iter
2170	 7.044313e-05	 2866	 iter
2171	 7.044313e-05	 2867	 iter
2172	 7.044313e-05	 2868	 iter
2173	 7.044313e-05	 2869	 iter
2174	 7.044313e-05	 2871	 iter
2175	 7.044313e-05	 2872	 iter
2176	 7.044313e-05	 2873	 iter
2177	 7.044313e-05	 2874	 iter
2178	 7.044313e-05	 2875	 iter
2179	 7.044313e-05	 2877	 iter
2180	 7.044313e-05	 2878	 iter
2181	 7.041115e-05	 2880	 iter
2182	 7.041115e-05	 2881	 iter
2183	 7.041115e-05	 2882	 iter
2184	 7.041115e-05	 2883	 iter
2185	 7.041115e-05	 2884	 iter
2186	 7.041115e-05	 2885	 iter
2187	 7.041115e-05	 2886	 iter
2188	 7.041115e-05	 2887	 iter
2189	 7.041115e-05	 2888	 iter
2190	 7.041115e-05	 2889	 iter
2191	 7.035546e-05	 2891	 iter
2192	 7.035546e-05	 2892	 iter
2193	 7.035546e-05	 2893	 iter
2194	 7.035546e-05	 2894	 iter
2195	 7.035546e-05	 2895	 iter
2196	 7.035546e-05	 2896	 iter
2197	 7.035546e-05	 2897	 iter
2198	 7.035546e-05	 2898	 iter
2199	 7.035546e-05	 2899	 iter
2200	 7.034674e-05	 2901	 iter
2201	 7.031803e-05	 2903	 iter
2202	 7.031803e-05	 2904	 iter
2203	 7.031803e-05	 2905	 iter
2204	 7.031803e-05	 2906	 iter
2205	 7.031803e-05	 2907	 iter
2206	 7.029730e-05	 2909	 iter
2207	 7.029730e-05	 2910	 iter
2208	 7.029730e-05	 2911	 iter
2209	 7.029730e-05	 2912	 iter
2210	 7.029730e-05	 2913	 iter
2211	 7.029730e-05	 2914	 iter
2212	 7.029730e-05	 2915	 iter
2213	 7.025344e-05	 2917	 iter
2214	 7.025344e-05	 2918	 iter
2215	 7.025344e-05	 2919	 iter
2216	 7.025344e-05	 2920	 iter
2217	 7.025344e-05	 2921	 iter
2218	 7.023746e-05	 2923	 iter
2219	 7.023405e-05	 2925	 iter
2220	 7.023405e-05	 2926	 iter
2221	 7.023405e-05	 2927	 iter
2222	 7.022275e-05	 2929	 iter
2223	 7.022275e-05	 2930	 iter
2224	 7.022275e-05	 2931	 iter
2225	 7.022275e-05	 2932	 iter
2226	 7.022275e-05	 2933	 iter
2227	 7.022275e-05	 2934	 iter
2228	 7.022275e-05	 2935	 iter
2229	 7.022275e-05	 2936	 iter
2230	 7.022275e-05	 2937	 iter
2231	 7.022275e-05	 2939	 iter
2232	 7.022275e-05	 2940	 iter
2233	 7.022275e-05	 2941	 iter
2234	 7.022275e-05	 2943	 iter
2235	 7.022275e-05	 2944	 iter
2236	 7.020903e-05	 2946	 iter
2237	 7.020903e-05	 2947	 iter
2238	 7.020903e-05	 2948	 iter
2239	 7.020903e-05	 2950	 iter
2240	 7.020107e-05	 2952	 iter
2241	 7.020107e-05	 2953	 iter
2242	 7.020107e-05	 2954	 iter
2243	 7.020107e-05	 2956	 iter
2244	 7.020107e-05	 2958	 iter
2245	 7.019737e-05	 2960	 iter
2246	 7.019737e-05	 2961	 iter
2247	 7.019737e-05	 2962	 iter
2248	 7.019737e-05	 2963	 iter
2249	 7.019737e-05	 2964	 iter
2250	 7.019737e-05	 2965	 iter
2251	 7.019737e-05	 2966	 iter
2252	 7.019737e-05	 2967	 iter
2253	 7.019737e-05	 2968	 iter
2254	 7.019565e-05	 2970	 iter
2255	 7.019565e-05	 2972	 iter
2256	 7.019565e-05	 2973	 iter
2257	 7.019565e-05	 2974	 iter
2258	 7.019245e-05	 2976	 iter
2259	 7.018832e-05	 2978	 iter
2260	 7.018832e-05	 2979	 iter
2261	 7.018832e-05	 2981	 iter
2262	 7.018832e-05	 2982	 iter
2263	 7.018832e-05	 2984	 iter
2264	 7.018539e-05	 2986	 iter
2265	 7.018539e-05	 2987	 iter
2266	 7.018539e-05	 2989	 iter
2267	 7.018539e-05	 2990	 iter
2268	 7.018539e-05	 2991	 iter
2269	 7.018539e-05	 2993	 iter
2270	 7.018539e-05	 2995	 iter
2271	 7.018539e-05	 2997	 iter
2272	 7.018539e-05	 2998	 iter
2273	 7.018539e-05	 2999	 iter
2274	 7.018539e-05	 3000	 iter
2275	 7.018371e-05	 3002	 iter
2276	 7.018371e-05	 3004	 iter
2277	 7.018300e-05	 3006	 iter
2278	 7.018282e-05	 3008	 iter
2279	 7.018186e-05	 3010	 iter
2280	 7.018186e-05	 3011	 iter
2281	 7.018166e-05	 3013	 iter
2282	 7.018078e-05	 3015	 iter
2283	 7.018078e-05	 3017	 iter
2284	 7.017904e-05	 3019	 iter
2285	 7.017904e-05	 3021	 iter
2286	 7.017904e-05	 3023	 iter
2287	 7.017904e-05	 3024	 iter
2288	 7.017904e-05	 3025	 iter
2289	 7.017901e-05	 3027	 iter
2290	 7.017793e-05	 3029	 iter
2291	 7.017793e-05	 3031	 iter
2292	 7.017793e-05	 3032	 iter
2293	 7.017793e-05	 3033	 iter
2294	 7.017793e-05	 3034	 iter
2295	 7.017793e-05	 3036	 iter
2296	 7.017638e-05	 3038	 iter
2297	 7.017638e-05	 3039	 iter
2298	 7.017638e-05	 3040	 iter
2299	 7.017638e-05	 3042	 iter
2300	 7.017638e-05	 3044	 iter
2301	 7.017638e-05	 3046	 iter
2302	 7.017638e-05	 3047	 iter
2303	 7.017638e-05	 3048	 iter
2304	 7.017638e-05	 3049	 iter
2305	 7.017638e-05	 3050	 iter
2306	 7.017638e-05	 3052	 iter
2307	 7.017627e-05	 3054	 iter
2308	 7.017617e-05	 3056	 iter
2309	 7.017617e-05	 3058	 iter
2310	 7.017617e-05	 3060	 iter
2311	 7.017617e-05	 3061	 iter
2312	 7.017617e-05	 3063	 iter
2313	 7.017617e-05	 3065	 iter
2314	 7.017617e-05	 3066	 iter
2315	 7.017617e-05	 3067	 iter
2316	 7.017592e-05	 3069	 iter
2317	 7.017592e-05	 3070	 iter
2318	 7.017592e-05	 3071	 iter
2319	 7.017592e-05	 3072	 iter
2320	 7.017555e-05	 3074	 iter
2321	 7.017555e-05	 3076	 iter
2322	 7.017535e-05	 3078	 iter
2323	 7.017419e-05	 3080	 iter
2324	 7.017419e-05	 3081	 iter
2325	 7.017419e-05	 3082	 iter
2326	 7.017419e-05	 3084	 iter
2327	 7.017419e-05	 3085	 iter
2328	 7.017419e-05	 3087	 iter
2329	 7.017419e-05	 3088	 iter
2330	 7.017356e-05	 3090	 iter
2331	 7.017356e-05	 3092	 iter
2332	 7.017356e-05	 3093	 iter
2333	 7.017356e-05	 3094	 iter
2334	 7.017356e-05	 3095	 iter
2335	 7.017356e-05	 3097	 iter
2336	 7.017356e-05	 3098	 iter
2337	 7.017356e-05	 3099	 iter
2338	 7.017356e-05	 3100	 iter
2339	 7.017356e-05	 3101	 iter
2340	 7.017356e-05	 3102	 iter
2341	 7.017356e-05	 3103	 iter
2342	 7.017356e-05	 3105	 iter
2343	 7.017356e-05	 3106	 iter
2344	 7.017356e-05	 3107	 iter
2345	 7.017356e-05	 3109	 iter
2346	 7.017356e-05	 3110	 iter
2347	 7.017356e-05	 3111	 iter
2348	 7.017356e-05	 3113	 iter
2349	 7.017356e-05	 3114	 iter
2350	 7.017356e-05	 3116	 iter
2351	 7.017356e-05	 3117	 iter
2352	 7.017356e-05	 3119	 iter
2353	 7.017356e-05	 3121	 iter
2354	 7.017356e-05	 3122	 iter
2355	 7.017356e-05	 3124	 iter
2356	 7.017304e-05	 3126	 iter
2357	 7.017304e-05	 3128	 iter
2358	 7.017304e-05	 3129	 iter
2359	 7.017304e-05	 3130	 iter
2360	 7.017304e-05	 3131	 iter
2361	 7.017304e-05	 3132	 iter
2362	 7.017304e-05	 3134	 iter
2363	 7.017304e-05	 3135	 iter
2364	 7.017304e-05	 3136	 iter
2365	 7.017304e-05	 3137	 iter
2366	 7.017296e-05	 3139	 iter
2367	 7.017296e-05	 3141	 iter
2368	 7.017296e-05	 3142	 iter
2369	 7.017280e-05	 3144	 iter
2370	 7.017196e-05	 3146	 iter
2371	 7.017196e-05	 3147	 iter
2372	 7.017196e-05	 3148	 iter
2373	 7.017196e-05	 3149	 iter
2374	 7.017196e-05	 3151	 iter
2375	 7.017196e-05	 3152	 iter
2376	 7.017196e-05	 3153	 iter
2377	 7.017196e-05	 3154	 iter
2378	 7.017196e-05	 3155	 iter
2379	 7.017182e-05	 3157	 iter
2380	 7.017182e-05	 3158	 iter
2381	 7.017182e-05	 3159	 iter
2382	 7.017182e-05	 3160	 iter
2383	 7.017182e-05	 3161	 iter
2384	 7.017159e-05	 3163	 iter
2385	 7.017154e-05	 3165	 iter
2386	 7.017154e-05	 3166	 iter
2387	 7.017154e-05	 3167	 iter
2388	 7.017154e-05	 3168	 iter
2389	 7.017011e-05	 3170	 iter
2390	 7.017011e-05	 3171	 iter
2391	 7.017011e-05	 3172	 iter
2392	 7.017011e-05	 3173	 iter
2393	 7.017011e-05	 3174	 iter
2394	 7.017011e-05	 3175	 iter
2395	 7.017011e-05	 3176	 iter
2396	 7.017011e-05	 3177	 iter
2397	 7.017011e-05	 3178	 iter
2398	 7.017011e-05	 3179	 iter
2399	 7.016950e-05	 3181	 iter
2400	 7.016950e-05	 3182	 iter
2401	 7.016950e-05	 3183	 iter
2402	 7.016950e-05	 3184	 iter
2403	 7.016950e-05	 3185	 iter
2404	 7.016950e-05	 3186	 iter
2405	 7.016940e-05	 3188	 iter
2406	 7.016825e-05	 3190	 iter
2407	 7.016825e-05	 3191	 iter
2408	 7.016825e-05	 3192	 iter
2409	 7.016825e-05	 3193	 iter
2410	 7.016767e-05	 3195	 iter
2411	 7.016767e-05	 3196	 iter
2412	 7.016767e-05	 3197	 iter
2413	 7.016645e-05	 3199	 iter
2414	 7.016645e-05	 3200	 iter
2415	 7.016645e-05	 3201	 iter
2416	 7.016645e-05	 3202	 iter
2417	 7.016645e-05	 3203	 iter
2418	 7.016540e-05	 3205	 iter
2419	 7.016540e-05	 3206	 iter
2420	 7.016540e-05	 3207	 iter
2421	 7.016540e-05	 3208	 iter
2422	 7.016540e-05	 3209	 iter
2423	 7.016540e-05	 3210	 iter
2424	 7.016540e-05	 3211	 iter
2425	 7.016370e-05	 3213	 iter
2426	 7.016370e-05	 3214	 iter
2427	 7.016258e-05	 3216	 iter
2428	 7.016258e-05	 3217	 iter
2429	 7.016103e-05	 3219	 iter
2430	 7.016103e-05	 3220	 iter
2431	 7.016103e-05	 3221	 iter
2432	 7.016103e-05	 3222	 iter
2433	 7.016103e-05	 3223	 iter
2434	 7.015807e-05	 3225	 iter
2435	 7.015807e-05	 3226	 iter
2436	 7.015807e-05	 3227	 iter
2437	 7.015807e-05	 3228	 iter
2438	 7.015487e-05	 3230	 iter
2439	 7.015487e-05	 3231	 iter
2440	 7.015487e-05	 3232	 iter
2441	 7.015487e-05	 3233	 iter
2442	 7.015487e-05	 3234	 iter
2443	 7.015487e-05	 3235	 iter
2444	 7.015487e-05	 3236	 iter
2445	 7.015181e-05	 3238	 iter
2446	 7.015181e-05	 3239	 iter
2447	 7.014860e-05	 3241	 iter
2448	 7.014860e-05	 3242	 iter
2449	 7.014860e-05	 3243	 iter
2450	 7.014860e-05	 3244	 iter
2451	 7.014860e-05	 3245	 iter
2452	 7.014396e-05	 3247	 iter
2453	 7.014396e-05	 3248	 iter
2454	 7.014396e-05	 3249	 iter
2455	 7.014396e-05	 3250	 iter
2456	 7.014121e-05	 3252	 iter
2457	 7.013497e-05	 3254	 iter
2458	 7.013497e-05	 3255	 iter
2459	 7.013497e-05	 3256	 iter
2460	 7.013497e-05	 3257	 iter
2461	 7.013497e-05	 3258	 iter
2462	 7.013497e-05	 3259	 iter
2463	 7.013497e-05	 3260	 iter
2464	 7.013497e-05	 3261	 iter
2465	 7.013497e-05	 3262	 iter
2466	 7.012893e-05	 3264	 iter
2467	 7.012893e-05	 3265	 iter
2468	 7.011835e-05	 3267	 iter
2469	 7.011835e-05	 3268	 iter
2470	 7.011835e-05	 3269	 iter
2471	 7.011835e-05	 3270	 iter
2472	 7.011835e-05	 3271	 iter
2473	 7.011835e-05	 3272	 iter
2474	 7.011835e-05	 3273	 iter
2475	 7.011835e-05	 3274	 iter
2476	 7.011835e-05	 3275	 iter
2477	 7.011835e-05	 3276	 iter
2478	 7.011835e-05	 3277	 iter
2479	 7.011835e-05	 3278	 iter
2480	 7.010984e-05	 3280	 iter
2481	 7.010984e-05	 3281	 iter
2482	 7.010984e-05	 3282	 iter
2483	 7.010984e-05	 3283	 iter
2484	 7.010984e-05	 3284	 iter
2485	 7.010132e-05	 3286	 iter
2486	 7.010132e-05	 3287	 iter
2487	 7.010132e-05	 3288	 iter
2488	 7.010132e-05	 3289	 iter
2489	 7.010132e-05	 3290	 iter
2490	 7.010132e-05	 3291	 iter
2491	 7.009078e-05	 3293	 iter
2492	 7.009078e-05	 3294	 iter
2493	 7.009078e-05	 3295	 iter
2494	 7.009078e-05	 3296	 iter
2495	 7.009078e-05	 3297	 iter
2496	 7.009078e-05	 3298	 iter
2497	 7.009078e-05	 3299	 iter
2498	 7.009078e-05	 3300	 iter
2499	 7.008014e-05	 3302	 iter
2500	 7.008014e-05	 3303	 iter
2501	 7.008014e-05	 3304	 iter
2502	 7.008014e-05	 3305	 iter
2503	 7.008014e-05	 3306	 iter
2504	 7.008014e-05	 3307	 iter
2505	 7.007411e-05	 3309	 iter
2506	 7.007411e-05	 3310	 iter
2507	 7.007411e-05	 3311	 iter
2508	 7.006301e-05	 3313	 iter
2509	 7.006301e-05	 3314	 iter
2510	 7.006301e-05	 3315	 iter
2511	 7.006301e-05	 3316	 iter
2512	 7.004770e-05	 3318	 iter
2513	 7.004770e-05	 3319	 iter
2514	 7.004770e-05	 3320	 iter
2515	 7.004770e-05	 3321	 iter
2516	 7.004770e-05	 3322	 iter
2517	 7.004770e-05	 3323	 iter
2518	 7.004770e-05	 3324	 iter
2519	 7.002995e-05	 3326	 iter
2520	 7.002995e-05	 3327	 iter
2521	 7.002995e-05	 3328	 iter
2522	 7.002995e-05	 3329	 iter
2523	 7.002995e-05	 3330	 iter
2524	 7.002995e-05	 3331	 iter
2525	 7.002995e-05	 3332	 iter
2526	 7.000845e-05	 3334	 iter
2527	 7.000845e-05	 3335	 iter
2528	 7.000845e-05	 3336	 iter
2529	 7.000845e-05	 3337	 iter
2530	 7.000845e-05	 3338	 iter
2531	 7.000845e-05	 3339	 iter
2532	 7.000105e-05	 3341	 iter
2533	 7.000105e-05	 3342	 iter
2534	 7.000105e-05	 3343	 iter
2535	 7.000105e-05	 3344	 iter
2536	 7.000105e-05	 3345	 iter
2537	 6.998728e-05	 3347	 iter
2538	 6.998728e-05	 3348	 iter
2539	 6.997121e-05	 3350	 iter
2540	 6.997121e-05	 3351	 iter
2541	 6.997121e-05	 3352	 iter
2542	 6.997121e-05	 3353	 iter
2543	 6.997121e-05	 3354	 iter
2544	 6.997121e-05	 3355	 iter
2545	 6.997121e-05	 3356	 iter
2546	 6.997121e-05	 3357	 iter
2547	 6.997121e-05	 3358	 iter
2548	 6.994244e-05	 3360	 iter
2549	 6.994244e-05	 3361	 iter
2550	 6.994244e-05	 3362	 iter
2551	 6.994244e-05	 3363	 iter
2552	 6.994244e-05	 3364	 iter
2553	 6.994244e-05	 3365	 iter
2554	 6.994244e-05	 3366	 iter
2555	 6.994244e-05	 3367	 iter
2556	 6.992844e-05	 3369	 iter
2557	 6.992844e-05	 3370	 iter
2558	 6.992844e-05	 3371	 iter
2559	 6.992844e-05	 3372	 iter
2560	 6.992844e-05	 3373	 iter
2561	 6.992844e-05	 3374	 iter
2562	 6.992844e-05	 3375	 iter
2563	 6.991880e-05	 3377	 iter
2564	 6.991880e-05	 3378	 iter
2565	 6.991495e-05	 3380	 iter
2566	 6.991487e-05	 3382	 iter
2567	 6.991487e-05	 3383	 iter
2568	 6.988409e-05	 3385	 iter
2569	 6.988409e-05	 3386	 iter
2570	 6.988409e-05	 3387	 iter
2571	 6.988409e-05	 3388	 iter
2572	 6.988409e-05	 3389	 iter
2573	 6.988409e-05	 3390	 iter
2574	 6.987289e-05	 3392	 iter
2575	 6.985134e-05	 3394	 iter
2576	 6.985134e-05	 3395	 iter
2577	 6.985134e-05	 3396	 iter
2578	 6.985134e-05	 3397	 iter
2579	 6.985134e-05	 3398	 iter
2580	 6.985134e-05	 3399	 iter
2581	 6.985134e-05	 3400	 iter
2582	 6.984966e-05	 3402	 iter
2583	 6.983197e-05	 3404	 iter
2584	 6.980002e-05	 3406	 iter
2585	 6.980002e-05	 3407	 iter
2586	 6.980002e-05	 3408	 iter
2587	 6.980002e-05	 3409	 iter
2588	 6.975596e-05	 3411	 iter
2589	 6.975596e-05	 3412	 iter
2590	 6.975596e-05	 3413	 iter
2591	 6.975596e-05	 3414	 iter
2592	 6.975596e-05	 3415	 iter
2593	 6.975596e-05	 3416	 iter
2594	 6.971984e-05	 3418	 iter
2595	 6.971984e-05	 3419	 iter
2596	 6.971984e-05	 3420	 iter
2597	 6.971984e-05	 3421	 iter
2598	 6.971984e-05	 3422	 iter
2599	 6.971984e-05	 3423	 iter
2600	 6.971984e-05	 3424	 iter
2601	 6.971984e-05	 3425	 iter
2602	 6.971984e-05	 3426	 iter
2603	 6.968570e-05	 3428	 iter
2604	 6.964947e-05	 3430	 iter
2605	 6.964947e-05	 3431	 iter
2606	 6.964947e-05	 3432	 iter
2607	 6.964947e-05	 3433	 iter
2608	 6.964947e-05	 3434	 iter
2609	 6.964947e-05	 3435	 iter
2610	 6.964947e-05	 3436	 iter
2611	 6.958976e-05	 3438	 iter
2612	 6.958976e-05	 3439	 iter
2613	 6.958976e-05	 3440	 iter
2614	 6.958976e-05	 3441	 iter
2615	 6.958976e-05	 3442	 iter
2616	 6.954973e-05	 3444	 iter
2617	 6.954973e-05	 3445	 iter
2618	 6.954973e-05	 3446	 iter
2619	 6.954973e-05	 3447	 iter
2620	 6.954122e-05	 3449	 iter
2621	 6.954122e-05	 3450	 iter
2622	 6.954122e-05	 3451	 iter
2623	 6.951141e-05	 3453	 iter
2624	 6.951141e-05	 3454	 iter
2625	 6.944173e-05	 3456	 iter
2626	 6.931307e-05	 3458	 iter
2627	 6.931307e-05	 3459	 iter
2628	 6.931307e-05	 3460	 iter
2629	 6.931307e-05	 3461	 iter
2630	 6.931307e-05	 3462	 iter
2631	 6.931307e-05	 3463	 iter
2632	 6.931307e-05	 3464	 iter
2633	 6.931307e-05	 3465	 iter
2634	 6.931307e-05	 3466	 iter
2635	 6.931307e-05	 3467	 iter
2636	 6.931307e-05	 3468	 iter
2637	 6.931307e-05	 3469	 iter
2638	 6.931307e-05	 3470	 iter
2639	 6.931307e-05	 3471	 iter
2640	 6.927698e-05	 3473	 iter
2641	 6.927287e-05	 3475	 iter
2642	 6.920320e-05	 3477	 iter
2643	 6.917900e-05	 3479	 iter
2644	 6.917900e-05	 3480	 iter
2645	 6.917900e-05	 3481	 iter
2646	 6.917900e-05	 3482	 iter
2647	 6.914709e-05	 3484	 iter
2648	 6.909572e-05	 3486	 iter
2649	 6.909572e-05	 3487	 iter
2650	 6.909572e-05	 3488	 iter
2651	 6.903217e-05	 3490	 iter
2652	 6.890521e-05	 3492	 iter
2653	 6.890521e-05	 3493	 iter
2654	 6.890521e-05	 3494	 iter
2655	 6.877919e-05	 3496	 iter
2656	 6.877919e-05	 3497	 iter
2657	 6.877919e-05	 3498	 iter
2658	 6.877919e-05	 3499	 iter
2659	 6.877919e-05	 3500	 iter
2660	 6.877919e-05	 3501	 iter
2661	 6.877919e-05	 3502	 iter
2662	 6.877919e-05	 3503	 iter
2663	 6.877919e-05	 3504	 iter
2664	 6.877919e-05	 3505	 iter
2665	 6.869285e-05	 3507	 iter
2666	 6.869285e-05	 3508	 iter
2667	 6.869285e-05	 3509	 iter
2668	 6.869285e-05	 3510	 iter
2669	 6.869285e-05	 3511	 iter
2670	 6.868708e-05	 3513	 iter
2671	 6.868708e-05	 3514	 iter
2672	 6.868708e-05	 3515	 iter
2673	 6.853092e-05	 3517	 iter
2674	 6.853092e-05	 3518	 iter
2675	 6.853092e-05	 3520	 iter
2676	 6.853092e-05	 3521	 iter
2677	 6.853092e-05	 3522	 iter
2678	 6.853092e-05	 3523	 iter
2679	 6.853092e-05	 3524	 iter
2680	 6.853092e-05	 3525	 iter
2681	 6.845819e-05	 3527	 iter
2682	 6.845819e-05	 3528	 iter
2683	 6.845819e-05	 3529	 iter
2684	 6.845819e-05	 3530	 iter
2685	 6.825993e-05	 3532	 iter
2686	 6.825993e-05	 3533	 iter
2687	 6.825993e-05	 3534	 iter
2688	 6.825993e-05	 3535	 iter
2689	 6.825993e-05	 3536	 iter
2690	 6.803779e-05	 3538	 iter
2691	 6.803779e-05	 3539	 iter
2692	 6.803779e-05	 3540	 iter
2693	 6.803779e-05	 3541	 iter
2694	 6.803779e-05	 3542	 iter
2695	 6.803779e-05	 3543	 iter
2696	 6.803779e-05	 3544	 iter
2697	 6.803779e-05	 3545	 iter
2698	 6.795758e-05	 3547	 iter
2699	 6.795758e-05	 3548	 iter
2700	 6.795758e-05	 3549	 iter
2701	 6.795758e-05	 3550	 iter
2702	 6.795758e-05	 3551	 iter
2703	 6.789086e-05	 3553	 iter
2704	 6.789086e-05	 3554	 iter
2705	 6.789086e-05	 3555	 iter
2706	 6.789086e-05	 3556	 iter
2707	 6.785395e-05	 3558	 iter
2708	 6.785395e-05	 3559	 iter
2709	 6.785395e-05	 3560	 iter
2710	 6.757583e-05	 3562	 iter
2711	 6.757583e-05	 3563	 iter
2712	 6.757583e-05	 3565	 iter
2713	 6.757583e-05	 3566	 iter
2714	 6.757583e-05	 3567	 iter
2715	 6.744095e-05	 3569	 iter
2716	 6.744095e-05	 3570	 iter
2717	 6.744095e-05	 3571	 iter
2718	 6.744095e-05	 3572	 iter
2719	 6.744095e-05	 3573	 iter
2720	 6.744095e-05	 3574	 iter
2721	 6.744095e-05	 3575	 iter
2722	 6.744095e-05	 3576	 iter
2723	 6.744095e-05	 3577	 iter
2724	 6.744095e-05	 3578	 iter
2725	 6.744095e-05	 3579	 iter
2726	 6.744095e-05	 3580	 iter
2727	 6.744095e-05	 3581	 iter
2728	 6.744095e-05	 3582	 iter
2729	 6.744095e-05	 3583	 iter
2730	 6.744095e-05	 3584	 iter
2731	 6.744095e-05	 3585	 iter
2732	 6.744095e-05	 3586	 iter
2733	 6.744095e-05	 3587	 iter
2734	 6.744095e-05	 3588	 iter
2735	 6.744095e-05	 3589	 iter
2736	 6.744095e-05	 3590	 iter
2737	 6.744095e-05	 3591	 iter
2738	 6.744095e-05	 3592	 iter
2739	 6.744095e-05	 3593	 iter
2740	 6.744095e-05	 3594	 iter
2741	 6.744095e-05	 3596	 iter
2742	 6.731951e-05	 3598	 iter
2743	 6.726937e-05	 3600	 iter
2744	 6.726937e-05	 3601	 iter
2745	 6.726937e-05	 3603	 iter
2746	 6.726937e-05	 3604	 iter
2747	 6.726937e-05	 3605	 iter
2748	 6.726937e-05	 3607	 iter
2749	 6.726937e-05	 3608	 iter
2750	 6.726937e-05	 3609	 iter
2751	 6.726937e-05	 3611	 iter
2752	 6.726937e-05	 3613	 iter
2753	 6.726937e-05	 3614	 iter
2754	 6.715640e-05	 3616	 iter
2755	 6.715640e-05	 3617	 iter
2756	 6.715640e-05	 3618	 iter
2757	 6.715640e-05	 3619	 iter
2758	 6.715640e-05	 3620	 iter
2759	 6.715640e-05	 3621	 iter
2760	 6.715640e-05	 3622	 iter
2761	 6.715640e-05	 3623	 iter
2762	 6.715640e-05	 3624	 iter
2763	 6.715640e-05	 3626	 iter
2764	 6.700720e-05	 3628	 iter
2765	 6.700720e-05	 3629	 iter
2766	 6.700720e-05	 3631	 iter
2767	 6.700720e-05	 3632	 iter
2768	 6.700720e-05	 3633	 iter
2769	 6.700720e-05	 3634	 iter
2770	 6.700720e-05	 3635	 iter
2771	 6.700720e-05	 3636	 iter
2772	 6.700720e-05	 3637	 iter
2773	 6.700720e-05	 3638	 iter
2774	 6.700720e-05	 3639	 iter
2775	 6.700720e-05	 3640	 iter
2776	 6.700720e-05	 3641	 iter
2777	 6.700720e-05	 3642	 iter
2778	 6.697170e-05	 3644	 iter
2779	 6.692703e-05	 3646	 iter
2780	 6.692703e-05	 3647	 iter
2781	 6.692703e-05	 3648	 iter
2782	 6.692703e-05	 3649	 iter
2783	 6.692703e-05	 3650	 iter
2784	 6.692703e-05	 3651	 iter
2785	 6.692703e-05	 3652	 iter
2786	 6.686939e-05	 3654	 iter
2787	 6.686939e-05	 3655	 iter
2788	 6.686939e-05	 3656	 iter
2789	 6.686939e-05	 3657	 iter
2790	 6.686939e-05	 3658	 iter
2791	 6.686939e-05	 3660	 iter
2792	 6.686939e-05	 3661	 iter
2793	 6.686939e-05	 3662	 iter
2794	 6.686939e-05	 3663	 iter
2795	 6.686939e-05	 3664	 iter
2796	 6.686939e-05	 3666	 iter
2797	 6.686939e-05	 3667	 iter
2798	 6.686939e-05	 3668	 iter
2799	 6.686939e-05	 3669	 iter
2800	 6.686939e-05	 3670	 iter
2801	 6.680683e-05	 3672	 iter
2802	 6.680683e-05	 3673	 iter
2803	 6.680683e-05	 3674	 iter
2804	 6.680683e-05	 3676	 iter
2805	 6.680683e-05	 3677	 iter
2806	 6.680683e-05	 3678	 iter
2807	 6.677704e-05	 3680	 iter
2808	 6.677704e-05	 3681	 iter
2809	 6.677704e-05	 3682	 iter
2810	 6.677704e-05	 3683	 iter
2811	 6.677704e-05	 3684	 iter
2812	 6.677704e-05	 3685	 iter
2813	 6.677704e-05	 3687	 iter
2814	 6.677704e-05	 3688	 iter
2815	 6.677704e-05	 3689	 iter
2816	 6.677704e-05	 3690	 iter
2817	 6.677704e-05	 3691	 iter
2818	 6.677704e-05	 3692	 iter
2819	 6.677704e-05	 3693	 iter
2820	 6.673807e-05	 3695	 iter
2821	 6.673807e-05	 3696	 iter
2822	 6.667586e-05	 3698	 iter
2823	 6.667586e-05	 3699	 iter
2824	 6.667586e-05	 3700	 iter
2825	 6.667586e-05	 3701	 iter
2826	 6.667586e-05	 3702	 iter
2827	 6.667586e-05	 3703	 iter
2828	 6.667586e-05	 3704	 iter
2829	 6.667586e-05	 3705	 iter
2830	 6.667586e-05	 3706	 iter
2831	 6.666451e-05	 3708	 iter
2832	 6.666451e-05	 3709	 iter
2833	 6.666451e-05	 3710	 iter
2834	 6.666451e-05	 3711	 iter
2835	 6.665160e-05	 3713	 iter
2836	 6.665160e-05	 3714	 iter
2837	 6.665160e-05	 3715	 iter
2838	 6.665160e-05	 3716	 iter
2839	 6.663320e-05	 3718	 iter
2840	 6.663320e-05	 3719	 iter
2841	 6.663320e-05	 3720	 iter
2842	 6.663320e-05	 3721	 iter
2843	 6.663320e-05	 3722	 iter
2844	 6.663320e-05	 3723	 iter
2845	 6.663320e-05	 3724	 iter
2846	 6.663320e-05	 3725	 iter
2847	 6.659286e-05	 3727	 iter
2848	 6.659286e-05	 3728	 iter
2849	 6.659286e-05	 3729	 iter
2850	 6.659286e-05	 3730	 iter
2851	 6.658454e-05	 3732	 iter
2852	 6.657899e-05	 3734	 iter
2853	 6.657899e-05	 3735	 iter
2854	 6.657899e-05	 3736	 iter
2855	 6.657899e-05	 3737	 iter
2856	 6.657899e-05	 3739	 iter
2857	 6.657899e-05	 3741	 iter
2858	 6.657899e-05	 3742	 iter
2859	 6.657899e-05	 3744	 iter
2860	 6.657899e-05	 3745	 iter
2861	 6.657899e-05	 3747	 iter
2862	 6.657899e-05	 3748	 iter
2863	 6.657899e-05	 3749	 iter
2864	 6.657899e-05	 3750	 iter
2865	 6.657899e-05	 3752	 iter
2866	 6.655319e-05	 3754	 iter
2867	 6.655319e-05	 3755	 iter
2868	 6.655319e-05	 3756	 iter
2869	 6.655319e-05	 3757	 iter
2870	 6.655319e-05	 3758	 iter
2871	 6.655319e-05	 3760	 iter
2872	 6.655319e-05	 3762	 iter
2873	 6.654651e-05	 3764	 iter
2874	 6.654651e-05	 3765	 iter
2875	 6.654031e-05	 3767	 iter
2876	 6.653855e-05	 3769	 iter
2877	 6.653855e-05	 3770	 iter
2878	 6.653855e-05	 3772	 iter
2879	 6.652344e-05	 3774	 iter
2880	 6.652344e-05	 3775	 iter
2881	 6.652344e-05	 3776	 iter
2882	 6.652344e-05	 3778	 iter
2883	 6.652344e-05	 3780	 iter
2884	 6.652344e-05	 3781	 iter
2885	 6.652344e-05	 3782	 iter
2886	 6.652344e-05	 3783	 iter
2887	 6.651960e-05	 3785	 iter
2888	 6.648894e-05	 3787	 iter
2889	 6.648894e-05	 3788	 iter
2890	 6.648894e-05	 3789	 iter
2891	 6.648894e-05	 3790	 iter
2892	 6.648894e-05	 3791	 iter
2893	 6.648894e-05	 3792	 iter
2894	 6.648894e-05	 3794	 iter
2895	 6.648894e-05	 3795	 iter
2896	 6.648894e-05	 3797	 iter
2897	 6.648894e-05	 3798	 iter
2898	 6.648894e-05	 3799	 iter
2899	 6.648894e-05	 3800	 iter
2900	 6.648894e-05	 3801	 iter
2901	 6.648147e-05	 3803	 iter
2902	 6.648147e-05	 3804	 iter
2903	 6.648147e-05	 3805	 iter
2904	 6.648147e-05	 3806	 iter
2905	 6.648147e-05	 3807	 iter
2906	 6.648147e-05	 3808	 iter
2907	 6.648147e-05	 3810	 iter
2908	 6.648147e-05	 3812	 iter
2909	 6.648147e-05	 3814	 iter
2910	 6.648147e-05	 3815	 iter
2911	 6.648147e-05	 3816	 iter
2912	 6.648147e-05	 3817	 iter
2913	 6.648147e-05	 3819	 iter
2914	 6.648147e-05	 3820	 iter
2915	 6.648147e-05	 3822	 iter
2916	 6.648147e-05	 3823	 iter
2917	 6.648147e-05	 3824	 iter
2918	 6.648147e-05	 3825	 iter
2919	 6.646994e-05	 3827	 iter
2920	 6.646994e-05	 3829	 iter
2921	 6.646994e-05	 3830	 iter
2922	 6.646994e-05	 3832	 iter
2923	 6.646994e-05	 3833	 iter
2924	 6.646994e-05	 3834	 iter
2925	 6.646994e-05	 3835	 iter
2926	 6.646994e-05	 3836	 iter
2927	 6.646994e-05	 3837	 iter
2928	 6.646994e-05	 3838	 iter
2929	 6.646994e-05	 3839	 iter
2930	 6.646994e-05	 3840	 iter
2931	 6.646994e-05	 3841	 iter
2932	 6.646994e-05	 3842	 iter
2933	 6.646994e-05	 3843	 iter
2934	 6.646994e-05	 3844	 iter
2935	 6.646994e-05	 3845	 iter
2936	 6.646994e-05	 3846	 iter
2937	 6.646994e-05	 3847	 iter
2938	 6.646994e-05	 3849	 iter
2939	 6.646994e-05	 3851	 iter
2940	 6.646994e-05	 3852	 iter
2941	 6.646994e-05	 3853	 iter
2942	 6.646994e-05	 3855	 iter
2943	 6.646994e-05	 3856	 iter
2944	 6.646994e-05	 3857	 iter
2945	 6.646994e-05	 3858	 iter
2946	 6.646994e-05	 3859	 iter
2947	 6.646155e-05	 3861	 iter
2948	 6.646155e-05	 3863	 iter
2949	 6.646155e-05	 3865	 iter
2950	 6.646155e-05	 3866	 iter
2951	 6.646155e-05	 3867	 iter
2952	 6.646155e-05	 3868	 iter
2953	 6.646155e-05	 3870	 iter
2954	 6.646155e-05	 3871	 iter
2955	 6.646155e-05	 3873	 iter
2956	 6.646155e-05	 3874	 iter
2957	 6.646155e-05	 3876	 iter
2958	 6.646155e-05	 3878	 iter
2959	 6.645988e-05	 3880	 iter
2960	 6.645988e-05	 3882	 iter
2961	 6.645988e-05	 3884	 iter
2962	 6.645988e-05	 3885	 iter
2963	 6.645988e-05	 3886	 iter
2964	 6.645988e-05	 3887	 iter
2965	 6.645988e-05	 3888	 iter
2966	 6.645988e-05	 3890	 iter
2967	 6.645988e-05	 3891	 iter
2968	 6.645988e-05	 3892	 iter
2969	 6.645988e-05	 3894	 iter
2970	 6.645988e-05	 3895	 iter
2971	 6.645988e-05	 3897	 iter
2972	 6.645988e-05	 3898	 iter
2973	 6.645914e-05	 3900	 iter
2974	 6.645868e-05	 3902	 iter
2975	 6.645473e-05	 3904	 iter
2976	 6.645473e-05	 3905	 iter
2977	 6.645473e-05	 3906	 iter
2978	 6.645473e-05	 3907	 iter
2979	 6.645473e-05	 3908	 iter
2980	 6.645473e-05	 3909	 iter
2981	 6.645473e-05	 3910	 iter
2982	 6.645317e-05	 3912	 iter
2983	 6.645317e-05	 3913	 iter
2984	 6.645317e-05	 3914	 iter
2985	 6.645317e-05	 3915	 iter
2986	 6.645317e-05	 3916	 iter
2987	 6.645317e-05	 3917	 iter
2988	 6.645317e-05	 3918	 iter
2989	 6.645317e-05	 3919	 iter
2990	 6.645317e-05	 3920	 iter
2991	 6.645317e-05	 3921	 iter
2992	 6.645317e-05	 3922	 iter
2993	 6.644955e-05	 3924	 iter
2994	 6.644955e-05	 3925	 iter
2995	 6.644910e-05	 3927	 iter
2996	 6.644910e-05	 3928	 iter
2997	 6.644910e-05	 3929	 iter
2998	 6.644910e-05	 3930	 iter
2999	 6.644910e-05	 3931	 iter
3000	 6.644910e-05	 3932	 iter
3001	 6.644910e-05	 3934	 iter
3002	 6.644910e-05	 3935	 iter
3003	 6.644910e-05	 3936	 iter
3004	 6.644910e-05	 3937	 iter
3005	 6.644910e-05	 3938	 iter
3006	 6.644910e-05	 3939	 iter
3007	 6.644910e-05	 3940	 iter
3008	 6.644910e-05	 3941	 iter
3009	 6.644910e-05	 3942	 iter
3010	 6.644723e-05	 3944	 iter
3011	 6.644723e-05	 3945	 iter
3012	 6.644723e-05	 3946	 iter
3013	 6.644698e-05	 3948	 iter
3014	 6.644698e-05	 3950	 iter
3015	 6.644698e-05	 3951	 iter
3016	 6.644698e-05	 3952	 iter
3017	 6.644698e-05	 3953	 iter
3018	 6.644698e-05	 3955	 iter
3019	 6.644698e-05	 3956	 iter
3020	 6.644698e-05	 3957	 iter
3021	 6.644698e-05	 3958	 iter
3022	 6.644698e-05	 3960	 iter
3023	 6.644698e-05	 3961	 iter
3024	 6.644698e-05	 3962	 iter
3025	 6.644698e-05	 3964	 iter
3026	 6.644688e-05	 3966	 iter
3027	 6.644589e-05	 3968	 iter
3028	 6.644589e-05	 3969	 iter
3029	 6.644589e-05	 3971	 iter
3030	 6.644580e-05	 3973	 iter
3031	 6.644580e-05	 3974	 iter
3032	 6.644491e-05	 3976	 iter
3033	 6.644491e-05	 3978	 iter
3034	 6.644491e-05	 3980	 iter
3035	 6.644491e-05	 3982	 iter
3036	 6.644491e-05	 3983	 iter
3037	 6.644491e-05	 3985	 iter
3038	 6.644491e-05	 3987	 iter
3039	 6.644491e-05	 3988	 iter
3040	 6.644491e-05	 3989	 iter
3041	 6.644491e-05	 3991	 iter
3042	 6.644491e-05	 3993	 iter
3043	 6.644447e-05	 3995	 iter
3044	 6.644447e-05	 3996	 iter
3045	 6.644447e-05	 3997	 iter
3046	 6.644447e-05	 3998	 iter
3047	 6.644447e-05	 3999	 iter
3048	 6.644447e-05	 4000	 iter
3049	 6.644447e-05	 4002	 iter
3050	 6.644447e-05	 4004	 iter
3051	 6.644447e-05	 4006	 iter
3052	 6.644447e-05	 4007	 iter
3053	 6.644441e-05	 4009	 iter
3054	 6.644441e-05	 4010	 iter
3055	 6.644441e-05	 4011	 iter
3056	 6.644441e-05	 4013	 iter
3057	 6.644436e-05	 4015	 iter
3058	 6.644436e-05	 4016	 iter
3059	 6.644436e-05	 4017	 iter
3060	 6.644436e-05	 4019	 iter
3061	 6.644430e-05	 4021	 iter
3062	 6.644430e-05	 4022	 iter
3063	 6.644413e-05	 4024	 iter
3064	 6.644413e-05	 4026	 iter
3065	 6.644413e-05	 4027	 iter
3066	 6.644411e-05	 4029	 iter
3067	 6.644406e-05	 4031	 iter
3068	 6.644406e-05	 4032	 iter
3069	 6.644406e-05	 4033	 iter
3070	 6.644406e-05	 4034	 iter
3071	 6.644406e-05	 4035	 iter
3072	 6.644402e-05	 4037	 iter
3073	 6.644400e-05	 4039	 iter
3074	 6.644398e-05	 4041	 iter
3075	 6.644391e-05	 4043	 iter
3076	 6.644391e-05	 4045	 iter
3077	 6.644391e-05	 4046	 iter
3078	 6.644391e-05	 4048	 iter
3079	 6.644391e-05	 4050	 iter
3080	 6.644390e-05	 4052	 iter
3081	 6.644390e-05	 4053	 iter
3082	 6.644385e-05	 4055	 iter
3083	 6.644385e-05	 4057	 iter
3084	 6.644385e-05	 4059	 iter
3085	 6.644384e-05	 4061	 iter
3086	 6.644383e-05	 4063	 iter
3087	 6.644380e-05	 4065	 iter
3088	 6.644376e-05	 4067	 iter
3089	 6.644376e-05	 4069	 iter
3090	 6.644376e-05	 4070	 iter
3091	 6.644376e-05	 4072	 iter
3092	 6.644376e-05	 4074	 iter
3093	 6.644376e-05	 4076	 iter
3094	 6.644376e-05	 4078	 iter
3095	 6.644376e-05	 4080	 iter
3096	 6.644376e-05	 4081	 iter
3097	 6.644374e-05	 4083	 iter
3098	 6.644374e-05	 4085	 iter
3099	 6.644371e-05	 4087	 iter
3100	 6.644371e-05	 4089	 iter
3101	 6.644371e-05	 4090	 iter
3102	 6.644371e-05	 4091	 iter
3103	 6.644370e-05	 4093	 iter
3104	 6.644370e-05	 4095	 iter
3105	 6.644370e-05	 4096	 iter
3106	 6.644370e-05	 4098	 iter
3107	 6.644370e-05	 4099	 iter
3108	 6.644370e-05	 4101	 iter
3109	 6.644369e-05	 4103	 iter
3110	 6.644369e-05	 4105	 iter
3111	 6.644368e-05	 4107	 iter
3112	 6.644368e-05	 4108	 iter
3113	 6.644367e-05	 4110	 iter
3114	 6.644367e-05	 4111	 iter
3115	 6.644367e-05	 4112	 iter
3116	 6.644367e-05	 4113	 iter
3117	 6.644366e-05	 4115	 iter
3118	 6.644366e-05	 4116	 iter
3119	 6.644364e-05	 4118	 iter
3120	 6.644364e-05	 4119	 iter
3121	 6.644364e-05	 4121	 iter
3122	 6.644364e-05	 4122	 iter
3123	 6.644364e-05	 4123	 iter
3124	 6.644364e-05	 4125	 iter
3125	 6.644364e-05	 4127	 iter
3126	 6.644364e-05	 4128	 iter
3127	 6.644363e-05	 4130	 iter
3128	 6.644363e-05	 4132	 iter
3129	 6.644363e-05	 4134	 iter
3130	 6.644363e-05	 4135	 iter
3131	 6.644362e-05	 4137	 iter
3132	 6.644362e-05	 4138	 iter
3133	 6.644362e-05	 4140	 iter
3134	 6.644362e-05	 4141	 iter
3135	 6.644362e-05	 4142	 iter
3136	 6.644362e-05	 4144	 iter
3137	 6.644362e-05	 4146	 iter
3138	 6.644362e-05	 4148	 iter
3139	 6.644362e-05	 4150	 iter
3140	 6.644362e-05	 4152	 iter
3141	 6.644362e-05	 4154	 iter
3142	 6.644362e-05	 4156	 iter
3143	 6.644362e-05	 4157	 iter
3144	 6.644362e-05	 4158	 iter
3145	 6.644362e-05	 4160	 iter
3146	 6.644362e-05	 4162	 iter
3147	 6.644362e-05	 4163	 iter
3148	 6.644362e-05	 4164	 iter
3149	 6.644362e-05	 4166	 iter
3150	 6.644362e-05	 4167	 iter
3151	 6.644361e-05	 4169	 iter
3152	 6.644360e-05	 4171	 iter
3153	 6.644360e-05	 4172	 iter
3154	 6.644360e-05	 4174	 iter
3155	 6.644360e-05	 4176	 iter
3156	 6.644360e-05	 4178	 iter
3157	 6.644360e-05	 4179	 iter
3158	 6.644360e-05	 4180	 iter
3159	 6.644360e-05	 4181	 iter
3160	 6.644360e-05	 4182	 iter
3161	 6.644360e-05	 4183	 iter
3162	 6.644360e-05	 4185	 iter
3163	 6.644360e-05	 4187	 iter
3164	 6.644360e-05	 4189	 iter
3165	 6.644360e-05	 4191	 iter
3166	 6.644360e-05	 4192	 iter
3167	 6.644360e-05	 4193	 iter
3168	 6.644360e-05	 4194	 iter
3169	 6.644360e-05	 4196	 iter
3170	 6.644360e-05	 4198	 iter
3171	 6.644360e-05	 4200	 iter
3172	 6.644360e-05	 4202	 iter
3173	 6.644360e-05	 4203	 iter
3174	 6.644360e-05	 4205	 iter
3175	 6.644360e-05	 4206	 iter
3176	 6.644360e-05	 4207	 iter
3177	 6.644360e-05	 4209	 iter
3178	 6.644360e-05	 4211	 iter
3179	 6.644360e-05	 4213	 iter
3179	 6.644360e-05	 4213	 done
