0	 3.913152e-33	 1	 init
0	 3.913152e-33	 1	 iter
1	 3.913152e-33	 17	 iter
2	 3.913152e-33	 19	 iter
3	 3.913152e-33	 21	 iter
4	 3.913152e-33	 23	 iter
5	 3.913152e-33	 25	 iter
6	 3.913152e-33	 27	 iter
7	 3.913152e-33	 29	 iter
8	 3.913152e-33	 31	 iter
9	 3.913152e-33	 33	 iter
10	 3.913152e-33	 35	 iter
11	 3.913152e-33	 37	 iter
12	 3.913152e-33	 39	 iter
13	 3.913152e-33	 41	 iter
14	 3.913152e-33	 43	 iter
15	 3.913152e-33	 45	 iter
16	 3.913152e-33	 46	 iter
17	 3.913152e-33	 48	 iter
18	 3.913152e-33	 50	 iter
19	 3.913152e-33	 52	 iter
20	 3.913152e-33	 54	 iter
21	 3.913152e-33	 56	 iter
22	 3.913152e-33	 57	 iter
23	 3.913152e-33	 58	 iter
24	 3.913152e-33	 60	 iter
25	 3.913152e-33	 62	 iter
26	 3.913152e-33	 64	 iter
27	 3.913152e-33	 66	 iter
28	 3.913152e-33	 68	 iter
29	 3.913152e-33	 70	 iter
30	 3.913152e-33	 71	 iter
31	 3.913152e-33	 73	 iter
32	 3.913152e-33	 75	 iter
33	 3.913152e-33	 76	 iter
34	 3.913152e-33	 78	 iter
35	 3.913152e-33	 80	 iter
36	 3.913152e-33	 82	 iter
37	 3.913152e-33	 84	 iter
38	 3.913152e-33	 85	 iter
39	 3.913152e-33	 87	 iter
40	 3.913152e-33	 89	 iter
41	 3.913152e-33	 90	 iter
42	 3.913152e-33	 91	 iter
43	 3.913152e-33	 93	 iter
44	 3.913152e-33	 95	 iter
45	 3.913152e-33	 97	 iter
46	 3.913152e-33	 99	 iter
47	 3.913152e-33	 101	 iter
48	 3.913152e-33	 102	 iter
49	 3.913152e-33	 103	 iter
50	 3.913152e-33	 105	 iter
51	 3.913152e-33	 107	 iter
52	 3.913152e-33	 109	 iter
53	 3.913152e-33	 111	 iter
54	 3.913152e-33	 113	 iter
55	 3.913152e-33	 115	 iter
56	 3.913152e-33	 117	 iter
57	 3.913152e-33	 119	 iter
58	 3.913152e-33	 121	 iter
59	 3.913152e-33	 123	 iter
60	 3.913152e-33	 125	 iter
61	 3.913152e-33	 126	 iter
62	 3.913152e-33	 127	 iter
63	 3.913152e-33	 129	 iter
64	 3.913152e-33	 131	 iter
65	 3.913152e-33	 133	 iter
66	 3.913152e-33	 135	 iter
67	 3.913152e-33	 137	 iter
68	 3.913152e-33	 139	 iter
69	 3.913152e-33	 140	 iter
70	 3.913152e-33	 142	 iter
71	 3.913152e-33	 144	 iter
72	 3.913152e-33	 145	 iter
73	 3.913152e-33	 146	 iter
74	 3.913152e-33	 147	 iter
75	 3.913152e-33	 149	 iter
76	 3.913152e-33	 151	 iter
77	 3.913152e-33	 153	 iter
78	 3.913152e-33	 155	 iter
79	 3.913152e-33	 157	 iter
80	 3.913152e-33	 159	 iter
81	 3.913152e-33	 161	 iter
82	 3.913152e-33	 162	 iter
83	 3.913152e-33	 164	 iter
84	 3.913152e-33	 165	 iter
85	 3.913152e-33	 166	 iter
86	 3.913152e-33	 168	 iter
87	 3.913152e-33	 170	 iter
88	 3.913152e-33	 172	 iter
89	 3.913152e-33	 173	 iter
90	 3.913152e-33	 175	 iter
91	 3.913152e-33	 176	 iter
92	 3.913152e-33	 178	 iter
93	 3.913152e-33	 180	 iter
94	 3.913152e-33	 182	 iter
95	 3.913152e-33	 184	 iter
96	 3.913152e-33	 186	 iter
97	 3.913152e-33	 188	 iter
98	 3.913152e-33	 189	 iter
99	 3.913152e-33	 190	 iter
100	 3.913152e-33	 192	 iter
101	 3.913152e-33	 193	 iter
102	 3.913152e-33	 194	 iter
103	 3.913152e-33	 196	 iter
104	 3.913152e-33	 198	 iter
105	 3.913152e-33	 199	 iter
106	 3.913152e-33	 201	 iter
107	 3.913152e-33	 203	 iter
108	 3.913152e-33	 205	 iter
109	 3.913152e-33	 207	 iter
110	 3.913152e-33	 209	 iter
111	 3.913152e-33	 211	 iter
112	 3.913152e-33	 212	 iter
113	 3.913152e-33	 213	 iter
114	 3.913152e-33	 214	 iter
115	 3.913152e-33	 215	 iter
116	 3.913152e-33	 217	 iter
117	 3.913152e-33	 218	 iter
118	 3.913152e-33	 219	 iter
119	 3.913152e-33	 221	 iter
120	 3.913152e-33	 223	 iter
121	 3.913152e-33	 225	 iter
122	 3.913152e-33	 226	 iter
123	 3.913152e-33	 228	 iter
124	 3.913152e-33	 229	 iter
125	 3.913152e-33	 231	 iter
126	 3.913152e-33	 233	 iter
127	 3.913152e-33	 235	 iter
128	 3.913152e-33	 237	 iter
129	 3.913152e-33	 238	 iter
130	 3.913152e-33	 239	 iter
131	 3.913152e-33	 240	 iter
132	 3.913152e-33	 242	 iter
133	 3.913152e-33	 244	 iter
134	 3.913152e-33	 246	 iter
135	 3.913152e-33	 247	 iter
136	 3.913152e-33	 249	 iter
137	 3.913152e-33	 251	 iter
138	 3.913152e-33	 253	 iter
139	 3.913152e-33	 254	 iter
140	 3.913152e-33	 255	 iter
141	 3.913152e-33	 256	 iter
142	 3.913152e-33	 257	 iter
143	 3.913152e-33	 258	 iter
144	 3.913152e-33	 260	 iter
145	 3.913152e-33	 261	 iter
146	 3.913152e-33	 263	 iter
147	 3.913152e-33	 264	 iter
148	 3.913152e-33	 265	 iter
149	 3.913152e-33	 266	 iter
150	 3.913152e-33	 268	 iter
151	 3.913152e-33	 269	 iter
152	 3.913152e-33	 271	 iter
153	 3.913152e-33	 273	 iter
154	 3.913152e-33	 275	 iter
155	 3.913152e-33	 277	 iter
156	 3.913152e-33	 278	 iter
157	 3.913152e-33	 279	 iter
158	 3.913152e-33	 281	 iter
159	 3.913152e-33	 282	 iter
160	 3.913152e-33	 284	 iter
161	 3.913152e-33	 285	 iter
162	 3.913152e-33	 287	 iter
163	 3.913152e-33	 288	 iter
164	 3.913152e-33	 290	 iter
165	 3.913152e-33	 291	 iter
166	 3.913152e-33	 292	 iter
167	 3.913152e-33	 293	 iter
168	 3.913152e-33	 295	 iter
169	 3.913152e-33	 297	 iter
170	 3.913152e-33	 299	 iter
171	 3.913152e-33	 301	 iter
172	 3.913152e-33	 303	 iter
173	 3.913152e-33	 304	 iter
174	 3.913152e-33	 305	 iter
175	 3.913152e-33	 307	 iter
176	 3.913152e-33	 308	 iter
177	 3.913152e-33	 309	 iter
178	 3.913152e-33	 310	 iter
179	 3.913152e-33	 311	 iter
180	 3.913152e-33	 313	 iter
181	 3.913152e-33	 314	 iter
182	 3.913152e-33	 316	 iter
183	 3.913152e-33	 317	 iter
184	 3.913152e-33	 318	 iter
185	 3.913152e-33	 320	 iter
186	 3.913152e-33	 322	 iter
187	 3.913152e-33	 324	 iter
188	 3.913152e-33	 325	 iter
189	 3.913152e-33	 327	 iter
190	 3.913152e-33	 328	 iter
191	 3.913152e-33	 330	 iter
192	 3.913152e-33	 331	 iter
193	 3.913152e-33	 332	 iter
194	 3.913152e-33	 333	 iter
195	 3.913152e-33	 335	 iter
196	 3.913152e-33	 337	 iter
197	 3.913152e-33	 339	 iter
198	 3.913152e-33	 340	 iter
199	 3.913152e-33	 342	 iter
200	 3.913152e-33	 343	 iter
201	 3.913152e-33	 345	 iter
202	 3.913152e-33	 347	 iter
203	 3.913152e-33	 349	 iter
204	 3.913152e-33	 351	 iter
205	 3.913152e-33	 352	 iter
206	 3.913152e-33	 354	 iter
207	 3.913152e-33	 355	 iter
208	 3.913152e-33	 357	 iter
209	 3.913152e-33	 358	 iter
210	 3.913152e-33	 359	 iter
211	 3.913152e-33	 361	 iter
212	 3.913152e-33	 362	 iter
213	 3.913152e-33	 364	 iter
214	 3.913152e-33	 365	 iter
215	 3.913152e-33	 367	 iter
216	 3.913152e-33	 368	 iter
217	 3.913152e-33	 370	 iter
218	 3.913152e-33	 372	 iter
219	 3.913152e-33	 374	 iter
220	 3.913152e-33	 375	 iter
221	 3.913152e-33	 377	 iter
222	 3.913152e-33	 379	 iter
223	 3.913152e-33	 380	 iter
224	 3.913152e-33	 382	 iter
225	 3.913152e-33	 383	 iter
226	 3.913152e-33	 385	 iter
227	 3.913152e-33	 387	 iter
228	 3.913152e-33	 389	 iter
229	 3.913152e-33	 390	 iter
230	 3.913152e-33	 391	 iter
231	 3.913152e-33	 392	 iter
232	 3.913152e-33	 394	 iter
233	 3.913152e-33	 395	 iter
234	 3.913152e-33	 397	 iter
235	 3.913152e-33	 399	 iter
236	 3.913152e-33	 400	 iter
237	 3.913152e-33	 401	 iter
238	 3.913152e-33	 402	 iter
239	 3.913152e-33	 404	 iter
240	 3.913152e-33	 406	 iter
241	 3.913152e-33	 408	 iter
242	 3.913152e-33	 410	 iter
243	 3.913152e-33	 411	 iter
244	 3.913152e-33	 412	 iter
245	 3.913152e-33	 414	 iter
246	 3.913152e-33	 416	 iter
247	 3.913152e-33	 418	 iter
248	 3.913152e-33	 419	 iter
249	 3.913152e-33	 420	 iter
250	 3.913152e-33	 422	 iter
251	 3.913152e-33	 424	 iter
252	 3.913152e-33	 426	 iter
253	 3.913152e-33	 428	 iter
254	 3.913152e-33	 429	 iter
255	 3.913152e-33	 431	 iter
256	 3.913152e-33	 433	 iter
257	 3.913152e-33	 434	 iter
258	 3.913152e-33	 435	 iter
259	 3.913152e-33	 437	 iter
260	 3.913152e-33	 439	 iter
261	 3.913152e-33	 440	 iter
262	 3.913152e-33	 441	 iter
263	 3.913152e-33	 442	 iter
264	 3.913152e-33	 444	 iter
265	 3.913152e-33	 446	 iter
266	 3.913152e-33	 447	 iter
267	 3.913152e-33	 449	 iter
268	 3.913152e-33	 450	 iter
269	 3.913152e-33	 452	 iter
270	 3.913152e-33	 454	 iter
271	 3.913152e-33	 456	 iter
272	 3.913152e-33	 457	 iter
273	 3.913152e-33	 459	 iter
274	 3.913152e-33	 460	 iter
275	 3.913152e-33	 461	 iter
276	 3.913152e-33	 462	 iter
277	 3.913152e-33	 463	 iter
278	 3.913152e-33	 464	 iter
279	 3.913152e-33	 465	 iter
279	 3.913152e-33	 465	 done
