0	 2.453367e-33	 1	 init
0	 2.453367e-33	 1	 iter
1	 2.453367e-33	 17	 iter
2	 2.453367e-33	 19	 iter
3	 2.453367e-33	 21	 iter
4	 2.453367e-33	 23	 iter
5	 2.453367e-33	 25	 iter
6	 2.453367e-33	 27	 iter
7	 2.453367e-33	 29	 iter
8	 2.453367e-33	 31	 iter
9	 2.453367e-33	 33	 iter
10	 2.453367e-33	 35	 iter
11	 2.453367e-33	 37	 iter
12	 2.453367e-33	 39	 iter
13	 2.453367e-33	 40	 iter
14	 2.453367e-33	 41	 iter
15	 2.453367e-33	 43	 iter
16	 2.453367e-33	 45	 iter
17	 2.453367e-33	 47	 iter
18	 2.453367e-33	 49	 iter
19	 2.453367e-33	 51	 iter
20	 2.453367e-33	 53	 iter
21	 2.453367e-33	 55	 iter
22	 2.453367e-33	 57	 iter
23	 2.453367e-33	 59	 iter
24	 2.453367e-33	 61	 iter
25	 2.453367e-33	 63	 iter
26	 2.453367e-33	 64	 iter
27	 2.453367e-33	 66	 iter
28	 2.453367e-33	 68	 iter
29	 2.453367e-33	 70	 iter
30	 2.453367e-33	 72	 iter
31	 2.453367e-33	 74	 iter
32	 2.453367e-33	 76	 iter
33	 2.453367e-33	 78	 iter
34	 2.453367e-33	 80	 iter
35	 2.453367e-33	 82	 iter
36	 2.453367e-33	 84	 iter
37	 2.453367e-33	 86	 iter
38	 2.453367e-33	 87	 iter
39	 2.453367e-33	 89	 iter
40	 2.453367e-33	 91	 iter
41	 2.453367e-33	 93	 iter
42	 2.453367e-33	 95	 iter
43	 2.453367e-33	 96	 iter
44	 2.453367e-33	 98	 iter
45	 2.453367e-33	 100	 iter
46	 2.453367e-33	 102	 iter
47	 2.453367e-33	 104	 iter
48	 2.453367e-33	 106	 iter
49	 2.453367e-33	 107	 iter
50	 2.453367e-33	 109	 iter
51	 2.453367e-33	 111	 iter
52	 2.453367e-33	 113	 iter
53	 2.453367e-33	 115	 iter
54	 2.453367e-33	 117	 iter
55	 2.453367e-33	 119	 iter
56	 2.453367e-33	 121	 iter
57	 2.453367e-33	 122	 iter
58	 2.453367e-33	 124	 iter
59	 2.453367e-33	 126	 iter
60	 2.453367e-33	 128	 iter
61	 2.453367e-33	 130	 iter
62	 2.453367e-33	 132	 iter
63	 2.453367e-33	 133	 iter
64	 2.453367e-33	 135	 iter
65	 2.453367e-33	 136	 iter
66	 2.453367e-33	 138	 iter
67	 2.453367e-33	 140	 iter
68	 2.453367e-33	 142	 iter
69	 2.453367e-33	 144	 iter
70	 2.453367e-33	 145	 iter
71	 2.453367e-33	 146	 iter
72	 2.453367e-33	 148	 iter
73	 2.453367e-33	 150	 iter
74	 2.453367e-33	 152	 iter
75	 2.453367e-33	 154	 iter
76	 2.453367e-33	 156	 iter
77	 2.453367e-33	 157	 iter
78	 2.453367e-33	 158	 iter
79	 2.453367e-33	 160	 iter
80	 2.453367e-33	 161	 iter
81	 2.453367e-33	 162	 iter
82	 2.453367e-33	 164	 iter
83	 2.453367e-33	 165	 iter
84	 2.453367e-33	 167	 iter
85	 2.453367e-33	 168	 iter
86	 2.453367e-33	 170	 iter
87	 2.453367e-33	 171	 iter
88	 2.453367e-33	 173	 iter
89	 2.453367e-33	 174	 iter
90	 2.453367e-33	 176	 iter
91	 2.453367e-33	 178	 iter
92	 2.453367e-33	 179	 iter
93	 2.453367e-33	 180	 iter
94	 2.453367e-33	 182	 iter
95	 2.453367e-33	 184	 iter
96	 2.453367e-33	 185	 iter
97	 2.453367e-33	 186	 iter
98	 2.453367e-33	 187	 iter
99	 2.453367e-33	 188	 iter
100	 2.453367e-33	 189	 iter
101	 2.453367e-33	 190	 iter
102	 2.453367e-33	 191	 iter
103	 2.453367e-33	 193	 iter
104	 2.453367e-33	 195	 iter
105	 2.453367e-33	 197	 iter
106	 2.453367e-33	 199	 iter
107	 2.453367e-33	 201	 iter
108	 2.453367e-33	 203	 iter
109	 2.453367e-33	 205	 iter
110	 2.453367e-33	 206	 iter
111	 2.453367e-33	 207	 iter
112	 2.453367e-33	 208	 iter
113	 2.453367e-33	 210	 iter
114	 2.453367e-33	 211	 iter
115	 2.453367e-33	 213	 iter
116	 2.453367e-33	 215	 iter
117	 2.453367e-33	 217	 iter
118	 2.453367e-33	 219	 iter
119	 2.453367e-33	 220	 iter
120	 2.453367e-33	 221	 iter
121	 2.453367e-33	 223	 iter
122	 2.453367e-33	 225	 iter
123	 2.453367e-33	 227	 iter
124	 2.453367e-33	 229	 iter
125	 2.453367e-33	 231	 iter
126	 2.453367e-33	 232	 iter
127	 2.453367e-33	 234	 iter
128	 2.453367e-33	 235	 iter
129	 2.453367e-33	 236	 iter
130	 2.453367e-33	 238	 iter
131	 2.453367e-33	 239	 iter
132	 2.453367e-33	 241	 iter
133	 2.453367e-33	 242	 iter
134	 2.453367e-33	 243	 iter
135	 2.453367e-33	 245	 iter
136	 2.453367e-33	 246	 iter
137	 2.453367e-33	 247	 iter
138	 2.453367e-33	 249	 iter
139	 2.453367e-33	 251	 iter
140	 2.453367e-33	 253	 iter
141	 2.453367e-33	 255	 iter
142	 2.453367e-33	 257	 iter
143	 2.453367e-33	 259	 iter
144	 2.453367e-33	 260	 iter
145	 2.453367e-33	 262	 iter
146	 2.453367e-33	 263	 iter
147	 2.453367e-33	 264	 iter
148	 2.453367e-33	 265	 iter
149	 2.453367e-33	 267	 iter
150	 2.453367e-33	 269	 iter
150	 2.453367e-33	 269	 done
