0	 1.901651e-04	 1	 init
0	 1.901651e-04	 1	 iter
1	 4.461053e-05	 17	 iter
2	 2.470934e-05	 19	 iter
3	 2.470934e-05	 20	 iter
4	 2.470934e-05	 21	 iter
5	 2.470934e-05	 22	 iter
6	 2.470934e-05	 23	 iter
7	 2.470934e-05	 24	 iter
8	 2.470934e-05	 25	 iter
9	 2.470934e-05	 26	 iter
10	 1.552439e-05	 28	 iter
11	 1.550454e-05	 30	 iter
12	 1.550454e-05	 31	 iter
13	 1.550454e-05	 32	 iter
14	 1.550454e-05	 33	 iter
15	 1.550454e-05	 34	 iter
16	 1.550454e-05	 35	 iter
17	 1.550454e-05	 37	 iter
18	 1.550454e-05	 39	 iter
19	 1.550454e-05	 40	 iter
20	 1.550454e-05	 42	 iter
21	 1.550454e-05	 44	 iter
22	 1.550454e-05	 46	 iter
23	 1.550454e-05	 48	 iter
24	 1.550454e-05	 50	 iter
25	 1.550454e-05	 52	 iter
26	 1.550454e-05	 54	 iter
27	 1.550454e-05	 56	 iter
28	 1.550454e-05	 58	 iter
29	 1.550454e-05	 60	 iter
30	 1.550454e-05	 62	 iter
31	 1.550454e-05	 63	 iter
32	 1.550454e-05	 64	 iter
33	 1.550454e-05	 65	 iter
34	 1.550454e-05	 67	 iter
35	 1.550454e-05	 69	 iter
36	 1.550454e-05	 71	 iter
37	 1.550454e-05	 72	 iter
38	 1.550454e-05	 74	 iter
39	 1.550454e-05	 75	 iter
40	 1.550454e-05	 77	 iter
41	 1.550454e-05	 78	 iter
42	 1.550454e-05	 79	 iter
43	 1.550454e-05	 81	 iter
44	 1.550454e-05	 83	 iter
45	 1.550454e-05	 85	 iter
46	 1.550454e-05	 86	 iter
47	 1.533175e-05	 88	 iter
48	 1.533175e-05	 90	 iter
49	 1.479184e-05	 92	 iter
50	 1.479184e-05	 94	 iter
51	 1.432955e-05	 96	 iter
52	 1.432955e-05	 97	 iter
53	 1.432955e-05	 99	 iter
54	 1.432955e-05	 100	 iter
55	 1.432955e-05	 101	 iter
56	 1.325446e-05	 103	 iter
57	 1.325446e-05	 104	 iter
58	 1.325446e-05	 106	 iter
59	 1.325446e-05	 107	 iter
60	 1.279851e-05	 109	 iter
61	 1.279851e-05	 111	 iter
62	 1.170542e-05	 113	 iter
63	 1.170542e-05	 115	 iter
64	 1.170542e-05	 117	 iter
65	 1.170542e-05	 119	 iter
66	 1.170542e-05	 120	 iter
67	 1.170542e-05	 121	 iter
68	 1.125913e-05	 123	 iter
69	 1.125913e-05	 124	 iter
70	 1.125913e-05	 126	 iter
71	 1.125913e-05	 127	 iter
72	 1.125913e-05	 128	 iter
73	 1.125913e-05	 130	 iter
74	 1.125913e-05	 132	 iter
75	 1.125913e-05	 133	 iter
76	 1.125913e-05	 134	 iter
77	 1.125913e-05	 135	 iter
78	 1.043813e-05	 137	 iter
79	 1.001888e-05	 139	 iter
80	 1.001888e-05	 140	 iter
81	 1.001888e-05	 142	 iter
82	 1.001888e-05	 143	 iter
83	 1.001888e-05	 144	 iter
84	 1.001888e-05	 145	 iter
85	 1.001888e-05	 146	 iter
86	 1.001888e-05	 147	 iter
87	 8.564601e-06	 149	 iter
88	 8.564601e-06	 150	 iter
89	 8.564601e-06	 151	 iter
90	 8.564601e-06	 152	 iter
91	 8.564601e-06	 153	 iter
92	 8.564601e-06	 154	 iter
93	 8.564601e-06	 155	 iter
94	 8.564601e-06	 156	 iter
95	 8.564601e-06	 157	 iter
96	 8.564601e-06	 158	 iter
97	 8.564601e-06	 160	 iter
98	 8.564601e-06	 161	 iter
99	 8.564601e-06	 162	 iter
100	 8.564601e-06	 163	 iter
101	 8.216697e-06	 165	 iter
102	 8.216697e-06	 167	 iter
103	 8.216697e-06	 168	 iter
104	 8.216697e-06	 169	 iter
105	 8.216697e-06	 170	 iter
106	 8.216697e-06	 171	 iter
107	 8.216697e-06	 172	 iter
108	 8.216697e-06	 173	 iter
109	 8.216697e-06	 174	 iter
110	 8.216697e-06	 175	 iter
111	 8.216697e-06	 176	 iter
112	 8.216697e-06	 177	 iter
113	 7.713129e-06	 179	 iter
114	 7.713129e-06	 180	 iter
115	 7.713129e-06	 182	 iter
116	 7.713129e-06	 184	 iter
117	 7.713129e-06	 185	 iter
118	 7.713129e-06	 187	 iter
119	 7.713129e-06	 189	 iter
120	 7.713129e-06	 190	 iter
121	 7.713129e-06	 191	 iter
122	 7.713129e-06	 192	 iter
123	 7.713129e-06	 193	 iter
124	 7.713129e-06	 194	 iter
125	 7.713129e-06	 196	 iter
126	 7.713129e-06	 197	 iter
127	 7.713129e-06	 198	 iter
128	 7.713129e-06	 200	 iter
129	 7.713129e-06	 202	 iter
130	 7.713129e-06	 203	 iter
131	 7.713129e-06	 205	 iter
132	 7.713129e-06	 206	 iter
133	 7.713129e-06	 207	 iter
134	 7.713129e-06	 208	 iter
135	 7.713129e-06	 209	 iter
136	 7.468669e-06	 211	 iter
137	 7.468669e-06	 212	 iter
138	 7.468669e-06	 214	 iter
139	 7.468669e-06	 215	 iter
140	 7.468669e-06	 217	 iter
141	 7.468669e-06	 218	 iter
142	 7.468669e-06	 220	 iter
143	 7.468669e-06	 221	 iter
144	 7.463471e-06	 223	 iter
145	 7.463471e-06	 224	 iter
146	 7.463471e-06	 225	 iter
147	 7.463471e-06	 227	 iter
148	 7.463471e-06	 228	 iter
149	 7.463471e-06	 229	 iter
150	 7.463471e-06	 230	 iter
151	 7.447489e-06	 232	 iter
152	 7.447489e-06	 233	 iter
153	 7.447489e-06	 234	 iter
154	 7.447489e-06	 236	 iter
155	 7.447489e-06	 237	 iter
156	 7.447489e-06	 238	 iter
157	 7.447489e-06	 239	 iter
158	 7.447489e-06	 240	 iter
159	 7.447489e-06	 241	 iter
160	 7.426503e-06	 243	 iter
161	 7.178022e-06	 245	 iter
162	 7.178022e-06	 246	 iter
163	 7.178022e-06	 247	 iter
164	 7.178022e-06	 248	 iter
165	 7.123448e-06	 250	 iter
166	 7.123448e-06	 251	 iter
167	 7.123448e-06	 252	 iter
168	 7.123448e-06	 254	 iter
169	 6.975018e-06	 256	 iter
170	 6.975018e-06	 258	 iter
171	 6.975018e-06	 259	 iter
172	 6.975018e-06	 260	 iter
173	 6.975018e-06	 261	 iter
174	 6.975018e-06	 263	 iter
175	 6.975018e-06	 264	 iter
176	 6.975018e-06	 265	 iter
177	 6.975018e-06	 266	 iter
178	 6.975018e-06	 267	 iter
179	 6.478966e-06	 269	 iter
180	 6.478966e-06	 270	 iter
181	 6.478966e-06	 271	 iter
182	 6.478966e-06	 272	 iter
183	 6.478966e-06	 273	 iter
184	 6.478966e-06	 274	 iter
185	 6.478966e-06	 275	 iter
186	 6.478966e-06	 276	 iter
187	 6.478966e-06	 278	 iter
188	 6.478966e-06	 279	 iter
189	 6.478966e-06	 280	 iter
190	 6.478966e-06	 281	 iter
191	 6.478966e-06	 282	 iter
192	 6.478966e-06	 283	 iter
193	 6.478966e-06	 284	 iter
194	 6.478966e-06	 285	 iter
195	 6.478966e-06	 286	 iter
196	 6.478966e-06	 287	 iter
197	 6.069602e-06	 289	 iter
198	 6.069602e-06	 290	 iter
199	 6.069602e-06	 291	 iter
200	 6.069602e-06	 292	 iter
201	 6.069602e-06	 293	 iter
202	 6.069602e-06	 294	 iter
203	 6.069602e-06	 295	 iter
204	 6.069602e-06	 297	 iter
205	 6.069602e-06	 298	 iter
206	 6.069602e-06	 299	 iter
207	 6.069602e-06	 300	 iter
208	 6.069602e-06	 301	 iter
209	 6.069602e-06	 302	 iter
210	 5.729172e-06	 304	 iter
211	 5.729172e-06	 305	 iter
212	 5.729172e-06	 306	 iter
213	 5.729172e-06	 307	 iter
214	 5.729172e-06	 308	 iter
215	 5.729172e-06	 309	 iter
216	 5.729172e-06	 310	 iter
217	 5.627084e-06	 312	 iter
218	 5.627084e-06	 313	 iter
219	 5.195241e-06	 315	 iter
220	 5.195241e-06	 316	 iter
221	 5.195241e-06	 317	 iter
222	 5.195241e-06	 318	 iter
223	 5.195241e-06	 319	 iter
224	 5.195241e-06	 320	 iter
225	 5.195241e-06	 321	 iter
226	 5.195241e-06	 322	 iter
227	 5.195241e-06	 323	 iter
228	 4.952913e-06	 325	 iter
229	 4.952913e-06	 326	 iter
230	 4.952913e-06	 327	 iter
231	 4.952913e-06	 328	 iter
232	 4.952913e-06	 329	 iter
233	 4.952913e-06	 330	 iter
234	 4.952913e-06	 331	 iter
235	 4.952913e-06	 332	 iter
236	 4.890255e-06	 334	 iter
237	 4.890255e-06	 335	 iter
238	 4.854392e-06	 337	 iter
239	 4.854392e-06	 338	 iter
240	 4.763771e-06	 340	 iter
241	 4.763771e-06	 341	 iter
242	 4.468673e-06	 343	 iter
243	 4.358705e-06	 345	 iter
244	 4.358705e-06	 346	 iter
245	 4.358705e-06	 347	 iter
246	 4.318592e-06	 349	 iter
247	 4.318592e-06	 350	 iter
248	 4.318592e-06	 351	 iter
249	 4.318592e-06	 353	 iter
250	 4.318592e-06	 354	 iter
251	 4.318592e-06	 355	 iter
252	 4.318592e-06	 356	 iter
253	 4.318592e-06	 357	 iter
254	 4.160744e-06	 359	 iter
255	 4.066135e-06	 361	 iter
256	 4.066135e-06	 362	 iter
257	 4.066135e-06	 363	 iter
258	 3.962404e-06	 365	 iter
259	 3.962404e-06	 366	 iter
260	 3.904673e-06	 368	 iter
261	 3.904673e-06	 369	 iter
262	 3.904673e-06	 370	 iter
263	 3.904673e-06	 371	 iter
264	 3.904673e-06	 372	 iter
265	 3.904673e-06	 373	 iter
266	 3.904673e-06	 374	 iter
267	 3.904673e-06	 375	 iter
268	 3.865267e-06	 377	 iter
269	 3.865267e-06	 378	 iter
270	 3.835720e-06	 380	 iter
271	 3.835720e-06	 381	 iter
272	 3.835720e-06	 382	 iter
273	 3.835720e-06	 383	 iter
274	 3.835720e-06	 385	 iter
275	 3.835720e-06	 386	 iter
276	 3.835720e-06	 388	 iter
277	 3.835720e-06	 389	 iter
278	 3.835720e-06	 390	 iter
279	 3.835720e-06	 391	 iter
280	 3.835720e-06	 392	 iter
281	 3.835720e-06	 393	 iter
282	 3.835720e-06	 395	 iter
283	 3.835720e-06	 396	 iter
284	 3.794823e-06	 398	 iter
285	 3.794823e-06	 399	 iter
286	 3.794823e-06	 401	 iter
287	 3.794823e-06	 403	 iter
288	 3.794823e-06	 405	 iter
289	 3.794823e-06	 406	 iter
290	 3.735178e-06	 408	 iter
291	 3.675590e-06	 410	 iter
292	 3.675590e-06	 411	 iter
293	 3.675590e-06	 413	 iter
294	 3.675590e-06	 414	 iter
295	 3.675590e-06	 416	 iter
296	 3.653127e-06	 418	 iter
297	 3.653127e-06	 420	 iter
298	 3.653127e-06	 421	 iter
299	 3.653127e-06	 422	 iter
300	 3.621996e-06	 424	 iter
301	 3.621996e-06	 426	 iter
302	 3.621996e-06	 427	 iter
303	 3.610216e-06	 429	 iter
304	 3.610216e-06	 430	 iter
305	 3.527553e-06	 432	 iter
306	 3.527553e-06	 433	 iter
307	 3.527553e-06	 434	 iter
308	 3.527553e-06	 435	 iter
309	 3.527553e-06	 436	 iter
310	 3.527553e-06	 437	 iter
311	 3.527553e-06	 439	 iter
312	 3.497129e-06	 441	 iter
313	 3.497129e-06	 442	 iter
314	 3.478734e-06	 444	 iter
315	 3.478734e-06	 445	 iter
316	 3.455450e-06	 447	 iter
317	 3.455450e-06	 449	 iter
318	 3.455450e-06	 450	 iter
319	 3.455450e-06	 451	 iter
320	 3.455450e-06	 452	 iter
321	 3.455450e-06	 453	 iter
322	 3.455450e-06	 454	 iter
323	 3.430760e-06	 456	 iter
324	 3.430760e-06	 457	 iter
325	 3.430760e-06	 458	 iter
326	 3.430760e-06	 459	 iter
327	 3.331222e-06	 461	 iter
328	 3.331222e-06	 462	 iter
329	 3.331222e-06	 463	 iter
330	 3.331222e-06	 464	 iter
331	 3.331222e-06	 465	 iter
332	 3.331222e-06	 466	 iter
333	 3.331222e-06	 467	 iter
334	 3.275419e-06	 469	 iter
335	 3.275419e-06	 470	 iter
336	 3.275419e-06	 472	 iter
337	 3.275419e-06	 473	 iter
338	 3.275419e-06	 474	 iter
339	 3.275419e-06	 475	 iter
340	 3.275419e-06	 476	 iter
341	 3.184348e-06	 478	 iter
342	 3.184348e-06	 479	 iter
343	 3.184348e-06	 480	 iter
344	 3.184348e-06	 481	 iter
345	 3.184348e-06	 482	 iter
346	 3.184348e-06	 483	 iter
347	 3.184348e-06	 484	 iter
348	 3.184348e-06	 485	 iter
349	 3.184348e-06	 486	 iter
350	 3.184348e-06	 487	 iter
351	 3.184348e-06	 488	 iter
352	 3.184348e-06	 490	 iter
353	 3.162194e-06	 492	 iter
354	 3.162194e-06	 493	 iter
355	 3.162194e-06	 495	 iter
356	 3.162194e-06	 496	 iter
357	 3.162194e-06	 497	 iter
358	 3.162194e-06	 499	 iter
359	 3.162194e-06	 500	 iter
360	 3.162194e-06	 501	 iter
361	 3.162194e-06	 502	 iter
362	 3.162194e-06	 503	 iter
363	 3.128198e-06	 505	 iter
364	 3.128198e-06	 506	 iter
365	 3.128198e-06	 507	 iter
366	 3.128198e-06	 508	 iter
367	 3.120153e-06	 510	 iter
368	 3.120153e-06	 512	 iter
369	 3.120153e-06	 514	 iter
370	 3.120153e-06	 515	 iter
371	 3.120153e-06	 516	 iter
372	 3.120153e-06	 517	 iter
373	 3.120153e-06	 518	 iter
374	 3.120153e-06	 519	 iter
375	 3.120153e-06	 520	 iter
376	 3.110940e-06	 522	 iter
377	 3.110940e-06	 523	 iter
378	 3.110940e-06	 524	 iter
379	 3.082734e-06	 526	 iter
380	 3.082734e-06	 528	 iter
381	 3.082734e-06	 530	 iter
382	 3.059429e-06	 532	 iter
383	 3.059429e-06	 534	 iter
384	 3.059429e-06	 535	 iter
385	 3.059429e-06	 536	 iter
386	 3.059429e-06	 538	 iter
387	 3.059429e-06	 539	 iter
388	 3.059429e-06	 541	 iter
389	 3.059429e-06	 542	 iter
390	 3.059429e-06	 543	 iter
391	 3.059429e-06	 544	 iter
392	 3.059429e-06	 546	 iter
393	 3.058552e-06	 548	 iter
394	 3.057724e-06	 550	 iter
395	 3.057724e-06	 552	 iter
396	 3.057724e-06	 554	 iter
397	 2.995063e-06	 556	 iter
398	 2.995063e-06	 558	 iter
399	 2.995063e-06	 559	 iter
400	 2.995063e-06	 560	 iter
401	 2.995063e-06	 561	 iter
402	 2.995063e-06	 562	 iter
403	 2.995063e-06	 563	 iter
404	 2.995063e-06	 564	 iter
405	 2.995063e-06	 565	 iter
406	 2.995063e-06	 566	 iter
407	 2.995063e-06	 567	 iter
408	 2.995063e-06	 569	 iter
409	 2.979676e-06	 571	 iter
410	 2.972090e-06	 573	 iter
411	 2.972090e-06	 574	 iter
412	 2.972090e-06	 575	 iter
413	 2.967258e-06	 577	 iter
414	 2.946774e-06	 579	 iter
415	 2.946774e-06	 580	 iter
416	 2.946774e-06	 581	 iter
417	 2.946774e-06	 582	 iter
418	 2.946774e-06	 583	 iter
419	 2.937067e-06	 585	 iter
420	 2.904236e-06	 587	 iter
421	 2.904236e-06	 588	 iter
422	 2.904236e-06	 589	 iter
423	 2.904236e-06	 590	 iter
424	 2.904236e-06	 591	 iter
425	 2.904236e-06	 592	 iter
426	 2.904236e-06	 593	 iter
427	 2.904236e-06	 594	 iter
428	 2.852402e-06	 596	 iter
429	 2.852402e-06	 597	 iter
430	 2.831192e-06	 599	 iter
431	 2.831192e-06	 600	 iter
432	 2.831192e-06	 601	 iter
433	 2.831192e-06	 602	 iter
434	 2.831192e-06	 603	 iter
435	 2.808987e-06	 605	 iter
436	 2.808987e-06	 606	 iter
437	 2.808987e-06	 607	 iter
438	 2.808987e-06	 608	 iter
439	 2.778678e-06	 610	 iter
440	 2.778678e-06	 611	 iter
441	 2.778678e-06	 612	 iter
442	 2.778678e-06	 613	 iter
443	 2.778678e-06	 614	 iter
444	 2.730212e-06	 616	 iter
445	 2.730212e-06	 617	 iter
446	 2.730212e-06	 618	 iter
447	 2.730212e-06	 619	 iter
448	 2.719888e-06	 621	 iter
449	 2.719888e-06	 622	 iter
450	 2.719888e-06	 623	 iter
451	 2.719888e-06	 624	 iter
452	 2.719888e-06	 625	 iter
453	 2.684549e-06	 627	 iter
454	 2.670794e-06	 629	 iter
455	 2.670794e-06	 630	 iter
456	 2.670794e-06	 631	 iter
457	 2.670794e-06	 632	 iter
458	 2.670794e-06	 633	 iter
459	 2.670794e-06	 634	 iter
460	 2.670794e-06	 635	 iter
461	 2.670794e-06	 636	 iter
462	 2.631648e-06	 638	 iter
463	 2.610723e-06	 640	 iter
464	 2.610723e-06	 641	 iter
465	 2.610723e-06	 642	 iter
466	 2.610723e-06	 643	 iter
467	 2.610723e-06	 644	 iter
468	 2.610723e-06	 646	 iter
469	 2.610723e-06	 647	 iter
470	 2.610289e-06	 649	 iter
471	 2.610289e-06	 650	 iter
472	 2.562450e-06	 652	 iter
473	 2.562450e-06	 653	 iter
474	 2.562450e-06	 654	 iter
475	 2.562450e-06	 655	 iter
476	 2.562450e-06	 656	 iter
477	 2.546607e-06	 658	 iter
478	 2.546607e-06	 659	 iter
479	 2.546607e-06	 660	 iter
480	 2.546607e-06	 661	 iter
481	 2.546607e-06	 662	 iter
482	 2.485745e-06	 664	 iter
483	 2.485745e-06	 665	 iter
484	 2.485745e-06	 666	 iter
485	 2.485745e-06	 667	 iter
486	 2.432129e-06	 669	 iter
487	 2.432129e-06	 670	 iter
488	 2.432129e-06	 671	 iter
489	 2.432129e-06	 672	 iter
490	 2.432129e-06	 673	 iter
491	 2.432129e-06	 674	 iter
492	 2.432129e-06	 675	 iter
493	 2.432129e-06	 676	 iter
494	 2.432129e-06	 677	 iter
495	 2.432129e-06	 678	 iter
496	 2.432129e-06	 679	 iter
497	 2.432129e-06	 680	 iter
498	 2.432129e-06	 681	 iter
499	 2.414465e-06	 683	 iter
500	 2.397799e-06	 685	 iter
501	 2.354880e-06	 687	 iter
502	 2.326133e-06	 689	 iter
503	 2.326133e-06	 690	 iter
504	 2.326133e-06	 691	 iter
505	 2.326133e-06	 692	 iter
506	 2.320459e-06	 694	 iter
507	 2.320459e-06	 695	 iter
508	 2.308298e-06	 697	 iter
509	 2.308298e-06	 698	 iter
510	 2.220682e-06	 700	 iter
511	 2.220682e-06	 701	 iter
512	 2.220682e-06	 702	 iter
513	 2.220682e-06	 703	 iter
514	 2.220682e-06	 704	 iter
515	 2.220682e-06	 705	 iter
516	 2.160923e-06	 707	 iter
517	 2.117022e-06	 709	 iter
518	 2.044514e-06	 711	 iter
519	 2.044514e-06	 712	 iter
520	 2.044514e-06	 713	 iter
521	 2.044514e-06	 714	 iter
522	 2.012111e-06	 716	 iter
523	 2.012111e-06	 717	 iter
524	 2.012111e-06	 718	 iter
525	 2.011528e-06	 720	 iter
526	 1.937575e-06	 722	 iter
527	 1.801338e-06	 724	 iter
528	 1.801338e-06	 725	 iter
529	 1.801338e-06	 726	 iter
530	 1.801338e-06	 727	 iter
531	 1.801338e-06	 728	 iter
532	 1.801338e-06	 730	 iter
533	 1.801338e-06	 731	 iter
534	 1.801338e-06	 732	 iter
535	 1.801338e-06	 733	 iter
536	 1.740637e-06	 735	 iter
537	 1.740637e-06	 736	 iter
538	 1.740637e-06	 737	 iter
539	 1.726347e-06	 739	 iter
540	 1.721192e-06	 741	 iter
541	 1.721192e-06	 742	 iter
542	 1.721192e-06	 743	 iter
543	 1.721192e-06	 744	 iter
544	 1.721192e-06	 746	 iter
545	 1.721192e-06	 747	 iter
546	 1.675905e-06	 749	 iter
547	 1.675905e-06	 750	 iter
548	 1.675905e-06	 751	 iter
549	 1.668091e-06	 753	 iter
550	 1.668091e-06	 755	 iter
551	 1.668091e-06	 756	 iter
552	 1.668091e-06	 757	 iter
553	 1.614732e-06	 759	 iter
554	 1.614732e-06	 760	 iter
555	 1.614732e-06	 761	 iter
556	 1.603954e-06	 763	 iter
557	 1.603954e-06	 764	 iter
558	 1.603954e-06	 766	 iter
559	 1.603954e-06	 767	 iter
560	 1.584481e-06	 769	 iter
561	 1.571717e-06	 771	 iter
562	 1.571717e-06	 772	 iter
563	 1.571717e-06	 773	 iter
564	 1.571717e-06	 774	 iter
565	 1.571717e-06	 775	 iter
566	 1.563144e-06	 777	 iter
567	 1.549201e-06	 779	 iter
568	 1.549201e-06	 780	 iter
569	 1.549201e-06	 781	 iter
570	 1.549201e-06	 782	 iter
571	 1.549201e-06	 783	 iter
572	 1.549201e-06	 784	 iter
573	 1.536546e-06	 786	 iter
574	 1.536546e-06	 787	 iter
575	 1.536546e-06	 788	 iter
576	 1.536546e-06	 789	 iter
577	 1.501447e-06	 791	 iter
578	 1.501447e-06	 792	 iter
579	 1.501447e-06	 793	 iter
580	 1.501447e-06	 795	 iter
581	 1.501447e-06	 796	 iter
582	 1.501447e-06	 797	 iter
583	 1.482114e-06	 799	 iter
584	 1.482114e-06	 800	 iter
585	 1.482114e-06	 801	 iter
586	 1.482114e-06	 803	 iter
587	 1.482114e-06	 804	 iter
588	 1.482114e-06	 806	 iter
589	 1.482114e-06	 807	 iter
590	 1.482114e-06	 808	 iter
591	 1.482114e-06	 809	 iter
592	 1.482114e-06	 810	 iter
593	 1.482114e-06	 812	 iter
594	 1.482114e-06	 813	 iter
595	 1.482114e-06	 815	 iter
596	 1.481204e-06	 817	 iter
597	 1.481204e-06	 818	 iter
598	 1.481204e-06	 820	 iter
599	 1.481204e-06	 822	 iter
600	 1.481204e-06	 823	 iter
601	 1.481204e-06	 825	 iter
602	 1.481204e-06	 827	 iter
603	 1.481204e-06	 828	 iter
604	 1.481204e-06	 829	 iter
605	 1.472155e-06	 831	 iter
606	 1.472155e-06	 832	 iter
607	 1.456548e-06	 834	 iter
608	 1.456548e-06	 836	 iter
609	 1.456548e-06	 838	 iter
610	 1.456548e-06	 839	 iter
611	 1.456548e-06	 840	 iter
612	 1.456548e-06	 842	 iter
613	 1.455003e-06	 844	 iter
614	 1.455003e-06	 845	 iter
615	 1.455003e-06	 847	 iter
616	 1.455003e-06	 848	 iter
617	 1.455003e-06	 850	 iter
618	 1.455003e-06	 851	 iter
619	 1.455003e-06	 853	 iter
620	 1.455003e-06	 855	 iter
621	 1.447340e-06	 857	 iter
622	 1.447340e-06	 859	 iter
623	 1.447340e-06	 860	 iter
624	 1.447340e-06	 862	 iter
625	 1.447340e-06	 863	 iter
626	 1.447340e-06	 865	 iter
627	 1.447340e-06	 866	 iter
628	 1.447340e-06	 867	 iter
629	 1.447340e-06	 868	 iter
630	 1.447340e-06	 870	 iter
631	 1.447340e-06	 872	 iter
632	 1.447340e-06	 874	 iter
633	 1.447318e-06	 876	 iter
634	 1.447031e-06	 878	 iter
635	 1.447031e-06	 879	 iter
636	 1.447031e-06	 880	 iter
637	 1.445861e-06	 882	 iter
638	 1.445546e-06	 884	 iter
639	 1.445546e-06	 886	 iter
640	 1.445546e-06	 887	 iter
641	 1.445546e-06	 889	 iter
642	 1.445546e-06	 891	 iter
643	 1.445065e-06	 893	 iter
644	 1.444460e-06	 895	 iter
645	 1.444460e-06	 896	 iter
646	 1.443425e-06	 898	 iter
647	 1.443425e-06	 899	 iter
648	 1.443425e-06	 901	 iter
649	 1.443425e-06	 903	 iter
650	 1.443425e-06	 904	 iter
651	 1.443097e-06	 906	 iter
652	 1.443097e-06	 907	 iter
653	 1.443097e-06	 909	 iter
654	 1.442047e-06	 911	 iter
655	 1.442047e-06	 912	 iter
656	 1.442047e-06	 914	 iter
657	 1.442047e-06	 915	 iter
658	 1.442047e-06	 917	 iter
659	 1.442047e-06	 918	 iter
660	 1.441986e-06	 920	 iter
661	 1.438640e-06	 922	 iter
662	 1.438640e-06	 924	 iter
663	 1.438640e-06	 926	 iter
664	 1.438640e-06	 928	 iter
665	 1.438640e-06	 929	 iter
666	 1.438640e-06	 931	 iter
667	 1.438640e-06	 932	 iter
668	 1.438640e-06	 933	 iter
669	 1.438640e-06	 934	 iter
670	 1.438640e-06	 936	 iter
671	 1.438640e-06	 937	 iter
672	 1.438640e-06	 939	 iter
673	 1.438640e-06	 940	 iter
674	 1.438640e-06	 942	 iter
675	 1.438438e-06	 944	 iter
676	 1.437599e-06	 946	 iter
677	 1.437599e-06	 947	 iter
678	 1.437599e-06	 948	 iter
679	 1.437599e-06	 950	 iter
680	 1.437599e-06	 951	 iter
681	 1.437599e-06	 952	 iter
682	 1.437599e-06	 953	 iter
683	 1.437423e-06	 955	 iter
684	 1.437423e-06	 956	 iter
685	 1.437423e-06	 957	 iter
686	 1.437423e-06	 958	 iter
687	 1.437423e-06	 959	 iter
688	 1.436479e-06	 961	 iter
689	 1.436479e-06	 962	 iter
690	 1.436479e-06	 963	 iter
691	 1.435835e-06	 965	 iter
692	 1.435835e-06	 966	 iter
693	 1.434219e-06	 968	 iter
694	 1.434219e-06	 969	 iter
695	 1.431383e-06	 971	 iter
696	 1.431383e-06	 972	 iter
697	 1.431383e-06	 973	 iter
698	 1.431383e-06	 974	 iter
699	 1.431383e-06	 975	 iter
700	 1.431383e-06	 976	 iter
701	 1.431383e-06	 977	 iter
702	 1.431383e-06	 978	 iter
703	 1.431383e-06	 979	 iter
704	 1.431383e-06	 980	 iter
705	 1.431383e-06	 981	 iter
706	 1.430117e-06	 983	 iter
707	 1.425593e-06	 985	 iter
708	 1.425593e-06	 986	 iter
709	 1.425593e-06	 987	 iter
710	 1.425593e-06	 988	 iter
711	 1.425593e-06	 989	 iter
712	 1.425593e-06	 990	 iter
713	 1.425593e-06	 991	 iter
714	 1.423587e-06	 993	 iter
715	 1.423587e-06	 994	 iter
716	 1.423587e-06	 995	 iter
717	 1.423587e-06	 996	 iter
718	 1.423587e-06	 997	 iter
719	 1.423587e-06	 998	 iter
720	 1.420848e-06	 1000	 iter
721	 1.417786e-06	 1002	 iter
722	 1.417786e-06	 1003	 iter
723	 1.417786e-06	 1004	 iter
724	 1.417786e-06	 1005	 iter
725	 1.417786e-06	 1006	 iter
726	 1.417786e-06	 1007	 iter
727	 1.417615e-06	 1009	 iter
728	 1.417528e-06	 1011	 iter
729	 1.417528e-06	 1012	 iter
730	 1.412898e-06	 1014	 iter
731	 1.412898e-06	 1015	 iter
732	 1.412898e-06	 1016	 iter
733	 1.412898e-06	 1017	 iter
734	 1.412898e-06	 1018	 iter
735	 1.412898e-06	 1019	 iter
736	 1.408973e-06	 1021	 iter
737	 1.408973e-06	 1022	 iter
738	 1.407556e-06	 1024	 iter
739	 1.407556e-06	 1025	 iter
740	 1.407556e-06	 1026	 iter
741	 1.407556e-06	 1027	 iter
742	 1.407556e-06	 1028	 iter
743	 1.407556e-06	 1029	 iter
744	 1.406249e-06	 1031	 iter
745	 1.406249e-06	 1032	 iter
746	 1.406249e-06	 1033	 iter
747	 1.406249e-06	 1034	 iter
748	 1.404184e-06	 1036	 iter
749	 1.404184e-06	 1037	 iter
750	 1.404184e-06	 1038	 iter
751	 1.404184e-06	 1039	 iter
752	 1.398329e-06	 1041	 iter
753	 1.398329e-06	 1042	 iter
754	 1.398329e-06	 1043	 iter
755	 1.398329e-06	 1044	 iter
756	 1.398329e-06	 1045	 iter
757	 1.398329e-06	 1046	 iter
758	 1.398329e-06	 1047	 iter
759	 1.398329e-06	 1048	 iter
760	 1.398329e-06	 1050	 iter
761	 1.398329e-06	 1052	 iter
762	 1.398329e-06	 1053	 iter
763	 1.398329e-06	 1054	 iter
764	 1.398329e-06	 1055	 iter
765	 1.398329e-06	 1056	 iter
766	 1.398329e-06	 1057	 iter
767	 1.398329e-06	 1058	 iter
768	 1.398329e-06	 1059	 iter
769	 1.398329e-06	 1060	 iter
770	 1.398329e-06	 1061	 iter
771	 1.394645e-06	 1063	 iter
772	 1.394645e-06	 1064	 iter
773	 1.394645e-06	 1065	 iter
774	 1.389688e-06	 1067	 iter
775	 1.389688e-06	 1068	 iter
776	 1.389688e-06	 1069	 iter
777	 1.389688e-06	 1070	 iter
778	 1.389688e-06	 1071	 iter
779	 1.389688e-06	 1072	 iter
780	 1.389688e-06	 1073	 iter
781	 1.389688e-06	 1074	 iter
782	 1.389688e-06	 1075	 iter
783	 1.389688e-06	 1076	 iter
784	 1.389688e-06	 1077	 iter
785	 1.389688e-06	 1078	 iter
786	 1.389688e-06	 1079	 iter
787	 1.389175e-06	 1081	 iter
788	 1.389175e-06	 1082	 iter
789	 1.389175e-06	 1083	 iter
790	 1.389175e-06	 1084	 iter
791	 1.387447e-06	 1086	 iter
792	 1.387447e-06	 1087	 iter
793	 1.387447e-06	 1088	 iter
794	 1.387447e-06	 1089	 iter
795	 1.387447e-06	 1090	 iter
796	 1.387447e-06	 1091	 iter
797	 1.387447e-06	 1092	 iter
798	 1.387447e-06	 1093	 iter
799	 1.387447e-06	 1094	 iter
800	 1.387447e-06	 1095	 iter
801	 1.387447e-06	 1096	 iter
802	 1.387447e-06	 1097	 iter
803	 1.384038e-06	 1099	 iter
804	 1.384038e-06	 1100	 iter
805	 1.384038e-06	 1101	 iter
806	 1.384038e-06	 1102	 iter
807	 1.384038e-06	 1103	 iter
808	 1.384038e-06	 1104	 iter
809	 1.384038e-06	 1105	 iter
810	 1.384038e-06	 1106	 iter
811	 1.384038e-06	 1107	 iter
812	 1.384038e-06	 1108	 iter
813	 1.384038e-06	 1110	 iter
814	 1.384038e-06	 1111	 iter
815	 1.384038e-06	 1112	 iter
816	 1.384038e-06	 1113	 iter
817	 1.384038e-06	 1115	 iter
818	 1.383965e-06	 1117	 iter
819	 1.383005e-06	 1119	 iter
820	 1.383005e-06	 1120	 iter
821	 1.377356e-06	 1122	 iter
822	 1.377356e-06	 1123	 iter
823	 1.377356e-06	 1124	 iter
824	 1.377356e-06	 1125	 iter
825	 1.377356e-06	 1126	 iter
826	 1.377356e-06	 1127	 iter
827	 1.377356e-06	 1128	 iter
828	 1.377356e-06	 1129	 iter
829	 1.377356e-06	 1130	 iter
830	 1.377356e-06	 1131	 iter
831	 1.377356e-06	 1132	 iter
832	 1.377356e-06	 1133	 iter
833	 1.377356e-06	 1134	 iter
834	 1.377356e-06	 1135	 iter
835	 1.377356e-06	 1136	 iter
836	 1.377356e-06	 1137	 iter
837	 1.377356e-06	 1138	 iter
838	 1.377356e-06	 1139	 iter
839	 1.375517e-06	 1141	 iter
840	 1.375517e-06	 1142	 iter
841	 1.375517e-06	 1143	 iter
842	 1.373719e-06	 1145	 iter
843	 1.373719e-06	 1146	 iter
844	 1.373719e-06	 1147	 iter
845	 1.373719e-06	 1149	 iter
846	 1.373719e-06	 1150	 iter
847	 1.373719e-06	 1151	 iter
848	 1.373719e-06	 1152	 iter
849	 1.373719e-06	 1153	 iter
850	 1.373719e-06	 1154	 iter
851	 1.373719e-06	 1155	 iter
852	 1.373719e-06	 1157	 iter
853	 1.373719e-06	 1158	 iter
854	 1.373719e-06	 1159	 iter
855	 1.373719e-06	 1160	 iter
856	 1.372329e-06	 1162	 iter
857	 1.367834e-06	 1164	 iter
858	 1.367834e-06	 1165	 iter
859	 1.367834e-06	 1166	 iter
860	 1.367834e-06	 1167	 iter
861	 1.367834e-06	 1168	 iter
862	 1.367834e-06	 1169	 iter
863	 1.367834e-06	 1170	 iter
864	 1.367834e-06	 1171	 iter
865	 1.367834e-06	 1173	 iter
866	 1.367834e-06	 1174	 iter
867	 1.367834e-06	 1175	 iter
868	 1.367834e-06	 1176	 iter
869	 1.361706e-06	 1178	 iter
870	 1.361706e-06	 1179	 iter
871	 1.361706e-06	 1180	 iter
872	 1.361706e-06	 1181	 iter
873	 1.361706e-06	 1182	 iter
874	 1.361706e-06	 1183	 iter
875	 1.361706e-06	 1184	 iter
876	 1.361706e-06	 1185	 iter
877	 1.361706e-06	 1186	 iter
878	 1.361706e-06	 1187	 iter
879	 1.356600e-06	 1189	 iter
880	 1.356600e-06	 1190	 iter
881	 1.356600e-06	 1191	 iter
882	 1.356600e-06	 1192	 iter
883	 1.356600e-06	 1193	 iter
884	 1.356600e-06	 1194	 iter
885	 1.352369e-06	 1196	 iter
886	 1.352369e-06	 1197	 iter
887	 1.352369e-06	 1198	 iter
888	 1.352369e-06	 1199	 iter
889	 1.352369e-06	 1200	 iter
890	 1.352369e-06	 1201	 iter
891	 1.352369e-06	 1202	 iter
892	 1.352369e-06	 1203	 iter
893	 1.352369e-06	 1204	 iter
894	 1.350983e-06	 1206	 iter
895	 1.350983e-06	 1207	 iter
896	 1.348723e-06	 1209	 iter
897	 1.348723e-06	 1210	 iter
898	 1.348723e-06	 1211	 iter
899	 1.348723e-06	 1212	 iter
900	 1.348723e-06	 1213	 iter
901	 1.348723e-06	 1214	 iter
902	 1.348723e-06	 1215	 iter
903	 1.341979e-06	 1217	 iter
904	 1.341979e-06	 1218	 iter
905	 1.341979e-06	 1219	 iter
906	 1.341979e-06	 1220	 iter
907	 1.341979e-06	 1221	 iter
908	 1.341979e-06	 1222	 iter
909	 1.341979e-06	 1223	 iter
910	 1.341979e-06	 1224	 iter
911	 1.341979e-06	 1225	 iter
912	 1.341979e-06	 1226	 iter
913	 1.341979e-06	 1227	 iter
914	 1.341979e-06	 1228	 iter
915	 1.341979e-06	 1229	 iter
916	 1.341979e-06	 1230	 iter
917	 1.338206e-06	 1232	 iter
918	 1.338206e-06	 1233	 iter
919	 1.338206e-06	 1234	 iter
920	 1.338206e-06	 1235	 iter
921	 1.338206e-06	 1236	 iter
922	 1.338206e-06	 1237	 iter
923	 1.336395e-06	 1239	 iter
924	 1.336395e-06	 1240	 iter
925	 1.336395e-06	 1241	 iter
926	 1.336021e-06	 1243	 iter
927	 1.336021e-06	 1245	 iter
928	 1.336021e-06	 1246	 iter
929	 1.336021e-06	 1247	 iter
930	 1.336021e-06	 1248	 iter
931	 1.336021e-06	 1249	 iter
932	 1.336021e-06	 1250	 iter
933	 1.336021e-06	 1251	 iter
934	 1.333747e-06	 1253	 iter
935	 1.331740e-06	 1255	 iter
936	 1.331740e-06	 1256	 iter
937	 1.331740e-06	 1257	 iter
938	 1.331740e-06	 1258	 iter
939	 1.331740e-06	 1259	 iter
940	 1.331430e-06	 1261	 iter
941	 1.331430e-06	 1262	 iter
942	 1.331430e-06	 1263	 iter
943	 1.331430e-06	 1264	 iter
944	 1.331430e-06	 1266	 iter
945	 1.329290e-06	 1268	 iter
946	 1.329290e-06	 1269	 iter
947	 1.329290e-06	 1270	 iter
948	 1.329290e-06	 1271	 iter
949	 1.329290e-06	 1272	 iter
950	 1.329290e-06	 1273	 iter
951	 1.329290e-06	 1274	 iter
952	 1.328802e-06	 1276	 iter
953	 1.328802e-06	 1277	 iter
954	 1.328802e-06	 1278	 iter
955	 1.327721e-06	 1280	 iter
956	 1.327721e-06	 1281	 iter
957	 1.327001e-06	 1283	 iter
958	 1.327001e-06	 1285	 iter
959	 1.325402e-06	 1287	 iter
960	 1.325402e-06	 1288	 iter
961	 1.325124e-06	 1290	 iter
962	 1.325124e-06	 1291	 iter
963	 1.325124e-06	 1292	 iter
964	 1.325124e-06	 1293	 iter
965	 1.325124e-06	 1294	 iter
966	 1.325124e-06	 1295	 iter
967	 1.325124e-06	 1296	 iter
968	 1.325124e-06	 1297	 iter
969	 1.325124e-06	 1298	 iter
970	 1.325080e-06	 1300	 iter
971	 1.322543e-06	 1302	 iter
972	 1.322543e-06	 1303	 iter
973	 1.322543e-06	 1304	 iter
974	 1.322543e-06	 1305	 iter
975	 1.322543e-06	 1306	 iter
976	 1.322543e-06	 1308	 iter
977	 1.322543e-06	 1310	 iter
978	 1.322543e-06	 1311	 iter
979	 1.322543e-06	 1313	 iter
980	 1.322543e-06	 1314	 iter
981	 1.321253e-06	 1316	 iter
982	 1.321253e-06	 1317	 iter
983	 1.321253e-06	 1318	 iter
984	 1.321253e-06	 1319	 iter
985	 1.321253e-06	 1320	 iter
986	 1.321253e-06	 1321	 iter
987	 1.321253e-06	 1322	 iter
988	 1.321253e-06	 1323	 iter
989	 1.321253e-06	 1324	 iter
990	 1.321253e-06	 1325	 iter
991	 1.321253e-06	 1327	 iter
992	 1.321253e-06	 1329	 iter
993	 1.319957e-06	 1331	 iter
994	 1.319957e-06	 1333	 iter
995	 1.319199e-06	 1335	 iter
996	 1.319199e-06	 1336	 iter
997	 1.319199e-06	 1337	 iter
998	 1.318621e-06	 1339	 iter
999	 1.318621e-06	 1341	 iter
1000	 1.318621e-06	 1343	 iter
1001	 1.318621e-06	 1345	 iter
1002	 1.318621e-06	 1347	 iter
1003	 1.318621e-06	 1349	 iter
1004	 1.318621e-06	 1351	 iter
1005	 1.318621e-06	 1352	 iter
1006	 1.318621e-06	 1353	 iter
1007	 1.318621e-06	 1355	 iter
1008	 1.318621e-06	 1356	 iter
1009	 1.318621e-06	 1357	 iter
1010	 1.318621e-06	 1358	 iter
1011	 1.318621e-06	 1359	 iter
1012	 1.318621e-06	 1360	 iter
1013	 1.318621e-06	 1361	 iter
1014	 1.318621e-06	 1362	 iter
1015	 1.318621e-06	 1364	 iter
1016	 1.318582e-06	 1366	 iter
1017	 1.318582e-06	 1367	 iter
1018	 1.318228e-06	 1369	 iter
1019	 1.317681e-06	 1371	 iter
1020	 1.317681e-06	 1372	 iter
1021	 1.317681e-06	 1373	 iter
1022	 1.317681e-06	 1374	 iter
1023	 1.317403e-06	 1376	 iter
1024	 1.317403e-06	 1377	 iter
1025	 1.317403e-06	 1378	 iter
1026	 1.317403e-06	 1379	 iter
1027	 1.317403e-06	 1380	 iter
1028	 1.317403e-06	 1381	 iter
1029	 1.317403e-06	 1382	 iter
1030	 1.317403e-06	 1383	 iter
1031	 1.316924e-06	 1385	 iter
1032	 1.316924e-06	 1386	 iter
1033	 1.316924e-06	 1388	 iter
1034	 1.316924e-06	 1389	 iter
1035	 1.316924e-06	 1390	 iter
1036	 1.316924e-06	 1391	 iter
1037	 1.316662e-06	 1393	 iter
1038	 1.316662e-06	 1394	 iter
1039	 1.316662e-06	 1396	 iter
1040	 1.316662e-06	 1398	 iter
1041	 1.316662e-06	 1400	 iter
1042	 1.316662e-06	 1401	 iter
1043	 1.316662e-06	 1402	 iter
1044	 1.316662e-06	 1403	 iter
1045	 1.316662e-06	 1405	 iter
1046	 1.316662e-06	 1407	 iter
1047	 1.316662e-06	 1408	 iter
1048	 1.316662e-06	 1409	 iter
1049	 1.316662e-06	 1410	 iter
1050	 1.316662e-06	 1411	 iter
1051	 1.316662e-06	 1413	 iter
1052	 1.316662e-06	 1414	 iter
1053	 1.316242e-06	 1416	 iter
1054	 1.316242e-06	 1418	 iter
1055	 1.316242e-06	 1420	 iter
1056	 1.316242e-06	 1421	 iter
1057	 1.316242e-06	 1422	 iter
1058	 1.316242e-06	 1423	 iter
1059	 1.316242e-06	 1424	 iter
1060	 1.316242e-06	 1425	 iter
1061	 1.316242e-06	 1426	 iter
1062	 1.316242e-06	 1427	 iter
1063	 1.316095e-06	 1429	 iter
1064	 1.316095e-06	 1430	 iter
1065	 1.316095e-06	 1431	 iter
1066	 1.316095e-06	 1432	 iter
1067	 1.316095e-06	 1433	 iter
1068	 1.316095e-06	 1434	 iter
1069	 1.316095e-06	 1435	 iter
1070	 1.316095e-06	 1437	 iter
1071	 1.316095e-06	 1438	 iter
1072	 1.316095e-06	 1439	 iter
1073	 1.316095e-06	 1440	 iter
1074	 1.316095e-06	 1442	 iter
1075	 1.315901e-06	 1444	 iter
1076	 1.315901e-06	 1445	 iter
1077	 1.315901e-06	 1446	 iter
1078	 1.315901e-06	 1447	 iter
1079	 1.315901e-06	 1448	 iter
1080	 1.315901e-06	 1449	 iter
1081	 1.315901e-06	 1450	 iter
1082	 1.315901e-06	 1451	 iter
1083	 1.315901e-06	 1453	 iter
1084	 1.315879e-06	 1455	 iter
1085	 1.315879e-06	 1457	 iter
1086	 1.315879e-06	 1459	 iter
1087	 1.315856e-06	 1461	 iter
1088	 1.315856e-06	 1462	 iter
1089	 1.315856e-06	 1464	 iter
1090	 1.315582e-06	 1466	 iter
1091	 1.315545e-06	 1468	 iter
1092	 1.315504e-06	 1470	 iter
1093	 1.315504e-06	 1471	 iter
1094	 1.315504e-06	 1472	 iter
1095	 1.315504e-06	 1474	 iter
1096	 1.315504e-06	 1475	 iter
1097	 1.315504e-06	 1476	 iter
1098	 1.315504e-06	 1477	 iter
1099	 1.315329e-06	 1479	 iter
1100	 1.315329e-06	 1480	 iter
1101	 1.315329e-06	 1481	 iter
1102	 1.315094e-06	 1483	 iter
1103	 1.315094e-06	 1484	 iter
1104	 1.315094e-06	 1485	 iter
1105	 1.315094e-06	 1486	 iter
1106	 1.315094e-06	 1487	 iter
1107	 1.314933e-06	 1489	 iter
1108	 1.314933e-06	 1490	 iter
1109	 1.314933e-06	 1491	 iter
1110	 1.314933e-06	 1492	 iter
1111	 1.314933e-06	 1493	 iter
1112	 1.314883e-06	 1495	 iter
1113	 1.314031e-06	 1497	 iter
1114	 1.314031e-06	 1498	 iter
1115	 1.314031e-06	 1499	 iter
1116	 1.314031e-06	 1500	 iter
1117	 1.314031e-06	 1501	 iter
1118	 1.314031e-06	 1502	 iter
1119	 1.314031e-06	 1503	 iter
1120	 1.314031e-06	 1504	 iter
1121	 1.314031e-06	 1505	 iter
1122	 1.314031e-06	 1506	 iter
1123	 1.314031e-06	 1507	 iter
1124	 1.314031e-06	 1508	 iter
1125	 1.313301e-06	 1510	 iter
1126	 1.313301e-06	 1511	 iter
1127	 1.313301e-06	 1512	 iter
1128	 1.313301e-06	 1513	 iter
1129	 1.313301e-06	 1514	 iter
1130	 1.313301e-06	 1515	 iter
1131	 1.312674e-06	 1517	 iter
1132	 1.312674e-06	 1518	 iter
1133	 1.312674e-06	 1519	 iter
1134	 1.312674e-06	 1520	 iter
1135	 1.312674e-06	 1521	 iter
1136	 1.312674e-06	 1522	 iter
1137	 1.312105e-06	 1524	 iter
1138	 1.312105e-06	 1525	 iter
1139	 1.312105e-06	 1526	 iter
1140	 1.311526e-06	 1528	 iter
1141	 1.311526e-06	 1529	 iter
1142	 1.310678e-06	 1531	 iter
1143	 1.310678e-06	 1532	 iter
1144	 1.310678e-06	 1533	 iter
1145	 1.310678e-06	 1534	 iter
1146	 1.310678e-06	 1535	 iter
1147	 1.310678e-06	 1536	 iter
1148	 1.309751e-06	 1538	 iter
1149	 1.309751e-06	 1539	 iter
1150	 1.309751e-06	 1540	 iter
1151	 1.309751e-06	 1541	 iter
1152	 1.309751e-06	 1542	 iter
1153	 1.309716e-06	 1544	 iter
1154	 1.309287e-06	 1546	 iter
1155	 1.308809e-06	 1548	 iter
1156	 1.308797e-06	 1550	 iter
1157	 1.307297e-06	 1552	 iter
1158	 1.307297e-06	 1553	 iter
1159	 1.307297e-06	 1554	 iter
1160	 1.307297e-06	 1555	 iter
1161	 1.306784e-06	 1557	 iter
1162	 1.306784e-06	 1558	 iter
1163	 1.306784e-06	 1559	 iter
1164	 1.306555e-06	 1561	 iter
1165	 1.305940e-06	 1563	 iter
1166	 1.305246e-06	 1565	 iter
1167	 1.305246e-06	 1566	 iter
1168	 1.305246e-06	 1567	 iter
1169	 1.305172e-06	 1569	 iter
1170	 1.305172e-06	 1570	 iter
1171	 1.305172e-06	 1571	 iter
1172	 1.303505e-06	 1573	 iter
1173	 1.303505e-06	 1574	 iter
1174	 1.303505e-06	 1575	 iter
1175	 1.301294e-06	 1577	 iter
1176	 1.301294e-06	 1578	 iter
1177	 1.301294e-06	 1579	 iter
1178	 1.301294e-06	 1580	 iter
1179	 1.301294e-06	 1581	 iter
1180	 1.301294e-06	 1582	 iter
1181	 1.301294e-06	 1583	 iter
1182	 1.301294e-06	 1584	 iter
1183	 1.301294e-06	 1585	 iter
1184	 1.299650e-06	 1587	 iter
1185	 1.299650e-06	 1588	 iter
1186	 1.299650e-06	 1589	 iter
1187	 1.299650e-06	 1590	 iter
1188	 1.299650e-06	 1591	 iter
1189	 1.299650e-06	 1592	 iter
1190	 1.299650e-06	 1593	 iter
1191	 1.299650e-06	 1594	 iter
1192	 1.299650e-06	 1595	 iter
1193	 1.299650e-06	 1596	 iter
1194	 1.299650e-06	 1597	 iter
1195	 1.298739e-06	 1599	 iter
1196	 1.298739e-06	 1600	 iter
1197	 1.298183e-06	 1602	 iter
1198	 1.298183e-06	 1603	 iter
1199	 1.298183e-06	 1604	 iter
1200	 1.298183e-06	 1605	 iter
1201	 1.298183e-06	 1606	 iter
1202	 1.297818e-06	 1608	 iter
1203	 1.297818e-06	 1609	 iter
1204	 1.297578e-06	 1611	 iter
1205	 1.297578e-06	 1612	 iter
1206	 1.297578e-06	 1613	 iter
1207	 1.297578e-06	 1614	 iter
1208	 1.297578e-06	 1616	 iter
1209	 1.297578e-06	 1617	 iter
1210	 1.297578e-06	 1618	 iter
1211	 1.297578e-06	 1620	 iter
1212	 1.294616e-06	 1622	 iter
1213	 1.294616e-06	 1623	 iter
1214	 1.294616e-06	 1624	 iter
1215	 1.294616e-06	 1625	 iter
1216	 1.294616e-06	 1626	 iter
1217	 1.294616e-06	 1628	 iter
1218	 1.294616e-06	 1629	 iter
1219	 1.294616e-06	 1630	 iter
1220	 1.294616e-06	 1631	 iter
1221	 1.294616e-06	 1632	 iter
1222	 1.294616e-06	 1633	 iter
1223	 1.294616e-06	 1634	 iter
1224	 1.293842e-06	 1636	 iter
1225	 1.293842e-06	 1637	 iter
1226	 1.293842e-06	 1638	 iter
1227	 1.293842e-06	 1639	 iter
1228	 1.293842e-06	 1640	 iter
1229	 1.293842e-06	 1641	 iter
1230	 1.292879e-06	 1643	 iter
1231	 1.292879e-06	 1644	 iter
1232	 1.292879e-06	 1645	 iter
1233	 1.292879e-06	 1646	 iter
1234	 1.292879e-06	 1647	 iter
1235	 1.292879e-06	 1648	 iter
1236	 1.292172e-06	 1650	 iter
1237	 1.292172e-06	 1651	 iter
1238	 1.292045e-06	 1653	 iter
1239	 1.292045e-06	 1654	 iter
1240	 1.292045e-06	 1655	 iter
1241	 1.292045e-06	 1656	 iter
1242	 1.290436e-06	 1658	 iter
1243	 1.290436e-06	 1659	 iter
1244	 1.287762e-06	 1661	 iter
1245	 1.287762e-06	 1662	 iter
1246	 1.287762e-06	 1663	 iter
1247	 1.287762e-06	 1664	 iter
1248	 1.287762e-06	 1665	 iter
1249	 1.287762e-06	 1666	 iter
1250	 1.287762e-06	 1667	 iter
1251	 1.287762e-06	 1668	 iter
1252	 1.287762e-06	 1669	 iter
1253	 1.287762e-06	 1670	 iter
1254	 1.287762e-06	 1671	 iter
1255	 1.287762e-06	 1672	 iter
1256	 1.287475e-06	 1674	 iter
1257	 1.285470e-06	 1676	 iter
1258	 1.285470e-06	 1677	 iter
1259	 1.285470e-06	 1678	 iter
1260	 1.285470e-06	 1679	 iter
1261	 1.285470e-06	 1680	 iter
1262	 1.284259e-06	 1682	 iter
1263	 1.284259e-06	 1683	 iter
1264	 1.284259e-06	 1684	 iter
1265	 1.284259e-06	 1685	 iter
1266	 1.284259e-06	 1686	 iter
1267	 1.282973e-06	 1688	 iter
1268	 1.280283e-06	 1690	 iter
1269	 1.280283e-06	 1691	 iter
1270	 1.280283e-06	 1692	 iter
1271	 1.280283e-06	 1693	 iter
1272	 1.278313e-06	 1695	 iter
1273	 1.278313e-06	 1696	 iter
1274	 1.278313e-06	 1697	 iter
1275	 1.278313e-06	 1698	 iter
1276	 1.278313e-06	 1699	 iter
1277	 1.278313e-06	 1700	 iter
1278	 1.278313e-06	 1701	 iter
1279	 1.278313e-06	 1702	 iter
1280	 1.278313e-06	 1703	 iter
1281	 1.278313e-06	 1704	 iter
1282	 1.277014e-06	 1706	 iter
1283	 1.277014e-06	 1707	 iter
1284	 1.274580e-06	 1709	 iter
1285	 1.274576e-06	 1711	 iter
1286	 1.274576e-06	 1712	 iter
1287	 1.274576e-06	 1713	 iter
1288	 1.274576e-06	 1714	 iter
1289	 1.274576e-06	 1715	 iter
1290	 1.274576e-06	 1716	 iter
1291	 1.273706e-06	 1718	 iter
1292	 1.271523e-06	 1720	 iter
1293	 1.271523e-06	 1721	 iter
1294	 1.269354e-06	 1723	 iter
1295	 1.266427e-06	 1725	 iter
1296	 1.266427e-06	 1726	 iter
1297	 1.266427e-06	 1727	 iter
1298	 1.266427e-06	 1728	 iter
1299	 1.266427e-06	 1729	 iter
1300	 1.266427e-06	 1730	 iter
1301	 1.266427e-06	 1731	 iter
1302	 1.266427e-06	 1732	 iter
1303	 1.264488e-06	 1734	 iter
1304	 1.264488e-06	 1735	 iter
1305	 1.264488e-06	 1736	 iter
1306	 1.264488e-06	 1737	 iter
1307	 1.262401e-06	 1739	 iter
1308	 1.262401e-06	 1740	 iter
1309	 1.262401e-06	 1741	 iter
1310	 1.262401e-06	 1742	 iter
1311	 1.262401e-06	 1743	 iter
1312	 1.262401e-06	 1744	 iter
1313	 1.262401e-06	 1745	 iter
1314	 1.262401e-06	 1746	 iter
1315	 1.259299e-06	 1748	 iter
1316	 1.259299e-06	 1749	 iter
1317	 1.259299e-06	 1750	 iter
1318	 1.256195e-06	 1752	 iter
1319	 1.256195e-06	 1753	 iter
1320	 1.256195e-06	 1754	 iter
1321	 1.256195e-06	 1755	 iter
1322	 1.256195e-06	 1756	 iter
1323	 1.256195e-06	 1757	 iter
1324	 1.256195e-06	 1758	 iter
1325	 1.255637e-06	 1760	 iter
1326	 1.255637e-06	 1761	 iter
1327	 1.255637e-06	 1762	 iter
1328	 1.255150e-06	 1764	 iter
1329	 1.254882e-06	 1766	 iter
1330	 1.253874e-06	 1768	 iter
1331	 1.253874e-06	 1769	 iter
1332	 1.251649e-06	 1771	 iter
1333	 1.251649e-06	 1772	 iter
1334	 1.250925e-06	 1774	 iter
1335	 1.250688e-06	 1776	 iter
1336	 1.250688e-06	 1777	 iter
1337	 1.250688e-06	 1778	 iter
1338	 1.250688e-06	 1779	 iter
1339	 1.250534e-06	 1781	 iter
1340	 1.250534e-06	 1782	 iter
1341	 1.250534e-06	 1783	 iter
1342	 1.250534e-06	 1784	 iter
1343	 1.250534e-06	 1785	 iter
1344	 1.250534e-06	 1786	 iter
1345	 1.248956e-06	 1788	 iter
1346	 1.248956e-06	 1789	 iter
1347	 1.248279e-06	 1791	 iter
1348	 1.248279e-06	 1792	 iter
1349	 1.248269e-06	 1794	 iter
1350	 1.248269e-06	 1796	 iter
1351	 1.248269e-06	 1797	 iter
1352	 1.248093e-06	 1799	 iter
1353	 1.245723e-06	 1801	 iter
1354	 1.245723e-06	 1802	 iter
1355	 1.245723e-06	 1804	 iter
1356	 1.245723e-06	 1805	 iter
1357	 1.245723e-06	 1806	 iter
1358	 1.244416e-06	 1808	 iter
1359	 1.244416e-06	 1809	 iter
1360	 1.244416e-06	 1810	 iter
1361	 1.244416e-06	 1811	 iter
1362	 1.243814e-06	 1813	 iter
1363	 1.243814e-06	 1814	 iter
1364	 1.243814e-06	 1815	 iter
1365	 1.243814e-06	 1816	 iter
1366	 1.243814e-06	 1817	 iter
1367	 1.243814e-06	 1818	 iter
1368	 1.243814e-06	 1819	 iter
1369	 1.242151e-06	 1821	 iter
1370	 1.242151e-06	 1822	 iter
1371	 1.242151e-06	 1824	 iter
1372	 1.242151e-06	 1825	 iter
1373	 1.242135e-06	 1827	 iter
1374	 1.242135e-06	 1828	 iter
1375	 1.242135e-06	 1829	 iter
1376	 1.242135e-06	 1830	 iter
1377	 1.242135e-06	 1832	 iter
1378	 1.242135e-06	 1833	 iter
1379	 1.242135e-06	 1834	 iter
1380	 1.242135e-06	 1835	 iter
1381	 1.241990e-06	 1837	 iter
1382	 1.241990e-06	 1838	 iter
1383	 1.241990e-06	 1839	 iter
1384	 1.241990e-06	 1840	 iter
1385	 1.241990e-06	 1841	 iter
1386	 1.241990e-06	 1842	 iter
1387	 1.240525e-06	 1844	 iter
1388	 1.240525e-06	 1845	 iter
1389	 1.240525e-06	 1846	 iter
1390	 1.239324e-06	 1848	 iter
1391	 1.239324e-06	 1850	 iter
1392	 1.239324e-06	 1851	 iter
1393	 1.239077e-06	 1853	 iter
1394	 1.239077e-06	 1854	 iter
1395	 1.239077e-06	 1855	 iter
1396	 1.238508e-06	 1857	 iter
1397	 1.238508e-06	 1858	 iter
1398	 1.238508e-06	 1859	 iter
1399	 1.238508e-06	 1860	 iter
1400	 1.238508e-06	 1862	 iter
1401	 1.238508e-06	 1863	 iter
1402	 1.238508e-06	 1864	 iter
1403	 1.238508e-06	 1866	 iter
1404	 1.238508e-06	 1868	 iter
1405	 1.238508e-06	 1869	 iter
1406	 1.238508e-06	 1870	 iter
1407	 1.238508e-06	 1871	 iter
1408	 1.238508e-06	 1872	 iter
1409	 1.238508e-06	 1873	 iter
1410	 1.238508e-06	 1874	 iter
1411	 1.238508e-06	 1875	 iter
1412	 1.238508e-06	 1876	 iter
1413	 1.237344e-06	 1878	 iter
1414	 1.237344e-06	 1880	 iter
1415	 1.237344e-06	 1882	 iter
1416	 1.237344e-06	 1884	 iter
1417	 1.237344e-06	 1885	 iter
1418	 1.237344e-06	 1886	 iter
1419	 1.236971e-06	 1888	 iter
1420	 1.236486e-06	 1890	 iter
1421	 1.236486e-06	 1891	 iter
1422	 1.236486e-06	 1892	 iter
1423	 1.236486e-06	 1894	 iter
1424	 1.236486e-06	 1895	 iter
1425	 1.236486e-06	 1896	 iter
1426	 1.236486e-06	 1897	 iter
1427	 1.236486e-06	 1898	 iter
1428	 1.236486e-06	 1899	 iter
1429	 1.236486e-06	 1900	 iter
1430	 1.236486e-06	 1901	 iter
1431	 1.235989e-06	 1903	 iter
1432	 1.235989e-06	 1904	 iter
1433	 1.235989e-06	 1905	 iter
1434	 1.235668e-06	 1907	 iter
1435	 1.235668e-06	 1908	 iter
1436	 1.235435e-06	 1910	 iter
1437	 1.235435e-06	 1911	 iter
1438	 1.235435e-06	 1912	 iter
1439	 1.235435e-06	 1913	 iter
1440	 1.235435e-06	 1914	 iter
1441	 1.235435e-06	 1915	 iter
1442	 1.234453e-06	 1917	 iter
1443	 1.234453e-06	 1919	 iter
1444	 1.234453e-06	 1920	 iter
1445	 1.234453e-06	 1921	 iter
1446	 1.234453e-06	 1922	 iter
1447	 1.234453e-06	 1923	 iter
1448	 1.234453e-06	 1924	 iter
1449	 1.234453e-06	 1925	 iter
1450	 1.234453e-06	 1926	 iter
1451	 1.234453e-06	 1928	 iter
1452	 1.234453e-06	 1930	 iter
1453	 1.234453e-06	 1932	 iter
1454	 1.234453e-06	 1933	 iter
1455	 1.234453e-06	 1934	 iter
1456	 1.234453e-06	 1935	 iter
1457	 1.234453e-06	 1936	 iter
1458	 1.234453e-06	 1937	 iter
1459	 1.234453e-06	 1939	 iter
1460	 1.234453e-06	 1941	 iter
1461	 1.234453e-06	 1943	 iter
1462	 1.234453e-06	 1944	 iter
1463	 1.234453e-06	 1945	 iter
1464	 1.234453e-06	 1946	 iter
1465	 1.234453e-06	 1947	 iter
1466	 1.234453e-06	 1949	 iter
1467	 1.234202e-06	 1951	 iter
1468	 1.234202e-06	 1952	 iter
1469	 1.234202e-06	 1953	 iter
1470	 1.234201e-06	 1955	 iter
1471	 1.234201e-06	 1956	 iter
1472	 1.234201e-06	 1958	 iter
1473	 1.234201e-06	 1960	 iter
1474	 1.234201e-06	 1961	 iter
1475	 1.234124e-06	 1963	 iter
1476	 1.234124e-06	 1965	 iter
1477	 1.234124e-06	 1966	 iter
1478	 1.234059e-06	 1968	 iter
1479	 1.234059e-06	 1969	 iter
1480	 1.234059e-06	 1970	 iter
1481	 1.234059e-06	 1971	 iter
1482	 1.234059e-06	 1972	 iter
1483	 1.234059e-06	 1973	 iter
1484	 1.234059e-06	 1974	 iter
1485	 1.234059e-06	 1976	 iter
1486	 1.234059e-06	 1978	 iter
1487	 1.233987e-06	 1980	 iter
1488	 1.233987e-06	 1981	 iter
1489	 1.233987e-06	 1983	 iter
1490	 1.233987e-06	 1985	 iter
1491	 1.233626e-06	 1987	 iter
1492	 1.233626e-06	 1988	 iter
1493	 1.233519e-06	 1990	 iter
1494	 1.233519e-06	 1991	 iter
1495	 1.233384e-06	 1993	 iter
1496	 1.233384e-06	 1994	 iter
1497	 1.233384e-06	 1995	 iter
1498	 1.233384e-06	 1997	 iter
1499	 1.233384e-06	 1998	 iter
1500	 1.233384e-06	 1999	 iter
1501	 1.233384e-06	 2000	 iter
1502	 1.233384e-06	 2002	 iter
1503	 1.233384e-06	 2003	 iter
1504	 1.233384e-06	 2004	 iter
1505	 1.233384e-06	 2005	 iter
1506	 1.233384e-06	 2006	 iter
1507	 1.233232e-06	 2008	 iter
1508	 1.232758e-06	 2010	 iter
1509	 1.232758e-06	 2011	 iter
1510	 1.232758e-06	 2012	 iter
1511	 1.232758e-06	 2013	 iter
1512	 1.232758e-06	 2014	 iter
1513	 1.232758e-06	 2015	 iter
1514	 1.232758e-06	 2017	 iter
1515	 1.232758e-06	 2018	 iter
1516	 1.232758e-06	 2019	 iter
1517	 1.232758e-06	 2020	 iter
1518	 1.232758e-06	 2021	 iter
1519	 1.232758e-06	 2022	 iter
1520	 1.232758e-06	 2023	 iter
1521	 1.232758e-06	 2024	 iter
1522	 1.232623e-06	 2026	 iter
1523	 1.232623e-06	 2027	 iter
1524	 1.232623e-06	 2028	 iter
1525	 1.232623e-06	 2029	 iter
1526	 1.232591e-06	 2031	 iter
1527	 1.232071e-06	 2033	 iter
1528	 1.232071e-06	 2034	 iter
1529	 1.232071e-06	 2035	 iter
1530	 1.232071e-06	 2036	 iter
1531	 1.232071e-06	 2037	 iter
1532	 1.232071e-06	 2038	 iter
1533	 1.232071e-06	 2039	 iter
1534	 1.231596e-06	 2041	 iter
1535	 1.231596e-06	 2042	 iter
1536	 1.231596e-06	 2043	 iter
1537	 1.231596e-06	 2044	 iter
1538	 1.231464e-06	 2046	 iter
1539	 1.231464e-06	 2047	 iter
1540	 1.231464e-06	 2048	 iter
1541	 1.231448e-06	 2050	 iter
1542	 1.231448e-06	 2051	 iter
1543	 1.231448e-06	 2052	 iter
1544	 1.231448e-06	 2053	 iter
1545	 1.231070e-06	 2055	 iter
1546	 1.231070e-06	 2056	 iter
1547	 1.231070e-06	 2057	 iter
1548	 1.231070e-06	 2058	 iter
1549	 1.231070e-06	 2059	 iter
1550	 1.230735e-06	 2061	 iter
1551	 1.230417e-06	 2063	 iter
1552	 1.230417e-06	 2064	 iter
1553	 1.230417e-06	 2065	 iter
1554	 1.230417e-06	 2066	 iter
1555	 1.230417e-06	 2067	 iter
1556	 1.230070e-06	 2069	 iter
1557	 1.230070e-06	 2070	 iter
1558	 1.230070e-06	 2071	 iter
1559	 1.230070e-06	 2072	 iter
1560	 1.229955e-06	 2074	 iter
1561	 1.229955e-06	 2075	 iter
1562	 1.229955e-06	 2076	 iter
1563	 1.229955e-06	 2077	 iter
1564	 1.229837e-06	 2079	 iter
1565	 1.229592e-06	 2081	 iter
1566	 1.228985e-06	 2083	 iter
1567	 1.228985e-06	 2084	 iter
1568	 1.228985e-06	 2085	 iter
1569	 1.228985e-06	 2086	 iter
1570	 1.228985e-06	 2087	 iter
1571	 1.228985e-06	 2088	 iter
1572	 1.228985e-06	 2089	 iter
1573	 1.228985e-06	 2090	 iter
1574	 1.228985e-06	 2091	 iter
1575	 1.228985e-06	 2092	 iter
1576	 1.228541e-06	 2094	 iter
1577	 1.228541e-06	 2095	 iter
1578	 1.228541e-06	 2096	 iter
1579	 1.228541e-06	 2097	 iter
1580	 1.228541e-06	 2098	 iter
1581	 1.228541e-06	 2099	 iter
1582	 1.228310e-06	 2101	 iter
1583	 1.228310e-06	 2102	 iter
1584	 1.228310e-06	 2103	 iter
1585	 1.228310e-06	 2104	 iter
1586	 1.228310e-06	 2105	 iter
1587	 1.228310e-06	 2106	 iter
1588	 1.228310e-06	 2107	 iter
1589	 1.227940e-06	 2109	 iter
1590	 1.227940e-06	 2110	 iter
1591	 1.227940e-06	 2111	 iter
1592	 1.227940e-06	 2112	 iter
1593	 1.227940e-06	 2113	 iter
1594	 1.227940e-06	 2114	 iter
1595	 1.227940e-06	 2115	 iter
1596	 1.227940e-06	 2116	 iter
1597	 1.227940e-06	 2117	 iter
1598	 1.227940e-06	 2118	 iter
1599	 1.227940e-06	 2119	 iter
1600	 1.227871e-06	 2121	 iter
1601	 1.227871e-06	 2122	 iter
1602	 1.227871e-06	 2123	 iter
1603	 1.227871e-06	 2124	 iter
1604	 1.227513e-06	 2126	 iter
1605	 1.227513e-06	 2127	 iter
1606	 1.227513e-06	 2128	 iter
1607	 1.227513e-06	 2129	 iter
1608	 1.227513e-06	 2130	 iter
1609	 1.227513e-06	 2131	 iter
1610	 1.227513e-06	 2133	 iter
1611	 1.227513e-06	 2135	 iter
1612	 1.227342e-06	 2137	 iter
1613	 1.227342e-06	 2139	 iter
1614	 1.227342e-06	 2140	 iter
1615	 1.227342e-06	 2142	 iter
1616	 1.227342e-06	 2143	 iter
1617	 1.227342e-06	 2144	 iter
1618	 1.227342e-06	 2146	 iter
1619	 1.227342e-06	 2148	 iter
1620	 1.227342e-06	 2150	 iter
1621	 1.227309e-06	 2152	 iter
1622	 1.227309e-06	 2153	 iter
1623	 1.227309e-06	 2155	 iter
1624	 1.227309e-06	 2157	 iter
1625	 1.227309e-06	 2158	 iter
1626	 1.227309e-06	 2159	 iter
1627	 1.227309e-06	 2161	 iter
1628	 1.227309e-06	 2163	 iter
1629	 1.227281e-06	 2165	 iter
1630	 1.227281e-06	 2166	 iter
1631	 1.227281e-06	 2167	 iter
1632	 1.227167e-06	 2169	 iter
1633	 1.227167e-06	 2171	 iter
1634	 1.227167e-06	 2172	 iter
1635	 1.227167e-06	 2173	 iter
1636	 1.227100e-06	 2175	 iter
1637	 1.227100e-06	 2177	 iter
1638	 1.227100e-06	 2178	 iter
1639	 1.227092e-06	 2180	 iter
1640	 1.227092e-06	 2181	 iter
1641	 1.227073e-06	 2183	 iter
1642	 1.227073e-06	 2184	 iter
1643	 1.227073e-06	 2185	 iter
1644	 1.227073e-06	 2186	 iter
1645	 1.226934e-06	 2188	 iter
1646	 1.226934e-06	 2190	 iter
1647	 1.226934e-06	 2191	 iter
1648	 1.226934e-06	 2192	 iter
1649	 1.226766e-06	 2194	 iter
1650	 1.226766e-06	 2196	 iter
1651	 1.226766e-06	 2197	 iter
1652	 1.226766e-06	 2198	 iter
1653	 1.226766e-06	 2199	 iter
1654	 1.226766e-06	 2200	 iter
1655	 1.226766e-06	 2201	 iter
1656	 1.226724e-06	 2203	 iter
1657	 1.226724e-06	 2204	 iter
1658	 1.226637e-06	 2206	 iter
1659	 1.226637e-06	 2207	 iter
1660	 1.226637e-06	 2208	 iter
1661	 1.226637e-06	 2209	 iter
1662	 1.226637e-06	 2210	 iter
1663	 1.226637e-06	 2211	 iter
1664	 1.226509e-06	 2213	 iter
1665	 1.226509e-06	 2214	 iter
1666	 1.226189e-06	 2216	 iter
1667	 1.226189e-06	 2217	 iter
1668	 1.226189e-06	 2218	 iter
1669	 1.226189e-06	 2219	 iter
1670	 1.226189e-06	 2220	 iter
1671	 1.226189e-06	 2221	 iter
1672	 1.226189e-06	 2222	 iter
1673	 1.226189e-06	 2223	 iter
1674	 1.226189e-06	 2224	 iter
1675	 1.226189e-06	 2225	 iter
1676	 1.226189e-06	 2226	 iter
1677	 1.226189e-06	 2227	 iter
1678	 1.226189e-06	 2228	 iter
1679	 1.226189e-06	 2229	 iter
1680	 1.226189e-06	 2230	 iter
1681	 1.226189e-06	 2231	 iter
1682	 1.226189e-06	 2232	 iter
1683	 1.226168e-06	 2234	 iter
1684	 1.226168e-06	 2235	 iter
1685	 1.226107e-06	 2237	 iter
1686	 1.226107e-06	 2238	 iter
1687	 1.226107e-06	 2239	 iter
1688	 1.225777e-06	 2241	 iter
1689	 1.225777e-06	 2242	 iter
1690	 1.225777e-06	 2243	 iter
1691	 1.225777e-06	 2244	 iter
1692	 1.225777e-06	 2245	 iter
1693	 1.225777e-06	 2246	 iter
1694	 1.225777e-06	 2247	 iter
1695	 1.225777e-06	 2248	 iter
1696	 1.225777e-06	 2249	 iter
1697	 1.225758e-06	 2251	 iter
1698	 1.225538e-06	 2253	 iter
1699	 1.225538e-06	 2254	 iter
1700	 1.225538e-06	 2255	 iter
1701	 1.225538e-06	 2256	 iter
1702	 1.225538e-06	 2257	 iter
1703	 1.225538e-06	 2258	 iter
1704	 1.225538e-06	 2259	 iter
1705	 1.225538e-06	 2260	 iter
1706	 1.225431e-06	 2262	 iter
1707	 1.225431e-06	 2263	 iter
1708	 1.225431e-06	 2264	 iter
1709	 1.225431e-06	 2265	 iter
1710	 1.225431e-06	 2266	 iter
1711	 1.225416e-06	 2268	 iter
1712	 1.225416e-06	 2269	 iter
1713	 1.225385e-06	 2271	 iter
1714	 1.225294e-06	 2273	 iter
1715	 1.225294e-06	 2274	 iter
1716	 1.225294e-06	 2275	 iter
1717	 1.225294e-06	 2276	 iter
1718	 1.225294e-06	 2277	 iter
1719	 1.225294e-06	 2278	 iter
1720	 1.225294e-06	 2279	 iter
1721	 1.225294e-06	 2281	 iter
1722	 1.225257e-06	 2283	 iter
1723	 1.225239e-06	 2285	 iter
1724	 1.225239e-06	 2286	 iter
1725	 1.225239e-06	 2288	 iter
1726	 1.225239e-06	 2290	 iter
1727	 1.225143e-06	 2292	 iter
1728	 1.225143e-06	 2293	 iter
1729	 1.225143e-06	 2294	 iter
1730	 1.225143e-06	 2295	 iter
1731	 1.225143e-06	 2297	 iter
1732	 1.225124e-06	 2299	 iter
1733	 1.225124e-06	 2300	 iter
1734	 1.224965e-06	 2302	 iter
1735	 1.224965e-06	 2303	 iter
1736	 1.224965e-06	 2304	 iter
1737	 1.224965e-06	 2305	 iter
1738	 1.224965e-06	 2307	 iter
1739	 1.224965e-06	 2309	 iter
1740	 1.224965e-06	 2311	 iter
1741	 1.224965e-06	 2312	 iter
1742	 1.224965e-06	 2313	 iter
1743	 1.224965e-06	 2314	 iter
1744	 1.224819e-06	 2316	 iter
1745	 1.224819e-06	 2317	 iter
1746	 1.224819e-06	 2318	 iter
1747	 1.224819e-06	 2319	 iter
1748	 1.224819e-06	 2320	 iter
1749	 1.224819e-06	 2321	 iter
1750	 1.224819e-06	 2322	 iter
1751	 1.224819e-06	 2323	 iter
1752	 1.224819e-06	 2324	 iter
1753	 1.224634e-06	 2326	 iter
1754	 1.224634e-06	 2327	 iter
1755	 1.224634e-06	 2328	 iter
1756	 1.224589e-06	 2330	 iter
1757	 1.224589e-06	 2331	 iter
1758	 1.224589e-06	 2332	 iter
1759	 1.224589e-06	 2333	 iter
1760	 1.224589e-06	 2334	 iter
1761	 1.224589e-06	 2335	 iter
1762	 1.224509e-06	 2337	 iter
1763	 1.224509e-06	 2338	 iter
1764	 1.224509e-06	 2339	 iter
1765	 1.224509e-06	 2340	 iter
1766	 1.224509e-06	 2341	 iter
1767	 1.224316e-06	 2343	 iter
1768	 1.224262e-06	 2345	 iter
1769	 1.224262e-06	 2346	 iter
1770	 1.224262e-06	 2347	 iter
1771	 1.224262e-06	 2348	 iter
1772	 1.224262e-06	 2349	 iter
1773	 1.224240e-06	 2351	 iter
1774	 1.224137e-06	 2353	 iter
1775	 1.224137e-06	 2354	 iter
1776	 1.224137e-06	 2355	 iter
1777	 1.224137e-06	 2356	 iter
1778	 1.224137e-06	 2357	 iter
1779	 1.224137e-06	 2358	 iter
1780	 1.224137e-06	 2359	 iter
1781	 1.224137e-06	 2360	 iter
1782	 1.224137e-06	 2361	 iter
1783	 1.224137e-06	 2362	 iter
1784	 1.224083e-06	 2364	 iter
1785	 1.224083e-06	 2365	 iter
1786	 1.224027e-06	 2367	 iter
1787	 1.224027e-06	 2368	 iter
1788	 1.224027e-06	 2370	 iter
1789	 1.224027e-06	 2371	 iter
1790	 1.223993e-06	 2373	 iter
1791	 1.223941e-06	 2375	 iter
1792	 1.223941e-06	 2376	 iter
1793	 1.223941e-06	 2377	 iter
1794	 1.223901e-06	 2379	 iter
1795	 1.223901e-06	 2380	 iter
1796	 1.223901e-06	 2381	 iter
1797	 1.223901e-06	 2382	 iter
1798	 1.223901e-06	 2384	 iter
1799	 1.223901e-06	 2385	 iter
1800	 1.223801e-06	 2387	 iter
1801	 1.223801e-06	 2388	 iter
1802	 1.223801e-06	 2389	 iter
1803	 1.223801e-06	 2390	 iter
1804	 1.223801e-06	 2392	 iter
1805	 1.223801e-06	 2393	 iter
1806	 1.223674e-06	 2395	 iter
1807	 1.223674e-06	 2396	 iter
1808	 1.223674e-06	 2397	 iter
1809	 1.223674e-06	 2398	 iter
1810	 1.223674e-06	 2399	 iter
1811	 1.223674e-06	 2400	 iter
1812	 1.223674e-06	 2401	 iter
1813	 1.223594e-06	 2403	 iter
1814	 1.223594e-06	 2404	 iter
1815	 1.223594e-06	 2405	 iter
1816	 1.223594e-06	 2406	 iter
1817	 1.223594e-06	 2408	 iter
1818	 1.223594e-06	 2409	 iter
1819	 1.223594e-06	 2410	 iter
1820	 1.223594e-06	 2411	 iter
1821	 1.223196e-06	 2413	 iter
1822	 1.223196e-06	 2414	 iter
1823	 1.223196e-06	 2415	 iter
1824	 1.223196e-06	 2416	 iter
1825	 1.223196e-06	 2417	 iter
1826	 1.223196e-06	 2418	 iter
1827	 1.223196e-06	 2419	 iter
1828	 1.223196e-06	 2420	 iter
1829	 1.223196e-06	 2421	 iter
1830	 1.223196e-06	 2422	 iter
1831	 1.223196e-06	 2423	 iter
1832	 1.223196e-06	 2424	 iter
1833	 1.223196e-06	 2425	 iter
1834	 1.223161e-06	 2427	 iter
1835	 1.223161e-06	 2428	 iter
1836	 1.223161e-06	 2429	 iter
1837	 1.223142e-06	 2431	 iter
1838	 1.223133e-06	 2433	 iter
1839	 1.223000e-06	 2435	 iter
1840	 1.223000e-06	 2436	 iter
1841	 1.223000e-06	 2437	 iter
1842	 1.223000e-06	 2438	 iter
1843	 1.223000e-06	 2439	 iter
1844	 1.222957e-06	 2441	 iter
1845	 1.222886e-06	 2443	 iter
1846	 1.222813e-06	 2445	 iter
1847	 1.222813e-06	 2446	 iter
1848	 1.222813e-06	 2447	 iter
1849	 1.222813e-06	 2448	 iter
1850	 1.222813e-06	 2449	 iter
1851	 1.222643e-06	 2451	 iter
1852	 1.222543e-06	 2453	 iter
1853	 1.222543e-06	 2454	 iter
1854	 1.222543e-06	 2455	 iter
1855	 1.222543e-06	 2456	 iter
1856	 1.222524e-06	 2458	 iter
1857	 1.222478e-06	 2460	 iter
1858	 1.222478e-06	 2461	 iter
1859	 1.222478e-06	 2462	 iter
1860	 1.222478e-06	 2463	 iter
1861	 1.222131e-06	 2465	 iter
1862	 1.222131e-06	 2466	 iter
1863	 1.221873e-06	 2468	 iter
1864	 1.221873e-06	 2469	 iter
1865	 1.221873e-06	 2470	 iter
1866	 1.221873e-06	 2471	 iter
1867	 1.221873e-06	 2472	 iter
1868	 1.221873e-06	 2473	 iter
1869	 1.221873e-06	 2474	 iter
1870	 1.221873e-06	 2475	 iter
1871	 1.221873e-06	 2476	 iter
1872	 1.221531e-06	 2478	 iter
1873	 1.221531e-06	 2479	 iter
1874	 1.221531e-06	 2480	 iter
1875	 1.221531e-06	 2481	 iter
1876	 1.221061e-06	 2483	 iter
1877	 1.221061e-06	 2484	 iter
1878	 1.220681e-06	 2486	 iter
1879	 1.220681e-06	 2487	 iter
1880	 1.220681e-06	 2488	 iter
1881	 1.220681e-06	 2489	 iter
1882	 1.220681e-06	 2490	 iter
1883	 1.220681e-06	 2491	 iter
1884	 1.220437e-06	 2493	 iter
1885	 1.220437e-06	 2494	 iter
1886	 1.220437e-06	 2495	 iter
1887	 1.220220e-06	 2497	 iter
1888	 1.220220e-06	 2498	 iter
1889	 1.220105e-06	 2500	 iter
1890	 1.219841e-06	 2502	 iter
1891	 1.219841e-06	 2503	 iter
1892	 1.219841e-06	 2504	 iter
1893	 1.219832e-06	 2506	 iter
1894	 1.219832e-06	 2507	 iter
1895	 1.219741e-06	 2509	 iter
1896	 1.219556e-06	 2511	 iter
1897	 1.219556e-06	 2512	 iter
1898	 1.219556e-06	 2513	 iter
1899	 1.217971e-06	 2515	 iter
1900	 1.217971e-06	 2516	 iter
1901	 1.217971e-06	 2517	 iter
1902	 1.217971e-06	 2518	 iter
1903	 1.217971e-06	 2519	 iter
1904	 1.217971e-06	 2520	 iter
1905	 1.217971e-06	 2521	 iter
1906	 1.217971e-06	 2522	 iter
1907	 1.217971e-06	 2523	 iter
1908	 1.217971e-06	 2524	 iter
1909	 1.217971e-06	 2525	 iter
1910	 1.217971e-06	 2526	 iter
1911	 1.217971e-06	 2527	 iter
1912	 1.217971e-06	 2528	 iter
1913	 1.217971e-06	 2530	 iter
1914	 1.217971e-06	 2531	 iter
1915	 1.216871e-06	 2533	 iter
1916	 1.216871e-06	 2534	 iter
1917	 1.216871e-06	 2535	 iter
1918	 1.216871e-06	 2536	 iter
1919	 1.216871e-06	 2537	 iter
1920	 1.216871e-06	 2538	 iter
1921	 1.216871e-06	 2539	 iter
1922	 1.216871e-06	 2540	 iter
1923	 1.216871e-06	 2541	 iter
1924	 1.216871e-06	 2542	 iter
1925	 1.216871e-06	 2543	 iter
1926	 1.216871e-06	 2544	 iter
1927	 1.216363e-06	 2546	 iter
1928	 1.216363e-06	 2547	 iter
1929	 1.216363e-06	 2548	 iter
1930	 1.216363e-06	 2549	 iter
1931	 1.216363e-06	 2550	 iter
1932	 1.216363e-06	 2551	 iter
1933	 1.216132e-06	 2553	 iter
1934	 1.215648e-06	 2555	 iter
1935	 1.215081e-06	 2557	 iter
1936	 1.214151e-06	 2559	 iter
1937	 1.214151e-06	 2560	 iter
1938	 1.214151e-06	 2561	 iter
1939	 1.214151e-06	 2562	 iter
1940	 1.214151e-06	 2563	 iter
1941	 1.214151e-06	 2564	 iter
1942	 1.214151e-06	 2565	 iter
1943	 1.214151e-06	 2566	 iter
1944	 1.212239e-06	 2568	 iter
1945	 1.212239e-06	 2569	 iter
1946	 1.212239e-06	 2570	 iter
1947	 1.212239e-06	 2571	 iter
1948	 1.212239e-06	 2572	 iter
1949	 1.211627e-06	 2574	 iter
1950	 1.211627e-06	 2575	 iter
1951	 1.211627e-06	 2576	 iter
1952	 1.211471e-06	 2578	 iter
1953	 1.211471e-06	 2579	 iter
1954	 1.209164e-06	 2581	 iter
1955	 1.209164e-06	 2582	 iter
1956	 1.209164e-06	 2583	 iter
1957	 1.209164e-06	 2584	 iter
1958	 1.207923e-06	 2586	 iter
1959	 1.207923e-06	 2587	 iter
1960	 1.207923e-06	 2588	 iter
1961	 1.207923e-06	 2589	 iter
1962	 1.207923e-06	 2590	 iter
1963	 1.207923e-06	 2591	 iter
1964	 1.207923e-06	 2592	 iter
1965	 1.207810e-06	 2594	 iter
1966	 1.205360e-06	 2596	 iter
1967	 1.205360e-06	 2597	 iter
1968	 1.205360e-06	 2598	 iter
1969	 1.205360e-06	 2599	 iter
1970	 1.205360e-06	 2600	 iter
1971	 1.205089e-06	 2602	 iter
1972	 1.205089e-06	 2603	 iter
1973	 1.205089e-06	 2604	 iter
1974	 1.205089e-06	 2605	 iter
1975	 1.205089e-06	 2607	 iter
1976	 1.205089e-06	 2608	 iter
1977	 1.205089e-06	 2609	 iter
1978	 1.203094e-06	 2611	 iter
1979	 1.203094e-06	 2612	 iter
1980	 1.203094e-06	 2613	 iter
1981	 1.203094e-06	 2614	 iter
1982	 1.203094e-06	 2615	 iter
1983	 1.202932e-06	 2617	 iter
1984	 1.202932e-06	 2618	 iter
1985	 1.202932e-06	 2619	 iter
1986	 1.202634e-06	 2621	 iter
1987	 1.202634e-06	 2622	 iter
1988	 1.202634e-06	 2623	 iter
1989	 1.202338e-06	 2625	 iter
1990	 1.200543e-06	 2627	 iter
1991	 1.200543e-06	 2628	 iter
1992	 1.200543e-06	 2629	 iter
1993	 1.200543e-06	 2630	 iter
1994	 1.200543e-06	 2631	 iter
1995	 1.198787e-06	 2633	 iter
1996	 1.198787e-06	 2634	 iter
1997	 1.198787e-06	 2635	 iter
1998	 1.198787e-06	 2636	 iter
1999	 1.198787e-06	 2637	 iter
2000	 1.198787e-06	 2638	 iter
2001	 1.198787e-06	 2639	 iter
2002	 1.198787e-06	 2640	 iter
2003	 1.198787e-06	 2641	 iter
2004	 1.197788e-06	 2643	 iter
2005	 1.197554e-06	 2645	 iter
2006	 1.196130e-06	 2647	 iter
2007	 1.194823e-06	 2649	 iter
2008	 1.194823e-06	 2650	 iter
2009	 1.194823e-06	 2651	 iter
2010	 1.194823e-06	 2652	 iter
2011	 1.194823e-06	 2653	 iter
2012	 1.191220e-06	 2655	 iter
2013	 1.191220e-06	 2656	 iter
2014	 1.191220e-06	 2657	 iter
2015	 1.191220e-06	 2658	 iter
2016	 1.191220e-06	 2659	 iter
2017	 1.191220e-06	 2660	 iter
2018	 1.191220e-06	 2661	 iter
2019	 1.191220e-06	 2662	 iter
2020	 1.191220e-06	 2663	 iter
2021	 1.191220e-06	 2664	 iter
2022	 1.190884e-06	 2666	 iter
2023	 1.190884e-06	 2667	 iter
2024	 1.190850e-06	 2669	 iter
2025	 1.190850e-06	 2670	 iter
2026	 1.186064e-06	 2672	 iter
2027	 1.186064e-06	 2673	 iter
2028	 1.186064e-06	 2674	 iter
2029	 1.186064e-06	 2675	 iter
2030	 1.186064e-06	 2676	 iter
2031	 1.186064e-06	 2677	 iter
2032	 1.186064e-06	 2678	 iter
2033	 1.186064e-06	 2679	 iter
2034	 1.186064e-06	 2680	 iter
2035	 1.186064e-06	 2681	 iter
2036	 1.186064e-06	 2682	 iter
2037	 1.185897e-06	 2684	 iter
2038	 1.183710e-06	 2686	 iter
2039	 1.183710e-06	 2687	 iter
2040	 1.182114e-06	 2689	 iter
2041	 1.182114e-06	 2690	 iter
2042	 1.182114e-06	 2691	 iter
2043	 1.182114e-06	 2692	 iter
2044	 1.182114e-06	 2693	 iter
2045	 1.182114e-06	 2694	 iter
2046	 1.181917e-06	 2696	 iter
2047	 1.176020e-06	 2698	 iter
2048	 1.176020e-06	 2699	 iter
2049	 1.176020e-06	 2700	 iter
2050	 1.176020e-06	 2701	 iter
2051	 1.176020e-06	 2702	 iter
2052	 1.176020e-06	 2703	 iter
2053	 1.176020e-06	 2704	 iter
2054	 1.176020e-06	 2705	 iter
2055	 1.176020e-06	 2706	 iter
2056	 1.176020e-06	 2707	 iter
2057	 1.176020e-06	 2708	 iter
2058	 1.176020e-06	 2709	 iter
2059	 1.176020e-06	 2710	 iter
2060	 1.176020e-06	 2711	 iter
2061	 1.176020e-06	 2712	 iter
2062	 1.175741e-06	 2714	 iter
2063	 1.175741e-06	 2715	 iter
2064	 1.175741e-06	 2716	 iter
2065	 1.175741e-06	 2717	 iter
2066	 1.173703e-06	 2719	 iter
2067	 1.173703e-06	 2720	 iter
2068	 1.172530e-06	 2722	 iter
2069	 1.172530e-06	 2723	 iter
2070	 1.172530e-06	 2724	 iter
2071	 1.172530e-06	 2725	 iter
2072	 1.172530e-06	 2727	 iter
2073	 1.172530e-06	 2728	 iter
2074	 1.172530e-06	 2729	 iter
2075	 1.172530e-06	 2731	 iter
2076	 1.172300e-06	 2733	 iter
2077	 1.172300e-06	 2734	 iter
2078	 1.172300e-06	 2735	 iter
2079	 1.172300e-06	 2736	 iter
2080	 1.172300e-06	 2737	 iter
2081	 1.169476e-06	 2739	 iter
2082	 1.169476e-06	 2740	 iter
2083	 1.169476e-06	 2741	 iter
2084	 1.169476e-06	 2742	 iter
2085	 1.169476e-06	 2743	 iter
2086	 1.169476e-06	 2744	 iter
2087	 1.169476e-06	 2745	 iter
2088	 1.169476e-06	 2747	 iter
2089	 1.169476e-06	 2748	 iter
2090	 1.169158e-06	 2750	 iter
2091	 1.169158e-06	 2751	 iter
2092	 1.167172e-06	 2753	 iter
2093	 1.167172e-06	 2754	 iter
2094	 1.167172e-06	 2755	 iter
2095	 1.167172e-06	 2756	 iter
2096	 1.167172e-06	 2757	 iter
2097	 1.167172e-06	 2758	 iter
2098	 1.167172e-06	 2759	 iter
2099	 1.167172e-06	 2760	 iter
2100	 1.167172e-06	 2761	 iter
2101	 1.165425e-06	 2763	 iter
2102	 1.165425e-06	 2764	 iter
2103	 1.163231e-06	 2766	 iter
2104	 1.163231e-06	 2767	 iter
2105	 1.163231e-06	 2768	 iter
2106	 1.163231e-06	 2769	 iter
2107	 1.163231e-06	 2770	 iter
2108	 1.163231e-06	 2771	 iter
2109	 1.163231e-06	 2772	 iter
2110	 1.162715e-06	 2774	 iter
2111	 1.162499e-06	 2776	 iter
2112	 1.162499e-06	 2777	 iter
2113	 1.162499e-06	 2778	 iter
2114	 1.162499e-06	 2779	 iter
2115	 1.162499e-06	 2780	 iter
2116	 1.161455e-06	 2782	 iter
2117	 1.161455e-06	 2783	 iter
2118	 1.161455e-06	 2784	 iter
2119	 1.161201e-06	 2786	 iter
2120	 1.161201e-06	 2787	 iter
2121	 1.161201e-06	 2788	 iter
2122	 1.161201e-06	 2789	 iter
2123	 1.161201e-06	 2790	 iter
2124	 1.161201e-06	 2791	 iter
2125	 1.161201e-06	 2793	 iter
2126	 1.161201e-06	 2794	 iter
2127	 1.161201e-06	 2795	 iter
2128	 1.161201e-06	 2796	 iter
2129	 1.161201e-06	 2797	 iter
2130	 1.161201e-06	 2798	 iter
2131	 1.159220e-06	 2800	 iter
2132	 1.159220e-06	 2801	 iter
2133	 1.159220e-06	 2803	 iter
2134	 1.159220e-06	 2804	 iter
2135	 1.159220e-06	 2805	 iter
2136	 1.159220e-06	 2806	 iter
2137	 1.159220e-06	 2807	 iter
2138	 1.159220e-06	 2809	 iter
2139	 1.159220e-06	 2810	 iter
2140	 1.159220e-06	 2812	 iter
2141	 1.159220e-06	 2814	 iter
2142	 1.159220e-06	 2815	 iter
2143	 1.159220e-06	 2816	 iter
2144	 1.159061e-06	 2818	 iter
2145	 1.159061e-06	 2819	 iter
2146	 1.159061e-06	 2820	 iter
2147	 1.159061e-06	 2821	 iter
2148	 1.159061e-06	 2823	 iter
2149	 1.159061e-06	 2825	 iter
2150	 1.159061e-06	 2827	 iter
2151	 1.159061e-06	 2829	 iter
2152	 1.159061e-06	 2830	 iter
2153	 1.159061e-06	 2831	 iter
2154	 1.158084e-06	 2833	 iter
2155	 1.158084e-06	 2834	 iter
2156	 1.157962e-06	 2836	 iter
2157	 1.157962e-06	 2838	 iter
2158	 1.157962e-06	 2839	 iter
2159	 1.157649e-06	 2841	 iter
2160	 1.157649e-06	 2842	 iter
2161	 1.157649e-06	 2843	 iter
2162	 1.157649e-06	 2844	 iter
2163	 1.157649e-06	 2845	 iter
2164	 1.157649e-06	 2847	 iter
2165	 1.157649e-06	 2849	 iter
2166	 1.157649e-06	 2850	 iter
2167	 1.157649e-06	 2851	 iter
2168	 1.157368e-06	 2853	 iter
2169	 1.156922e-06	 2855	 iter
2170	 1.156922e-06	 2856	 iter
2171	 1.156922e-06	 2857	 iter
2172	 1.156922e-06	 2858	 iter
2173	 1.156922e-06	 2859	 iter
2174	 1.156922e-06	 2860	 iter
2175	 1.156922e-06	 2861	 iter
2176	 1.156922e-06	 2862	 iter
2177	 1.156581e-06	 2864	 iter
2178	 1.156581e-06	 2866	 iter
2179	 1.156581e-06	 2868	 iter
2180	 1.156581e-06	 2869	 iter
2181	 1.156431e-06	 2871	 iter
2182	 1.156431e-06	 2873	 iter
2183	 1.156431e-06	 2874	 iter
2184	 1.156431e-06	 2876	 iter
2185	 1.156431e-06	 2877	 iter
2186	 1.156431e-06	 2878	 iter
2187	 1.156431e-06	 2879	 iter
2188	 1.156431e-06	 2881	 iter
2189	 1.156431e-06	 2882	 iter
2190	 1.156431e-06	 2883	 iter
2191	 1.156431e-06	 2884	 iter
2192	 1.156089e-06	 2886	 iter
2193	 1.155836e-06	 2888	 iter
2194	 1.155836e-06	 2889	 iter
2195	 1.155836e-06	 2890	 iter
2196	 1.155810e-06	 2892	 iter
2197	 1.155810e-06	 2893	 iter
2198	 1.155810e-06	 2894	 iter
2199	 1.155810e-06	 2895	 iter
2200	 1.155810e-06	 2896	 iter
2201	 1.155810e-06	 2897	 iter
2202	 1.155314e-06	 2899	 iter
2203	 1.155314e-06	 2900	 iter
2204	 1.155314e-06	 2901	 iter
2205	 1.155314e-06	 2902	 iter
2206	 1.155314e-06	 2903	 iter
2207	 1.155314e-06	 2904	 iter
2208	 1.155314e-06	 2905	 iter
2209	 1.155314e-06	 2906	 iter
2210	 1.155314e-06	 2907	 iter
2211	 1.155314e-06	 2908	 iter
2212	 1.155314e-06	 2910	 iter
2213	 1.155314e-06	 2911	 iter
2214	 1.155314e-06	 2912	 iter
2215	 1.155314e-06	 2913	 iter
2216	 1.155314e-06	 2914	 iter
2217	 1.155314e-06	 2915	 iter
2218	 1.155314e-06	 2917	 iter
2219	 1.155087e-06	 2919	 iter
2220	 1.155087e-06	 2921	 iter
2221	 1.155086e-06	 2923	 iter
2222	 1.155028e-06	 2925	 iter
2223	 1.155028e-06	 2926	 iter
2224	 1.154825e-06	 2928	 iter
2225	 1.154825e-06	 2929	 iter
2226	 1.154825e-06	 2931	 iter
2227	 1.154825e-06	 2932	 iter
2228	 1.154825e-06	 2933	 iter
2229	 1.154825e-06	 2935	 iter
2230	 1.154825e-06	 2936	 iter
2231	 1.154825e-06	 2938	 iter
2232	 1.154825e-06	 2939	 iter
2233	 1.154825e-06	 2941	 iter
2234	 1.154825e-06	 2942	 iter
2235	 1.154825e-06	 2943	 iter
2236	 1.154825e-06	 2944	 iter
2237	 1.154825e-06	 2945	 iter
2238	 1.154825e-06	 2947	 iter
2239	 1.154825e-06	 2949	 iter
2240	 1.154662e-06	 2951	 iter
2241	 1.154628e-06	 2953	 iter
2242	 1.154628e-06	 2955	 iter
2243	 1.154628e-06	 2957	 iter
2244	 1.154613e-06	 2959	 iter
2245	 1.154613e-06	 2960	 iter
2246	 1.154613e-06	 2961	 iter
2247	 1.154613e-06	 2962	 iter
2248	 1.154613e-06	 2963	 iter
2249	 1.154613e-06	 2964	 iter
2250	 1.154613e-06	 2966	 iter
2251	 1.154613e-06	 2967	 iter
2252	 1.154613e-06	 2968	 iter
2253	 1.154613e-06	 2969	 iter
2254	 1.154613e-06	 2970	 iter
2255	 1.154613e-06	 2971	 iter
2256	 1.154613e-06	 2972	 iter
2257	 1.154587e-06	 2974	 iter
2258	 1.154502e-06	 2976	 iter
2259	 1.154502e-06	 2977	 iter
2260	 1.154502e-06	 2978	 iter
2261	 1.154502e-06	 2979	 iter
2262	 1.154502e-06	 2980	 iter
2263	 1.154502e-06	 2981	 iter
2264	 1.154502e-06	 2982	 iter
2265	 1.154502e-06	 2983	 iter
2266	 1.154502e-06	 2985	 iter
2267	 1.154502e-06	 2986	 iter
2268	 1.154502e-06	 2988	 iter
2269	 1.154502e-06	 2989	 iter
2270	 1.154382e-06	 2991	 iter
2271	 1.154382e-06	 2992	 iter
2272	 1.154382e-06	 2993	 iter
2273	 1.154382e-06	 2994	 iter
2274	 1.154382e-06	 2995	 iter
2275	 1.154382e-06	 2996	 iter
2276	 1.154382e-06	 2997	 iter
2277	 1.154382e-06	 2999	 iter
2278	 1.154382e-06	 3001	 iter
2279	 1.154382e-06	 3002	 iter
2280	 1.154382e-06	 3004	 iter
2281	 1.154382e-06	 3005	 iter
2282	 1.154382e-06	 3006	 iter
2283	 1.154382e-06	 3007	 iter
2284	 1.154382e-06	 3009	 iter
2285	 1.154382e-06	 3011	 iter
2286	 1.154382e-06	 3012	 iter
2287	 1.154382e-06	 3013	 iter
2288	 1.154382e-06	 3014	 iter
2289	 1.154310e-06	 3016	 iter
2290	 1.154310e-06	 3017	 iter
2291	 1.154310e-06	 3018	 iter
2292	 1.154310e-06	 3020	 iter
2293	 1.154310e-06	 3021	 iter
2294	 1.154310e-06	 3022	 iter
2295	 1.154310e-06	 3024	 iter
2296	 1.154310e-06	 3026	 iter
2297	 1.154310e-06	 3028	 iter
2298	 1.154310e-06	 3029	 iter
2299	 1.154310e-06	 3030	 iter
2300	 1.154310e-06	 3032	 iter
2301	 1.154310e-06	 3034	 iter
2302	 1.154274e-06	 3036	 iter
2303	 1.154274e-06	 3038	 iter
2304	 1.154274e-06	 3039	 iter
2305	 1.154201e-06	 3041	 iter
2306	 1.154201e-06	 3042	 iter
2307	 1.154201e-06	 3044	 iter
2308	 1.154201e-06	 3045	 iter
2309	 1.154201e-06	 3047	 iter
2310	 1.154201e-06	 3048	 iter
2311	 1.154201e-06	 3049	 iter
2312	 1.154201e-06	 3050	 iter
2313	 1.154201e-06	 3051	 iter
2314	 1.154186e-06	 3053	 iter
2315	 1.154186e-06	 3054	 iter
2316	 1.154186e-06	 3055	 iter
2317	 1.154186e-06	 3056	 iter
2318	 1.154186e-06	 3057	 iter
2319	 1.154161e-06	 3059	 iter
2320	 1.154161e-06	 3060	 iter
2321	 1.154161e-06	 3061	 iter
2322	 1.154136e-06	 3063	 iter
2323	 1.154136e-06	 3064	 iter
2324	 1.154136e-06	 3065	 iter
2325	 1.154136e-06	 3066	 iter
2326	 1.154136e-06	 3067	 iter
2327	 1.154136e-06	 3068	 iter
2328	 1.154136e-06	 3069	 iter
2329	 1.154136e-06	 3070	 iter
2330	 1.154136e-06	 3072	 iter
2331	 1.154130e-06	 3074	 iter
2332	 1.154130e-06	 3076	 iter
2333	 1.154130e-06	 3077	 iter
2334	 1.154130e-06	 3078	 iter
2335	 1.154130e-06	 3080	 iter
2336	 1.154130e-06	 3081	 iter
2337	 1.154130e-06	 3082	 iter
2338	 1.154074e-06	 3084	 iter
2339	 1.154074e-06	 3085	 iter
2340	 1.154074e-06	 3086	 iter
2341	 1.154074e-06	 3088	 iter
2342	 1.154074e-06	 3089	 iter
2343	 1.154074e-06	 3090	 iter
2344	 1.154074e-06	 3091	 iter
2345	 1.154074e-06	 3092	 iter
2346	 1.154074e-06	 3093	 iter
2347	 1.154074e-06	 3094	 iter
2348	 1.154074e-06	 3095	 iter
2349	 1.154074e-06	 3096	 iter
2350	 1.154067e-06	 3098	 iter
2351	 1.154067e-06	 3099	 iter
2352	 1.154067e-06	 3100	 iter
2353	 1.154067e-06	 3102	 iter
2354	 1.154067e-06	 3103	 iter
2355	 1.154067e-06	 3104	 iter
2356	 1.154067e-06	 3105	 iter
2357	 1.154065e-06	 3107	 iter
2358	 1.153994e-06	 3109	 iter
2359	 1.153994e-06	 3110	 iter
2360	 1.153994e-06	 3111	 iter
2361	 1.153994e-06	 3112	 iter
2362	 1.153994e-06	 3113	 iter
2363	 1.153994e-06	 3114	 iter
2364	 1.153994e-06	 3115	 iter
2365	 1.153994e-06	 3116	 iter
2366	 1.153994e-06	 3118	 iter
2367	 1.153994e-06	 3119	 iter
2368	 1.153994e-06	 3121	 iter
2369	 1.153994e-06	 3122	 iter
2370	 1.153994e-06	 3123	 iter
2371	 1.153994e-06	 3124	 iter
2372	 1.153994e-06	 3125	 iter
2373	 1.153994e-06	 3126	 iter
2374	 1.153994e-06	 3127	 iter
2375	 1.153991e-06	 3129	 iter
2376	 1.153991e-06	 3130	 iter
2377	 1.153991e-06	 3131	 iter
2378	 1.153991e-06	 3133	 iter
2379	 1.153991e-06	 3134	 iter
2380	 1.153991e-06	 3135	 iter
2381	 1.153991e-06	 3136	 iter
2382	 1.153991e-06	 3137	 iter
2383	 1.153962e-06	 3139	 iter
2384	 1.153962e-06	 3140	 iter
2385	 1.153962e-06	 3141	 iter
2386	 1.153962e-06	 3143	 iter
2387	 1.153962e-06	 3144	 iter
2388	 1.153962e-06	 3145	 iter
2389	 1.153962e-06	 3146	 iter
2390	 1.153962e-06	 3148	 iter
2391	 1.153962e-06	 3149	 iter
2392	 1.153962e-06	 3150	 iter
2393	 1.153962e-06	 3151	 iter
2394	 1.153942e-06	 3153	 iter
2395	 1.153942e-06	 3154	 iter
2396	 1.153937e-06	 3156	 iter
2397	 1.153937e-06	 3157	 iter
2398	 1.153937e-06	 3158	 iter
2399	 1.153937e-06	 3160	 iter
2400	 1.153937e-06	 3161	 iter
2401	 1.153937e-06	 3163	 iter
2402	 1.153937e-06	 3164	 iter
2403	 1.153937e-06	 3165	 iter
2404	 1.153937e-06	 3166	 iter
2405	 1.153937e-06	 3167	 iter
2406	 1.153937e-06	 3168	 iter
2407	 1.153937e-06	 3169	 iter
2408	 1.153937e-06	 3170	 iter
2408	 1.153937e-06	 3170	 done
