0	 5.661031e-03	 1	 init
0	 5.661031e-03	 1	 iter
1	 3.266530e-03	 17	 iter
2	 3.266530e-03	 18	 iter
3	 3.266530e-03	 19	 iter
4	 3.266530e-03	 20	 iter
5	 3.266530e-03	 21	 iter
6	 3.266530e-03	 22	 iter
7	 3.266530e-03	 23	 iter
8	 3.266530e-03	 24	 iter
9	 3.266530e-03	 25	 iter
10	 3.266530e-03	 26	 iter
11	 3.266530e-03	 27	 iter
12	 3.266530e-03	 28	 iter
13	 3.266530e-03	 29	 iter
14	 3.266530e-03	 30	 iter
15	 2.269525e-03	 32	 iter
16	 2.269525e-03	 33	 iter
17	 2.269525e-03	 34	 iter
18	 2.269525e-03	 35	 iter
19	 2.269525e-03	 36	 iter
20	 2.269525e-03	 37	 iter
21	 2.269525e-03	 38	 iter
22	 2.269525e-03	 39	 iter
23	 1.423544e-03	 41	 iter
24	 1.423544e-03	 42	 iter
25	 1.423544e-03	 43	 iter
26	 1.423544e-03	 44	 iter
27	 1.423544e-03	 45	 iter
28	 7.415331e-04	 47	 iter
29	 7.415331e-04	 48	 iter
30	 7.415331e-04	 49	 iter
31	 7.415331e-04	 50	 iter
32	 7.415331e-04	 51	 iter
33	 7.415331e-04	 52	 iter
34	 7.415331e-04	 53	 iter
35	 3.313809e-04	 55	 iter
36	 3.313809e-04	 56	 iter
37	 3.313809e-04	 57	 iter
38	 3.313809e-04	 58	 iter
39	 3.313809e-04	 59	 iter
40	 3.313809e-04	 60	 iter
41	 3.313809e-04	 61	 iter
42	 3.313809e-04	 62	 iter
43	 3.313809e-04	 63	 iter
44	 3.313809e-04	 64	 iter
45	 3.313809e-04	 65	 iter
46	 3.313809e-04	 66	 iter
47	 3.313809e-04	 67	 iter
48	 3.313809e-04	 68	 iter
49	 3.313809e-04	 69	 iter
50	 3.313809e-04	 70	 iter
51	 3.313809e-04	 72	 iter
52	 3.313809e-04	 74	 iter
53	 3.313809e-04	 76	 iter
54	 3.313809e-04	 78	 iter
55	 3.313809e-04	 80	 iter
56	 3.313809e-04	 82	 iter
57	 3.313809e-04	 84	 iter
58	 3.313809e-04	 86	 iter
59	 3.313809e-04	 88	 iter
60	 3.313809e-04	 90	 iter
61	 2.322626e-04	 92	 iter
62	 2.322626e-04	 94	 iter
63	 2.322626e-04	 96	 iter
64	 2.322626e-04	 98	 iter
65	 2.322626e-04	 99	 iter
66	 2.322626e-04	 100	 iter
67	 2.322626e-04	 101	 iter
68	 2.322626e-04	 102	 iter
69	 2.322626e-04	 103	 iter
70	 2.322626e-04	 104	 iter
71	 2.322626e-04	 105	 iter
72	 2.322626e-04	 106	 iter
73	 2.322626e-04	 107	 iter
74	 2.322626e-04	 108	 iter
75	 2.322626e-04	 109	 iter
76	 2.322626e-04	 110	 iter
77	 2.322626e-04	 111	 iter
78	 2.322626e-04	 112	 iter
79	 2.322626e-04	 113	 iter
80	 2.322626e-04	 114	 iter
81	 2.322626e-04	 115	 iter
82	 2.322626e-04	 116	 iter
83	 2.322626e-04	 117	 iter
84	 2.322626e-04	 118	 iter
85	 2.303305e-04	 120	 iter
86	 1.929427e-04	 122	 iter
87	 1.929427e-04	 123	 iter
88	 1.929427e-04	 124	 iter
89	 1.929427e-04	 126	 iter
90	 1.801502e-04	 128	 iter
91	 1.801502e-04	 129	 iter
92	 1.801502e-04	 130	 iter
93	 1.801502e-04	 131	 iter
94	 1.338801e-04	 133	 iter
95	 1.338801e-04	 134	 iter
96	 1.338801e-04	 136	 iter
97	 1.338801e-04	 137	 iter
98	 1.338801e-04	 138	 iter
99	 1.338801e-04	 139	 iter
100	 1.338801e-04	 140	 iter
101	 1.338801e-04	 141	 iter
102	 1.169858e-04	 143	 iter
103	 1.169858e-04	 144	 iter
104	 1.169858e-04	 145	 iter
105	 1.169858e-04	 146	 iter
106	 1.169858e-04	 147	 iter
107	 1.169858e-04	 148	 iter
108	 1.169858e-04	 149	 iter
109	 1.121460e-04	 151	 iter
110	 1.121460e-04	 152	 iter
111	 1.121460e-04	 154	 iter
112	 1.121460e-04	 155	 iter
113	 1.121460e-04	 156	 iter
114	 9.492455e-05	 158	 iter
115	 9.492455e-05	 159	 iter
116	 9.492455e-05	 160	 iter
117	 9.492455e-05	 161	 iter
118	 9.492455e-05	 162	 iter
119	 9.492455e-05	 163	 iter
120	 9.492455e-05	 164	 iter
121	 9.492455e-05	 165	 iter
122	 9.492455e-05	 166	 iter
123	 9.492455e-05	 167	 iter
124	 9.492455e-05	 168	 iter
125	 9.492455e-05	 170	 iter
126	 9.492455e-05	 172	 iter
127	 9.492455e-05	 173	 iter
128	 9.492455e-05	 174	 iter
129	 9.492455e-05	 176	 iter
130	 9.492455e-05	 178	 iter
131	 9.492455e-05	 179	 iter
132	 9.492455e-05	 181	 iter
133	 9.492455e-05	 183	 iter
134	 9.492455e-05	 185	 iter
135	 9.492455e-05	 186	 iter
136	 9.492455e-05	 187	 iter
137	 9.492455e-05	 188	 iter
138	 9.492455e-05	 190	 iter
139	 9.149685e-05	 192	 iter
140	 9.149685e-05	 194	 iter
141	 9.149685e-05	 196	 iter
142	 9.149685e-05	 198	 iter
143	 9.149685e-05	 200	 iter
144	 8.641971e-05	 202	 iter
145	 8.641971e-05	 204	 iter
146	 8.641971e-05	 206	 iter
147	 8.641971e-05	 207	 iter
148	 8.641971e-05	 208	 iter
149	 8.641971e-05	 210	 iter
150	 8.641971e-05	 211	 iter
151	 8.597919e-05	 213	 iter
152	 8.553739e-05	 215	 iter
153	 8.553739e-05	 216	 iter
154	 8.553739e-05	 218	 iter
155	 8.553739e-05	 219	 iter
156	 8.553739e-05	 220	 iter
157	 8.553739e-05	 222	 iter
158	 7.909850e-05	 224	 iter
159	 7.909850e-05	 225	 iter
160	 6.918226e-05	 227	 iter
161	 6.918226e-05	 228	 iter
162	 6.918226e-05	 229	 iter
163	 6.918226e-05	 230	 iter
164	 6.918226e-05	 231	 iter
165	 6.918226e-05	 232	 iter
166	 6.918226e-05	 233	 iter
167	 6.918226e-05	 234	 iter
168	 6.918226e-05	 235	 iter
169	 6.017053e-05	 237	 iter
170	 6.017053e-05	 238	 iter
171	 6.017053e-05	 239	 iter
172	 6.017053e-05	 240	 iter
173	 6.017053e-05	 242	 iter
174	 6.017053e-05	 243	 iter
175	 6.017053e-05	 244	 iter
176	 6.017053e-05	 245	 iter
177	 6.017053e-05	 246	 iter
178	 6.017053e-05	 247	 iter
179	 6.017053e-05	 248	 iter
180	 6.017053e-05	 249	 iter
181	 6.017053e-05	 250	 iter
182	 6.017053e-05	 251	 iter
183	 6.017053e-05	 252	 iter
184	 6.017053e-05	 253	 iter
185	 6.017053e-05	 254	 iter
186	 6.017053e-05	 255	 iter
187	 6.005432e-05	 257	 iter
188	 5.963080e-05	 259	 iter
189	 5.963080e-05	 260	 iter
190	 5.963080e-05	 261	 iter
191	 5.963080e-05	 263	 iter
192	 5.929023e-05	 265	 iter
193	 5.929023e-05	 266	 iter
194	 5.836539e-05	 268	 iter
195	 5.836539e-05	 270	 iter
196	 5.621637e-05	 272	 iter
197	 5.621637e-05	 273	 iter
198	 5.621637e-05	 274	 iter
199	 5.621637e-05	 275	 iter
200	 5.621637e-05	 276	 iter
201	 5.621637e-05	 277	 iter
202	 5.621637e-05	 279	 iter
203	 5.621637e-05	 280	 iter
204	 5.621637e-05	 281	 iter
205	 5.621637e-05	 282	 iter
206	 5.621637e-05	 284	 iter
207	 5.621637e-05	 286	 iter
208	 5.621637e-05	 288	 iter
209	 5.621637e-05	 289	 iter
210	 5.621637e-05	 290	 iter
211	 5.498023e-05	 292	 iter
212	 5.498023e-05	 293	 iter
213	 5.462570e-05	 295	 iter
214	 5.462570e-05	 297	 iter
215	 5.462570e-05	 298	 iter
216	 5.462570e-05	 300	 iter
217	 5.455347e-05	 302	 iter
218	 5.455347e-05	 303	 iter
219	 5.455347e-05	 304	 iter
220	 5.455347e-05	 306	 iter
221	 5.455347e-05	 307	 iter
222	 5.439161e-05	 309	 iter
223	 5.439161e-05	 310	 iter
224	 5.354996e-05	 312	 iter
225	 5.333217e-05	 314	 iter
226	 5.333217e-05	 315	 iter
227	 5.333217e-05	 317	 iter
228	 5.333217e-05	 319	 iter
229	 5.333217e-05	 320	 iter
230	 5.333217e-05	 321	 iter
231	 5.333217e-05	 322	 iter
232	 5.333217e-05	 323	 iter
233	 5.333217e-05	 324	 iter
234	 5.199882e-05	 326	 iter
235	 5.199882e-05	 327	 iter
236	 5.125170e-05	 329	 iter
237	 5.125170e-05	 330	 iter
238	 5.125170e-05	 331	 iter
239	 5.122307e-05	 333	 iter
240	 5.122307e-05	 335	 iter
241	 5.087541e-05	 337	 iter
242	 5.087541e-05	 338	 iter
243	 4.904524e-05	 340	 iter
244	 4.904524e-05	 341	 iter
245	 4.904524e-05	 342	 iter
246	 4.904524e-05	 343	 iter
247	 4.904524e-05	 344	 iter
248	 4.904524e-05	 346	 iter
249	 4.904524e-05	 347	 iter
250	 4.904524e-05	 348	 iter
251	 4.904524e-05	 349	 iter
252	 4.904524e-05	 350	 iter
253	 4.434088e-05	 352	 iter
254	 4.434088e-05	 354	 iter
255	 4.434088e-05	 355	 iter
256	 4.434088e-05	 356	 iter
257	 4.434088e-05	 357	 iter
258	 4.434088e-05	 358	 iter
259	 4.434088e-05	 359	 iter
260	 4.434088e-05	 360	 iter
261	 4.434088e-05	 361	 iter
262	 4.434088e-05	 362	 iter
263	 4.434088e-05	 363	 iter
264	 4.434088e-05	 364	 iter
265	 4.434088e-05	 365	 iter
266	 4.256328e-05	 367	 iter
267	 4.256328e-05	 368	 iter
268	 4.256328e-05	 369	 iter
269	 4.256328e-05	 370	 iter
270	 4.256328e-05	 371	 iter
271	 4.256328e-05	 372	 iter
272	 4.090334e-05	 374	 iter
273	 4.090334e-05	 375	 iter
274	 4.090334e-05	 376	 iter
275	 4.090334e-05	 377	 iter
276	 4.090334e-05	 378	 iter
277	 3.690100e-05	 380	 iter
278	 3.690100e-05	 381	 iter
279	 3.690100e-05	 382	 iter
280	 3.690100e-05	 383	 iter
281	 3.690100e-05	 384	 iter
282	 3.690100e-05	 385	 iter
283	 3.690100e-05	 386	 iter
284	 3.494877e-05	 388	 iter
285	 3.494877e-05	 389	 iter
286	 3.494877e-05	 390	 iter
287	 3.494877e-05	 391	 iter
288	 3.494877e-05	 392	 iter
289	 3.418169e-05	 394	 iter
290	 3.418169e-05	 395	 iter
291	 3.418169e-05	 396	 iter
292	 3.233636e-05	 398	 iter
293	 3.233636e-05	 399	 iter
294	 2.974399e-05	 401	 iter
295	 2.811432e-05	 403	 iter
296	 2.811432e-05	 404	 iter
297	 2.699918e-05	 406	 iter
298	 2.034216e-05	 408	 iter
299	 2.034216e-05	 409	 iter
300	 2.034216e-05	 410	 iter
301	 2.034216e-05	 411	 iter
302	 2.034216e-05	 412	 iter
303	 2.034216e-05	 413	 iter
304	 2.034216e-05	 414	 iter
305	 1.740234e-05	 416	 iter
306	 1.740234e-05	 417	 iter
307	 1.740234e-05	 418	 iter
308	 1.740234e-05	 419	 iter
309	 1.666122e-05	 421	 iter
310	 1.666122e-05	 422	 iter
311	 1.666122e-05	 423	 iter
312	 1.666122e-05	 424	 iter
313	 1.666122e-05	 425	 iter
314	 1.521149e-05	 427	 iter
315	 1.521149e-05	 428	 iter
316	 1.521149e-05	 429	 iter
317	 1.521149e-05	 430	 iter
318	 1.414533e-05	 432	 iter
319	 1.414533e-05	 434	 iter
320	 1.414533e-05	 435	 iter
321	 1.414533e-05	 436	 iter
322	 1.414533e-05	 437	 iter
323	 1.389961e-05	 439	 iter
324	 1.389961e-05	 441	 iter
325	 1.389961e-05	 442	 iter
326	 1.389961e-05	 443	 iter
327	 1.389961e-05	 444	 iter
328	 1.389961e-05	 445	 iter
329	 1.389961e-05	 446	 iter
330	 1.389961e-05	 448	 iter
331	 1.389961e-05	 450	 iter
332	 1.389961e-05	 451	 iter
333	 1.389961e-05	 452	 iter
334	 1.389961e-05	 453	 iter
335	 1.389961e-05	 455	 iter
336	 1.389961e-05	 457	 iter
337	 1.389961e-05	 459	 iter
338	 1.389961e-05	 461	 iter
339	 1.389961e-05	 462	 iter
340	 1.389961e-05	 463	 iter
341	 1.389961e-05	 465	 iter
342	 1.389961e-05	 467	 iter
343	 1.389961e-05	 469	 iter
344	 1.389961e-05	 471	 iter
345	 1.389961e-05	 473	 iter
346	 1.389961e-05	 475	 iter
347	 1.389961e-05	 476	 iter
348	 1.389961e-05	 477	 iter
349	 1.389961e-05	 479	 iter
350	 1.389961e-05	 481	 iter
351	 1.389961e-05	 482	 iter
352	 1.385007e-05	 484	 iter
353	 1.359337e-05	 486	 iter
354	 1.359337e-05	 488	 iter
355	 1.359337e-05	 490	 iter
356	 1.359337e-05	 492	 iter
357	 1.359337e-05	 493	 iter
358	 1.359337e-05	 495	 iter
359	 1.359337e-05	 497	 iter
360	 1.359337e-05	 499	 iter
361	 1.359337e-05	 500	 iter
362	 1.359337e-05	 501	 iter
363	 1.359337e-05	 503	 iter
364	 1.359337e-05	 504	 iter
365	 1.359337e-05	 506	 iter
366	 1.359337e-05	 507	 iter
367	 1.354870e-05	 509	 iter
368	 1.349707e-05	 511	 iter
369	 1.349707e-05	 512	 iter
370	 1.349707e-05	 513	 iter
371	 1.349707e-05	 515	 iter
372	 1.349707e-05	 517	 iter
373	 1.346101e-05	 519	 iter
374	 1.346101e-05	 521	 iter
375	 1.346101e-05	 522	 iter
376	 1.346101e-05	 524	 iter
377	 1.346101e-05	 525	 iter
378	 1.346101e-05	 526	 iter
379	 1.346101e-05	 527	 iter
380	 1.346101e-05	 528	 iter
381	 1.326769e-05	 530	 iter
382	 1.319421e-05	 532	 iter
383	 1.319421e-05	 533	 iter
384	 1.319421e-05	 534	 iter
385	 1.319421e-05	 535	 iter
386	 1.290990e-05	 537	 iter
387	 1.290990e-05	 538	 iter
388	 1.290990e-05	 539	 iter
389	 1.290990e-05	 541	 iter
390	 1.290990e-05	 542	 iter
391	 1.290990e-05	 544	 iter
392	 1.290990e-05	 545	 iter
393	 1.290990e-05	 546	 iter
394	 1.290990e-05	 547	 iter
395	 1.290990e-05	 548	 iter
396	 1.290990e-05	 549	 iter
397	 1.290990e-05	 550	 iter
398	 1.290990e-05	 551	 iter
399	 1.290990e-05	 552	 iter
400	 1.284153e-05	 554	 iter
401	 1.284153e-05	 555	 iter
402	 1.284153e-05	 556	 iter
403	 1.284153e-05	 557	 iter
404	 1.284153e-05	 558	 iter
405	 1.284153e-05	 559	 iter
406	 1.275840e-05	 561	 iter
407	 1.275840e-05	 562	 iter
408	 1.229871e-05	 564	 iter
409	 1.229871e-05	 565	 iter
410	 1.229871e-05	 566	 iter
411	 1.229871e-05	 567	 iter
412	 1.229871e-05	 568	 iter
413	 1.229871e-05	 569	 iter
414	 1.229871e-05	 570	 iter
415	 1.229871e-05	 571	 iter
416	 1.229871e-05	 572	 iter
417	 1.229871e-05	 573	 iter
418	 1.229871e-05	 574	 iter
419	 1.229871e-05	 575	 iter
420	 1.229871e-05	 576	 iter
421	 1.229871e-05	 577	 iter
422	 1.224598e-05	 579	 iter
423	 1.224598e-05	 580	 iter
424	 1.224598e-05	 581	 iter
425	 1.182062e-05	 583	 iter
426	 1.182062e-05	 584	 iter
427	 1.182062e-05	 585	 iter
428	 1.182062e-05	 586	 iter
429	 1.182062e-05	 587	 iter
430	 1.182062e-05	 588	 iter
431	 1.182062e-05	 589	 iter
432	 1.182062e-05	 590	 iter
433	 1.182062e-05	 591	 iter
434	 1.182062e-05	 592	 iter
435	 1.141593e-05	 594	 iter
436	 1.141593e-05	 595	 iter
437	 1.141593e-05	 596	 iter
438	 1.141593e-05	 597	 iter
439	 1.141593e-05	 598	 iter
440	 1.141593e-05	 599	 iter
441	 1.126050e-05	 601	 iter
442	 1.126050e-05	 602	 iter
443	 1.126050e-05	 603	 iter
444	 1.126050e-05	 604	 iter
445	 1.126050e-05	 605	 iter
446	 1.126050e-05	 606	 iter
447	 1.126050e-05	 607	 iter
448	 1.087580e-05	 609	 iter
449	 1.087580e-05	 610	 iter
450	 1.087580e-05	 611	 iter
451	 1.087580e-05	 612	 iter
452	 1.080292e-05	 614	 iter
453	 1.062032e-05	 616	 iter
454	 1.062032e-05	 617	 iter
455	 1.062032e-05	 618	 iter
456	 1.062032e-05	 619	 iter
457	 1.062032e-05	 620	 iter
458	 1.062032e-05	 621	 iter
459	 1.062032e-05	 622	 iter
460	 1.062032e-05	 623	 iter
461	 1.050068e-05	 625	 iter
462	 1.050068e-05	 626	 iter
463	 1.039969e-05	 628	 iter
464	 1.039969e-05	 630	 iter
465	 1.039969e-05	 631	 iter
466	 1.039969e-05	 632	 iter
467	 1.002705e-05	 634	 iter
468	 1.002705e-05	 635	 iter
469	 1.002705e-05	 636	 iter
470	 1.002705e-05	 637	 iter
471	 1.002705e-05	 638	 iter
472	 1.002705e-05	 639	 iter
473	 1.002705e-05	 641	 iter
474	 1.002705e-05	 642	 iter
475	 1.002705e-05	 643	 iter
476	 1.002705e-05	 644	 iter
477	 1.002705e-05	 645	 iter
478	 1.002705e-05	 646	 iter
479	 9.956029e-06	 648	 iter
480	 9.956029e-06	 649	 iter
481	 9.956029e-06	 650	 iter
482	 9.956029e-06	 651	 iter
483	 9.818361e-06	 653	 iter
484	 9.818361e-06	 654	 iter
485	 9.702752e-06	 656	 iter
486	 9.702752e-06	 657	 iter
487	 9.702752e-06	 658	 iter
488	 9.702752e-06	 659	 iter
489	 9.702752e-06	 660	 iter
490	 9.702752e-06	 661	 iter
491	 9.702752e-06	 663	 iter
492	 9.702752e-06	 664	 iter
493	 9.702752e-06	 665	 iter
494	 9.702752e-06	 666	 iter
495	 9.702752e-06	 667	 iter
496	 9.702752e-06	 668	 iter
497	 9.702752e-06	 669	 iter
498	 9.702752e-06	 671	 iter
499	 9.702752e-06	 673	 iter
500	 9.702752e-06	 674	 iter
501	 9.702752e-06	 675	 iter
502	 9.702752e-06	 677	 iter
503	 9.702752e-06	 678	 iter
504	 9.702752e-06	 679	 iter
505	 9.702752e-06	 681	 iter
506	 9.702752e-06	 682	 iter
507	 9.702752e-06	 684	 iter
508	 9.642887e-06	 686	 iter
509	 9.642887e-06	 688	 iter
510	 9.622932e-06	 690	 iter
511	 9.622932e-06	 691	 iter
512	 9.622932e-06	 692	 iter
513	 9.619530e-06	 694	 iter
514	 9.619530e-06	 695	 iter
515	 9.619530e-06	 696	 iter
516	 9.619530e-06	 697	 iter
517	 9.619530e-06	 699	 iter
518	 9.619530e-06	 701	 iter
519	 9.606662e-06	 703	 iter
520	 9.606662e-06	 704	 iter
521	 9.606662e-06	 706	 iter
522	 9.606662e-06	 707	 iter
523	 9.529205e-06	 709	 iter
524	 9.529205e-06	 710	 iter
525	 9.529205e-06	 711	 iter
526	 9.529205e-06	 712	 iter
527	 9.467175e-06	 714	 iter
528	 9.467175e-06	 715	 iter
529	 9.467175e-06	 716	 iter
530	 9.467175e-06	 717	 iter
531	 9.467175e-06	 719	 iter
532	 9.467175e-06	 720	 iter
533	 9.467175e-06	 721	 iter
534	 9.467175e-06	 723	 iter
535	 9.467175e-06	 724	 iter
536	 9.467175e-06	 725	 iter
537	 9.467175e-06	 726	 iter
538	 9.467175e-06	 727	 iter
539	 9.467175e-06	 729	 iter
540	 9.467175e-06	 730	 iter
541	 9.467175e-06	 731	 iter
542	 9.467175e-06	 732	 iter
543	 9.467175e-06	 734	 iter
544	 9.467175e-06	 736	 iter
545	 9.467175e-06	 737	 iter
546	 9.467175e-06	 739	 iter
547	 9.467175e-06	 740	 iter
548	 9.467175e-06	 741	 iter
549	 9.467175e-06	 742	 iter
550	 9.467175e-06	 744	 iter
551	 9.422699e-06	 746	 iter
552	 9.422699e-06	 748	 iter
553	 9.416605e-06	 750	 iter
554	 9.416605e-06	 751	 iter
555	 9.416605e-06	 753	 iter
556	 9.416605e-06	 754	 iter
557	 9.416605e-06	 756	 iter
558	 9.416605e-06	 757	 iter
559	 9.416605e-06	 758	 iter
560	 9.416605e-06	 760	 iter
561	 9.416605e-06	 761	 iter
562	 9.416605e-06	 763	 iter
563	 9.416605e-06	 764	 iter
564	 9.338414e-06	 766	 iter
565	 9.338414e-06	 767	 iter
566	 9.338414e-06	 768	 iter
567	 9.338414e-06	 769	 iter
568	 9.338414e-06	 771	 iter
569	 9.338414e-06	 772	 iter
570	 9.338414e-06	 773	 iter
571	 9.338414e-06	 774	 iter
572	 9.309683e-06	 776	 iter
573	 9.270573e-06	 778	 iter
574	 9.270573e-06	 779	 iter
575	 9.270573e-06	 780	 iter
576	 9.270573e-06	 781	 iter
577	 9.270573e-06	 782	 iter
578	 9.270573e-06	 783	 iter
579	 9.270573e-06	 784	 iter
580	 9.167735e-06	 786	 iter
581	 9.167735e-06	 787	 iter
582	 9.167735e-06	 788	 iter
583	 9.167735e-06	 789	 iter
584	 9.167735e-06	 790	 iter
585	 9.167735e-06	 791	 iter
586	 9.167735e-06	 792	 iter
587	 9.167735e-06	 793	 iter
588	 9.167735e-06	 794	 iter
589	 9.167735e-06	 795	 iter
590	 9.161900e-06	 797	 iter
591	 9.161900e-06	 798	 iter
592	 9.161900e-06	 799	 iter
593	 9.142939e-06	 801	 iter
594	 9.003568e-06	 803	 iter
595	 9.003568e-06	 804	 iter
596	 9.003568e-06	 805	 iter
597	 9.003568e-06	 806	 iter
598	 9.003568e-06	 807	 iter
599	 9.003568e-06	 808	 iter
600	 9.003568e-06	 809	 iter
601	 9.003568e-06	 810	 iter
602	 9.003568e-06	 811	 iter
603	 8.936659e-06	 813	 iter
604	 8.936659e-06	 814	 iter
605	 8.936659e-06	 815	 iter
606	 8.936659e-06	 816	 iter
607	 8.886802e-06	 818	 iter
608	 8.886802e-06	 819	 iter
609	 8.739318e-06	 821	 iter
610	 8.739318e-06	 822	 iter
611	 8.739318e-06	 823	 iter
612	 8.739318e-06	 824	 iter
613	 8.739318e-06	 825	 iter
614	 8.739318e-06	 826	 iter
615	 8.739318e-06	 827	 iter
616	 8.739318e-06	 828	 iter
617	 8.739318e-06	 829	 iter
618	 8.503075e-06	 831	 iter
619	 8.503075e-06	 832	 iter
620	 8.503075e-06	 833	 iter
621	 8.503075e-06	 834	 iter
622	 8.503075e-06	 835	 iter
623	 8.503075e-06	 836	 iter
624	 8.503075e-06	 837	 iter
625	 8.503075e-06	 838	 iter
626	 8.503075e-06	 839	 iter
627	 8.388748e-06	 841	 iter
628	 8.388748e-06	 842	 iter
629	 8.388748e-06	 843	 iter
630	 8.388748e-06	 844	 iter
631	 8.388748e-06	 845	 iter
632	 8.388748e-06	 846	 iter
633	 8.288751e-06	 848	 iter
634	 8.052290e-06	 850	 iter
635	 8.052290e-06	 851	 iter
636	 8.052290e-06	 852	 iter
637	 8.052290e-06	 853	 iter
638	 8.052290e-06	 854	 iter
639	 8.052290e-06	 855	 iter
640	 8.052290e-06	 856	 iter
641	 8.052290e-06	 857	 iter
642	 8.052290e-06	 858	 iter
643	 8.012260e-06	 860	 iter
644	 8.012260e-06	 861	 iter
645	 7.997180e-06	 863	 iter
646	 7.997180e-06	 864	 iter
647	 7.928280e-06	 866	 iter
648	 7.928280e-06	 867	 iter
649	 7.928280e-06	 868	 iter
650	 7.785730e-06	 870	 iter
651	 7.785730e-06	 871	 iter
652	 7.777589e-06	 873	 iter
653	 7.717021e-06	 875	 iter
654	 7.717021e-06	 876	 iter
655	 7.667765e-06	 878	 iter
656	 7.667765e-06	 879	 iter
657	 7.667765e-06	 880	 iter
658	 7.664836e-06	 882	 iter
659	 7.664836e-06	 883	 iter
660	 7.664836e-06	 884	 iter
661	 7.664836e-06	 885	 iter
662	 7.574426e-06	 887	 iter
663	 7.507158e-06	 889	 iter
664	 7.507158e-06	 890	 iter
665	 7.507158e-06	 891	 iter
666	 7.507158e-06	 892	 iter
667	 7.507158e-06	 894	 iter
668	 7.507158e-06	 896	 iter
669	 7.507158e-06	 897	 iter
670	 7.507158e-06	 898	 iter
671	 7.507158e-06	 899	 iter
672	 7.507158e-06	 900	 iter
673	 7.507158e-06	 901	 iter
674	 7.507158e-06	 902	 iter
675	 7.507158e-06	 904	 iter
676	 7.507158e-06	 905	 iter
677	 7.507158e-06	 906	 iter
678	 7.507158e-06	 907	 iter
679	 7.507158e-06	 909	 iter
680	 7.507158e-06	 911	 iter
681	 7.507158e-06	 912	 iter
682	 7.507158e-06	 913	 iter
683	 7.507158e-06	 914	 iter
684	 7.507158e-06	 915	 iter
685	 7.507158e-06	 916	 iter
686	 7.507158e-06	 918	 iter
687	 7.507158e-06	 920	 iter
688	 7.503789e-06	 922	 iter
689	 7.503789e-06	 924	 iter
690	 7.503789e-06	 925	 iter
691	 7.492715e-06	 927	 iter
692	 7.492715e-06	 929	 iter
693	 7.492715e-06	 930	 iter
694	 7.492715e-06	 931	 iter
695	 7.492715e-06	 932	 iter
696	 7.462584e-06	 934	 iter
697	 7.462584e-06	 936	 iter
698	 7.462584e-06	 937	 iter
699	 7.462584e-06	 938	 iter
700	 7.462584e-06	 939	 iter
701	 7.462584e-06	 941	 iter
702	 7.462584e-06	 943	 iter
703	 7.462584e-06	 945	 iter
704	 7.462584e-06	 947	 iter
705	 7.462584e-06	 949	 iter
706	 7.462584e-06	 951	 iter
707	 7.462584e-06	 952	 iter
708	 7.462584e-06	 953	 iter
709	 7.462584e-06	 955	 iter
710	 7.462584e-06	 956	 iter
711	 7.460158e-06	 958	 iter
712	 7.448046e-06	 960	 iter
713	 7.448046e-06	 962	 iter
714	 7.448046e-06	 963	 iter
715	 7.448046e-06	 965	 iter
716	 7.448046e-06	 967	 iter
717	 7.437465e-06	 969	 iter
718	 7.437465e-06	 971	 iter
719	 7.437465e-06	 972	 iter
720	 7.437465e-06	 973	 iter
721	 7.437465e-06	 974	 iter
722	 7.437465e-06	 975	 iter
723	 7.437465e-06	 976	 iter
724	 7.437465e-06	 978	 iter
725	 7.437465e-06	 979	 iter
726	 7.437465e-06	 980	 iter
727	 7.437465e-06	 981	 iter
728	 7.437465e-06	 983	 iter
729	 7.437465e-06	 984	 iter
730	 7.424950e-06	 986	 iter
731	 7.424950e-06	 987	 iter
732	 7.424950e-06	 988	 iter
733	 7.424950e-06	 989	 iter
734	 7.424950e-06	 991	 iter
735	 7.424950e-06	 992	 iter
736	 7.424950e-06	 993	 iter
737	 7.424950e-06	 994	 iter
738	 7.408619e-06	 996	 iter
739	 7.408619e-06	 998	 iter
740	 7.408619e-06	 1000	 iter
741	 7.408619e-06	 1001	 iter
742	 7.408619e-06	 1002	 iter
743	 7.408619e-06	 1003	 iter
744	 7.408619e-06	 1004	 iter
745	 7.408619e-06	 1005	 iter
746	 7.408619e-06	 1006	 iter
747	 7.408619e-06	 1007	 iter
748	 7.408619e-06	 1008	 iter
749	 7.408619e-06	 1009	 iter
750	 7.404574e-06	 1011	 iter
751	 7.404574e-06	 1012	 iter
752	 7.404574e-06	 1013	 iter
753	 7.399867e-06	 1015	 iter
754	 7.399867e-06	 1016	 iter
755	 7.392171e-06	 1018	 iter
756	 7.392171e-06	 1019	 iter
757	 7.392171e-06	 1020	 iter
758	 7.391923e-06	 1022	 iter
759	 7.391923e-06	 1023	 iter
760	 7.379559e-06	 1025	 iter
761	 7.379559e-06	 1026	 iter
762	 7.378723e-06	 1028	 iter
763	 7.378723e-06	 1029	 iter
764	 7.378723e-06	 1030	 iter
765	 7.378723e-06	 1031	 iter
766	 7.373669e-06	 1033	 iter
767	 7.373669e-06	 1034	 iter
768	 7.358623e-06	 1036	 iter
769	 7.358623e-06	 1037	 iter
770	 7.358623e-06	 1038	 iter
771	 7.358623e-06	 1039	 iter
772	 7.358623e-06	 1040	 iter
773	 7.358623e-06	 1041	 iter
774	 7.352401e-06	 1043	 iter
775	 7.352401e-06	 1044	 iter
776	 7.337061e-06	 1046	 iter
777	 7.337061e-06	 1047	 iter
778	 7.337061e-06	 1048	 iter
779	 7.337061e-06	 1049	 iter
780	 7.337061e-06	 1050	 iter
781	 7.337061e-06	 1051	 iter
782	 7.332252e-06	 1053	 iter
783	 7.332252e-06	 1054	 iter
784	 7.277602e-06	 1056	 iter
785	 7.277602e-06	 1057	 iter
786	 7.277602e-06	 1058	 iter
787	 7.277602e-06	 1059	 iter
788	 7.277602e-06	 1060	 iter
789	 7.277602e-06	 1061	 iter
790	 7.277602e-06	 1062	 iter
791	 7.277602e-06	 1063	 iter
792	 7.277602e-06	 1064	 iter
793	 7.277602e-06	 1065	 iter
794	 7.277602e-06	 1066	 iter
795	 7.245218e-06	 1068	 iter
796	 7.245218e-06	 1069	 iter
797	 7.245218e-06	 1070	 iter
798	 7.245218e-06	 1071	 iter
799	 7.222622e-06	 1073	 iter
800	 7.185683e-06	 1075	 iter
801	 7.185683e-06	 1076	 iter
802	 7.185683e-06	 1077	 iter
803	 7.185683e-06	 1078	 iter
804	 7.185683e-06	 1079	 iter
805	 7.185683e-06	 1080	 iter
806	 7.185683e-06	 1081	 iter
807	 7.185683e-06	 1082	 iter
808	 7.128575e-06	 1084	 iter
809	 7.128575e-06	 1085	 iter
810	 7.128575e-06	 1086	 iter
811	 7.128575e-06	 1087	 iter
812	 7.128575e-06	 1088	 iter
813	 7.088454e-06	 1090	 iter
814	 7.088454e-06	 1091	 iter
815	 7.017313e-06	 1093	 iter
816	 7.017313e-06	 1094	 iter
817	 7.017313e-06	 1095	 iter
818	 7.017313e-06	 1096	 iter
819	 7.017313e-06	 1097	 iter
820	 7.017313e-06	 1098	 iter
821	 7.017313e-06	 1099	 iter
822	 7.017313e-06	 1100	 iter
823	 6.976078e-06	 1102	 iter
824	 6.976078e-06	 1103	 iter
825	 6.881666e-06	 1105	 iter
826	 6.881666e-06	 1106	 iter
827	 6.881666e-06	 1107	 iter
828	 6.881666e-06	 1108	 iter
829	 6.881666e-06	 1109	 iter
830	 6.881666e-06	 1110	 iter
831	 6.881666e-06	 1111	 iter
832	 6.789551e-06	 1113	 iter
833	 6.789551e-06	 1114	 iter
834	 6.789551e-06	 1115	 iter
835	 6.789551e-06	 1116	 iter
836	 6.789551e-06	 1117	 iter
837	 6.789551e-06	 1118	 iter
838	 6.789551e-06	 1119	 iter
839	 6.789551e-06	 1120	 iter
840	 6.789551e-06	 1121	 iter
841	 6.789551e-06	 1122	 iter
842	 6.776498e-06	 1124	 iter
843	 6.775438e-06	 1126	 iter
844	 6.775438e-06	 1127	 iter
845	 6.709660e-06	 1129	 iter
846	 6.709660e-06	 1130	 iter
847	 6.700756e-06	 1132	 iter
848	 6.591588e-06	 1134	 iter
849	 6.591588e-06	 1135	 iter
850	 6.591588e-06	 1136	 iter
851	 6.591588e-06	 1137	 iter
852	 6.591588e-06	 1138	 iter
853	 6.591588e-06	 1139	 iter
854	 6.591588e-06	 1140	 iter
855	 6.524372e-06	 1142	 iter
856	 6.524372e-06	 1143	 iter
857	 6.524372e-06	 1144	 iter
858	 6.524372e-06	 1145	 iter
859	 6.524372e-06	 1146	 iter
860	 6.524372e-06	 1147	 iter
861	 6.524372e-06	 1148	 iter
862	 6.524372e-06	 1149	 iter
863	 6.524372e-06	 1150	 iter
864	 6.524372e-06	 1151	 iter
865	 6.524372e-06	 1152	 iter
866	 6.524372e-06	 1153	 iter
867	 6.454964e-06	 1155	 iter
868	 6.454964e-06	 1156	 iter
869	 6.454964e-06	 1157	 iter
870	 6.454964e-06	 1158	 iter
871	 6.454964e-06	 1159	 iter
872	 6.454964e-06	 1160	 iter
873	 6.454964e-06	 1161	 iter
874	 6.454964e-06	 1162	 iter
875	 6.435259e-06	 1164	 iter
876	 6.435259e-06	 1165	 iter
877	 6.435259e-06	 1166	 iter
878	 6.435259e-06	 1167	 iter
879	 6.435259e-06	 1168	 iter
880	 6.435259e-06	 1169	 iter
881	 6.435259e-06	 1170	 iter
882	 6.435259e-06	 1171	 iter
883	 6.435259e-06	 1172	 iter
884	 6.421498e-06	 1174	 iter
885	 6.421498e-06	 1175	 iter
886	 6.405252e-06	 1177	 iter
887	 6.405252e-06	 1178	 iter
888	 6.379029e-06	 1180	 iter
889	 6.379029e-06	 1182	 iter
890	 6.379029e-06	 1183	 iter
891	 6.379029e-06	 1184	 iter
892	 6.379029e-06	 1185	 iter
893	 6.379029e-06	 1186	 iter
894	 6.379029e-06	 1187	 iter
895	 6.371911e-06	 1189	 iter
896	 6.371911e-06	 1191	 iter
897	 6.371911e-06	 1193	 iter
898	 6.371911e-06	 1194	 iter
899	 6.358856e-06	 1196	 iter
900	 6.358856e-06	 1197	 iter
901	 6.358856e-06	 1198	 iter
902	 6.358856e-06	 1199	 iter
903	 6.358856e-06	 1200	 iter
904	 6.358856e-06	 1201	 iter
905	 6.358856e-06	 1202	 iter
906	 6.358856e-06	 1203	 iter
907	 6.355182e-06	 1205	 iter
908	 6.355182e-06	 1206	 iter
909	 6.355182e-06	 1207	 iter
910	 6.351236e-06	 1209	 iter
911	 6.351236e-06	 1211	 iter
912	 6.351236e-06	 1212	 iter
913	 6.351236e-06	 1213	 iter
914	 6.351236e-06	 1214	 iter
915	 6.351236e-06	 1216	 iter
916	 6.312745e-06	 1218	 iter
917	 6.312745e-06	 1219	 iter
918	 6.312745e-06	 1220	 iter
919	 6.312745e-06	 1221	 iter
920	 6.312745e-06	 1222	 iter
921	 6.312745e-06	 1223	 iter
922	 6.312745e-06	 1225	 iter
923	 6.312745e-06	 1226	 iter
924	 6.312745e-06	 1228	 iter
925	 6.312745e-06	 1229	 iter
926	 6.303282e-06	 1231	 iter
927	 6.303282e-06	 1232	 iter
928	 6.298871e-06	 1234	 iter
929	 6.289665e-06	 1236	 iter
930	 6.289665e-06	 1237	 iter
931	 6.289665e-06	 1239	 iter
932	 6.289665e-06	 1240	 iter
933	 6.289665e-06	 1241	 iter
934	 6.289665e-06	 1242	 iter
935	 6.289665e-06	 1243	 iter
936	 6.289665e-06	 1244	 iter
937	 6.289665e-06	 1245	 iter
938	 6.255434e-06	 1247	 iter
939	 6.255434e-06	 1248	 iter
940	 6.255434e-06	 1249	 iter
941	 6.255434e-06	 1250	 iter
942	 6.255434e-06	 1251	 iter
943	 6.255434e-06	 1252	 iter
944	 6.255434e-06	 1253	 iter
945	 6.255434e-06	 1255	 iter
946	 6.255434e-06	 1256	 iter
947	 6.255434e-06	 1257	 iter
948	 6.247646e-06	 1259	 iter
949	 6.247646e-06	 1261	 iter
950	 6.247646e-06	 1262	 iter
951	 6.247646e-06	 1263	 iter
952	 6.247646e-06	 1264	 iter
953	 6.247646e-06	 1265	 iter
954	 6.247646e-06	 1266	 iter
955	 6.247646e-06	 1267	 iter
956	 6.246114e-06	 1269	 iter
957	 6.246114e-06	 1271	 iter
958	 6.246114e-06	 1272	 iter
959	 6.246114e-06	 1274	 iter
960	 6.235721e-06	 1276	 iter
961	 6.235721e-06	 1277	 iter
962	 6.235721e-06	 1279	 iter
963	 6.235721e-06	 1280	 iter
964	 6.235721e-06	 1281	 iter
965	 6.235721e-06	 1282	 iter
966	 6.235721e-06	 1283	 iter
967	 6.233322e-06	 1285	 iter
968	 6.233322e-06	 1286	 iter
969	 6.233322e-06	 1287	 iter
970	 6.233322e-06	 1289	 iter
971	 6.233322e-06	 1290	 iter
972	 6.233258e-06	 1292	 iter
973	 6.221040e-06	 1294	 iter
974	 6.221040e-06	 1295	 iter
975	 6.221040e-06	 1296	 iter
976	 6.221040e-06	 1297	 iter
977	 6.220857e-06	 1299	 iter
978	 6.202451e-06	 1301	 iter
979	 6.202451e-06	 1302	 iter
980	 6.202451e-06	 1304	 iter
981	 6.202451e-06	 1305	 iter
982	 6.202451e-06	 1306	 iter
983	 6.202451e-06	 1307	 iter
984	 6.202451e-06	 1308	 iter
985	 6.202451e-06	 1309	 iter
986	 6.202451e-06	 1310	 iter
987	 6.202451e-06	 1311	 iter
988	 6.193200e-06	 1313	 iter
989	 6.187108e-06	 1315	 iter
990	 6.187108e-06	 1316	 iter
991	 6.187108e-06	 1317	 iter
992	 6.187108e-06	 1318	 iter
993	 6.187108e-06	 1320	 iter
994	 6.187108e-06	 1321	 iter
995	 6.187108e-06	 1322	 iter
996	 6.185377e-06	 1324	 iter
997	 6.179016e-06	 1326	 iter
998	 6.174750e-06	 1328	 iter
999	 6.174750e-06	 1329	 iter
1000	 6.161677e-06	 1331	 iter
1001	 6.161677e-06	 1332	 iter
1002	 6.161677e-06	 1333	 iter
1003	 6.161677e-06	 1335	 iter
1004	 6.161677e-06	 1337	 iter
1005	 6.161677e-06	 1338	 iter
1006	 6.161677e-06	 1339	 iter
1007	 6.161677e-06	 1340	 iter
1008	 6.157415e-06	 1342	 iter
1009	 6.150393e-06	 1344	 iter
1010	 6.150393e-06	 1345	 iter
1011	 6.150393e-06	 1346	 iter
1012	 6.150393e-06	 1347	 iter
1013	 6.150393e-06	 1348	 iter
1014	 6.150393e-06	 1349	 iter
1015	 6.144036e-06	 1351	 iter
1016	 6.123578e-06	 1353	 iter
1017	 6.103892e-06	 1355	 iter
1018	 6.103892e-06	 1356	 iter
1019	 6.103892e-06	 1357	 iter
1020	 6.103892e-06	 1358	 iter
1021	 6.103892e-06	 1359	 iter
1022	 6.103892e-06	 1360	 iter
1023	 6.103892e-06	 1361	 iter
1024	 6.103892e-06	 1362	 iter
1025	 6.103892e-06	 1363	 iter
1026	 6.103892e-06	 1364	 iter
1027	 6.103892e-06	 1365	 iter
1028	 6.102300e-06	 1367	 iter
1029	 6.071332e-06	 1369	 iter
1030	 6.071332e-06	 1370	 iter
1031	 6.071332e-06	 1371	 iter
1032	 6.071332e-06	 1372	 iter
1033	 6.071332e-06	 1373	 iter
1034	 6.071332e-06	 1374	 iter
1035	 6.071332e-06	 1375	 iter
1036	 6.064750e-06	 1377	 iter
1037	 6.064750e-06	 1378	 iter
1038	 6.064750e-06	 1379	 iter
1039	 6.064750e-06	 1380	 iter
1040	 6.063469e-06	 1382	 iter
1041	 6.050372e-06	 1384	 iter
1042	 6.050372e-06	 1385	 iter
1043	 5.991642e-06	 1387	 iter
1044	 5.991642e-06	 1388	 iter
1045	 5.991642e-06	 1389	 iter
1046	 5.991642e-06	 1390	 iter
1047	 5.991642e-06	 1391	 iter
1048	 5.991642e-06	 1392	 iter
1049	 5.991642e-06	 1393	 iter
1050	 5.991642e-06	 1394	 iter
1051	 5.991642e-06	 1395	 iter
1052	 5.991642e-06	 1396	 iter
1053	 5.991642e-06	 1397	 iter
1054	 5.991642e-06	 1398	 iter
1055	 5.991642e-06	 1399	 iter
1056	 5.991642e-06	 1400	 iter
1057	 5.985968e-06	 1402	 iter
1058	 5.985968e-06	 1403	 iter
1059	 5.959149e-06	 1405	 iter
1060	 5.943465e-06	 1407	 iter
1061	 5.943465e-06	 1408	 iter
1062	 5.943465e-06	 1409	 iter
1063	 5.940319e-06	 1411	 iter
1064	 5.940319e-06	 1412	 iter
1065	 5.940319e-06	 1413	 iter
1066	 5.925228e-06	 1415	 iter
1067	 5.925228e-06	 1416	 iter
1068	 5.925228e-06	 1417	 iter
1069	 5.925228e-06	 1418	 iter
1070	 5.916941e-06	 1420	 iter
1071	 5.903682e-06	 1422	 iter
1072	 5.868998e-06	 1424	 iter
1073	 5.868998e-06	 1425	 iter
1074	 5.868998e-06	 1426	 iter
1075	 5.868998e-06	 1427	 iter
1076	 5.868998e-06	 1428	 iter
1077	 5.868998e-06	 1429	 iter
1078	 5.868998e-06	 1430	 iter
1079	 5.868998e-06	 1431	 iter
1080	 5.845757e-06	 1433	 iter
1081	 5.845757e-06	 1434	 iter
1082	 5.845757e-06	 1435	 iter
1083	 5.845757e-06	 1436	 iter
1084	 5.845757e-06	 1437	 iter
1085	 5.845219e-06	 1439	 iter
1086	 5.777341e-06	 1441	 iter
1087	 5.777341e-06	 1442	 iter
1088	 5.777341e-06	 1443	 iter
1089	 5.777341e-06	 1444	 iter
1090	 5.777341e-06	 1445	 iter
1091	 5.777341e-06	 1446	 iter
1092	 5.777341e-06	 1447	 iter
1093	 5.777341e-06	 1448	 iter
1094	 5.777341e-06	 1449	 iter
1095	 5.777341e-06	 1450	 iter
1096	 5.777341e-06	 1451	 iter
1097	 5.777341e-06	 1452	 iter
1098	 5.774726e-06	 1454	 iter
1099	 5.774726e-06	 1455	 iter
1100	 5.756875e-06	 1457	 iter
1101	 5.756875e-06	 1458	 iter
1102	 5.756875e-06	 1459	 iter
1103	 5.745186e-06	 1461	 iter
1104	 5.745186e-06	 1462	 iter
1105	 5.745033e-06	 1464	 iter
1106	 5.745033e-06	 1465	 iter
1107	 5.744829e-06	 1467	 iter
1108	 5.729319e-06	 1469	 iter
1109	 5.729319e-06	 1470	 iter
1110	 5.729319e-06	 1471	 iter
1111	 5.729319e-06	 1472	 iter
1112	 5.729319e-06	 1473	 iter
1113	 5.729319e-06	 1474	 iter
1114	 5.729319e-06	 1475	 iter
1115	 5.729319e-06	 1477	 iter
1116	 5.729319e-06	 1479	 iter
1117	 5.729319e-06	 1480	 iter
1118	 5.729319e-06	 1482	 iter
1119	 5.725851e-06	 1484	 iter
1120	 5.725851e-06	 1485	 iter
1121	 5.706356e-06	 1487	 iter
1122	 5.696038e-06	 1489	 iter
1123	 5.696038e-06	 1490	 iter
1124	 5.696038e-06	 1491	 iter
1125	 5.696038e-06	 1492	 iter
1126	 5.696038e-06	 1494	 iter
1127	 5.696038e-06	 1496	 iter
1128	 5.696038e-06	 1498	 iter
1129	 5.696038e-06	 1499	 iter
1130	 5.696038e-06	 1500	 iter
1131	 5.696038e-06	 1502	 iter
1132	 5.696038e-06	 1503	 iter
1133	 5.696038e-06	 1505	 iter
1134	 5.696038e-06	 1506	 iter
1135	 5.696038e-06	 1507	 iter
1136	 5.689586e-06	 1509	 iter
1137	 5.689535e-06	 1511	 iter
1138	 5.689535e-06	 1513	 iter
1139	 5.685498e-06	 1515	 iter
1140	 5.685498e-06	 1516	 iter
1141	 5.684386e-06	 1518	 iter
1142	 5.676689e-06	 1520	 iter
1143	 5.676689e-06	 1521	 iter
1144	 5.676689e-06	 1522	 iter
1145	 5.673419e-06	 1524	 iter
1146	 5.673419e-06	 1525	 iter
1147	 5.668734e-06	 1527	 iter
1148	 5.668734e-06	 1528	 iter
1149	 5.668734e-06	 1529	 iter
1150	 5.668734e-06	 1530	 iter
1151	 5.668734e-06	 1531	 iter
1152	 5.657435e-06	 1533	 iter
1153	 5.657435e-06	 1534	 iter
1154	 5.657435e-06	 1535	 iter
1155	 5.657435e-06	 1536	 iter
1156	 5.657435e-06	 1537	 iter
1157	 5.657285e-06	 1539	 iter
1158	 5.657285e-06	 1540	 iter
1159	 5.657285e-06	 1542	 iter
1160	 5.657285e-06	 1543	 iter
1161	 5.657285e-06	 1544	 iter
1162	 5.657285e-06	 1545	 iter
1163	 5.653495e-06	 1547	 iter
1164	 5.653495e-06	 1548	 iter
1165	 5.653495e-06	 1549	 iter
1166	 5.651012e-06	 1551	 iter
1167	 5.651012e-06	 1553	 iter
1168	 5.651012e-06	 1554	 iter
1169	 5.651012e-06	 1555	 iter
1170	 5.651012e-06	 1556	 iter
1171	 5.651012e-06	 1557	 iter
1172	 5.643577e-06	 1559	 iter
1173	 5.643577e-06	 1560	 iter
1174	 5.643577e-06	 1561	 iter
1175	 5.643577e-06	 1562	 iter
1176	 5.640848e-06	 1564	 iter
1177	 5.640848e-06	 1565	 iter
1178	 5.640848e-06	 1567	 iter
1179	 5.640848e-06	 1568	 iter
1180	 5.640848e-06	 1569	 iter
1181	 5.640848e-06	 1571	 iter
1182	 5.640848e-06	 1573	 iter
1183	 5.640848e-06	 1574	 iter
1184	 5.640848e-06	 1575	 iter
1185	 5.640848e-06	 1576	 iter
1186	 5.640848e-06	 1577	 iter
1187	 5.633031e-06	 1579	 iter
1188	 5.633031e-06	 1580	 iter
1189	 5.633031e-06	 1581	 iter
1190	 5.633031e-06	 1583	 iter
1191	 5.633031e-06	 1584	 iter
1192	 5.633031e-06	 1585	 iter
1193	 5.633031e-06	 1586	 iter
1194	 5.633031e-06	 1588	 iter
1195	 5.631555e-06	 1590	 iter
1196	 5.631555e-06	 1591	 iter
1197	 5.631555e-06	 1592	 iter
1198	 5.631555e-06	 1594	 iter
1199	 5.629008e-06	 1596	 iter
1200	 5.629008e-06	 1597	 iter
1201	 5.629008e-06	 1598	 iter
1202	 5.629008e-06	 1599	 iter
1203	 5.629008e-06	 1600	 iter
1204	 5.627315e-06	 1602	 iter
1205	 5.627315e-06	 1603	 iter
1206	 5.627315e-06	 1604	 iter
1207	 5.627315e-06	 1605	 iter
1208	 5.627315e-06	 1606	 iter
1209	 5.625128e-06	 1608	 iter
1210	 5.625128e-06	 1609	 iter
1211	 5.625128e-06	 1610	 iter
1212	 5.625128e-06	 1611	 iter
1213	 5.625128e-06	 1613	 iter
1214	 5.619421e-06	 1615	 iter
1215	 5.619421e-06	 1616	 iter
1216	 5.613229e-06	 1618	 iter
1217	 5.613229e-06	 1619	 iter
1218	 5.613229e-06	 1620	 iter
1219	 5.613229e-06	 1621	 iter
1220	 5.613229e-06	 1622	 iter
1221	 5.613229e-06	 1623	 iter
1222	 5.613229e-06	 1624	 iter
1223	 5.613229e-06	 1625	 iter
1224	 5.613229e-06	 1626	 iter
1225	 5.613229e-06	 1628	 iter
1226	 5.613229e-06	 1629	 iter
1227	 5.613229e-06	 1630	 iter
1228	 5.613229e-06	 1631	 iter
1229	 5.609060e-06	 1633	 iter
1230	 5.607809e-06	 1635	 iter
1231	 5.607809e-06	 1636	 iter
1232	 5.596014e-06	 1638	 iter
1233	 5.596014e-06	 1639	 iter
1234	 5.596014e-06	 1640	 iter
1235	 5.596014e-06	 1641	 iter
1236	 5.596014e-06	 1642	 iter
1237	 5.596014e-06	 1643	 iter
1238	 5.596014e-06	 1644	 iter
1239	 5.596014e-06	 1645	 iter
1240	 5.578702e-06	 1647	 iter
1241	 5.578702e-06	 1648	 iter
1242	 5.578702e-06	 1649	 iter
1243	 5.578702e-06	 1650	 iter
1244	 5.578702e-06	 1651	 iter
1245	 5.571190e-06	 1653	 iter
1246	 5.571190e-06	 1654	 iter
1247	 5.571190e-06	 1655	 iter
1248	 5.571190e-06	 1656	 iter
1249	 5.571190e-06	 1657	 iter
1250	 5.571190e-06	 1658	 iter
1251	 5.551917e-06	 1660	 iter
1252	 5.551917e-06	 1661	 iter
1253	 5.551917e-06	 1662	 iter
1254	 5.551917e-06	 1663	 iter
1255	 5.551917e-06	 1664	 iter
1256	 5.551917e-06	 1665	 iter
1257	 5.551917e-06	 1666	 iter
1258	 5.551917e-06	 1667	 iter
1259	 5.551917e-06	 1668	 iter
1260	 5.549856e-06	 1670	 iter
1261	 5.546666e-06	 1672	 iter
1262	 5.545778e-06	 1674	 iter
1263	 5.541928e-06	 1676	 iter
1264	 5.536929e-06	 1678	 iter
1265	 5.536929e-06	 1679	 iter
1266	 5.530963e-06	 1681	 iter
1267	 5.530963e-06	 1682	 iter
1268	 5.529403e-06	 1684	 iter
1269	 5.505362e-06	 1686	 iter
1270	 5.505362e-06	 1687	 iter
1271	 5.505362e-06	 1688	 iter
1272	 5.505362e-06	 1689	 iter
1273	 5.505362e-06	 1690	 iter
1274	 5.505362e-06	 1691	 iter
1275	 5.495601e-06	 1693	 iter
1276	 5.495601e-06	 1694	 iter
1277	 5.485860e-06	 1696	 iter
1278	 5.485860e-06	 1697	 iter
1279	 5.485860e-06	 1698	 iter
1280	 5.485860e-06	 1699	 iter
1281	 5.485860e-06	 1700	 iter
1282	 5.480980e-06	 1702	 iter
1283	 5.466163e-06	 1704	 iter
1284	 5.457376e-06	 1706	 iter
1285	 5.457376e-06	 1707	 iter
1286	 5.457376e-06	 1708	 iter
1287	 5.455575e-06	 1710	 iter
1288	 5.407003e-06	 1712	 iter
1289	 5.407003e-06	 1713	 iter
1290	 5.407003e-06	 1714	 iter
1291	 5.407003e-06	 1715	 iter
1292	 5.407003e-06	 1716	 iter
1293	 5.407003e-06	 1717	 iter
1294	 5.407003e-06	 1718	 iter
1295	 5.407003e-06	 1719	 iter
1296	 5.400859e-06	 1721	 iter
1297	 5.372475e-06	 1723	 iter
1298	 5.372475e-06	 1724	 iter
1299	 5.346067e-06	 1726	 iter
1300	 5.346067e-06	 1727	 iter
1301	 5.346067e-06	 1728	 iter
1302	 5.346067e-06	 1729	 iter
1303	 5.346067e-06	 1730	 iter
1304	 5.346067e-06	 1731	 iter
1305	 5.346051e-06	 1733	 iter
1306	 5.346051e-06	 1734	 iter
1307	 5.334658e-06	 1736	 iter
1308	 5.287968e-06	 1738	 iter
1309	 5.287968e-06	 1739	 iter
1310	 5.287968e-06	 1740	 iter
1311	 5.287968e-06	 1741	 iter
1312	 5.287968e-06	 1742	 iter
1313	 5.287968e-06	 1743	 iter
1314	 5.287968e-06	 1744	 iter
1315	 5.287968e-06	 1745	 iter
1316	 5.287968e-06	 1746	 iter
1317	 5.287968e-06	 1747	 iter
1318	 5.287968e-06	 1748	 iter
1319	 5.287968e-06	 1749	 iter
1320	 5.287968e-06	 1750	 iter
1321	 5.287968e-06	 1751	 iter
1322	 5.287968e-06	 1752	 iter
1323	 5.287968e-06	 1753	 iter
1324	 5.287968e-06	 1755	 iter
1325	 5.287968e-06	 1756	 iter
1326	 5.287968e-06	 1757	 iter
1327	 5.287968e-06	 1758	 iter
1328	 5.267654e-06	 1760	 iter
1329	 5.267654e-06	 1761	 iter
1330	 5.260799e-06	 1763	 iter
1331	 5.250493e-06	 1765	 iter
1332	 5.250493e-06	 1766	 iter
1333	 5.250493e-06	 1767	 iter
1334	 5.250493e-06	 1768	 iter
1335	 5.250493e-06	 1769	 iter
1336	 5.250493e-06	 1770	 iter
1337	 5.250493e-06	 1771	 iter
1338	 5.250493e-06	 1772	 iter
1339	 5.250493e-06	 1773	 iter
1340	 5.250493e-06	 1775	 iter
1341	 5.250493e-06	 1776	 iter
1342	 5.240865e-06	 1778	 iter
1343	 5.240865e-06	 1779	 iter
1344	 5.240865e-06	 1780	 iter
1345	 5.222885e-06	 1782	 iter
1346	 5.222885e-06	 1784	 iter
1347	 5.222885e-06	 1785	 iter
1348	 5.222885e-06	 1786	 iter
1349	 5.222885e-06	 1787	 iter
1350	 5.222885e-06	 1788	 iter
1351	 5.222885e-06	 1789	 iter
1352	 5.222885e-06	 1790	 iter
1353	 5.222885e-06	 1791	 iter
1354	 5.222885e-06	 1793	 iter
1355	 5.222885e-06	 1794	 iter
1356	 5.222885e-06	 1796	 iter
1357	 5.222885e-06	 1797	 iter
1358	 5.222885e-06	 1798	 iter
1359	 5.222885e-06	 1800	 iter
1360	 5.222885e-06	 1801	 iter
1361	 5.222885e-06	 1802	 iter
1362	 5.217642e-06	 1804	 iter
1363	 5.217642e-06	 1805	 iter
1364	 5.217642e-06	 1806	 iter
1365	 5.217642e-06	 1807	 iter
1366	 5.217642e-06	 1808	 iter
1367	 5.214238e-06	 1810	 iter
1368	 5.214238e-06	 1811	 iter
1369	 5.214238e-06	 1812	 iter
1370	 5.214238e-06	 1814	 iter
1371	 5.214238e-06	 1815	 iter
1372	 5.214238e-06	 1816	 iter
1373	 5.214238e-06	 1818	 iter
1374	 5.214238e-06	 1819	 iter
1375	 5.214238e-06	 1821	 iter
1376	 5.214238e-06	 1822	 iter
1377	 5.209343e-06	 1824	 iter
1378	 5.209343e-06	 1826	 iter
1379	 5.204895e-06	 1828	 iter
1380	 5.204895e-06	 1829	 iter
1381	 5.204895e-06	 1831	 iter
1382	 5.204895e-06	 1832	 iter
1383	 5.204895e-06	 1833	 iter
1384	 5.204895e-06	 1834	 iter
1385	 5.204895e-06	 1835	 iter
1386	 5.204895e-06	 1836	 iter
1387	 5.204895e-06	 1837	 iter
1388	 5.204895e-06	 1839	 iter
1389	 5.204895e-06	 1841	 iter
1390	 5.204895e-06	 1843	 iter
1391	 5.204895e-06	 1844	 iter
1392	 5.204895e-06	 1845	 iter
1393	 5.204895e-06	 1846	 iter
1394	 5.204895e-06	 1847	 iter
1395	 5.204895e-06	 1848	 iter
1396	 5.204895e-06	 1849	 iter
1397	 5.204895e-06	 1850	 iter
1398	 5.204895e-06	 1851	 iter
1399	 5.204895e-06	 1852	 iter
1400	 5.202114e-06	 1854	 iter
1401	 5.202114e-06	 1855	 iter
1402	 5.202114e-06	 1856	 iter
1403	 5.202114e-06	 1857	 iter
1404	 5.202114e-06	 1858	 iter
1405	 5.202114e-06	 1859	 iter
1406	 5.202114e-06	 1861	 iter
1407	 5.202114e-06	 1862	 iter
1408	 5.202114e-06	 1863	 iter
1409	 5.202114e-06	 1864	 iter
1410	 5.202114e-06	 1865	 iter
1411	 5.202114e-06	 1866	 iter
1412	 5.202114e-06	 1867	 iter
1413	 5.202114e-06	 1869	 iter
1414	 5.202114e-06	 1870	 iter
1415	 5.202114e-06	 1872	 iter
1416	 5.202114e-06	 1873	 iter
1417	 5.201578e-06	 1875	 iter
1418	 5.201578e-06	 1877	 iter
1419	 5.201304e-06	 1879	 iter
1420	 5.201304e-06	 1880	 iter
1421	 5.201304e-06	 1881	 iter
1422	 5.201304e-06	 1882	 iter
1423	 5.200883e-06	 1884	 iter
1424	 5.200883e-06	 1886	 iter
1425	 5.200832e-06	 1888	 iter
1426	 5.200832e-06	 1889	 iter
1427	 5.200832e-06	 1890	 iter
1428	 5.200306e-06	 1892	 iter
1429	 5.199973e-06	 1894	 iter
1430	 5.199601e-06	 1896	 iter
1431	 5.199601e-06	 1897	 iter
1432	 5.198536e-06	 1899	 iter
1433	 5.198536e-06	 1901	 iter
1434	 5.198536e-06	 1903	 iter
1435	 5.198536e-06	 1905	 iter
1436	 5.196950e-06	 1907	 iter
1437	 5.196950e-06	 1908	 iter
1438	 5.196950e-06	 1910	 iter
1439	 5.196950e-06	 1912	 iter
1440	 5.196950e-06	 1913	 iter
1441	 5.196950e-06	 1915	 iter
1442	 5.196950e-06	 1917	 iter
1443	 5.196950e-06	 1918	 iter
1444	 5.195719e-06	 1920	 iter
1445	 5.195719e-06	 1921	 iter
1446	 5.195719e-06	 1922	 iter
1447	 5.195719e-06	 1923	 iter
1448	 5.195719e-06	 1924	 iter
1449	 5.195719e-06	 1925	 iter
1450	 5.195719e-06	 1927	 iter
1451	 5.195719e-06	 1929	 iter
1452	 5.195719e-06	 1930	 iter
1453	 5.195719e-06	 1931	 iter
1454	 5.195719e-06	 1932	 iter
1455	 5.195719e-06	 1933	 iter
1456	 5.195719e-06	 1934	 iter
1457	 5.194101e-06	 1936	 iter
1458	 5.194101e-06	 1937	 iter
1459	 5.194101e-06	 1938	 iter
1460	 5.194101e-06	 1939	 iter
1461	 5.194101e-06	 1940	 iter
1462	 5.194101e-06	 1941	 iter
1463	 5.194101e-06	 1942	 iter
1464	 5.194101e-06	 1943	 iter
1465	 5.194101e-06	 1944	 iter
1466	 5.194101e-06	 1946	 iter
1467	 5.194101e-06	 1947	 iter
1468	 5.194101e-06	 1948	 iter
1469	 5.194101e-06	 1949	 iter
1470	 5.194101e-06	 1950	 iter
1471	 5.194101e-06	 1952	 iter
1472	 5.194101e-06	 1953	 iter
1473	 5.194101e-06	 1954	 iter
1474	 5.193704e-06	 1956	 iter
1475	 5.193283e-06	 1958	 iter
1476	 5.193283e-06	 1959	 iter
1477	 5.193283e-06	 1960	 iter
1478	 5.193283e-06	 1961	 iter
1479	 5.193283e-06	 1963	 iter
1480	 5.193283e-06	 1964	 iter
1481	 5.192712e-06	 1966	 iter
1482	 5.192712e-06	 1967	 iter
1483	 5.192422e-06	 1969	 iter
1484	 5.192422e-06	 1970	 iter
1485	 5.192422e-06	 1971	 iter
1486	 5.191345e-06	 1973	 iter
1487	 5.191345e-06	 1974	 iter
1488	 5.191046e-06	 1976	 iter
1489	 5.191046e-06	 1978	 iter
1490	 5.190609e-06	 1980	 iter
1491	 5.188180e-06	 1982	 iter
1492	 5.188180e-06	 1983	 iter
1493	 5.188180e-06	 1984	 iter
1494	 5.188180e-06	 1985	 iter
1495	 5.188180e-06	 1986	 iter
1496	 5.188180e-06	 1987	 iter
1497	 5.188180e-06	 1988	 iter
1498	 5.188180e-06	 1989	 iter
1499	 5.188180e-06	 1990	 iter
1500	 5.187909e-06	 1992	 iter
1501	 5.185692e-06	 1994	 iter
1502	 5.185692e-06	 1995	 iter
1503	 5.185692e-06	 1996	 iter
1504	 5.185692e-06	 1997	 iter
1505	 5.184867e-06	 1999	 iter
1506	 5.184867e-06	 2000	 iter
1507	 5.184867e-06	 2001	 iter
1508	 5.184867e-06	 2002	 iter
1509	 5.181022e-06	 2004	 iter
1510	 5.181022e-06	 2005	 iter
1511	 5.181022e-06	 2006	 iter
1512	 5.181022e-06	 2007	 iter
1513	 5.181022e-06	 2008	 iter
1514	 5.181022e-06	 2009	 iter
1515	 5.179594e-06	 2011	 iter
1516	 5.179594e-06	 2012	 iter
1517	 5.179594e-06	 2013	 iter
1518	 5.179227e-06	 2015	 iter
1519	 5.179227e-06	 2016	 iter
1520	 5.177748e-06	 2018	 iter
1521	 5.177748e-06	 2019	 iter
1522	 5.175270e-06	 2021	 iter
1523	 5.175270e-06	 2022	 iter
1524	 5.175270e-06	 2023	 iter
1525	 5.175270e-06	 2024	 iter
1526	 5.175270e-06	 2025	 iter
1527	 5.174554e-06	 2027	 iter
1528	 5.167485e-06	 2029	 iter
1529	 5.167485e-06	 2030	 iter
1530	 5.167485e-06	 2031	 iter
1531	 5.167485e-06	 2032	 iter
1532	 5.167485e-06	 2033	 iter
1533	 5.167485e-06	 2034	 iter
1534	 5.167485e-06	 2035	 iter
1535	 5.167485e-06	 2036	 iter
1536	 5.161660e-06	 2038	 iter
1537	 5.161660e-06	 2039	 iter
1538	 5.161660e-06	 2040	 iter
1539	 5.161660e-06	 2041	 iter
1540	 5.161660e-06	 2042	 iter
1541	 5.161660e-06	 2043	 iter
1542	 5.161660e-06	 2044	 iter
1543	 5.158130e-06	 2046	 iter
1544	 5.158130e-06	 2047	 iter
1545	 5.158130e-06	 2048	 iter
1546	 5.158130e-06	 2049	 iter
1547	 5.158130e-06	 2050	 iter
1548	 5.148118e-06	 2052	 iter
1549	 5.148118e-06	 2053	 iter
1550	 5.148118e-06	 2054	 iter
1551	 5.148118e-06	 2055	 iter
1552	 5.148118e-06	 2056	 iter
1553	 5.148118e-06	 2057	 iter
1554	 5.148118e-06	 2058	 iter
1555	 5.148118e-06	 2059	 iter
1556	 5.142972e-06	 2061	 iter
1557	 5.142972e-06	 2062	 iter
1558	 5.135722e-06	 2064	 iter
1559	 5.135722e-06	 2065	 iter
1560	 5.125716e-06	 2067	 iter
1561	 5.125716e-06	 2068	 iter
1562	 5.125716e-06	 2069	 iter
1563	 5.125716e-06	 2070	 iter
1564	 5.125716e-06	 2071	 iter
1565	 5.125716e-06	 2072	 iter
1566	 5.113854e-06	 2074	 iter
1567	 5.113854e-06	 2075	 iter
1568	 5.113854e-06	 2076	 iter
1569	 5.113854e-06	 2077	 iter
1570	 5.113854e-06	 2078	 iter
1571	 5.113854e-06	 2079	 iter
1572	 5.113854e-06	 2080	 iter
1573	 5.106023e-06	 2082	 iter
1574	 5.106023e-06	 2083	 iter
1575	 5.106023e-06	 2084	 iter
1576	 5.102001e-06	 2086	 iter
1577	 5.102001e-06	 2087	 iter
1578	 5.098853e-06	 2089	 iter
1579	 5.077680e-06	 2091	 iter
1580	 5.077680e-06	 2092	 iter
1581	 5.077680e-06	 2093	 iter
1582	 5.077680e-06	 2094	 iter
1583	 5.077680e-06	 2095	 iter
1584	 5.077680e-06	 2096	 iter
1585	 5.077680e-06	 2097	 iter
1586	 5.077680e-06	 2098	 iter
1587	 5.053120e-06	 2100	 iter
1588	 5.053120e-06	 2101	 iter
1589	 5.053120e-06	 2102	 iter
1590	 5.053120e-06	 2103	 iter
1591	 5.053120e-06	 2104	 iter
1592	 5.053120e-06	 2105	 iter
1593	 5.024828e-06	 2107	 iter
1594	 5.024828e-06	 2108	 iter
1595	 5.024828e-06	 2109	 iter
1596	 5.024828e-06	 2110	 iter
1597	 5.024828e-06	 2111	 iter
1598	 5.024828e-06	 2112	 iter
1599	 5.024828e-06	 2113	 iter
1600	 5.024828e-06	 2114	 iter
1601	 5.024828e-06	 2115	 iter
1602	 5.012858e-06	 2117	 iter
1603	 5.012858e-06	 2118	 iter
1604	 5.012858e-06	 2119	 iter
1605	 5.000018e-06	 2121	 iter
1606	 5.000018e-06	 2122	 iter
1607	 4.996637e-06	 2124	 iter
1608	 4.996637e-06	 2125	 iter
1609	 4.970106e-06	 2127	 iter
1610	 4.970106e-06	 2128	 iter
1611	 4.970106e-06	 2129	 iter
1612	 4.959041e-06	 2131	 iter
1613	 4.959041e-06	 2132	 iter
1614	 4.952492e-06	 2134	 iter
1615	 4.949015e-06	 2136	 iter
1616	 4.920516e-06	 2138	 iter
1617	 4.920516e-06	 2139	 iter
1618	 4.920516e-06	 2140	 iter
1619	 4.920516e-06	 2141	 iter
1620	 4.920516e-06	 2142	 iter
1621	 4.920516e-06	 2143	 iter
1622	 4.920516e-06	 2144	 iter
1623	 4.920516e-06	 2145	 iter
1624	 4.920516e-06	 2146	 iter
1625	 4.920516e-06	 2148	 iter
1626	 4.920516e-06	 2149	 iter
1627	 4.920516e-06	 2151	 iter
1628	 4.920516e-06	 2152	 iter
1629	 4.920516e-06	 2154	 iter
1630	 4.920516e-06	 2156	 iter
1631	 4.920516e-06	 2157	 iter
1632	 4.920516e-06	 2158	 iter
1633	 4.920516e-06	 2160	 iter
1634	 4.920516e-06	 2162	 iter
1635	 4.920516e-06	 2164	 iter
1636	 4.920516e-06	 2165	 iter
1637	 4.920516e-06	 2166	 iter
1638	 4.920516e-06	 2167	 iter
1639	 4.908488e-06	 2169	 iter
1640	 4.908488e-06	 2170	 iter
1641	 4.891761e-06	 2172	 iter
1642	 4.891761e-06	 2173	 iter
1643	 4.891761e-06	 2174	 iter
1644	 4.891761e-06	 2175	 iter
1645	 4.891761e-06	 2176	 iter
1646	 4.891761e-06	 2177	 iter
1647	 4.891761e-06	 2178	 iter
1648	 4.891761e-06	 2179	 iter
1649	 4.891761e-06	 2180	 iter
1650	 4.891761e-06	 2181	 iter
1651	 4.891761e-06	 2182	 iter
1652	 4.884588e-06	 2184	 iter
1653	 4.884588e-06	 2185	 iter
1654	 4.853969e-06	 2187	 iter
1655	 4.853969e-06	 2188	 iter
1656	 4.853969e-06	 2189	 iter
1657	 4.853969e-06	 2190	 iter
1658	 4.853969e-06	 2191	 iter
1659	 4.853969e-06	 2192	 iter
1660	 4.853969e-06	 2193	 iter
1661	 4.853969e-06	 2194	 iter
1662	 4.853969e-06	 2195	 iter
1663	 4.853969e-06	 2196	 iter
1664	 4.853969e-06	 2197	 iter
1665	 4.853969e-06	 2198	 iter
1666	 4.840684e-06	 2200	 iter
1667	 4.840684e-06	 2201	 iter
1668	 4.840684e-06	 2202	 iter
1669	 4.840684e-06	 2203	 iter
1670	 4.840684e-06	 2204	 iter
1671	 4.836969e-06	 2206	 iter
1672	 4.807205e-06	 2208	 iter
1673	 4.807205e-06	 2209	 iter
1674	 4.807205e-06	 2210	 iter
1675	 4.807205e-06	 2211	 iter
1676	 4.807205e-06	 2212	 iter
1677	 4.795965e-06	 2214	 iter
1678	 4.795965e-06	 2215	 iter
1679	 4.795965e-06	 2216	 iter
1680	 4.795965e-06	 2217	 iter
1681	 4.795965e-06	 2218	 iter
1682	 4.795965e-06	 2220	 iter
1683	 4.778129e-06	 2222	 iter
1684	 4.778129e-06	 2223	 iter
1685	 4.742939e-06	 2225	 iter
1686	 4.742939e-06	 2226	 iter
1687	 4.742939e-06	 2227	 iter
1688	 4.742939e-06	 2228	 iter
1689	 4.742939e-06	 2229	 iter
1690	 4.742939e-06	 2230	 iter
1691	 4.742939e-06	 2231	 iter
1692	 4.742939e-06	 2232	 iter
1693	 4.742939e-06	 2233	 iter
1694	 4.731372e-06	 2235	 iter
1695	 4.730715e-06	 2237	 iter
1696	 4.730715e-06	 2238	 iter
1697	 4.730715e-06	 2239	 iter
1698	 4.730715e-06	 2240	 iter
1699	 4.713345e-06	 2242	 iter
1700	 4.713345e-06	 2243	 iter
1701	 4.713345e-06	 2244	 iter
1702	 4.713345e-06	 2245	 iter
1703	 4.705989e-06	 2247	 iter
1704	 4.705989e-06	 2248	 iter
1705	 4.705989e-06	 2249	 iter
1706	 4.705989e-06	 2250	 iter
1707	 4.705989e-06	 2251	 iter
1708	 4.705989e-06	 2252	 iter
1709	 4.705569e-06	 2254	 iter
1710	 4.705569e-06	 2255	 iter
1711	 4.705569e-06	 2256	 iter
1712	 4.705569e-06	 2257	 iter
1713	 4.705569e-06	 2258	 iter
1714	 4.705569e-06	 2260	 iter
1715	 4.705569e-06	 2261	 iter
1716	 4.652054e-06	 2263	 iter
1717	 4.652054e-06	 2264	 iter
1718	 4.652054e-06	 2265	 iter
1719	 4.652054e-06	 2266	 iter
1720	 4.652054e-06	 2267	 iter
1721	 4.652054e-06	 2268	 iter
1722	 4.652054e-06	 2270	 iter
1723	 4.652054e-06	 2272	 iter
1724	 4.652054e-06	 2273	 iter
1725	 4.652054e-06	 2275	 iter
1726	 4.652054e-06	 2276	 iter
1727	 4.652054e-06	 2277	 iter
1728	 4.652054e-06	 2278	 iter
1729	 4.652054e-06	 2280	 iter
1730	 4.652054e-06	 2282	 iter
1731	 4.652054e-06	 2283	 iter
1732	 4.652054e-06	 2284	 iter
1733	 4.652054e-06	 2285	 iter
1734	 4.652054e-06	 2286	 iter
1735	 4.652054e-06	 2287	 iter
1736	 4.652054e-06	 2288	 iter
1737	 4.652054e-06	 2289	 iter
1738	 4.652054e-06	 2290	 iter
1739	 4.652054e-06	 2291	 iter
1740	 4.652054e-06	 2292	 iter
1741	 4.652054e-06	 2293	 iter
1742	 4.652054e-06	 2294	 iter
1743	 4.652054e-06	 2295	 iter
1744	 4.652054e-06	 2297	 iter
1745	 4.652054e-06	 2298	 iter
1746	 4.652054e-06	 2299	 iter
1747	 4.652054e-06	 2300	 iter
1748	 4.652054e-06	 2301	 iter
1749	 4.652054e-06	 2302	 iter
1750	 4.652054e-06	 2303	 iter
1751	 4.652054e-06	 2305	 iter
1752	 4.652054e-06	 2306	 iter
1753	 4.652054e-06	 2307	 iter
1754	 4.652054e-06	 2309	 iter
1755	 4.652054e-06	 2310	 iter
1756	 4.652054e-06	 2311	 iter
1757	 4.652054e-06	 2313	 iter
1758	 4.652054e-06	 2314	 iter
1759	 4.620500e-06	 2316	 iter
1760	 4.620500e-06	 2317	 iter
1761	 4.620500e-06	 2318	 iter
1762	 4.620500e-06	 2320	 iter
1763	 4.620500e-06	 2321	 iter
1764	 4.620500e-06	 2322	 iter
1765	 4.620500e-06	 2323	 iter
1766	 4.620500e-06	 2324	 iter
1767	 4.620500e-06	 2325	 iter
1768	 4.620500e-06	 2326	 iter
1769	 4.620500e-06	 2327	 iter
1770	 4.620500e-06	 2328	 iter
1771	 4.620500e-06	 2329	 iter
1772	 4.620500e-06	 2330	 iter
1773	 4.620500e-06	 2331	 iter
1774	 4.620500e-06	 2332	 iter
1775	 4.605098e-06	 2334	 iter
1776	 4.605098e-06	 2335	 iter
1777	 4.605098e-06	 2336	 iter
1778	 4.605098e-06	 2337	 iter
1779	 4.605098e-06	 2338	 iter
1780	 4.605098e-06	 2339	 iter
1781	 4.605098e-06	 2340	 iter
1782	 4.605098e-06	 2341	 iter
1783	 4.605098e-06	 2342	 iter
1784	 4.605098e-06	 2343	 iter
1785	 4.601411e-06	 2345	 iter
1786	 4.601411e-06	 2346	 iter
1787	 4.601411e-06	 2347	 iter
1788	 4.577606e-06	 2349	 iter
1789	 4.577606e-06	 2350	 iter
1790	 4.577606e-06	 2351	 iter
1791	 4.577606e-06	 2352	 iter
1792	 4.577606e-06	 2353	 iter
1793	 4.577606e-06	 2354	 iter
1794	 4.577606e-06	 2355	 iter
1795	 4.577606e-06	 2356	 iter
1796	 4.577606e-06	 2357	 iter
1797	 4.577606e-06	 2358	 iter
1798	 4.577606e-06	 2359	 iter
1799	 4.577606e-06	 2360	 iter
1800	 4.577606e-06	 2361	 iter
1801	 4.577606e-06	 2362	 iter
1802	 4.577606e-06	 2363	 iter
1803	 4.576173e-06	 2365	 iter
1804	 4.576173e-06	 2367	 iter
1805	 4.570733e-06	 2369	 iter
1806	 4.570733e-06	 2370	 iter
1807	 4.570733e-06	 2371	 iter
1808	 4.564018e-06	 2373	 iter
1809	 4.564018e-06	 2374	 iter
1810	 4.564018e-06	 2375	 iter
1811	 4.564018e-06	 2376	 iter
1812	 4.564018e-06	 2377	 iter
1813	 4.564018e-06	 2378	 iter
1814	 4.564018e-06	 2379	 iter
1815	 4.564018e-06	 2381	 iter
1816	 4.562588e-06	 2383	 iter
1817	 4.562588e-06	 2384	 iter
1818	 4.562588e-06	 2385	 iter
1819	 4.562588e-06	 2386	 iter
1820	 4.562588e-06	 2387	 iter
1821	 4.562588e-06	 2388	 iter
1822	 4.562588e-06	 2389	 iter
1823	 4.562588e-06	 2390	 iter
1824	 4.562588e-06	 2391	 iter
1825	 4.562588e-06	 2392	 iter
1826	 4.562588e-06	 2393	 iter
1827	 4.562588e-06	 2395	 iter
1828	 4.562588e-06	 2396	 iter
1829	 4.559192e-06	 2398	 iter
1830	 4.559192e-06	 2399	 iter
1831	 4.559192e-06	 2400	 iter
1832	 4.559192e-06	 2401	 iter
1833	 4.559192e-06	 2403	 iter
1834	 4.559192e-06	 2404	 iter
1835	 4.559192e-06	 2405	 iter
1836	 4.559192e-06	 2407	 iter
1837	 4.559192e-06	 2409	 iter
1838	 4.559192e-06	 2411	 iter
1839	 4.555021e-06	 2413	 iter
1840	 4.555021e-06	 2414	 iter
1841	 4.555021e-06	 2415	 iter
1842	 4.555021e-06	 2416	 iter
1843	 4.555021e-06	 2418	 iter
1844	 4.555021e-06	 2419	 iter
1845	 4.555021e-06	 2420	 iter
1846	 4.555021e-06	 2421	 iter
1847	 4.555021e-06	 2422	 iter
1848	 4.555021e-06	 2423	 iter
1849	 4.555021e-06	 2424	 iter
1850	 4.555021e-06	 2425	 iter
1851	 4.555021e-06	 2427	 iter
1852	 4.555021e-06	 2428	 iter
1853	 4.555021e-06	 2430	 iter
1854	 4.553964e-06	 2432	 iter
1855	 4.553964e-06	 2433	 iter
1856	 4.553964e-06	 2434	 iter
1857	 4.552479e-06	 2436	 iter
1858	 4.552479e-06	 2437	 iter
1859	 4.552479e-06	 2438	 iter
1860	 4.552479e-06	 2440	 iter
1861	 4.552479e-06	 2441	 iter
1862	 4.552479e-06	 2443	 iter
1863	 4.552479e-06	 2444	 iter
1864	 4.552479e-06	 2445	 iter
1865	 4.552479e-06	 2447	 iter
1866	 4.552479e-06	 2448	 iter
1867	 4.552380e-06	 2450	 iter
1868	 4.552380e-06	 2452	 iter
1869	 4.550506e-06	 2454	 iter
1870	 4.550506e-06	 2455	 iter
1871	 4.550506e-06	 2456	 iter
1872	 4.550506e-06	 2457	 iter
1873	 4.550506e-06	 2458	 iter
1874	 4.550506e-06	 2459	 iter
1875	 4.549655e-06	 2461	 iter
1876	 4.549655e-06	 2463	 iter
1877	 4.549655e-06	 2464	 iter
1878	 4.549655e-06	 2465	 iter
1879	 4.549655e-06	 2466	 iter
1880	 4.549655e-06	 2467	 iter
1881	 4.549655e-06	 2468	 iter
1882	 4.549655e-06	 2470	 iter
1883	 4.549655e-06	 2471	 iter
1884	 4.549655e-06	 2473	 iter
1885	 4.549049e-06	 2475	 iter
1886	 4.549049e-06	 2476	 iter
1887	 4.549049e-06	 2477	 iter
1888	 4.547966e-06	 2479	 iter
1889	 4.547966e-06	 2480	 iter
1890	 4.547966e-06	 2481	 iter
1891	 4.547966e-06	 2483	 iter
1892	 4.547966e-06	 2485	 iter
1893	 4.547966e-06	 2487	 iter
1894	 4.547966e-06	 2489	 iter
1895	 4.547966e-06	 2490	 iter
1896	 4.547966e-06	 2492	 iter
1897	 4.547966e-06	 2494	 iter
1898	 4.546717e-06	 2496	 iter
1899	 4.546717e-06	 2498	 iter
1900	 4.546717e-06	 2499	 iter
1901	 4.546717e-06	 2500	 iter
1902	 4.546717e-06	 2501	 iter
1903	 4.546717e-06	 2502	 iter
1904	 4.546717e-06	 2504	 iter
1905	 4.546717e-06	 2505	 iter
1906	 4.546717e-06	 2507	 iter
1907	 4.546717e-06	 2509	 iter
1908	 4.546717e-06	 2511	 iter
1909	 4.546097e-06	 2513	 iter
1910	 4.546097e-06	 2514	 iter
1911	 4.546097e-06	 2515	 iter
1912	 4.546097e-06	 2516	 iter
1913	 4.545894e-06	 2518	 iter
1914	 4.545894e-06	 2519	 iter
1915	 4.545894e-06	 2520	 iter
1916	 4.545894e-06	 2521	 iter
1917	 4.545894e-06	 2522	 iter
1918	 4.545894e-06	 2523	 iter
1919	 4.545894e-06	 2524	 iter
1920	 4.545894e-06	 2525	 iter
1921	 4.545894e-06	 2527	 iter
1922	 4.545894e-06	 2529	 iter
1923	 4.545894e-06	 2530	 iter
1924	 4.545894e-06	 2531	 iter
1925	 4.545637e-06	 2533	 iter
1926	 4.544958e-06	 2535	 iter
1927	 4.544958e-06	 2536	 iter
1928	 4.544958e-06	 2537	 iter
1929	 4.544958e-06	 2538	 iter
1930	 4.544958e-06	 2539	 iter
1931	 4.544958e-06	 2540	 iter
1932	 4.544958e-06	 2541	 iter
1933	 4.544958e-06	 2542	 iter
1934	 4.544716e-06	 2544	 iter
1935	 4.544716e-06	 2545	 iter
1936	 4.544716e-06	 2546	 iter
1937	 4.544716e-06	 2547	 iter
1938	 4.544716e-06	 2548	 iter
1939	 4.544716e-06	 2549	 iter
1940	 4.544716e-06	 2551	 iter
1941	 4.544716e-06	 2553	 iter
1942	 4.544610e-06	 2555	 iter
1943	 4.544610e-06	 2556	 iter
1944	 4.544610e-06	 2557	 iter
1945	 4.544610e-06	 2558	 iter
1946	 4.544434e-06	 2560	 iter
1947	 4.544350e-06	 2562	 iter
1948	 4.544350e-06	 2563	 iter
1949	 4.544350e-06	 2564	 iter
1950	 4.544350e-06	 2566	 iter
1951	 4.544350e-06	 2567	 iter
1952	 4.544350e-06	 2568	 iter
1953	 4.544350e-06	 2569	 iter
1954	 4.544350e-06	 2570	 iter
1955	 4.543957e-06	 2572	 iter
1956	 4.543957e-06	 2574	 iter
1957	 4.543940e-06	 2576	 iter
1958	 4.543940e-06	 2577	 iter
1959	 4.543815e-06	 2579	 iter
1960	 4.543815e-06	 2580	 iter
1961	 4.543815e-06	 2581	 iter
1962	 4.543815e-06	 2583	 iter
1963	 4.543815e-06	 2584	 iter
1964	 4.543815e-06	 2585	 iter
1965	 4.543815e-06	 2586	 iter
1966	 4.543815e-06	 2588	 iter
1967	 4.543815e-06	 2589	 iter
1968	 4.543815e-06	 2590	 iter
1969	 4.543219e-06	 2592	 iter
1970	 4.543219e-06	 2593	 iter
1971	 4.543219e-06	 2594	 iter
1972	 4.543219e-06	 2595	 iter
1973	 4.543219e-06	 2596	 iter
1974	 4.543219e-06	 2598	 iter
1975	 4.543213e-06	 2600	 iter
1976	 4.543213e-06	 2601	 iter
1977	 4.543213e-06	 2602	 iter
1978	 4.543213e-06	 2603	 iter
1979	 4.543213e-06	 2605	 iter
1980	 4.543213e-06	 2607	 iter
1981	 4.543213e-06	 2608	 iter
1982	 4.543198e-06	 2610	 iter
1983	 4.543198e-06	 2611	 iter
1984	 4.543198e-06	 2613	 iter
1985	 4.543000e-06	 2615	 iter
1986	 4.543000e-06	 2616	 iter
1987	 4.543000e-06	 2617	 iter
1988	 4.542995e-06	 2619	 iter
1989	 4.542995e-06	 2620	 iter
1990	 4.542925e-06	 2622	 iter
1991	 4.542925e-06	 2623	 iter
1992	 4.542925e-06	 2624	 iter
1993	 4.542925e-06	 2625	 iter
1994	 4.542925e-06	 2626	 iter
1995	 4.542925e-06	 2628	 iter
1996	 4.542663e-06	 2630	 iter
1997	 4.542582e-06	 2632	 iter
1998	 4.542582e-06	 2633	 iter
1999	 4.542582e-06	 2634	 iter
2000	 4.542582e-06	 2635	 iter
2001	 4.542582e-06	 2636	 iter
2002	 4.542582e-06	 2637	 iter
2003	 4.542582e-06	 2638	 iter
2004	 4.542582e-06	 2640	 iter
2005	 4.542582e-06	 2641	 iter
2006	 4.542582e-06	 2642	 iter
2007	 4.542582e-06	 2644	 iter
2008	 4.542582e-06	 2645	 iter
2009	 4.542458e-06	 2647	 iter
2010	 4.542458e-06	 2648	 iter
2011	 4.542405e-06	 2650	 iter
2012	 4.542405e-06	 2651	 iter
2013	 4.542377e-06	 2653	 iter
2014	 4.542377e-06	 2654	 iter
2015	 4.542288e-06	 2656	 iter
2016	 4.542288e-06	 2657	 iter
2017	 4.542288e-06	 2658	 iter
2018	 4.542288e-06	 2659	 iter
2019	 4.542187e-06	 2661	 iter
2020	 4.542187e-06	 2662	 iter
2021	 4.542187e-06	 2663	 iter
2022	 4.542187e-06	 2664	 iter
2023	 4.542094e-06	 2666	 iter
2024	 4.542094e-06	 2667	 iter
2025	 4.542094e-06	 2668	 iter
2026	 4.541846e-06	 2670	 iter
2027	 4.541846e-06	 2671	 iter
2028	 4.541846e-06	 2672	 iter
2029	 4.541846e-06	 2673	 iter
2030	 4.541846e-06	 2674	 iter
2031	 4.541846e-06	 2675	 iter
2032	 4.541846e-06	 2676	 iter
2033	 4.541846e-06	 2677	 iter
2034	 4.541846e-06	 2678	 iter
2035	 4.541846e-06	 2680	 iter
2036	 4.541846e-06	 2682	 iter
2037	 4.541846e-06	 2683	 iter
2038	 4.541846e-06	 2685	 iter
2039	 4.541846e-06	 2686	 iter
2040	 4.541846e-06	 2687	 iter
2041	 4.541720e-06	 2689	 iter
2042	 4.541720e-06	 2690	 iter
2043	 4.541720e-06	 2692	 iter
2044	 4.541720e-06	 2693	 iter
2045	 4.541720e-06	 2694	 iter
2046	 4.541720e-06	 2695	 iter
2047	 4.541720e-06	 2696	 iter
2048	 4.541720e-06	 2697	 iter
2049	 4.541720e-06	 2699	 iter
2050	 4.541720e-06	 2701	 iter
2051	 4.541720e-06	 2702	 iter
2052	 4.541720e-06	 2704	 iter
2053	 4.541720e-06	 2705	 iter
2054	 4.541667e-06	 2707	 iter
2055	 4.541579e-06	 2709	 iter
2056	 4.541579e-06	 2710	 iter
2057	 4.541579e-06	 2711	 iter
2058	 4.541579e-06	 2712	 iter
2059	 4.541579e-06	 2713	 iter
2060	 4.541579e-06	 2714	 iter
2061	 4.541579e-06	 2716	 iter
2062	 4.541550e-06	 2718	 iter
2063	 4.541550e-06	 2720	 iter
2064	 4.541550e-06	 2722	 iter
2065	 4.541550e-06	 2723	 iter
2066	 4.541548e-06	 2725	 iter
2067	 4.541466e-06	 2727	 iter
2068	 4.541466e-06	 2728	 iter
2069	 4.541466e-06	 2730	 iter
2070	 4.541431e-06	 2732	 iter
2071	 4.541431e-06	 2733	 iter
2072	 4.541431e-06	 2734	 iter
2073	 4.541431e-06	 2735	 iter
2074	 4.541253e-06	 2737	 iter
2075	 4.541253e-06	 2738	 iter
2076	 4.541253e-06	 2739	 iter
2077	 4.541253e-06	 2740	 iter
2078	 4.541253e-06	 2741	 iter
2079	 4.541253e-06	 2742	 iter
2080	 4.541253e-06	 2743	 iter
2081	 4.541253e-06	 2745	 iter
2082	 4.541253e-06	 2746	 iter
2083	 4.541151e-06	 2748	 iter
2084	 4.541151e-06	 2749	 iter
2085	 4.541151e-06	 2750	 iter
2086	 4.541147e-06	 2752	 iter
2087	 4.541147e-06	 2753	 iter
2088	 4.541147e-06	 2754	 iter
2089	 4.541147e-06	 2755	 iter
2090	 4.541147e-06	 2756	 iter
2091	 4.541147e-06	 2757	 iter
2092	 4.541147e-06	 2758	 iter
2093	 4.541073e-06	 2760	 iter
2094	 4.541073e-06	 2761	 iter
2095	 4.540984e-06	 2763	 iter
2096	 4.540984e-06	 2764	 iter
2097	 4.540984e-06	 2765	 iter
2098	 4.540984e-06	 2766	 iter
2099	 4.540984e-06	 2767	 iter
2100	 4.540948e-06	 2769	 iter
2101	 4.540948e-06	 2770	 iter
2102	 4.540948e-06	 2771	 iter
2103	 4.540948e-06	 2772	 iter
2104	 4.540948e-06	 2773	 iter
2105	 4.540802e-06	 2775	 iter
2106	 4.540802e-06	 2776	 iter
2107	 4.540802e-06	 2777	 iter
2108	 4.540802e-06	 2778	 iter
2109	 4.540802e-06	 2779	 iter
2110	 4.540802e-06	 2780	 iter
2111	 4.540802e-06	 2781	 iter
2112	 4.540802e-06	 2782	 iter
2113	 4.540802e-06	 2783	 iter
2114	 4.540802e-06	 2784	 iter
2115	 4.540802e-06	 2785	 iter
2116	 4.540802e-06	 2787	 iter
2117	 4.540795e-06	 2789	 iter
2118	 4.540795e-06	 2790	 iter
2119	 4.540770e-06	 2792	 iter
2120	 4.540713e-06	 2794	 iter
2121	 4.540713e-06	 2795	 iter
2122	 4.540713e-06	 2796	 iter
2123	 4.540713e-06	 2797	 iter
2124	 4.540713e-06	 2798	 iter
2125	 4.540713e-06	 2799	 iter
2126	 4.540669e-06	 2801	 iter
2127	 4.540669e-06	 2802	 iter
2128	 4.540669e-06	 2803	 iter
2129	 4.540669e-06	 2804	 iter
2130	 4.540622e-06	 2806	 iter
2131	 4.540587e-06	 2808	 iter
2132	 4.540587e-06	 2809	 iter
2133	 4.540587e-06	 2810	 iter
2134	 4.540587e-06	 2812	 iter
2135	 4.540587e-06	 2814	 iter
2136	 4.540587e-06	 2815	 iter
2137	 4.540587e-06	 2816	 iter
2138	 4.540587e-06	 2817	 iter
2139	 4.540587e-06	 2818	 iter
2140	 4.540587e-06	 2819	 iter
2141	 4.540587e-06	 2820	 iter
2142	 4.540587e-06	 2822	 iter
2143	 4.540587e-06	 2823	 iter
2144	 4.540587e-06	 2825	 iter
2145	 4.540473e-06	 2827	 iter
2146	 4.540473e-06	 2828	 iter
2147	 4.540473e-06	 2829	 iter
2148	 4.540473e-06	 2830	 iter
2149	 4.540473e-06	 2831	 iter
2150	 4.540473e-06	 2832	 iter
2151	 4.540473e-06	 2833	 iter
2152	 4.540473e-06	 2834	 iter
2153	 4.540473e-06	 2835	 iter
2154	 4.540473e-06	 2836	 iter
2155	 4.540473e-06	 2837	 iter
2156	 4.540388e-06	 2839	 iter
2157	 4.540388e-06	 2840	 iter
2158	 4.540388e-06	 2841	 iter
2159	 4.540355e-06	 2843	 iter
2160	 4.540355e-06	 2844	 iter
2161	 4.540211e-06	 2846	 iter
2162	 4.540211e-06	 2847	 iter
2163	 4.540211e-06	 2848	 iter
2164	 4.540211e-06	 2849	 iter
2165	 4.540211e-06	 2850	 iter
2166	 4.540211e-06	 2851	 iter
2167	 4.540211e-06	 2852	 iter
2168	 4.540180e-06	 2854	 iter
2169	 4.540180e-06	 2855	 iter
2170	 4.540180e-06	 2856	 iter
2171	 4.540180e-06	 2857	 iter
2172	 4.540171e-06	 2859	 iter
2173	 4.540171e-06	 2860	 iter
2174	 4.540171e-06	 2861	 iter
2175	 4.539915e-06	 2863	 iter
2176	 4.539915e-06	 2864	 iter
2177	 4.539915e-06	 2865	 iter
2178	 4.539667e-06	 2867	 iter
2179	 4.539667e-06	 2868	 iter
2180	 4.539667e-06	 2869	 iter
2181	 4.539667e-06	 2870	 iter
2182	 4.539667e-06	 2871	 iter
2183	 4.539667e-06	 2872	 iter
2184	 4.539667e-06	 2873	 iter
2185	 4.539667e-06	 2874	 iter
2186	 4.539667e-06	 2875	 iter
2187	 4.539667e-06	 2876	 iter
2188	 4.539446e-06	 2878	 iter
2189	 4.539446e-06	 2879	 iter
2190	 4.539446e-06	 2880	 iter
2191	 4.539446e-06	 2881	 iter
2192	 4.539446e-06	 2882	 iter
2193	 4.539349e-06	 2884	 iter
2194	 4.539218e-06	 2886	 iter
2195	 4.539027e-06	 2888	 iter
2196	 4.539027e-06	 2889	 iter
2197	 4.538728e-06	 2891	 iter
2198	 4.538728e-06	 2892	 iter
2199	 4.538728e-06	 2893	 iter
2200	 4.538728e-06	 2894	 iter
2201	 4.538728e-06	 2895	 iter
2202	 4.538728e-06	 2896	 iter
2203	 4.538638e-06	 2898	 iter
2204	 4.538182e-06	 2900	 iter
2205	 4.538182e-06	 2901	 iter
2206	 4.538182e-06	 2902	 iter
2207	 4.538182e-06	 2903	 iter
2208	 4.538182e-06	 2904	 iter
2209	 4.538153e-06	 2906	 iter
2210	 4.538153e-06	 2907	 iter
2211	 4.538153e-06	 2908	 iter
2212	 4.537294e-06	 2910	 iter
2213	 4.537294e-06	 2911	 iter
2214	 4.537294e-06	 2912	 iter
2215	 4.537294e-06	 2913	 iter
2216	 4.537294e-06	 2914	 iter
2217	 4.536939e-06	 2916	 iter
2218	 4.536939e-06	 2917	 iter
2219	 4.536939e-06	 2918	 iter
2220	 4.536939e-06	 2919	 iter
2221	 4.536939e-06	 2920	 iter
2222	 4.536939e-06	 2921	 iter
2223	 4.536277e-06	 2923	 iter
2224	 4.536277e-06	 2924	 iter
2225	 4.536277e-06	 2925	 iter
2226	 4.536277e-06	 2926	 iter
2227	 4.535650e-06	 2928	 iter
2228	 4.535650e-06	 2929	 iter
2229	 4.535650e-06	 2930	 iter
2230	 4.535650e-06	 2931	 iter
2231	 4.535650e-06	 2932	 iter
2232	 4.535191e-06	 2934	 iter
2233	 4.535191e-06	 2935	 iter
2234	 4.535191e-06	 2936	 iter
2235	 4.535191e-06	 2937	 iter
2236	 4.535191e-06	 2938	 iter
2237	 4.535191e-06	 2939	 iter
2238	 4.535191e-06	 2940	 iter
2239	 4.534094e-06	 2942	 iter
2240	 4.534094e-06	 2943	 iter
2241	 4.532719e-06	 2945	 iter
2242	 4.532719e-06	 2946	 iter
2243	 4.532719e-06	 2947	 iter
2244	 4.532719e-06	 2948	 iter
2245	 4.532719e-06	 2949	 iter
2246	 4.532719e-06	 2950	 iter
2247	 4.532719e-06	 2951	 iter
2248	 4.532719e-06	 2952	 iter
2249	 4.532719e-06	 2953	 iter
2250	 4.532719e-06	 2954	 iter
2251	 4.531948e-06	 2956	 iter
2252	 4.531948e-06	 2957	 iter
2253	 4.531948e-06	 2958	 iter
2254	 4.531948e-06	 2959	 iter
2255	 4.531948e-06	 2960	 iter
2256	 4.530681e-06	 2962	 iter
2257	 4.530681e-06	 2963	 iter
2258	 4.530681e-06	 2964	 iter
2259	 4.530681e-06	 2965	 iter
2260	 4.529419e-06	 2967	 iter
2261	 4.529419e-06	 2968	 iter
2262	 4.529419e-06	 2969	 iter
2263	 4.529419e-06	 2970	 iter
2264	 4.529419e-06	 2971	 iter
2265	 4.529419e-06	 2972	 iter
2266	 4.529419e-06	 2973	 iter
2267	 4.529419e-06	 2974	 iter
2268	 4.528446e-06	 2976	 iter
2269	 4.528446e-06	 2977	 iter
2270	 4.526664e-06	 2979	 iter
2271	 4.526664e-06	 2980	 iter
2272	 4.526664e-06	 2981	 iter
2273	 4.524473e-06	 2983	 iter
2274	 4.524473e-06	 2984	 iter
2275	 4.524473e-06	 2985	 iter
2276	 4.524473e-06	 2986	 iter
2277	 4.524473e-06	 2987	 iter
2278	 4.524473e-06	 2988	 iter
2279	 4.524473e-06	 2989	 iter
2280	 4.524473e-06	 2990	 iter
2281	 4.522465e-06	 2992	 iter
2282	 4.522465e-06	 2993	 iter
2283	 4.522465e-06	 2994	 iter
2284	 4.522465e-06	 2995	 iter
2285	 4.522465e-06	 2996	 iter
2286	 4.522465e-06	 2997	 iter
2287	 4.522465e-06	 2998	 iter
2288	 4.522465e-06	 2999	 iter
2289	 4.522465e-06	 3000	 iter
2290	 4.521011e-06	 3002	 iter
2291	 4.519410e-06	 3004	 iter
2292	 4.516262e-06	 3006	 iter
2293	 4.516262e-06	 3007	 iter
2294	 4.516262e-06	 3008	 iter
2295	 4.516262e-06	 3009	 iter
2296	 4.516262e-06	 3010	 iter
2297	 4.516262e-06	 3011	 iter
2298	 4.513139e-06	 3013	 iter
2299	 4.513139e-06	 3014	 iter
2300	 4.513139e-06	 3015	 iter
2301	 4.513139e-06	 3016	 iter
2302	 4.513139e-06	 3017	 iter
2303	 4.513139e-06	 3018	 iter
2304	 4.507801e-06	 3020	 iter
2305	 4.507801e-06	 3021	 iter
2306	 4.507801e-06	 3022	 iter
2307	 4.507801e-06	 3023	 iter
2308	 4.507801e-06	 3024	 iter
2309	 4.507801e-06	 3025	 iter
2310	 4.507801e-06	 3026	 iter
2311	 4.504902e-06	 3028	 iter
2312	 4.504902e-06	 3029	 iter
2313	 4.504902e-06	 3030	 iter
2314	 4.504902e-06	 3031	 iter
2315	 4.504902e-06	 3032	 iter
2316	 4.500654e-06	 3034	 iter
2317	 4.500654e-06	 3035	 iter
2318	 4.500654e-06	 3036	 iter
2319	 4.497524e-06	 3038	 iter
2320	 4.497524e-06	 3039	 iter
2321	 4.497524e-06	 3040	 iter
2322	 4.497524e-06	 3041	 iter
2323	 4.497524e-06	 3042	 iter
2324	 4.497524e-06	 3043	 iter
2325	 4.497524e-06	 3044	 iter
2326	 4.497024e-06	 3046	 iter
2327	 4.497024e-06	 3047	 iter
2328	 4.496893e-06	 3049	 iter
2329	 4.496893e-06	 3050	 iter
2330	 4.495977e-06	 3052	 iter
2331	 4.495630e-06	 3054	 iter
2332	 4.489562e-06	 3056	 iter
2333	 4.489562e-06	 3057	 iter
2334	 4.489562e-06	 3058	 iter
2335	 4.489562e-06	 3059	 iter
2336	 4.489562e-06	 3060	 iter
2337	 4.489562e-06	 3061	 iter
2338	 4.489562e-06	 3062	 iter
2339	 4.489562e-06	 3063	 iter
2340	 4.489562e-06	 3064	 iter
2341	 4.487256e-06	 3066	 iter
2342	 4.487256e-06	 3067	 iter
2343	 4.487256e-06	 3068	 iter
2344	 4.487256e-06	 3069	 iter
2345	 4.487256e-06	 3070	 iter
2346	 4.487256e-06	 3071	 iter
2347	 4.486815e-06	 3073	 iter
2348	 4.484267e-06	 3075	 iter
2349	 4.478753e-06	 3077	 iter
2350	 4.478753e-06	 3078	 iter
2351	 4.478753e-06	 3079	 iter
2352	 4.478753e-06	 3080	 iter
2353	 4.478753e-06	 3081	 iter
2354	 4.473521e-06	 3083	 iter
2355	 4.473521e-06	 3084	 iter
2356	 4.473521e-06	 3085	 iter
2357	 4.473521e-06	 3086	 iter
2358	 4.473521e-06	 3087	 iter
2359	 4.473521e-06	 3088	 iter
2360	 4.473521e-06	 3089	 iter
2361	 4.473293e-06	 3091	 iter
2362	 4.470389e-06	 3093	 iter
2363	 4.470389e-06	 3094	 iter
2364	 4.470389e-06	 3095	 iter
2365	 4.469903e-06	 3097	 iter
2366	 4.469903e-06	 3098	 iter
2367	 4.469714e-06	 3100	 iter
2368	 4.469714e-06	 3101	 iter
2369	 4.469714e-06	 3102	 iter
2370	 4.469714e-06	 3103	 iter
2371	 4.467591e-06	 3105	 iter
2372	 4.466572e-06	 3107	 iter
2373	 4.465134e-06	 3109	 iter
2374	 4.465134e-06	 3110	 iter
2375	 4.464446e-06	 3112	 iter
2376	 4.464411e-06	 3114	 iter
2377	 4.464411e-06	 3115	 iter
2378	 4.464411e-06	 3116	 iter
2379	 4.464411e-06	 3117	 iter
2380	 4.464411e-06	 3118	 iter
2381	 4.463713e-06	 3120	 iter
2382	 4.462249e-06	 3122	 iter
2383	 4.462249e-06	 3123	 iter
2384	 4.461978e-06	 3125	 iter
2385	 4.461978e-06	 3127	 iter
2386	 4.460574e-06	 3129	 iter
2387	 4.460574e-06	 3130	 iter
2388	 4.460574e-06	 3131	 iter
2389	 4.460574e-06	 3132	 iter
2390	 4.460574e-06	 3134	 iter
2391	 4.460574e-06	 3135	 iter
2392	 4.460574e-06	 3137	 iter
2393	 4.460574e-06	 3138	 iter
2394	 4.460574e-06	 3139	 iter
2395	 4.460574e-06	 3140	 iter
2396	 4.460574e-06	 3141	 iter
2397	 4.460574e-06	 3142	 iter
2398	 4.460574e-06	 3143	 iter
2399	 4.458860e-06	 3145	 iter
2400	 4.458860e-06	 3146	 iter
2401	 4.458860e-06	 3147	 iter
2402	 4.458860e-06	 3149	 iter
2403	 4.458860e-06	 3150	 iter
2404	 4.458860e-06	 3151	 iter
2405	 4.458860e-06	 3152	 iter
2406	 4.458860e-06	 3154	 iter
2407	 4.458860e-06	 3155	 iter
2408	 4.458860e-06	 3156	 iter
2409	 4.458860e-06	 3157	 iter
2410	 4.458860e-06	 3158	 iter
2411	 4.458860e-06	 3160	 iter
2412	 4.458860e-06	 3161	 iter
2413	 4.458860e-06	 3162	 iter
2414	 4.458511e-06	 3164	 iter
2415	 4.458511e-06	 3165	 iter
2416	 4.458511e-06	 3166	 iter
2417	 4.458511e-06	 3168	 iter
2418	 4.458471e-06	 3170	 iter
2419	 4.458471e-06	 3172	 iter
2420	 4.458471e-06	 3173	 iter
2421	 4.458471e-06	 3175	 iter
2422	 4.458471e-06	 3177	 iter
2423	 4.458471e-06	 3179	 iter
2424	 4.458471e-06	 3180	 iter
2425	 4.458471e-06	 3182	 iter
2426	 4.458471e-06	 3183	 iter
2427	 4.458398e-06	 3185	 iter
2428	 4.458331e-06	 3187	 iter
2429	 4.458271e-06	 3189	 iter
2430	 4.458271e-06	 3190	 iter
2431	 4.458271e-06	 3191	 iter
2432	 4.458271e-06	 3192	 iter
2433	 4.458271e-06	 3193	 iter
2434	 4.457960e-06	 3195	 iter
2435	 4.457960e-06	 3197	 iter
2436	 4.457960e-06	 3198	 iter
2437	 4.457639e-06	 3200	 iter
2438	 4.457639e-06	 3201	 iter
2439	 4.457639e-06	 3203	 iter
2440	 4.457639e-06	 3205	 iter
2441	 4.457639e-06	 3206	 iter
2442	 4.457639e-06	 3207	 iter
2443	 4.457639e-06	 3209	 iter
2444	 4.457639e-06	 3210	 iter
2445	 4.457639e-06	 3212	 iter
2446	 4.457592e-06	 3214	 iter
2447	 4.457592e-06	 3215	 iter
2448	 4.457592e-06	 3216	 iter
2449	 4.457592e-06	 3217	 iter
2450	 4.457508e-06	 3219	 iter
2451	 4.457508e-06	 3221	 iter
2452	 4.457508e-06	 3222	 iter
2453	 4.457505e-06	 3224	 iter
2454	 4.457505e-06	 3226	 iter
2455	 4.457505e-06	 3228	 iter
2456	 4.457490e-06	 3230	 iter
2457	 4.457490e-06	 3231	 iter
2458	 4.457414e-06	 3233	 iter
2459	 4.457374e-06	 3235	 iter
2460	 4.457374e-06	 3237	 iter
2461	 4.457374e-06	 3239	 iter
2462	 4.457268e-06	 3241	 iter
2463	 4.457268e-06	 3243	 iter
2464	 4.457268e-06	 3245	 iter
2465	 4.457268e-06	 3247	 iter
2466	 4.457268e-06	 3248	 iter
2467	 4.457268e-06	 3250	 iter
2468	 4.457268e-06	 3252	 iter
2469	 4.457268e-06	 3254	 iter
2470	 4.457268e-06	 3255	 iter
2471	 4.457268e-06	 3256	 iter
2472	 4.457238e-06	 3258	 iter
2473	 4.457238e-06	 3259	 iter
2474	 4.457238e-06	 3260	 iter
2475	 4.457238e-06	 3261	 iter
2476	 4.457238e-06	 3262	 iter
2477	 4.457238e-06	 3263	 iter
2478	 4.457139e-06	 3265	 iter
2479	 4.457139e-06	 3267	 iter
2480	 4.457139e-06	 3268	 iter
2481	 4.457139e-06	 3270	 iter
2482	 4.457139e-06	 3271	 iter
2483	 4.457139e-06	 3273	 iter
2484	 4.457139e-06	 3275	 iter
2485	 4.457139e-06	 3276	 iter
2486	 4.457139e-06	 3277	 iter
2487	 4.457120e-06	 3279	 iter
2488	 4.457120e-06	 3280	 iter
2489	 4.457120e-06	 3282	 iter
2490	 4.457120e-06	 3283	 iter
2491	 4.457090e-06	 3285	 iter
2492	 4.457090e-06	 3286	 iter
2493	 4.457090e-06	 3287	 iter
2494	 4.457090e-06	 3289	 iter
2495	 4.457090e-06	 3290	 iter
2496	 4.457090e-06	 3292	 iter
2497	 4.457090e-06	 3293	 iter
2498	 4.457090e-06	 3294	 iter
2499	 4.457090e-06	 3296	 iter
2500	 4.457090e-06	 3297	 iter
2501	 4.457090e-06	 3299	 iter
2502	 4.457090e-06	 3301	 iter
2503	 4.457090e-06	 3302	 iter
2504	 4.457055e-06	 3304	 iter
2505	 4.457055e-06	 3305	 iter
2506	 4.457050e-06	 3307	 iter
2507	 4.457050e-06	 3308	 iter
2508	 4.457042e-06	 3310	 iter
2509	 4.457042e-06	 3311	 iter
2510	 4.457042e-06	 3313	 iter
2511	 4.457042e-06	 3315	 iter
2512	 4.457042e-06	 3317	 iter
2513	 4.457042e-06	 3319	 iter
2514	 4.457042e-06	 3321	 iter
2515	 4.457042e-06	 3323	 iter
2516	 4.457042e-06	 3324	 iter
2517	 4.457011e-06	 3326	 iter
2518	 4.457011e-06	 3327	 iter
2519	 4.457001e-06	 3329	 iter
2520	 4.457001e-06	 3330	 iter
2521	 4.457001e-06	 3331	 iter
2522	 4.457001e-06	 3332	 iter
2523	 4.457001e-06	 3334	 iter
2524	 4.457001e-06	 3335	 iter
2525	 4.457001e-06	 3336	 iter
2526	 4.457001e-06	 3337	 iter
2527	 4.457001e-06	 3339	 iter
2528	 4.457001e-06	 3341	 iter
2529	 4.456993e-06	 3343	 iter
2530	 4.456993e-06	 3344	 iter
2531	 4.456993e-06	 3345	 iter
2532	 4.456993e-06	 3346	 iter
2533	 4.456993e-06	 3347	 iter
2534	 4.456962e-06	 3349	 iter
2535	 4.456962e-06	 3350	 iter
2536	 4.456962e-06	 3351	 iter
2537	 4.456962e-06	 3353	 iter
2538	 4.456962e-06	 3355	 iter
2539	 4.456962e-06	 3356	 iter
2540	 4.456962e-06	 3357	 iter
2541	 4.456962e-06	 3358	 iter
2542	 4.456962e-06	 3360	 iter
2543	 4.456962e-06	 3361	 iter
2544	 4.456962e-06	 3363	 iter
2545	 4.456962e-06	 3364	 iter
2546	 4.456962e-06	 3365	 iter
2547	 4.456962e-06	 3366	 iter
2548	 4.456962e-06	 3367	 iter
2549	 4.456962e-06	 3368	 iter
2550	 4.456962e-06	 3370	 iter
2551	 4.456962e-06	 3371	 iter
2552	 4.456962e-06	 3372	 iter
2553	 4.456962e-06	 3373	 iter
2554	 4.456962e-06	 3375	 iter
2555	 4.456962e-06	 3377	 iter
2556	 4.456962e-06	 3379	 iter
2557	 4.456962e-06	 3380	 iter
2558	 4.456962e-06	 3381	 iter
2559	 4.456954e-06	 3383	 iter
2560	 4.456954e-06	 3384	 iter
2561	 4.456954e-06	 3385	 iter
2562	 4.456954e-06	 3387	 iter
2563	 4.456954e-06	 3388	 iter
2564	 4.456954e-06	 3389	 iter
2565	 4.456954e-06	 3390	 iter
2566	 4.456954e-06	 3392	 iter
2567	 4.456954e-06	 3393	 iter
2568	 4.456954e-06	 3395	 iter
2569	 4.456954e-06	 3397	 iter
2570	 4.456954e-06	 3398	 iter
2571	 4.456950e-06	 3400	 iter
2572	 4.456950e-06	 3401	 iter
2573	 4.456950e-06	 3402	 iter
2574	 4.456950e-06	 3404	 iter
2575	 4.456950e-06	 3406	 iter
2576	 4.456950e-06	 3407	 iter
2577	 4.456950e-06	 3408	 iter
2578	 4.456950e-06	 3409	 iter
2579	 4.456950e-06	 3411	 iter
2580	 4.456950e-06	 3412	 iter
2581	 4.456950e-06	 3413	 iter
2582	 4.456950e-06	 3415	 iter
2583	 4.456950e-06	 3416	 iter
2584	 4.456947e-06	 3418	 iter
2585	 4.456947e-06	 3420	 iter
2586	 4.456945e-06	 3422	 iter
2587	 4.456945e-06	 3423	 iter
2588	 4.456942e-06	 3425	 iter
2589	 4.456942e-06	 3426	 iter
2590	 4.456941e-06	 3428	 iter
2591	 4.456941e-06	 3429	 iter
2592	 4.456941e-06	 3430	 iter
2593	 4.456941e-06	 3432	 iter
2594	 4.456938e-06	 3434	 iter
2595	 4.456938e-06	 3435	 iter
2596	 4.456938e-06	 3436	 iter
2597	 4.456938e-06	 3437	 iter
2598	 4.456938e-06	 3438	 iter
2599	 4.456938e-06	 3440	 iter
2600	 4.456926e-06	 3442	 iter
2601	 4.456926e-06	 3443	 iter
2602	 4.456926e-06	 3444	 iter
2603	 4.456926e-06	 3445	 iter
2604	 4.456926e-06	 3446	 iter
2605	 4.456926e-06	 3447	 iter
2606	 4.456926e-06	 3448	 iter
2607	 4.456926e-06	 3449	 iter
2608	 4.456926e-06	 3450	 iter
2609	 4.456926e-06	 3451	 iter
2610	 4.456926e-06	 3452	 iter
2611	 4.456916e-06	 3454	 iter
2612	 4.456916e-06	 3455	 iter
2613	 4.456916e-06	 3456	 iter
2614	 4.456916e-06	 3457	 iter
2615	 4.456916e-06	 3458	 iter
2616	 4.456914e-06	 3460	 iter
2617	 4.456912e-06	 3462	 iter
2618	 4.456912e-06	 3463	 iter
2619	 4.456912e-06	 3464	 iter
2620	 4.456912e-06	 3465	 iter
2621	 4.456912e-06	 3466	 iter
2622	 4.456911e-06	 3468	 iter
2623	 4.456911e-06	 3469	 iter
2624	 4.456911e-06	 3470	 iter
2625	 4.456911e-06	 3471	 iter
2626	 4.456911e-06	 3472	 iter
2627	 4.456911e-06	 3473	 iter
2628	 4.456910e-06	 3475	 iter
2629	 4.456902e-06	 3477	 iter
2630	 4.456902e-06	 3478	 iter
2631	 4.456902e-06	 3479	 iter
2632	 4.456893e-06	 3481	 iter
2633	 4.456893e-06	 3482	 iter
2634	 4.456893e-06	 3483	 iter
2635	 4.456893e-06	 3484	 iter
2636	 4.456893e-06	 3485	 iter
2637	 4.456893e-06	 3486	 iter
2638	 4.456893e-06	 3487	 iter
2639	 4.456893e-06	 3489	 iter
2640	 4.456893e-06	 3490	 iter
2641	 4.456893e-06	 3491	 iter
2642	 4.456893e-06	 3492	 iter
2643	 4.456893e-06	 3493	 iter
2644	 4.456893e-06	 3495	 iter
2645	 4.456893e-06	 3496	 iter
2646	 4.456893e-06	 3497	 iter
2647	 4.456893e-06	 3498	 iter
2648	 4.456893e-06	 3499	 iter
2649	 4.456893e-06	 3500	 iter
2650	 4.456889e-06	 3502	 iter
2651	 4.456889e-06	 3503	 iter
2652	 4.456889e-06	 3504	 iter
2653	 4.456889e-06	 3505	 iter
2654	 4.456889e-06	 3506	 iter
2655	 4.456887e-06	 3508	 iter
2656	 4.456887e-06	 3509	 iter
2657	 4.456887e-06	 3511	 iter
2658	 4.456887e-06	 3512	 iter
2659	 4.456887e-06	 3513	 iter
2660	 4.456886e-06	 3515	 iter
2661	 4.456885e-06	 3517	 iter
2662	 4.456885e-06	 3518	 iter
2663	 4.456885e-06	 3519	 iter
2664	 4.456885e-06	 3520	 iter
2665	 4.456885e-06	 3522	 iter
2666	 4.456885e-06	 3524	 iter
2667	 4.456885e-06	 3525	 iter
2667	 4.456885e-06	 3525	 done
