0	 2.011152e-02	 1	 init
0	 2.011152e-02	 1	 iter
1	 1.563624e-02	 17	 iter
2	 1.563624e-02	 18	 iter
3	 1.563624e-02	 19	 iter
4	 1.563624e-02	 20	 iter
5	 1.563624e-02	 21	 iter
6	 1.563624e-02	 22	 iter
7	 1.563624e-02	 23	 iter
8	 1.563624e-02	 24	 iter
9	 1.563624e-02	 25	 iter
10	 1.563624e-02	 26	 iter
11	 1.563624e-02	 27	 iter
12	 1.563624e-02	 28	 iter
13	 1.563624e-02	 29	 iter
14	 1.563624e-02	 30	 iter
15	 1.318347e-02	 32	 iter
16	 1.318347e-02	 33	 iter
17	 1.318347e-02	 34	 iter
18	 1.318347e-02	 35	 iter
19	 1.318347e-02	 36	 iter
20	 1.318347e-02	 37	 iter
21	 1.318347e-02	 38	 iter
22	 1.318347e-02	 39	 iter
23	 1.108694e-02	 41	 iter
24	 1.108694e-02	 42	 iter
25	 1.108694e-02	 43	 iter
26	 1.108694e-02	 44	 iter
27	 1.108694e-02	 45	 iter
28	 8.745678e-03	 47	 iter
29	 8.745678e-03	 48	 iter
30	 8.745678e-03	 49	 iter
31	 8.745678e-03	 50	 iter
32	 8.745678e-03	 51	 iter
33	 8.745678e-03	 52	 iter
34	 8.745678e-03	 53	 iter
35	 6.310514e-03	 55	 iter
36	 6.310514e-03	 56	 iter
37	 6.310514e-03	 57	 iter
38	 6.310514e-03	 58	 iter
39	 6.310514e-03	 59	 iter
40	 6.310514e-03	 60	 iter
41	 4.440403e-03	 62	 iter
42	 4.440403e-03	 63	 iter
43	 4.440403e-03	 64	 iter
44	 4.440403e-03	 65	 iter
45	 4.440403e-03	 66	 iter
46	 2.716574e-03	 68	 iter
47	 2.716574e-03	 69	 iter
48	 2.716574e-03	 70	 iter
49	 2.716574e-03	 71	 iter
50	 2.716574e-03	 72	 iter
51	 1.890749e-03	 74	 iter
52	 1.890749e-03	 75	 iter
53	 1.890749e-03	 76	 iter
54	 1.890749e-03	 77	 iter
55	 1.890749e-03	 78	 iter
56	 1.890749e-03	 79	 iter
57	 1.890749e-03	 80	 iter
58	 1.890749e-03	 81	 iter
59	 1.890749e-03	 82	 iter
60	 1.890749e-03	 83	 iter
61	 1.890749e-03	 84	 iter
62	 1.834341e-03	 86	 iter
63	 1.834341e-03	 87	 iter
64	 1.834341e-03	 88	 iter
65	 1.834341e-03	 89	 iter
66	 1.834341e-03	 91	 iter
67	 1.834341e-03	 93	 iter
68	 1.834341e-03	 95	 iter
69	 1.834341e-03	 97	 iter
70	 1.834341e-03	 99	 iter
71	 1.834341e-03	 101	 iter
72	 1.834341e-03	 103	 iter
73	 1.834341e-03	 104	 iter
74	 1.834341e-03	 105	 iter
75	 1.834341e-03	 107	 iter
76	 1.834341e-03	 108	 iter
77	 1.834341e-03	 110	 iter
78	 1.834341e-03	 111	 iter
79	 1.834341e-03	 113	 iter
80	 1.834341e-03	 114	 iter
81	 1.834341e-03	 116	 iter
82	 1.834341e-03	 117	 iter
83	 1.780420e-03	 119	 iter
84	 1.522391e-03	 121	 iter
85	 1.522391e-03	 122	 iter
86	 1.522391e-03	 123	 iter
87	 1.522391e-03	 124	 iter
88	 1.522391e-03	 125	 iter
89	 1.522391e-03	 127	 iter
90	 1.522391e-03	 129	 iter
91	 1.522391e-03	 130	 iter
92	 1.522391e-03	 131	 iter
93	 1.522391e-03	 132	 iter
94	 1.522391e-03	 133	 iter
95	 1.522391e-03	 134	 iter
96	 1.522391e-03	 135	 iter
97	 1.522391e-03	 136	 iter
98	 1.522391e-03	 137	 iter
99	 1.291330e-03	 139	 iter
100	 1.291330e-03	 140	 iter
101	 1.291330e-03	 141	 iter
102	 1.291330e-03	 142	 iter
103	 1.291330e-03	 143	 iter
104	 1.291330e-03	 144	 iter
105	 1.291330e-03	 145	 iter
106	 1.291330e-03	 146	 iter
107	 1.291330e-03	 147	 iter
108	 1.071128e-03	 149	 iter
109	 1.071128e-03	 150	 iter
110	 1.071128e-03	 151	 iter
111	 1.071128e-03	 152	 iter
112	 1.071128e-03	 153	 iter
113	 1.071128e-03	 154	 iter
114	 1.071128e-03	 155	 iter
115	 1.071128e-03	 156	 iter
116	 1.071128e-03	 157	 iter
117	 8.703585e-04	 159	 iter
118	 8.703585e-04	 160	 iter
119	 8.703585e-04	 161	 iter
120	 8.703585e-04	 162	 iter
121	 8.703585e-04	 163	 iter
122	 8.703585e-04	 164	 iter
123	 6.465543e-04	 166	 iter
124	 6.465543e-04	 167	 iter
125	 6.465543e-04	 168	 iter
126	 6.465543e-04	 169	 iter
127	 6.465543e-04	 170	 iter
128	 6.465543e-04	 171	 iter
129	 6.465543e-04	 173	 iter
130	 6.465543e-04	 174	 iter
131	 6.465543e-04	 175	 iter
132	 6.465543e-04	 176	 iter
133	 6.465543e-04	 177	 iter
134	 5.280829e-04	 179	 iter
135	 5.280829e-04	 180	 iter
136	 5.280829e-04	 181	 iter
137	 5.280829e-04	 182	 iter
138	 5.280829e-04	 183	 iter
139	 5.280829e-04	 184	 iter
140	 5.151937e-04	 186	 iter
141	 5.151937e-04	 187	 iter
142	 5.151937e-04	 188	 iter
143	 4.165675e-04	 190	 iter
144	 4.165675e-04	 191	 iter
145	 4.165675e-04	 192	 iter
146	 4.165675e-04	 193	 iter
147	 4.165675e-04	 194	 iter
148	 4.165675e-04	 195	 iter
149	 4.165675e-04	 197	 iter
150	 4.165675e-04	 198	 iter
151	 4.165675e-04	 200	 iter
152	 4.165675e-04	 201	 iter
153	 4.165675e-04	 202	 iter
154	 4.165675e-04	 203	 iter
155	 4.165675e-04	 204	 iter
156	 4.165675e-04	 205	 iter
157	 4.165675e-04	 206	 iter
158	 4.165675e-04	 207	 iter
159	 4.078988e-04	 209	 iter
160	 4.078988e-04	 210	 iter
161	 4.078988e-04	 211	 iter
162	 4.078988e-04	 213	 iter
163	 4.078988e-04	 214	 iter
164	 3.920473e-04	 216	 iter
165	 3.920473e-04	 218	 iter
166	 3.920473e-04	 219	 iter
167	 3.920473e-04	 220	 iter
168	 3.920473e-04	 221	 iter
169	 3.920473e-04	 222	 iter
170	 3.920473e-04	 224	 iter
171	 3.920473e-04	 226	 iter
172	 3.920473e-04	 228	 iter
173	 3.920473e-04	 230	 iter
174	 3.920473e-04	 232	 iter
175	 3.920473e-04	 234	 iter
176	 3.920473e-04	 235	 iter
177	 3.920473e-04	 236	 iter
178	 3.920473e-04	 237	 iter
179	 3.920473e-04	 239	 iter
180	 3.920473e-04	 240	 iter
181	 3.920473e-04	 242	 iter
182	 3.920473e-04	 244	 iter
183	 3.920473e-04	 245	 iter
184	 3.920473e-04	 247	 iter
185	 3.920473e-04	 248	 iter
186	 3.887187e-04	 250	 iter
187	 3.887187e-04	 252	 iter
188	 3.887187e-04	 253	 iter
189	 3.887187e-04	 255	 iter
190	 3.887187e-04	 256	 iter
191	 3.795675e-04	 258	 iter
192	 3.795675e-04	 259	 iter
193	 3.795675e-04	 260	 iter
194	 3.795675e-04	 261	 iter
195	 3.795675e-04	 263	 iter
196	 3.795675e-04	 265	 iter
197	 3.779420e-04	 267	 iter
198	 3.779420e-04	 269	 iter
199	 3.779420e-04	 270	 iter
200	 3.779420e-04	 272	 iter
201	 3.779420e-04	 273	 iter
202	 3.779420e-04	 274	 iter
203	 3.745766e-04	 276	 iter
204	 3.735585e-04	 278	 iter
205	 3.735585e-04	 279	 iter
206	 3.735585e-04	 280	 iter
207	 3.735585e-04	 281	 iter
208	 3.718321e-04	 283	 iter
209	 3.501919e-04	 285	 iter
210	 3.501919e-04	 286	 iter
211	 3.501919e-04	 287	 iter
212	 3.501919e-04	 288	 iter
213	 3.501919e-04	 289	 iter
214	 3.501919e-04	 290	 iter
215	 3.501919e-04	 291	 iter
216	 3.501919e-04	 292	 iter
217	 3.501919e-04	 294	 iter
218	 3.501919e-04	 295	 iter
219	 3.501919e-04	 297	 iter
220	 3.501919e-04	 298	 iter
221	 3.501919e-04	 299	 iter
222	 3.501919e-04	 300	 iter
223	 3.501919e-04	 301	 iter
224	 3.417897e-04	 303	 iter
225	 3.417897e-04	 304	 iter
226	 3.417897e-04	 305	 iter
227	 3.417897e-04	 306	 iter
228	 3.417897e-04	 307	 iter
229	 3.359857e-04	 309	 iter
230	 3.359857e-04	 310	 iter
231	 3.331768e-04	 312	 iter
232	 3.331768e-04	 313	 iter
233	 3.331768e-04	 314	 iter
234	 3.331768e-04	 316	 iter
235	 3.204519e-04	 318	 iter
236	 3.204519e-04	 319	 iter
237	 3.014449e-04	 321	 iter
238	 3.014449e-04	 322	 iter
239	 3.014449e-04	 323	 iter
240	 3.014449e-04	 324	 iter
241	 3.014449e-04	 325	 iter
242	 3.014449e-04	 326	 iter
243	 3.014449e-04	 327	 iter
244	 3.014449e-04	 328	 iter
245	 3.014449e-04	 329	 iter
246	 3.014449e-04	 330	 iter
247	 3.014449e-04	 331	 iter
248	 3.014449e-04	 332	 iter
249	 2.928831e-04	 334	 iter
250	 2.928831e-04	 335	 iter
251	 2.671520e-04	 337	 iter
252	 2.671520e-04	 338	 iter
253	 2.671520e-04	 339	 iter
254	 2.671520e-04	 340	 iter
255	 2.671520e-04	 341	 iter
256	 2.671520e-04	 342	 iter
257	 2.671520e-04	 343	 iter
258	 2.426343e-04	 345	 iter
259	 2.426343e-04	 346	 iter
260	 2.426343e-04	 347	 iter
261	 2.426343e-04	 348	 iter
262	 2.426343e-04	 349	 iter
263	 2.426343e-04	 350	 iter
264	 2.140309e-04	 352	 iter
265	 2.140309e-04	 353	 iter
266	 2.140309e-04	 354	 iter
267	 2.140309e-04	 355	 iter
268	 2.140309e-04	 356	 iter
269	 2.140309e-04	 357	 iter
270	 2.140309e-04	 358	 iter
271	 1.809501e-04	 360	 iter
272	 1.809501e-04	 361	 iter
273	 1.809501e-04	 362	 iter
274	 1.809501e-04	 363	 iter
275	 1.809501e-04	 364	 iter
276	 1.809501e-04	 365	 iter
277	 1.809501e-04	 366	 iter
278	 1.436484e-04	 368	 iter
279	 1.436484e-04	 369	 iter
280	 1.436484e-04	 370	 iter
281	 1.436484e-04	 371	 iter
282	 1.436484e-04	 372	 iter
283	 1.436484e-04	 373	 iter
284	 1.436484e-04	 374	 iter
285	 1.436484e-04	 375	 iter
286	 1.281112e-04	 377	 iter
287	 1.281112e-04	 378	 iter
288	 1.281112e-04	 379	 iter
289	 1.281112e-04	 380	 iter
290	 1.281112e-04	 381	 iter
291	 1.281112e-04	 382	 iter
292	 1.184495e-04	 384	 iter
293	 1.183081e-04	 386	 iter
294	 1.183081e-04	 387	 iter
295	 1.183081e-04	 388	 iter
296	 1.183081e-04	 389	 iter
297	 1.104377e-04	 391	 iter
298	 9.598639e-05	 393	 iter
299	 9.598639e-05	 394	 iter
300	 9.598639e-05	 395	 iter
301	 9.598639e-05	 396	 iter
302	 9.598639e-05	 397	 iter
303	 9.598639e-05	 398	 iter
304	 9.598639e-05	 399	 iter
305	 9.598639e-05	 400	 iter
306	 9.598639e-05	 401	 iter
307	 9.598639e-05	 403	 iter
308	 9.598639e-05	 404	 iter
309	 9.598639e-05	 405	 iter
310	 9.598639e-05	 406	 iter
311	 9.598639e-05	 407	 iter
312	 9.598639e-05	 408	 iter
313	 9.598639e-05	 410	 iter
314	 9.598639e-05	 412	 iter
315	 9.598639e-05	 414	 iter
316	 9.598639e-05	 415	 iter
317	 9.598639e-05	 416	 iter
318	 9.598639e-05	 418	 iter
319	 9.598639e-05	 419	 iter
320	 9.598639e-05	 420	 iter
321	 9.598639e-05	 422	 iter
322	 9.598639e-05	 424	 iter
323	 9.598639e-05	 425	 iter
324	 9.598639e-05	 426	 iter
325	 9.598639e-05	 428	 iter
326	 9.598639e-05	 430	 iter
327	 9.598639e-05	 431	 iter
328	 9.598639e-05	 432	 iter
329	 9.598639e-05	 434	 iter
330	 9.598639e-05	 436	 iter
331	 9.598639e-05	 437	 iter
332	 9.598639e-05	 439	 iter
333	 9.598639e-05	 440	 iter
334	 9.598639e-05	 441	 iter
335	 9.598639e-05	 442	 iter
336	 9.598639e-05	 443	 iter
337	 9.598639e-05	 445	 iter
338	 9.598639e-05	 447	 iter
339	 9.598639e-05	 449	 iter
340	 9.598639e-05	 450	 iter
341	 9.598639e-05	 451	 iter
342	 9.598639e-05	 453	 iter
343	 9.598639e-05	 454	 iter
344	 9.598639e-05	 455	 iter
345	 9.253161e-05	 457	 iter
346	 9.253161e-05	 458	 iter
347	 9.253161e-05	 460	 iter
348	 8.985171e-05	 462	 iter
349	 8.985171e-05	 463	 iter
350	 8.985171e-05	 464	 iter
351	 8.985171e-05	 465	 iter
352	 8.985171e-05	 466	 iter
353	 8.985171e-05	 467	 iter
354	 8.985171e-05	 468	 iter
355	 8.985171e-05	 469	 iter
356	 8.811342e-05	 471	 iter
357	 8.811342e-05	 472	 iter
358	 8.811342e-05	 473	 iter
359	 8.460790e-05	 475	 iter
360	 8.460790e-05	 476	 iter
361	 8.460790e-05	 477	 iter
362	 8.460790e-05	 478	 iter
363	 8.460790e-05	 479	 iter
364	 8.089991e-05	 481	 iter
365	 8.089991e-05	 482	 iter
366	 8.089991e-05	 483	 iter
367	 8.089991e-05	 484	 iter
368	 7.945808e-05	 486	 iter
369	 7.945808e-05	 487	 iter
370	 7.945808e-05	 488	 iter
371	 7.050327e-05	 490	 iter
372	 7.050327e-05	 491	 iter
373	 7.050327e-05	 492	 iter
374	 7.050327e-05	 493	 iter
375	 7.050327e-05	 494	 iter
376	 7.050327e-05	 495	 iter
377	 7.050327e-05	 496	 iter
378	 7.050327e-05	 497	 iter
379	 7.050327e-05	 498	 iter
380	 7.039172e-05	 500	 iter
381	 7.039172e-05	 501	 iter
382	 7.039172e-05	 502	 iter
383	 7.039172e-05	 503	 iter
384	 7.039172e-05	 504	 iter
385	 7.039172e-05	 505	 iter
386	 7.039172e-05	 506	 iter
387	 7.039172e-05	 507	 iter
388	 7.039172e-05	 508	 iter
389	 6.875102e-05	 510	 iter
390	 6.599343e-05	 512	 iter
391	 6.599343e-05	 513	 iter
392	 6.599343e-05	 514	 iter
393	 6.586539e-05	 516	 iter
394	 6.586539e-05	 518	 iter
395	 6.586539e-05	 520	 iter
396	 6.567143e-05	 522	 iter
397	 6.567143e-05	 524	 iter
398	 6.567143e-05	 526	 iter
399	 6.567143e-05	 527	 iter
400	 6.500387e-05	 529	 iter
401	 6.500387e-05	 531	 iter
402	 6.500387e-05	 532	 iter
403	 6.500387e-05	 533	 iter
404	 6.500387e-05	 534	 iter
405	 6.365128e-05	 536	 iter
406	 6.365128e-05	 537	 iter
407	 6.365128e-05	 538	 iter
408	 6.365128e-05	 539	 iter
409	 6.365128e-05	 540	 iter
410	 6.365128e-05	 541	 iter
411	 6.365128e-05	 542	 iter
412	 6.365128e-05	 543	 iter
413	 6.365128e-05	 544	 iter
414	 6.365128e-05	 546	 iter
415	 6.365128e-05	 547	 iter
416	 6.365128e-05	 548	 iter
417	 6.365128e-05	 550	 iter
418	 6.365128e-05	 552	 iter
419	 6.365128e-05	 554	 iter
420	 6.365128e-05	 555	 iter
421	 6.365128e-05	 557	 iter
422	 6.365128e-05	 558	 iter
423	 6.365128e-05	 559	 iter
424	 6.365128e-05	 560	 iter
425	 6.365128e-05	 562	 iter
426	 6.365128e-05	 564	 iter
427	 6.365128e-05	 565	 iter
428	 6.365128e-05	 567	 iter
429	 6.365128e-05	 569	 iter
430	 6.365128e-05	 571	 iter
431	 6.365128e-05	 573	 iter
432	 6.365128e-05	 575	 iter
433	 6.286348e-05	 577	 iter
434	 6.286348e-05	 578	 iter
435	 6.286348e-05	 579	 iter
436	 6.286348e-05	 581	 iter
437	 6.286348e-05	 583	 iter
438	 6.286348e-05	 585	 iter
439	 6.286348e-05	 587	 iter
440	 6.286348e-05	 589	 iter
441	 6.286348e-05	 590	 iter
442	 6.286348e-05	 592	 iter
443	 6.286348e-05	 594	 iter
444	 6.286348e-05	 596	 iter
445	 6.286348e-05	 597	 iter
446	 6.286348e-05	 598	 iter
447	 6.286348e-05	 600	 iter
448	 6.286348e-05	 601	 iter
449	 6.286348e-05	 602	 iter
450	 6.286348e-05	 603	 iter
451	 6.286348e-05	 605	 iter
452	 6.286348e-05	 606	 iter
453	 6.286348e-05	 608	 iter
454	 6.236707e-05	 610	 iter
455	 6.236707e-05	 612	 iter
456	 6.236707e-05	 613	 iter
457	 6.236707e-05	 614	 iter
458	 6.236707e-05	 616	 iter
459	 6.236707e-05	 617	 iter
460	 6.236707e-05	 618	 iter
461	 6.236707e-05	 619	 iter
462	 6.236707e-05	 620	 iter
463	 6.236707e-05	 622	 iter
464	 6.236707e-05	 623	 iter
465	 6.236707e-05	 624	 iter
466	 6.236707e-05	 625	 iter
467	 6.236707e-05	 626	 iter
468	 6.236707e-05	 627	 iter
469	 6.236707e-05	 628	 iter
470	 6.236707e-05	 629	 iter
471	 6.236707e-05	 630	 iter
472	 6.236707e-05	 631	 iter
473	 6.236707e-05	 632	 iter
474	 6.236707e-05	 633	 iter
475	 6.231572e-05	 635	 iter
476	 6.231572e-05	 636	 iter
477	 6.231572e-05	 637	 iter
478	 6.231572e-05	 638	 iter
479	 6.206881e-05	 640	 iter
480	 6.206881e-05	 641	 iter
481	 6.194409e-05	 643	 iter
482	 6.194409e-05	 644	 iter
483	 6.194409e-05	 645	 iter
484	 6.185838e-05	 647	 iter
485	 6.185838e-05	 648	 iter
486	 6.185838e-05	 649	 iter
487	 6.185838e-05	 650	 iter
488	 6.185701e-05	 652	 iter
489	 6.169164e-05	 654	 iter
490	 6.169164e-05	 655	 iter
491	 6.169164e-05	 656	 iter
492	 6.127226e-05	 658	 iter
493	 6.127226e-05	 659	 iter
494	 6.127226e-05	 660	 iter
495	 6.111408e-05	 662	 iter
496	 6.042824e-05	 664	 iter
497	 6.042824e-05	 665	 iter
498	 6.042824e-05	 666	 iter
499	 6.042824e-05	 667	 iter
500	 6.042824e-05	 668	 iter
501	 6.042824e-05	 669	 iter
502	 6.042824e-05	 670	 iter
503	 6.042824e-05	 671	 iter
504	 6.042824e-05	 672	 iter
505	 6.042824e-05	 673	 iter
506	 5.928830e-05	 675	 iter
507	 5.928830e-05	 676	 iter
508	 5.928830e-05	 677	 iter
509	 5.928830e-05	 678	 iter
510	 5.928830e-05	 679	 iter
511	 5.928830e-05	 680	 iter
512	 5.928830e-05	 681	 iter
513	 5.928830e-05	 682	 iter
514	 5.928830e-05	 683	 iter
515	 5.928830e-05	 684	 iter
516	 5.927778e-05	 686	 iter
517	 5.927778e-05	 687	 iter
518	 5.927778e-05	 688	 iter
519	 5.916861e-05	 690	 iter
520	 5.916861e-05	 691	 iter
521	 5.828242e-05	 693	 iter
522	 5.828242e-05	 694	 iter
523	 5.828242e-05	 695	 iter
524	 5.828242e-05	 696	 iter
525	 5.828242e-05	 697	 iter
526	 5.765803e-05	 699	 iter
527	 5.765803e-05	 700	 iter
528	 5.765803e-05	 701	 iter
529	 5.765803e-05	 702	 iter
530	 5.765803e-05	 703	 iter
531	 5.765803e-05	 704	 iter
532	 5.765803e-05	 705	 iter
533	 5.765803e-05	 706	 iter
534	 5.746442e-05	 708	 iter
535	 5.746442e-05	 709	 iter
536	 5.686570e-05	 711	 iter
537	 5.686570e-05	 712	 iter
538	 5.670307e-05	 714	 iter
539	 5.670307e-05	 715	 iter
540	 5.670307e-05	 716	 iter
541	 5.670307e-05	 717	 iter
542	 5.670307e-05	 718	 iter
543	 5.670307e-05	 719	 iter
544	 5.670307e-05	 720	 iter
545	 5.584088e-05	 722	 iter
546	 5.584088e-05	 723	 iter
547	 5.584088e-05	 724	 iter
548	 5.584088e-05	 725	 iter
549	 5.584088e-05	 726	 iter
550	 5.584088e-05	 727	 iter
551	 5.584088e-05	 728	 iter
552	 5.584088e-05	 729	 iter
553	 5.584088e-05	 730	 iter
554	 5.584088e-05	 731	 iter
555	 5.569266e-05	 733	 iter
556	 5.556025e-05	 735	 iter
557	 5.551054e-05	 737	 iter
558	 5.551054e-05	 738	 iter
559	 5.551054e-05	 739	 iter
560	 5.551054e-05	 740	 iter
561	 5.551054e-05	 741	 iter
562	 5.551054e-05	 742	 iter
563	 5.519325e-05	 744	 iter
564	 5.519325e-05	 745	 iter
565	 5.519325e-05	 746	 iter
566	 5.499455e-05	 748	 iter
567	 5.486005e-05	 750	 iter
568	 5.486005e-05	 751	 iter
569	 5.486005e-05	 752	 iter
570	 5.447188e-05	 754	 iter
571	 5.447188e-05	 755	 iter
572	 5.447188e-05	 756	 iter
573	 5.447188e-05	 758	 iter
574	 5.447188e-05	 760	 iter
575	 5.447188e-05	 761	 iter
576	 5.447188e-05	 762	 iter
577	 5.447188e-05	 763	 iter
578	 5.447188e-05	 764	 iter
579	 5.447188e-05	 765	 iter
580	 5.447188e-05	 766	 iter
581	 5.447188e-05	 768	 iter
582	 5.447188e-05	 770	 iter
583	 5.446223e-05	 772	 iter
584	 5.428474e-05	 774	 iter
585	 5.428474e-05	 775	 iter
586	 5.410662e-05	 777	 iter
587	 5.410662e-05	 779	 iter
588	 5.410662e-05	 780	 iter
589	 5.410662e-05	 781	 iter
590	 5.401243e-05	 783	 iter
591	 5.401243e-05	 784	 iter
592	 5.401243e-05	 785	 iter
593	 5.401243e-05	 786	 iter
594	 5.401243e-05	 787	 iter
595	 5.375659e-05	 789	 iter
596	 5.375659e-05	 790	 iter
597	 5.375659e-05	 791	 iter
598	 5.375659e-05	 792	 iter
599	 5.375659e-05	 793	 iter
600	 5.375659e-05	 794	 iter
601	 5.375659e-05	 795	 iter
602	 5.370484e-05	 797	 iter
603	 5.356596e-05	 799	 iter
604	 5.356596e-05	 800	 iter
605	 5.356596e-05	 802	 iter
606	 5.356596e-05	 803	 iter
607	 5.356596e-05	 805	 iter
608	 5.356596e-05	 806	 iter
609	 5.342254e-05	 808	 iter
610	 5.342254e-05	 809	 iter
611	 5.342254e-05	 810	 iter
612	 5.341873e-05	 812	 iter
613	 5.341873e-05	 813	 iter
614	 5.328993e-05	 815	 iter
615	 5.328993e-05	 817	 iter
616	 5.328993e-05	 818	 iter
617	 5.328993e-05	 819	 iter
618	 5.328993e-05	 820	 iter
619	 5.328158e-05	 822	 iter
620	 5.328158e-05	 823	 iter
621	 5.328158e-05	 824	 iter
622	 5.328158e-05	 825	 iter
623	 5.325961e-05	 827	 iter
624	 5.308883e-05	 829	 iter
625	 5.302934e-05	 831	 iter
626	 5.302934e-05	 832	 iter
627	 5.302934e-05	 833	 iter
628	 5.302934e-05	 834	 iter
629	 5.302934e-05	 836	 iter
630	 5.302934e-05	 837	 iter
631	 5.302934e-05	 838	 iter
632	 5.265180e-05	 840	 iter
633	 5.265180e-05	 841	 iter
634	 5.265180e-05	 842	 iter
635	 5.265180e-05	 843	 iter
636	 5.265180e-05	 844	 iter
637	 5.265180e-05	 845	 iter
638	 5.265180e-05	 846	 iter
639	 5.265180e-05	 847	 iter
640	 5.263883e-05	 849	 iter
641	 5.263883e-05	 850	 iter
642	 5.263883e-05	 851	 iter
643	 5.263883e-05	 852	 iter
644	 5.263883e-05	 853	 iter
645	 5.263883e-05	 854	 iter
646	 5.253216e-05	 856	 iter
647	 5.253216e-05	 857	 iter
648	 5.242542e-05	 859	 iter
649	 5.242542e-05	 860	 iter
650	 5.242542e-05	 861	 iter
651	 5.242542e-05	 862	 iter
652	 5.216696e-05	 864	 iter
653	 5.216696e-05	 865	 iter
654	 5.216696e-05	 866	 iter
655	 5.216696e-05	 867	 iter
656	 5.216696e-05	 868	 iter
657	 5.216696e-05	 869	 iter
658	 5.209818e-05	 871	 iter
659	 5.207918e-05	 873	 iter
660	 5.207918e-05	 874	 iter
661	 5.180613e-05	 876	 iter
662	 5.180613e-05	 877	 iter
663	 5.141977e-05	 879	 iter
664	 5.141977e-05	 880	 iter
665	 5.141977e-05	 881	 iter
666	 5.141977e-05	 882	 iter
667	 5.141977e-05	 883	 iter
668	 5.141977e-05	 884	 iter
669	 5.127161e-05	 886	 iter
670	 5.127161e-05	 887	 iter
671	 5.127161e-05	 888	 iter
672	 5.127161e-05	 889	 iter
673	 5.127161e-05	 890	 iter
674	 5.119603e-05	 892	 iter
675	 5.101776e-05	 894	 iter
676	 5.087493e-05	 896	 iter
677	 5.087493e-05	 897	 iter
678	 5.025328e-05	 899	 iter
679	 5.025328e-05	 900	 iter
680	 5.025328e-05	 901	 iter
681	 5.025328e-05	 902	 iter
682	 5.025328e-05	 903	 iter
683	 5.025328e-05	 904	 iter
684	 5.025328e-05	 905	 iter
685	 5.025328e-05	 906	 iter
686	 4.970497e-05	 908	 iter
687	 4.970497e-05	 909	 iter
688	 4.970497e-05	 910	 iter
689	 4.902638e-05	 912	 iter
690	 4.902638e-05	 913	 iter
691	 4.833888e-05	 915	 iter
692	 4.833888e-05	 916	 iter
693	 4.833888e-05	 917	 iter
694	 4.833888e-05	 918	 iter
695	 4.833888e-05	 919	 iter
696	 4.833888e-05	 920	 iter
697	 4.833888e-05	 921	 iter
698	 4.833888e-05	 922	 iter
699	 4.794821e-05	 924	 iter
700	 4.794821e-05	 925	 iter
701	 4.794821e-05	 926	 iter
702	 4.760188e-05	 928	 iter
703	 4.748257e-05	 930	 iter
704	 4.649526e-05	 932	 iter
705	 4.649526e-05	 933	 iter
706	 4.649526e-05	 934	 iter
707	 4.649526e-05	 935	 iter
708	 4.649526e-05	 936	 iter
709	 4.649526e-05	 937	 iter
710	 4.649526e-05	 938	 iter
711	 4.649526e-05	 939	 iter
712	 4.649526e-05	 940	 iter
713	 4.610955e-05	 942	 iter
714	 4.610955e-05	 943	 iter
715	 4.609941e-05	 945	 iter
716	 4.490047e-05	 947	 iter
717	 4.490047e-05	 948	 iter
718	 4.490047e-05	 949	 iter
719	 4.490047e-05	 950	 iter
720	 4.490047e-05	 951	 iter
721	 4.490047e-05	 952	 iter
722	 4.490047e-05	 953	 iter
723	 4.490047e-05	 954	 iter
724	 4.490047e-05	 955	 iter
725	 4.490047e-05	 956	 iter
726	 4.490047e-05	 957	 iter
727	 4.490047e-05	 958	 iter
728	 4.490047e-05	 959	 iter
729	 4.490047e-05	 960	 iter
730	 4.490047e-05	 961	 iter
731	 4.429469e-05	 963	 iter
732	 4.429469e-05	 964	 iter
733	 4.429469e-05	 965	 iter
734	 4.429469e-05	 966	 iter
735	 4.429469e-05	 967	 iter
736	 4.411861e-05	 969	 iter
737	 4.378888e-05	 971	 iter
738	 4.378888e-05	 972	 iter
739	 4.378888e-05	 973	 iter
740	 4.378888e-05	 974	 iter
741	 4.378888e-05	 975	 iter
742	 4.378888e-05	 977	 iter
743	 4.378888e-05	 978	 iter
744	 4.375826e-05	 980	 iter
745	 4.375826e-05	 981	 iter
746	 4.375826e-05	 982	 iter
747	 4.375826e-05	 983	 iter
748	 4.375826e-05	 984	 iter
749	 4.375826e-05	 985	 iter
750	 4.371740e-05	 987	 iter
751	 4.371740e-05	 989	 iter
752	 4.371740e-05	 990	 iter
753	 4.371740e-05	 992	 iter
754	 4.371740e-05	 993	 iter
755	 4.371740e-05	 994	 iter
756	 4.371740e-05	 995	 iter
757	 4.371738e-05	 997	 iter
758	 4.347235e-05	 999	 iter
759	 4.347235e-05	 1000	 iter
760	 4.347235e-05	 1001	 iter
761	 4.347235e-05	 1002	 iter
762	 4.305682e-05	 1004	 iter
763	 4.305682e-05	 1005	 iter
764	 4.305682e-05	 1007	 iter
765	 4.305682e-05	 1009	 iter
766	 4.305682e-05	 1010	 iter
767	 4.305682e-05	 1012	 iter
768	 4.305682e-05	 1014	 iter
769	 4.305682e-05	 1016	 iter
770	 4.305682e-05	 1017	 iter
771	 4.305682e-05	 1019	 iter
772	 4.305682e-05	 1020	 iter
773	 4.305682e-05	 1021	 iter
774	 4.303767e-05	 1023	 iter
775	 4.303767e-05	 1024	 iter
776	 4.296118e-05	 1026	 iter
777	 4.296118e-05	 1027	 iter
778	 4.296118e-05	 1028	 iter
779	 4.296118e-05	 1029	 iter
780	 4.296118e-05	 1031	 iter
781	 4.296118e-05	 1033	 iter
782	 4.296118e-05	 1035	 iter
783	 4.296118e-05	 1037	 iter
784	 4.276150e-05	 1039	 iter
785	 4.276150e-05	 1040	 iter
786	 4.276150e-05	 1041	 iter
787	 4.276150e-05	 1043	 iter
788	 4.276150e-05	 1044	 iter
789	 4.276150e-05	 1045	 iter
790	 4.262521e-05	 1047	 iter
791	 4.262521e-05	 1048	 iter
792	 4.262521e-05	 1049	 iter
793	 4.262521e-05	 1050	 iter
794	 4.262521e-05	 1052	 iter
795	 4.262521e-05	 1053	 iter
796	 4.262521e-05	 1054	 iter
797	 4.257947e-05	 1056	 iter
798	 4.257947e-05	 1057	 iter
799	 4.257947e-05	 1058	 iter
800	 4.257947e-05	 1059	 iter
801	 4.257947e-05	 1060	 iter
802	 4.255222e-05	 1062	 iter
803	 4.255222e-05	 1063	 iter
804	 4.251474e-05	 1065	 iter
805	 4.251474e-05	 1066	 iter
806	 4.251474e-05	 1067	 iter
807	 4.241856e-05	 1069	 iter
808	 4.241856e-05	 1070	 iter
809	 4.241856e-05	 1072	 iter
810	 4.241856e-05	 1074	 iter
811	 4.241856e-05	 1075	 iter
812	 4.241856e-05	 1076	 iter
813	 4.241856e-05	 1078	 iter
814	 4.220158e-05	 1080	 iter
815	 4.220158e-05	 1081	 iter
816	 4.220158e-05	 1082	 iter
817	 4.220158e-05	 1083	 iter
818	 4.220158e-05	 1084	 iter
819	 4.220158e-05	 1085	 iter
820	 4.220158e-05	 1087	 iter
821	 4.220158e-05	 1088	 iter
822	 4.220158e-05	 1090	 iter
823	 4.220158e-05	 1091	 iter
824	 4.220158e-05	 1093	 iter
825	 4.220158e-05	 1094	 iter
826	 4.220158e-05	 1096	 iter
827	 4.220158e-05	 1097	 iter
828	 4.220158e-05	 1098	 iter
829	 4.219877e-05	 1100	 iter
830	 4.219877e-05	 1101	 iter
831	 4.219877e-05	 1103	 iter
832	 4.219877e-05	 1104	 iter
833	 4.219877e-05	 1105	 iter
834	 4.219877e-05	 1106	 iter
835	 4.219877e-05	 1107	 iter
836	 4.217688e-05	 1109	 iter
837	 4.217688e-05	 1110	 iter
838	 4.211614e-05	 1112	 iter
839	 4.209350e-05	 1114	 iter
840	 4.209350e-05	 1115	 iter
841	 4.202336e-05	 1117	 iter
842	 4.202336e-05	 1118	 iter
843	 4.202336e-05	 1119	 iter
844	 4.202336e-05	 1120	 iter
845	 4.202336e-05	 1121	 iter
846	 4.202336e-05	 1122	 iter
847	 4.202336e-05	 1123	 iter
848	 4.202336e-05	 1124	 iter
849	 4.202336e-05	 1125	 iter
850	 4.202336e-05	 1126	 iter
851	 4.202336e-05	 1128	 iter
852	 4.198270e-05	 1130	 iter
853	 4.198270e-05	 1131	 iter
854	 4.198270e-05	 1132	 iter
855	 4.198270e-05	 1133	 iter
856	 4.198270e-05	 1134	 iter
857	 4.198270e-05	 1135	 iter
858	 4.198270e-05	 1136	 iter
859	 4.198270e-05	 1138	 iter
860	 4.198270e-05	 1140	 iter
861	 4.198270e-05	 1141	 iter
862	 4.198270e-05	 1142	 iter
863	 4.198270e-05	 1144	 iter
864	 4.198270e-05	 1146	 iter
865	 4.198270e-05	 1148	 iter
866	 4.198270e-05	 1150	 iter
867	 4.198270e-05	 1152	 iter
868	 4.198270e-05	 1153	 iter
869	 4.198270e-05	 1154	 iter
870	 4.191270e-05	 1156	 iter
871	 4.191270e-05	 1157	 iter
872	 4.191270e-05	 1158	 iter
873	 4.191270e-05	 1160	 iter
874	 4.191270e-05	 1161	 iter
875	 4.191270e-05	 1163	 iter
876	 4.191270e-05	 1164	 iter
877	 4.191270e-05	 1165	 iter
878	 4.191270e-05	 1166	 iter
879	 4.191270e-05	 1167	 iter
880	 4.186769e-05	 1169	 iter
881	 4.186769e-05	 1170	 iter
882	 4.175963e-05	 1172	 iter
883	 4.175963e-05	 1173	 iter
884	 4.175963e-05	 1175	 iter
885	 4.175963e-05	 1176	 iter
886	 4.175963e-05	 1177	 iter
887	 4.175963e-05	 1178	 iter
888	 4.175963e-05	 1179	 iter
889	 4.175963e-05	 1180	 iter
890	 4.175963e-05	 1181	 iter
891	 4.175963e-05	 1182	 iter
892	 4.175963e-05	 1183	 iter
893	 4.175963e-05	 1184	 iter
894	 4.175963e-05	 1185	 iter
895	 4.171348e-05	 1187	 iter
896	 4.171348e-05	 1188	 iter
897	 4.171348e-05	 1189	 iter
898	 4.171348e-05	 1190	 iter
899	 4.171348e-05	 1191	 iter
900	 4.171348e-05	 1192	 iter
901	 4.165458e-05	 1194	 iter
902	 4.164748e-05	 1196	 iter
903	 4.164748e-05	 1197	 iter
904	 4.164748e-05	 1198	 iter
905	 4.164748e-05	 1199	 iter
906	 4.160783e-05	 1201	 iter
907	 4.150083e-05	 1203	 iter
908	 4.150083e-05	 1204	 iter
909	 4.150083e-05	 1205	 iter
910	 4.150083e-05	 1206	 iter
911	 4.150083e-05	 1207	 iter
912	 4.141058e-05	 1209	 iter
913	 4.141058e-05	 1210	 iter
914	 4.131104e-05	 1212	 iter
915	 4.131104e-05	 1213	 iter
916	 4.131104e-05	 1214	 iter
917	 4.131104e-05	 1215	 iter
918	 4.131104e-05	 1216	 iter
919	 4.131104e-05	 1217	 iter
920	 4.131104e-05	 1218	 iter
921	 4.116381e-05	 1220	 iter
922	 4.093047e-05	 1222	 iter
923	 4.093047e-05	 1223	 iter
924	 4.093047e-05	 1224	 iter
925	 4.093047e-05	 1225	 iter
926	 4.093047e-05	 1226	 iter
927	 4.093047e-05	 1227	 iter
928	 4.093047e-05	 1228	 iter
929	 4.082130e-05	 1230	 iter
930	 4.082130e-05	 1231	 iter
931	 4.082130e-05	 1232	 iter
932	 4.082130e-05	 1233	 iter
933	 4.082130e-05	 1234	 iter
934	 4.048014e-05	 1236	 iter
935	 4.048014e-05	 1237	 iter
936	 4.048014e-05	 1238	 iter
937	 4.048014e-05	 1239	 iter
938	 4.048014e-05	 1240	 iter
939	 4.048014e-05	 1241	 iter
940	 4.048014e-05	 1242	 iter
941	 4.048014e-05	 1243	 iter
942	 4.048014e-05	 1244	 iter
943	 4.037107e-05	 1246	 iter
944	 4.017559e-05	 1248	 iter
945	 4.017559e-05	 1249	 iter
946	 4.017559e-05	 1250	 iter
947	 4.017559e-05	 1251	 iter
948	 3.993480e-05	 1253	 iter
949	 3.993480e-05	 1254	 iter
950	 3.993480e-05	 1255	 iter
951	 3.949360e-05	 1257	 iter
952	 3.949360e-05	 1258	 iter
953	 3.949360e-05	 1259	 iter
954	 3.949360e-05	 1260	 iter
955	 3.949360e-05	 1261	 iter
956	 3.949360e-05	 1262	 iter
957	 3.949360e-05	 1263	 iter
958	 3.949360e-05	 1264	 iter
959	 3.910100e-05	 1266	 iter
960	 3.910100e-05	 1267	 iter
961	 3.910100e-05	 1268	 iter
962	 3.863135e-05	 1270	 iter
963	 3.863135e-05	 1271	 iter
964	 3.863135e-05	 1272	 iter
965	 3.863135e-05	 1273	 iter
966	 3.863135e-05	 1274	 iter
967	 3.863135e-05	 1275	 iter
968	 3.802952e-05	 1277	 iter
969	 3.802952e-05	 1278	 iter
970	 3.802952e-05	 1279	 iter
971	 3.802952e-05	 1280	 iter
972	 3.802952e-05	 1281	 iter
973	 3.731674e-05	 1283	 iter
974	 3.731674e-05	 1284	 iter
975	 3.731674e-05	 1285	 iter
976	 3.731674e-05	 1286	 iter
977	 3.731674e-05	 1287	 iter
978	 3.731674e-05	 1288	 iter
979	 3.731674e-05	 1289	 iter
980	 3.731674e-05	 1290	 iter
981	 3.722473e-05	 1292	 iter
982	 3.668395e-05	 1294	 iter
983	 3.668395e-05	 1295	 iter
984	 3.668395e-05	 1296	 iter
985	 3.639099e-05	 1298	 iter
986	 3.639099e-05	 1299	 iter
987	 3.639099e-05	 1300	 iter
988	 3.639099e-05	 1301	 iter
989	 3.621883e-05	 1303	 iter
990	 3.621883e-05	 1304	 iter
991	 3.621883e-05	 1305	 iter
992	 3.621883e-05	 1306	 iter
993	 3.621883e-05	 1307	 iter
994	 3.621883e-05	 1308	 iter
995	 3.621883e-05	 1309	 iter
996	 3.621883e-05	 1310	 iter
997	 3.621883e-05	 1312	 iter
998	 3.621883e-05	 1313	 iter
999	 3.621883e-05	 1314	 iter
1000	 3.621883e-05	 1315	 iter
1001	 3.621883e-05	 1316	 iter
1002	 3.589977e-05	 1318	 iter
1003	 3.589977e-05	 1320	 iter
1004	 3.570944e-05	 1322	 iter
1005	 3.570944e-05	 1323	 iter
1006	 3.570944e-05	 1325	 iter
1007	 3.570944e-05	 1326	 iter
1008	 3.570944e-05	 1327	 iter
1009	 3.570944e-05	 1328	 iter
1010	 3.570944e-05	 1329	 iter
1011	 3.570944e-05	 1330	 iter
1012	 3.570944e-05	 1331	 iter
1013	 3.570944e-05	 1332	 iter
1014	 3.552434e-05	 1334	 iter
1015	 3.552434e-05	 1335	 iter
1016	 3.552434e-05	 1336	 iter
1017	 3.552434e-05	 1337	 iter
1018	 3.552434e-05	 1338	 iter
1019	 3.552434e-05	 1339	 iter
1020	 3.552434e-05	 1340	 iter
1021	 3.529009e-05	 1342	 iter
1022	 3.507626e-05	 1344	 iter
1023	 3.507626e-05	 1345	 iter
1024	 3.507626e-05	 1346	 iter
1025	 3.507626e-05	 1347	 iter
1026	 3.507626e-05	 1349	 iter
1027	 3.507626e-05	 1350	 iter
1028	 3.507626e-05	 1352	 iter
1029	 3.507626e-05	 1353	 iter
1030	 3.507626e-05	 1355	 iter
1031	 3.507626e-05	 1356	 iter
1032	 3.507626e-05	 1358	 iter
1033	 3.507626e-05	 1359	 iter
1034	 3.507626e-05	 1360	 iter
1035	 3.507626e-05	 1362	 iter
1036	 3.507626e-05	 1363	 iter
1037	 3.460922e-05	 1365	 iter
1038	 3.460922e-05	 1366	 iter
1039	 3.460922e-05	 1368	 iter
1040	 3.460922e-05	 1369	 iter
1041	 3.460922e-05	 1371	 iter
1042	 3.460922e-05	 1372	 iter
1043	 3.460922e-05	 1373	 iter
1044	 3.460922e-05	 1374	 iter
1045	 3.460922e-05	 1375	 iter
1046	 3.460922e-05	 1376	 iter
1047	 3.460922e-05	 1377	 iter
1048	 3.460922e-05	 1378	 iter
1049	 3.460922e-05	 1379	 iter
1050	 3.460922e-05	 1380	 iter
1051	 3.460922e-05	 1381	 iter
1052	 3.460922e-05	 1382	 iter
1053	 3.450589e-05	 1384	 iter
1054	 3.450589e-05	 1385	 iter
1055	 3.450589e-05	 1386	 iter
1056	 3.450589e-05	 1387	 iter
1057	 3.428516e-05	 1389	 iter
1058	 3.428516e-05	 1390	 iter
1059	 3.428516e-05	 1391	 iter
1060	 3.421677e-05	 1393	 iter
1061	 3.421677e-05	 1394	 iter
1062	 3.386615e-05	 1396	 iter
1063	 3.386615e-05	 1397	 iter
1064	 3.386615e-05	 1398	 iter
1065	 3.386615e-05	 1399	 iter
1066	 3.386615e-05	 1400	 iter
1067	 3.386615e-05	 1401	 iter
1068	 3.386615e-05	 1402	 iter
1069	 3.386615e-05	 1403	 iter
1070	 3.386615e-05	 1404	 iter
1071	 3.385670e-05	 1406	 iter
1072	 3.385670e-05	 1407	 iter
1073	 3.385670e-05	 1408	 iter
1074	 3.385670e-05	 1409	 iter
1075	 3.372476e-05	 1411	 iter
1076	 3.372476e-05	 1412	 iter
1077	 3.372476e-05	 1413	 iter
1078	 3.372476e-05	 1414	 iter
1079	 3.372476e-05	 1415	 iter
1080	 3.372476e-05	 1416	 iter
1081	 3.372476e-05	 1417	 iter
1082	 3.372476e-05	 1419	 iter
1083	 3.372476e-05	 1420	 iter
1084	 3.372476e-05	 1421	 iter
1085	 3.372476e-05	 1422	 iter
1086	 3.372476e-05	 1423	 iter
1087	 3.372476e-05	 1424	 iter
1088	 3.372476e-05	 1426	 iter
1089	 3.372476e-05	 1428	 iter
1090	 3.372476e-05	 1429	 iter
1091	 3.372476e-05	 1431	 iter
1092	 3.356815e-05	 1433	 iter
1093	 3.356815e-05	 1434	 iter
1094	 3.356815e-05	 1435	 iter
1095	 3.356815e-05	 1437	 iter
1096	 3.356815e-05	 1439	 iter
1097	 3.356815e-05	 1440	 iter
1098	 3.356815e-05	 1441	 iter
1099	 3.356815e-05	 1443	 iter
1100	 3.356815e-05	 1444	 iter
1101	 3.356815e-05	 1446	 iter
1102	 3.356815e-05	 1447	 iter
1103	 3.356815e-05	 1448	 iter
1104	 3.356815e-05	 1450	 iter
1105	 3.356815e-05	 1451	 iter
1106	 3.345688e-05	 1453	 iter
1107	 3.345688e-05	 1454	 iter
1108	 3.345688e-05	 1456	 iter
1109	 3.345569e-05	 1458	 iter
1110	 3.345569e-05	 1459	 iter
1111	 3.345569e-05	 1461	 iter
1112	 3.345569e-05	 1463	 iter
1113	 3.345569e-05	 1464	 iter
1114	 3.345569e-05	 1465	 iter
1115	 3.345569e-05	 1467	 iter
1116	 3.336289e-05	 1469	 iter
1117	 3.336289e-05	 1470	 iter
1118	 3.336289e-05	 1471	 iter
1119	 3.336289e-05	 1472	 iter
1120	 3.336289e-05	 1474	 iter
1121	 3.336289e-05	 1476	 iter
1122	 3.336289e-05	 1477	 iter
1123	 3.336289e-05	 1479	 iter
1124	 3.336289e-05	 1480	 iter
1125	 3.336289e-05	 1482	 iter
1126	 3.336289e-05	 1483	 iter
1127	 3.336289e-05	 1484	 iter
1128	 3.336289e-05	 1485	 iter
1129	 3.336289e-05	 1486	 iter
1130	 3.336289e-05	 1487	 iter
1131	 3.336289e-05	 1488	 iter
1132	 3.336289e-05	 1490	 iter
1133	 3.336289e-05	 1491	 iter
1134	 3.336289e-05	 1493	 iter
1135	 3.336289e-05	 1494	 iter
1136	 3.332293e-05	 1496	 iter
1137	 3.332293e-05	 1497	 iter
1138	 3.332293e-05	 1499	 iter
1139	 3.332293e-05	 1501	 iter
1140	 3.332293e-05	 1502	 iter
1141	 3.332293e-05	 1503	 iter
1142	 3.332293e-05	 1504	 iter
1143	 3.332293e-05	 1506	 iter
1144	 3.332293e-05	 1508	 iter
1145	 3.332293e-05	 1509	 iter
1146	 3.332293e-05	 1510	 iter
1147	 3.332293e-05	 1511	 iter
1148	 3.332293e-05	 1512	 iter
1149	 3.332293e-05	 1514	 iter
1150	 3.330484e-05	 1516	 iter
1151	 3.330484e-05	 1517	 iter
1152	 3.330484e-05	 1518	 iter
1153	 3.330484e-05	 1519	 iter
1154	 3.330484e-05	 1520	 iter
1155	 3.330484e-05	 1522	 iter
1156	 3.330484e-05	 1523	 iter
1157	 3.330484e-05	 1524	 iter
1158	 3.330484e-05	 1525	 iter
1159	 3.330484e-05	 1527	 iter
1160	 3.330484e-05	 1528	 iter
1161	 3.328049e-05	 1530	 iter
1162	 3.328049e-05	 1532	 iter
1163	 3.328049e-05	 1533	 iter
1164	 3.328049e-05	 1534	 iter
1165	 3.328049e-05	 1536	 iter
1166	 3.328049e-05	 1538	 iter
1167	 3.328049e-05	 1539	 iter
1168	 3.328049e-05	 1541	 iter
1169	 3.328049e-05	 1543	 iter
1170	 3.328049e-05	 1544	 iter
1171	 3.328049e-05	 1546	 iter
1172	 3.327837e-05	 1548	 iter
1173	 3.327837e-05	 1549	 iter
1174	 3.327837e-05	 1550	 iter
1175	 3.327837e-05	 1552	 iter
1176	 3.327837e-05	 1554	 iter
1177	 3.327837e-05	 1555	 iter
1178	 3.327798e-05	 1557	 iter
1179	 3.326802e-05	 1559	 iter
1180	 3.326802e-05	 1560	 iter
1181	 3.326802e-05	 1561	 iter
1182	 3.326802e-05	 1562	 iter
1183	 3.326657e-05	 1564	 iter
1184	 3.326248e-05	 1566	 iter
1185	 3.326248e-05	 1567	 iter
1186	 3.326248e-05	 1569	 iter
1187	 3.326248e-05	 1570	 iter
1188	 3.325850e-05	 1572	 iter
1189	 3.325850e-05	 1573	 iter
1190	 3.325427e-05	 1575	 iter
1191	 3.325427e-05	 1576	 iter
1192	 3.325427e-05	 1577	 iter
1193	 3.325427e-05	 1578	 iter
1194	 3.325427e-05	 1579	 iter
1195	 3.325427e-05	 1580	 iter
1196	 3.325427e-05	 1581	 iter
1197	 3.325427e-05	 1583	 iter
1198	 3.325427e-05	 1585	 iter
1199	 3.325008e-05	 1587	 iter
1200	 3.324748e-05	 1589	 iter
1201	 3.324748e-05	 1590	 iter
1202	 3.324748e-05	 1591	 iter
1203	 3.324748e-05	 1592	 iter
1204	 3.324748e-05	 1593	 iter
1205	 3.324748e-05	 1594	 iter
1206	 3.324748e-05	 1595	 iter
1207	 3.324748e-05	 1597	 iter
1208	 3.324066e-05	 1599	 iter
1209	 3.324066e-05	 1600	 iter
1210	 3.324066e-05	 1601	 iter
1211	 3.324066e-05	 1602	 iter
1212	 3.324021e-05	 1604	 iter
1213	 3.324021e-05	 1605	 iter
1214	 3.323932e-05	 1607	 iter
1215	 3.322757e-05	 1609	 iter
1216	 3.322757e-05	 1611	 iter
1217	 3.322757e-05	 1612	 iter
1218	 3.322757e-05	 1613	 iter
1219	 3.322757e-05	 1614	 iter
1220	 3.322757e-05	 1616	 iter
1221	 3.322757e-05	 1617	 iter
1222	 3.322757e-05	 1618	 iter
1223	 3.322757e-05	 1620	 iter
1224	 3.322757e-05	 1621	 iter
1225	 3.322757e-05	 1622	 iter
1226	 3.322757e-05	 1623	 iter
1227	 3.322635e-05	 1625	 iter
1228	 3.322635e-05	 1626	 iter
1229	 3.322621e-05	 1628	 iter
1230	 3.322621e-05	 1629	 iter
1231	 3.322332e-05	 1631	 iter
1232	 3.322144e-05	 1633	 iter
1233	 3.322144e-05	 1634	 iter
1234	 3.322144e-05	 1635	 iter
1235	 3.322144e-05	 1636	 iter
1236	 3.322144e-05	 1637	 iter
1237	 3.322144e-05	 1638	 iter
1238	 3.319988e-05	 1640	 iter
1239	 3.319988e-05	 1641	 iter
1240	 3.319988e-05	 1642	 iter
1241	 3.319988e-05	 1643	 iter
1242	 3.319988e-05	 1644	 iter
1243	 3.319988e-05	 1645	 iter
1244	 3.319988e-05	 1646	 iter
1245	 3.319988e-05	 1647	 iter
1246	 3.319988e-05	 1648	 iter
1247	 3.319988e-05	 1649	 iter
1248	 3.319988e-05	 1650	 iter
1249	 3.319988e-05	 1651	 iter
1250	 3.318253e-05	 1653	 iter
1251	 3.318253e-05	 1654	 iter
1252	 3.318253e-05	 1655	 iter
1253	 3.318253e-05	 1656	 iter
1254	 3.318253e-05	 1657	 iter
1255	 3.317660e-05	 1659	 iter
1256	 3.317660e-05	 1660	 iter
1257	 3.317660e-05	 1661	 iter
1258	 3.317660e-05	 1662	 iter
1259	 3.317660e-05	 1663	 iter
1260	 3.317660e-05	 1664	 iter
1261	 3.315984e-05	 1666	 iter
1262	 3.315984e-05	 1667	 iter
1263	 3.314241e-05	 1669	 iter
1264	 3.314241e-05	 1670	 iter
1265	 3.314241e-05	 1671	 iter
1266	 3.314241e-05	 1672	 iter
1267	 3.311602e-05	 1674	 iter
1268	 3.311602e-05	 1675	 iter
1269	 3.311602e-05	 1676	 iter
1270	 3.311602e-05	 1677	 iter
1271	 3.311602e-05	 1678	 iter
1272	 3.311602e-05	 1679	 iter
1273	 3.311602e-05	 1680	 iter
1274	 3.309542e-05	 1682	 iter
1275	 3.309542e-05	 1683	 iter
1276	 3.309542e-05	 1684	 iter
1277	 3.309542e-05	 1685	 iter
1278	 3.309542e-05	 1686	 iter
1279	 3.309542e-05	 1687	 iter
1280	 3.307561e-05	 1689	 iter
1281	 3.307561e-05	 1690	 iter
1282	 3.307561e-05	 1691	 iter
1283	 3.305383e-05	 1693	 iter
1284	 3.305383e-05	 1694	 iter
1285	 3.305383e-05	 1695	 iter
1286	 3.304111e-05	 1697	 iter
1287	 3.304111e-05	 1698	 iter
1288	 3.296234e-05	 1700	 iter
1289	 3.296234e-05	 1701	 iter
1290	 3.296234e-05	 1702	 iter
1291	 3.296234e-05	 1703	 iter
1292	 3.296234e-05	 1704	 iter
1293	 3.296234e-05	 1705	 iter
1294	 3.296234e-05	 1706	 iter
1295	 3.296234e-05	 1707	 iter
1296	 3.296234e-05	 1708	 iter
1297	 3.296234e-05	 1709	 iter
1298	 3.296234e-05	 1710	 iter
1299	 3.296234e-05	 1711	 iter
1300	 3.288668e-05	 1713	 iter
1301	 3.288668e-05	 1714	 iter
1302	 3.288668e-05	 1715	 iter
1303	 3.288668e-05	 1716	 iter
1304	 3.288668e-05	 1717	 iter
1305	 3.288668e-05	 1718	 iter
1306	 3.288668e-05	 1719	 iter
1307	 3.288668e-05	 1720	 iter
1308	 3.288668e-05	 1721	 iter
1309	 3.288668e-05	 1722	 iter
1310	 3.287677e-05	 1724	 iter
1311	 3.287344e-05	 1726	 iter
1312	 3.285268e-05	 1728	 iter
1313	 3.276891e-05	 1730	 iter
1314	 3.276891e-05	 1731	 iter
1315	 3.276891e-05	 1732	 iter
1316	 3.276891e-05	 1733	 iter
1317	 3.276891e-05	 1734	 iter
1318	 3.276891e-05	 1735	 iter
1319	 3.276891e-05	 1736	 iter
1320	 3.265144e-05	 1738	 iter
1321	 3.265144e-05	 1739	 iter
1322	 3.265144e-05	 1740	 iter
1323	 3.265144e-05	 1741	 iter
1324	 3.265144e-05	 1742	 iter
1325	 3.265144e-05	 1743	 iter
1326	 3.254662e-05	 1745	 iter
1327	 3.254662e-05	 1746	 iter
1328	 3.254662e-05	 1747	 iter
1329	 3.254662e-05	 1748	 iter
1330	 3.254662e-05	 1749	 iter
1331	 3.254662e-05	 1750	 iter
1332	 3.254662e-05	 1751	 iter
1333	 3.254662e-05	 1752	 iter
1334	 3.254662e-05	 1753	 iter
1335	 3.254662e-05	 1754	 iter
1336	 3.243669e-05	 1756	 iter
1337	 3.243669e-05	 1757	 iter
1338	 3.228827e-05	 1759	 iter
1339	 3.228827e-05	 1760	 iter
1340	 3.228827e-05	 1761	 iter
1341	 3.228827e-05	 1762	 iter
1342	 3.228827e-05	 1763	 iter
1343	 3.228827e-05	 1764	 iter
1344	 3.228827e-05	 1765	 iter
1345	 3.228827e-05	 1766	 iter
1346	 3.228827e-05	 1767	 iter
1347	 3.228827e-05	 1768	 iter
1348	 3.228827e-05	 1769	 iter
1349	 3.213102e-05	 1771	 iter
1350	 3.213102e-05	 1772	 iter
1351	 3.213102e-05	 1773	 iter
1352	 3.213102e-05	 1774	 iter
1353	 3.213102e-05	 1775	 iter
1354	 3.200217e-05	 1777	 iter
1355	 3.200217e-05	 1778	 iter
1356	 3.200217e-05	 1779	 iter
1357	 3.200217e-05	 1780	 iter
1358	 3.200217e-05	 1781	 iter
1359	 3.200217e-05	 1782	 iter
1360	 3.185969e-05	 1784	 iter
1361	 3.185969e-05	 1785	 iter
1362	 3.185969e-05	 1786	 iter
1363	 3.185969e-05	 1787	 iter
1364	 3.172195e-05	 1789	 iter
1365	 3.172195e-05	 1790	 iter
1366	 3.172195e-05	 1791	 iter
1367	 3.172195e-05	 1792	 iter
1368	 3.172195e-05	 1793	 iter
1369	 3.172195e-05	 1794	 iter
1370	 3.172195e-05	 1795	 iter
1371	 3.172195e-05	 1796	 iter
1372	 3.159336e-05	 1798	 iter
1373	 3.143381e-05	 1800	 iter
1374	 3.143381e-05	 1801	 iter
1375	 3.143381e-05	 1802	 iter
1376	 3.143381e-05	 1803	 iter
1377	 3.143381e-05	 1804	 iter
1378	 3.143381e-05	 1805	 iter
1379	 3.143381e-05	 1806	 iter
1380	 3.143381e-05	 1807	 iter
1381	 3.143381e-05	 1808	 iter
1382	 3.143381e-05	 1809	 iter
1383	 3.143381e-05	 1810	 iter
1384	 3.132728e-05	 1812	 iter
1385	 3.132728e-05	 1813	 iter
1386	 3.132728e-05	 1814	 iter
1387	 3.132728e-05	 1815	 iter
1388	 3.128792e-05	 1817	 iter
1389	 3.128792e-05	 1818	 iter
1390	 3.128792e-05	 1819	 iter
1391	 3.128008e-05	 1821	 iter
1392	 3.128008e-05	 1822	 iter
1393	 3.128008e-05	 1823	 iter
1394	 3.128008e-05	 1824	 iter
1395	 3.127411e-05	 1826	 iter
1396	 3.127411e-05	 1827	 iter
1397	 3.127262e-05	 1829	 iter
1398	 3.120119e-05	 1831	 iter
1399	 3.120119e-05	 1832	 iter
1400	 3.120119e-05	 1833	 iter
1401	 3.120119e-05	 1834	 iter
1402	 3.120119e-05	 1836	 iter
1403	 3.118436e-05	 1838	 iter
1404	 3.102684e-05	 1840	 iter
1405	 3.102684e-05	 1841	 iter
1406	 3.102684e-05	 1842	 iter
1407	 3.102684e-05	 1844	 iter
1408	 3.102684e-05	 1845	 iter
1409	 3.102684e-05	 1846	 iter
1410	 3.102684e-05	 1847	 iter
1411	 3.102684e-05	 1848	 iter
1412	 3.102684e-05	 1850	 iter
1413	 3.098160e-05	 1852	 iter
1414	 3.098160e-05	 1853	 iter
1415	 3.098160e-05	 1854	 iter
1416	 3.098160e-05	 1855	 iter
1417	 3.087210e-05	 1857	 iter
1418	 3.087210e-05	 1858	 iter
1419	 3.087210e-05	 1859	 iter
1420	 3.087210e-05	 1860	 iter
1421	 3.087210e-05	 1861	 iter
1422	 3.087210e-05	 1862	 iter
1423	 3.087127e-05	 1864	 iter
1424	 3.087127e-05	 1865	 iter
1425	 3.086694e-05	 1867	 iter
1426	 3.079630e-05	 1869	 iter
1427	 3.079630e-05	 1870	 iter
1428	 3.079630e-05	 1871	 iter
1429	 3.068674e-05	 1873	 iter
1430	 3.068674e-05	 1874	 iter
1431	 3.068674e-05	 1875	 iter
1432	 3.068674e-05	 1876	 iter
1433	 3.068674e-05	 1877	 iter
1434	 3.067318e-05	 1879	 iter
1435	 3.067182e-05	 1881	 iter
1436	 3.067182e-05	 1882	 iter
1437	 3.067182e-05	 1883	 iter
1438	 3.067182e-05	 1884	 iter
1439	 3.067182e-05	 1885	 iter
1440	 3.062442e-05	 1887	 iter
1441	 3.062442e-05	 1888	 iter
1442	 3.062442e-05	 1889	 iter
1443	 3.053531e-05	 1891	 iter
1444	 3.053531e-05	 1892	 iter
1445	 3.053531e-05	 1893	 iter
1446	 3.039971e-05	 1895	 iter
1447	 3.039971e-05	 1896	 iter
1448	 3.039971e-05	 1897	 iter
1449	 3.039971e-05	 1898	 iter
1450	 3.039971e-05	 1900	 iter
1451	 3.039971e-05	 1901	 iter
1452	 3.039971e-05	 1902	 iter
1453	 3.039971e-05	 1903	 iter
1454	 3.036927e-05	 1905	 iter
1455	 3.036927e-05	 1906	 iter
1456	 3.036927e-05	 1907	 iter
1457	 3.034678e-05	 1909	 iter
1458	 3.033462e-05	 1911	 iter
1459	 3.033462e-05	 1912	 iter
1460	 3.033462e-05	 1913	 iter
1461	 3.033462e-05	 1914	 iter
1462	 3.028009e-05	 1916	 iter
1463	 3.028009e-05	 1917	 iter
1464	 3.019882e-05	 1919	 iter
1465	 3.019882e-05	 1920	 iter
1466	 3.012557e-05	 1922	 iter
1467	 3.012557e-05	 1923	 iter
1468	 3.012557e-05	 1924	 iter
1469	 3.012557e-05	 1925	 iter
1470	 3.004328e-05	 1927	 iter
1471	 3.004328e-05	 1928	 iter
1472	 3.004328e-05	 1929	 iter
1473	 3.004328e-05	 1930	 iter
1474	 3.004328e-05	 1931	 iter
1475	 3.004328e-05	 1932	 iter
1476	 3.002263e-05	 1934	 iter
1477	 3.002263e-05	 1935	 iter
1478	 3.002263e-05	 1936	 iter
1479	 2.997161e-05	 1938	 iter
1480	 2.990783e-05	 1940	 iter
1481	 2.990783e-05	 1941	 iter
1482	 2.990783e-05	 1942	 iter
1483	 2.985647e-05	 1944	 iter
1484	 2.983498e-05	 1946	 iter
1485	 2.983498e-05	 1947	 iter
1486	 2.983498e-05	 1948	 iter
1487	 2.983498e-05	 1949	 iter
1488	 2.983498e-05	 1950	 iter
1489	 2.983288e-05	 1952	 iter
1490	 2.983288e-05	 1953	 iter
1491	 2.983288e-05	 1954	 iter
1492	 2.973539e-05	 1956	 iter
1493	 2.973539e-05	 1957	 iter
1494	 2.973217e-05	 1959	 iter
1495	 2.970724e-05	 1961	 iter
1496	 2.970724e-05	 1962	 iter
1497	 2.964866e-05	 1964	 iter
1498	 2.964866e-05	 1965	 iter
1499	 2.964866e-05	 1966	 iter
1500	 2.964866e-05	 1967	 iter
1501	 2.964866e-05	 1968	 iter
1502	 2.964866e-05	 1969	 iter
1503	 2.964866e-05	 1970	 iter
1504	 2.964866e-05	 1971	 iter
1505	 2.964866e-05	 1972	 iter
1506	 2.964866e-05	 1973	 iter
1507	 2.941726e-05	 1975	 iter
1508	 2.941726e-05	 1976	 iter
1509	 2.941726e-05	 1977	 iter
1510	 2.941726e-05	 1978	 iter
1511	 2.941726e-05	 1979	 iter
1512	 2.941726e-05	 1980	 iter
1513	 2.941726e-05	 1981	 iter
1514	 2.941726e-05	 1982	 iter
1515	 2.941726e-05	 1983	 iter
1516	 2.941726e-05	 1984	 iter
1517	 2.937347e-05	 1986	 iter
1518	 2.937347e-05	 1987	 iter
1519	 2.937347e-05	 1988	 iter
1520	 2.937347e-05	 1989	 iter
1521	 2.926640e-05	 1991	 iter
1522	 2.926640e-05	 1992	 iter
1523	 2.926640e-05	 1993	 iter
1524	 2.926640e-05	 1994	 iter
1525	 2.926640e-05	 1995	 iter
1526	 2.898809e-05	 1997	 iter
1527	 2.898809e-05	 1998	 iter
1528	 2.898809e-05	 1999	 iter
1529	 2.898809e-05	 2000	 iter
1530	 2.898809e-05	 2001	 iter
1531	 2.898809e-05	 2002	 iter
1532	 2.898809e-05	 2003	 iter
1533	 2.898809e-05	 2004	 iter
1534	 2.898809e-05	 2005	 iter
1535	 2.898809e-05	 2006	 iter
1536	 2.898809e-05	 2007	 iter
1537	 2.898809e-05	 2008	 iter
1538	 2.898809e-05	 2009	 iter
1539	 2.898809e-05	 2010	 iter
1540	 2.898809e-05	 2011	 iter
1541	 2.897949e-05	 2013	 iter
1542	 2.893832e-05	 2015	 iter
1543	 2.886540e-05	 2017	 iter
1544	 2.886540e-05	 2018	 iter
1545	 2.886540e-05	 2019	 iter
1546	 2.883454e-05	 2021	 iter
1547	 2.883454e-05	 2022	 iter
1548	 2.883454e-05	 2023	 iter
1549	 2.879661e-05	 2025	 iter
1550	 2.877017e-05	 2027	 iter
1551	 2.877017e-05	 2028	 iter
1552	 2.877017e-05	 2029	 iter
1553	 2.877017e-05	 2030	 iter
1554	 2.867227e-05	 2032	 iter
1555	 2.867227e-05	 2033	 iter
1556	 2.856698e-05	 2035	 iter
1557	 2.856698e-05	 2036	 iter
1558	 2.853576e-05	 2038	 iter
1559	 2.853576e-05	 2039	 iter
1560	 2.853576e-05	 2040	 iter
1561	 2.842937e-05	 2042	 iter
1562	 2.842937e-05	 2043	 iter
1563	 2.842937e-05	 2044	 iter
1564	 2.842937e-05	 2045	 iter
1565	 2.815224e-05	 2047	 iter
1566	 2.815224e-05	 2048	 iter
1567	 2.815224e-05	 2049	 iter
1568	 2.815224e-05	 2050	 iter
1569	 2.815224e-05	 2051	 iter
1570	 2.815224e-05	 2052	 iter
1571	 2.815224e-05	 2053	 iter
1572	 2.811977e-05	 2055	 iter
1573	 2.794514e-05	 2057	 iter
1574	 2.794514e-05	 2058	 iter
1575	 2.794514e-05	 2059	 iter
1576	 2.794514e-05	 2060	 iter
1577	 2.794514e-05	 2061	 iter
1578	 2.786085e-05	 2063	 iter
1579	 2.786085e-05	 2064	 iter
1580	 2.786085e-05	 2065	 iter
1581	 2.786085e-05	 2066	 iter
1582	 2.774868e-05	 2068	 iter
1583	 2.765965e-05	 2070	 iter
1584	 2.765965e-05	 2071	 iter
1585	 2.760424e-05	 2073	 iter
1586	 2.760424e-05	 2074	 iter
1587	 2.760424e-05	 2075	 iter
1588	 2.760424e-05	 2076	 iter
1589	 2.745430e-05	 2078	 iter
1590	 2.745430e-05	 2079	 iter
1591	 2.745430e-05	 2080	 iter
1592	 2.738513e-05	 2082	 iter
1593	 2.738513e-05	 2083	 iter
1594	 2.738513e-05	 2084	 iter
1595	 2.738513e-05	 2085	 iter
1596	 2.738513e-05	 2086	 iter
1597	 2.738513e-05	 2087	 iter
1598	 2.714598e-05	 2089	 iter
1599	 2.714598e-05	 2090	 iter
1600	 2.714598e-05	 2091	 iter
1601	 2.714598e-05	 2092	 iter
1602	 2.714598e-05	 2093	 iter
1603	 2.714598e-05	 2094	 iter
1604	 2.714598e-05	 2095	 iter
1605	 2.693226e-05	 2097	 iter
1606	 2.693226e-05	 2098	 iter
1607	 2.693226e-05	 2099	 iter
1608	 2.693226e-05	 2100	 iter
1609	 2.689266e-05	 2102	 iter
1610	 2.689266e-05	 2103	 iter
1611	 2.689266e-05	 2104	 iter
1612	 2.689266e-05	 2105	 iter
1613	 2.689266e-05	 2106	 iter
1614	 2.686191e-05	 2108	 iter
1615	 2.686191e-05	 2109	 iter
1616	 2.686191e-05	 2110	 iter
1617	 2.681518e-05	 2112	 iter
1618	 2.681518e-05	 2113	 iter
1619	 2.679062e-05	 2115	 iter
1620	 2.677553e-05	 2117	 iter
1621	 2.677553e-05	 2118	 iter
1622	 2.669120e-05	 2120	 iter
1623	 2.664699e-05	 2122	 iter
1624	 2.664699e-05	 2123	 iter
1625	 2.659643e-05	 2125	 iter
1626	 2.659643e-05	 2126	 iter
1627	 2.659643e-05	 2127	 iter
1628	 2.659643e-05	 2129	 iter
1629	 2.659643e-05	 2131	 iter
1630	 2.648474e-05	 2133	 iter
1631	 2.648474e-05	 2134	 iter
1632	 2.648474e-05	 2135	 iter
1633	 2.648474e-05	 2136	 iter
1634	 2.648474e-05	 2137	 iter
1635	 2.648474e-05	 2138	 iter
1636	 2.648474e-05	 2139	 iter
1637	 2.644345e-05	 2141	 iter
1638	 2.644345e-05	 2142	 iter
1639	 2.644345e-05	 2143	 iter
1640	 2.644345e-05	 2145	 iter
1641	 2.644345e-05	 2147	 iter
1642	 2.644345e-05	 2148	 iter
1643	 2.644345e-05	 2150	 iter
1644	 2.644345e-05	 2151	 iter
1645	 2.644345e-05	 2152	 iter
1646	 2.630210e-05	 2154	 iter
1647	 2.630210e-05	 2155	 iter
1648	 2.630210e-05	 2156	 iter
1649	 2.630210e-05	 2157	 iter
1650	 2.630210e-05	 2159	 iter
1651	 2.630210e-05	 2161	 iter
1652	 2.630210e-05	 2162	 iter
1653	 2.630210e-05	 2163	 iter
1654	 2.630210e-05	 2165	 iter
1655	 2.630210e-05	 2166	 iter
1656	 2.630210e-05	 2167	 iter
1657	 2.630210e-05	 2169	 iter
1658	 2.630210e-05	 2171	 iter
1659	 2.630210e-05	 2172	 iter
1660	 2.630210e-05	 2173	 iter
1661	 2.630210e-05	 2174	 iter
1662	 2.630210e-05	 2175	 iter
1663	 2.629072e-05	 2177	 iter
1664	 2.629072e-05	 2178	 iter
1665	 2.629072e-05	 2180	 iter
1666	 2.629072e-05	 2182	 iter
1667	 2.620256e-05	 2184	 iter
1668	 2.618849e-05	 2186	 iter
1669	 2.618849e-05	 2187	 iter
1670	 2.618849e-05	 2189	 iter
1671	 2.618849e-05	 2190	 iter
1672	 2.618849e-05	 2191	 iter
1673	 2.618849e-05	 2192	 iter
1674	 2.618849e-05	 2193	 iter
1675	 2.618849e-05	 2194	 iter
1676	 2.614979e-05	 2196	 iter
1677	 2.614979e-05	 2198	 iter
1678	 2.614979e-05	 2200	 iter
1679	 2.614979e-05	 2202	 iter
1680	 2.614979e-05	 2203	 iter
1681	 2.614979e-05	 2204	 iter
1682	 2.614979e-05	 2206	 iter
1683	 2.614979e-05	 2207	 iter
1684	 2.614979e-05	 2208	 iter
1685	 2.614979e-05	 2209	 iter
1686	 2.614848e-05	 2211	 iter
1687	 2.614848e-05	 2212	 iter
1688	 2.614848e-05	 2213	 iter
1689	 2.614848e-05	 2214	 iter
1690	 2.613173e-05	 2216	 iter
1691	 2.613173e-05	 2217	 iter
1692	 2.613173e-05	 2218	 iter
1693	 2.610238e-05	 2220	 iter
1694	 2.610238e-05	 2221	 iter
1695	 2.610238e-05	 2222	 iter
1696	 2.609258e-05	 2224	 iter
1697	 2.608894e-05	 2226	 iter
1698	 2.608894e-05	 2227	 iter
1699	 2.608894e-05	 2228	 iter
1700	 2.608894e-05	 2229	 iter
1701	 2.608894e-05	 2230	 iter
1702	 2.608894e-05	 2231	 iter
1703	 2.608894e-05	 2233	 iter
1704	 2.608894e-05	 2234	 iter
1705	 2.605760e-05	 2236	 iter
1706	 2.605760e-05	 2238	 iter
1707	 2.605760e-05	 2239	 iter
1708	 2.603091e-05	 2241	 iter
1709	 2.603091e-05	 2242	 iter
1710	 2.603091e-05	 2243	 iter
1711	 2.603091e-05	 2244	 iter
1712	 2.603091e-05	 2245	 iter
1713	 2.603091e-05	 2246	 iter
1714	 2.603091e-05	 2248	 iter
1715	 2.603091e-05	 2249	 iter
1716	 2.603091e-05	 2250	 iter
1717	 2.603091e-05	 2251	 iter
1718	 2.602940e-05	 2253	 iter
1719	 2.602940e-05	 2254	 iter
1720	 2.599733e-05	 2256	 iter
1721	 2.599733e-05	 2257	 iter
1722	 2.599733e-05	 2259	 iter
1723	 2.599733e-05	 2260	 iter
1724	 2.599733e-05	 2261	 iter
1725	 2.599733e-05	 2262	 iter
1726	 2.597125e-05	 2264	 iter
1727	 2.597125e-05	 2265	 iter
1728	 2.597125e-05	 2266	 iter
1729	 2.597125e-05	 2267	 iter
1730	 2.597125e-05	 2268	 iter
1731	 2.597125e-05	 2269	 iter
1732	 2.597125e-05	 2270	 iter
1733	 2.597125e-05	 2271	 iter
1734	 2.597125e-05	 2272	 iter
1735	 2.596404e-05	 2274	 iter
1736	 2.596404e-05	 2275	 iter
1737	 2.596404e-05	 2276	 iter
1738	 2.596404e-05	 2277	 iter
1739	 2.595696e-05	 2279	 iter
1740	 2.595696e-05	 2280	 iter
1741	 2.595696e-05	 2281	 iter
1742	 2.595696e-05	 2283	 iter
1743	 2.595696e-05	 2284	 iter
1744	 2.595696e-05	 2285	 iter
1745	 2.595184e-05	 2287	 iter
1746	 2.595184e-05	 2288	 iter
1747	 2.595184e-05	 2289	 iter
1748	 2.593351e-05	 2291	 iter
1749	 2.593351e-05	 2293	 iter
1750	 2.593351e-05	 2295	 iter
1751	 2.593351e-05	 2297	 iter
1752	 2.593351e-05	 2298	 iter
1753	 2.593351e-05	 2299	 iter
1754	 2.593351e-05	 2300	 iter
1755	 2.593351e-05	 2302	 iter
1756	 2.593351e-05	 2303	 iter
1757	 2.593351e-05	 2304	 iter
1758	 2.593351e-05	 2305	 iter
1759	 2.593351e-05	 2307	 iter
1760	 2.593351e-05	 2308	 iter
1761	 2.593351e-05	 2309	 iter
1762	 2.593351e-05	 2310	 iter
1763	 2.591452e-05	 2312	 iter
1764	 2.591452e-05	 2313	 iter
1765	 2.591452e-05	 2314	 iter
1766	 2.591452e-05	 2316	 iter
1767	 2.591452e-05	 2317	 iter
1768	 2.591452e-05	 2318	 iter
1769	 2.591452e-05	 2320	 iter
1770	 2.591452e-05	 2322	 iter
1771	 2.591452e-05	 2323	 iter
1772	 2.591452e-05	 2324	 iter
1773	 2.591298e-05	 2326	 iter
1774	 2.591298e-05	 2327	 iter
1775	 2.591298e-05	 2328	 iter
1776	 2.591298e-05	 2330	 iter
1777	 2.591298e-05	 2331	 iter
1778	 2.591298e-05	 2333	 iter
1779	 2.591298e-05	 2334	 iter
1780	 2.591298e-05	 2335	 iter
1781	 2.591298e-05	 2336	 iter
1782	 2.591298e-05	 2337	 iter
1783	 2.590414e-05	 2339	 iter
1784	 2.590414e-05	 2340	 iter
1785	 2.590414e-05	 2341	 iter
1786	 2.590062e-05	 2343	 iter
1787	 2.590062e-05	 2345	 iter
1788	 2.590062e-05	 2347	 iter
1789	 2.590062e-05	 2348	 iter
1790	 2.590062e-05	 2350	 iter
1791	 2.590062e-05	 2351	 iter
1792	 2.590062e-05	 2352	 iter
1793	 2.590062e-05	 2353	 iter
1794	 2.590062e-05	 2354	 iter
1795	 2.590062e-05	 2356	 iter
1796	 2.590062e-05	 2357	 iter
1797	 2.590062e-05	 2358	 iter
1798	 2.590062e-05	 2359	 iter
1799	 2.590062e-05	 2360	 iter
1800	 2.590062e-05	 2362	 iter
1801	 2.590062e-05	 2363	 iter
1802	 2.589551e-05	 2365	 iter
1803	 2.589551e-05	 2366	 iter
1804	 2.589551e-05	 2367	 iter
1805	 2.589313e-05	 2369	 iter
1806	 2.589313e-05	 2370	 iter
1807	 2.589313e-05	 2371	 iter
1808	 2.589313e-05	 2372	 iter
1809	 2.589313e-05	 2373	 iter
1810	 2.589313e-05	 2375	 iter
1811	 2.589313e-05	 2376	 iter
1812	 2.589313e-05	 2377	 iter
1813	 2.589313e-05	 2378	 iter
1814	 2.589313e-05	 2379	 iter
1815	 2.589313e-05	 2381	 iter
1816	 2.588881e-05	 2383	 iter
1817	 2.588881e-05	 2385	 iter
1818	 2.588881e-05	 2386	 iter
1819	 2.588881e-05	 2388	 iter
1820	 2.588881e-05	 2389	 iter
1821	 2.588881e-05	 2390	 iter
1822	 2.588881e-05	 2391	 iter
1823	 2.588881e-05	 2393	 iter
1824	 2.588881e-05	 2394	 iter
1825	 2.588881e-05	 2396	 iter
1826	 2.588881e-05	 2397	 iter
1827	 2.588881e-05	 2398	 iter
1828	 2.588881e-05	 2399	 iter
1829	 2.588881e-05	 2400	 iter
1830	 2.588881e-05	 2401	 iter
1831	 2.588881e-05	 2402	 iter
1832	 2.588881e-05	 2404	 iter
1833	 2.588881e-05	 2406	 iter
1834	 2.588748e-05	 2408	 iter
1835	 2.588748e-05	 2409	 iter
1836	 2.588748e-05	 2410	 iter
1837	 2.588748e-05	 2411	 iter
1838	 2.588642e-05	 2413	 iter
1839	 2.588527e-05	 2415	 iter
1840	 2.588527e-05	 2416	 iter
1841	 2.588374e-05	 2418	 iter
1842	 2.588374e-05	 2419	 iter
1843	 2.588374e-05	 2420	 iter
1844	 2.588374e-05	 2422	 iter
1845	 2.588374e-05	 2423	 iter
1846	 2.588374e-05	 2424	 iter
1847	 2.588374e-05	 2426	 iter
1848	 2.588374e-05	 2427	 iter
1849	 2.588374e-05	 2428	 iter
1850	 2.588374e-05	 2429	 iter
1851	 2.588374e-05	 2430	 iter
1852	 2.588374e-05	 2432	 iter
1853	 2.588374e-05	 2433	 iter
1854	 2.588374e-05	 2435	 iter
1855	 2.587958e-05	 2437	 iter
1856	 2.587958e-05	 2438	 iter
1857	 2.587958e-05	 2439	 iter
1858	 2.587958e-05	 2440	 iter
1859	 2.587958e-05	 2441	 iter
1860	 2.587958e-05	 2442	 iter
1861	 2.587933e-05	 2444	 iter
1862	 2.587933e-05	 2446	 iter
1863	 2.587933e-05	 2448	 iter
1864	 2.587933e-05	 2449	 iter
1865	 2.587933e-05	 2450	 iter
1866	 2.587933e-05	 2451	 iter
1867	 2.587933e-05	 2452	 iter
1868	 2.587811e-05	 2454	 iter
1869	 2.587296e-05	 2456	 iter
1870	 2.587296e-05	 2457	 iter
1871	 2.587296e-05	 2458	 iter
1872	 2.587296e-05	 2459	 iter
1873	 2.587296e-05	 2460	 iter
1874	 2.587296e-05	 2461	 iter
1875	 2.587296e-05	 2462	 iter
1876	 2.587296e-05	 2463	 iter
1877	 2.587296e-05	 2464	 iter
1878	 2.587254e-05	 2466	 iter
1879	 2.587254e-05	 2467	 iter
1880	 2.587254e-05	 2468	 iter
1881	 2.587254e-05	 2469	 iter
1882	 2.587254e-05	 2470	 iter
1883	 2.587254e-05	 2471	 iter
1884	 2.587124e-05	 2473	 iter
1885	 2.586911e-05	 2475	 iter
1886	 2.586849e-05	 2477	 iter
1887	 2.586849e-05	 2478	 iter
1888	 2.586849e-05	 2479	 iter
1889	 2.586672e-05	 2481	 iter
1890	 2.586672e-05	 2482	 iter
1891	 2.586672e-05	 2483	 iter
1892	 2.586672e-05	 2484	 iter
1893	 2.586672e-05	 2485	 iter
1894	 2.586672e-05	 2486	 iter
1895	 2.586420e-05	 2488	 iter
1896	 2.586420e-05	 2489	 iter
1897	 2.586420e-05	 2490	 iter
1898	 2.586420e-05	 2491	 iter
1899	 2.586420e-05	 2492	 iter
1900	 2.585850e-05	 2494	 iter
1901	 2.585850e-05	 2495	 iter
1902	 2.585850e-05	 2496	 iter
1903	 2.585850e-05	 2497	 iter
1904	 2.585850e-05	 2498	 iter
1905	 2.585850e-05	 2499	 iter
1906	 2.585850e-05	 2500	 iter
1907	 2.585850e-05	 2501	 iter
1908	 2.585780e-05	 2503	 iter
1909	 2.585609e-05	 2505	 iter
1910	 2.585609e-05	 2506	 iter
1911	 2.585609e-05	 2507	 iter
1912	 2.585609e-05	 2508	 iter
1913	 2.585274e-05	 2510	 iter
1914	 2.585274e-05	 2511	 iter
1915	 2.585274e-05	 2512	 iter
1916	 2.585274e-05	 2513	 iter
1917	 2.585274e-05	 2514	 iter
1918	 2.584756e-05	 2516	 iter
1919	 2.584756e-05	 2517	 iter
1920	 2.584756e-05	 2518	 iter
1921	 2.584756e-05	 2519	 iter
1922	 2.584657e-05	 2521	 iter
1923	 2.584657e-05	 2522	 iter
1924	 2.584657e-05	 2523	 iter
1925	 2.584087e-05	 2525	 iter
1926	 2.584087e-05	 2526	 iter
1927	 2.584087e-05	 2527	 iter
1928	 2.583371e-05	 2529	 iter
1929	 2.583371e-05	 2530	 iter
1930	 2.583371e-05	 2531	 iter
1931	 2.583371e-05	 2532	 iter
1932	 2.583335e-05	 2534	 iter
1933	 2.583335e-05	 2535	 iter
1934	 2.583335e-05	 2536	 iter
1935	 2.583335e-05	 2537	 iter
1936	 2.583177e-05	 2539	 iter
1937	 2.583177e-05	 2540	 iter
1938	 2.582793e-05	 2542	 iter
1939	 2.582239e-05	 2544	 iter
1940	 2.582239e-05	 2545	 iter
1941	 2.582239e-05	 2546	 iter
1942	 2.581272e-05	 2548	 iter
1943	 2.581272e-05	 2549	 iter
1944	 2.581272e-05	 2550	 iter
1945	 2.581272e-05	 2551	 iter
1946	 2.581272e-05	 2552	 iter
1947	 2.581272e-05	 2553	 iter
1948	 2.581272e-05	 2554	 iter
1949	 2.580675e-05	 2556	 iter
1950	 2.579304e-05	 2558	 iter
1951	 2.579304e-05	 2559	 iter
1952	 2.579304e-05	 2560	 iter
1953	 2.579304e-05	 2561	 iter
1954	 2.579304e-05	 2562	 iter
1955	 2.579304e-05	 2563	 iter
1956	 2.579304e-05	 2564	 iter
1957	 2.579304e-05	 2565	 iter
1958	 2.578080e-05	 2567	 iter
1959	 2.578080e-05	 2568	 iter
1960	 2.578080e-05	 2569	 iter
1961	 2.578080e-05	 2570	 iter
1962	 2.578080e-05	 2571	 iter
1963	 2.578080e-05	 2572	 iter
1964	 2.578080e-05	 2573	 iter
1965	 2.578080e-05	 2574	 iter
1966	 2.578080e-05	 2575	 iter
1967	 2.577188e-05	 2577	 iter
1968	 2.577188e-05	 2578	 iter
1969	 2.576588e-05	 2580	 iter
1970	 2.576588e-05	 2581	 iter
1971	 2.576588e-05	 2582	 iter
1972	 2.576521e-05	 2584	 iter
1973	 2.576521e-05	 2585	 iter
1974	 2.576521e-05	 2586	 iter
1975	 2.575349e-05	 2588	 iter
1976	 2.575349e-05	 2589	 iter
1977	 2.575349e-05	 2590	 iter
1978	 2.575349e-05	 2591	 iter
1979	 2.573305e-05	 2593	 iter
1980	 2.573305e-05	 2594	 iter
1981	 2.573305e-05	 2595	 iter
1982	 2.573305e-05	 2596	 iter
1983	 2.573305e-05	 2597	 iter
1984	 2.572287e-05	 2599	 iter
1985	 2.572287e-05	 2600	 iter
1986	 2.572287e-05	 2601	 iter
1987	 2.572287e-05	 2602	 iter
1988	 2.571686e-05	 2604	 iter
1989	 2.570982e-05	 2606	 iter
1990	 2.570352e-05	 2608	 iter
1991	 2.570134e-05	 2610	 iter
1992	 2.570134e-05	 2611	 iter
1993	 2.565973e-05	 2613	 iter
1994	 2.565973e-05	 2614	 iter
1995	 2.565973e-05	 2615	 iter
1996	 2.565973e-05	 2616	 iter
1997	 2.565973e-05	 2617	 iter
1998	 2.565973e-05	 2618	 iter
1999	 2.564116e-05	 2620	 iter
2000	 2.564116e-05	 2621	 iter
2001	 2.564116e-05	 2622	 iter
2002	 2.564116e-05	 2623	 iter
2003	 2.561578e-05	 2625	 iter
2004	 2.559545e-05	 2627	 iter
2005	 2.559545e-05	 2628	 iter
2006	 2.559545e-05	 2629	 iter
2007	 2.559545e-05	 2630	 iter
2008	 2.559545e-05	 2631	 iter
2009	 2.559545e-05	 2632	 iter
2010	 2.556475e-05	 2634	 iter
2011	 2.551329e-05	 2636	 iter
2012	 2.551329e-05	 2637	 iter
2013	 2.551329e-05	 2638	 iter
2014	 2.551329e-05	 2639	 iter
2015	 2.551329e-05	 2640	 iter
2016	 2.551329e-05	 2641	 iter
2017	 2.551329e-05	 2642	 iter
2018	 2.551329e-05	 2643	 iter
2019	 2.551329e-05	 2644	 iter
2020	 2.551329e-05	 2645	 iter
2021	 2.551329e-05	 2646	 iter
2022	 2.547014e-05	 2648	 iter
2023	 2.547014e-05	 2649	 iter
2024	 2.547014e-05	 2650	 iter
2025	 2.547014e-05	 2651	 iter
2026	 2.547014e-05	 2652	 iter
2027	 2.547014e-05	 2653	 iter
2028	 2.546235e-05	 2655	 iter
2029	 2.542301e-05	 2657	 iter
2030	 2.542301e-05	 2658	 iter
2031	 2.542301e-05	 2659	 iter
2032	 2.539855e-05	 2661	 iter
2033	 2.539855e-05	 2662	 iter
2034	 2.535752e-05	 2664	 iter
2035	 2.535752e-05	 2665	 iter
2036	 2.535752e-05	 2666	 iter
2037	 2.535752e-05	 2667	 iter
2038	 2.535752e-05	 2668	 iter
2039	 2.534909e-05	 2670	 iter
2040	 2.534909e-05	 2671	 iter
2041	 2.534173e-05	 2673	 iter
2042	 2.534173e-05	 2674	 iter
2043	 2.534173e-05	 2675	 iter
2044	 2.529336e-05	 2677	 iter
2045	 2.528815e-05	 2679	 iter
2046	 2.528815e-05	 2680	 iter
2047	 2.527603e-05	 2682	 iter
2048	 2.527603e-05	 2683	 iter
2049	 2.527603e-05	 2684	 iter
2050	 2.527603e-05	 2685	 iter
2051	 2.521499e-05	 2687	 iter
2052	 2.521499e-05	 2688	 iter
2053	 2.521499e-05	 2689	 iter
2054	 2.521499e-05	 2690	 iter
2055	 2.521499e-05	 2691	 iter
2056	 2.521499e-05	 2692	 iter
2057	 2.521499e-05	 2693	 iter
2058	 2.520431e-05	 2695	 iter
2059	 2.520431e-05	 2696	 iter
2060	 2.520431e-05	 2697	 iter
2061	 2.519224e-05	 2699	 iter
2062	 2.518655e-05	 2701	 iter
2063	 2.516301e-05	 2703	 iter
2064	 2.516301e-05	 2704	 iter
2065	 2.516301e-05	 2705	 iter
2066	 2.516301e-05	 2707	 iter
2067	 2.516301e-05	 2708	 iter
2068	 2.516301e-05	 2709	 iter
2069	 2.515663e-05	 2711	 iter
2070	 2.511905e-05	 2713	 iter
2071	 2.511522e-05	 2715	 iter
2072	 2.511522e-05	 2716	 iter
2073	 2.511522e-05	 2717	 iter
2074	 2.510266e-05	 2719	 iter
2075	 2.510266e-05	 2721	 iter
2076	 2.509626e-05	 2723	 iter
2077	 2.509626e-05	 2724	 iter
2078	 2.509626e-05	 2725	 iter
2079	 2.509626e-05	 2726	 iter
2080	 2.509626e-05	 2727	 iter
2081	 2.509626e-05	 2728	 iter
2082	 2.509626e-05	 2730	 iter
2083	 2.509626e-05	 2731	 iter
2084	 2.509626e-05	 2732	 iter
2085	 2.509137e-05	 2734	 iter
2086	 2.509137e-05	 2735	 iter
2087	 2.507966e-05	 2737	 iter
2088	 2.507966e-05	 2738	 iter
2089	 2.507383e-05	 2740	 iter
2090	 2.507383e-05	 2741	 iter
2091	 2.507383e-05	 2742	 iter
2092	 2.507383e-05	 2744	 iter
2093	 2.507383e-05	 2745	 iter
2094	 2.504599e-05	 2747	 iter
2095	 2.504599e-05	 2748	 iter
2096	 2.504599e-05	 2750	 iter
2097	 2.504599e-05	 2752	 iter
2098	 2.504103e-05	 2754	 iter
2099	 2.504103e-05	 2755	 iter
2100	 2.503803e-05	 2757	 iter
2101	 2.503803e-05	 2759	 iter
2102	 2.503803e-05	 2760	 iter
2103	 2.503422e-05	 2762	 iter
2104	 2.503422e-05	 2763	 iter
2105	 2.503422e-05	 2764	 iter
2106	 2.503422e-05	 2765	 iter
2107	 2.503422e-05	 2766	 iter
2108	 2.503422e-05	 2768	 iter
2109	 2.503422e-05	 2769	 iter
2110	 2.503422e-05	 2771	 iter
2111	 2.500653e-05	 2773	 iter
2112	 2.500653e-05	 2774	 iter
2113	 2.500653e-05	 2775	 iter
2114	 2.499723e-05	 2777	 iter
2115	 2.499723e-05	 2778	 iter
2116	 2.499723e-05	 2779	 iter
2117	 2.499723e-05	 2780	 iter
2118	 2.499544e-05	 2782	 iter
2119	 2.499544e-05	 2783	 iter
2120	 2.499544e-05	 2784	 iter
2121	 2.499544e-05	 2785	 iter
2122	 2.499544e-05	 2787	 iter
2123	 2.499544e-05	 2788	 iter
2124	 2.499544e-05	 2789	 iter
2125	 2.499544e-05	 2790	 iter
2126	 2.499544e-05	 2791	 iter
2127	 2.499544e-05	 2792	 iter
2128	 2.499544e-05	 2793	 iter
2129	 2.499544e-05	 2794	 iter
2130	 2.495655e-05	 2796	 iter
2131	 2.493117e-05	 2798	 iter
2132	 2.493117e-05	 2799	 iter
2133	 2.493117e-05	 2800	 iter
2134	 2.493117e-05	 2801	 iter
2135	 2.493117e-05	 2802	 iter
2136	 2.493117e-05	 2803	 iter
2137	 2.493117e-05	 2804	 iter
2138	 2.493117e-05	 2805	 iter
2139	 2.493117e-05	 2806	 iter
2140	 2.493117e-05	 2807	 iter
2141	 2.493117e-05	 2808	 iter
2142	 2.493117e-05	 2809	 iter
2143	 2.493117e-05	 2810	 iter
2144	 2.493117e-05	 2811	 iter
2145	 2.491655e-05	 2813	 iter
2146	 2.491655e-05	 2814	 iter
2147	 2.485852e-05	 2816	 iter
2148	 2.485852e-05	 2817	 iter
2149	 2.485852e-05	 2818	 iter
2150	 2.485852e-05	 2819	 iter
2151	 2.485852e-05	 2820	 iter
2152	 2.485852e-05	 2821	 iter
2153	 2.485852e-05	 2822	 iter
2154	 2.485852e-05	 2823	 iter
2155	 2.485852e-05	 2824	 iter
2156	 2.484896e-05	 2826	 iter
2157	 2.484896e-05	 2827	 iter
2158	 2.484730e-05	 2829	 iter
2159	 2.483305e-05	 2831	 iter
2160	 2.477288e-05	 2833	 iter
2161	 2.477288e-05	 2834	 iter
2162	 2.477288e-05	 2835	 iter
2163	 2.477288e-05	 2836	 iter
2164	 2.477288e-05	 2837	 iter
2165	 2.477288e-05	 2838	 iter
2166	 2.477288e-05	 2839	 iter
2167	 2.477288e-05	 2840	 iter
2168	 2.473331e-05	 2842	 iter
2169	 2.473331e-05	 2843	 iter
2170	 2.473331e-05	 2844	 iter
2171	 2.472586e-05	 2846	 iter
2172	 2.472586e-05	 2847	 iter
2173	 2.472586e-05	 2848	 iter
2174	 2.472586e-05	 2849	 iter
2175	 2.471296e-05	 2851	 iter
2176	 2.471296e-05	 2852	 iter
2177	 2.470203e-05	 2854	 iter
2178	 2.469907e-05	 2856	 iter
2179	 2.468227e-05	 2858	 iter
2180	 2.468227e-05	 2859	 iter
2181	 2.466167e-05	 2861	 iter
2182	 2.466167e-05	 2862	 iter
2183	 2.466167e-05	 2863	 iter
2184	 2.466167e-05	 2864	 iter
2185	 2.463671e-05	 2866	 iter
2186	 2.463671e-05	 2867	 iter
2187	 2.460280e-05	 2869	 iter
2188	 2.460280e-05	 2870	 iter
2189	 2.460280e-05	 2871	 iter
2190	 2.460280e-05	 2872	 iter
2191	 2.460280e-05	 2873	 iter
2192	 2.460280e-05	 2874	 iter
2193	 2.459238e-05	 2876	 iter
2194	 2.459238e-05	 2877	 iter
2195	 2.459238e-05	 2878	 iter
2196	 2.459238e-05	 2879	 iter
2197	 2.457029e-05	 2881	 iter
2198	 2.456647e-05	 2883	 iter
2199	 2.456647e-05	 2884	 iter
2200	 2.455605e-05	 2886	 iter
2201	 2.455605e-05	 2887	 iter
2202	 2.454075e-05	 2889	 iter
2203	 2.452059e-05	 2891	 iter
2204	 2.451951e-05	 2893	 iter
2205	 2.451951e-05	 2894	 iter
2206	 2.451951e-05	 2895	 iter
2207	 2.451951e-05	 2896	 iter
2208	 2.451951e-05	 2897	 iter
2209	 2.451951e-05	 2898	 iter
2210	 2.451951e-05	 2899	 iter
2211	 2.451951e-05	 2900	 iter
2212	 2.451951e-05	 2901	 iter
2213	 2.447138e-05	 2903	 iter
2214	 2.447138e-05	 2904	 iter
2215	 2.447138e-05	 2905	 iter
2216	 2.447138e-05	 2906	 iter
2217	 2.447138e-05	 2907	 iter
2218	 2.447138e-05	 2908	 iter
2219	 2.446887e-05	 2910	 iter
2220	 2.444848e-05	 2912	 iter
2221	 2.444848e-05	 2913	 iter
2222	 2.444848e-05	 2914	 iter
2223	 2.444848e-05	 2915	 iter
2224	 2.444848e-05	 2916	 iter
2225	 2.444698e-05	 2918	 iter
2226	 2.444698e-05	 2919	 iter
2227	 2.444698e-05	 2920	 iter
2228	 2.444698e-05	 2921	 iter
2229	 2.444638e-05	 2923	 iter
2230	 2.444638e-05	 2924	 iter
2231	 2.443323e-05	 2926	 iter
2232	 2.443323e-05	 2927	 iter
2233	 2.440594e-05	 2929	 iter
2234	 2.440594e-05	 2930	 iter
2235	 2.440594e-05	 2931	 iter
2236	 2.440594e-05	 2932	 iter
2237	 2.440594e-05	 2933	 iter
2238	 2.440594e-05	 2934	 iter
2239	 2.440594e-05	 2935	 iter
2240	 2.440594e-05	 2936	 iter
2241	 2.440594e-05	 2937	 iter
2242	 2.440594e-05	 2938	 iter
2243	 2.440594e-05	 2939	 iter
2244	 2.440594e-05	 2940	 iter
2245	 2.440594e-05	 2941	 iter
2246	 2.440594e-05	 2942	 iter
2247	 2.440594e-05	 2943	 iter
2248	 2.440594e-05	 2945	 iter
2249	 2.440594e-05	 2947	 iter
2250	 2.440594e-05	 2948	 iter
2251	 2.440594e-05	 2949	 iter
2252	 2.440594e-05	 2951	 iter
2253	 2.439244e-05	 2953	 iter
2254	 2.439035e-05	 2955	 iter
2255	 2.439035e-05	 2956	 iter
2256	 2.439035e-05	 2958	 iter
2257	 2.439035e-05	 2960	 iter
2258	 2.439035e-05	 2962	 iter
2259	 2.439035e-05	 2963	 iter
2260	 2.439035e-05	 2965	 iter
2261	 2.439035e-05	 2966	 iter
2262	 2.439035e-05	 2967	 iter
2263	 2.439035e-05	 2968	 iter
2264	 2.439035e-05	 2970	 iter
2265	 2.439035e-05	 2972	 iter
2266	 2.439035e-05	 2974	 iter
2267	 2.439035e-05	 2976	 iter
2268	 2.438638e-05	 2978	 iter
2269	 2.438638e-05	 2979	 iter
2270	 2.438638e-05	 2981	 iter
2271	 2.438638e-05	 2983	 iter
2272	 2.438519e-05	 2985	 iter
2273	 2.438519e-05	 2986	 iter
2274	 2.438519e-05	 2988	 iter
2275	 2.438519e-05	 2989	 iter
2276	 2.438519e-05	 2990	 iter
2277	 2.438519e-05	 2991	 iter
2278	 2.438519e-05	 2992	 iter
2279	 2.438248e-05	 2994	 iter
2280	 2.438248e-05	 2995	 iter
2281	 2.437850e-05	 2997	 iter
2282	 2.437850e-05	 2999	 iter
2283	 2.437850e-05	 3001	 iter
2284	 2.437850e-05	 3002	 iter
2285	 2.437850e-05	 3003	 iter
2286	 2.437850e-05	 3005	 iter
2287	 2.437850e-05	 3007	 iter
2288	 2.437850e-05	 3008	 iter
2289	 2.437850e-05	 3010	 iter
2290	 2.437850e-05	 3011	 iter
2291	 2.437850e-05	 3012	 iter
2292	 2.437743e-05	 3014	 iter
2293	 2.437743e-05	 3015	 iter
2294	 2.437743e-05	 3016	 iter
2295	 2.437743e-05	 3017	 iter
2296	 2.437743e-05	 3019	 iter
2297	 2.437743e-05	 3020	 iter
2298	 2.437743e-05	 3021	 iter
2299	 2.437743e-05	 3022	 iter
2300	 2.437614e-05	 3024	 iter
2301	 2.437614e-05	 3025	 iter
2302	 2.437614e-05	 3026	 iter
2303	 2.437507e-05	 3028	 iter
2304	 2.437507e-05	 3030	 iter
2305	 2.437507e-05	 3031	 iter
2306	 2.437507e-05	 3032	 iter
2307	 2.437456e-05	 3034	 iter
2308	 2.437271e-05	 3036	 iter
2309	 2.437271e-05	 3038	 iter
2310	 2.437271e-05	 3040	 iter
2311	 2.437066e-05	 3042	 iter
2312	 2.437066e-05	 3044	 iter
2313	 2.437066e-05	 3046	 iter
2314	 2.437066e-05	 3047	 iter
2315	 2.437066e-05	 3049	 iter
2316	 2.437066e-05	 3051	 iter
2317	 2.437066e-05	 3052	 iter
2318	 2.437066e-05	 3054	 iter
2319	 2.437066e-05	 3055	 iter
2320	 2.437066e-05	 3057	 iter
2321	 2.437066e-05	 3058	 iter
2322	 2.437066e-05	 3060	 iter
2323	 2.437046e-05	 3062	 iter
2324	 2.437046e-05	 3063	 iter
2325	 2.437046e-05	 3065	 iter
2326	 2.437046e-05	 3066	 iter
2327	 2.437012e-05	 3068	 iter
2328	 2.437012e-05	 3070	 iter
2329	 2.437012e-05	 3072	 iter
2330	 2.437012e-05	 3073	 iter
2331	 2.436947e-05	 3075	 iter
2332	 2.436947e-05	 3076	 iter
2333	 2.436947e-05	 3077	 iter
2334	 2.436947e-05	 3078	 iter
2335	 2.436947e-05	 3080	 iter
2336	 2.436947e-05	 3081	 iter
2337	 2.436947e-05	 3082	 iter
2338	 2.436947e-05	 3083	 iter
2339	 2.436947e-05	 3084	 iter
2340	 2.436947e-05	 3085	 iter
2341	 2.436793e-05	 3087	 iter
2342	 2.436793e-05	 3089	 iter
2343	 2.436793e-05	 3091	 iter
2344	 2.436793e-05	 3092	 iter
2345	 2.436793e-05	 3093	 iter
2346	 2.436793e-05	 3094	 iter
2347	 2.436793e-05	 3095	 iter
2348	 2.436793e-05	 3097	 iter
2349	 2.436793e-05	 3098	 iter
2350	 2.436793e-05	 3099	 iter
2351	 2.436793e-05	 3101	 iter
2352	 2.436793e-05	 3102	 iter
2353	 2.436793e-05	 3103	 iter
2354	 2.436793e-05	 3104	 iter
2355	 2.436765e-05	 3106	 iter
2356	 2.436765e-05	 3107	 iter
2357	 2.436765e-05	 3108	 iter
2358	 2.436765e-05	 3109	 iter
2359	 2.436765e-05	 3111	 iter
2360	 2.436765e-05	 3112	 iter
2361	 2.436765e-05	 3113	 iter
2362	 2.436765e-05	 3114	 iter
2363	 2.436765e-05	 3115	 iter
2364	 2.436765e-05	 3117	 iter
2365	 2.436765e-05	 3118	 iter
2366	 2.436765e-05	 3119	 iter
2367	 2.436765e-05	 3121	 iter
2368	 2.436765e-05	 3123	 iter
2369	 2.436717e-05	 3125	 iter
2370	 2.436717e-05	 3127	 iter
2371	 2.436717e-05	 3128	 iter
2372	 2.436715e-05	 3130	 iter
2373	 2.436715e-05	 3132	 iter
2374	 2.436715e-05	 3134	 iter
2375	 2.436715e-05	 3135	 iter
2376	 2.436715e-05	 3136	 iter
2377	 2.436704e-05	 3138	 iter
2378	 2.436704e-05	 3139	 iter
2379	 2.436704e-05	 3141	 iter
2380	 2.436704e-05	 3143	 iter
2381	 2.436704e-05	 3145	 iter
2382	 2.436692e-05	 3147	 iter
2383	 2.436692e-05	 3148	 iter
2384	 2.436692e-05	 3149	 iter
2385	 2.436692e-05	 3150	 iter
2386	 2.436692e-05	 3152	 iter
2387	 2.436692e-05	 3153	 iter
2388	 2.436692e-05	 3155	 iter
2389	 2.436692e-05	 3156	 iter
2390	 2.436692e-05	 3157	 iter
2391	 2.436692e-05	 3158	 iter
2392	 2.436674e-05	 3160	 iter
2393	 2.436674e-05	 3161	 iter
2394	 2.436674e-05	 3162	 iter
2395	 2.436674e-05	 3163	 iter
2396	 2.436665e-05	 3165	 iter
2397	 2.436665e-05	 3166	 iter
2398	 2.436665e-05	 3167	 iter
2399	 2.436665e-05	 3169	 iter
2400	 2.436665e-05	 3171	 iter
2401	 2.436665e-05	 3172	 iter
2402	 2.436665e-05	 3174	 iter
2403	 2.436665e-05	 3175	 iter
2404	 2.436665e-05	 3176	 iter
2405	 2.436665e-05	 3178	 iter
2406	 2.436650e-05	 3180	 iter
2407	 2.436650e-05	 3181	 iter
2408	 2.436650e-05	 3183	 iter
2409	 2.436647e-05	 3185	 iter
2410	 2.436647e-05	 3186	 iter
2411	 2.436647e-05	 3187	 iter
2412	 2.436647e-05	 3189	 iter
2413	 2.436647e-05	 3191	 iter
2414	 2.436647e-05	 3192	 iter
2415	 2.436647e-05	 3194	 iter
2416	 2.436647e-05	 3196	 iter
2417	 2.436647e-05	 3198	 iter
2418	 2.436647e-05	 3200	 iter
2419	 2.436647e-05	 3202	 iter
2420	 2.436647e-05	 3204	 iter
2421	 2.436646e-05	 3206	 iter
2422	 2.436646e-05	 3207	 iter
2423	 2.436646e-05	 3208	 iter
2424	 2.436635e-05	 3210	 iter
2425	 2.436635e-05	 3211	 iter
2426	 2.436635e-05	 3213	 iter
2427	 2.436635e-05	 3214	 iter
2428	 2.436635e-05	 3215	 iter
2429	 2.436635e-05	 3216	 iter
2430	 2.436635e-05	 3217	 iter
2431	 2.436635e-05	 3218	 iter
2432	 2.436635e-05	 3219	 iter
2433	 2.436635e-05	 3220	 iter
2434	 2.436635e-05	 3221	 iter
2435	 2.436635e-05	 3222	 iter
2436	 2.436622e-05	 3224	 iter
2437	 2.436622e-05	 3225	 iter
2438	 2.436622e-05	 3226	 iter
2439	 2.436622e-05	 3227	 iter
2440	 2.436622e-05	 3228	 iter
2441	 2.436622e-05	 3229	 iter
2442	 2.436622e-05	 3230	 iter
2443	 2.436622e-05	 3231	 iter
2444	 2.436622e-05	 3232	 iter
2445	 2.436622e-05	 3233	 iter
2446	 2.436622e-05	 3234	 iter
2447	 2.436622e-05	 3235	 iter
2448	 2.436622e-05	 3236	 iter
2449	 2.436622e-05	 3238	 iter
2450	 2.436622e-05	 3239	 iter
2451	 2.436622e-05	 3241	 iter
2452	 2.436622e-05	 3243	 iter
2453	 2.436621e-05	 3245	 iter
2454	 2.436621e-05	 3246	 iter
2455	 2.436621e-05	 3248	 iter
2456	 2.436621e-05	 3249	 iter
2457	 2.436621e-05	 3251	 iter
2458	 2.436621e-05	 3253	 iter
2459	 2.436621e-05	 3254	 iter
2460	 2.436621e-05	 3256	 iter
2461	 2.436621e-05	 3257	 iter
2462	 2.436621e-05	 3258	 iter
2463	 2.436621e-05	 3260	 iter
2464	 2.436621e-05	 3262	 iter
2465	 2.436621e-05	 3264	 iter
2466	 2.436621e-05	 3265	 iter
2467	 2.436621e-05	 3266	 iter
2468	 2.436621e-05	 3268	 iter
2469	 2.436621e-05	 3270	 iter
2470	 2.436621e-05	 3272	 iter
2471	 2.436621e-05	 3273	 iter
2472	 2.436621e-05	 3274	 iter
2473	 2.436617e-05	 3276	 iter
2474	 2.436617e-05	 3277	 iter
2475	 2.436617e-05	 3278	 iter
2476	 2.436617e-05	 3279	 iter
2477	 2.436617e-05	 3280	 iter
2478	 2.436617e-05	 3281	 iter
2479	 2.436617e-05	 3283	 iter
2480	 2.436617e-05	 3285	 iter
2481	 2.436617e-05	 3287	 iter
2482	 2.436617e-05	 3288	 iter
2483	 2.436617e-05	 3290	 iter
2484	 2.436617e-05	 3291	 iter
2485	 2.436617e-05	 3293	 iter
2486	 2.436617e-05	 3295	 iter
2487	 2.436617e-05	 3296	 iter
2488	 2.436617e-05	 3297	 iter
2489	 2.436617e-05	 3298	 iter
2490	 2.436617e-05	 3299	 iter
2491	 2.436617e-05	 3301	 iter
2492	 2.436617e-05	 3302	 iter
2493	 2.436617e-05	 3303	 iter
2494	 2.436617e-05	 3304	 iter
2495	 2.436617e-05	 3306	 iter
2496	 2.436617e-05	 3307	 iter
2497	 2.436617e-05	 3309	 iter
2498	 2.436617e-05	 3311	 iter
2499	 2.436617e-05	 3313	 iter
2500	 2.436616e-05	 3315	 iter
2501	 2.436616e-05	 3316	 iter
2502	 2.436616e-05	 3317	 iter
2503	 2.436616e-05	 3319	 iter
2504	 2.436616e-05	 3320	 iter
2505	 2.436616e-05	 3321	 iter
2506	 2.436616e-05	 3322	 iter
2507	 2.436616e-05	 3324	 iter
2508	 2.436616e-05	 3326	 iter
2509	 2.436616e-05	 3328	 iter
2510	 2.436616e-05	 3329	 iter
2511	 2.436616e-05	 3330	 iter
2512	 2.436616e-05	 3331	 iter
2513	 2.436616e-05	 3332	 iter
2514	 2.436616e-05	 3333	 iter
2515	 2.436616e-05	 3335	 iter
2516	 2.436616e-05	 3337	 iter
2517	 2.436616e-05	 3338	 iter
2518	 2.436616e-05	 3339	 iter
2519	 2.436615e-05	 3341	 iter
2520	 2.436615e-05	 3343	 iter
2521	 2.436615e-05	 3344	 iter
2522	 2.436615e-05	 3345	 iter
2523	 2.436615e-05	 3346	 iter
2524	 2.436615e-05	 3347	 iter
2525	 2.436615e-05	 3348	 iter
2526	 2.436615e-05	 3350	 iter
2527	 2.436615e-05	 3351	 iter
2528	 2.436615e-05	 3353	 iter
2529	 2.436615e-05	 3354	 iter
2530	 2.436615e-05	 3356	 iter
2531	 2.436615e-05	 3357	 iter
2532	 2.436615e-05	 3358	 iter
2533	 2.436615e-05	 3359	 iter
2534	 2.436615e-05	 3360	 iter
2535	 2.436615e-05	 3362	 iter
2536	 2.436615e-05	 3364	 iter
2537	 2.436615e-05	 3366	 iter
2538	 2.436615e-05	 3368	 iter
2539	 2.436615e-05	 3370	 iter
2540	 2.436615e-05	 3372	 iter
2541	 2.436615e-05	 3374	 iter
2542	 2.436615e-05	 3375	 iter
2543	 2.436615e-05	 3376	 iter
2544	 2.436615e-05	 3377	 iter
2545	 2.436615e-05	 3379	 iter
2546	 2.436615e-05	 3380	 iter
2547	 2.436615e-05	 3382	 iter
2548	 2.436615e-05	 3384	 iter
2548	 2.436615e-05	 3384	 done
