0	 1.171842e-03	 1	 init
0	 1.171842e-03	 1	 iter
1	 2.797462e-04	 17	 iter
2	 2.797462e-04	 18	 iter
3	 2.797462e-04	 19	 iter
4	 2.797462e-04	 20	 iter
5	 2.797462e-04	 21	 iter
6	 2.797462e-04	 22	 iter
7	 2.797462e-04	 23	 iter
8	 2.797462e-04	 24	 iter
9	 2.797462e-04	 25	 iter
10	 2.797462e-04	 26	 iter
11	 2.797462e-04	 27	 iter
12	 2.797462e-04	 28	 iter
13	 2.797462e-04	 29	 iter
14	 2.797462e-04	 30	 iter
15	 1.142881e-04	 32	 iter
16	 1.142881e-04	 33	 iter
17	 1.142881e-04	 34	 iter
18	 1.142881e-04	 35	 iter
19	 1.142881e-04	 36	 iter
20	 1.142881e-04	 37	 iter
21	 1.142881e-04	 38	 iter
22	 1.036554e-04	 40	 iter
23	 1.028701e-04	 42	 iter
24	 1.028701e-04	 43	 iter
25	 1.028701e-04	 44	 iter
26	 1.028701e-04	 45	 iter
27	 1.028701e-04	 46	 iter
28	 1.028701e-04	 47	 iter
29	 1.028701e-04	 48	 iter
30	 1.028701e-04	 49	 iter
31	 1.028701e-04	 51	 iter
32	 1.028701e-04	 53	 iter
33	 1.028701e-04	 55	 iter
34	 1.028701e-04	 57	 iter
35	 1.028701e-04	 59	 iter
36	 1.028701e-04	 60	 iter
37	 1.028701e-04	 61	 iter
38	 1.028701e-04	 62	 iter
39	 1.028701e-04	 63	 iter
40	 1.028701e-04	 65	 iter
41	 1.022589e-04	 67	 iter
42	 1.022589e-04	 68	 iter
43	 1.022589e-04	 69	 iter
44	 1.022589e-04	 70	 iter
45	 1.000167e-04	 72	 iter
46	 9.612461e-05	 74	 iter
47	 9.612461e-05	 76	 iter
48	 9.612461e-05	 78	 iter
49	 9.612461e-05	 80	 iter
50	 9.612461e-05	 82	 iter
51	 9.612461e-05	 84	 iter
52	 9.612461e-05	 85	 iter
53	 9.612461e-05	 86	 iter
54	 9.612461e-05	 87	 iter
55	 8.655133e-05	 89	 iter
56	 8.655133e-05	 91	 iter
57	 8.655133e-05	 92	 iter
58	 8.655133e-05	 93	 iter
59	 8.655133e-05	 95	 iter
60	 8.655133e-05	 96	 iter
61	 8.655133e-05	 97	 iter
62	 6.923116e-05	 99	 iter
63	 6.923116e-05	 100	 iter
64	 6.923116e-05	 101	 iter
65	 6.923116e-05	 103	 iter
66	 6.923116e-05	 104	 iter
67	 6.923116e-05	 105	 iter
68	 6.923116e-05	 106	 iter
69	 6.923116e-05	 107	 iter
70	 6.923116e-05	 108	 iter
71	 6.923116e-05	 109	 iter
72	 6.923116e-05	 110	 iter
73	 6.538864e-05	 112	 iter
74	 6.538864e-05	 113	 iter
75	 6.538864e-05	 114	 iter
76	 6.538864e-05	 116	 iter
77	 6.538864e-05	 117	 iter
78	 6.538864e-05	 118	 iter
79	 6.538864e-05	 119	 iter
80	 6.538864e-05	 121	 iter
81	 5.347596e-05	 123	 iter
82	 5.347596e-05	 124	 iter
83	 5.347596e-05	 125	 iter
84	 5.347596e-05	 126	 iter
85	 5.347596e-05	 127	 iter
86	 5.347596e-05	 128	 iter
87	 5.347596e-05	 129	 iter
88	 5.347596e-05	 130	 iter
89	 5.347596e-05	 131	 iter
90	 4.714058e-05	 133	 iter
91	 4.714058e-05	 134	 iter
92	 4.714058e-05	 135	 iter
93	 4.714058e-05	 136	 iter
94	 4.714058e-05	 138	 iter
95	 4.714058e-05	 140	 iter
96	 4.714058e-05	 141	 iter
97	 3.644333e-05	 143	 iter
98	 3.644333e-05	 144	 iter
99	 3.644333e-05	 145	 iter
100	 3.644333e-05	 146	 iter
101	 3.644333e-05	 148	 iter
102	 3.644333e-05	 149	 iter
103	 3.644333e-05	 150	 iter
104	 3.644333e-05	 151	 iter
105	 3.644333e-05	 152	 iter
106	 3.644333e-05	 153	 iter
107	 3.644333e-05	 154	 iter
108	 3.644333e-05	 155	 iter
109	 3.515630e-05	 157	 iter
110	 3.175477e-05	 159	 iter
111	 3.175477e-05	 160	 iter
112	 3.175477e-05	 161	 iter
113	 3.175477e-05	 162	 iter
114	 3.175477e-05	 163	 iter
115	 3.175477e-05	 164	 iter
116	 3.175477e-05	 165	 iter
117	 3.175477e-05	 166	 iter
118	 3.175477e-05	 168	 iter
119	 3.081579e-05	 170	 iter
120	 3.081579e-05	 171	 iter
121	 3.081579e-05	 172	 iter
122	 3.081579e-05	 174	 iter
123	 3.081579e-05	 176	 iter
124	 3.081579e-05	 177	 iter
125	 3.081579e-05	 178	 iter
126	 3.081579e-05	 180	 iter
127	 2.653041e-05	 182	 iter
128	 2.653041e-05	 183	 iter
129	 2.653041e-05	 185	 iter
130	 2.653041e-05	 186	 iter
131	 2.653041e-05	 187	 iter
132	 2.653041e-05	 188	 iter
133	 2.653041e-05	 190	 iter
134	 2.653041e-05	 192	 iter
135	 2.653041e-05	 193	 iter
136	 2.653041e-05	 195	 iter
137	 2.653041e-05	 196	 iter
138	 2.653041e-05	 197	 iter
139	 2.653041e-05	 198	 iter
140	 2.653041e-05	 199	 iter
141	 2.653041e-05	 200	 iter
142	 2.538544e-05	 202	 iter
143	 2.388744e-05	 204	 iter
144	 2.388744e-05	 205	 iter
145	 2.388744e-05	 206	 iter
146	 2.388744e-05	 207	 iter
147	 2.056456e-05	 209	 iter
148	 2.056456e-05	 210	 iter
149	 2.056456e-05	 211	 iter
150	 2.056456e-05	 212	 iter
151	 2.056456e-05	 213	 iter
152	 2.056456e-05	 214	 iter
153	 2.056456e-05	 215	 iter
154	 1.989351e-05	 217	 iter
155	 1.900629e-05	 219	 iter
156	 1.885958e-05	 221	 iter
157	 1.551001e-05	 223	 iter
158	 1.551001e-05	 224	 iter
159	 1.551001e-05	 225	 iter
160	 1.401847e-05	 227	 iter
161	 1.401847e-05	 228	 iter
162	 1.213444e-05	 230	 iter
163	 1.213444e-05	 231	 iter
164	 1.213444e-05	 232	 iter
165	 1.213444e-05	 233	 iter
166	 1.213444e-05	 234	 iter
167	 1.213444e-05	 235	 iter
168	 1.033791e-05	 237	 iter
169	 1.033791e-05	 238	 iter
170	 1.033791e-05	 239	 iter
171	 1.033791e-05	 240	 iter
172	 1.033791e-05	 241	 iter
173	 1.033791e-05	 242	 iter
174	 1.033791e-05	 244	 iter
175	 9.668262e-06	 246	 iter
176	 8.446275e-06	 248	 iter
177	 8.446275e-06	 249	 iter
178	 8.446275e-06	 250	 iter
179	 8.446275e-06	 251	 iter
180	 8.446275e-06	 252	 iter
181	 8.446275e-06	 254	 iter
182	 8.446275e-06	 256	 iter
183	 8.446275e-06	 257	 iter
184	 8.446275e-06	 258	 iter
185	 8.446275e-06	 259	 iter
186	 8.446275e-06	 260	 iter
187	 8.446275e-06	 261	 iter
188	 8.446275e-06	 262	 iter
189	 8.446275e-06	 263	 iter
190	 8.446275e-06	 264	 iter
191	 8.446275e-06	 266	 iter
192	 8.446275e-06	 268	 iter
193	 8.446275e-06	 270	 iter
194	 8.446275e-06	 272	 iter
195	 8.446275e-06	 273	 iter
196	 8.446275e-06	 275	 iter
197	 8.446275e-06	 276	 iter
198	 8.446275e-06	 277	 iter
199	 8.446275e-06	 279	 iter
200	 8.446275e-06	 280	 iter
201	 8.446275e-06	 281	 iter
202	 8.446275e-06	 283	 iter
203	 8.446275e-06	 285	 iter
204	 8.446275e-06	 287	 iter
205	 8.446275e-06	 288	 iter
206	 8.446275e-06	 290	 iter
207	 8.446275e-06	 291	 iter
208	 8.446275e-06	 292	 iter
209	 8.446275e-06	 294	 iter
210	 8.446275e-06	 296	 iter
211	 8.446275e-06	 297	 iter
212	 8.446275e-06	 299	 iter
213	 8.446275e-06	 301	 iter
214	 8.446275e-06	 302	 iter
215	 8.446275e-06	 304	 iter
216	 8.438351e-06	 306	 iter
217	 8.438351e-06	 307	 iter
218	 7.991621e-06	 309	 iter
219	 7.991621e-06	 310	 iter
220	 7.991621e-06	 311	 iter
221	 7.991621e-06	 313	 iter
222	 7.991621e-06	 314	 iter
223	 7.991621e-06	 316	 iter
224	 7.991621e-06	 317	 iter
225	 7.991621e-06	 318	 iter
226	 7.991621e-06	 319	 iter
227	 7.957816e-06	 321	 iter
228	 7.957816e-06	 322	 iter
229	 7.957816e-06	 323	 iter
230	 7.674224e-06	 325	 iter
231	 7.643825e-06	 327	 iter
232	 7.475547e-06	 329	 iter
233	 7.475547e-06	 330	 iter
234	 7.455263e-06	 332	 iter
235	 7.455263e-06	 333	 iter
236	 7.410745e-06	 335	 iter
237	 7.224890e-06	 337	 iter
238	 7.224890e-06	 338	 iter
239	 7.224890e-06	 339	 iter
240	 7.224890e-06	 340	 iter
241	 7.224890e-06	 341	 iter
242	 7.194591e-06	 343	 iter
243	 7.194591e-06	 344	 iter
244	 7.048904e-06	 346	 iter
245	 7.048904e-06	 347	 iter
246	 6.899297e-06	 349	 iter
247	 6.899297e-06	 350	 iter
248	 6.899297e-06	 351	 iter
249	 6.899297e-06	 352	 iter
250	 6.899297e-06	 353	 iter
251	 6.899297e-06	 354	 iter
252	 6.899297e-06	 356	 iter
253	 6.829701e-06	 358	 iter
254	 6.362752e-06	 360	 iter
255	 6.362752e-06	 361	 iter
256	 6.362752e-06	 362	 iter
257	 6.362752e-06	 363	 iter
258	 6.362752e-06	 365	 iter
259	 6.362752e-06	 367	 iter
260	 6.362752e-06	 368	 iter
261	 6.171632e-06	 370	 iter
262	 6.171632e-06	 371	 iter
263	 6.171632e-06	 372	 iter
264	 6.171632e-06	 373	 iter
265	 6.171632e-06	 374	 iter
266	 6.171632e-06	 375	 iter
267	 6.171632e-06	 376	 iter
268	 5.968961e-06	 378	 iter
269	 5.968961e-06	 380	 iter
270	 5.968961e-06	 381	 iter
271	 5.968961e-06	 382	 iter
272	 5.968961e-06	 383	 iter
273	 5.968961e-06	 384	 iter
274	 5.836658e-06	 386	 iter
275	 5.836658e-06	 387	 iter
276	 5.836658e-06	 389	 iter
277	 5.836658e-06	 391	 iter
278	 5.836658e-06	 392	 iter
279	 5.836658e-06	 393	 iter
280	 5.836658e-06	 394	 iter
281	 5.738308e-06	 396	 iter
282	 5.738308e-06	 398	 iter
283	 5.738308e-06	 399	 iter
284	 5.738308e-06	 400	 iter
285	 5.738308e-06	 401	 iter
286	 5.738308e-06	 402	 iter
287	 5.738308e-06	 403	 iter
288	 5.738308e-06	 404	 iter
289	 5.738308e-06	 405	 iter
290	 5.738308e-06	 407	 iter
291	 5.738308e-06	 408	 iter
292	 5.738308e-06	 410	 iter
293	 5.738308e-06	 411	 iter
294	 5.738308e-06	 412	 iter
295	 5.738308e-06	 413	 iter
296	 5.738308e-06	 415	 iter
297	 5.738308e-06	 416	 iter
298	 5.738308e-06	 418	 iter
299	 5.738308e-06	 419	 iter
300	 5.738308e-06	 421	 iter
301	 5.738308e-06	 422	 iter
302	 5.738308e-06	 423	 iter
303	 5.738308e-06	 424	 iter
304	 5.738308e-06	 425	 iter
305	 5.738308e-06	 426	 iter
306	 5.738308e-06	 428	 iter
307	 5.738308e-06	 429	 iter
308	 5.738308e-06	 431	 iter
309	 5.738308e-06	 433	 iter
310	 5.738308e-06	 434	 iter
311	 5.625681e-06	 436	 iter
312	 5.625681e-06	 437	 iter
313	 5.625681e-06	 439	 iter
314	 5.625681e-06	 441	 iter
315	 5.625681e-06	 443	 iter
316	 5.625681e-06	 444	 iter
317	 5.625681e-06	 445	 iter
318	 5.625681e-06	 447	 iter
319	 5.613786e-06	 449	 iter
320	 5.613786e-06	 450	 iter
321	 5.608415e-06	 452	 iter
322	 5.608415e-06	 454	 iter
323	 5.608415e-06	 456	 iter
324	 5.608415e-06	 457	 iter
325	 5.608415e-06	 458	 iter
326	 5.588202e-06	 460	 iter
327	 5.588202e-06	 462	 iter
328	 5.572052e-06	 464	 iter
329	 5.572052e-06	 465	 iter
330	 5.550069e-06	 467	 iter
331	 5.543956e-06	 469	 iter
332	 5.543956e-06	 470	 iter
333	 5.522899e-06	 472	 iter
334	 5.522899e-06	 473	 iter
335	 5.494785e-06	 475	 iter
336	 5.494785e-06	 476	 iter
337	 5.494785e-06	 477	 iter
338	 5.494785e-06	 478	 iter
339	 5.487071e-06	 480	 iter
340	 5.487071e-06	 482	 iter
341	 5.487071e-06	 483	 iter
342	 5.487071e-06	 484	 iter
343	 5.459486e-06	 486	 iter
344	 5.433339e-06	 488	 iter
345	 5.433339e-06	 489	 iter
346	 5.433339e-06	 490	 iter
347	 5.433339e-06	 491	 iter
348	 5.433339e-06	 492	 iter
349	 5.433339e-06	 493	 iter
350	 5.433339e-06	 494	 iter
351	 5.433339e-06	 495	 iter
352	 5.433339e-06	 496	 iter
353	 5.396819e-06	 498	 iter
354	 5.396819e-06	 499	 iter
355	 5.396819e-06	 500	 iter
356	 5.396819e-06	 501	 iter
357	 5.396819e-06	 502	 iter
358	 5.396819e-06	 504	 iter
359	 5.396819e-06	 505	 iter
360	 5.396819e-06	 506	 iter
361	 5.396819e-06	 508	 iter
362	 5.396819e-06	 510	 iter
363	 5.374971e-06	 512	 iter
364	 5.374971e-06	 514	 iter
365	 5.374971e-06	 515	 iter
366	 5.369298e-06	 517	 iter
367	 5.369298e-06	 518	 iter
368	 5.369298e-06	 519	 iter
369	 5.369298e-06	 520	 iter
370	 5.349528e-06	 522	 iter
371	 5.349528e-06	 523	 iter
372	 5.349528e-06	 524	 iter
373	 5.349528e-06	 526	 iter
374	 5.349528e-06	 527	 iter
375	 5.349528e-06	 528	 iter
376	 5.349528e-06	 529	 iter
377	 5.291739e-06	 531	 iter
378	 5.291739e-06	 532	 iter
379	 5.291739e-06	 533	 iter
380	 5.291739e-06	 534	 iter
381	 5.291739e-06	 535	 iter
382	 5.291739e-06	 536	 iter
383	 5.291739e-06	 537	 iter
384	 5.291739e-06	 538	 iter
385	 5.291739e-06	 540	 iter
386	 5.291739e-06	 541	 iter
387	 5.291739e-06	 542	 iter
388	 5.291739e-06	 543	 iter
389	 5.291739e-06	 544	 iter
390	 5.227002e-06	 546	 iter
391	 5.227002e-06	 547	 iter
392	 5.227002e-06	 548	 iter
393	 5.227002e-06	 549	 iter
394	 5.227002e-06	 550	 iter
395	 5.227002e-06	 551	 iter
396	 5.227002e-06	 552	 iter
397	 5.227002e-06	 553	 iter
398	 5.195782e-06	 555	 iter
399	 5.195782e-06	 556	 iter
400	 5.195782e-06	 557	 iter
401	 5.195782e-06	 558	 iter
402	 5.195782e-06	 560	 iter
403	 5.192558e-06	 562	 iter
404	 5.086747e-06	 564	 iter
405	 5.086747e-06	 565	 iter
406	 5.086747e-06	 566	 iter
407	 5.086747e-06	 567	 iter
408	 5.086747e-06	 568	 iter
409	 5.086747e-06	 569	 iter
410	 5.086747e-06	 570	 iter
411	 5.086747e-06	 571	 iter
412	 5.086747e-06	 572	 iter
413	 5.083113e-06	 574	 iter
414	 5.083113e-06	 575	 iter
415	 5.044911e-06	 577	 iter
416	 5.044911e-06	 578	 iter
417	 5.044911e-06	 579	 iter
418	 5.044911e-06	 580	 iter
419	 5.044911e-06	 581	 iter
420	 5.015045e-06	 583	 iter
421	 4.951881e-06	 585	 iter
422	 4.951881e-06	 586	 iter
423	 4.951881e-06	 587	 iter
424	 4.951881e-06	 588	 iter
425	 4.905554e-06	 590	 iter
426	 4.905554e-06	 591	 iter
427	 4.905554e-06	 592	 iter
428	 4.905554e-06	 593	 iter
429	 4.905554e-06	 594	 iter
430	 4.905554e-06	 595	 iter
431	 4.877619e-06	 597	 iter
432	 4.804428e-06	 599	 iter
433	 4.804428e-06	 600	 iter
434	 4.742456e-06	 602	 iter
435	 4.742456e-06	 603	 iter
436	 4.742456e-06	 604	 iter
437	 4.698544e-06	 606	 iter
438	 4.698544e-06	 607	 iter
439	 4.698544e-06	 608	 iter
440	 4.698544e-06	 609	 iter
441	 4.698544e-06	 610	 iter
442	 4.698544e-06	 611	 iter
443	 4.575275e-06	 613	 iter
444	 4.575275e-06	 614	 iter
445	 4.575275e-06	 615	 iter
446	 4.575275e-06	 616	 iter
447	 4.575275e-06	 617	 iter
448	 4.575275e-06	 618	 iter
449	 4.482996e-06	 620	 iter
450	 4.482996e-06	 621	 iter
451	 4.482996e-06	 622	 iter
452	 4.482996e-06	 623	 iter
453	 4.384961e-06	 625	 iter
454	 4.384961e-06	 626	 iter
455	 4.384961e-06	 627	 iter
456	 4.384961e-06	 628	 iter
457	 4.384961e-06	 629	 iter
458	 4.384961e-06	 630	 iter
459	 4.384961e-06	 631	 iter
460	 4.384961e-06	 633	 iter
461	 4.375610e-06	 635	 iter
462	 4.370195e-06	 637	 iter
463	 4.370162e-06	 639	 iter
464	 4.312603e-06	 641	 iter
465	 4.312603e-06	 642	 iter
466	 4.241960e-06	 644	 iter
467	 4.241960e-06	 645	 iter
468	 4.241960e-06	 646	 iter
469	 4.241960e-06	 647	 iter
470	 4.241960e-06	 648	 iter
471	 4.241960e-06	 649	 iter
472	 4.241960e-06	 650	 iter
473	 4.241960e-06	 651	 iter
474	 4.241960e-06	 652	 iter
475	 4.122297e-06	 654	 iter
476	 4.122297e-06	 655	 iter
477	 4.122297e-06	 656	 iter
478	 4.122297e-06	 657	 iter
479	 4.122297e-06	 658	 iter
480	 4.122297e-06	 659	 iter
481	 4.122297e-06	 660	 iter
482	 4.122297e-06	 661	 iter
483	 4.122297e-06	 662	 iter
484	 4.122297e-06	 663	 iter
485	 4.122297e-06	 664	 iter
486	 4.113689e-06	 666	 iter
487	 4.113689e-06	 667	 iter
488	 4.113689e-06	 668	 iter
489	 4.113689e-06	 669	 iter
490	 4.113689e-06	 670	 iter
491	 4.113689e-06	 672	 iter
492	 4.067546e-06	 674	 iter
493	 4.067546e-06	 675	 iter
494	 4.067546e-06	 676	 iter
495	 4.067546e-06	 677	 iter
496	 4.067546e-06	 678	 iter
497	 4.067546e-06	 679	 iter
498	 4.067546e-06	 680	 iter
499	 4.067546e-06	 681	 iter
500	 4.067546e-06	 682	 iter
501	 4.067546e-06	 684	 iter
502	 4.064165e-06	 686	 iter
503	 4.064165e-06	 687	 iter
504	 4.064165e-06	 688	 iter
505	 4.064165e-06	 689	 iter
506	 4.064165e-06	 690	 iter
507	 4.064165e-06	 692	 iter
508	 4.058571e-06	 694	 iter
509	 4.058571e-06	 696	 iter
510	 4.058571e-06	 698	 iter
511	 4.015578e-06	 700	 iter
512	 4.015578e-06	 702	 iter
513	 4.015578e-06	 704	 iter
514	 4.015578e-06	 705	 iter
515	 4.015578e-06	 707	 iter
516	 4.015578e-06	 708	 iter
517	 4.011904e-06	 710	 iter
518	 4.011904e-06	 711	 iter
519	 4.011904e-06	 712	 iter
520	 4.011904e-06	 714	 iter
521	 4.011904e-06	 715	 iter
522	 4.011904e-06	 716	 iter
523	 4.011904e-06	 717	 iter
524	 4.011904e-06	 719	 iter
525	 4.011904e-06	 720	 iter
526	 4.011904e-06	 722	 iter
527	 4.011904e-06	 723	 iter
528	 4.011904e-06	 725	 iter
529	 4.011904e-06	 726	 iter
530	 3.997121e-06	 728	 iter
531	 3.997121e-06	 729	 iter
532	 3.997121e-06	 730	 iter
533	 3.997121e-06	 731	 iter
534	 3.997121e-06	 732	 iter
535	 3.987872e-06	 734	 iter
536	 3.987872e-06	 735	 iter
537	 3.987872e-06	 736	 iter
538	 3.987872e-06	 738	 iter
539	 3.984328e-06	 740	 iter
540	 3.984328e-06	 741	 iter
541	 3.984328e-06	 742	 iter
542	 3.977877e-06	 744	 iter
543	 3.977877e-06	 746	 iter
544	 3.975575e-06	 748	 iter
545	 3.975109e-06	 750	 iter
546	 3.975109e-06	 751	 iter
547	 3.975109e-06	 752	 iter
548	 3.975109e-06	 754	 iter
549	 3.975109e-06	 756	 iter
550	 3.966801e-06	 758	 iter
551	 3.966801e-06	 759	 iter
552	 3.966801e-06	 760	 iter
553	 3.954620e-06	 762	 iter
554	 3.954620e-06	 763	 iter
555	 3.954620e-06	 764	 iter
556	 3.954620e-06	 766	 iter
557	 3.954620e-06	 768	 iter
558	 3.954620e-06	 769	 iter
559	 3.954620e-06	 770	 iter
560	 3.954620e-06	 771	 iter
561	 3.954620e-06	 773	 iter
562	 3.954620e-06	 775	 iter
563	 3.937827e-06	 777	 iter
564	 3.937827e-06	 779	 iter
565	 3.937827e-06	 780	 iter
566	 3.937827e-06	 781	 iter
567	 3.937827e-06	 783	 iter
568	 3.937827e-06	 784	 iter
569	 3.937827e-06	 785	 iter
570	 3.936023e-06	 787	 iter
571	 3.936023e-06	 788	 iter
572	 3.936023e-06	 789	 iter
573	 3.936023e-06	 790	 iter
574	 3.935924e-06	 792	 iter
575	 3.921021e-06	 794	 iter
576	 3.907883e-06	 796	 iter
577	 3.907883e-06	 797	 iter
578	 3.894989e-06	 799	 iter
579	 3.894989e-06	 800	 iter
580	 3.894989e-06	 801	 iter
581	 3.894989e-06	 802	 iter
582	 3.888030e-06	 804	 iter
583	 3.888030e-06	 805	 iter
584	 3.888030e-06	 806	 iter
585	 3.874741e-06	 808	 iter
586	 3.874741e-06	 809	 iter
587	 3.874741e-06	 810	 iter
588	 3.870915e-06	 812	 iter
589	 3.867087e-06	 814	 iter
590	 3.866184e-06	 816	 iter
591	 3.838526e-06	 818	 iter
592	 3.838526e-06	 819	 iter
593	 3.821619e-06	 821	 iter
594	 3.821619e-06	 822	 iter
595	 3.821619e-06	 823	 iter
596	 3.821619e-06	 824	 iter
597	 3.814254e-06	 826	 iter
598	 3.744252e-06	 828	 iter
599	 3.744252e-06	 829	 iter
600	 3.744252e-06	 830	 iter
601	 3.744252e-06	 831	 iter
602	 3.744252e-06	 832	 iter
603	 3.744252e-06	 833	 iter
604	 3.744252e-06	 834	 iter
605	 3.732220e-06	 836	 iter
606	 3.726386e-06	 838	 iter
607	 3.693524e-06	 840	 iter
608	 3.693524e-06	 841	 iter
609	 3.693524e-06	 842	 iter
610	 3.693524e-06	 843	 iter
611	 3.693524e-06	 844	 iter
612	 3.676083e-06	 846	 iter
613	 3.662273e-06	 848	 iter
614	 3.658388e-06	 850	 iter
615	 3.658388e-06	 851	 iter
616	 3.626149e-06	 853	 iter
617	 3.625963e-06	 855	 iter
618	 3.614175e-06	 857	 iter
619	 3.614175e-06	 858	 iter
620	 3.593770e-06	 860	 iter
621	 3.593770e-06	 861	 iter
622	 3.593770e-06	 862	 iter
623	 3.593770e-06	 863	 iter
624	 3.593770e-06	 864	 iter
625	 3.570879e-06	 866	 iter
626	 3.570879e-06	 867	 iter
627	 3.570879e-06	 868	 iter
628	 3.570879e-06	 869	 iter
629	 3.570879e-06	 870	 iter
630	 3.570879e-06	 871	 iter
631	 3.538080e-06	 873	 iter
632	 3.528963e-06	 875	 iter
633	 3.528963e-06	 876	 iter
634	 3.528963e-06	 878	 iter
635	 3.528963e-06	 879	 iter
636	 3.528963e-06	 880	 iter
637	 3.528963e-06	 881	 iter
638	 3.528963e-06	 883	 iter
639	 3.528963e-06	 884	 iter
640	 3.528963e-06	 886	 iter
641	 3.528963e-06	 887	 iter
642	 3.528963e-06	 888	 iter
643	 3.528963e-06	 889	 iter
644	 3.528963e-06	 890	 iter
645	 3.528963e-06	 892	 iter
646	 3.513501e-06	 894	 iter
647	 3.513501e-06	 895	 iter
648	 3.454585e-06	 897	 iter
649	 3.454585e-06	 898	 iter
650	 3.454585e-06	 899	 iter
651	 3.454585e-06	 900	 iter
652	 3.454585e-06	 901	 iter
653	 3.432092e-06	 903	 iter
654	 3.432092e-06	 904	 iter
655	 3.432092e-06	 905	 iter
656	 3.432092e-06	 906	 iter
657	 3.432092e-06	 907	 iter
658	 3.432092e-06	 908	 iter
659	 3.432092e-06	 909	 iter
660	 3.432092e-06	 910	 iter
661	 3.417559e-06	 912	 iter
662	 3.356412e-06	 914	 iter
663	 3.356412e-06	 915	 iter
664	 3.356412e-06	 916	 iter
665	 3.343101e-06	 918	 iter
666	 3.343101e-06	 919	 iter
667	 3.343101e-06	 920	 iter
668	 3.317874e-06	 922	 iter
669	 3.317874e-06	 923	 iter
670	 3.294355e-06	 925	 iter
671	 3.294355e-06	 926	 iter
672	 3.280702e-06	 928	 iter
673	 3.278257e-06	 930	 iter
674	 3.242199e-06	 932	 iter
675	 3.115572e-06	 934	 iter
676	 3.115572e-06	 935	 iter
677	 3.115572e-06	 936	 iter
678	 3.115572e-06	 937	 iter
679	 3.115572e-06	 938	 iter
680	 3.115572e-06	 939	 iter
681	 3.115572e-06	 940	 iter
682	 3.115572e-06	 941	 iter
683	 3.115572e-06	 942	 iter
684	 3.115572e-06	 943	 iter
685	 3.115572e-06	 944	 iter
686	 3.115572e-06	 945	 iter
687	 3.115572e-06	 946	 iter
688	 3.115572e-06	 947	 iter
689	 3.115572e-06	 948	 iter
690	 3.047644e-06	 950	 iter
691	 3.047644e-06	 951	 iter
692	 3.047644e-06	 952	 iter
693	 3.047644e-06	 953	 iter
694	 3.047644e-06	 954	 iter
695	 3.047644e-06	 955	 iter
696	 3.047644e-06	 957	 iter
697	 3.026596e-06	 959	 iter
698	 2.978594e-06	 961	 iter
699	 2.978594e-06	 962	 iter
700	 2.978594e-06	 963	 iter
701	 2.978594e-06	 965	 iter
702	 2.978594e-06	 966	 iter
703	 2.978594e-06	 967	 iter
704	 2.978594e-06	 968	 iter
705	 2.978594e-06	 969	 iter
706	 2.978594e-06	 970	 iter
707	 2.978594e-06	 971	 iter
708	 2.978594e-06	 972	 iter
709	 2.978594e-06	 973	 iter
710	 2.978594e-06	 974	 iter
711	 2.978594e-06	 975	 iter
712	 2.978594e-06	 976	 iter
713	 2.952778e-06	 978	 iter
714	 2.952778e-06	 979	 iter
715	 2.952778e-06	 980	 iter
716	 2.952778e-06	 981	 iter
717	 2.952778e-06	 982	 iter
718	 2.952778e-06	 983	 iter
719	 2.952778e-06	 984	 iter
720	 2.952778e-06	 986	 iter
721	 2.944817e-06	 988	 iter
722	 2.944817e-06	 989	 iter
723	 2.944817e-06	 990	 iter
724	 2.944817e-06	 992	 iter
725	 2.944817e-06	 994	 iter
726	 2.944817e-06	 995	 iter
727	 2.918575e-06	 997	 iter
728	 2.918575e-06	 998	 iter
729	 2.918575e-06	 999	 iter
730	 2.918575e-06	 1000	 iter
731	 2.918575e-06	 1001	 iter
732	 2.918575e-06	 1002	 iter
733	 2.918575e-06	 1004	 iter
734	 2.918575e-06	 1006	 iter
735	 2.918575e-06	 1008	 iter
736	 2.918575e-06	 1009	 iter
737	 2.918575e-06	 1010	 iter
738	 2.918575e-06	 1011	 iter
739	 2.918575e-06	 1012	 iter
740	 2.904264e-06	 1014	 iter
741	 2.904264e-06	 1015	 iter
742	 2.904264e-06	 1017	 iter
743	 2.904264e-06	 1018	 iter
744	 2.904264e-06	 1019	 iter
745	 2.904264e-06	 1020	 iter
746	 2.904264e-06	 1022	 iter
747	 2.904264e-06	 1023	 iter
748	 2.904264e-06	 1025	 iter
749	 2.904264e-06	 1026	 iter
750	 2.904264e-06	 1027	 iter
751	 2.904264e-06	 1029	 iter
752	 2.904264e-06	 1030	 iter
753	 2.899981e-06	 1032	 iter
754	 2.899981e-06	 1033	 iter
755	 2.899981e-06	 1034	 iter
756	 2.899981e-06	 1035	 iter
757	 2.899981e-06	 1036	 iter
758	 2.899981e-06	 1037	 iter
759	 2.893495e-06	 1039	 iter
760	 2.893495e-06	 1040	 iter
761	 2.893495e-06	 1042	 iter
762	 2.893495e-06	 1043	 iter
763	 2.893495e-06	 1044	 iter
764	 2.893495e-06	 1046	 iter
765	 2.878020e-06	 1048	 iter
766	 2.878020e-06	 1049	 iter
767	 2.878020e-06	 1051	 iter
768	 2.878020e-06	 1053	 iter
769	 2.878020e-06	 1054	 iter
770	 2.878020e-06	 1056	 iter
771	 2.878020e-06	 1057	 iter
772	 2.878020e-06	 1058	 iter
773	 2.878020e-06	 1059	 iter
774	 2.878020e-06	 1060	 iter
775	 2.878020e-06	 1061	 iter
776	 2.878020e-06	 1062	 iter
777	 2.878020e-06	 1063	 iter
778	 2.878020e-06	 1065	 iter
779	 2.878020e-06	 1066	 iter
780	 2.878020e-06	 1067	 iter
781	 2.878020e-06	 1069	 iter
782	 2.878020e-06	 1070	 iter
783	 2.878020e-06	 1072	 iter
784	 2.877076e-06	 1074	 iter
785	 2.877076e-06	 1075	 iter
786	 2.877076e-06	 1076	 iter
787	 2.877076e-06	 1078	 iter
788	 2.877076e-06	 1080	 iter
789	 2.875152e-06	 1082	 iter
790	 2.875152e-06	 1083	 iter
791	 2.874982e-06	 1085	 iter
792	 2.874982e-06	 1086	 iter
793	 2.874982e-06	 1087	 iter
794	 2.874982e-06	 1088	 iter
795	 2.874982e-06	 1090	 iter
796	 2.874982e-06	 1092	 iter
797	 2.874982e-06	 1094	 iter
798	 2.874982e-06	 1095	 iter
799	 2.870056e-06	 1097	 iter
800	 2.870056e-06	 1099	 iter
801	 2.869937e-06	 1101	 iter
802	 2.869937e-06	 1103	 iter
803	 2.867797e-06	 1105	 iter
804	 2.867797e-06	 1106	 iter
805	 2.867797e-06	 1107	 iter
806	 2.864184e-06	 1109	 iter
807	 2.864184e-06	 1110	 iter
808	 2.864184e-06	 1111	 iter
809	 2.864184e-06	 1112	 iter
810	 2.864184e-06	 1113	 iter
811	 2.864184e-06	 1114	 iter
812	 2.864184e-06	 1115	 iter
813	 2.864184e-06	 1116	 iter
814	 2.864184e-06	 1117	 iter
815	 2.864184e-06	 1118	 iter
816	 2.864184e-06	 1119	 iter
817	 2.861096e-06	 1121	 iter
818	 2.859876e-06	 1123	 iter
819	 2.859876e-06	 1124	 iter
820	 2.850682e-06	 1126	 iter
821	 2.850682e-06	 1127	 iter
822	 2.850682e-06	 1128	 iter
823	 2.850682e-06	 1129	 iter
824	 2.850682e-06	 1130	 iter
825	 2.850682e-06	 1132	 iter
826	 2.850682e-06	 1133	 iter
827	 2.850682e-06	 1134	 iter
828	 2.850682e-06	 1136	 iter
829	 2.850682e-06	 1137	 iter
830	 2.850682e-06	 1138	 iter
831	 2.850682e-06	 1139	 iter
832	 2.849095e-06	 1141	 iter
833	 2.849095e-06	 1142	 iter
834	 2.846537e-06	 1144	 iter
835	 2.845524e-06	 1146	 iter
836	 2.845524e-06	 1147	 iter
837	 2.845524e-06	 1148	 iter
838	 2.845524e-06	 1149	 iter
839	 2.840618e-06	 1151	 iter
840	 2.840618e-06	 1152	 iter
841	 2.840618e-06	 1153	 iter
842	 2.840618e-06	 1154	 iter
843	 2.840618e-06	 1155	 iter
844	 2.832996e-06	 1157	 iter
845	 2.832996e-06	 1158	 iter
846	 2.832996e-06	 1159	 iter
847	 2.832996e-06	 1160	 iter
848	 2.832996e-06	 1161	 iter
849	 2.827677e-06	 1163	 iter
850	 2.822772e-06	 1165	 iter
851	 2.822772e-06	 1166	 iter
852	 2.822772e-06	 1167	 iter
853	 2.822772e-06	 1168	 iter
854	 2.822772e-06	 1169	 iter
855	 2.820277e-06	 1171	 iter
856	 2.820277e-06	 1172	 iter
857	 2.820277e-06	 1173	 iter
858	 2.820277e-06	 1174	 iter
859	 2.817636e-06	 1176	 iter
860	 2.817636e-06	 1177	 iter
861	 2.801416e-06	 1179	 iter
862	 2.801416e-06	 1180	 iter
863	 2.801416e-06	 1181	 iter
864	 2.801416e-06	 1182	 iter
865	 2.801416e-06	 1183	 iter
866	 2.795476e-06	 1185	 iter
867	 2.795476e-06	 1186	 iter
868	 2.795476e-06	 1187	 iter
869	 2.795476e-06	 1188	 iter
870	 2.795476e-06	 1189	 iter
871	 2.795476e-06	 1190	 iter
872	 2.791956e-06	 1192	 iter
873	 2.791956e-06	 1193	 iter
874	 2.787589e-06	 1195	 iter
875	 2.784190e-06	 1197	 iter
876	 2.768656e-06	 1199	 iter
877	 2.768656e-06	 1200	 iter
878	 2.768656e-06	 1201	 iter
879	 2.768656e-06	 1202	 iter
880	 2.768656e-06	 1203	 iter
881	 2.754471e-06	 1205	 iter
882	 2.754471e-06	 1206	 iter
883	 2.754471e-06	 1207	 iter
884	 2.754471e-06	 1208	 iter
885	 2.754471e-06	 1209	 iter
886	 2.754471e-06	 1210	 iter
887	 2.754471e-06	 1211	 iter
888	 2.743541e-06	 1213	 iter
889	 2.738646e-06	 1215	 iter
890	 2.738646e-06	 1216	 iter
891	 2.710203e-06	 1218	 iter
892	 2.710203e-06	 1219	 iter
893	 2.710203e-06	 1220	 iter
894	 2.710203e-06	 1221	 iter
895	 2.710203e-06	 1222	 iter
896	 2.710203e-06	 1223	 iter
897	 2.710203e-06	 1224	 iter
898	 2.710203e-06	 1225	 iter
899	 2.710203e-06	 1226	 iter
900	 2.662729e-06	 1228	 iter
901	 2.662729e-06	 1229	 iter
902	 2.662729e-06	 1230	 iter
903	 2.662729e-06	 1231	 iter
904	 2.662729e-06	 1232	 iter
905	 2.662729e-06	 1233	 iter
906	 2.662729e-06	 1234	 iter
907	 2.662729e-06	 1235	 iter
908	 2.662729e-06	 1236	 iter
909	 2.662729e-06	 1237	 iter
910	 2.662729e-06	 1238	 iter
911	 2.662729e-06	 1239	 iter
912	 2.662729e-06	 1240	 iter
913	 2.662729e-06	 1241	 iter
914	 2.662729e-06	 1242	 iter
915	 2.640885e-06	 1244	 iter
916	 2.640885e-06	 1245	 iter
917	 2.640885e-06	 1246	 iter
918	 2.640885e-06	 1247	 iter
919	 2.634338e-06	 1249	 iter
920	 2.613147e-06	 1251	 iter
921	 2.569310e-06	 1253	 iter
922	 2.569310e-06	 1254	 iter
923	 2.569310e-06	 1255	 iter
924	 2.569310e-06	 1256	 iter
925	 2.569310e-06	 1257	 iter
926	 2.569310e-06	 1258	 iter
927	 2.569310e-06	 1259	 iter
928	 2.569310e-06	 1260	 iter
929	 2.569310e-06	 1261	 iter
930	 2.569310e-06	 1262	 iter
931	 2.567369e-06	 1264	 iter
932	 2.529900e-06	 1266	 iter
933	 2.529900e-06	 1267	 iter
934	 2.529900e-06	 1268	 iter
935	 2.529900e-06	 1269	 iter
936	 2.529900e-06	 1270	 iter
937	 2.529900e-06	 1271	 iter
938	 2.529900e-06	 1272	 iter
939	 2.529900e-06	 1273	 iter
940	 2.472092e-06	 1275	 iter
941	 2.472092e-06	 1276	 iter
942	 2.436339e-06	 1278	 iter
943	 2.436339e-06	 1279	 iter
944	 2.436339e-06	 1280	 iter
945	 2.436339e-06	 1281	 iter
946	 2.426013e-06	 1283	 iter
947	 2.426013e-06	 1284	 iter
948	 2.426013e-06	 1285	 iter
949	 2.414083e-06	 1287	 iter
950	 2.414083e-06	 1288	 iter
951	 2.398822e-06	 1290	 iter
952	 2.359234e-06	 1292	 iter
953	 2.359234e-06	 1293	 iter
954	 2.359234e-06	 1294	 iter
955	 2.349243e-06	 1296	 iter
956	 2.349243e-06	 1297	 iter
957	 2.349243e-06	 1298	 iter
958	 2.324209e-06	 1300	 iter
959	 2.324209e-06	 1301	 iter
960	 2.324209e-06	 1302	 iter
961	 2.324209e-06	 1303	 iter
962	 2.324209e-06	 1304	 iter
963	 2.307821e-06	 1306	 iter
964	 2.303129e-06	 1308	 iter
965	 2.303129e-06	 1309	 iter
966	 2.303129e-06	 1310	 iter
967	 2.303129e-06	 1311	 iter
968	 2.303129e-06	 1312	 iter
969	 2.211992e-06	 1314	 iter
970	 2.211992e-06	 1315	 iter
971	 2.211992e-06	 1316	 iter
972	 2.211992e-06	 1317	 iter
973	 2.211992e-06	 1318	 iter
974	 2.211992e-06	 1319	 iter
975	 2.211992e-06	 1320	 iter
976	 2.211992e-06	 1321	 iter
977	 2.211992e-06	 1322	 iter
978	 2.211992e-06	 1323	 iter
979	 2.211992e-06	 1324	 iter
980	 2.211992e-06	 1325	 iter
981	 2.211992e-06	 1326	 iter
982	 2.211992e-06	 1327	 iter
983	 2.211992e-06	 1328	 iter
984	 2.211992e-06	 1329	 iter
985	 2.203380e-06	 1331	 iter
986	 2.203380e-06	 1332	 iter
987	 2.203380e-06	 1333	 iter
988	 2.203380e-06	 1334	 iter
989	 2.166583e-06	 1336	 iter
990	 2.166583e-06	 1337	 iter
991	 2.166583e-06	 1338	 iter
992	 2.166583e-06	 1339	 iter
993	 2.166583e-06	 1341	 iter
994	 2.166583e-06	 1343	 iter
995	 2.166583e-06	 1344	 iter
996	 2.148826e-06	 1346	 iter
997	 2.148826e-06	 1347	 iter
998	 2.148826e-06	 1348	 iter
999	 2.148826e-06	 1349	 iter
1000	 2.148826e-06	 1350	 iter
1001	 2.148826e-06	 1351	 iter
1002	 2.148826e-06	 1352	 iter
1003	 2.148826e-06	 1353	 iter
1004	 2.148826e-06	 1354	 iter
1005	 2.148826e-06	 1355	 iter
1006	 2.148826e-06	 1356	 iter
1007	 2.148826e-06	 1357	 iter
1008	 2.148826e-06	 1358	 iter
1009	 2.148826e-06	 1359	 iter
1010	 2.148826e-06	 1360	 iter
1011	 2.148826e-06	 1361	 iter
1012	 2.148826e-06	 1362	 iter
1013	 2.146334e-06	 1364	 iter
1014	 2.116845e-06	 1366	 iter
1015	 2.116845e-06	 1367	 iter
1016	 2.116845e-06	 1368	 iter
1017	 2.116845e-06	 1369	 iter
1018	 2.116845e-06	 1371	 iter
1019	 2.116845e-06	 1373	 iter
1020	 2.116845e-06	 1374	 iter
1021	 2.116845e-06	 1376	 iter
1022	 2.116845e-06	 1377	 iter
1023	 2.116845e-06	 1378	 iter
1024	 2.116845e-06	 1379	 iter
1025	 2.116845e-06	 1381	 iter
1026	 2.116845e-06	 1382	 iter
1027	 2.116845e-06	 1384	 iter
1028	 2.116845e-06	 1385	 iter
1029	 2.116845e-06	 1386	 iter
1030	 2.116845e-06	 1387	 iter
1031	 2.116845e-06	 1388	 iter
1032	 2.116845e-06	 1390	 iter
1033	 2.116845e-06	 1392	 iter
1034	 2.116845e-06	 1394	 iter
1035	 2.116845e-06	 1395	 iter
1036	 2.116845e-06	 1396	 iter
1037	 2.098044e-06	 1398	 iter
1038	 2.098044e-06	 1400	 iter
1039	 2.098044e-06	 1401	 iter
1040	 2.098044e-06	 1402	 iter
1041	 2.098044e-06	 1403	 iter
1042	 2.098044e-06	 1405	 iter
1043	 2.098044e-06	 1406	 iter
1044	 2.098044e-06	 1407	 iter
1045	 2.098044e-06	 1409	 iter
1046	 2.098044e-06	 1410	 iter
1047	 2.098044e-06	 1411	 iter
1048	 2.098044e-06	 1412	 iter
1049	 2.098044e-06	 1413	 iter
1050	 2.096794e-06	 1415	 iter
1051	 2.096794e-06	 1417	 iter
1052	 2.096794e-06	 1418	 iter
1053	 2.096794e-06	 1419	 iter
1054	 2.096794e-06	 1421	 iter
1055	 2.096794e-06	 1422	 iter
1056	 2.096794e-06	 1424	 iter
1057	 2.096794e-06	 1425	 iter
1058	 2.084560e-06	 1427	 iter
1059	 2.084560e-06	 1428	 iter
1060	 2.084560e-06	 1430	 iter
1061	 2.084560e-06	 1432	 iter
1062	 2.084560e-06	 1434	 iter
1063	 2.084560e-06	 1435	 iter
1064	 2.084560e-06	 1436	 iter
1065	 2.084560e-06	 1438	 iter
1066	 2.084378e-06	 1440	 iter
1067	 2.084378e-06	 1442	 iter
1068	 2.084378e-06	 1443	 iter
1069	 2.084378e-06	 1444	 iter
1070	 2.084378e-06	 1446	 iter
1071	 2.084378e-06	 1447	 iter
1072	 2.084378e-06	 1448	 iter
1073	 2.084378e-06	 1449	 iter
1074	 2.084378e-06	 1450	 iter
1075	 2.084378e-06	 1451	 iter
1076	 2.084378e-06	 1453	 iter
1077	 2.084378e-06	 1455	 iter
1078	 2.084378e-06	 1456	 iter
1079	 2.084378e-06	 1457	 iter
1080	 2.084378e-06	 1459	 iter
1081	 2.078881e-06	 1461	 iter
1082	 2.078881e-06	 1462	 iter
1083	 2.076962e-06	 1464	 iter
1084	 2.075650e-06	 1466	 iter
1085	 2.075650e-06	 1467	 iter
1086	 2.074798e-06	 1469	 iter
1087	 2.074798e-06	 1470	 iter
1088	 2.074798e-06	 1471	 iter
1089	 2.074798e-06	 1472	 iter
1090	 2.073239e-06	 1474	 iter
1091	 2.073239e-06	 1475	 iter
1092	 2.073239e-06	 1476	 iter
1093	 2.063770e-06	 1478	 iter
1094	 2.063770e-06	 1479	 iter
1095	 2.063770e-06	 1480	 iter
1096	 2.063770e-06	 1481	 iter
1097	 2.063770e-06	 1482	 iter
1098	 2.063770e-06	 1483	 iter
1099	 2.063770e-06	 1484	 iter
1100	 2.063770e-06	 1485	 iter
1101	 2.063770e-06	 1486	 iter
1102	 2.063770e-06	 1487	 iter
1103	 2.056360e-06	 1489	 iter
1104	 2.056360e-06	 1490	 iter
1105	 2.056360e-06	 1491	 iter
1106	 2.056360e-06	 1492	 iter
1107	 2.056360e-06	 1493	 iter
1108	 2.056360e-06	 1494	 iter
1109	 2.045346e-06	 1496	 iter
1110	 2.045346e-06	 1497	 iter
1111	 2.045346e-06	 1498	 iter
1112	 2.045346e-06	 1499	 iter
1113	 2.045346e-06	 1500	 iter
1114	 2.045346e-06	 1501	 iter
1115	 2.045346e-06	 1502	 iter
1116	 2.042602e-06	 1504	 iter
1117	 2.042602e-06	 1505	 iter
1118	 2.042602e-06	 1506	 iter
1119	 2.036291e-06	 1508	 iter
1120	 2.036291e-06	 1509	 iter
1121	 2.034018e-06	 1511	 iter
1122	 2.034018e-06	 1512	 iter
1123	 2.032162e-06	 1514	 iter
1124	 2.032162e-06	 1515	 iter
1125	 2.030040e-06	 1517	 iter
1126	 2.030040e-06	 1518	 iter
1127	 2.030040e-06	 1519	 iter
1128	 2.028294e-06	 1521	 iter
1129	 2.028294e-06	 1522	 iter
1130	 2.028294e-06	 1523	 iter
1131	 2.027642e-06	 1525	 iter
1132	 2.025489e-06	 1527	 iter
1133	 2.025315e-06	 1529	 iter
1134	 2.010204e-06	 1531	 iter
1135	 2.010204e-06	 1532	 iter
1136	 2.010204e-06	 1533	 iter
1137	 2.010204e-06	 1534	 iter
1138	 2.010204e-06	 1535	 iter
1139	 2.010204e-06	 1536	 iter
1140	 2.008338e-06	 1538	 iter
1141	 2.008338e-06	 1539	 iter
1142	 2.008338e-06	 1540	 iter
1143	 2.008338e-06	 1541	 iter
1144	 1.989002e-06	 1543	 iter
1145	 1.989002e-06	 1544	 iter
1146	 1.989002e-06	 1545	 iter
1147	 1.989002e-06	 1546	 iter
1148	 1.989002e-06	 1547	 iter
1149	 1.989002e-06	 1548	 iter
1150	 1.989002e-06	 1549	 iter
1151	 1.978953e-06	 1551	 iter
1152	 1.978953e-06	 1552	 iter
1153	 1.978953e-06	 1553	 iter
1154	 1.978953e-06	 1554	 iter
1155	 1.978953e-06	 1555	 iter
1156	 1.970164e-06	 1557	 iter
1157	 1.970164e-06	 1558	 iter
1158	 1.970164e-06	 1559	 iter
1159	 1.970164e-06	 1560	 iter
1160	 1.970164e-06	 1561	 iter
1161	 1.969002e-06	 1563	 iter
1162	 1.969002e-06	 1564	 iter
1163	 1.969002e-06	 1565	 iter
1164	 1.969002e-06	 1566	 iter
1165	 1.969002e-06	 1567	 iter
1166	 1.935449e-06	 1569	 iter
1167	 1.935449e-06	 1570	 iter
1168	 1.935449e-06	 1571	 iter
1169	 1.935449e-06	 1572	 iter
1170	 1.935449e-06	 1573	 iter
1171	 1.935449e-06	 1574	 iter
1172	 1.935449e-06	 1575	 iter
1173	 1.935449e-06	 1576	 iter
1174	 1.935449e-06	 1577	 iter
1175	 1.921772e-06	 1579	 iter
1176	 1.921772e-06	 1580	 iter
1177	 1.921772e-06	 1581	 iter
1178	 1.921772e-06	 1582	 iter
1179	 1.921772e-06	 1583	 iter
1180	 1.905664e-06	 1585	 iter
1181	 1.905664e-06	 1586	 iter
1182	 1.905664e-06	 1587	 iter
1183	 1.905664e-06	 1588	 iter
1184	 1.862930e-06	 1590	 iter
1185	 1.862930e-06	 1591	 iter
1186	 1.862930e-06	 1592	 iter
1187	 1.862930e-06	 1593	 iter
1188	 1.862930e-06	 1594	 iter
1189	 1.862930e-06	 1595	 iter
1190	 1.862930e-06	 1596	 iter
1191	 1.862930e-06	 1597	 iter
1192	 1.862930e-06	 1598	 iter
1193	 1.862930e-06	 1599	 iter
1194	 1.861861e-06	 1601	 iter
1195	 1.805402e-06	 1603	 iter
1196	 1.805402e-06	 1604	 iter
1197	 1.805402e-06	 1605	 iter
1198	 1.805402e-06	 1606	 iter
1199	 1.805402e-06	 1607	 iter
1200	 1.805402e-06	 1608	 iter
1201	 1.805402e-06	 1609	 iter
1202	 1.805402e-06	 1610	 iter
1203	 1.805402e-06	 1611	 iter
1204	 1.805402e-06	 1612	 iter
1205	 1.771265e-06	 1614	 iter
1206	 1.771265e-06	 1615	 iter
1207	 1.753524e-06	 1617	 iter
1208	 1.753524e-06	 1618	 iter
1209	 1.710436e-06	 1620	 iter
1210	 1.710436e-06	 1621	 iter
1211	 1.710436e-06	 1622	 iter
1212	 1.710436e-06	 1623	 iter
1213	 1.710436e-06	 1624	 iter
1214	 1.710436e-06	 1625	 iter
1215	 1.702242e-06	 1627	 iter
1216	 1.621545e-06	 1629	 iter
1217	 1.621545e-06	 1630	 iter
1218	 1.621545e-06	 1631	 iter
1219	 1.621545e-06	 1632	 iter
1220	 1.621545e-06	 1633	 iter
1221	 1.621545e-06	 1634	 iter
1222	 1.621545e-06	 1635	 iter
1223	 1.621545e-06	 1636	 iter
1224	 1.621545e-06	 1637	 iter
1225	 1.621545e-06	 1638	 iter
1226	 1.601934e-06	 1640	 iter
1227	 1.599517e-06	 1642	 iter
1228	 1.564052e-06	 1644	 iter
1229	 1.564052e-06	 1645	 iter
1230	 1.564052e-06	 1646	 iter
1231	 1.555662e-06	 1648	 iter
1232	 1.533065e-06	 1650	 iter
1233	 1.533065e-06	 1651	 iter
1234	 1.512032e-06	 1653	 iter
1235	 1.485625e-06	 1655	 iter
1236	 1.485625e-06	 1656	 iter
1237	 1.485625e-06	 1657	 iter
1238	 1.485625e-06	 1658	 iter
1239	 1.485625e-06	 1659	 iter
1240	 1.485625e-06	 1661	 iter
1241	 1.452697e-06	 1663	 iter
1242	 1.452697e-06	 1664	 iter
1243	 1.452697e-06	 1665	 iter
1244	 1.452697e-06	 1666	 iter
1245	 1.452697e-06	 1667	 iter
1246	 1.408205e-06	 1669	 iter
1247	 1.408205e-06	 1670	 iter
1248	 1.408205e-06	 1672	 iter
1249	 1.408205e-06	 1673	 iter
1250	 1.405867e-06	 1675	 iter
1251	 1.405867e-06	 1676	 iter
1252	 1.405867e-06	 1677	 iter
1253	 1.405867e-06	 1678	 iter
1254	 1.400278e-06	 1680	 iter
1255	 1.400278e-06	 1681	 iter
1256	 1.400278e-06	 1682	 iter
1257	 1.372814e-06	 1684	 iter
1258	 1.372814e-06	 1685	 iter
1259	 1.372814e-06	 1686	 iter
1260	 1.372814e-06	 1687	 iter
1261	 1.372814e-06	 1688	 iter
1262	 1.372814e-06	 1689	 iter
1263	 1.369648e-06	 1691	 iter
1264	 1.223878e-06	 1693	 iter
1265	 1.223878e-06	 1694	 iter
1266	 1.223878e-06	 1695	 iter
1267	 1.223878e-06	 1697	 iter
1268	 1.223878e-06	 1698	 iter
1269	 1.223878e-06	 1699	 iter
1270	 1.223878e-06	 1700	 iter
1271	 1.223878e-06	 1701	 iter
1272	 1.223878e-06	 1702	 iter
1273	 1.223878e-06	 1703	 iter
1274	 1.223878e-06	 1704	 iter
1275	 1.223878e-06	 1705	 iter
1276	 1.223878e-06	 1706	 iter
1277	 1.223878e-06	 1707	 iter
1278	 1.223878e-06	 1708	 iter
1279	 1.223878e-06	 1709	 iter
1280	 1.223878e-06	 1710	 iter
1281	 1.223878e-06	 1711	 iter
1282	 1.223878e-06	 1712	 iter
1283	 1.223878e-06	 1713	 iter
1284	 1.201469e-06	 1715	 iter
1285	 1.201469e-06	 1716	 iter
1286	 1.201469e-06	 1717	 iter
1287	 1.199773e-06	 1719	 iter
1288	 1.199773e-06	 1720	 iter
1289	 1.199773e-06	 1721	 iter
1290	 1.199773e-06	 1722	 iter
1291	 1.199773e-06	 1724	 iter
1292	 1.182490e-06	 1726	 iter
1293	 1.182287e-06	 1728	 iter
1294	 1.182287e-06	 1729	 iter
1295	 1.130442e-06	 1731	 iter
1296	 1.130442e-06	 1732	 iter
1297	 1.130442e-06	 1733	 iter
1298	 1.130442e-06	 1734	 iter
1299	 1.130442e-06	 1735	 iter
1300	 1.130442e-06	 1736	 iter
1301	 1.130442e-06	 1737	 iter
1302	 1.130442e-06	 1738	 iter
1303	 1.130442e-06	 1739	 iter
1304	 1.130442e-06	 1740	 iter
1305	 1.130442e-06	 1741	 iter
1306	 1.130442e-06	 1742	 iter
1307	 1.130442e-06	 1743	 iter
1308	 1.130442e-06	 1745	 iter
1309	 1.088316e-06	 1747	 iter
1310	 1.088316e-06	 1748	 iter
1311	 1.088316e-06	 1749	 iter
1312	 1.088316e-06	 1750	 iter
1313	 1.074312e-06	 1752	 iter
1314	 1.074312e-06	 1753	 iter
1315	 1.074312e-06	 1754	 iter
1316	 1.074312e-06	 1756	 iter
1317	 1.074312e-06	 1757	 iter
1318	 1.074312e-06	 1758	 iter
1319	 1.074312e-06	 1760	 iter
1320	 1.074312e-06	 1761	 iter
1321	 1.074312e-06	 1762	 iter
1322	 1.074312e-06	 1763	 iter
1323	 1.070158e-06	 1765	 iter
1324	 1.062824e-06	 1767	 iter
1325	 1.062824e-06	 1768	 iter
1326	 1.062824e-06	 1769	 iter
1327	 1.062824e-06	 1770	 iter
1328	 1.062824e-06	 1772	 iter
1329	 1.062824e-06	 1773	 iter
1330	 1.043431e-06	 1775	 iter
1331	 1.024959e-06	 1777	 iter
1332	 1.024959e-06	 1779	 iter
1333	 1.024959e-06	 1780	 iter
1334	 1.024959e-06	 1781	 iter
1335	 1.024959e-06	 1782	 iter
1336	 1.024959e-06	 1783	 iter
1337	 1.024959e-06	 1784	 iter
1338	 1.024959e-06	 1785	 iter
1339	 1.024959e-06	 1786	 iter
1340	 1.024959e-06	 1787	 iter
1341	 1.024959e-06	 1788	 iter
1342	 1.024959e-06	 1790	 iter
1343	 1.012405e-06	 1792	 iter
1344	 1.012405e-06	 1793	 iter
1345	 1.012405e-06	 1795	 iter
1346	 1.009411e-06	 1797	 iter
1347	 1.009411e-06	 1798	 iter
1348	 1.009411e-06	 1799	 iter
1349	 1.009411e-06	 1800	 iter
1350	 1.009411e-06	 1802	 iter
1351	 1.009411e-06	 1803	 iter
1352	 9.953642e-07	 1805	 iter
1353	 9.953642e-07	 1806	 iter
1354	 9.953642e-07	 1808	 iter
1355	 9.953642e-07	 1809	 iter
1356	 9.953642e-07	 1810	 iter
1357	 9.953642e-07	 1811	 iter
1358	 9.953642e-07	 1813	 iter
1359	 9.953642e-07	 1815	 iter
1360	 9.953642e-07	 1817	 iter
1361	 9.953642e-07	 1819	 iter
1362	 9.953642e-07	 1820	 iter
1363	 9.953642e-07	 1822	 iter
1364	 9.953642e-07	 1823	 iter
1365	 9.953642e-07	 1825	 iter
1366	 9.907355e-07	 1827	 iter
1367	 9.907355e-07	 1828	 iter
1368	 9.907355e-07	 1829	 iter
1369	 9.907355e-07	 1830	 iter
1370	 9.907355e-07	 1831	 iter
1371	 9.907355e-07	 1832	 iter
1372	 9.907355e-07	 1833	 iter
1373	 9.907355e-07	 1835	 iter
1374	 9.895723e-07	 1837	 iter
1375	 9.895723e-07	 1838	 iter
1376	 9.895723e-07	 1839	 iter
1377	 9.804735e-07	 1841	 iter
1378	 9.803642e-07	 1843	 iter
1379	 9.803642e-07	 1844	 iter
1380	 9.803642e-07	 1845	 iter
1381	 9.803642e-07	 1846	 iter
1382	 9.803642e-07	 1847	 iter
1383	 9.803642e-07	 1849	 iter
1384	 9.803642e-07	 1850	 iter
1385	 9.803642e-07	 1851	 iter
1386	 9.803642e-07	 1852	 iter
1387	 9.803642e-07	 1853	 iter
1388	 9.803642e-07	 1855	 iter
1389	 9.794211e-07	 1857	 iter
1390	 9.760775e-07	 1859	 iter
1391	 9.760775e-07	 1860	 iter
1392	 9.710779e-07	 1862	 iter
1393	 9.710779e-07	 1863	 iter
1394	 9.710779e-07	 1865	 iter
1395	 9.710779e-07	 1866	 iter
1396	 9.710779e-07	 1867	 iter
1397	 9.710779e-07	 1869	 iter
1398	 9.710779e-07	 1870	 iter
1399	 9.710779e-07	 1871	 iter
1400	 9.710779e-07	 1872	 iter
1401	 9.710779e-07	 1874	 iter
1402	 9.710779e-07	 1875	 iter
1403	 9.710779e-07	 1876	 iter
1404	 9.710779e-07	 1878	 iter
1405	 9.710779e-07	 1880	 iter
1406	 9.657402e-07	 1882	 iter
1407	 9.657402e-07	 1884	 iter
1408	 9.657402e-07	 1886	 iter
1409	 9.657402e-07	 1888	 iter
1410	 9.657402e-07	 1889	 iter
1411	 9.657402e-07	 1890	 iter
1412	 9.657402e-07	 1892	 iter
1413	 9.657402e-07	 1893	 iter
1414	 9.657402e-07	 1894	 iter
1415	 9.657402e-07	 1896	 iter
1416	 9.657402e-07	 1897	 iter
1417	 9.657402e-07	 1899	 iter
1418	 9.657402e-07	 1900	 iter
1419	 9.657402e-07	 1901	 iter
1420	 9.657402e-07	 1902	 iter
1421	 9.657402e-07	 1903	 iter
1422	 9.657402e-07	 1904	 iter
1423	 9.648800e-07	 1906	 iter
1424	 9.648800e-07	 1908	 iter
1425	 9.648800e-07	 1910	 iter
1426	 9.644755e-07	 1912	 iter
1427	 9.644755e-07	 1913	 iter
1428	 9.644755e-07	 1914	 iter
1429	 9.644755e-07	 1915	 iter
1430	 9.644755e-07	 1916	 iter
1431	 9.644755e-07	 1917	 iter
1432	 9.644755e-07	 1918	 iter
1433	 9.644755e-07	 1919	 iter
1434	 9.644755e-07	 1921	 iter
1435	 9.640632e-07	 1923	 iter
1436	 9.640632e-07	 1924	 iter
1437	 9.619864e-07	 1926	 iter
1438	 9.619864e-07	 1927	 iter
1439	 9.605012e-07	 1929	 iter
1440	 9.605012e-07	 1930	 iter
1441	 9.605012e-07	 1931	 iter
1442	 9.605012e-07	 1933	 iter
1443	 9.605012e-07	 1934	 iter
1444	 9.605012e-07	 1936	 iter
1445	 9.605012e-07	 1937	 iter
1446	 9.605012e-07	 1938	 iter
1447	 9.605012e-07	 1939	 iter
1448	 9.605012e-07	 1940	 iter
1449	 9.605012e-07	 1941	 iter
1450	 9.605012e-07	 1942	 iter
1451	 9.603517e-07	 1944	 iter
1452	 9.595284e-07	 1946	 iter
1453	 9.595284e-07	 1947	 iter
1454	 9.595284e-07	 1949	 iter
1455	 9.595284e-07	 1950	 iter
1456	 9.595284e-07	 1951	 iter
1457	 9.595284e-07	 1952	 iter
1458	 9.595284e-07	 1953	 iter
1459	 9.581173e-07	 1955	 iter
1460	 9.581173e-07	 1956	 iter
1461	 9.581173e-07	 1957	 iter
1462	 9.581173e-07	 1958	 iter
1463	 9.581173e-07	 1960	 iter
1464	 9.570015e-07	 1962	 iter
1465	 9.570015e-07	 1963	 iter
1466	 9.570015e-07	 1964	 iter
1467	 9.570015e-07	 1965	 iter
1468	 9.570015e-07	 1966	 iter
1469	 9.570015e-07	 1968	 iter
1470	 9.570015e-07	 1970	 iter
1471	 9.570015e-07	 1971	 iter
1472	 9.570015e-07	 1972	 iter
1473	 9.570015e-07	 1974	 iter
1474	 9.570015e-07	 1976	 iter
1475	 9.570015e-07	 1977	 iter
1476	 9.570015e-07	 1978	 iter
1477	 9.570015e-07	 1979	 iter
1478	 9.570015e-07	 1980	 iter
1479	 9.570015e-07	 1982	 iter
1480	 9.570015e-07	 1983	 iter
1481	 9.563817e-07	 1985	 iter
1482	 9.563817e-07	 1986	 iter
1483	 9.563817e-07	 1987	 iter
1484	 9.563817e-07	 1988	 iter
1485	 9.563817e-07	 1989	 iter
1486	 9.563817e-07	 1990	 iter
1487	 9.563817e-07	 1992	 iter
1488	 9.557602e-07	 1994	 iter
1489	 9.557602e-07	 1995	 iter
1490	 9.557602e-07	 1996	 iter
1491	 9.539449e-07	 1998	 iter
1492	 9.539449e-07	 1999	 iter
1493	 9.539449e-07	 2000	 iter
1494	 9.539449e-07	 2001	 iter
1495	 9.539449e-07	 2002	 iter
1496	 9.539449e-07	 2003	 iter
1497	 9.539449e-07	 2004	 iter
1498	 9.539449e-07	 2005	 iter
1499	 9.539449e-07	 2006	 iter
1500	 9.539449e-07	 2007	 iter
1501	 9.538093e-07	 2009	 iter
1502	 9.533059e-07	 2011	 iter
1503	 9.533059e-07	 2012	 iter
1504	 9.533059e-07	 2013	 iter
1505	 9.527293e-07	 2015	 iter
1506	 9.527293e-07	 2016	 iter
1507	 9.527293e-07	 2018	 iter
1508	 9.527293e-07	 2019	 iter
1509	 9.527293e-07	 2020	 iter
1510	 9.527293e-07	 2021	 iter
1511	 9.527293e-07	 2022	 iter
1512	 9.526483e-07	 2024	 iter
1513	 9.518395e-07	 2026	 iter
1514	 9.518395e-07	 2027	 iter
1515	 9.518395e-07	 2028	 iter
1516	 9.518395e-07	 2029	 iter
1517	 9.518395e-07	 2031	 iter
1518	 9.506623e-07	 2033	 iter
1519	 9.506623e-07	 2034	 iter
1520	 9.506623e-07	 2035	 iter
1521	 9.506623e-07	 2036	 iter
1522	 9.506623e-07	 2037	 iter
1523	 9.505834e-07	 2039	 iter
1524	 9.505834e-07	 2040	 iter
1525	 9.499616e-07	 2042	 iter
1526	 9.499616e-07	 2043	 iter
1527	 9.471794e-07	 2045	 iter
1528	 9.471794e-07	 2046	 iter
1529	 9.471794e-07	 2047	 iter
1530	 9.471794e-07	 2048	 iter
1531	 9.471794e-07	 2049	 iter
1532	 9.471794e-07	 2050	 iter
1533	 9.471794e-07	 2051	 iter
1534	 9.471794e-07	 2052	 iter
1535	 9.471794e-07	 2053	 iter
1536	 9.471794e-07	 2054	 iter
1537	 9.471794e-07	 2055	 iter
1538	 9.471794e-07	 2056	 iter
1539	 9.471794e-07	 2057	 iter
1540	 9.464876e-07	 2059	 iter
1541	 9.464876e-07	 2060	 iter
1542	 9.458351e-07	 2062	 iter
1543	 9.458351e-07	 2063	 iter
1544	 9.444852e-07	 2065	 iter
1545	 9.444852e-07	 2066	 iter
1546	 9.444852e-07	 2067	 iter
1547	 9.417976e-07	 2069	 iter
1548	 9.417976e-07	 2070	 iter
1549	 9.417976e-07	 2071	 iter
1550	 9.417976e-07	 2072	 iter
1551	 9.417976e-07	 2073	 iter
1552	 9.417976e-07	 2074	 iter
1553	 9.417976e-07	 2075	 iter
1554	 9.417976e-07	 2076	 iter
1555	 9.404003e-07	 2078	 iter
1556	 9.404003e-07	 2079	 iter
1557	 9.396165e-07	 2081	 iter
1558	 9.395616e-07	 2083	 iter
1559	 9.395616e-07	 2084	 iter
1560	 9.361983e-07	 2086	 iter
1561	 9.361983e-07	 2087	 iter
1562	 9.361983e-07	 2088	 iter
1563	 9.361983e-07	 2089	 iter
1564	 9.361983e-07	 2090	 iter
1565	 9.325470e-07	 2092	 iter
1566	 9.325470e-07	 2093	 iter
1567	 9.325470e-07	 2094	 iter
1568	 9.325470e-07	 2095	 iter
1569	 9.310794e-07	 2097	 iter
1570	 9.303430e-07	 2099	 iter
1571	 9.303430e-07	 2100	 iter
1572	 9.303430e-07	 2101	 iter
1573	 9.303430e-07	 2102	 iter
1574	 9.303430e-07	 2103	 iter
1575	 9.303430e-07	 2104	 iter
1576	 9.303430e-07	 2105	 iter
1577	 9.293819e-07	 2107	 iter
1578	 9.293819e-07	 2108	 iter
1579	 9.255813e-07	 2110	 iter
1580	 9.255813e-07	 2111	 iter
1581	 9.255813e-07	 2112	 iter
1582	 9.255813e-07	 2113	 iter
1583	 9.240782e-07	 2115	 iter
1584	 9.240782e-07	 2116	 iter
1585	 9.240782e-07	 2118	 iter
1586	 9.240782e-07	 2119	 iter
1587	 9.240782e-07	 2120	 iter
1588	 9.240782e-07	 2121	 iter
1589	 9.217673e-07	 2123	 iter
1590	 9.217673e-07	 2124	 iter
1591	 9.217673e-07	 2125	 iter
1592	 9.217673e-07	 2126	 iter
1593	 9.217673e-07	 2127	 iter
1594	 9.217673e-07	 2128	 iter
1595	 9.217673e-07	 2129	 iter
1596	 9.217673e-07	 2130	 iter
1597	 9.193923e-07	 2132	 iter
1598	 9.188294e-07	 2134	 iter
1599	 9.188294e-07	 2135	 iter
1600	 9.188294e-07	 2136	 iter
1601	 9.188294e-07	 2137	 iter
1602	 9.188294e-07	 2138	 iter
1603	 9.188294e-07	 2139	 iter
1604	 9.188294e-07	 2140	 iter
1605	 9.188294e-07	 2142	 iter
1606	 9.188294e-07	 2143	 iter
1607	 9.188294e-07	 2144	 iter
1608	 9.188294e-07	 2145	 iter
1609	 9.160981e-07	 2147	 iter
1610	 9.160981e-07	 2148	 iter
1611	 9.151840e-07	 2150	 iter
1612	 9.151840e-07	 2151	 iter
1613	 9.151840e-07	 2152	 iter
1614	 9.150926e-07	 2154	 iter
1615	 9.150926e-07	 2155	 iter
1616	 9.150926e-07	 2156	 iter
1617	 9.150926e-07	 2157	 iter
1618	 9.150926e-07	 2158	 iter
1619	 9.150926e-07	 2159	 iter
1620	 9.150611e-07	 2161	 iter
1621	 9.078284e-07	 2163	 iter
1622	 9.078284e-07	 2165	 iter
1623	 9.078284e-07	 2166	 iter
1624	 9.078284e-07	 2167	 iter
1625	 9.078284e-07	 2169	 iter
1626	 9.078284e-07	 2170	 iter
1627	 9.078284e-07	 2171	 iter
1628	 9.078284e-07	 2172	 iter
1629	 9.078284e-07	 2173	 iter
1630	 9.078284e-07	 2174	 iter
1631	 9.078284e-07	 2175	 iter
1632	 9.078284e-07	 2176	 iter
1633	 9.078284e-07	 2177	 iter
1634	 9.078284e-07	 2178	 iter
1635	 9.078284e-07	 2179	 iter
1636	 9.078284e-07	 2180	 iter
1637	 9.078284e-07	 2182	 iter
1638	 9.078284e-07	 2183	 iter
1639	 9.078284e-07	 2184	 iter
1640	 9.078108e-07	 2186	 iter
1641	 9.078108e-07	 2187	 iter
1642	 9.004159e-07	 2189	 iter
1643	 9.004159e-07	 2190	 iter
1644	 9.004159e-07	 2191	 iter
1645	 9.004159e-07	 2192	 iter
1646	 9.004159e-07	 2193	 iter
1647	 9.004159e-07	 2194	 iter
1648	 9.004159e-07	 2195	 iter
1649	 9.004159e-07	 2196	 iter
1650	 9.004159e-07	 2197	 iter
1651	 9.004159e-07	 2198	 iter
1652	 9.004159e-07	 2199	 iter
1653	 9.004159e-07	 2200	 iter
1654	 9.004159e-07	 2201	 iter
1655	 9.004159e-07	 2202	 iter
1656	 9.004159e-07	 2203	 iter
1657	 8.996657e-07	 2205	 iter
1658	 8.979305e-07	 2207	 iter
1659	 8.979305e-07	 2208	 iter
1660	 8.966890e-07	 2210	 iter
1661	 8.924741e-07	 2212	 iter
1662	 8.924741e-07	 2213	 iter
1663	 8.924741e-07	 2214	 iter
1664	 8.924741e-07	 2215	 iter
1665	 8.924741e-07	 2216	 iter
1666	 8.924741e-07	 2217	 iter
1667	 8.924249e-07	 2219	 iter
1668	 8.886865e-07	 2221	 iter
1669	 8.886865e-07	 2222	 iter
1670	 8.886865e-07	 2223	 iter
1671	 8.831791e-07	 2225	 iter
1672	 8.831791e-07	 2226	 iter
1673	 8.831791e-07	 2227	 iter
1674	 8.831791e-07	 2228	 iter
1675	 8.831791e-07	 2229	 iter
1676	 8.831791e-07	 2230	 iter
1677	 8.829229e-07	 2232	 iter
1678	 8.829229e-07	 2233	 iter
1679	 8.829229e-07	 2234	 iter
1680	 8.829229e-07	 2235	 iter
1681	 8.829229e-07	 2236	 iter
1682	 8.829229e-07	 2237	 iter
1683	 8.819849e-07	 2239	 iter
1684	 8.795496e-07	 2241	 iter
1685	 8.764926e-07	 2243	 iter
1686	 8.688221e-07	 2245	 iter
1687	 8.688221e-07	 2246	 iter
1688	 8.688221e-07	 2247	 iter
1689	 8.688221e-07	 2248	 iter
1690	 8.688221e-07	 2249	 iter
1691	 8.688221e-07	 2250	 iter
1692	 8.688221e-07	 2251	 iter
1693	 8.688221e-07	 2252	 iter
1694	 8.688221e-07	 2253	 iter
1695	 8.688221e-07	 2254	 iter
1696	 8.688221e-07	 2255	 iter
1697	 8.688221e-07	 2256	 iter
1698	 8.688221e-07	 2257	 iter
1699	 8.688221e-07	 2258	 iter
1700	 8.655613e-07	 2260	 iter
1701	 8.655613e-07	 2261	 iter
1702	 8.655613e-07	 2262	 iter
1703	 8.655613e-07	 2263	 iter
1704	 8.655613e-07	 2264	 iter
1705	 8.655613e-07	 2265	 iter
1706	 8.618271e-07	 2267	 iter
1707	 8.618271e-07	 2268	 iter
1708	 8.550699e-07	 2270	 iter
1709	 8.550699e-07	 2271	 iter
1710	 8.550699e-07	 2272	 iter
1711	 8.550699e-07	 2273	 iter
1712	 8.550699e-07	 2274	 iter
1713	 8.550699e-07	 2275	 iter
1714	 8.550699e-07	 2276	 iter
1715	 8.550699e-07	 2277	 iter
1716	 8.517633e-07	 2279	 iter
1717	 8.517633e-07	 2280	 iter
1718	 8.517633e-07	 2281	 iter
1719	 8.517633e-07	 2282	 iter
1720	 8.517633e-07	 2283	 iter
1721	 8.517633e-07	 2284	 iter
1722	 8.517633e-07	 2285	 iter
1723	 8.517633e-07	 2286	 iter
1724	 8.517633e-07	 2287	 iter
1725	 8.474296e-07	 2289	 iter
1726	 8.474296e-07	 2290	 iter
1727	 8.474296e-07	 2291	 iter
1728	 8.474296e-07	 2292	 iter
1729	 8.464042e-07	 2294	 iter
1730	 8.464042e-07	 2295	 iter
1731	 8.464042e-07	 2296	 iter
1732	 8.365711e-07	 2298	 iter
1733	 8.365711e-07	 2299	 iter
1734	 8.365711e-07	 2300	 iter
1735	 8.365711e-07	 2301	 iter
1736	 8.365711e-07	 2302	 iter
1737	 8.365711e-07	 2303	 iter
1738	 8.365711e-07	 2304	 iter
1739	 8.365711e-07	 2305	 iter
1740	 8.365711e-07	 2306	 iter
1741	 8.365711e-07	 2307	 iter
1742	 8.365711e-07	 2308	 iter
1743	 8.365711e-07	 2310	 iter
1744	 8.365711e-07	 2311	 iter
1745	 8.362608e-07	 2313	 iter
1746	 8.362608e-07	 2314	 iter
1747	 8.362608e-07	 2315	 iter
1748	 8.362608e-07	 2316	 iter
1749	 8.362608e-07	 2317	 iter
1750	 8.349666e-07	 2319	 iter
1751	 8.349666e-07	 2321	 iter
1752	 8.349666e-07	 2323	 iter
1753	 8.349666e-07	 2324	 iter
1754	 8.323486e-07	 2326	 iter
1755	 8.323486e-07	 2327	 iter
1756	 8.319268e-07	 2329	 iter
1757	 8.319268e-07	 2330	 iter
1758	 8.314199e-07	 2332	 iter
1759	 8.314199e-07	 2333	 iter
1760	 8.314199e-07	 2335	 iter
1761	 8.314199e-07	 2336	 iter
1762	 8.314199e-07	 2337	 iter
1763	 8.314199e-07	 2338	 iter
1764	 8.290064e-07	 2340	 iter
1765	 8.290064e-07	 2341	 iter
1766	 8.290064e-07	 2342	 iter
1767	 8.269186e-07	 2344	 iter
1768	 8.261398e-07	 2346	 iter
1769	 8.261398e-07	 2348	 iter
1770	 8.261398e-07	 2349	 iter
1771	 8.261398e-07	 2350	 iter
1772	 8.261398e-07	 2351	 iter
1773	 8.261398e-07	 2352	 iter
1774	 8.248464e-07	 2354	 iter
1775	 8.248464e-07	 2355	 iter
1776	 8.248464e-07	 2356	 iter
1777	 8.248464e-07	 2357	 iter
1778	 8.248464e-07	 2358	 iter
1779	 8.248464e-07	 2359	 iter
1780	 8.248464e-07	 2360	 iter
1781	 8.248464e-07	 2361	 iter
1782	 8.240096e-07	 2363	 iter
1783	 8.240096e-07	 2365	 iter
1784	 8.240096e-07	 2366	 iter
1785	 8.240096e-07	 2367	 iter
1786	 8.236121e-07	 2369	 iter
1787	 8.236121e-07	 2370	 iter
1788	 8.236121e-07	 2371	 iter
1789	 8.236121e-07	 2372	 iter
1790	 8.236121e-07	 2373	 iter
1791	 8.236121e-07	 2374	 iter
1792	 8.207782e-07	 2376	 iter
1793	 8.207782e-07	 2377	 iter
1794	 8.207782e-07	 2378	 iter
1795	 8.207782e-07	 2379	 iter
1796	 8.207782e-07	 2381	 iter
1797	 8.207782e-07	 2382	 iter
1798	 8.207782e-07	 2383	 iter
1799	 8.204530e-07	 2385	 iter
1800	 8.204530e-07	 2386	 iter
1801	 8.204530e-07	 2387	 iter
1802	 8.204530e-07	 2388	 iter
1803	 8.204530e-07	 2389	 iter
1804	 8.204530e-07	 2391	 iter
1805	 8.175407e-07	 2393	 iter
1806	 8.175407e-07	 2394	 iter
1807	 8.175407e-07	 2395	 iter
1808	 8.175407e-07	 2396	 iter
1809	 8.175407e-07	 2397	 iter
1810	 8.175407e-07	 2398	 iter
1811	 8.175407e-07	 2399	 iter
1812	 8.175407e-07	 2400	 iter
1813	 8.175407e-07	 2401	 iter
1814	 8.175407e-07	 2402	 iter
1815	 8.174668e-07	 2404	 iter
1816	 8.174668e-07	 2405	 iter
1817	 8.174668e-07	 2406	 iter
1818	 8.134718e-07	 2408	 iter
1819	 8.134718e-07	 2409	 iter
1820	 8.123382e-07	 2411	 iter
1821	 8.123382e-07	 2412	 iter
1822	 8.123382e-07	 2413	 iter
1823	 8.123382e-07	 2414	 iter
1824	 8.123382e-07	 2415	 iter
1825	 8.102538e-07	 2417	 iter
1826	 8.095271e-07	 2419	 iter
1827	 8.095271e-07	 2420	 iter
1828	 8.095271e-07	 2421	 iter
1829	 8.095271e-07	 2422	 iter
1830	 8.095271e-07	 2423	 iter
1831	 8.095271e-07	 2424	 iter
1832	 8.095271e-07	 2425	 iter
1833	 8.095271e-07	 2426	 iter
1834	 8.095271e-07	 2428	 iter
1835	 8.066655e-07	 2430	 iter
1836	 8.049397e-07	 2432	 iter
1837	 8.049397e-07	 2433	 iter
1838	 8.049397e-07	 2434	 iter
1839	 8.015622e-07	 2436	 iter
1840	 8.015622e-07	 2437	 iter
1841	 8.015622e-07	 2438	 iter
1842	 8.015622e-07	 2439	 iter
1843	 8.015622e-07	 2441	 iter
1844	 8.015622e-07	 2442	 iter
1845	 8.015622e-07	 2443	 iter
1846	 8.015622e-07	 2444	 iter
1847	 8.013242e-07	 2446	 iter
1848	 8.013242e-07	 2447	 iter
1849	 8.013242e-07	 2448	 iter
1850	 8.000603e-07	 2450	 iter
1851	 8.000603e-07	 2451	 iter
1852	 8.000603e-07	 2452	 iter
1853	 8.000603e-07	 2453	 iter
1854	 8.000603e-07	 2454	 iter
1855	 8.000603e-07	 2455	 iter
1856	 8.000603e-07	 2456	 iter
1857	 8.000603e-07	 2458	 iter
1858	 8.000603e-07	 2460	 iter
1859	 7.970752e-07	 2462	 iter
1860	 7.967891e-07	 2464	 iter
1861	 7.967891e-07	 2465	 iter
1862	 7.967891e-07	 2466	 iter
1863	 7.965506e-07	 2468	 iter
1864	 7.965506e-07	 2469	 iter
1865	 7.965506e-07	 2470	 iter
1866	 7.965506e-07	 2471	 iter
1867	 7.965506e-07	 2472	 iter
1868	 7.965506e-07	 2474	 iter
1869	 7.965506e-07	 2475	 iter
1870	 7.958525e-07	 2477	 iter
1871	 7.958525e-07	 2479	 iter
1872	 7.958525e-07	 2480	 iter
1873	 7.958525e-07	 2481	 iter
1874	 7.958525e-07	 2483	 iter
1875	 7.958525e-07	 2485	 iter
1876	 7.958525e-07	 2486	 iter
1877	 7.938170e-07	 2488	 iter
1878	 7.938170e-07	 2489	 iter
1879	 7.938170e-07	 2490	 iter
1880	 7.936955e-07	 2492	 iter
1881	 7.936955e-07	 2493	 iter
1882	 7.936955e-07	 2495	 iter
1883	 7.936955e-07	 2496	 iter
1884	 7.936955e-07	 2497	 iter
1885	 7.936955e-07	 2498	 iter
1886	 7.936955e-07	 2499	 iter
1887	 7.936955e-07	 2500	 iter
1888	 7.936955e-07	 2502	 iter
1889	 7.936955e-07	 2504	 iter
1890	 7.934827e-07	 2506	 iter
1891	 7.934827e-07	 2507	 iter
1892	 7.934827e-07	 2508	 iter
1893	 7.934827e-07	 2509	 iter
1894	 7.916133e-07	 2511	 iter
1895	 7.916133e-07	 2512	 iter
1896	 7.916133e-07	 2513	 iter
1897	 7.916133e-07	 2514	 iter
1898	 7.916133e-07	 2515	 iter
1899	 7.916133e-07	 2516	 iter
1900	 7.916133e-07	 2518	 iter
1901	 7.908397e-07	 2520	 iter
1902	 7.908397e-07	 2521	 iter
1903	 7.908397e-07	 2522	 iter
1904	 7.899435e-07	 2524	 iter
1905	 7.899435e-07	 2525	 iter
1906	 7.899435e-07	 2526	 iter
1907	 7.899435e-07	 2527	 iter
1908	 7.899435e-07	 2528	 iter
1909	 7.899435e-07	 2529	 iter
1910	 7.899435e-07	 2530	 iter
1911	 7.899435e-07	 2532	 iter
1912	 7.899435e-07	 2533	 iter
1913	 7.899435e-07	 2535	 iter
1914	 7.899435e-07	 2536	 iter
1915	 7.895514e-07	 2538	 iter
1916	 7.888195e-07	 2540	 iter
1917	 7.888195e-07	 2541	 iter
1918	 7.888195e-07	 2542	 iter
1919	 7.888195e-07	 2543	 iter
1920	 7.888195e-07	 2544	 iter
1921	 7.888195e-07	 2545	 iter
1922	 7.888195e-07	 2547	 iter
1923	 7.888195e-07	 2548	 iter
1924	 7.888195e-07	 2550	 iter
1925	 7.888195e-07	 2552	 iter
1926	 7.888195e-07	 2553	 iter
1927	 7.888195e-07	 2554	 iter
1928	 7.888195e-07	 2555	 iter
1929	 7.881233e-07	 2557	 iter
1930	 7.881233e-07	 2558	 iter
1931	 7.881233e-07	 2559	 iter
1932	 7.881058e-07	 2561	 iter
1933	 7.879144e-07	 2563	 iter
1934	 7.879144e-07	 2564	 iter
1935	 7.879144e-07	 2565	 iter
1936	 7.879144e-07	 2566	 iter
1937	 7.879144e-07	 2567	 iter
1938	 7.877930e-07	 2569	 iter
1939	 7.876094e-07	 2571	 iter
1940	 7.876094e-07	 2572	 iter
1941	 7.867696e-07	 2574	 iter
1942	 7.867696e-07	 2575	 iter
1943	 7.867696e-07	 2576	 iter
1944	 7.867696e-07	 2577	 iter
1945	 7.867696e-07	 2578	 iter
1946	 7.867696e-07	 2579	 iter
1947	 7.867696e-07	 2581	 iter
1948	 7.864633e-07	 2583	 iter
1949	 7.864633e-07	 2584	 iter
1950	 7.864633e-07	 2585	 iter
1951	 7.864318e-07	 2587	 iter
1952	 7.864318e-07	 2589	 iter
1953	 7.864318e-07	 2591	 iter
1954	 7.860416e-07	 2593	 iter
1955	 7.860416e-07	 2594	 iter
1956	 7.860416e-07	 2596	 iter
1957	 7.860416e-07	 2597	 iter
1958	 7.860416e-07	 2598	 iter
1959	 7.860416e-07	 2600	 iter
1960	 7.857760e-07	 2602	 iter
1961	 7.857760e-07	 2603	 iter
1962	 7.857760e-07	 2604	 iter
1963	 7.857760e-07	 2605	 iter
1964	 7.856686e-07	 2607	 iter
1965	 7.856686e-07	 2608	 iter
1966	 7.856686e-07	 2609	 iter
1967	 7.856686e-07	 2610	 iter
1968	 7.856601e-07	 2612	 iter
1969	 7.856601e-07	 2614	 iter
1970	 7.856601e-07	 2615	 iter
1971	 7.849853e-07	 2617	 iter
1972	 7.849853e-07	 2618	 iter
1973	 7.849853e-07	 2619	 iter
1974	 7.843173e-07	 2621	 iter
1975	 7.843173e-07	 2622	 iter
1976	 7.843173e-07	 2623	 iter
1977	 7.843173e-07	 2624	 iter
1978	 7.843173e-07	 2625	 iter
1979	 7.843173e-07	 2626	 iter
1980	 7.843173e-07	 2627	 iter
1981	 7.843173e-07	 2628	 iter
1982	 7.843173e-07	 2629	 iter
1983	 7.843173e-07	 2630	 iter
1984	 7.843173e-07	 2631	 iter
1985	 7.836526e-07	 2633	 iter
1986	 7.836526e-07	 2634	 iter
1987	 7.836526e-07	 2635	 iter
1988	 7.836526e-07	 2636	 iter
1989	 7.836526e-07	 2637	 iter
1990	 7.836526e-07	 2638	 iter
1991	 7.836526e-07	 2639	 iter
1992	 7.836526e-07	 2640	 iter
1993	 7.834737e-07	 2642	 iter
1994	 7.834737e-07	 2643	 iter
1995	 7.834435e-07	 2645	 iter
1996	 7.834435e-07	 2646	 iter
1997	 7.834435e-07	 2647	 iter
1998	 7.831968e-07	 2649	 iter
1999	 7.830933e-07	 2651	 iter
2000	 7.829167e-07	 2653	 iter
2001	 7.829167e-07	 2654	 iter
2002	 7.829167e-07	 2655	 iter
2003	 7.829167e-07	 2656	 iter
2004	 7.829167e-07	 2657	 iter
2005	 7.829167e-07	 2658	 iter
2006	 7.829167e-07	 2660	 iter
2007	 7.829167e-07	 2662	 iter
2008	 7.828225e-07	 2664	 iter
2009	 7.828225e-07	 2665	 iter
2010	 7.828225e-07	 2666	 iter
2011	 7.828225e-07	 2667	 iter
2012	 7.826402e-07	 2669	 iter
2013	 7.826402e-07	 2670	 iter
2014	 7.822788e-07	 2672	 iter
2015	 7.822788e-07	 2673	 iter
2016	 7.822788e-07	 2675	 iter
2017	 7.822788e-07	 2676	 iter
2018	 7.822788e-07	 2677	 iter
2019	 7.822788e-07	 2678	 iter
2020	 7.822788e-07	 2679	 iter
2021	 7.822788e-07	 2680	 iter
2022	 7.822788e-07	 2681	 iter
2023	 7.818305e-07	 2683	 iter
2024	 7.818305e-07	 2684	 iter
2025	 7.818305e-07	 2685	 iter
2026	 7.818305e-07	 2686	 iter
2027	 7.818305e-07	 2687	 iter
2028	 7.818305e-07	 2688	 iter
2029	 7.818305e-07	 2690	 iter
2030	 7.818305e-07	 2691	 iter
2031	 7.818305e-07	 2693	 iter
2032	 7.818305e-07	 2694	 iter
2033	 7.818305e-07	 2695	 iter
2034	 7.817373e-07	 2697	 iter
2035	 7.817373e-07	 2698	 iter
2036	 7.817373e-07	 2699	 iter
2037	 7.817373e-07	 2700	 iter
2038	 7.817373e-07	 2702	 iter
2039	 7.817373e-07	 2704	 iter
2040	 7.817373e-07	 2705	 iter
2041	 7.817373e-07	 2707	 iter
2042	 7.817373e-07	 2708	 iter
2043	 7.817082e-07	 2710	 iter
2044	 7.817082e-07	 2711	 iter
2045	 7.817082e-07	 2712	 iter
2046	 7.817082e-07	 2713	 iter
2047	 7.817082e-07	 2714	 iter
2048	 7.817082e-07	 2716	 iter
2049	 7.817082e-07	 2718	 iter
2050	 7.815474e-07	 2720	 iter
2051	 7.815474e-07	 2721	 iter
2052	 7.814670e-07	 2723	 iter
2053	 7.814670e-07	 2724	 iter
2054	 7.814670e-07	 2725	 iter
2055	 7.814670e-07	 2726	 iter
2056	 7.814670e-07	 2727	 iter
2057	 7.814670e-07	 2728	 iter
2058	 7.814670e-07	 2730	 iter
2059	 7.814670e-07	 2732	 iter
2060	 7.814670e-07	 2733	 iter
2061	 7.814670e-07	 2735	 iter
2062	 7.813855e-07	 2737	 iter
2063	 7.813855e-07	 2738	 iter
2064	 7.813855e-07	 2739	 iter
2065	 7.813855e-07	 2740	 iter
2066	 7.813855e-07	 2741	 iter
2067	 7.812911e-07	 2743	 iter
2068	 7.812911e-07	 2744	 iter
2069	 7.811770e-07	 2746	 iter
2070	 7.811770e-07	 2748	 iter
2071	 7.811770e-07	 2749	 iter
2072	 7.811770e-07	 2750	 iter
2073	 7.811770e-07	 2751	 iter
2074	 7.811770e-07	 2752	 iter
2075	 7.811770e-07	 2753	 iter
2076	 7.811770e-07	 2754	 iter
2077	 7.811770e-07	 2755	 iter
2078	 7.811246e-07	 2757	 iter
2079	 7.811246e-07	 2759	 iter
2080	 7.811246e-07	 2760	 iter
2081	 7.811246e-07	 2762	 iter
2082	 7.811246e-07	 2763	 iter
2083	 7.810742e-07	 2765	 iter
2084	 7.810742e-07	 2767	 iter
2085	 7.810366e-07	 2769	 iter
2086	 7.810366e-07	 2770	 iter
2087	 7.810366e-07	 2771	 iter
2088	 7.810366e-07	 2772	 iter
2089	 7.810366e-07	 2773	 iter
2090	 7.810366e-07	 2775	 iter
2091	 7.810366e-07	 2776	 iter
2092	 7.810357e-07	 2778	 iter
2093	 7.810357e-07	 2779	 iter
2094	 7.810357e-07	 2780	 iter
2095	 7.810357e-07	 2781	 iter
2096	 7.810357e-07	 2783	 iter
2097	 7.810357e-07	 2784	 iter
2098	 7.810299e-07	 2786	 iter
2099	 7.808863e-07	 2788	 iter
2100	 7.808863e-07	 2789	 iter
2101	 7.808863e-07	 2790	 iter
2102	 7.808863e-07	 2791	 iter
2103	 7.808863e-07	 2792	 iter
2104	 7.808863e-07	 2793	 iter
2105	 7.808863e-07	 2795	 iter
2106	 7.808863e-07	 2796	 iter
2107	 7.808241e-07	 2798	 iter
2108	 7.808241e-07	 2799	 iter
2109	 7.808241e-07	 2800	 iter
2110	 7.808241e-07	 2802	 iter
2111	 7.808241e-07	 2803	 iter
2112	 7.808241e-07	 2805	 iter
2113	 7.808241e-07	 2806	 iter
2114	 7.808241e-07	 2808	 iter
2115	 7.808241e-07	 2809	 iter
2116	 7.808228e-07	 2811	 iter
2117	 7.808228e-07	 2812	 iter
2118	 7.808228e-07	 2813	 iter
2119	 7.807164e-07	 2815	 iter
2120	 7.807164e-07	 2816	 iter
2121	 7.807164e-07	 2817	 iter
2122	 7.807164e-07	 2818	 iter
2123	 7.807164e-07	 2819	 iter
2124	 7.807164e-07	 2820	 iter
2125	 7.807164e-07	 2821	 iter
2126	 7.807164e-07	 2823	 iter
2127	 7.807164e-07	 2825	 iter
2128	 7.807164e-07	 2827	 iter
2129	 7.807164e-07	 2828	 iter
2130	 7.807164e-07	 2829	 iter
2131	 7.807164e-07	 2830	 iter
2132	 7.806806e-07	 2832	 iter
2133	 7.806806e-07	 2833	 iter
2134	 7.806806e-07	 2835	 iter
2135	 7.806806e-07	 2836	 iter
2136	 7.806806e-07	 2837	 iter
2137	 7.806806e-07	 2838	 iter
2138	 7.806806e-07	 2839	 iter
2139	 7.806806e-07	 2840	 iter
2140	 7.806806e-07	 2842	 iter
2141	 7.806806e-07	 2843	 iter
2142	 7.806363e-07	 2845	 iter
2143	 7.806363e-07	 2846	 iter
2144	 7.806363e-07	 2847	 iter
2145	 7.806363e-07	 2848	 iter
2146	 7.806363e-07	 2849	 iter
2147	 7.806363e-07	 2850	 iter
2148	 7.806363e-07	 2851	 iter
2149	 7.806361e-07	 2853	 iter
2150	 7.806361e-07	 2854	 iter
2151	 7.806116e-07	 2856	 iter
2152	 7.806116e-07	 2857	 iter
2153	 7.806116e-07	 2858	 iter
2154	 7.806116e-07	 2860	 iter
2155	 7.806116e-07	 2861	 iter
2156	 7.806116e-07	 2862	 iter
2157	 7.806116e-07	 2863	 iter
2158	 7.806116e-07	 2865	 iter
2159	 7.806116e-07	 2866	 iter
2160	 7.806116e-07	 2868	 iter
2161	 7.806116e-07	 2869	 iter
2162	 7.806116e-07	 2870	 iter
2163	 7.806116e-07	 2871	 iter
2164	 7.806116e-07	 2872	 iter
2165	 7.806116e-07	 2873	 iter
2166	 7.806110e-07	 2875	 iter
2167	 7.806042e-07	 2877	 iter
2168	 7.805998e-07	 2879	 iter
2169	 7.805998e-07	 2881	 iter
2170	 7.805998e-07	 2882	 iter
2171	 7.805998e-07	 2883	 iter
2172	 7.805985e-07	 2885	 iter
2173	 7.805983e-07	 2887	 iter
2174	 7.805897e-07	 2889	 iter
2175	 7.805897e-07	 2890	 iter
2176	 7.805811e-07	 2892	 iter
2177	 7.805811e-07	 2894	 iter
2178	 7.805108e-07	 2896	 iter
2179	 7.805108e-07	 2897	 iter
2180	 7.805108e-07	 2898	 iter
2181	 7.805108e-07	 2900	 iter
2182	 7.805108e-07	 2902	 iter
2183	 7.805108e-07	 2903	 iter
2184	 7.805108e-07	 2904	 iter
2185	 7.805108e-07	 2906	 iter
2186	 7.805108e-07	 2907	 iter
2187	 7.805108e-07	 2908	 iter
2188	 7.805108e-07	 2909	 iter
2189	 7.805108e-07	 2910	 iter
2190	 7.805108e-07	 2911	 iter
2191	 7.805108e-07	 2912	 iter
2192	 7.805108e-07	 2914	 iter
2193	 7.805108e-07	 2915	 iter
2194	 7.805108e-07	 2916	 iter
2195	 7.805108e-07	 2917	 iter
2196	 7.805108e-07	 2918	 iter
2197	 7.804672e-07	 2920	 iter
2198	 7.804672e-07	 2921	 iter
2199	 7.804672e-07	 2922	 iter
2200	 7.804672e-07	 2923	 iter
2201	 7.804672e-07	 2924	 iter
2202	 7.804672e-07	 2925	 iter
2203	 7.804672e-07	 2926	 iter
2204	 7.804127e-07	 2928	 iter
2205	 7.804127e-07	 2929	 iter
2206	 7.804127e-07	 2930	 iter
2207	 7.804127e-07	 2931	 iter
2208	 7.804127e-07	 2932	 iter
2209	 7.804127e-07	 2933	 iter
2210	 7.804127e-07	 2934	 iter
2211	 7.804127e-07	 2935	 iter
2212	 7.804007e-07	 2937	 iter
2213	 7.804007e-07	 2938	 iter
2214	 7.804007e-07	 2939	 iter
2215	 7.803935e-07	 2941	 iter
2216	 7.803935e-07	 2942	 iter
2217	 7.803935e-07	 2943	 iter
2218	 7.803786e-07	 2945	 iter
2219	 7.803248e-07	 2947	 iter
2220	 7.803248e-07	 2948	 iter
2221	 7.803248e-07	 2949	 iter
2222	 7.802196e-07	 2951	 iter
2223	 7.802196e-07	 2952	 iter
2224	 7.802196e-07	 2953	 iter
2225	 7.802196e-07	 2954	 iter
2226	 7.802196e-07	 2955	 iter
2227	 7.802196e-07	 2956	 iter
2228	 7.802196e-07	 2957	 iter
2229	 7.802196e-07	 2958	 iter
2230	 7.802196e-07	 2959	 iter
2231	 7.802196e-07	 2960	 iter
2232	 7.802039e-07	 2962	 iter
2233	 7.802039e-07	 2963	 iter
2234	 7.801546e-07	 2965	 iter
2235	 7.800298e-07	 2967	 iter
2236	 7.800298e-07	 2968	 iter
2237	 7.800298e-07	 2969	 iter
2238	 7.800298e-07	 2970	 iter
2239	 7.800298e-07	 2971	 iter
2240	 7.800298e-07	 2972	 iter
2241	 7.799268e-07	 2974	 iter
2242	 7.799268e-07	 2975	 iter
2243	 7.799268e-07	 2976	 iter
2244	 7.799268e-07	 2977	 iter
2245	 7.797363e-07	 2979	 iter
2246	 7.797363e-07	 2980	 iter
2247	 7.797363e-07	 2981	 iter
2248	 7.797363e-07	 2982	 iter
2249	 7.797363e-07	 2983	 iter
2250	 7.797363e-07	 2984	 iter
2251	 7.795963e-07	 2986	 iter
2252	 7.795963e-07	 2987	 iter
2253	 7.795963e-07	 2988	 iter
2254	 7.795963e-07	 2989	 iter
2255	 7.795963e-07	 2990	 iter
2256	 7.795963e-07	 2991	 iter
2257	 7.795134e-07	 2993	 iter
2258	 7.793332e-07	 2995	 iter
2259	 7.793332e-07	 2996	 iter
2260	 7.793332e-07	 2997	 iter
2261	 7.793332e-07	 2998	 iter
2262	 7.793332e-07	 2999	 iter
2263	 7.791809e-07	 3001	 iter
2264	 7.791809e-07	 3002	 iter
2265	 7.788175e-07	 3004	 iter
2266	 7.788175e-07	 3005	 iter
2267	 7.788175e-07	 3006	 iter
2268	 7.788175e-07	 3007	 iter
2269	 7.788175e-07	 3008	 iter
2270	 7.788175e-07	 3009	 iter
2271	 7.788175e-07	 3010	 iter
2272	 7.788175e-07	 3011	 iter
2273	 7.787222e-07	 3013	 iter
2274	 7.787222e-07	 3014	 iter
2275	 7.787222e-07	 3015	 iter
2276	 7.783661e-07	 3017	 iter
2277	 7.783661e-07	 3018	 iter
2278	 7.783661e-07	 3019	 iter
2279	 7.783661e-07	 3020	 iter
2280	 7.782075e-07	 3022	 iter
2281	 7.782075e-07	 3023	 iter
2282	 7.782075e-07	 3024	 iter
2283	 7.776797e-07	 3026	 iter
2284	 7.776797e-07	 3027	 iter
2285	 7.776797e-07	 3028	 iter
2286	 7.776797e-07	 3029	 iter
2287	 7.776797e-07	 3030	 iter
2288	 7.776797e-07	 3031	 iter
2289	 7.776797e-07	 3032	 iter
2290	 7.776797e-07	 3033	 iter
2291	 7.776797e-07	 3034	 iter
2292	 7.773563e-07	 3036	 iter
2293	 7.773563e-07	 3037	 iter
2294	 7.771601e-07	 3039	 iter
2295	 7.771601e-07	 3040	 iter
2296	 7.771601e-07	 3041	 iter
2297	 7.771601e-07	 3042	 iter
2298	 7.771601e-07	 3043	 iter
2299	 7.765810e-07	 3045	 iter
2300	 7.765810e-07	 3046	 iter
2301	 7.760292e-07	 3048	 iter
2302	 7.760292e-07	 3049	 iter
2303	 7.760292e-07	 3050	 iter
2304	 7.760292e-07	 3051	 iter
2305	 7.760292e-07	 3052	 iter
2306	 7.760292e-07	 3053	 iter
2307	 7.760292e-07	 3054	 iter
2308	 7.760292e-07	 3055	 iter
2309	 7.760292e-07	 3056	 iter
2310	 7.756067e-07	 3058	 iter
2311	 7.756067e-07	 3059	 iter
2312	 7.750757e-07	 3061	 iter
2313	 7.750757e-07	 3062	 iter
2314	 7.750757e-07	 3063	 iter
2315	 7.750757e-07	 3064	 iter
2316	 7.750757e-07	 3065	 iter
2317	 7.750757e-07	 3066	 iter
2318	 7.750757e-07	 3067	 iter
2319	 7.740885e-07	 3069	 iter
2320	 7.740885e-07	 3070	 iter
2321	 7.740885e-07	 3071	 iter
2322	 7.740885e-07	 3072	 iter
2323	 7.740885e-07	 3073	 iter
2324	 7.740885e-07	 3074	 iter
2325	 7.740885e-07	 3075	 iter
2326	 7.740885e-07	 3076	 iter
2327	 7.740885e-07	 3077	 iter
2328	 7.740885e-07	 3078	 iter
2329	 7.740474e-07	 3080	 iter
2330	 7.740474e-07	 3081	 iter
2331	 7.737306e-07	 3083	 iter
2332	 7.722365e-07	 3085	 iter
2333	 7.722365e-07	 3086	 iter
2334	 7.722365e-07	 3087	 iter
2335	 7.722365e-07	 3088	 iter
2336	 7.722365e-07	 3089	 iter
2337	 7.722365e-07	 3090	 iter
2338	 7.722365e-07	 3091	 iter
2339	 7.722365e-07	 3092	 iter
2340	 7.722365e-07	 3093	 iter
2341	 7.722365e-07	 3094	 iter
2342	 7.722365e-07	 3095	 iter
2343	 7.722365e-07	 3096	 iter
2344	 7.716549e-07	 3098	 iter
2345	 7.716549e-07	 3099	 iter
2346	 7.708785e-07	 3101	 iter
2347	 7.708785e-07	 3102	 iter
2348	 7.708785e-07	 3103	 iter
2349	 7.708785e-07	 3104	 iter
2350	 7.708785e-07	 3105	 iter
2351	 7.704649e-07	 3107	 iter
2352	 7.704649e-07	 3108	 iter
2353	 7.692067e-07	 3110	 iter
2354	 7.692067e-07	 3111	 iter
2355	 7.692067e-07	 3112	 iter
2356	 7.675798e-07	 3114	 iter
2357	 7.675798e-07	 3115	 iter
2358	 7.675798e-07	 3116	 iter
2359	 7.675798e-07	 3117	 iter
2360	 7.675798e-07	 3118	 iter
2361	 7.675798e-07	 3119	 iter
2362	 7.675798e-07	 3120	 iter
2363	 7.675798e-07	 3121	 iter
2364	 7.675798e-07	 3122	 iter
2365	 7.673104e-07	 3124	 iter
2366	 7.665953e-07	 3126	 iter
2367	 7.651565e-07	 3128	 iter
2368	 7.651565e-07	 3129	 iter
2369	 7.651565e-07	 3130	 iter
2370	 7.631935e-07	 3132	 iter
2371	 7.631935e-07	 3133	 iter
2372	 7.631935e-07	 3134	 iter
2373	 7.631935e-07	 3135	 iter
2374	 7.631935e-07	 3136	 iter
2375	 7.631935e-07	 3137	 iter
2376	 7.631935e-07	 3138	 iter
2377	 7.631572e-07	 3140	 iter
2378	 7.627081e-07	 3142	 iter
2379	 7.627081e-07	 3143	 iter
2380	 7.612725e-07	 3145	 iter
2381	 7.612725e-07	 3146	 iter
2382	 7.612725e-07	 3147	 iter
2383	 7.612725e-07	 3148	 iter
2384	 7.612725e-07	 3149	 iter
2385	 7.612725e-07	 3150	 iter
2386	 7.609091e-07	 3152	 iter
2387	 7.609091e-07	 3153	 iter
2388	 7.609091e-07	 3154	 iter
2389	 7.609091e-07	 3155	 iter
2390	 7.609091e-07	 3156	 iter
2391	 7.600753e-07	 3158	 iter
2392	 7.600753e-07	 3160	 iter
2393	 7.600753e-07	 3161	 iter
2394	 7.600753e-07	 3163	 iter
2395	 7.600753e-07	 3164	 iter
2396	 7.600753e-07	 3165	 iter
2397	 7.600753e-07	 3166	 iter
2398	 7.600753e-07	 3167	 iter
2399	 7.598374e-07	 3169	 iter
2400	 7.598374e-07	 3170	 iter
2401	 7.588407e-07	 3172	 iter
2402	 7.555900e-07	 3174	 iter
2403	 7.555900e-07	 3175	 iter
2404	 7.555900e-07	 3176	 iter
2405	 7.555900e-07	 3177	 iter
2406	 7.555900e-07	 3178	 iter
2407	 7.555900e-07	 3180	 iter
2408	 7.555900e-07	 3181	 iter
2409	 7.555900e-07	 3182	 iter
2410	 7.555900e-07	 3183	 iter
2411	 7.555900e-07	 3184	 iter
2412	 7.555900e-07	 3185	 iter
2413	 7.555900e-07	 3186	 iter
2414	 7.555900e-07	 3187	 iter
2415	 7.555900e-07	 3188	 iter
2416	 7.555900e-07	 3189	 iter
2417	 7.555900e-07	 3190	 iter
2418	 7.532128e-07	 3192	 iter
2419	 7.532128e-07	 3193	 iter
2420	 7.532128e-07	 3194	 iter
2421	 7.532128e-07	 3195	 iter
2422	 7.532128e-07	 3196	 iter
2423	 7.532128e-07	 3197	 iter
2424	 7.532128e-07	 3198	 iter
2425	 7.532128e-07	 3199	 iter
2426	 7.516087e-07	 3201	 iter
2427	 7.516087e-07	 3202	 iter
2428	 7.516087e-07	 3203	 iter
2429	 7.489478e-07	 3205	 iter
2430	 7.489478e-07	 3206	 iter
2431	 7.489478e-07	 3207	 iter
2432	 7.489478e-07	 3208	 iter
2433	 7.489478e-07	 3209	 iter
2434	 7.489478e-07	 3210	 iter
2435	 7.489478e-07	 3211	 iter
2436	 7.489478e-07	 3212	 iter
2437	 7.489478e-07	 3213	 iter
2438	 7.489478e-07	 3214	 iter
2439	 7.489478e-07	 3215	 iter
2440	 7.473433e-07	 3217	 iter
2441	 7.449623e-07	 3219	 iter
2442	 7.449623e-07	 3220	 iter
2443	 7.449623e-07	 3221	 iter
2444	 7.420940e-07	 3223	 iter
2445	 7.420940e-07	 3224	 iter
2446	 7.420940e-07	 3225	 iter
2447	 7.420940e-07	 3226	 iter
2448	 7.420940e-07	 3227	 iter
2449	 7.420940e-07	 3228	 iter
2450	 7.420940e-07	 3229	 iter
2451	 7.420940e-07	 3230	 iter
2452	 7.420940e-07	 3231	 iter
2453	 7.388698e-07	 3233	 iter
2454	 7.388698e-07	 3234	 iter
2455	 7.388698e-07	 3235	 iter
2456	 7.388698e-07	 3236	 iter
2457	 7.364698e-07	 3238	 iter
2458	 7.364698e-07	 3239	 iter
2459	 7.364698e-07	 3240	 iter
2460	 7.364698e-07	 3241	 iter
2461	 7.364698e-07	 3242	 iter
2462	 7.364698e-07	 3243	 iter
2463	 7.364698e-07	 3244	 iter
2464	 7.364698e-07	 3245	 iter
2465	 7.364698e-07	 3246	 iter
2466	 7.326069e-07	 3248	 iter
2467	 7.326069e-07	 3249	 iter
2468	 7.326069e-07	 3250	 iter
2469	 7.326069e-07	 3251	 iter
2470	 7.326069e-07	 3252	 iter
2471	 7.326069e-07	 3253	 iter
2472	 7.326069e-07	 3254	 iter
2473	 7.326069e-07	 3255	 iter
2474	 7.324834e-07	 3257	 iter
2475	 7.314590e-07	 3259	 iter
2476	 7.314590e-07	 3260	 iter
2477	 7.305342e-07	 3262	 iter
2478	 7.290248e-07	 3264	 iter
2479	 7.290248e-07	 3265	 iter
2480	 7.290248e-07	 3266	 iter
2481	 7.290248e-07	 3267	 iter
2482	 7.290248e-07	 3268	 iter
2483	 7.290248e-07	 3269	 iter
2484	 7.290248e-07	 3270	 iter
2485	 7.265810e-07	 3272	 iter
2486	 7.265810e-07	 3274	 iter
2487	 7.265810e-07	 3275	 iter
2488	 7.265810e-07	 3276	 iter
2489	 7.229418e-07	 3278	 iter
2490	 7.229418e-07	 3279	 iter
2491	 7.229418e-07	 3280	 iter
2492	 7.229418e-07	 3281	 iter
2493	 7.229418e-07	 3282	 iter
2494	 7.229418e-07	 3283	 iter
2495	 7.229418e-07	 3284	 iter
2496	 7.229418e-07	 3285	 iter
2497	 7.229418e-07	 3286	 iter
2498	 7.229418e-07	 3287	 iter
2499	 7.229418e-07	 3288	 iter
2500	 7.229418e-07	 3289	 iter
2501	 7.228330e-07	 3291	 iter
2502	 7.228330e-07	 3292	 iter
2503	 7.228330e-07	 3293	 iter
2504	 7.228330e-07	 3294	 iter
2505	 7.228330e-07	 3295	 iter
2506	 7.228330e-07	 3296	 iter
2507	 7.228330e-07	 3297	 iter
2508	 7.228330e-07	 3299	 iter
2509	 7.228330e-07	 3301	 iter
2510	 7.228330e-07	 3302	 iter
2511	 7.228330e-07	 3303	 iter
2512	 7.228330e-07	 3304	 iter
2513	 7.208400e-07	 3306	 iter
2514	 7.208400e-07	 3307	 iter
2515	 7.204131e-07	 3309	 iter
2516	 7.204131e-07	 3310	 iter
2517	 7.204131e-07	 3311	 iter
2518	 7.204131e-07	 3312	 iter
2519	 7.204131e-07	 3314	 iter
2520	 7.204131e-07	 3315	 iter
2521	 7.204131e-07	 3316	 iter
2522	 7.204131e-07	 3317	 iter
2523	 7.204131e-07	 3318	 iter
2524	 7.204131e-07	 3319	 iter
2525	 7.191399e-07	 3321	 iter
2526	 7.191399e-07	 3322	 iter
2527	 7.191399e-07	 3323	 iter
2528	 7.191399e-07	 3324	 iter
2529	 7.191399e-07	 3325	 iter
2530	 7.191399e-07	 3327	 iter
2531	 7.191399e-07	 3328	 iter
2532	 7.191399e-07	 3329	 iter
2533	 7.191399e-07	 3331	 iter
2534	 7.191399e-07	 3332	 iter
2535	 7.191399e-07	 3334	 iter
2536	 7.191399e-07	 3335	 iter
2537	 7.191399e-07	 3336	 iter
2538	 7.191399e-07	 3338	 iter
2539	 7.191399e-07	 3339	 iter
2540	 7.191399e-07	 3340	 iter
2541	 7.191399e-07	 3341	 iter
2542	 7.191399e-07	 3342	 iter
2543	 7.191399e-07	 3344	 iter
2544	 7.191399e-07	 3346	 iter
2545	 7.191399e-07	 3348	 iter
2546	 7.191399e-07	 3349	 iter
2547	 7.189807e-07	 3351	 iter
2548	 7.189807e-07	 3352	 iter
2549	 7.189807e-07	 3354	 iter
2550	 7.189807e-07	 3355	 iter
2551	 7.189807e-07	 3356	 iter
2552	 7.189807e-07	 3357	 iter
2553	 7.189807e-07	 3359	 iter
2554	 7.189807e-07	 3360	 iter
2555	 7.185291e-07	 3362	 iter
2556	 7.185291e-07	 3363	 iter
2557	 7.185291e-07	 3364	 iter
2558	 7.185291e-07	 3365	 iter
2559	 7.185291e-07	 3366	 iter
2560	 7.185291e-07	 3368	 iter
2561	 7.185291e-07	 3369	 iter
2562	 7.185291e-07	 3371	 iter
2563	 7.185291e-07	 3372	 iter
2564	 7.185291e-07	 3373	 iter
2565	 7.185291e-07	 3374	 iter
2566	 7.185291e-07	 3376	 iter
2567	 7.179551e-07	 3378	 iter
2568	 7.179551e-07	 3380	 iter
2569	 7.179551e-07	 3381	 iter
2570	 7.179551e-07	 3383	 iter
2571	 7.179551e-07	 3384	 iter
2572	 7.179551e-07	 3385	 iter
2573	 7.179551e-07	 3387	 iter
2574	 7.179551e-07	 3388	 iter
2575	 7.179551e-07	 3390	 iter
2576	 7.179551e-07	 3392	 iter
2577	 7.179551e-07	 3393	 iter
2578	 7.179551e-07	 3394	 iter
2579	 7.179551e-07	 3395	 iter
2580	 7.179551e-07	 3396	 iter
2581	 7.179551e-07	 3398	 iter
2582	 7.179551e-07	 3399	 iter
2583	 7.179551e-07	 3401	 iter
2584	 7.179551e-07	 3402	 iter
2585	 7.179551e-07	 3403	 iter
2586	 7.179551e-07	 3404	 iter
2587	 7.179551e-07	 3405	 iter
2588	 7.179551e-07	 3406	 iter
2589	 7.179551e-07	 3407	 iter
2590	 7.178861e-07	 3409	 iter
2591	 7.178861e-07	 3410	 iter
2592	 7.175639e-07	 3412	 iter
2593	 7.173421e-07	 3414	 iter
2594	 7.173421e-07	 3415	 iter
2595	 7.173421e-07	 3416	 iter
2596	 7.173421e-07	 3417	 iter
2597	 7.173421e-07	 3418	 iter
2598	 7.173421e-07	 3419	 iter
2599	 7.173421e-07	 3420	 iter
2600	 7.173421e-07	 3421	 iter
2601	 7.173421e-07	 3422	 iter
2602	 7.173421e-07	 3423	 iter
2603	 7.173421e-07	 3424	 iter
2604	 7.173421e-07	 3425	 iter
2605	 7.172802e-07	 3427	 iter
2606	 7.172802e-07	 3428	 iter
2607	 7.172802e-07	 3429	 iter
2608	 7.171454e-07	 3431	 iter
2609	 7.171190e-07	 3433	 iter
2610	 7.171190e-07	 3434	 iter
2611	 7.170580e-07	 3436	 iter
2612	 7.169503e-07	 3438	 iter
2613	 7.169503e-07	 3439	 iter
2614	 7.169503e-07	 3440	 iter
2615	 7.169503e-07	 3441	 iter
2616	 7.169503e-07	 3442	 iter
2617	 7.169503e-07	 3444	 iter
2618	 7.168830e-07	 3446	 iter
2619	 7.168830e-07	 3448	 iter
2620	 7.168830e-07	 3449	 iter
2621	 7.168445e-07	 3451	 iter
2622	 7.168445e-07	 3452	 iter
2623	 7.168445e-07	 3454	 iter
2624	 7.168099e-07	 3456	 iter
2625	 7.165605e-07	 3458	 iter
2626	 7.165605e-07	 3459	 iter
2627	 7.164944e-07	 3461	 iter
2628	 7.164944e-07	 3462	 iter
2629	 7.164944e-07	 3463	 iter
2630	 7.164944e-07	 3464	 iter
2631	 7.164944e-07	 3466	 iter
2632	 7.164944e-07	 3467	 iter
2633	 7.164944e-07	 3469	 iter
2634	 7.164944e-07	 3470	 iter
2635	 7.164944e-07	 3471	 iter
2636	 7.164944e-07	 3472	 iter
2637	 7.164944e-07	 3474	 iter
2638	 7.164944e-07	 3475	 iter
2639	 7.164944e-07	 3476	 iter
2640	 7.161336e-07	 3478	 iter
2641	 7.161336e-07	 3479	 iter
2642	 7.161336e-07	 3480	 iter
2643	 7.161336e-07	 3481	 iter
2644	 7.161336e-07	 3482	 iter
2645	 7.161336e-07	 3483	 iter
2646	 7.161336e-07	 3485	 iter
2647	 7.161336e-07	 3486	 iter
2648	 7.161336e-07	 3487	 iter
2649	 7.160306e-07	 3489	 iter
2650	 7.160306e-07	 3490	 iter
2651	 7.160306e-07	 3491	 iter
2652	 7.160306e-07	 3492	 iter
2653	 7.160306e-07	 3493	 iter
2654	 7.160306e-07	 3494	 iter
2655	 7.160306e-07	 3495	 iter
2656	 7.160306e-07	 3496	 iter
2657	 7.160306e-07	 3497	 iter
2658	 7.160306e-07	 3498	 iter
2659	 7.160306e-07	 3499	 iter
2660	 7.158944e-07	 3501	 iter
2661	 7.158944e-07	 3502	 iter
2662	 7.158944e-07	 3503	 iter
2663	 7.158944e-07	 3504	 iter
2664	 7.158944e-07	 3505	 iter
2665	 7.158944e-07	 3506	 iter
2666	 7.158944e-07	 3508	 iter
2667	 7.158944e-07	 3509	 iter
2668	 7.157449e-07	 3511	 iter
2669	 7.157449e-07	 3512	 iter
2670	 7.157449e-07	 3513	 iter
2671	 7.157449e-07	 3515	 iter
2672	 7.157449e-07	 3516	 iter
2673	 7.157449e-07	 3517	 iter
2674	 7.157449e-07	 3518	 iter
2675	 7.157449e-07	 3519	 iter
2676	 7.157449e-07	 3520	 iter
2677	 7.157449e-07	 3521	 iter
2678	 7.154445e-07	 3523	 iter
2679	 7.154445e-07	 3524	 iter
2680	 7.154445e-07	 3525	 iter
2681	 7.154445e-07	 3527	 iter
2682	 7.154445e-07	 3528	 iter
2683	 7.154445e-07	 3529	 iter
2684	 7.154445e-07	 3530	 iter
2685	 7.154445e-07	 3531	 iter
2686	 7.154445e-07	 3532	 iter
2687	 7.154445e-07	 3533	 iter
2688	 7.154445e-07	 3534	 iter
2689	 7.154445e-07	 3535	 iter
2690	 7.154445e-07	 3536	 iter
2691	 7.154445e-07	 3537	 iter
2692	 7.154445e-07	 3538	 iter
2693	 7.154000e-07	 3540	 iter
2694	 7.154000e-07	 3541	 iter
2695	 7.152863e-07	 3543	 iter
2696	 7.152863e-07	 3544	 iter
2697	 7.152863e-07	 3545	 iter
2698	 7.152863e-07	 3546	 iter
2699	 7.152863e-07	 3547	 iter
2700	 7.152863e-07	 3548	 iter
2701	 7.152863e-07	 3549	 iter
2702	 7.152863e-07	 3550	 iter
2703	 7.152863e-07	 3551	 iter
2704	 7.152863e-07	 3553	 iter
2705	 7.151278e-07	 3555	 iter
2706	 7.151278e-07	 3556	 iter
2707	 7.151278e-07	 3557	 iter
2708	 7.151278e-07	 3558	 iter
2709	 7.151278e-07	 3559	 iter
2710	 7.149872e-07	 3561	 iter
2711	 7.149872e-07	 3562	 iter
2712	 7.149872e-07	 3563	 iter
2713	 7.149872e-07	 3564	 iter
2714	 7.149872e-07	 3565	 iter
2715	 7.149872e-07	 3566	 iter
2716	 7.149872e-07	 3567	 iter
2717	 7.149869e-07	 3569	 iter
2718	 7.149869e-07	 3570	 iter
2719	 7.149869e-07	 3571	 iter
2720	 7.149869e-07	 3572	 iter
2721	 7.149869e-07	 3573	 iter
2722	 7.149869e-07	 3574	 iter
2723	 7.149869e-07	 3575	 iter
2724	 7.148822e-07	 3577	 iter
2725	 7.148822e-07	 3578	 iter
2726	 7.147885e-07	 3580	 iter
2727	 7.147885e-07	 3581	 iter
2728	 7.147885e-07	 3582	 iter
2729	 7.147885e-07	 3583	 iter
2730	 7.147885e-07	 3584	 iter
2731	 7.147881e-07	 3586	 iter
2732	 7.147881e-07	 3587	 iter
2733	 7.147881e-07	 3589	 iter
2734	 7.147881e-07	 3590	 iter
2735	 7.147881e-07	 3592	 iter
2736	 7.147881e-07	 3593	 iter
2737	 7.147881e-07	 3594	 iter
2738	 7.147881e-07	 3595	 iter
2739	 7.147881e-07	 3596	 iter
2740	 7.147881e-07	 3597	 iter
2741	 7.147881e-07	 3598	 iter
2742	 7.147881e-07	 3600	 iter
2743	 7.147466e-07	 3602	 iter
2744	 7.146557e-07	 3604	 iter
2745	 7.146557e-07	 3605	 iter
2746	 7.146557e-07	 3606	 iter
2747	 7.146557e-07	 3607	 iter
2748	 7.146557e-07	 3608	 iter
2749	 7.146557e-07	 3610	 iter
2750	 7.146557e-07	 3612	 iter
2751	 7.146557e-07	 3613	 iter
2752	 7.146557e-07	 3614	 iter
2753	 7.146557e-07	 3615	 iter
2754	 7.146557e-07	 3617	 iter
2755	 7.146557e-07	 3619	 iter
2756	 7.146401e-07	 3621	 iter
2757	 7.146401e-07	 3622	 iter
2758	 7.146401e-07	 3623	 iter
2759	 7.146401e-07	 3625	 iter
2760	 7.146401e-07	 3626	 iter
2761	 7.146401e-07	 3628	 iter
2762	 7.146401e-07	 3629	 iter
2763	 7.146401e-07	 3630	 iter
2764	 7.145464e-07	 3632	 iter
2765	 7.145464e-07	 3634	 iter
2766	 7.145464e-07	 3636	 iter
2767	 7.145464e-07	 3638	 iter
2768	 7.145464e-07	 3639	 iter
2769	 7.145464e-07	 3641	 iter
2770	 7.145464e-07	 3642	 iter
2771	 7.145464e-07	 3644	 iter
2772	 7.145464e-07	 3646	 iter
2773	 7.145464e-07	 3647	 iter
2774	 7.145464e-07	 3648	 iter
2775	 7.145464e-07	 3649	 iter
2776	 7.145464e-07	 3650	 iter
2777	 7.145464e-07	 3651	 iter
2778	 7.145464e-07	 3652	 iter
2779	 7.145464e-07	 3653	 iter
2780	 7.145464e-07	 3655	 iter
2781	 7.145464e-07	 3656	 iter
2782	 7.145464e-07	 3657	 iter
2783	 7.145441e-07	 3659	 iter
2784	 7.145441e-07	 3660	 iter
2785	 7.145424e-07	 3662	 iter
2786	 7.144906e-07	 3664	 iter
2787	 7.144805e-07	 3666	 iter
2788	 7.144805e-07	 3667	 iter
2789	 7.144805e-07	 3669	 iter
2790	 7.144805e-07	 3670	 iter
2791	 7.144805e-07	 3671	 iter
2792	 7.144805e-07	 3672	 iter
2793	 7.144805e-07	 3673	 iter
2794	 7.144805e-07	 3674	 iter
2795	 7.144805e-07	 3675	 iter
2796	 7.144805e-07	 3677	 iter
2797	 7.144805e-07	 3678	 iter
2798	 7.144741e-07	 3680	 iter
2799	 7.144741e-07	 3681	 iter
2800	 7.144741e-07	 3683	 iter
2801	 7.144741e-07	 3684	 iter
2802	 7.144578e-07	 3686	 iter
2803	 7.144578e-07	 3687	 iter
2804	 7.144578e-07	 3689	 iter
2805	 7.144578e-07	 3690	 iter
2806	 7.144525e-07	 3692	 iter
2807	 7.144525e-07	 3693	 iter
2808	 7.144525e-07	 3695	 iter
2809	 7.144525e-07	 3696	 iter
2810	 7.144525e-07	 3697	 iter
2811	 7.144525e-07	 3698	 iter
2812	 7.144352e-07	 3700	 iter
2813	 7.144352e-07	 3701	 iter
2814	 7.144352e-07	 3703	 iter
2815	 7.144352e-07	 3705	 iter
2816	 7.144352e-07	 3706	 iter
2817	 7.144352e-07	 3708	 iter
2818	 7.144352e-07	 3710	 iter
2819	 7.144352e-07	 3712	 iter
2820	 7.144352e-07	 3713	 iter
2821	 7.144352e-07	 3714	 iter
2822	 7.144276e-07	 3716	 iter
2823	 7.144208e-07	 3718	 iter
2824	 7.144208e-07	 3719	 iter
2825	 7.144208e-07	 3720	 iter
2826	 7.144208e-07	 3721	 iter
2827	 7.144208e-07	 3722	 iter
2828	 7.144208e-07	 3723	 iter
2829	 7.144208e-07	 3724	 iter
2830	 7.144208e-07	 3726	 iter
2831	 7.144144e-07	 3728	 iter
2832	 7.144074e-07	 3730	 iter
2833	 7.144074e-07	 3731	 iter
2834	 7.143986e-07	 3733	 iter
2835	 7.143962e-07	 3735	 iter
2836	 7.143962e-07	 3736	 iter
2837	 7.143962e-07	 3737	 iter
2838	 7.143962e-07	 3738	 iter
2839	 7.143962e-07	 3739	 iter
2840	 7.143962e-07	 3741	 iter
2841	 7.143962e-07	 3742	 iter
2842	 7.143941e-07	 3744	 iter
2843	 7.143826e-07	 3746	 iter
2844	 7.143774e-07	 3748	 iter
2845	 7.143774e-07	 3749	 iter
2846	 7.143774e-07	 3750	 iter
2847	 7.143774e-07	 3751	 iter
2848	 7.143774e-07	 3752	 iter
2849	 7.143774e-07	 3753	 iter
2850	 7.143774e-07	 3754	 iter
2851	 7.143692e-07	 3756	 iter
2852	 7.143692e-07	 3757	 iter
2853	 7.143692e-07	 3759	 iter
2854	 7.143692e-07	 3760	 iter
2855	 7.143692e-07	 3761	 iter
2856	 7.143692e-07	 3762	 iter
2857	 7.143692e-07	 3763	 iter
2858	 7.143692e-07	 3764	 iter
2859	 7.143552e-07	 3766	 iter
2860	 7.143552e-07	 3767	 iter
2861	 7.143486e-07	 3769	 iter
2862	 7.143486e-07	 3770	 iter
2863	 7.143486e-07	 3771	 iter
2864	 7.143486e-07	 3772	 iter
2865	 7.143486e-07	 3773	 iter
2866	 7.143486e-07	 3775	 iter
2867	 7.143486e-07	 3776	 iter
2868	 7.143486e-07	 3777	 iter
2869	 7.143486e-07	 3778	 iter
2870	 7.143397e-07	 3780	 iter
2871	 7.143397e-07	 3781	 iter
2872	 7.143397e-07	 3783	 iter
2873	 7.143397e-07	 3784	 iter
2874	 7.143397e-07	 3785	 iter
2875	 7.143353e-07	 3787	 iter
2876	 7.143353e-07	 3788	 iter
2877	 7.143353e-07	 3790	 iter
2878	 7.143353e-07	 3791	 iter
2879	 7.143353e-07	 3792	 iter
2880	 7.143325e-07	 3794	 iter
2881	 7.143325e-07	 3795	 iter
2882	 7.143325e-07	 3796	 iter
2883	 7.143237e-07	 3798	 iter
2884	 7.143237e-07	 3799	 iter
2885	 7.143237e-07	 3800	 iter
2886	 7.143237e-07	 3801	 iter
2887	 7.143207e-07	 3803	 iter
2888	 7.143207e-07	 3804	 iter
2889	 7.143207e-07	 3805	 iter
2890	 7.143180e-07	 3807	 iter
2891	 7.143180e-07	 3808	 iter
2892	 7.143180e-07	 3809	 iter
2893	 7.143180e-07	 3810	 iter
2894	 7.143149e-07	 3812	 iter
2895	 7.143149e-07	 3813	 iter
2896	 7.143149e-07	 3815	 iter
2897	 7.143149e-07	 3816	 iter
2898	 7.143089e-07	 3818	 iter
2899	 7.143089e-07	 3819	 iter
2900	 7.143089e-07	 3820	 iter
2901	 7.143089e-07	 3821	 iter
2902	 7.143089e-07	 3822	 iter
2903	 7.143089e-07	 3824	 iter
2904	 7.143089e-07	 3825	 iter
2905	 7.143089e-07	 3827	 iter
2906	 7.143089e-07	 3829	 iter
2907	 7.143072e-07	 3831	 iter
2908	 7.143072e-07	 3832	 iter
2909	 7.143072e-07	 3834	 iter
2910	 7.143072e-07	 3835	 iter
2911	 7.143072e-07	 3836	 iter
2912	 7.143072e-07	 3837	 iter
2913	 7.143031e-07	 3839	 iter
2914	 7.143031e-07	 3840	 iter
2915	 7.143031e-07	 3841	 iter
2916	 7.143031e-07	 3842	 iter
2917	 7.143031e-07	 3843	 iter
2918	 7.143031e-07	 3845	 iter
2919	 7.143031e-07	 3847	 iter
2920	 7.143027e-07	 3849	 iter
2921	 7.143027e-07	 3850	 iter
2922	 7.143027e-07	 3851	 iter
2923	 7.143027e-07	 3853	 iter
2924	 7.142991e-07	 3855	 iter
2925	 7.142991e-07	 3857	 iter
2926	 7.142991e-07	 3858	 iter
2927	 7.142991e-07	 3860	 iter
2928	 7.142991e-07	 3862	 iter
2929	 7.142991e-07	 3863	 iter
2930	 7.142962e-07	 3865	 iter
2931	 7.142962e-07	 3866	 iter
2932	 7.142962e-07	 3867	 iter
2933	 7.142962e-07	 3868	 iter
2934	 7.142946e-07	 3870	 iter
2935	 7.142946e-07	 3871	 iter
2936	 7.142946e-07	 3873	 iter
2937	 7.142946e-07	 3874	 iter
2938	 7.142930e-07	 3876	 iter
2939	 7.142930e-07	 3878	 iter
2940	 7.142930e-07	 3879	 iter
2941	 7.142930e-07	 3880	 iter
2942	 7.142930e-07	 3881	 iter
2943	 7.142930e-07	 3882	 iter
2944	 7.142930e-07	 3883	 iter
2945	 7.142930e-07	 3884	 iter
2946	 7.142930e-07	 3885	 iter
2947	 7.142927e-07	 3887	 iter
2948	 7.142927e-07	 3888	 iter
2949	 7.142927e-07	 3889	 iter
2950	 7.142927e-07	 3890	 iter
2951	 7.142927e-07	 3892	 iter
2952	 7.142927e-07	 3893	 iter
2953	 7.142927e-07	 3894	 iter
2954	 7.142895e-07	 3896	 iter
2955	 7.142895e-07	 3897	 iter
2956	 7.142895e-07	 3898	 iter
2957	 7.142891e-07	 3900	 iter
2958	 7.142891e-07	 3901	 iter
2959	 7.142891e-07	 3902	 iter
2960	 7.142891e-07	 3904	 iter
2961	 7.142891e-07	 3905	 iter
2962	 7.142891e-07	 3906	 iter
2963	 7.142891e-07	 3908	 iter
2964	 7.142867e-07	 3910	 iter
2965	 7.142867e-07	 3911	 iter
2966	 7.142867e-07	 3912	 iter
2967	 7.142867e-07	 3913	 iter
2968	 7.142867e-07	 3915	 iter
2969	 7.142867e-07	 3916	 iter
2970	 7.142867e-07	 3917	 iter
2971	 7.142867e-07	 3918	 iter
2972	 7.142867e-07	 3919	 iter
2973	 7.142867e-07	 3920	 iter
2974	 7.142867e-07	 3921	 iter
2975	 7.142867e-07	 3922	 iter
2976	 7.142867e-07	 3923	 iter
2977	 7.142836e-07	 3925	 iter
2978	 7.142836e-07	 3926	 iter
2979	 7.142836e-07	 3928	 iter
2980	 7.142836e-07	 3929	 iter
2981	 7.142836e-07	 3931	 iter
2982	 7.142821e-07	 3933	 iter
2983	 7.142821e-07	 3934	 iter
2984	 7.142821e-07	 3935	 iter
2985	 7.142821e-07	 3936	 iter
2986	 7.142821e-07	 3937	 iter
2987	 7.142821e-07	 3938	 iter
2988	 7.142821e-07	 3940	 iter
2989	 7.142821e-07	 3941	 iter
2990	 7.142821e-07	 3942	 iter
2991	 7.142821e-07	 3943	 iter
2992	 7.142821e-07	 3944	 iter
2993	 7.142821e-07	 3945	 iter
2994	 7.142821e-07	 3947	 iter
2995	 7.142821e-07	 3949	 iter
2996	 7.142821e-07	 3950	 iter
2997	 7.142821e-07	 3951	 iter
2998	 7.142809e-07	 3953	 iter
2999	 7.142803e-07	 3955	 iter
3000	 7.142803e-07	 3956	 iter
3001	 7.142803e-07	 3957	 iter
3002	 7.142803e-07	 3958	 iter
3003	 7.142803e-07	 3959	 iter
3004	 7.142803e-07	 3960	 iter
3005	 7.142803e-07	 3961	 iter
3006	 7.142803e-07	 3962	 iter
3007	 7.142774e-07	 3964	 iter
3008	 7.142774e-07	 3966	 iter
3009	 7.142774e-07	 3967	 iter
3010	 7.142774e-07	 3968	 iter
3011	 7.142774e-07	 3969	 iter
3012	 7.142774e-07	 3970	 iter
3013	 7.142774e-07	 3971	 iter
3014	 7.142774e-07	 3972	 iter
3015	 7.142774e-07	 3973	 iter
3016	 7.142774e-07	 3974	 iter
3017	 7.142774e-07	 3975	 iter
3018	 7.142774e-07	 3977	 iter
3019	 7.142773e-07	 3979	 iter
3020	 7.142773e-07	 3980	 iter
3021	 7.142773e-07	 3981	 iter
3022	 7.142773e-07	 3982	 iter
3023	 7.142773e-07	 3983	 iter
3024	 7.142773e-07	 3984	 iter
3025	 7.142773e-07	 3985	 iter
3026	 7.142767e-07	 3987	 iter
3027	 7.142752e-07	 3989	 iter
3028	 7.142752e-07	 3990	 iter
3029	 7.142752e-07	 3991	 iter
3030	 7.142752e-07	 3992	 iter
3031	 7.142748e-07	 3994	 iter
3032	 7.142748e-07	 3995	 iter
3033	 7.142748e-07	 3996	 iter
3034	 7.142736e-07	 3998	 iter
3035	 7.142736e-07	 3999	 iter
3036	 7.142736e-07	 4000	 iter
3037	 7.142736e-07	 4001	 iter
3038	 7.142736e-07	 4002	 iter
3039	 7.142729e-07	 4004	 iter
3040	 7.142729e-07	 4005	 iter
3041	 7.142729e-07	 4006	 iter
3042	 7.142729e-07	 4008	 iter
3043	 7.142729e-07	 4009	 iter
3044	 7.142729e-07	 4011	 iter
3045	 7.142729e-07	 4012	 iter
3046	 7.142729e-07	 4013	 iter
3047	 7.142729e-07	 4014	 iter
3048	 7.142729e-07	 4015	 iter
3049	 7.142729e-07	 4016	 iter
3050	 7.142716e-07	 4018	 iter
3051	 7.142716e-07	 4020	 iter
3052	 7.142716e-07	 4021	 iter
3053	 7.142716e-07	 4023	 iter
3054	 7.142716e-07	 4024	 iter
3055	 7.142716e-07	 4026	 iter
3056	 7.142716e-07	 4027	 iter
3057	 7.142716e-07	 4028	 iter
3058	 7.142716e-07	 4030	 iter
3059	 7.142716e-07	 4031	 iter
3060	 7.142716e-07	 4033	 iter
3061	 7.142716e-07	 4034	 iter
3062	 7.142714e-07	 4036	 iter
3063	 7.142714e-07	 4037	 iter
3064	 7.142714e-07	 4038	 iter
3065	 7.142714e-07	 4039	 iter
3066	 7.142714e-07	 4040	 iter
3067	 7.142711e-07	 4042	 iter
3067	 7.142711e-07	 4042	 done
