0	 2.115690e-03	 1	 init
0	 2.115690e-03	 1	 iter
1	 1.177410e-03	 17	 iter
2	 1.177410e-03	 18	 iter
3	 1.177410e-03	 19	 iter
4	 1.177410e-03	 20	 iter
5	 1.177410e-03	 21	 iter
6	 1.177410e-03	 22	 iter
7	 1.177410e-03	 23	 iter
8	 1.177410e-03	 24	 iter
9	 1.177410e-03	 25	 iter
10	 1.177410e-03	 26	 iter
11	 1.177410e-03	 27	 iter
12	 1.177410e-03	 28	 iter
13	 1.177410e-03	 29	 iter
14	 1.177410e-03	 30	 iter
15	 8.921014e-04	 32	 iter
16	 8.921014e-04	 33	 iter
17	 8.921014e-04	 34	 iter
18	 8.921014e-04	 35	 iter
19	 8.921014e-04	 36	 iter
20	 8.921014e-04	 37	 iter
21	 8.921014e-04	 38	 iter
22	 8.216288e-04	 40	 iter
23	 8.216288e-04	 41	 iter
24	 8.216288e-04	 42	 iter
25	 8.216288e-04	 43	 iter
26	 8.216288e-04	 44	 iter
27	 8.216288e-04	 45	 iter
28	 8.216288e-04	 46	 iter
29	 8.216288e-04	 47	 iter
30	 8.216288e-04	 48	 iter
31	 8.216288e-04	 49	 iter
32	 8.216288e-04	 50	 iter
33	 8.216288e-04	 51	 iter
34	 8.216288e-04	 53	 iter
35	 8.216288e-04	 54	 iter
36	 8.216288e-04	 55	 iter
37	 8.216288e-04	 57	 iter
38	 8.216288e-04	 58	 iter
39	 8.216288e-04	 60	 iter
40	 8.216288e-04	 62	 iter
41	 8.216288e-04	 64	 iter
42	 8.216288e-04	 66	 iter
43	 8.216288e-04	 67	 iter
44	 8.216288e-04	 69	 iter
45	 8.125532e-04	 71	 iter
46	 8.125532e-04	 72	 iter
47	 8.125532e-04	 73	 iter
48	 8.125532e-04	 75	 iter
49	 8.125532e-04	 77	 iter
50	 8.125532e-04	 78	 iter
51	 8.125532e-04	 80	 iter
52	 8.125532e-04	 81	 iter
53	 8.125532e-04	 82	 iter
54	 8.125532e-04	 84	 iter
55	 8.125532e-04	 86	 iter
56	 8.125532e-04	 87	 iter
57	 8.125532e-04	 88	 iter
58	 8.073803e-04	 90	 iter
59	 7.885938e-04	 92	 iter
60	 7.885938e-04	 94	 iter
61	 7.885938e-04	 95	 iter
62	 7.885938e-04	 96	 iter
63	 7.634205e-04	 98	 iter
64	 7.634205e-04	 99	 iter
65	 7.634205e-04	 100	 iter
66	 7.634205e-04	 101	 iter
67	 7.634205e-04	 102	 iter
68	 7.634205e-04	 103	 iter
69	 7.634205e-04	 104	 iter
70	 7.634205e-04	 105	 iter
71	 7.634205e-04	 106	 iter
72	 7.634205e-04	 107	 iter
73	 7.634205e-04	 108	 iter
74	 7.634205e-04	 109	 iter
75	 7.634205e-04	 110	 iter
76	 7.634205e-04	 111	 iter
77	 7.373706e-04	 113	 iter
78	 7.373706e-04	 114	 iter
79	 7.373706e-04	 115	 iter
80	 7.373706e-04	 116	 iter
81	 7.373706e-04	 117	 iter
82	 7.373706e-04	 118	 iter
83	 7.373706e-04	 119	 iter
84	 7.373706e-04	 120	 iter
85	 7.021199e-04	 122	 iter
86	 7.021199e-04	 123	 iter
87	 7.021199e-04	 125	 iter
88	 7.021199e-04	 126	 iter
89	 7.021199e-04	 127	 iter
90	 7.021199e-04	 128	 iter
91	 7.021199e-04	 129	 iter
92	 7.021199e-04	 130	 iter
93	 7.021199e-04	 131	 iter
94	 7.021199e-04	 132	 iter
95	 7.021199e-04	 133	 iter
96	 6.740112e-04	 135	 iter
97	 6.740112e-04	 136	 iter
98	 6.740112e-04	 137	 iter
99	 6.740112e-04	 138	 iter
100	 6.740112e-04	 140	 iter
101	 6.740112e-04	 141	 iter
102	 6.740112e-04	 142	 iter
103	 6.740112e-04	 143	 iter
104	 6.519919e-04	 145	 iter
105	 6.519919e-04	 146	 iter
106	 6.111731e-04	 148	 iter
107	 6.111731e-04	 149	 iter
108	 6.111731e-04	 150	 iter
109	 6.111731e-04	 151	 iter
110	 6.111731e-04	 152	 iter
111	 6.111731e-04	 153	 iter
112	 6.111731e-04	 154	 iter
113	 6.111731e-04	 155	 iter
114	 5.943027e-04	 157	 iter
115	 5.943027e-04	 158	 iter
116	 5.943027e-04	 159	 iter
117	 5.740992e-04	 161	 iter
118	 5.740992e-04	 162	 iter
119	 5.320080e-04	 164	 iter
120	 5.320080e-04	 165	 iter
121	 5.320080e-04	 166	 iter
122	 5.320080e-04	 167	 iter
123	 5.320080e-04	 168	 iter
124	 5.320080e-04	 169	 iter
125	 4.899562e-04	 171	 iter
126	 4.899562e-04	 172	 iter
127	 4.899562e-04	 173	 iter
128	 4.899562e-04	 174	 iter
129	 4.526026e-04	 176	 iter
130	 4.526026e-04	 177	 iter
131	 4.526026e-04	 178	 iter
132	 4.526026e-04	 179	 iter
133	 4.526026e-04	 180	 iter
134	 4.526026e-04	 181	 iter
135	 4.526026e-04	 182	 iter
136	 4.526026e-04	 183	 iter
137	 4.516241e-04	 185	 iter
138	 4.516241e-04	 186	 iter
139	 4.516241e-04	 187	 iter
140	 4.516241e-04	 188	 iter
141	 4.246409e-04	 190	 iter
142	 4.246409e-04	 191	 iter
143	 3.796539e-04	 193	 iter
144	 3.796539e-04	 194	 iter
145	 3.796539e-04	 195	 iter
146	 3.796539e-04	 196	 iter
147	 3.796539e-04	 197	 iter
148	 3.796539e-04	 198	 iter
149	 3.796539e-04	 199	 iter
150	 3.417390e-04	 201	 iter
151	 3.417390e-04	 202	 iter
152	 3.417390e-04	 203	 iter
153	 3.417390e-04	 204	 iter
154	 3.417390e-04	 205	 iter
155	 3.417390e-04	 206	 iter
156	 3.114849e-04	 208	 iter
157	 3.114849e-04	 210	 iter
158	 3.114849e-04	 211	 iter
159	 3.114849e-04	 212	 iter
160	 2.865325e-04	 214	 iter
161	 2.865325e-04	 215	 iter
162	 2.865325e-04	 217	 iter
163	 2.865325e-04	 218	 iter
164	 2.865325e-04	 219	 iter
165	 2.865325e-04	 220	 iter
166	 2.808016e-04	 222	 iter
167	 2.808016e-04	 223	 iter
168	 2.749266e-04	 225	 iter
169	 2.703571e-04	 227	 iter
170	 2.703571e-04	 228	 iter
171	 2.608728e-04	 230	 iter
172	 2.608728e-04	 231	 iter
173	 2.608728e-04	 232	 iter
174	 2.608728e-04	 233	 iter
175	 2.602176e-04	 235	 iter
176	 2.593142e-04	 237	 iter
177	 2.593142e-04	 238	 iter
178	 2.593142e-04	 239	 iter
179	 2.593142e-04	 241	 iter
180	 2.593142e-04	 242	 iter
181	 2.593142e-04	 243	 iter
182	 2.588059e-04	 245	 iter
183	 2.588059e-04	 246	 iter
184	 2.588059e-04	 247	 iter
185	 2.581374e-04	 249	 iter
186	 2.577337e-04	 251	 iter
187	 2.426169e-04	 253	 iter
188	 2.426169e-04	 254	 iter
189	 2.426169e-04	 255	 iter
190	 2.426169e-04	 256	 iter
191	 2.426169e-04	 257	 iter
192	 2.390329e-04	 259	 iter
193	 2.390329e-04	 260	 iter
194	 2.390329e-04	 261	 iter
195	 2.390329e-04	 262	 iter
196	 2.390329e-04	 263	 iter
197	 2.390329e-04	 265	 iter
198	 2.390329e-04	 266	 iter
199	 2.390329e-04	 268	 iter
200	 2.390329e-04	 270	 iter
201	 2.390329e-04	 272	 iter
202	 2.390329e-04	 274	 iter
203	 2.390329e-04	 275	 iter
204	 2.390329e-04	 277	 iter
205	 2.390329e-04	 279	 iter
206	 2.390329e-04	 281	 iter
207	 2.390329e-04	 282	 iter
208	 2.388948e-04	 284	 iter
209	 2.310404e-04	 286	 iter
210	 2.310404e-04	 288	 iter
211	 2.310404e-04	 289	 iter
212	 2.310404e-04	 291	 iter
213	 2.310404e-04	 292	 iter
214	 2.310404e-04	 293	 iter
215	 2.310404e-04	 294	 iter
216	 2.310404e-04	 295	 iter
217	 2.310404e-04	 296	 iter
218	 2.276452e-04	 298	 iter
219	 2.276452e-04	 299	 iter
220	 2.263557e-04	 301	 iter
221	 2.263557e-04	 302	 iter
222	 2.250140e-04	 304	 iter
223	 2.250140e-04	 305	 iter
224	 2.250140e-04	 306	 iter
225	 2.250140e-04	 307	 iter
226	 2.250140e-04	 309	 iter
227	 2.250140e-04	 310	 iter
228	 2.247523e-04	 312	 iter
229	 2.247523e-04	 314	 iter
230	 2.247523e-04	 316	 iter
231	 2.247523e-04	 317	 iter
232	 2.247523e-04	 318	 iter
233	 2.247523e-04	 319	 iter
234	 2.247523e-04	 320	 iter
235	 2.247523e-04	 321	 iter
236	 2.247523e-04	 323	 iter
237	 2.247523e-04	 325	 iter
238	 2.247523e-04	 326	 iter
239	 2.247523e-04	 327	 iter
240	 2.247523e-04	 328	 iter
241	 2.247523e-04	 329	 iter
242	 2.246968e-04	 331	 iter
243	 2.220234e-04	 333	 iter
244	 2.220234e-04	 334	 iter
245	 2.216419e-04	 336	 iter
246	 2.208737e-04	 338	 iter
247	 2.208737e-04	 339	 iter
248	 2.208737e-04	 340	 iter
249	 2.208737e-04	 342	 iter
250	 2.208737e-04	 343	 iter
251	 2.208737e-04	 344	 iter
252	 2.208737e-04	 345	 iter
253	 2.208737e-04	 346	 iter
254	 2.208737e-04	 348	 iter
255	 2.208737e-04	 349	 iter
256	 2.208737e-04	 350	 iter
257	 2.208737e-04	 352	 iter
258	 2.208737e-04	 353	 iter
259	 2.204479e-04	 355	 iter
260	 2.204479e-04	 357	 iter
261	 2.204479e-04	 359	 iter
262	 2.204479e-04	 360	 iter
263	 2.204479e-04	 361	 iter
264	 2.204479e-04	 362	 iter
265	 2.204479e-04	 363	 iter
266	 2.203880e-04	 365	 iter
267	 2.194712e-04	 367	 iter
268	 2.194712e-04	 369	 iter
269	 2.194712e-04	 371	 iter
270	 2.193256e-04	 373	 iter
271	 2.193256e-04	 375	 iter
272	 2.167074e-04	 377	 iter
273	 2.167074e-04	 378	 iter
274	 2.167074e-04	 380	 iter
275	 2.167074e-04	 381	 iter
276	 2.167074e-04	 383	 iter
277	 2.167074e-04	 384	 iter
278	 2.167074e-04	 386	 iter
279	 2.167074e-04	 387	 iter
280	 2.167074e-04	 388	 iter
281	 2.167074e-04	 389	 iter
282	 2.167074e-04	 390	 iter
283	 2.167074e-04	 391	 iter
284	 2.146306e-04	 393	 iter
285	 2.146306e-04	 394	 iter
286	 2.146306e-04	 395	 iter
287	 2.146306e-04	 396	 iter
288	 2.146306e-04	 397	 iter
289	 2.146306e-04	 399	 iter
290	 2.125114e-04	 401	 iter
291	 2.125114e-04	 402	 iter
292	 2.125114e-04	 403	 iter
293	 2.125114e-04	 404	 iter
294	 2.125114e-04	 405	 iter
295	 2.112288e-04	 407	 iter
296	 2.112288e-04	 408	 iter
297	 2.112288e-04	 409	 iter
298	 2.112288e-04	 410	 iter
299	 2.112288e-04	 411	 iter
300	 2.103162e-04	 413	 iter
301	 2.103162e-04	 414	 iter
302	 2.103162e-04	 415	 iter
303	 2.102309e-04	 417	 iter
304	 2.077288e-04	 419	 iter
305	 2.077288e-04	 420	 iter
306	 2.039425e-04	 422	 iter
307	 2.039425e-04	 423	 iter
308	 2.039425e-04	 424	 iter
309	 2.039425e-04	 425	 iter
310	 2.039425e-04	 426	 iter
311	 2.039425e-04	 427	 iter
312	 2.031124e-04	 429	 iter
313	 2.027692e-04	 431	 iter
314	 2.027692e-04	 432	 iter
315	 2.006378e-04	 434	 iter
316	 1.997192e-04	 436	 iter
317	 1.997192e-04	 437	 iter
318	 1.975924e-04	 439	 iter
319	 1.927733e-04	 441	 iter
320	 1.927733e-04	 442	 iter
321	 1.927733e-04	 443	 iter
322	 1.927733e-04	 444	 iter
323	 1.927733e-04	 445	 iter
324	 1.901043e-04	 447	 iter
325	 1.838502e-04	 449	 iter
326	 1.838502e-04	 450	 iter
327	 1.838502e-04	 451	 iter
328	 1.838502e-04	 452	 iter
329	 1.838502e-04	 453	 iter
330	 1.838502e-04	 454	 iter
331	 1.824260e-04	 456	 iter
332	 1.824260e-04	 457	 iter
333	 1.810343e-04	 459	 iter
334	 1.810343e-04	 460	 iter
335	 1.810343e-04	 461	 iter
336	 1.803827e-04	 463	 iter
337	 1.796619e-04	 465	 iter
338	 1.791945e-04	 467	 iter
339	 1.791945e-04	 468	 iter
340	 1.791945e-04	 469	 iter
341	 1.791945e-04	 470	 iter
342	 1.791945e-04	 471	 iter
343	 1.791945e-04	 472	 iter
344	 1.761347e-04	 474	 iter
345	 1.761347e-04	 475	 iter
346	 1.761347e-04	 477	 iter
347	 1.761347e-04	 478	 iter
348	 1.761347e-04	 479	 iter
349	 1.761347e-04	 481	 iter
350	 1.761347e-04	 482	 iter
351	 1.744684e-04	 484	 iter
352	 1.744684e-04	 485	 iter
353	 1.744684e-04	 486	 iter
354	 1.744684e-04	 488	 iter
355	 1.744684e-04	 490	 iter
356	 1.744684e-04	 492	 iter
357	 1.744684e-04	 494	 iter
358	 1.744684e-04	 495	 iter
359	 1.744684e-04	 497	 iter
360	 1.744684e-04	 498	 iter
361	 1.744684e-04	 499	 iter
362	 1.744684e-04	 501	 iter
363	 1.744684e-04	 502	 iter
364	 1.744684e-04	 503	 iter
365	 1.744684e-04	 504	 iter
366	 1.732033e-04	 506	 iter
367	 1.732033e-04	 508	 iter
368	 1.732033e-04	 509	 iter
369	 1.732033e-04	 510	 iter
370	 1.732033e-04	 511	 iter
371	 1.732033e-04	 512	 iter
372	 1.715551e-04	 514	 iter
373	 1.715551e-04	 515	 iter
374	 1.703037e-04	 517	 iter
375	 1.703037e-04	 518	 iter
376	 1.703037e-04	 519	 iter
377	 1.703037e-04	 520	 iter
378	 1.703037e-04	 521	 iter
379	 1.703037e-04	 522	 iter
380	 1.703037e-04	 523	 iter
381	 1.703037e-04	 524	 iter
382	 1.703037e-04	 525	 iter
383	 1.703037e-04	 526	 iter
384	 1.703037e-04	 527	 iter
385	 1.703037e-04	 528	 iter
386	 1.703037e-04	 529	 iter
387	 1.668916e-04	 531	 iter
388	 1.668916e-04	 532	 iter
389	 1.668916e-04	 533	 iter
390	 1.639489e-04	 535	 iter
391	 1.639489e-04	 536	 iter
392	 1.639489e-04	 537	 iter
393	 1.639489e-04	 538	 iter
394	 1.639489e-04	 539	 iter
395	 1.639489e-04	 540	 iter
396	 1.639489e-04	 541	 iter
397	 1.639489e-04	 542	 iter
398	 1.639489e-04	 543	 iter
399	 1.639489e-04	 544	 iter
400	 1.628999e-04	 546	 iter
401	 1.628999e-04	 547	 iter
402	 1.628999e-04	 548	 iter
403	 1.576973e-04	 550	 iter
404	 1.576973e-04	 551	 iter
405	 1.576973e-04	 552	 iter
406	 1.576973e-04	 553	 iter
407	 1.576973e-04	 554	 iter
408	 1.576973e-04	 555	 iter
409	 1.546884e-04	 557	 iter
410	 1.546884e-04	 558	 iter
411	 1.546884e-04	 559	 iter
412	 1.546884e-04	 560	 iter
413	 1.546884e-04	 561	 iter
414	 1.546884e-04	 562	 iter
415	 1.546884e-04	 563	 iter
416	 1.518778e-04	 565	 iter
417	 1.518778e-04	 566	 iter
418	 1.518778e-04	 567	 iter
419	 1.518778e-04	 568	 iter
420	 1.518778e-04	 569	 iter
421	 1.518778e-04	 570	 iter
422	 1.518778e-04	 571	 iter
423	 1.518778e-04	 572	 iter
424	 1.518778e-04	 573	 iter
425	 1.518778e-04	 574	 iter
426	 1.518778e-04	 575	 iter
427	 1.503839e-04	 577	 iter
428	 1.503839e-04	 578	 iter
429	 1.503839e-04	 579	 iter
430	 1.503839e-04	 580	 iter
431	 1.503839e-04	 581	 iter
432	 1.503839e-04	 582	 iter
433	 1.503839e-04	 584	 iter
434	 1.503839e-04	 585	 iter
435	 1.501761e-04	 587	 iter
436	 1.501761e-04	 588	 iter
437	 1.501761e-04	 589	 iter
438	 1.501761e-04	 590	 iter
439	 1.501761e-04	 591	 iter
440	 1.501761e-04	 592	 iter
441	 1.501761e-04	 593	 iter
442	 1.501761e-04	 594	 iter
443	 1.501761e-04	 595	 iter
444	 1.501761e-04	 596	 iter
445	 1.501761e-04	 597	 iter
446	 1.499816e-04	 599	 iter
447	 1.477021e-04	 601	 iter
448	 1.477021e-04	 602	 iter
449	 1.477021e-04	 603	 iter
450	 1.477021e-04	 605	 iter
451	 1.477021e-04	 607	 iter
452	 1.477021e-04	 608	 iter
453	 1.477021e-04	 609	 iter
454	 1.477021e-04	 611	 iter
455	 1.477021e-04	 613	 iter
456	 1.477021e-04	 614	 iter
457	 1.477021e-04	 615	 iter
458	 1.477021e-04	 616	 iter
459	 1.477021e-04	 617	 iter
460	 1.477021e-04	 619	 iter
461	 1.477021e-04	 621	 iter
462	 1.477021e-04	 623	 iter
463	 1.477021e-04	 625	 iter
464	 1.477021e-04	 626	 iter
465	 1.476988e-04	 628	 iter
466	 1.476795e-04	 630	 iter
467	 1.476795e-04	 631	 iter
468	 1.476795e-04	 633	 iter
469	 1.476795e-04	 634	 iter
470	 1.475462e-04	 636	 iter
471	 1.475462e-04	 637	 iter
472	 1.475462e-04	 638	 iter
473	 1.475462e-04	 640	 iter
474	 1.474756e-04	 642	 iter
475	 1.471498e-04	 644	 iter
476	 1.471498e-04	 645	 iter
477	 1.471498e-04	 646	 iter
478	 1.471498e-04	 647	 iter
479	 1.471498e-04	 648	 iter
480	 1.471498e-04	 650	 iter
481	 1.471498e-04	 651	 iter
482	 1.462215e-04	 653	 iter
483	 1.462215e-04	 654	 iter
484	 1.462215e-04	 655	 iter
485	 1.462215e-04	 656	 iter
486	 1.459363e-04	 658	 iter
487	 1.459363e-04	 659	 iter
488	 1.459363e-04	 660	 iter
489	 1.459363e-04	 661	 iter
490	 1.454982e-04	 663	 iter
491	 1.454982e-04	 665	 iter
492	 1.454982e-04	 666	 iter
493	 1.454982e-04	 667	 iter
494	 1.454982e-04	 668	 iter
495	 1.454982e-04	 670	 iter
496	 1.454982e-04	 672	 iter
497	 1.454982e-04	 673	 iter
498	 1.454982e-04	 674	 iter
499	 1.454982e-04	 675	 iter
500	 1.454982e-04	 676	 iter
501	 1.454982e-04	 677	 iter
502	 1.454951e-04	 679	 iter
503	 1.454951e-04	 680	 iter
504	 1.454951e-04	 681	 iter
505	 1.454951e-04	 682	 iter
506	 1.454800e-04	 684	 iter
507	 1.454800e-04	 685	 iter
508	 1.454800e-04	 686	 iter
509	 1.448845e-04	 688	 iter
510	 1.448845e-04	 689	 iter
511	 1.448845e-04	 690	 iter
512	 1.448845e-04	 692	 iter
513	 1.448229e-04	 694	 iter
514	 1.448229e-04	 696	 iter
515	 1.448229e-04	 697	 iter
516	 1.448229e-04	 698	 iter
517	 1.448229e-04	 699	 iter
518	 1.448229e-04	 700	 iter
519	 1.448229e-04	 702	 iter
520	 1.448229e-04	 703	 iter
521	 1.448229e-04	 704	 iter
522	 1.448229e-04	 705	 iter
523	 1.448229e-04	 707	 iter
524	 1.448229e-04	 709	 iter
525	 1.448229e-04	 710	 iter
526	 1.448229e-04	 712	 iter
527	 1.448229e-04	 713	 iter
528	 1.446392e-04	 715	 iter
529	 1.446392e-04	 716	 iter
530	 1.446392e-04	 717	 iter
531	 1.446392e-04	 719	 iter
532	 1.446392e-04	 720	 iter
533	 1.446392e-04	 721	 iter
534	 1.446392e-04	 723	 iter
535	 1.446392e-04	 725	 iter
536	 1.446392e-04	 727	 iter
537	 1.446392e-04	 729	 iter
538	 1.446392e-04	 730	 iter
539	 1.446392e-04	 732	 iter
540	 1.446392e-04	 733	 iter
541	 1.446320e-04	 735	 iter
542	 1.445940e-04	 737	 iter
543	 1.444720e-04	 739	 iter
544	 1.444720e-04	 740	 iter
545	 1.444720e-04	 742	 iter
546	 1.444720e-04	 743	 iter
547	 1.444720e-04	 745	 iter
548	 1.444720e-04	 747	 iter
549	 1.444720e-04	 748	 iter
550	 1.444720e-04	 750	 iter
551	 1.444720e-04	 752	 iter
552	 1.444720e-04	 753	 iter
553	 1.444720e-04	 754	 iter
554	 1.444720e-04	 755	 iter
555	 1.442986e-04	 757	 iter
556	 1.442986e-04	 758	 iter
557	 1.442986e-04	 760	 iter
558	 1.442903e-04	 762	 iter
559	 1.442903e-04	 763	 iter
560	 1.442903e-04	 765	 iter
561	 1.442903e-04	 766	 iter
562	 1.442903e-04	 767	 iter
563	 1.442903e-04	 768	 iter
564	 1.442430e-04	 770	 iter
565	 1.442310e-04	 772	 iter
566	 1.440529e-04	 774	 iter
567	 1.440529e-04	 775	 iter
568	 1.440529e-04	 776	 iter
569	 1.440529e-04	 777	 iter
570	 1.440529e-04	 779	 iter
571	 1.440529e-04	 780	 iter
572	 1.439451e-04	 782	 iter
573	 1.439451e-04	 783	 iter
574	 1.439451e-04	 784	 iter
575	 1.437100e-04	 786	 iter
576	 1.437100e-04	 787	 iter
577	 1.437100e-04	 788	 iter
578	 1.437100e-04	 789	 iter
579	 1.437100e-04	 791	 iter
580	 1.437100e-04	 792	 iter
581	 1.437100e-04	 793	 iter
582	 1.436457e-04	 795	 iter
583	 1.436457e-04	 796	 iter
584	 1.433987e-04	 798	 iter
585	 1.430719e-04	 800	 iter
586	 1.430719e-04	 801	 iter
587	 1.430719e-04	 802	 iter
588	 1.430719e-04	 803	 iter
589	 1.430719e-04	 804	 iter
590	 1.430719e-04	 805	 iter
591	 1.426389e-04	 807	 iter
592	 1.426389e-04	 808	 iter
593	 1.426389e-04	 809	 iter
594	 1.426389e-04	 810	 iter
595	 1.426389e-04	 811	 iter
596	 1.418640e-04	 813	 iter
597	 1.418640e-04	 814	 iter
598	 1.418640e-04	 815	 iter
599	 1.418640e-04	 816	 iter
600	 1.418640e-04	 817	 iter
601	 1.418640e-04	 818	 iter
602	 1.418640e-04	 819	 iter
603	 1.418640e-04	 820	 iter
604	 1.410455e-04	 822	 iter
605	 1.410455e-04	 823	 iter
606	 1.410455e-04	 824	 iter
607	 1.410455e-04	 825	 iter
608	 1.410455e-04	 826	 iter
609	 1.410455e-04	 827	 iter
610	 1.404609e-04	 829	 iter
611	 1.404609e-04	 830	 iter
612	 1.404609e-04	 831	 iter
613	 1.404609e-04	 832	 iter
614	 1.398478e-04	 834	 iter
615	 1.398478e-04	 835	 iter
616	 1.398478e-04	 836	 iter
617	 1.391964e-04	 838	 iter
618	 1.391964e-04	 839	 iter
619	 1.391964e-04	 840	 iter
620	 1.382795e-04	 842	 iter
621	 1.382795e-04	 843	 iter
622	 1.382795e-04	 844	 iter
623	 1.382795e-04	 845	 iter
624	 1.382795e-04	 846	 iter
625	 1.364051e-04	 848	 iter
626	 1.364051e-04	 849	 iter
627	 1.364051e-04	 850	 iter
628	 1.364051e-04	 851	 iter
629	 1.364051e-04	 852	 iter
630	 1.364051e-04	 853	 iter
631	 1.364051e-04	 854	 iter
632	 1.364051e-04	 855	 iter
633	 1.364051e-04	 856	 iter
634	 1.364051e-04	 857	 iter
635	 1.364051e-04	 858	 iter
636	 1.350392e-04	 860	 iter
637	 1.350392e-04	 861	 iter
638	 1.350392e-04	 862	 iter
639	 1.350392e-04	 863	 iter
640	 1.340474e-04	 865	 iter
641	 1.340474e-04	 866	 iter
642	 1.340474e-04	 867	 iter
643	 1.327668e-04	 869	 iter
644	 1.327668e-04	 870	 iter
645	 1.327668e-04	 871	 iter
646	 1.327668e-04	 872	 iter
647	 1.327668e-04	 873	 iter
648	 1.327668e-04	 874	 iter
649	 1.314508e-04	 876	 iter
650	 1.314508e-04	 877	 iter
651	 1.314508e-04	 878	 iter
652	 1.307023e-04	 880	 iter
653	 1.287175e-04	 882	 iter
654	 1.287175e-04	 883	 iter
655	 1.287175e-04	 884	 iter
656	 1.287175e-04	 885	 iter
657	 1.287175e-04	 886	 iter
658	 1.287175e-04	 887	 iter
659	 1.275570e-04	 889	 iter
660	 1.275570e-04	 890	 iter
661	 1.275570e-04	 891	 iter
662	 1.275570e-04	 892	 iter
663	 1.269140e-04	 894	 iter
664	 1.269140e-04	 895	 iter
665	 1.248037e-04	 897	 iter
666	 1.248037e-04	 898	 iter
667	 1.248037e-04	 899	 iter
668	 1.248037e-04	 900	 iter
669	 1.248037e-04	 901	 iter
670	 1.248037e-04	 902	 iter
671	 1.248037e-04	 903	 iter
672	 1.244653e-04	 905	 iter
673	 1.244653e-04	 906	 iter
674	 1.244653e-04	 907	 iter
675	 1.244653e-04	 908	 iter
676	 1.236361e-04	 910	 iter
677	 1.236361e-04	 911	 iter
678	 1.236361e-04	 912	 iter
679	 1.236361e-04	 913	 iter
680	 1.236361e-04	 914	 iter
681	 1.236361e-04	 915	 iter
682	 1.228833e-04	 917	 iter
683	 1.228833e-04	 919	 iter
684	 1.228833e-04	 921	 iter
685	 1.226484e-04	 923	 iter
686	 1.226484e-04	 924	 iter
687	 1.226484e-04	 925	 iter
688	 1.226484e-04	 927	 iter
689	 1.226484e-04	 928	 iter
690	 1.226484e-04	 929	 iter
691	 1.226484e-04	 930	 iter
692	 1.226484e-04	 931	 iter
693	 1.226484e-04	 932	 iter
694	 1.225029e-04	 934	 iter
695	 1.225029e-04	 936	 iter
696	 1.225029e-04	 937	 iter
697	 1.225029e-04	 938	 iter
698	 1.225029e-04	 940	 iter
699	 1.225029e-04	 942	 iter
700	 1.225029e-04	 943	 iter
701	 1.225029e-04	 944	 iter
702	 1.225029e-04	 945	 iter
703	 1.217054e-04	 947	 iter
704	 1.217054e-04	 948	 iter
705	 1.217054e-04	 949	 iter
706	 1.217054e-04	 950	 iter
707	 1.217054e-04	 951	 iter
708	 1.217054e-04	 952	 iter
709	 1.217054e-04	 953	 iter
710	 1.217054e-04	 955	 iter
711	 1.217054e-04	 957	 iter
712	 1.217054e-04	 958	 iter
713	 1.217054e-04	 960	 iter
714	 1.217054e-04	 961	 iter
715	 1.217054e-04	 962	 iter
716	 1.214959e-04	 964	 iter
717	 1.214959e-04	 965	 iter
718	 1.214320e-04	 967	 iter
719	 1.214320e-04	 969	 iter
720	 1.214320e-04	 970	 iter
721	 1.214320e-04	 971	 iter
722	 1.214320e-04	 972	 iter
723	 1.214320e-04	 973	 iter
724	 1.214320e-04	 974	 iter
725	 1.214320e-04	 975	 iter
726	 1.214320e-04	 976	 iter
727	 1.211638e-04	 978	 iter
728	 1.211638e-04	 980	 iter
729	 1.211638e-04	 981	 iter
730	 1.210973e-04	 983	 iter
731	 1.210973e-04	 984	 iter
732	 1.210973e-04	 985	 iter
733	 1.210973e-04	 987	 iter
734	 1.210973e-04	 988	 iter
735	 1.210269e-04	 990	 iter
736	 1.210269e-04	 992	 iter
737	 1.209766e-04	 994	 iter
738	 1.209766e-04	 996	 iter
739	 1.209766e-04	 997	 iter
740	 1.207634e-04	 999	 iter
741	 1.207634e-04	 1000	 iter
742	 1.207634e-04	 1001	 iter
743	 1.207634e-04	 1003	 iter
744	 1.207634e-04	 1005	 iter
745	 1.207447e-04	 1007	 iter
746	 1.207447e-04	 1008	 iter
747	 1.207447e-04	 1009	 iter
748	 1.207447e-04	 1010	 iter
749	 1.206167e-04	 1012	 iter
750	 1.206167e-04	 1014	 iter
751	 1.205812e-04	 1016	 iter
752	 1.205673e-04	 1018	 iter
753	 1.205673e-04	 1020	 iter
754	 1.205673e-04	 1021	 iter
755	 1.205430e-04	 1023	 iter
756	 1.205430e-04	 1024	 iter
757	 1.205430e-04	 1025	 iter
758	 1.203249e-04	 1027	 iter
759	 1.203249e-04	 1028	 iter
760	 1.203249e-04	 1029	 iter
761	 1.203249e-04	 1030	 iter
762	 1.203249e-04	 1032	 iter
763	 1.203249e-04	 1033	 iter
764	 1.203249e-04	 1034	 iter
765	 1.203249e-04	 1036	 iter
766	 1.203249e-04	 1037	 iter
767	 1.203249e-04	 1038	 iter
768	 1.203249e-04	 1040	 iter
769	 1.203249e-04	 1041	 iter
770	 1.201498e-04	 1043	 iter
771	 1.201498e-04	 1044	 iter
772	 1.201498e-04	 1045	 iter
773	 1.201498e-04	 1046	 iter
774	 1.201498e-04	 1048	 iter
775	 1.201178e-04	 1050	 iter
776	 1.201178e-04	 1052	 iter
777	 1.201178e-04	 1053	 iter
778	 1.201178e-04	 1054	 iter
779	 1.201178e-04	 1055	 iter
780	 1.201178e-04	 1056	 iter
781	 1.201178e-04	 1057	 iter
782	 1.200099e-04	 1059	 iter
783	 1.200099e-04	 1061	 iter
784	 1.200099e-04	 1062	 iter
785	 1.200099e-04	 1063	 iter
786	 1.200099e-04	 1064	 iter
787	 1.200099e-04	 1065	 iter
788	 1.200099e-04	 1066	 iter
789	 1.200099e-04	 1067	 iter
790	 1.200099e-04	 1068	 iter
791	 1.200099e-04	 1070	 iter
792	 1.200099e-04	 1071	 iter
793	 1.200099e-04	 1072	 iter
794	 1.200099e-04	 1073	 iter
795	 1.200099e-04	 1074	 iter
796	 1.200099e-04	 1075	 iter
797	 1.200099e-04	 1076	 iter
798	 1.200099e-04	 1078	 iter
799	 1.200099e-04	 1080	 iter
800	 1.200099e-04	 1081	 iter
801	 1.200099e-04	 1082	 iter
802	 1.199669e-04	 1084	 iter
803	 1.199669e-04	 1085	 iter
804	 1.199669e-04	 1086	 iter
805	 1.199669e-04	 1088	 iter
806	 1.199669e-04	 1089	 iter
807	 1.199669e-04	 1091	 iter
808	 1.199657e-04	 1093	 iter
809	 1.199657e-04	 1094	 iter
810	 1.199657e-04	 1095	 iter
811	 1.199657e-04	 1096	 iter
812	 1.198803e-04	 1098	 iter
813	 1.198803e-04	 1099	 iter
814	 1.198803e-04	 1100	 iter
815	 1.198803e-04	 1101	 iter
816	 1.198803e-04	 1102	 iter
817	 1.198803e-04	 1103	 iter
818	 1.198803e-04	 1104	 iter
819	 1.198803e-04	 1105	 iter
820	 1.198803e-04	 1107	 iter
821	 1.198803e-04	 1108	 iter
822	 1.198803e-04	 1110	 iter
823	 1.198803e-04	 1112	 iter
824	 1.198549e-04	 1114	 iter
825	 1.198549e-04	 1115	 iter
826	 1.198549e-04	 1116	 iter
827	 1.198549e-04	 1117	 iter
828	 1.198549e-04	 1119	 iter
829	 1.198472e-04	 1121	 iter
830	 1.198472e-04	 1122	 iter
831	 1.198472e-04	 1123	 iter
832	 1.198472e-04	 1124	 iter
833	 1.198283e-04	 1126	 iter
834	 1.198280e-04	 1128	 iter
835	 1.198280e-04	 1129	 iter
836	 1.198280e-04	 1130	 iter
837	 1.198280e-04	 1131	 iter
838	 1.198280e-04	 1132	 iter
839	 1.198280e-04	 1133	 iter
840	 1.197977e-04	 1135	 iter
841	 1.197977e-04	 1136	 iter
842	 1.197977e-04	 1137	 iter
843	 1.197467e-04	 1139	 iter
844	 1.196560e-04	 1141	 iter
845	 1.196560e-04	 1142	 iter
846	 1.196560e-04	 1144	 iter
847	 1.196560e-04	 1145	 iter
848	 1.196560e-04	 1146	 iter
849	 1.196560e-04	 1147	 iter
850	 1.196560e-04	 1148	 iter
851	 1.196560e-04	 1149	 iter
852	 1.196560e-04	 1150	 iter
853	 1.196560e-04	 1151	 iter
854	 1.196560e-04	 1152	 iter
855	 1.196560e-04	 1153	 iter
856	 1.196280e-04	 1155	 iter
857	 1.196280e-04	 1156	 iter
858	 1.196280e-04	 1157	 iter
859	 1.195623e-04	 1159	 iter
860	 1.195623e-04	 1160	 iter
861	 1.195623e-04	 1161	 iter
862	 1.195623e-04	 1162	 iter
863	 1.195623e-04	 1163	 iter
864	 1.195623e-04	 1164	 iter
865	 1.195623e-04	 1165	 iter
866	 1.195096e-04	 1167	 iter
867	 1.194988e-04	 1169	 iter
868	 1.194988e-04	 1170	 iter
869	 1.194988e-04	 1171	 iter
870	 1.193156e-04	 1173	 iter
871	 1.193156e-04	 1174	 iter
872	 1.193156e-04	 1175	 iter
873	 1.193156e-04	 1176	 iter
874	 1.193156e-04	 1177	 iter
875	 1.193156e-04	 1178	 iter
876	 1.192888e-04	 1180	 iter
877	 1.192888e-04	 1181	 iter
878	 1.192888e-04	 1182	 iter
879	 1.192739e-04	 1184	 iter
880	 1.192573e-04	 1186	 iter
881	 1.192573e-04	 1187	 iter
882	 1.191569e-04	 1189	 iter
883	 1.189360e-04	 1191	 iter
884	 1.189360e-04	 1192	 iter
885	 1.189360e-04	 1193	 iter
886	 1.189360e-04	 1194	 iter
887	 1.189360e-04	 1195	 iter
888	 1.189360e-04	 1196	 iter
889	 1.189360e-04	 1197	 iter
890	 1.189360e-04	 1198	 iter
891	 1.187823e-04	 1200	 iter
892	 1.187823e-04	 1201	 iter
893	 1.187823e-04	 1202	 iter
894	 1.187297e-04	 1204	 iter
895	 1.185099e-04	 1206	 iter
896	 1.185099e-04	 1207	 iter
897	 1.185099e-04	 1208	 iter
898	 1.183784e-04	 1210	 iter
899	 1.183784e-04	 1211	 iter
900	 1.183784e-04	 1212	 iter
901	 1.183784e-04	 1213	 iter
902	 1.180969e-04	 1215	 iter
903	 1.180969e-04	 1216	 iter
904	 1.180969e-04	 1217	 iter
905	 1.180969e-04	 1218	 iter
906	 1.179708e-04	 1220	 iter
907	 1.179708e-04	 1221	 iter
908	 1.172447e-04	 1223	 iter
909	 1.172447e-04	 1224	 iter
910	 1.172447e-04	 1225	 iter
911	 1.172447e-04	 1226	 iter
912	 1.172447e-04	 1227	 iter
913	 1.172447e-04	 1228	 iter
914	 1.172447e-04	 1229	 iter
915	 1.172447e-04	 1230	 iter
916	 1.172447e-04	 1231	 iter
917	 1.169465e-04	 1233	 iter
918	 1.169465e-04	 1234	 iter
919	 1.169465e-04	 1235	 iter
920	 1.169465e-04	 1236	 iter
921	 1.162377e-04	 1238	 iter
922	 1.162377e-04	 1239	 iter
923	 1.162377e-04	 1240	 iter
924	 1.162377e-04	 1241	 iter
925	 1.162377e-04	 1242	 iter
926	 1.162377e-04	 1243	 iter
927	 1.162377e-04	 1244	 iter
928	 1.162377e-04	 1245	 iter
929	 1.162377e-04	 1246	 iter
930	 1.157971e-04	 1248	 iter
931	 1.157971e-04	 1249	 iter
932	 1.157971e-04	 1250	 iter
933	 1.157971e-04	 1251	 iter
934	 1.157971e-04	 1252	 iter
935	 1.157971e-04	 1253	 iter
936	 1.157971e-04	 1254	 iter
937	 1.150549e-04	 1256	 iter
938	 1.150549e-04	 1257	 iter
939	 1.150549e-04	 1258	 iter
940	 1.150549e-04	 1259	 iter
941	 1.150549e-04	 1260	 iter
942	 1.150549e-04	 1261	 iter
943	 1.150549e-04	 1262	 iter
944	 1.150549e-04	 1263	 iter
945	 1.150549e-04	 1264	 iter
946	 1.150549e-04	 1265	 iter
947	 1.150009e-04	 1267	 iter
948	 1.150009e-04	 1268	 iter
949	 1.150009e-04	 1269	 iter
950	 1.147124e-04	 1271	 iter
951	 1.147124e-04	 1272	 iter
952	 1.147124e-04	 1273	 iter
953	 1.147124e-04	 1274	 iter
954	 1.146390e-04	 1276	 iter
955	 1.141034e-04	 1278	 iter
956	 1.141034e-04	 1279	 iter
957	 1.141034e-04	 1280	 iter
958	 1.141034e-04	 1281	 iter
959	 1.141034e-04	 1282	 iter
960	 1.141034e-04	 1283	 iter
961	 1.141034e-04	 1284	 iter
962	 1.141034e-04	 1285	 iter
963	 1.141034e-04	 1286	 iter
964	 1.141034e-04	 1287	 iter
965	 1.141034e-04	 1288	 iter
966	 1.138778e-04	 1290	 iter
967	 1.138601e-04	 1292	 iter
968	 1.137966e-04	 1294	 iter
969	 1.137966e-04	 1295	 iter
970	 1.137966e-04	 1296	 iter
971	 1.137766e-04	 1298	 iter
972	 1.137766e-04	 1299	 iter
973	 1.137766e-04	 1300	 iter
974	 1.137766e-04	 1301	 iter
975	 1.135258e-04	 1303	 iter
976	 1.135258e-04	 1304	 iter
977	 1.135258e-04	 1305	 iter
978	 1.135258e-04	 1307	 iter
979	 1.135258e-04	 1308	 iter
980	 1.135222e-04	 1310	 iter
981	 1.135222e-04	 1311	 iter
982	 1.135222e-04	 1312	 iter
983	 1.135222e-04	 1313	 iter
984	 1.134996e-04	 1315	 iter
985	 1.134996e-04	 1316	 iter
986	 1.134996e-04	 1318	 iter
987	 1.134996e-04	 1319	 iter
988	 1.134996e-04	 1320	 iter
989	 1.134996e-04	 1322	 iter
990	 1.134996e-04	 1324	 iter
991	 1.131879e-04	 1326	 iter
992	 1.131879e-04	 1327	 iter
993	 1.131879e-04	 1329	 iter
994	 1.131879e-04	 1330	 iter
995	 1.131879e-04	 1331	 iter
996	 1.131879e-04	 1333	 iter
997	 1.131879e-04	 1334	 iter
998	 1.131879e-04	 1335	 iter
999	 1.131879e-04	 1337	 iter
1000	 1.131879e-04	 1338	 iter
1001	 1.131879e-04	 1340	 iter
1002	 1.131879e-04	 1341	 iter
1003	 1.131879e-04	 1342	 iter
1004	 1.131879e-04	 1343	 iter
1005	 1.131879e-04	 1344	 iter
1006	 1.131879e-04	 1345	 iter
1007	 1.131879e-04	 1346	 iter
1008	 1.131879e-04	 1347	 iter
1009	 1.131879e-04	 1348	 iter
1010	 1.131879e-04	 1349	 iter
1011	 1.131879e-04	 1350	 iter
1012	 1.131879e-04	 1352	 iter
1013	 1.131879e-04	 1354	 iter
1014	 1.131879e-04	 1355	 iter
1015	 1.131879e-04	 1356	 iter
1016	 1.131755e-04	 1358	 iter
1017	 1.131755e-04	 1359	 iter
1018	 1.131755e-04	 1361	 iter
1019	 1.131755e-04	 1362	 iter
1020	 1.131755e-04	 1363	 iter
1021	 1.131633e-04	 1365	 iter
1022	 1.131633e-04	 1366	 iter
1023	 1.130912e-04	 1368	 iter
1024	 1.130912e-04	 1369	 iter
1025	 1.130912e-04	 1371	 iter
1026	 1.130912e-04	 1373	 iter
1027	 1.130912e-04	 1375	 iter
1028	 1.130912e-04	 1376	 iter
1029	 1.130912e-04	 1378	 iter
1030	 1.130912e-04	 1380	 iter
1031	 1.130912e-04	 1382	 iter
1032	 1.130912e-04	 1383	 iter
1033	 1.130912e-04	 1384	 iter
1034	 1.130912e-04	 1385	 iter
1035	 1.130912e-04	 1386	 iter
1036	 1.130912e-04	 1388	 iter
1037	 1.130912e-04	 1390	 iter
1038	 1.130873e-04	 1392	 iter
1039	 1.130873e-04	 1393	 iter
1040	 1.130291e-04	 1395	 iter
1041	 1.130291e-04	 1397	 iter
1042	 1.130291e-04	 1398	 iter
1043	 1.130291e-04	 1399	 iter
1044	 1.130291e-04	 1400	 iter
1045	 1.130291e-04	 1402	 iter
1046	 1.130291e-04	 1404	 iter
1047	 1.130291e-04	 1405	 iter
1048	 1.130291e-04	 1406	 iter
1049	 1.130291e-04	 1407	 iter
1050	 1.130291e-04	 1408	 iter
1051	 1.130291e-04	 1409	 iter
1052	 1.130291e-04	 1410	 iter
1053	 1.130291e-04	 1412	 iter
1054	 1.130291e-04	 1414	 iter
1055	 1.130291e-04	 1416	 iter
1056	 1.130291e-04	 1417	 iter
1057	 1.130225e-04	 1419	 iter
1058	 1.130225e-04	 1420	 iter
1059	 1.130225e-04	 1421	 iter
1060	 1.130225e-04	 1422	 iter
1061	 1.130225e-04	 1423	 iter
1062	 1.130225e-04	 1425	 iter
1063	 1.130225e-04	 1427	 iter
1064	 1.130225e-04	 1428	 iter
1065	 1.130225e-04	 1429	 iter
1066	 1.130225e-04	 1431	 iter
1067	 1.130225e-04	 1432	 iter
1068	 1.130225e-04	 1433	 iter
1069	 1.130225e-04	 1434	 iter
1070	 1.130225e-04	 1435	 iter
1071	 1.130225e-04	 1437	 iter
1072	 1.130225e-04	 1438	 iter
1073	 1.130225e-04	 1439	 iter
1074	 1.130225e-04	 1441	 iter
1075	 1.130225e-04	 1443	 iter
1076	 1.130225e-04	 1445	 iter
1077	 1.130124e-04	 1447	 iter
1078	 1.130124e-04	 1448	 iter
1079	 1.130124e-04	 1449	 iter
1080	 1.130124e-04	 1450	 iter
1081	 1.130124e-04	 1451	 iter
1082	 1.130124e-04	 1453	 iter
1083	 1.130124e-04	 1455	 iter
1084	 1.130124e-04	 1457	 iter
1085	 1.130124e-04	 1459	 iter
1086	 1.130039e-04	 1461	 iter
1087	 1.130039e-04	 1462	 iter
1088	 1.130039e-04	 1464	 iter
1089	 1.130039e-04	 1466	 iter
1090	 1.130039e-04	 1468	 iter
1091	 1.130039e-04	 1469	 iter
1092	 1.130039e-04	 1470	 iter
1093	 1.130039e-04	 1472	 iter
1094	 1.129948e-04	 1474	 iter
1095	 1.129948e-04	 1475	 iter
1096	 1.129948e-04	 1476	 iter
1097	 1.129948e-04	 1478	 iter
1098	 1.129948e-04	 1480	 iter
1099	 1.129948e-04	 1482	 iter
1100	 1.129948e-04	 1483	 iter
1101	 1.129948e-04	 1484	 iter
1102	 1.129948e-04	 1485	 iter
1103	 1.129948e-04	 1487	 iter
1104	 1.129948e-04	 1488	 iter
1105	 1.129948e-04	 1490	 iter
1106	 1.129933e-04	 1492	 iter
1107	 1.129933e-04	 1493	 iter
1108	 1.129876e-04	 1495	 iter
1109	 1.129876e-04	 1496	 iter
1110	 1.129876e-04	 1497	 iter
1111	 1.129876e-04	 1499	 iter
1112	 1.129876e-04	 1501	 iter
1113	 1.129876e-04	 1503	 iter
1114	 1.129876e-04	 1505	 iter
1115	 1.129876e-04	 1506	 iter
1116	 1.129876e-04	 1507	 iter
1117	 1.129876e-04	 1508	 iter
1118	 1.129876e-04	 1510	 iter
1119	 1.129876e-04	 1511	 iter
1120	 1.129876e-04	 1512	 iter
1121	 1.129876e-04	 1513	 iter
1122	 1.129876e-04	 1514	 iter
1123	 1.129876e-04	 1515	 iter
1124	 1.129876e-04	 1516	 iter
1125	 1.129876e-04	 1517	 iter
1126	 1.129876e-04	 1519	 iter
1127	 1.129876e-04	 1520	 iter
1128	 1.129876e-04	 1521	 iter
1129	 1.129875e-04	 1523	 iter
1130	 1.129846e-04	 1525	 iter
1131	 1.129846e-04	 1526	 iter
1132	 1.129846e-04	 1527	 iter
1133	 1.129822e-04	 1529	 iter
1134	 1.129822e-04	 1530	 iter
1135	 1.129822e-04	 1531	 iter
1136	 1.129822e-04	 1532	 iter
1137	 1.129822e-04	 1533	 iter
1138	 1.129822e-04	 1534	 iter
1139	 1.129822e-04	 1535	 iter
1140	 1.129822e-04	 1536	 iter
1141	 1.129822e-04	 1538	 iter
1142	 1.129822e-04	 1539	 iter
1143	 1.129822e-04	 1540	 iter
1144	 1.129794e-04	 1542	 iter
1145	 1.129794e-04	 1543	 iter
1146	 1.129758e-04	 1545	 iter
1147	 1.129758e-04	 1546	 iter
1148	 1.129758e-04	 1547	 iter
1149	 1.129758e-04	 1548	 iter
1150	 1.129758e-04	 1550	 iter
1151	 1.129758e-04	 1551	 iter
1152	 1.129758e-04	 1552	 iter
1153	 1.129758e-04	 1553	 iter
1154	 1.129758e-04	 1555	 iter
1155	 1.129758e-04	 1556	 iter
1156	 1.129758e-04	 1557	 iter
1157	 1.129758e-04	 1559	 iter
1158	 1.129758e-04	 1560	 iter
1159	 1.129758e-04	 1561	 iter
1160	 1.129758e-04	 1562	 iter
1161	 1.129758e-04	 1563	 iter
1162	 1.129735e-04	 1565	 iter
1163	 1.129735e-04	 1566	 iter
1164	 1.129735e-04	 1567	 iter
1165	 1.129735e-04	 1568	 iter
1166	 1.129735e-04	 1569	 iter
1167	 1.129735e-04	 1570	 iter
1168	 1.129735e-04	 1571	 iter
1169	 1.129719e-04	 1573	 iter
1170	 1.129719e-04	 1574	 iter
1171	 1.129719e-04	 1576	 iter
1172	 1.129719e-04	 1577	 iter
1173	 1.129677e-04	 1579	 iter
1174	 1.129677e-04	 1580	 iter
1175	 1.129677e-04	 1581	 iter
1176	 1.129677e-04	 1582	 iter
1177	 1.129677e-04	 1583	 iter
1178	 1.129677e-04	 1584	 iter
1179	 1.129677e-04	 1585	 iter
1180	 1.129610e-04	 1587	 iter
1181	 1.129610e-04	 1588	 iter
1182	 1.129610e-04	 1589	 iter
1183	 1.129610e-04	 1590	 iter
1184	 1.129610e-04	 1591	 iter
1185	 1.129610e-04	 1592	 iter
1186	 1.129610e-04	 1593	 iter
1187	 1.129610e-04	 1594	 iter
1188	 1.129610e-04	 1595	 iter
1189	 1.129610e-04	 1596	 iter
1190	 1.129610e-04	 1597	 iter
1191	 1.129610e-04	 1598	 iter
1192	 1.129610e-04	 1599	 iter
1193	 1.129583e-04	 1601	 iter
1194	 1.129583e-04	 1602	 iter
1195	 1.129583e-04	 1603	 iter
1196	 1.129583e-04	 1604	 iter
1197	 1.129498e-04	 1606	 iter
1198	 1.129498e-04	 1607	 iter
1199	 1.129498e-04	 1608	 iter
1200	 1.129498e-04	 1609	 iter
1201	 1.129498e-04	 1610	 iter
1202	 1.129498e-04	 1611	 iter
1203	 1.129498e-04	 1612	 iter
1204	 1.129493e-04	 1614	 iter
1205	 1.129493e-04	 1615	 iter
1206	 1.129493e-04	 1616	 iter
1207	 1.129493e-04	 1617	 iter
1208	 1.129493e-04	 1618	 iter
1209	 1.129463e-04	 1620	 iter
1210	 1.129370e-04	 1622	 iter
1211	 1.129370e-04	 1623	 iter
1212	 1.129370e-04	 1624	 iter
1213	 1.129370e-04	 1625	 iter
1214	 1.129370e-04	 1626	 iter
1215	 1.129370e-04	 1627	 iter
1216	 1.129370e-04	 1628	 iter
1217	 1.129370e-04	 1629	 iter
1218	 1.129317e-04	 1631	 iter
1219	 1.129317e-04	 1632	 iter
1220	 1.129317e-04	 1633	 iter
1221	 1.129317e-04	 1634	 iter
1222	 1.129317e-04	 1635	 iter
1223	 1.129317e-04	 1636	 iter
1224	 1.129317e-04	 1637	 iter
1225	 1.129239e-04	 1639	 iter
1226	 1.129239e-04	 1640	 iter
1227	 1.129239e-04	 1641	 iter
1228	 1.129239e-04	 1642	 iter
1229	 1.129229e-04	 1644	 iter
1230	 1.129208e-04	 1646	 iter
1231	 1.129208e-04	 1647	 iter
1232	 1.129208e-04	 1648	 iter
1233	 1.129208e-04	 1649	 iter
1234	 1.129208e-04	 1650	 iter
1235	 1.129208e-04	 1651	 iter
1236	 1.129184e-04	 1653	 iter
1237	 1.129184e-04	 1654	 iter
1238	 1.129147e-04	 1656	 iter
1239	 1.129147e-04	 1657	 iter
1240	 1.129147e-04	 1658	 iter
1241	 1.129147e-04	 1659	 iter
1242	 1.129137e-04	 1661	 iter
1243	 1.129078e-04	 1663	 iter
1244	 1.129078e-04	 1664	 iter
1245	 1.129078e-04	 1665	 iter
1246	 1.129078e-04	 1666	 iter
1247	 1.129078e-04	 1667	 iter
1248	 1.129039e-04	 1669	 iter
1249	 1.129039e-04	 1670	 iter
1250	 1.129039e-04	 1671	 iter
1251	 1.129039e-04	 1672	 iter
1252	 1.128999e-04	 1674	 iter
1253	 1.128957e-04	 1676	 iter
1254	 1.128957e-04	 1677	 iter
1255	 1.128957e-04	 1678	 iter
1256	 1.128948e-04	 1680	 iter
1257	 1.128943e-04	 1682	 iter
1258	 1.128943e-04	 1683	 iter
1259	 1.128887e-04	 1685	 iter
1260	 1.128887e-04	 1686	 iter
1261	 1.128887e-04	 1687	 iter
1262	 1.128887e-04	 1688	 iter
1263	 1.128832e-04	 1690	 iter
1264	 1.128831e-04	 1692	 iter
1265	 1.128831e-04	 1693	 iter
1266	 1.128831e-04	 1694	 iter
1267	 1.128831e-04	 1695	 iter
1268	 1.128772e-04	 1697	 iter
1269	 1.128772e-04	 1698	 iter
1270	 1.128765e-04	 1700	 iter
1271	 1.128628e-04	 1702	 iter
1272	 1.128628e-04	 1703	 iter
1273	 1.128628e-04	 1704	 iter
1274	 1.128628e-04	 1705	 iter
1275	 1.128628e-04	 1706	 iter
1276	 1.128628e-04	 1707	 iter
1277	 1.128525e-04	 1709	 iter
1278	 1.128525e-04	 1710	 iter
1279	 1.128525e-04	 1711	 iter
1280	 1.128525e-04	 1712	 iter
1281	 1.128525e-04	 1713	 iter
1282	 1.128525e-04	 1714	 iter
1283	 1.128525e-04	 1715	 iter
1284	 1.128383e-04	 1717	 iter
1285	 1.128317e-04	 1719	 iter
1286	 1.128317e-04	 1720	 iter
1287	 1.128317e-04	 1721	 iter
1288	 1.128208e-04	 1723	 iter
1289	 1.128208e-04	 1724	 iter
1290	 1.128208e-04	 1725	 iter
1291	 1.128208e-04	 1726	 iter
1292	 1.128208e-04	 1727	 iter
1293	 1.128208e-04	 1728	 iter
1294	 1.127922e-04	 1730	 iter
1295	 1.127922e-04	 1731	 iter
1296	 1.127922e-04	 1732	 iter
1297	 1.127922e-04	 1733	 iter
1298	 1.127757e-04	 1735	 iter
1299	 1.127757e-04	 1736	 iter
1300	 1.127757e-04	 1737	 iter
1301	 1.127757e-04	 1738	 iter
1302	 1.127757e-04	 1739	 iter
1303	 1.127757e-04	 1740	 iter
1304	 1.127316e-04	 1742	 iter
1305	 1.127316e-04	 1743	 iter
1306	 1.127316e-04	 1744	 iter
1307	 1.127316e-04	 1745	 iter
1308	 1.127316e-04	 1746	 iter
1309	 1.127316e-04	 1747	 iter
1310	 1.127012e-04	 1749	 iter
1311	 1.127012e-04	 1750	 iter
1312	 1.127012e-04	 1751	 iter
1313	 1.127012e-04	 1752	 iter
1314	 1.127012e-04	 1753	 iter
1315	 1.127012e-04	 1754	 iter
1316	 1.126532e-04	 1756	 iter
1317	 1.126532e-04	 1757	 iter
1318	 1.126532e-04	 1758	 iter
1319	 1.126532e-04	 1759	 iter
1320	 1.126532e-04	 1760	 iter
1321	 1.126532e-04	 1761	 iter
1322	 1.126532e-04	 1762	 iter
1323	 1.126402e-04	 1764	 iter
1324	 1.126213e-04	 1766	 iter
1325	 1.126213e-04	 1767	 iter
1326	 1.126213e-04	 1768	 iter
1327	 1.126213e-04	 1769	 iter
1328	 1.126141e-04	 1771	 iter
1329	 1.126103e-04	 1773	 iter
1330	 1.125773e-04	 1775	 iter
1331	 1.125773e-04	 1776	 iter
1332	 1.125773e-04	 1777	 iter
1333	 1.125768e-04	 1779	 iter
1334	 1.125768e-04	 1780	 iter
1335	 1.125768e-04	 1781	 iter
1336	 1.125620e-04	 1783	 iter
1337	 1.125620e-04	 1784	 iter
1338	 1.125620e-04	 1785	 iter
1339	 1.125620e-04	 1786	 iter
1340	 1.125620e-04	 1787	 iter
1341	 1.125620e-04	 1788	 iter
1342	 1.125553e-04	 1790	 iter
1343	 1.125367e-04	 1792	 iter
1344	 1.125367e-04	 1793	 iter
1345	 1.125367e-04	 1794	 iter
1346	 1.125367e-04	 1795	 iter
1347	 1.125367e-04	 1797	 iter
1348	 1.125355e-04	 1799	 iter
1349	 1.125261e-04	 1801	 iter
1350	 1.125261e-04	 1802	 iter
1351	 1.125261e-04	 1803	 iter
1352	 1.124905e-04	 1805	 iter
1353	 1.124905e-04	 1806	 iter
1354	 1.124905e-04	 1807	 iter
1355	 1.124905e-04	 1808	 iter
1356	 1.124905e-04	 1809	 iter
1357	 1.124905e-04	 1810	 iter
1358	 1.124864e-04	 1812	 iter
1359	 1.124864e-04	 1813	 iter
1360	 1.124829e-04	 1815	 iter
1361	 1.124829e-04	 1816	 iter
1362	 1.124829e-04	 1817	 iter
1363	 1.124829e-04	 1818	 iter
1364	 1.124829e-04	 1819	 iter
1365	 1.124829e-04	 1820	 iter
1366	 1.124829e-04	 1821	 iter
1367	 1.124829e-04	 1822	 iter
1368	 1.124647e-04	 1824	 iter
1369	 1.124647e-04	 1825	 iter
1370	 1.124647e-04	 1826	 iter
1371	 1.124647e-04	 1827	 iter
1372	 1.124647e-04	 1829	 iter
1373	 1.124562e-04	 1831	 iter
1374	 1.124562e-04	 1832	 iter
1375	 1.124562e-04	 1833	 iter
1376	 1.124562e-04	 1834	 iter
1377	 1.124562e-04	 1835	 iter
1378	 1.124562e-04	 1836	 iter
1379	 1.124562e-04	 1837	 iter
1380	 1.124562e-04	 1838	 iter
1381	 1.124562e-04	 1839	 iter
1382	 1.124110e-04	 1841	 iter
1383	 1.124110e-04	 1842	 iter
1384	 1.124110e-04	 1843	 iter
1385	 1.124110e-04	 1844	 iter
1386	 1.124110e-04	 1845	 iter
1387	 1.124110e-04	 1846	 iter
1388	 1.124110e-04	 1847	 iter
1389	 1.124110e-04	 1848	 iter
1390	 1.124110e-04	 1849	 iter
1391	 1.124110e-04	 1850	 iter
1392	 1.124110e-04	 1851	 iter
1393	 1.124110e-04	 1852	 iter
1394	 1.124110e-04	 1853	 iter
1395	 1.124110e-04	 1854	 iter
1396	 1.124063e-04	 1856	 iter
1397	 1.123596e-04	 1858	 iter
1398	 1.123596e-04	 1859	 iter
1399	 1.123596e-04	 1860	 iter
1400	 1.123596e-04	 1861	 iter
1401	 1.123395e-04	 1863	 iter
1402	 1.123395e-04	 1864	 iter
1403	 1.123395e-04	 1865	 iter
1404	 1.123395e-04	 1866	 iter
1405	 1.123395e-04	 1867	 iter
1406	 1.123395e-04	 1868	 iter
1407	 1.123395e-04	 1869	 iter
1408	 1.123395e-04	 1870	 iter
1409	 1.123335e-04	 1872	 iter
1410	 1.123335e-04	 1873	 iter
1411	 1.123335e-04	 1874	 iter
1412	 1.123335e-04	 1875	 iter
1413	 1.122462e-04	 1877	 iter
1414	 1.122462e-04	 1878	 iter
1415	 1.122462e-04	 1879	 iter
1416	 1.122462e-04	 1880	 iter
1417	 1.122462e-04	 1881	 iter
1418	 1.122462e-04	 1882	 iter
1419	 1.122462e-04	 1883	 iter
1420	 1.122462e-04	 1884	 iter
1421	 1.122462e-04	 1885	 iter
1422	 1.122462e-04	 1886	 iter
1423	 1.122462e-04	 1887	 iter
1424	 1.122462e-04	 1888	 iter
1425	 1.122462e-04	 1889	 iter
1426	 1.122462e-04	 1890	 iter
1427	 1.122462e-04	 1891	 iter
1428	 1.122462e-04	 1892	 iter
1429	 1.122462e-04	 1893	 iter
1430	 1.122462e-04	 1894	 iter
1431	 1.122462e-04	 1895	 iter
1432	 1.122174e-04	 1897	 iter
1433	 1.122174e-04	 1898	 iter
1434	 1.122174e-04	 1899	 iter
1435	 1.122174e-04	 1900	 iter
1436	 1.122174e-04	 1901	 iter
1437	 1.122174e-04	 1902	 iter
1438	 1.122174e-04	 1903	 iter
1439	 1.121987e-04	 1905	 iter
1440	 1.121987e-04	 1906	 iter
1441	 1.121987e-04	 1907	 iter
1442	 1.121837e-04	 1909	 iter
1443	 1.121837e-04	 1910	 iter
1444	 1.121649e-04	 1912	 iter
1445	 1.121649e-04	 1913	 iter
1446	 1.121649e-04	 1914	 iter
1447	 1.121649e-04	 1915	 iter
1448	 1.121649e-04	 1916	 iter
1449	 1.121649e-04	 1917	 iter
1450	 1.121631e-04	 1919	 iter
1451	 1.121527e-04	 1921	 iter
1452	 1.121375e-04	 1923	 iter
1453	 1.121375e-04	 1924	 iter
1454	 1.121375e-04	 1925	 iter
1455	 1.121375e-04	 1926	 iter
1456	 1.121375e-04	 1927	 iter
1457	 1.121375e-04	 1928	 iter
1458	 1.121101e-04	 1930	 iter
1459	 1.121101e-04	 1931	 iter
1460	 1.121101e-04	 1932	 iter
1461	 1.120686e-04	 1934	 iter
1462	 1.120686e-04	 1935	 iter
1463	 1.120686e-04	 1936	 iter
1464	 1.120686e-04	 1937	 iter
1465	 1.120686e-04	 1938	 iter
1466	 1.120686e-04	 1939	 iter
1467	 1.120686e-04	 1940	 iter
1468	 1.120686e-04	 1941	 iter
1469	 1.120686e-04	 1942	 iter
1470	 1.120686e-04	 1943	 iter
1471	 1.120686e-04	 1944	 iter
1472	 1.120686e-04	 1945	 iter
1473	 1.120686e-04	 1946	 iter
1474	 1.120686e-04	 1947	 iter
1475	 1.120684e-04	 1949	 iter
1476	 1.120576e-04	 1951	 iter
1477	 1.120576e-04	 1952	 iter
1478	 1.120576e-04	 1953	 iter
1479	 1.120576e-04	 1954	 iter
1480	 1.120537e-04	 1956	 iter
1481	 1.120418e-04	 1958	 iter
1482	 1.120418e-04	 1959	 iter
1483	 1.120418e-04	 1960	 iter
1484	 1.120418e-04	 1961	 iter
1485	 1.120418e-04	 1962	 iter
1486	 1.120418e-04	 1963	 iter
1487	 1.120418e-04	 1964	 iter
1488	 1.120418e-04	 1965	 iter
1489	 1.120418e-04	 1967	 iter
1490	 1.120204e-04	 1969	 iter
1491	 1.120204e-04	 1970	 iter
1492	 1.120204e-04	 1971	 iter
1493	 1.120204e-04	 1972	 iter
1494	 1.120204e-04	 1973	 iter
1495	 1.120204e-04	 1975	 iter
1496	 1.120204e-04	 1977	 iter
1497	 1.120204e-04	 1978	 iter
1498	 1.120197e-04	 1980	 iter
1499	 1.120197e-04	 1981	 iter
1500	 1.120123e-04	 1983	 iter
1501	 1.120123e-04	 1984	 iter
1502	 1.120123e-04	 1985	 iter
1503	 1.120123e-04	 1986	 iter
1504	 1.120123e-04	 1988	 iter
1505	 1.120123e-04	 1989	 iter
1506	 1.120123e-04	 1991	 iter
1507	 1.120123e-04	 1992	 iter
1508	 1.120123e-04	 1993	 iter
1509	 1.120092e-04	 1995	 iter
1510	 1.120092e-04	 1997	 iter
1511	 1.120092e-04	 1998	 iter
1512	 1.120092e-04	 2000	 iter
1513	 1.120092e-04	 2001	 iter
1514	 1.120092e-04	 2003	 iter
1515	 1.120092e-04	 2004	 iter
1516	 1.120062e-04	 2006	 iter
1517	 1.120062e-04	 2008	 iter
1518	 1.120062e-04	 2009	 iter
1519	 1.120062e-04	 2010	 iter
1520	 1.120062e-04	 2012	 iter
1521	 1.120062e-04	 2013	 iter
1522	 1.119999e-04	 2015	 iter
1523	 1.119999e-04	 2017	 iter
1524	 1.119999e-04	 2018	 iter
1525	 1.119999e-04	 2020	 iter
1526	 1.119941e-04	 2022	 iter
1527	 1.119941e-04	 2023	 iter
1528	 1.119927e-04	 2025	 iter
1529	 1.119927e-04	 2026	 iter
1530	 1.119927e-04	 2027	 iter
1531	 1.119900e-04	 2029	 iter
1532	 1.119881e-04	 2031	 iter
1533	 1.119881e-04	 2033	 iter
1534	 1.119881e-04	 2034	 iter
1535	 1.119881e-04	 2035	 iter
1536	 1.119881e-04	 2036	 iter
1537	 1.119831e-04	 2038	 iter
1538	 1.119831e-04	 2039	 iter
1539	 1.119831e-04	 2041	 iter
1540	 1.119831e-04	 2042	 iter
1541	 1.119831e-04	 2043	 iter
1542	 1.119831e-04	 2044	 iter
1543	 1.119831e-04	 2045	 iter
1544	 1.119831e-04	 2046	 iter
1545	 1.119831e-04	 2047	 iter
1546	 1.119831e-04	 2049	 iter
1547	 1.119831e-04	 2050	 iter
1548	 1.119831e-04	 2051	 iter
1549	 1.119831e-04	 2052	 iter
1550	 1.119831e-04	 2054	 iter
1551	 1.119814e-04	 2056	 iter
1552	 1.119814e-04	 2058	 iter
1553	 1.119814e-04	 2059	 iter
1554	 1.119814e-04	 2061	 iter
1555	 1.119814e-04	 2063	 iter
1556	 1.119814e-04	 2065	 iter
1557	 1.119814e-04	 2066	 iter
1558	 1.119814e-04	 2068	 iter
1559	 1.119790e-04	 2070	 iter
1560	 1.119790e-04	 2071	 iter
1561	 1.119790e-04	 2073	 iter
1562	 1.119790e-04	 2075	 iter
1563	 1.119790e-04	 2077	 iter
1564	 1.119756e-04	 2079	 iter
1565	 1.119756e-04	 2080	 iter
1566	 1.119756e-04	 2081	 iter
1567	 1.119756e-04	 2083	 iter
1568	 1.119756e-04	 2084	 iter
1569	 1.119756e-04	 2086	 iter
1570	 1.119756e-04	 2087	 iter
1571	 1.119756e-04	 2088	 iter
1572	 1.119756e-04	 2089	 iter
1573	 1.119756e-04	 2090	 iter
1574	 1.119756e-04	 2091	 iter
1575	 1.119756e-04	 2092	 iter
1576	 1.119740e-04	 2094	 iter
1577	 1.119732e-04	 2096	 iter
1578	 1.119732e-04	 2097	 iter
1579	 1.119732e-04	 2098	 iter
1580	 1.119732e-04	 2099	 iter
1581	 1.119732e-04	 2100	 iter
1582	 1.119732e-04	 2102	 iter
1583	 1.119732e-04	 2103	 iter
1584	 1.119732e-04	 2104	 iter
1585	 1.119732e-04	 2105	 iter
1586	 1.119732e-04	 2106	 iter
1587	 1.119732e-04	 2107	 iter
1588	 1.119709e-04	 2109	 iter
1589	 1.119709e-04	 2110	 iter
1590	 1.119709e-04	 2112	 iter
1591	 1.119709e-04	 2113	 iter
1592	 1.119709e-04	 2114	 iter
1593	 1.119709e-04	 2115	 iter
1594	 1.119709e-04	 2116	 iter
1595	 1.119672e-04	 2118	 iter
1596	 1.119672e-04	 2119	 iter
1597	 1.119672e-04	 2120	 iter
1598	 1.119672e-04	 2121	 iter
1599	 1.119672e-04	 2122	 iter
1600	 1.119672e-04	 2123	 iter
1601	 1.119672e-04	 2124	 iter
1602	 1.119672e-04	 2125	 iter
1603	 1.119667e-04	 2127	 iter
1604	 1.119667e-04	 2129	 iter
1605	 1.119667e-04	 2130	 iter
1606	 1.119667e-04	 2131	 iter
1607	 1.119667e-04	 2132	 iter
1608	 1.119647e-04	 2134	 iter
1609	 1.119630e-04	 2136	 iter
1610	 1.119630e-04	 2137	 iter
1611	 1.119630e-04	 2138	 iter
1612	 1.119630e-04	 2139	 iter
1613	 1.119630e-04	 2140	 iter
1614	 1.119630e-04	 2141	 iter
1615	 1.119630e-04	 2142	 iter
1616	 1.119630e-04	 2143	 iter
1617	 1.119617e-04	 2145	 iter
1618	 1.119617e-04	 2146	 iter
1619	 1.119606e-04	 2148	 iter
1620	 1.119545e-04	 2150	 iter
1621	 1.119545e-04	 2151	 iter
1622	 1.119545e-04	 2152	 iter
1623	 1.119545e-04	 2153	 iter
1624	 1.119545e-04	 2154	 iter
1625	 1.119545e-04	 2155	 iter
1626	 1.119545e-04	 2156	 iter
1627	 1.119545e-04	 2157	 iter
1628	 1.119545e-04	 2158	 iter
1629	 1.119545e-04	 2159	 iter
1630	 1.119545e-04	 2160	 iter
1631	 1.119542e-04	 2162	 iter
1632	 1.119542e-04	 2163	 iter
1633	 1.119527e-04	 2165	 iter
1634	 1.119527e-04	 2166	 iter
1635	 1.119495e-04	 2168	 iter
1636	 1.119494e-04	 2170	 iter
1637	 1.119494e-04	 2171	 iter
1638	 1.119494e-04	 2172	 iter
1639	 1.119483e-04	 2174	 iter
1640	 1.119479e-04	 2176	 iter
1641	 1.119479e-04	 2177	 iter
1642	 1.119479e-04	 2178	 iter
1643	 1.119479e-04	 2179	 iter
1644	 1.119453e-04	 2181	 iter
1645	 1.119453e-04	 2182	 iter
1646	 1.119453e-04	 2183	 iter
1647	 1.119417e-04	 2185	 iter
1648	 1.119417e-04	 2186	 iter
1649	 1.119405e-04	 2188	 iter
1650	 1.119405e-04	 2189	 iter
1651	 1.119405e-04	 2190	 iter
1652	 1.119405e-04	 2191	 iter
1653	 1.119405e-04	 2192	 iter
1654	 1.119405e-04	 2193	 iter
1655	 1.119405e-04	 2194	 iter
1656	 1.119377e-04	 2196	 iter
1657	 1.119377e-04	 2197	 iter
1658	 1.119377e-04	 2198	 iter
1659	 1.119377e-04	 2199	 iter
1660	 1.119304e-04	 2201	 iter
1661	 1.119304e-04	 2202	 iter
1662	 1.119304e-04	 2203	 iter
1663	 1.119304e-04	 2204	 iter
1664	 1.119304e-04	 2205	 iter
1665	 1.119304e-04	 2206	 iter
1666	 1.119304e-04	 2207	 iter
1667	 1.119292e-04	 2209	 iter
1668	 1.119292e-04	 2210	 iter
1669	 1.119286e-04	 2212	 iter
1670	 1.119276e-04	 2214	 iter
1671	 1.119276e-04	 2215	 iter
1672	 1.119268e-04	 2217	 iter
1673	 1.119268e-04	 2218	 iter
1674	 1.119244e-04	 2220	 iter
1675	 1.119244e-04	 2221	 iter
1676	 1.119244e-04	 2222	 iter
1677	 1.119173e-04	 2224	 iter
1678	 1.119173e-04	 2225	 iter
1679	 1.119173e-04	 2226	 iter
1680	 1.119173e-04	 2227	 iter
1681	 1.119173e-04	 2228	 iter
1682	 1.119135e-04	 2230	 iter
1683	 1.119135e-04	 2231	 iter
1684	 1.119135e-04	 2232	 iter
1685	 1.119135e-04	 2233	 iter
1686	 1.119135e-04	 2234	 iter
1687	 1.119135e-04	 2235	 iter
1688	 1.119041e-04	 2237	 iter
1689	 1.119041e-04	 2238	 iter
1690	 1.119041e-04	 2239	 iter
1691	 1.118997e-04	 2241	 iter
1692	 1.118956e-04	 2243	 iter
1693	 1.118956e-04	 2244	 iter
1694	 1.118956e-04	 2245	 iter
1695	 1.118956e-04	 2246	 iter
1696	 1.118951e-04	 2248	 iter
1697	 1.118770e-04	 2250	 iter
1698	 1.118770e-04	 2251	 iter
1699	 1.118770e-04	 2252	 iter
1700	 1.118770e-04	 2253	 iter
1701	 1.118770e-04	 2254	 iter
1702	 1.118770e-04	 2255	 iter
1703	 1.118770e-04	 2256	 iter
1704	 1.118630e-04	 2258	 iter
1705	 1.118630e-04	 2259	 iter
1706	 1.118630e-04	 2260	 iter
1707	 1.118630e-04	 2261	 iter
1708	 1.118630e-04	 2262	 iter
1709	 1.118630e-04	 2263	 iter
1710	 1.118553e-04	 2265	 iter
1711	 1.118553e-04	 2266	 iter
1712	 1.118553e-04	 2267	 iter
1713	 1.118546e-04	 2269	 iter
1714	 1.118514e-04	 2271	 iter
1715	 1.118514e-04	 2272	 iter
1716	 1.118274e-04	 2274	 iter
1717	 1.118274e-04	 2275	 iter
1718	 1.118274e-04	 2276	 iter
1719	 1.118274e-04	 2277	 iter
1720	 1.118274e-04	 2278	 iter
1721	 1.118035e-04	 2280	 iter
1722	 1.118035e-04	 2281	 iter
1723	 1.118035e-04	 2282	 iter
1724	 1.118035e-04	 2283	 iter
1725	 1.118035e-04	 2284	 iter
1726	 1.118035e-04	 2285	 iter
1727	 1.118035e-04	 2286	 iter
1728	 1.118035e-04	 2287	 iter
1729	 1.117926e-04	 2289	 iter
1730	 1.117926e-04	 2290	 iter
1731	 1.117731e-04	 2292	 iter
1732	 1.117731e-04	 2293	 iter
1733	 1.117731e-04	 2294	 iter
1734	 1.117428e-04	 2296	 iter
1735	 1.117428e-04	 2297	 iter
1736	 1.117428e-04	 2298	 iter
1737	 1.117428e-04	 2299	 iter
1738	 1.117428e-04	 2300	 iter
1739	 1.117428e-04	 2301	 iter
1740	 1.117428e-04	 2302	 iter
1741	 1.117428e-04	 2303	 iter
1742	 1.116969e-04	 2305	 iter
1743	 1.116969e-04	 2306	 iter
1744	 1.116969e-04	 2307	 iter
1745	 1.116969e-04	 2308	 iter
1746	 1.116969e-04	 2309	 iter
1747	 1.116969e-04	 2310	 iter
1748	 1.116969e-04	 2311	 iter
1749	 1.116969e-04	 2312	 iter
1750	 1.116462e-04	 2314	 iter
1751	 1.116462e-04	 2315	 iter
1752	 1.116462e-04	 2316	 iter
1753	 1.116462e-04	 2317	 iter
1754	 1.116462e-04	 2318	 iter
1755	 1.116462e-04	 2319	 iter
1756	 1.116462e-04	 2320	 iter
1757	 1.116462e-04	 2321	 iter
1758	 1.116462e-04	 2322	 iter
1759	 1.116462e-04	 2323	 iter
1760	 1.116020e-04	 2325	 iter
1761	 1.116020e-04	 2326	 iter
1762	 1.116020e-04	 2327	 iter
1763	 1.116020e-04	 2328	 iter
1764	 1.116020e-04	 2329	 iter
1765	 1.116020e-04	 2330	 iter
1766	 1.116020e-04	 2331	 iter
1767	 1.115939e-04	 2333	 iter
1768	 1.115939e-04	 2334	 iter
1769	 1.115939e-04	 2335	 iter
1770	 1.115065e-04	 2337	 iter
1771	 1.115065e-04	 2338	 iter
1772	 1.115065e-04	 2339	 iter
1773	 1.115065e-04	 2340	 iter
1774	 1.115065e-04	 2341	 iter
1775	 1.115065e-04	 2342	 iter
1776	 1.115065e-04	 2343	 iter
1777	 1.115065e-04	 2344	 iter
1778	 1.114471e-04	 2346	 iter
1779	 1.114471e-04	 2347	 iter
1780	 1.114471e-04	 2348	 iter
1781	 1.114471e-04	 2349	 iter
1782	 1.114471e-04	 2350	 iter
1783	 1.113968e-04	 2352	 iter
1784	 1.113968e-04	 2353	 iter
1785	 1.113968e-04	 2354	 iter
1786	 1.113968e-04	 2355	 iter
1787	 1.113968e-04	 2356	 iter
1788	 1.113316e-04	 2358	 iter
1789	 1.113316e-04	 2359	 iter
1790	 1.113316e-04	 2360	 iter
1791	 1.113316e-04	 2361	 iter
1792	 1.112240e-04	 2363	 iter
1793	 1.112240e-04	 2364	 iter
1794	 1.112240e-04	 2365	 iter
1795	 1.112240e-04	 2366	 iter
1796	 1.112240e-04	 2367	 iter
1797	 1.112240e-04	 2368	 iter
1798	 1.112240e-04	 2369	 iter
1799	 1.112240e-04	 2370	 iter
1800	 1.111803e-04	 2372	 iter
1801	 1.111803e-04	 2373	 iter
1802	 1.110706e-04	 2375	 iter
1803	 1.110706e-04	 2376	 iter
1804	 1.110706e-04	 2377	 iter
1805	 1.110706e-04	 2378	 iter
1806	 1.110706e-04	 2379	 iter
1807	 1.110706e-04	 2380	 iter
1808	 1.110706e-04	 2381	 iter
1809	 1.110208e-04	 2383	 iter
1810	 1.110208e-04	 2384	 iter
1811	 1.110208e-04	 2385	 iter
1812	 1.109725e-04	 2387	 iter
1813	 1.109725e-04	 2388	 iter
1814	 1.109725e-04	 2389	 iter
1815	 1.108908e-04	 2391	 iter
1816	 1.108908e-04	 2392	 iter
1817	 1.108908e-04	 2393	 iter
1818	 1.108908e-04	 2394	 iter
1819	 1.108908e-04	 2395	 iter
1820	 1.107162e-04	 2397	 iter
1821	 1.107162e-04	 2398	 iter
1822	 1.107162e-04	 2399	 iter
1823	 1.107162e-04	 2400	 iter
1824	 1.107162e-04	 2401	 iter
1825	 1.107162e-04	 2402	 iter
1826	 1.107162e-04	 2403	 iter
1827	 1.107162e-04	 2404	 iter
1828	 1.107162e-04	 2405	 iter
1829	 1.107162e-04	 2406	 iter
1830	 1.107162e-04	 2407	 iter
1831	 1.107162e-04	 2408	 iter
1832	 1.107162e-04	 2409	 iter
1833	 1.106413e-04	 2411	 iter
1834	 1.106413e-04	 2412	 iter
1835	 1.106413e-04	 2413	 iter
1836	 1.106413e-04	 2414	 iter
1837	 1.106413e-04	 2415	 iter
1838	 1.106413e-04	 2416	 iter
1839	 1.106413e-04	 2418	 iter
1840	 1.105039e-04	 2420	 iter
1841	 1.105039e-04	 2421	 iter
1842	 1.105039e-04	 2422	 iter
1843	 1.105039e-04	 2423	 iter
1844	 1.105039e-04	 2424	 iter
1845	 1.105039e-04	 2425	 iter
1846	 1.105039e-04	 2426	 iter
1847	 1.105039e-04	 2427	 iter
1848	 1.105039e-04	 2428	 iter
1849	 1.105039e-04	 2429	 iter
1850	 1.104915e-04	 2431	 iter
1851	 1.104915e-04	 2432	 iter
1852	 1.104915e-04	 2433	 iter
1853	 1.104915e-04	 2434	 iter
1854	 1.104915e-04	 2435	 iter
1855	 1.104915e-04	 2436	 iter
1856	 1.104915e-04	 2437	 iter
1857	 1.104915e-04	 2439	 iter
1858	 1.104658e-04	 2441	 iter
1859	 1.104280e-04	 2443	 iter
1860	 1.104280e-04	 2444	 iter
1861	 1.104280e-04	 2445	 iter
1862	 1.102519e-04	 2447	 iter
1863	 1.102519e-04	 2448	 iter
1864	 1.102519e-04	 2449	 iter
1865	 1.102519e-04	 2450	 iter
1866	 1.102519e-04	 2451	 iter
1867	 1.102519e-04	 2452	 iter
1868	 1.102519e-04	 2453	 iter
1869	 1.102519e-04	 2454	 iter
1870	 1.102519e-04	 2455	 iter
1871	 1.102519e-04	 2456	 iter
1872	 1.102519e-04	 2457	 iter
1873	 1.102519e-04	 2458	 iter
1874	 1.102519e-04	 2459	 iter
1875	 1.102519e-04	 2460	 iter
1876	 1.101735e-04	 2462	 iter
1877	 1.101735e-04	 2463	 iter
1878	 1.101735e-04	 2464	 iter
1879	 1.101735e-04	 2465	 iter
1880	 1.101735e-04	 2466	 iter
1881	 1.101735e-04	 2467	 iter
1882	 1.101735e-04	 2468	 iter
1883	 1.101735e-04	 2469	 iter
1884	 1.101335e-04	 2471	 iter
1885	 1.101335e-04	 2472	 iter
1886	 1.101229e-04	 2474	 iter
1887	 1.099958e-04	 2476	 iter
1888	 1.099958e-04	 2477	 iter
1889	 1.099958e-04	 2478	 iter
1890	 1.099958e-04	 2479	 iter
1891	 1.099958e-04	 2480	 iter
1892	 1.099958e-04	 2481	 iter
1893	 1.099958e-04	 2482	 iter
1894	 1.099958e-04	 2483	 iter
1895	 1.099958e-04	 2484	 iter
1896	 1.099958e-04	 2485	 iter
1897	 1.099958e-04	 2486	 iter
1898	 1.099538e-04	 2488	 iter
1899	 1.099338e-04	 2490	 iter
1900	 1.098782e-04	 2492	 iter
1901	 1.098782e-04	 2493	 iter
1902	 1.098782e-04	 2494	 iter
1903	 1.098782e-04	 2495	 iter
1904	 1.098782e-04	 2496	 iter
1905	 1.098782e-04	 2497	 iter
1906	 1.098782e-04	 2498	 iter
1907	 1.098782e-04	 2499	 iter
1908	 1.098782e-04	 2500	 iter
1909	 1.097698e-04	 2502	 iter
1910	 1.097698e-04	 2503	 iter
1911	 1.097698e-04	 2504	 iter
1912	 1.097698e-04	 2505	 iter
1913	 1.097698e-04	 2506	 iter
1914	 1.097698e-04	 2507	 iter
1915	 1.097698e-04	 2508	 iter
1916	 1.097498e-04	 2510	 iter
1917	 1.097498e-04	 2511	 iter
1918	 1.097498e-04	 2512	 iter
1919	 1.097498e-04	 2513	 iter
1920	 1.097498e-04	 2514	 iter
1921	 1.097037e-04	 2516	 iter
1922	 1.097037e-04	 2517	 iter
1923	 1.097037e-04	 2518	 iter
1924	 1.097037e-04	 2520	 iter
1925	 1.097037e-04	 2521	 iter
1926	 1.096995e-04	 2523	 iter
1927	 1.096995e-04	 2524	 iter
1928	 1.096995e-04	 2526	 iter
1929	 1.096995e-04	 2527	 iter
1930	 1.096995e-04	 2528	 iter
1931	 1.096995e-04	 2529	 iter
1932	 1.096995e-04	 2530	 iter
1933	 1.096995e-04	 2531	 iter
1934	 1.096995e-04	 2532	 iter
1935	 1.096888e-04	 2534	 iter
1936	 1.096888e-04	 2536	 iter
1937	 1.096763e-04	 2538	 iter
1938	 1.096498e-04	 2540	 iter
1939	 1.096498e-04	 2542	 iter
1940	 1.096498e-04	 2544	 iter
1941	 1.096498e-04	 2545	 iter
1942	 1.096498e-04	 2546	 iter
1943	 1.096498e-04	 2548	 iter
1944	 1.096498e-04	 2549	 iter
1945	 1.096224e-04	 2551	 iter
1946	 1.096224e-04	 2552	 iter
1947	 1.096224e-04	 2554	 iter
1948	 1.096107e-04	 2556	 iter
1949	 1.096107e-04	 2557	 iter
1950	 1.096107e-04	 2558	 iter
1951	 1.096107e-04	 2559	 iter
1952	 1.096107e-04	 2560	 iter
1953	 1.096107e-04	 2561	 iter
1954	 1.096107e-04	 2562	 iter
1955	 1.096107e-04	 2564	 iter
1956	 1.096107e-04	 2565	 iter
1957	 1.096107e-04	 2566	 iter
1958	 1.095920e-04	 2568	 iter
1959	 1.095920e-04	 2569	 iter
1960	 1.095743e-04	 2571	 iter
1961	 1.095743e-04	 2572	 iter
1962	 1.095743e-04	 2573	 iter
1963	 1.095743e-04	 2574	 iter
1964	 1.095743e-04	 2575	 iter
1965	 1.095743e-04	 2576	 iter
1966	 1.095743e-04	 2577	 iter
1967	 1.095743e-04	 2579	 iter
1968	 1.095743e-04	 2581	 iter
1969	 1.095743e-04	 2583	 iter
1970	 1.095660e-04	 2585	 iter
1971	 1.095660e-04	 2586	 iter
1972	 1.095660e-04	 2587	 iter
1973	 1.095660e-04	 2588	 iter
1974	 1.095490e-04	 2590	 iter
1975	 1.095490e-04	 2591	 iter
1976	 1.095490e-04	 2593	 iter
1977	 1.095490e-04	 2594	 iter
1978	 1.095490e-04	 2595	 iter
1979	 1.095490e-04	 2596	 iter
1980	 1.095490e-04	 2597	 iter
1981	 1.095490e-04	 2598	 iter
1982	 1.095490e-04	 2600	 iter
1983	 1.095490e-04	 2602	 iter
1984	 1.095490e-04	 2604	 iter
1985	 1.095490e-04	 2606	 iter
1986	 1.095476e-04	 2608	 iter
1987	 1.095436e-04	 2610	 iter
1988	 1.095436e-04	 2611	 iter
1989	 1.095436e-04	 2612	 iter
1990	 1.095436e-04	 2614	 iter
1991	 1.095436e-04	 2615	 iter
1992	 1.095380e-04	 2617	 iter
1993	 1.095380e-04	 2618	 iter
1994	 1.095380e-04	 2619	 iter
1995	 1.095302e-04	 2621	 iter
1996	 1.095302e-04	 2623	 iter
1997	 1.095302e-04	 2624	 iter
1998	 1.095258e-04	 2626	 iter
1999	 1.095258e-04	 2627	 iter
2000	 1.095213e-04	 2629	 iter
2001	 1.095213e-04	 2630	 iter
2002	 1.095213e-04	 2632	 iter
2003	 1.095213e-04	 2633	 iter
2004	 1.095213e-04	 2634	 iter
2005	 1.095213e-04	 2636	 iter
2006	 1.095213e-04	 2637	 iter
2007	 1.095213e-04	 2638	 iter
2008	 1.095213e-04	 2639	 iter
2009	 1.095213e-04	 2640	 iter
2010	 1.095213e-04	 2641	 iter
2011	 1.095213e-04	 2642	 iter
2012	 1.095213e-04	 2643	 iter
2013	 1.095213e-04	 2644	 iter
2014	 1.095213e-04	 2645	 iter
2015	 1.095213e-04	 2646	 iter
2016	 1.095167e-04	 2648	 iter
2017	 1.095167e-04	 2649	 iter
2018	 1.095167e-04	 2651	 iter
2019	 1.095167e-04	 2652	 iter
2020	 1.095167e-04	 2654	 iter
2021	 1.095167e-04	 2655	 iter
2022	 1.095167e-04	 2656	 iter
2023	 1.095121e-04	 2658	 iter
2024	 1.095087e-04	 2660	 iter
2025	 1.095087e-04	 2661	 iter
2026	 1.095087e-04	 2662	 iter
2027	 1.095087e-04	 2663	 iter
2028	 1.095087e-04	 2664	 iter
2029	 1.095087e-04	 2666	 iter
2030	 1.095087e-04	 2667	 iter
2031	 1.095087e-04	 2669	 iter
2032	 1.095087e-04	 2671	 iter
2033	 1.095087e-04	 2672	 iter
2034	 1.095087e-04	 2673	 iter
2035	 1.095087e-04	 2675	 iter
2036	 1.095087e-04	 2676	 iter
2037	 1.095087e-04	 2677	 iter
2038	 1.095087e-04	 2678	 iter
2039	 1.095087e-04	 2679	 iter
2040	 1.095085e-04	 2681	 iter
2041	 1.095085e-04	 2683	 iter
2042	 1.095085e-04	 2684	 iter
2043	 1.095085e-04	 2685	 iter
2044	 1.095078e-04	 2687	 iter
2045	 1.095078e-04	 2688	 iter
2046	 1.095077e-04	 2690	 iter
2047	 1.095072e-04	 2692	 iter
2048	 1.095067e-04	 2694	 iter
2049	 1.095058e-04	 2696	 iter
2050	 1.095058e-04	 2697	 iter
2051	 1.095048e-04	 2699	 iter
2052	 1.095048e-04	 2701	 iter
2053	 1.095048e-04	 2702	 iter
2054	 1.095048e-04	 2704	 iter
2055	 1.095044e-04	 2706	 iter
2056	 1.095042e-04	 2708	 iter
2057	 1.095042e-04	 2710	 iter
2058	 1.095042e-04	 2712	 iter
2059	 1.095042e-04	 2713	 iter
2060	 1.095036e-04	 2715	 iter
2061	 1.095035e-04	 2717	 iter
2062	 1.095035e-04	 2718	 iter
2063	 1.095035e-04	 2719	 iter
2064	 1.095035e-04	 2720	 iter
2065	 1.095035e-04	 2721	 iter
2066	 1.095033e-04	 2723	 iter
2067	 1.095032e-04	 2725	 iter
2068	 1.095031e-04	 2727	 iter
2069	 1.095031e-04	 2729	 iter
2070	 1.095031e-04	 2730	 iter
2071	 1.095031e-04	 2731	 iter
2072	 1.095029e-04	 2733	 iter
2073	 1.095029e-04	 2734	 iter
2074	 1.095027e-04	 2736	 iter
2075	 1.095026e-04	 2738	 iter
2076	 1.095025e-04	 2740	 iter
2077	 1.095025e-04	 2742	 iter
2078	 1.095025e-04	 2743	 iter
2079	 1.095023e-04	 2745	 iter
2080	 1.095023e-04	 2746	 iter
2081	 1.095021e-04	 2748	 iter
2082	 1.095017e-04	 2750	 iter
2083	 1.095017e-04	 2752	 iter
2084	 1.095017e-04	 2753	 iter
2085	 1.095017e-04	 2755	 iter
2086	 1.095017e-04	 2756	 iter
2087	 1.095017e-04	 2757	 iter
2088	 1.095017e-04	 2758	 iter
2089	 1.095017e-04	 2760	 iter
2090	 1.095014e-04	 2762	 iter
2091	 1.095014e-04	 2764	 iter
2092	 1.095014e-04	 2765	 iter
2093	 1.095014e-04	 2767	 iter
2094	 1.095014e-04	 2769	 iter
2095	 1.095014e-04	 2770	 iter
2096	 1.095013e-04	 2772	 iter
2097	 1.095013e-04	 2773	 iter
2098	 1.095011e-04	 2775	 iter
2099	 1.095011e-04	 2777	 iter
2100	 1.095011e-04	 2779	 iter
2101	 1.095011e-04	 2780	 iter
2102	 1.095011e-04	 2781	 iter
2103	 1.095011e-04	 2783	 iter
2104	 1.095011e-04	 2784	 iter
2105	 1.095011e-04	 2785	 iter
2106	 1.095011e-04	 2786	 iter
2107	 1.095011e-04	 2788	 iter
2108	 1.095010e-04	 2790	 iter
2109	 1.095010e-04	 2791	 iter
2110	 1.095010e-04	 2792	 iter
2111	 1.095010e-04	 2794	 iter
2112	 1.095010e-04	 2796	 iter
2113	 1.095010e-04	 2797	 iter
2114	 1.095010e-04	 2798	 iter
2115	 1.095010e-04	 2800	 iter
2116	 1.095008e-04	 2802	 iter
2117	 1.095008e-04	 2804	 iter
2118	 1.095008e-04	 2806	 iter
2119	 1.095008e-04	 2807	 iter
2120	 1.095008e-04	 2809	 iter
2121	 1.095008e-04	 2811	 iter
2122	 1.095008e-04	 2812	 iter
2123	 1.095008e-04	 2813	 iter
2124	 1.095008e-04	 2815	 iter
2125	 1.095006e-04	 2817	 iter
2126	 1.095006e-04	 2819	 iter
2127	 1.095006e-04	 2820	 iter
2128	 1.095006e-04	 2821	 iter
2129	 1.095006e-04	 2822	 iter
2130	 1.095006e-04	 2823	 iter
2131	 1.095006e-04	 2824	 iter
2132	 1.095006e-04	 2825	 iter
2133	 1.095006e-04	 2826	 iter
2134	 1.095006e-04	 2827	 iter
2135	 1.095006e-04	 2828	 iter
2136	 1.095006e-04	 2830	 iter
2137	 1.095006e-04	 2831	 iter
2138	 1.095006e-04	 2833	 iter
2139	 1.095006e-04	 2834	 iter
2140	 1.095004e-04	 2836	 iter
2141	 1.095004e-04	 2837	 iter
2142	 1.095004e-04	 2838	 iter
2143	 1.095004e-04	 2839	 iter
2144	 1.095004e-04	 2840	 iter
2145	 1.095004e-04	 2841	 iter
2146	 1.095004e-04	 2842	 iter
2147	 1.095004e-04	 2843	 iter
2148	 1.095004e-04	 2844	 iter
2149	 1.095004e-04	 2845	 iter
2150	 1.095004e-04	 2846	 iter
2151	 1.095004e-04	 2847	 iter
2152	 1.095004e-04	 2848	 iter
2153	 1.095004e-04	 2850	 iter
2154	 1.095004e-04	 2852	 iter
2155	 1.095004e-04	 2853	 iter
2156	 1.095002e-04	 2855	 iter
2157	 1.095002e-04	 2856	 iter
2158	 1.095002e-04	 2857	 iter
2159	 1.095002e-04	 2858	 iter
2160	 1.095002e-04	 2859	 iter
2161	 1.095002e-04	 2860	 iter
2162	 1.095002e-04	 2861	 iter
2163	 1.095002e-04	 2862	 iter
2164	 1.095002e-04	 2863	 iter
2165	 1.095002e-04	 2865	 iter
2166	 1.095001e-04	 2867	 iter
2167	 1.095001e-04	 2868	 iter
2168	 1.095001e-04	 2870	 iter
2169	 1.095000e-04	 2872	 iter
2170	 1.095000e-04	 2873	 iter
2171	 1.094999e-04	 2875	 iter
2172	 1.094999e-04	 2876	 iter
2173	 1.094999e-04	 2877	 iter
2174	 1.094999e-04	 2878	 iter
2175	 1.094999e-04	 2879	 iter
2176	 1.094999e-04	 2880	 iter
2177	 1.094999e-04	 2881	 iter
2178	 1.094999e-04	 2882	 iter
2179	 1.094999e-04	 2883	 iter
2180	 1.094999e-04	 2884	 iter
2181	 1.094999e-04	 2885	 iter
2182	 1.094999e-04	 2886	 iter
2183	 1.094999e-04	 2888	 iter
2184	 1.094999e-04	 2889	 iter
2185	 1.094999e-04	 2890	 iter
2186	 1.094998e-04	 2892	 iter
2187	 1.094998e-04	 2894	 iter
2188	 1.094995e-04	 2896	 iter
2189	 1.094995e-04	 2897	 iter
2190	 1.094995e-04	 2898	 iter
2191	 1.094995e-04	 2899	 iter
2192	 1.094995e-04	 2900	 iter
2193	 1.094995e-04	 2901	 iter
2194	 1.094995e-04	 2902	 iter
2195	 1.094995e-04	 2903	 iter
2196	 1.094995e-04	 2904	 iter
2197	 1.094995e-04	 2906	 iter
2198	 1.094995e-04	 2907	 iter
2199	 1.094995e-04	 2908	 iter
2200	 1.094995e-04	 2909	 iter
2201	 1.094995e-04	 2910	 iter
2202	 1.094995e-04	 2911	 iter
2203	 1.094995e-04	 2912	 iter
2204	 1.094995e-04	 2914	 iter
2205	 1.094995e-04	 2915	 iter
2206	 1.094995e-04	 2916	 iter
2207	 1.094995e-04	 2917	 iter
2208	 1.094994e-04	 2919	 iter
2209	 1.094994e-04	 2920	 iter
2210	 1.094994e-04	 2921	 iter
2211	 1.094993e-04	 2923	 iter
2212	 1.094993e-04	 2924	 iter
2213	 1.094989e-04	 2926	 iter
2214	 1.094989e-04	 2927	 iter
2215	 1.094989e-04	 2928	 iter
2216	 1.094989e-04	 2929	 iter
2217	 1.094989e-04	 2930	 iter
2218	 1.094989e-04	 2931	 iter
2219	 1.094989e-04	 2932	 iter
2220	 1.094989e-04	 2933	 iter
2221	 1.094989e-04	 2934	 iter
2222	 1.094989e-04	 2935	 iter
2223	 1.094989e-04	 2936	 iter
2224	 1.094989e-04	 2937	 iter
2225	 1.094989e-04	 2938	 iter
2226	 1.094989e-04	 2940	 iter
2227	 1.094989e-04	 2941	 iter
2228	 1.094987e-04	 2943	 iter
2229	 1.094987e-04	 2944	 iter
2230	 1.094987e-04	 2946	 iter
2231	 1.094987e-04	 2947	 iter
2232	 1.094987e-04	 2949	 iter
2233	 1.094987e-04	 2950	 iter
2234	 1.094982e-04	 2952	 iter
2235	 1.094982e-04	 2953	 iter
2236	 1.094982e-04	 2954	 iter
2237	 1.094982e-04	 2955	 iter
2238	 1.094982e-04	 2956	 iter
2239	 1.094982e-04	 2957	 iter
2240	 1.094982e-04	 2958	 iter
2241	 1.094982e-04	 2959	 iter
2242	 1.094982e-04	 2960	 iter
2243	 1.094982e-04	 2961	 iter
2244	 1.094982e-04	 2962	 iter
2245	 1.094979e-04	 2964	 iter
2246	 1.094979e-04	 2965	 iter
2247	 1.094979e-04	 2966	 iter
2248	 1.094979e-04	 2967	 iter
2249	 1.094979e-04	 2968	 iter
2250	 1.094977e-04	 2970	 iter
2251	 1.094975e-04	 2972	 iter
2252	 1.094975e-04	 2973	 iter
2253	 1.094975e-04	 2974	 iter
2254	 1.094971e-04	 2976	 iter
2255	 1.094971e-04	 2977	 iter
2256	 1.094971e-04	 2978	 iter
2257	 1.094971e-04	 2979	 iter
2258	 1.094971e-04	 2980	 iter
2259	 1.094966e-04	 2982	 iter
2260	 1.094966e-04	 2983	 iter
2261	 1.094966e-04	 2984	 iter
2262	 1.094966e-04	 2985	 iter
2263	 1.094962e-04	 2987	 iter
2264	 1.094962e-04	 2988	 iter
2265	 1.094956e-04	 2990	 iter
2266	 1.094956e-04	 2991	 iter
2267	 1.094956e-04	 2992	 iter
2268	 1.094956e-04	 2993	 iter
2269	 1.094956e-04	 2994	 iter
2270	 1.094951e-04	 2996	 iter
2271	 1.094951e-04	 2997	 iter
2272	 1.094944e-04	 2999	 iter
2273	 1.094944e-04	 3000	 iter
2274	 1.094944e-04	 3001	 iter
2275	 1.094944e-04	 3002	 iter
2276	 1.094931e-04	 3004	 iter
2277	 1.094931e-04	 3005	 iter
2278	 1.094931e-04	 3006	 iter
2279	 1.094931e-04	 3007	 iter
2280	 1.094931e-04	 3008	 iter
2281	 1.094931e-04	 3009	 iter
2282	 1.094931e-04	 3010	 iter
2283	 1.094930e-04	 3012	 iter
2284	 1.094930e-04	 3013	 iter
2285	 1.094930e-04	 3015	 iter
2286	 1.094925e-04	 3017	 iter
2287	 1.094923e-04	 3019	 iter
2288	 1.094923e-04	 3020	 iter
2289	 1.094923e-04	 3021	 iter
2290	 1.094921e-04	 3023	 iter
2291	 1.094906e-04	 3025	 iter
2292	 1.094906e-04	 3026	 iter
2293	 1.094906e-04	 3027	 iter
2294	 1.094906e-04	 3028	 iter
2295	 1.094906e-04	 3029	 iter
2296	 1.094906e-04	 3030	 iter
2297	 1.094906e-04	 3031	 iter
2298	 1.094906e-04	 3032	 iter
2299	 1.094906e-04	 3033	 iter
2300	 1.094906e-04	 3034	 iter
2301	 1.094906e-04	 3035	 iter
2302	 1.094895e-04	 3037	 iter
2303	 1.094895e-04	 3038	 iter
2304	 1.094895e-04	 3039	 iter
2305	 1.094895e-04	 3040	 iter
2306	 1.094895e-04	 3041	 iter
2307	 1.094892e-04	 3043	 iter
2308	 1.094892e-04	 3044	 iter
2309	 1.094879e-04	 3046	 iter
2310	 1.094879e-04	 3047	 iter
2311	 1.094879e-04	 3048	 iter
2312	 1.094879e-04	 3049	 iter
2313	 1.094879e-04	 3050	 iter
2314	 1.094862e-04	 3052	 iter
2315	 1.094862e-04	 3053	 iter
2316	 1.094862e-04	 3054	 iter
2317	 1.094862e-04	 3055	 iter
2318	 1.094862e-04	 3056	 iter
2319	 1.094862e-04	 3057	 iter
2320	 1.094849e-04	 3059	 iter
2321	 1.094827e-04	 3061	 iter
2322	 1.094827e-04	 3062	 iter
2323	 1.094827e-04	 3063	 iter
2324	 1.094827e-04	 3064	 iter
2325	 1.094827e-04	 3065	 iter
2326	 1.094827e-04	 3066	 iter
2327	 1.094827e-04	 3067	 iter
2328	 1.094827e-04	 3068	 iter
2329	 1.094822e-04	 3070	 iter
2330	 1.094796e-04	 3072	 iter
2331	 1.094796e-04	 3073	 iter
2332	 1.094769e-04	 3075	 iter
2333	 1.094769e-04	 3076	 iter
2334	 1.094769e-04	 3077	 iter
2335	 1.094769e-04	 3078	 iter
2336	 1.094769e-04	 3079	 iter
2337	 1.094769e-04	 3080	 iter
2338	 1.094769e-04	 3081	 iter
2339	 1.094734e-04	 3083	 iter
2340	 1.094734e-04	 3084	 iter
2341	 1.094734e-04	 3085	 iter
2342	 1.094734e-04	 3086	 iter
2343	 1.094734e-04	 3087	 iter
2344	 1.094734e-04	 3088	 iter
2345	 1.094702e-04	 3090	 iter
2346	 1.094702e-04	 3091	 iter
2347	 1.094702e-04	 3092	 iter
2348	 1.094702e-04	 3093	 iter
2349	 1.094641e-04	 3095	 iter
2350	 1.094641e-04	 3096	 iter
2351	 1.094641e-04	 3097	 iter
2352	 1.094641e-04	 3098	 iter
2353	 1.094641e-04	 3099	 iter
2354	 1.094641e-04	 3100	 iter
2355	 1.094641e-04	 3101	 iter
2356	 1.094641e-04	 3102	 iter
2357	 1.094620e-04	 3104	 iter
2358	 1.094620e-04	 3105	 iter
2359	 1.094581e-04	 3107	 iter
2360	 1.094581e-04	 3108	 iter
2361	 1.094581e-04	 3109	 iter
2362	 1.094539e-04	 3111	 iter
2363	 1.094539e-04	 3112	 iter
2364	 1.094539e-04	 3113	 iter
2365	 1.094539e-04	 3114	 iter
2366	 1.094539e-04	 3115	 iter
2367	 1.094477e-04	 3117	 iter
2368	 1.094477e-04	 3118	 iter
2369	 1.094477e-04	 3119	 iter
2370	 1.094477e-04	 3120	 iter
2371	 1.094425e-04	 3122	 iter
2372	 1.094425e-04	 3123	 iter
2373	 1.094425e-04	 3124	 iter
2374	 1.094425e-04	 3125	 iter
2375	 1.094425e-04	 3126	 iter
2376	 1.094425e-04	 3127	 iter
2377	 1.094386e-04	 3129	 iter
2378	 1.094208e-04	 3131	 iter
2379	 1.094208e-04	 3132	 iter
2380	 1.094208e-04	 3133	 iter
2381	 1.094208e-04	 3134	 iter
2382	 1.094208e-04	 3135	 iter
2383	 1.094208e-04	 3136	 iter
2384	 1.094208e-04	 3137	 iter
2385	 1.094208e-04	 3138	 iter
2386	 1.094208e-04	 3139	 iter
2387	 1.094101e-04	 3141	 iter
2388	 1.094101e-04	 3142	 iter
2389	 1.094101e-04	 3143	 iter
2390	 1.094101e-04	 3144	 iter
2391	 1.094101e-04	 3145	 iter
2392	 1.094101e-04	 3146	 iter
2393	 1.094019e-04	 3148	 iter
2394	 1.094019e-04	 3149	 iter
2395	 1.094019e-04	 3150	 iter
2396	 1.093885e-04	 3152	 iter
2397	 1.093885e-04	 3153	 iter
2398	 1.093885e-04	 3154	 iter
2399	 1.093885e-04	 3155	 iter
2400	 1.093885e-04	 3156	 iter
2401	 1.093885e-04	 3157	 iter
2402	 1.093773e-04	 3159	 iter
2403	 1.093773e-04	 3160	 iter
2404	 1.093773e-04	 3161	 iter
2405	 1.093773e-04	 3162	 iter
2406	 1.093520e-04	 3164	 iter
2407	 1.093520e-04	 3165	 iter
2408	 1.093520e-04	 3166	 iter
2409	 1.093520e-04	 3167	 iter
2410	 1.093520e-04	 3168	 iter
2411	 1.093520e-04	 3169	 iter
2412	 1.093520e-04	 3170	 iter
2413	 1.093520e-04	 3171	 iter
2414	 1.093520e-04	 3172	 iter
2415	 1.093520e-04	 3173	 iter
2416	 1.093507e-04	 3175	 iter
2417	 1.093430e-04	 3177	 iter
2418	 1.093430e-04	 3178	 iter
2419	 1.093354e-04	 3180	 iter
2420	 1.093354e-04	 3181	 iter
2421	 1.093354e-04	 3182	 iter
2422	 1.093173e-04	 3184	 iter
2423	 1.093173e-04	 3185	 iter
2424	 1.093173e-04	 3186	 iter
2425	 1.093173e-04	 3187	 iter
2426	 1.093173e-04	 3188	 iter
2427	 1.093173e-04	 3189	 iter
2428	 1.093173e-04	 3190	 iter
2429	 1.093173e-04	 3191	 iter
2430	 1.093173e-04	 3192	 iter
2431	 1.093173e-04	 3193	 iter
2432	 1.093173e-04	 3195	 iter
2433	 1.093113e-04	 3197	 iter
2434	 1.093113e-04	 3198	 iter
2435	 1.093113e-04	 3199	 iter
2436	 1.093113e-04	 3200	 iter
2437	 1.092969e-04	 3202	 iter
2438	 1.092741e-04	 3204	 iter
2439	 1.092741e-04	 3205	 iter
2440	 1.092741e-04	 3206	 iter
2441	 1.092741e-04	 3207	 iter
2442	 1.092741e-04	 3208	 iter
2443	 1.092741e-04	 3209	 iter
2444	 1.092741e-04	 3210	 iter
2445	 1.092741e-04	 3211	 iter
2446	 1.092741e-04	 3212	 iter
2447	 1.092741e-04	 3213	 iter
2448	 1.092397e-04	 3215	 iter
2449	 1.092397e-04	 3216	 iter
2450	 1.092397e-04	 3217	 iter
2451	 1.092397e-04	 3218	 iter
2452	 1.092397e-04	 3219	 iter
2453	 1.092397e-04	 3220	 iter
2454	 1.092397e-04	 3221	 iter
2455	 1.092397e-04	 3222	 iter
2456	 1.092397e-04	 3223	 iter
2457	 1.092397e-04	 3224	 iter
2458	 1.092267e-04	 3226	 iter
2459	 1.092267e-04	 3227	 iter
2460	 1.092267e-04	 3228	 iter
2461	 1.092044e-04	 3230	 iter
2462	 1.092044e-04	 3231	 iter
2463	 1.092044e-04	 3232	 iter
2464	 1.092044e-04	 3233	 iter
2465	 1.092044e-04	 3234	 iter
2466	 1.091948e-04	 3236	 iter
2467	 1.091759e-04	 3238	 iter
2468	 1.091759e-04	 3239	 iter
2469	 1.091759e-04	 3240	 iter
2470	 1.091759e-04	 3241	 iter
2471	 1.091759e-04	 3242	 iter
2472	 1.091759e-04	 3243	 iter
2473	 1.091759e-04	 3244	 iter
2474	 1.091759e-04	 3245	 iter
2475	 1.091759e-04	 3246	 iter
2476	 1.091759e-04	 3247	 iter
2477	 1.091694e-04	 3249	 iter
2478	 1.091694e-04	 3250	 iter
2479	 1.091694e-04	 3251	 iter
2480	 1.091694e-04	 3252	 iter
2481	 1.091660e-04	 3254	 iter
2482	 1.091515e-04	 3256	 iter
2483	 1.091515e-04	 3257	 iter
2484	 1.091472e-04	 3259	 iter
2485	 1.091380e-04	 3261	 iter
2486	 1.091380e-04	 3262	 iter
2487	 1.091362e-04	 3264	 iter
2488	 1.091362e-04	 3265	 iter
2489	 1.091355e-04	 3267	 iter
2490	 1.091355e-04	 3268	 iter
2491	 1.090910e-04	 3270	 iter
2492	 1.090910e-04	 3271	 iter
2493	 1.090910e-04	 3272	 iter
2494	 1.090910e-04	 3273	 iter
2495	 1.090910e-04	 3274	 iter
2496	 1.090910e-04	 3275	 iter
2497	 1.090910e-04	 3276	 iter
2498	 1.090910e-04	 3277	 iter
2499	 1.090910e-04	 3278	 iter
2500	 1.090866e-04	 3280	 iter
2501	 1.090866e-04	 3281	 iter
2502	 1.090769e-04	 3283	 iter
2503	 1.090769e-04	 3284	 iter
2504	 1.090769e-04	 3285	 iter
2505	 1.090769e-04	 3286	 iter
2506	 1.090769e-04	 3287	 iter
2507	 1.090769e-04	 3288	 iter
2508	 1.090606e-04	 3290	 iter
2509	 1.090606e-04	 3291	 iter
2510	 1.090606e-04	 3292	 iter
2511	 1.090606e-04	 3293	 iter
2512	 1.090584e-04	 3295	 iter
2513	 1.090584e-04	 3296	 iter
2514	 1.090557e-04	 3298	 iter
2515	 1.090360e-04	 3300	 iter
2516	 1.090360e-04	 3301	 iter
2517	 1.090360e-04	 3303	 iter
2518	 1.090360e-04	 3304	 iter
2519	 1.090360e-04	 3305	 iter
2520	 1.090360e-04	 3307	 iter
2521	 1.090360e-04	 3308	 iter
2522	 1.090360e-04	 3309	 iter
2523	 1.090359e-04	 3311	 iter
2524	 1.090359e-04	 3312	 iter
2525	 1.090359e-04	 3313	 iter
2526	 1.090324e-04	 3315	 iter
2527	 1.090324e-04	 3316	 iter
2528	 1.090324e-04	 3317	 iter
2529	 1.090324e-04	 3319	 iter
2530	 1.090324e-04	 3320	 iter
2531	 1.090324e-04	 3322	 iter
2532	 1.090279e-04	 3324	 iter
2533	 1.090279e-04	 3325	 iter
2534	 1.090279e-04	 3326	 iter
2535	 1.090279e-04	 3327	 iter
2536	 1.090279e-04	 3328	 iter
2537	 1.090279e-04	 3329	 iter
2538	 1.090279e-04	 3330	 iter
2539	 1.090279e-04	 3331	 iter
2540	 1.090249e-04	 3333	 iter
2541	 1.090249e-04	 3334	 iter
2542	 1.090249e-04	 3335	 iter
2543	 1.090249e-04	 3336	 iter
2544	 1.090249e-04	 3338	 iter
2545	 1.090180e-04	 3340	 iter
2546	 1.090180e-04	 3341	 iter
2547	 1.090180e-04	 3343	 iter
2548	 1.090180e-04	 3344	 iter
2549	 1.090180e-04	 3345	 iter
2550	 1.090180e-04	 3346	 iter
2551	 1.090180e-04	 3347	 iter
2552	 1.090180e-04	 3349	 iter
2553	 1.090180e-04	 3351	 iter
2554	 1.090180e-04	 3352	 iter
2555	 1.090180e-04	 3353	 iter
2556	 1.090180e-04	 3354	 iter
2557	 1.090180e-04	 3356	 iter
2558	 1.090177e-04	 3358	 iter
2559	 1.090177e-04	 3359	 iter
2560	 1.090177e-04	 3361	 iter
2561	 1.090177e-04	 3362	 iter
2562	 1.090176e-04	 3364	 iter
2563	 1.090171e-04	 3366	 iter
2564	 1.090169e-04	 3368	 iter
2565	 1.090136e-04	 3370	 iter
2566	 1.090136e-04	 3372	 iter
2567	 1.090136e-04	 3373	 iter
2568	 1.090136e-04	 3375	 iter
2569	 1.090136e-04	 3376	 iter
2570	 1.090133e-04	 3378	 iter
2571	 1.090126e-04	 3380	 iter
2572	 1.090126e-04	 3381	 iter
2573	 1.090126e-04	 3383	 iter
2574	 1.090126e-04	 3384	 iter
2575	 1.090126e-04	 3385	 iter
2576	 1.090113e-04	 3387	 iter
2577	 1.090113e-04	 3388	 iter
2578	 1.090113e-04	 3389	 iter
2579	 1.090072e-04	 3391	 iter
2580	 1.090072e-04	 3393	 iter
2581	 1.090072e-04	 3395	 iter
2582	 1.090068e-04	 3397	 iter
2583	 1.090068e-04	 3398	 iter
2584	 1.090068e-04	 3399	 iter
2585	 1.090068e-04	 3400	 iter
2586	 1.090068e-04	 3401	 iter
2587	 1.090068e-04	 3403	 iter
2588	 1.090068e-04	 3404	 iter
2589	 1.090068e-04	 3405	 iter
2590	 1.090068e-04	 3406	 iter
2591	 1.090068e-04	 3407	 iter
2592	 1.090068e-04	 3408	 iter
2593	 1.090068e-04	 3409	 iter
2594	 1.090068e-04	 3410	 iter
2595	 1.090068e-04	 3411	 iter
2596	 1.090068e-04	 3413	 iter
2597	 1.090068e-04	 3415	 iter
2598	 1.090065e-04	 3417	 iter
2599	 1.090065e-04	 3418	 iter
2600	 1.090065e-04	 3419	 iter
2601	 1.090029e-04	 3421	 iter
2602	 1.090029e-04	 3422	 iter
2603	 1.090029e-04	 3423	 iter
2604	 1.090029e-04	 3424	 iter
2605	 1.090029e-04	 3426	 iter
2606	 1.090029e-04	 3427	 iter
2607	 1.090029e-04	 3428	 iter
2608	 1.090029e-04	 3430	 iter
2609	 1.090029e-04	 3432	 iter
2610	 1.090029e-04	 3433	 iter
2611	 1.090029e-04	 3434	 iter
2612	 1.090029e-04	 3435	 iter
2613	 1.090021e-04	 3437	 iter
2614	 1.090021e-04	 3438	 iter
2615	 1.090021e-04	 3439	 iter
2616	 1.090017e-04	 3441	 iter
2617	 1.090017e-04	 3442	 iter
2618	 1.090017e-04	 3443	 iter
2619	 1.090017e-04	 3444	 iter
2620	 1.090017e-04	 3446	 iter
2621	 1.090017e-04	 3447	 iter
2622	 1.090017e-04	 3449	 iter
2623	 1.090017e-04	 3451	 iter
2624	 1.090017e-04	 3452	 iter
2625	 1.090017e-04	 3453	 iter
2626	 1.090017e-04	 3455	 iter
2627	 1.090006e-04	 3457	 iter
2628	 1.090001e-04	 3459	 iter
2629	 1.090001e-04	 3460	 iter
2630	 1.090001e-04	 3461	 iter
2631	 1.090001e-04	 3462	 iter
2632	 1.090001e-04	 3464	 iter
2633	 1.090001e-04	 3465	 iter
2634	 1.090001e-04	 3466	 iter
2635	 1.090001e-04	 3467	 iter
2636	 1.090001e-04	 3468	 iter
2637	 1.090001e-04	 3470	 iter
2638	 1.089996e-04	 3472	 iter
2639	 1.089996e-04	 3473	 iter
2640	 1.089996e-04	 3474	 iter
2641	 1.089996e-04	 3475	 iter
2642	 1.089984e-04	 3477	 iter
2643	 1.089984e-04	 3478	 iter
2644	 1.089984e-04	 3479	 iter
2645	 1.089984e-04	 3480	 iter
2646	 1.089984e-04	 3481	 iter
2647	 1.089984e-04	 3482	 iter
2648	 1.089984e-04	 3484	 iter
2649	 1.089984e-04	 3485	 iter
2650	 1.089984e-04	 3486	 iter
2651	 1.089984e-04	 3487	 iter
2652	 1.089984e-04	 3488	 iter
2653	 1.089984e-04	 3489	 iter
2654	 1.089977e-04	 3491	 iter
2655	 1.089977e-04	 3492	 iter
2656	 1.089977e-04	 3493	 iter
2657	 1.089977e-04	 3494	 iter
2658	 1.089977e-04	 3495	 iter
2659	 1.089977e-04	 3496	 iter
2660	 1.089974e-04	 3498	 iter
2661	 1.089973e-04	 3500	 iter
2662	 1.089973e-04	 3501	 iter
2663	 1.089966e-04	 3503	 iter
2664	 1.089966e-04	 3504	 iter
2665	 1.089966e-04	 3506	 iter
2666	 1.089955e-04	 3508	 iter
2667	 1.089955e-04	 3509	 iter
2668	 1.089955e-04	 3510	 iter
2669	 1.089955e-04	 3511	 iter
2670	 1.089955e-04	 3512	 iter
2671	 1.089955e-04	 3513	 iter
2672	 1.089955e-04	 3514	 iter
2673	 1.089955e-04	 3515	 iter
2674	 1.089955e-04	 3516	 iter
2675	 1.089951e-04	 3518	 iter
2676	 1.089951e-04	 3520	 iter
2677	 1.089951e-04	 3521	 iter
2678	 1.089951e-04	 3522	 iter
2679	 1.089937e-04	 3524	 iter
2680	 1.089937e-04	 3525	 iter
2681	 1.089937e-04	 3526	 iter
2682	 1.089937e-04	 3527	 iter
2683	 1.089937e-04	 3528	 iter
2684	 1.089937e-04	 3529	 iter
2685	 1.089937e-04	 3530	 iter
2686	 1.089937e-04	 3531	 iter
2687	 1.089937e-04	 3532	 iter
2688	 1.089937e-04	 3533	 iter
2689	 1.089931e-04	 3535	 iter
2690	 1.089931e-04	 3536	 iter
2691	 1.089931e-04	 3537	 iter
2692	 1.089931e-04	 3538	 iter
2693	 1.089931e-04	 3539	 iter
2694	 1.089931e-04	 3540	 iter
2695	 1.089931e-04	 3541	 iter
2696	 1.089908e-04	 3543	 iter
2697	 1.089908e-04	 3544	 iter
2698	 1.089908e-04	 3545	 iter
2699	 1.089908e-04	 3546	 iter
2700	 1.089908e-04	 3547	 iter
2701	 1.089908e-04	 3548	 iter
2702	 1.089908e-04	 3549	 iter
2703	 1.089908e-04	 3550	 iter
2704	 1.089908e-04	 3551	 iter
2705	 1.089908e-04	 3552	 iter
2706	 1.089908e-04	 3553	 iter
2707	 1.089908e-04	 3554	 iter
2708	 1.089908e-04	 3555	 iter
2709	 1.089908e-04	 3556	 iter
2710	 1.089908e-04	 3557	 iter
2711	 1.089877e-04	 3559	 iter
2712	 1.089877e-04	 3560	 iter
2713	 1.089877e-04	 3561	 iter
2714	 1.089877e-04	 3562	 iter
2715	 1.089877e-04	 3563	 iter
2716	 1.089877e-04	 3564	 iter
2717	 1.089877e-04	 3565	 iter
2718	 1.089877e-04	 3566	 iter
2719	 1.089877e-04	 3567	 iter
2720	 1.089877e-04	 3568	 iter
2721	 1.089877e-04	 3569	 iter
2722	 1.089877e-04	 3570	 iter
2723	 1.089877e-04	 3571	 iter
2724	 1.089865e-04	 3573	 iter
2725	 1.089850e-04	 3575	 iter
2726	 1.089850e-04	 3576	 iter
2727	 1.089850e-04	 3577	 iter
2728	 1.089850e-04	 3578	 iter
2729	 1.089850e-04	 3579	 iter
2730	 1.089850e-04	 3580	 iter
2731	 1.089850e-04	 3581	 iter
2732	 1.089850e-04	 3582	 iter
2733	 1.089850e-04	 3583	 iter
2734	 1.089850e-04	 3584	 iter
2735	 1.089850e-04	 3585	 iter
2736	 1.089840e-04	 3587	 iter
2737	 1.089840e-04	 3588	 iter
2738	 1.089832e-04	 3590	 iter
2739	 1.089828e-04	 3592	 iter
2740	 1.089828e-04	 3593	 iter
2741	 1.089828e-04	 3594	 iter
2742	 1.089811e-04	 3596	 iter
2743	 1.089811e-04	 3597	 iter
2744	 1.089811e-04	 3598	 iter
2745	 1.089811e-04	 3599	 iter
2746	 1.089811e-04	 3600	 iter
2747	 1.089811e-04	 3601	 iter
2748	 1.089811e-04	 3603	 iter
2749	 1.089811e-04	 3604	 iter
2750	 1.089811e-04	 3605	 iter
2751	 1.089811e-04	 3606	 iter
2752	 1.089811e-04	 3607	 iter
2753	 1.089810e-04	 3609	 iter
2754	 1.089810e-04	 3610	 iter
2755	 1.089810e-04	 3611	 iter
2756	 1.089802e-04	 3613	 iter
2757	 1.089802e-04	 3614	 iter
2758	 1.089802e-04	 3615	 iter
2759	 1.089793e-04	 3617	 iter
2760	 1.089793e-04	 3618	 iter
2761	 1.089783e-04	 3620	 iter
2762	 1.089783e-04	 3621	 iter
2763	 1.089781e-04	 3623	 iter
2764	 1.089781e-04	 3624	 iter
2765	 1.089781e-04	 3625	 iter
2766	 1.089781e-04	 3626	 iter
2767	 1.089781e-04	 3627	 iter
2768	 1.089781e-04	 3628	 iter
2769	 1.089781e-04	 3630	 iter
2770	 1.089781e-04	 3631	 iter
2771	 1.089772e-04	 3633	 iter
2772	 1.089772e-04	 3634	 iter
2773	 1.089772e-04	 3636	 iter
2774	 1.089772e-04	 3637	 iter
2775	 1.089772e-04	 3638	 iter
2776	 1.089772e-04	 3639	 iter
2777	 1.089765e-04	 3641	 iter
2778	 1.089765e-04	 3642	 iter
2779	 1.089765e-04	 3643	 iter
2780	 1.089765e-04	 3644	 iter
2781	 1.089765e-04	 3646	 iter
2782	 1.089764e-04	 3648	 iter
2783	 1.089764e-04	 3650	 iter
2784	 1.089760e-04	 3652	 iter
2785	 1.089760e-04	 3654	 iter
2786	 1.089760e-04	 3656	 iter
2787	 1.089760e-04	 3657	 iter
2788	 1.089752e-04	 3659	 iter
2789	 1.089752e-04	 3660	 iter
2790	 1.089752e-04	 3661	 iter
2791	 1.089752e-04	 3662	 iter
2792	 1.089752e-04	 3663	 iter
2793	 1.089752e-04	 3664	 iter
2794	 1.089752e-04	 3665	 iter
2795	 1.089752e-04	 3666	 iter
2796	 1.089752e-04	 3667	 iter
2797	 1.089752e-04	 3669	 iter
2798	 1.089752e-04	 3670	 iter
2799	 1.089752e-04	 3672	 iter
2800	 1.089752e-04	 3673	 iter
2801	 1.089752e-04	 3674	 iter
2802	 1.089752e-04	 3675	 iter
2803	 1.089749e-04	 3677	 iter
2804	 1.089749e-04	 3678	 iter
2805	 1.089749e-04	 3679	 iter
2806	 1.089743e-04	 3681	 iter
2807	 1.089742e-04	 3683	 iter
2808	 1.089742e-04	 3685	 iter
2809	 1.089742e-04	 3686	 iter
2810	 1.089742e-04	 3687	 iter
2811	 1.089740e-04	 3689	 iter
2812	 1.089740e-04	 3690	 iter
2813	 1.089736e-04	 3692	 iter
2814	 1.089736e-04	 3693	 iter
2815	 1.089736e-04	 3694	 iter
2816	 1.089736e-04	 3695	 iter
2817	 1.089736e-04	 3696	 iter
2818	 1.089736e-04	 3697	 iter
2819	 1.089736e-04	 3699	 iter
2820	 1.089736e-04	 3701	 iter
2821	 1.089732e-04	 3703	 iter
2822	 1.089732e-04	 3704	 iter
2823	 1.089732e-04	 3705	 iter
2824	 1.089723e-04	 3707	 iter
2825	 1.089723e-04	 3708	 iter
2826	 1.089723e-04	 3709	 iter
2827	 1.089723e-04	 3710	 iter
2828	 1.089712e-04	 3712	 iter
2829	 1.089712e-04	 3713	 iter
2830	 1.089712e-04	 3714	 iter
2831	 1.089712e-04	 3715	 iter
2832	 1.089712e-04	 3716	 iter
2833	 1.089712e-04	 3717	 iter
2834	 1.089712e-04	 3718	 iter
2835	 1.089712e-04	 3719	 iter
2836	 1.089712e-04	 3720	 iter
2837	 1.089712e-04	 3721	 iter
2838	 1.089712e-04	 3722	 iter
2839	 1.089710e-04	 3724	 iter
2840	 1.089710e-04	 3725	 iter
2841	 1.089710e-04	 3726	 iter
2842	 1.089704e-04	 3728	 iter
2843	 1.089704e-04	 3729	 iter
2844	 1.089704e-04	 3730	 iter
2845	 1.089704e-04	 3731	 iter
2846	 1.089701e-04	 3733	 iter
2847	 1.089701e-04	 3734	 iter
2848	 1.089682e-04	 3736	 iter
2849	 1.089682e-04	 3737	 iter
2850	 1.089682e-04	 3738	 iter
2851	 1.089682e-04	 3739	 iter
2852	 1.089682e-04	 3740	 iter
2853	 1.089682e-04	 3741	 iter
2854	 1.089682e-04	 3742	 iter
2855	 1.089682e-04	 3743	 iter
2856	 1.089682e-04	 3744	 iter
2857	 1.089682e-04	 3745	 iter
2858	 1.089682e-04	 3746	 iter
2859	 1.089682e-04	 3747	 iter
2860	 1.089671e-04	 3749	 iter
2861	 1.089671e-04	 3750	 iter
2862	 1.089671e-04	 3751	 iter
2863	 1.089666e-04	 3753	 iter
2864	 1.089666e-04	 3754	 iter
2865	 1.089666e-04	 3755	 iter
2866	 1.089643e-04	 3757	 iter
2867	 1.089643e-04	 3758	 iter
2868	 1.089643e-04	 3759	 iter
2869	 1.089643e-04	 3760	 iter
2870	 1.089643e-04	 3761	 iter
2871	 1.089643e-04	 3762	 iter
2872	 1.089643e-04	 3763	 iter
2873	 1.089643e-04	 3764	 iter
2874	 1.089643e-04	 3765	 iter
2875	 1.089642e-04	 3767	 iter
2876	 1.089642e-04	 3768	 iter
2877	 1.089642e-04	 3769	 iter
2878	 1.089641e-04	 3771	 iter
2879	 1.089630e-04	 3773	 iter
2880	 1.089630e-04	 3774	 iter
2881	 1.089628e-04	 3776	 iter
2882	 1.089628e-04	 3777	 iter
2883	 1.089628e-04	 3778	 iter
2884	 1.089628e-04	 3780	 iter
2885	 1.089628e-04	 3782	 iter
2886	 1.089608e-04	 3784	 iter
2887	 1.089608e-04	 3785	 iter
2888	 1.089608e-04	 3786	 iter
2889	 1.089608e-04	 3787	 iter
2890	 1.089608e-04	 3789	 iter
2891	 1.089592e-04	 3791	 iter
2892	 1.089592e-04	 3792	 iter
2893	 1.089592e-04	 3794	 iter
2894	 1.089592e-04	 3795	 iter
2895	 1.089572e-04	 3797	 iter
2896	 1.089572e-04	 3798	 iter
2897	 1.089572e-04	 3799	 iter
2898	 1.089572e-04	 3800	 iter
2899	 1.089572e-04	 3801	 iter
2900	 1.089572e-04	 3802	 iter
2901	 1.089563e-04	 3804	 iter
2902	 1.089563e-04	 3805	 iter
2903	 1.089563e-04	 3806	 iter
2904	 1.089563e-04	 3807	 iter
2905	 1.089563e-04	 3808	 iter
2906	 1.089563e-04	 3809	 iter
2907	 1.089563e-04	 3810	 iter
2908	 1.089563e-04	 3811	 iter
2909	 1.089563e-04	 3812	 iter
2910	 1.089547e-04	 3814	 iter
2911	 1.089547e-04	 3815	 iter
2912	 1.089547e-04	 3816	 iter
2913	 1.089547e-04	 3817	 iter
2914	 1.089547e-04	 3818	 iter
2915	 1.089547e-04	 3819	 iter
2916	 1.089547e-04	 3820	 iter
2917	 1.089547e-04	 3821	 iter
2918	 1.089547e-04	 3823	 iter
2919	 1.089547e-04	 3824	 iter
2920	 1.089533e-04	 3826	 iter
2921	 1.089533e-04	 3827	 iter
2922	 1.089533e-04	 3828	 iter
2923	 1.089524e-04	 3830	 iter
2924	 1.089524e-04	 3831	 iter
2925	 1.089524e-04	 3832	 iter
2926	 1.089524e-04	 3833	 iter
2927	 1.089524e-04	 3834	 iter
2928	 1.089524e-04	 3835	 iter
2929	 1.089517e-04	 3837	 iter
2930	 1.089517e-04	 3838	 iter
2931	 1.089517e-04	 3839	 iter
2932	 1.089517e-04	 3840	 iter
2933	 1.089484e-04	 3842	 iter
2934	 1.089484e-04	 3843	 iter
2935	 1.089484e-04	 3844	 iter
2936	 1.089484e-04	 3845	 iter
2937	 1.089484e-04	 3846	 iter
2938	 1.089484e-04	 3847	 iter
2939	 1.089484e-04	 3848	 iter
2940	 1.089484e-04	 3849	 iter
2941	 1.089484e-04	 3850	 iter
2942	 1.089484e-04	 3851	 iter
2943	 1.089484e-04	 3852	 iter
2944	 1.089484e-04	 3853	 iter
2945	 1.089484e-04	 3854	 iter
2946	 1.089484e-04	 3855	 iter
2947	 1.089479e-04	 3857	 iter
2948	 1.089477e-04	 3859	 iter
2949	 1.089474e-04	 3861	 iter
2950	 1.089474e-04	 3862	 iter
2951	 1.089469e-04	 3864	 iter
2952	 1.089462e-04	 3866	 iter
2953	 1.089462e-04	 3867	 iter
2954	 1.089462e-04	 3868	 iter
2955	 1.089462e-04	 3869	 iter
2956	 1.089462e-04	 3870	 iter
2957	 1.089462e-04	 3871	 iter
2958	 1.089449e-04	 3873	 iter
2959	 1.089449e-04	 3874	 iter
2960	 1.089449e-04	 3875	 iter
2961	 1.089449e-04	 3876	 iter
2962	 1.089449e-04	 3877	 iter
2963	 1.089440e-04	 3879	 iter
2964	 1.089440e-04	 3880	 iter
2965	 1.089440e-04	 3881	 iter
2966	 1.089440e-04	 3883	 iter
2967	 1.089436e-04	 3885	 iter
2968	 1.089436e-04	 3886	 iter
2969	 1.089436e-04	 3888	 iter
2970	 1.089436e-04	 3889	 iter
2971	 1.089429e-04	 3891	 iter
2972	 1.089429e-04	 3892	 iter
2973	 1.089425e-04	 3894	 iter
2974	 1.089425e-04	 3895	 iter
2975	 1.089425e-04	 3896	 iter
2976	 1.089425e-04	 3897	 iter
2977	 1.089425e-04	 3898	 iter
2978	 1.089425e-04	 3899	 iter
2979	 1.089425e-04	 3900	 iter
2980	 1.089413e-04	 3902	 iter
2981	 1.089413e-04	 3903	 iter
2982	 1.089399e-04	 3905	 iter
2983	 1.089399e-04	 3906	 iter
2984	 1.089399e-04	 3907	 iter
2985	 1.089399e-04	 3908	 iter
2986	 1.089399e-04	 3909	 iter
2987	 1.089399e-04	 3910	 iter
2988	 1.089399e-04	 3911	 iter
2989	 1.089399e-04	 3913	 iter
2990	 1.089399e-04	 3914	 iter
2991	 1.089397e-04	 3916	 iter
2992	 1.089397e-04	 3917	 iter
2993	 1.089397e-04	 3918	 iter
2994	 1.089391e-04	 3920	 iter
2995	 1.089391e-04	 3921	 iter
2996	 1.089391e-04	 3922	 iter
2997	 1.089391e-04	 3923	 iter
2998	 1.089391e-04	 3924	 iter
2999	 1.089391e-04	 3925	 iter
3000	 1.089391e-04	 3926	 iter
3001	 1.089391e-04	 3927	 iter
3002	 1.089391e-04	 3928	 iter
3003	 1.089391e-04	 3930	 iter
3004	 1.089391e-04	 3931	 iter
3005	 1.089378e-04	 3933	 iter
3006	 1.089378e-04	 3934	 iter
3007	 1.089378e-04	 3935	 iter
3008	 1.089378e-04	 3936	 iter
3009	 1.089362e-04	 3938	 iter
3010	 1.089362e-04	 3939	 iter
3011	 1.089362e-04	 3940	 iter
3012	 1.089362e-04	 3941	 iter
3013	 1.089362e-04	 3942	 iter
3014	 1.089362e-04	 3943	 iter
3015	 1.089362e-04	 3944	 iter
3016	 1.089362e-04	 3945	 iter
3017	 1.089362e-04	 3946	 iter
3018	 1.089362e-04	 3947	 iter
3019	 1.089362e-04	 3948	 iter
3020	 1.089362e-04	 3949	 iter
3021	 1.089362e-04	 3950	 iter
3022	 1.089359e-04	 3952	 iter
3023	 1.089359e-04	 3953	 iter
3024	 1.089359e-04	 3954	 iter
3025	 1.089359e-04	 3955	 iter
3026	 1.089359e-04	 3956	 iter
3027	 1.089359e-04	 3957	 iter
3028	 1.089359e-04	 3958	 iter
3029	 1.089359e-04	 3959	 iter
3030	 1.089341e-04	 3961	 iter
3031	 1.089341e-04	 3962	 iter
3032	 1.089341e-04	 3963	 iter
3033	 1.089341e-04	 3964	 iter
3034	 1.089341e-04	 3965	 iter
3035	 1.089341e-04	 3967	 iter
3036	 1.089341e-04	 3969	 iter
3037	 1.089341e-04	 3971	 iter
3038	 1.089341e-04	 3972	 iter
3039	 1.089341e-04	 3973	 iter
3040	 1.089341e-04	 3974	 iter
3041	 1.089341e-04	 3976	 iter
3042	 1.089341e-04	 3977	 iter
3043	 1.089341e-04	 3978	 iter
3044	 1.089341e-04	 3979	 iter
3045	 1.089341e-04	 3980	 iter
3046	 1.089341e-04	 3981	 iter
3047	 1.089341e-04	 3983	 iter
3048	 1.089341e-04	 3984	 iter
3049	 1.089341e-04	 3985	 iter
3050	 1.089341e-04	 3987	 iter
3051	 1.089341e-04	 3989	 iter
3052	 1.089341e-04	 3990	 iter
3053	 1.089341e-04	 3991	 iter
3054	 1.089341e-04	 3992	 iter
3055	 1.089341e-04	 3993	 iter
3056	 1.089341e-04	 3995	 iter
3057	 1.089341e-04	 3997	 iter
3058	 1.089341e-04	 3999	 iter
3059	 1.089341e-04	 4001	 iter
3060	 1.089341e-04	 4002	 iter
3061	 1.089340e-04	 4004	 iter
3062	 1.089340e-04	 4005	 iter
3063	 1.089340e-04	 4006	 iter
3064	 1.089340e-04	 4007	 iter
3065	 1.089340e-04	 4009	 iter
3066	 1.089340e-04	 4010	 iter
3067	 1.089340e-04	 4011	 iter
3068	 1.089339e-04	 4013	 iter
3069	 1.089339e-04	 4014	 iter
3070	 1.089339e-04	 4016	 iter
3071	 1.089338e-04	 4018	 iter
3072	 1.089338e-04	 4019	 iter
3073	 1.089338e-04	 4020	 iter
3074	 1.089338e-04	 4022	 iter
3075	 1.089338e-04	 4023	 iter
3076	 1.089338e-04	 4024	 iter
3077	 1.089338e-04	 4026	 iter
3078	 1.089336e-04	 4028	 iter
3079	 1.089336e-04	 4030	 iter
3080	 1.089336e-04	 4032	 iter
3081	 1.089336e-04	 4034	 iter
3082	 1.089336e-04	 4036	 iter
3083	 1.089336e-04	 4037	 iter
3084	 1.089336e-04	 4038	 iter
3085	 1.089336e-04	 4039	 iter
3086	 1.089336e-04	 4041	 iter
3087	 1.089336e-04	 4042	 iter
3088	 1.089336e-04	 4043	 iter
3089	 1.089336e-04	 4044	 iter
3090	 1.089336e-04	 4045	 iter
3091	 1.089336e-04	 4047	 iter
3092	 1.089336e-04	 4049	 iter
3093	 1.089336e-04	 4051	 iter
3094	 1.089336e-04	 4053	 iter
3095	 1.089336e-04	 4055	 iter
3096	 1.089336e-04	 4057	 iter
3097	 1.089336e-04	 4058	 iter
3098	 1.089336e-04	 4060	 iter
3099	 1.089336e-04	 4062	 iter
3100	 1.089335e-04	 4064	 iter
3101	 1.089335e-04	 4066	 iter
3102	 1.089335e-04	 4067	 iter
3103	 1.089335e-04	 4069	 iter
3104	 1.089335e-04	 4070	 iter
3105	 1.089335e-04	 4071	 iter
3106	 1.089335e-04	 4073	 iter
3107	 1.089335e-04	 4075	 iter
3108	 1.089335e-04	 4077	 iter
3109	 1.089335e-04	 4078	 iter
3110	 1.089335e-04	 4080	 iter
3111	 1.089335e-04	 4081	 iter
3112	 1.089335e-04	 4082	 iter
3113	 1.089335e-04	 4084	 iter
3114	 1.089335e-04	 4085	 iter
3115	 1.089335e-04	 4087	 iter
3116	 1.089335e-04	 4088	 iter
3117	 1.089335e-04	 4089	 iter
3118	 1.089335e-04	 4091	 iter
3119	 1.089335e-04	 4092	 iter
3120	 1.089335e-04	 4093	 iter
3121	 1.089335e-04	 4095	 iter
3122	 1.089334e-04	 4097	 iter
3123	 1.089334e-04	 4099	 iter
3124	 1.089334e-04	 4100	 iter
3125	 1.089334e-04	 4101	 iter
3126	 1.089334e-04	 4102	 iter
3127	 1.089334e-04	 4104	 iter
3128	 1.089334e-04	 4105	 iter
3129	 1.089334e-04	 4107	 iter
3130	 1.089334e-04	 4108	 iter
3131	 1.089334e-04	 4110	 iter
3132	 1.089334e-04	 4112	 iter
3133	 1.089334e-04	 4114	 iter
3134	 1.089334e-04	 4116	 iter
3135	 1.089334e-04	 4118	 iter
3136	 1.089334e-04	 4120	 iter
3137	 1.089334e-04	 4121	 iter
3138	 1.089334e-04	 4123	 iter
3139	 1.089334e-04	 4124	 iter
3140	 1.089334e-04	 4126	 iter
3141	 1.089334e-04	 4127	 iter
3142	 1.089334e-04	 4128	 iter
3143	 1.089334e-04	 4130	 iter
3144	 1.089334e-04	 4131	 iter
3145	 1.089334e-04	 4132	 iter
3146	 1.089334e-04	 4134	 iter
3147	 1.089334e-04	 4136	 iter
3148	 1.089334e-04	 4138	 iter
3149	 1.089334e-04	 4139	 iter
3150	 1.089334e-04	 4140	 iter
3151	 1.089334e-04	 4142	 iter
3152	 1.089334e-04	 4143	 iter
3153	 1.089333e-04	 4145	 iter
3154	 1.089333e-04	 4146	 iter
3155	 1.089333e-04	 4147	 iter
3156	 1.089333e-04	 4148	 iter
3157	 1.089333e-04	 4149	 iter
3158	 1.089333e-04	 4150	 iter
3159	 1.089333e-04	 4152	 iter
3160	 1.089333e-04	 4153	 iter
3161	 1.089333e-04	 4154	 iter
3162	 1.089333e-04	 4155	 iter
3163	 1.089333e-04	 4156	 iter
3164	 1.089333e-04	 4158	 iter
3165	 1.089333e-04	 4159	 iter
3166	 1.089333e-04	 4161	 iter
3167	 1.089333e-04	 4163	 iter
3168	 1.089333e-04	 4165	 iter
3169	 1.089333e-04	 4166	 iter
3170	 1.089333e-04	 4167	 iter
3171	 1.089333e-04	 4168	 iter
3172	 1.089333e-04	 4169	 iter
3173	 1.089333e-04	 4171	 iter
3174	 1.089333e-04	 4172	 iter
3175	 1.089333e-04	 4174	 iter
3176	 1.089333e-04	 4176	 iter
3177	 1.089333e-04	 4177	 iter
3178	 1.089333e-04	 4178	 iter
3179	 1.089333e-04	 4179	 iter
3180	 1.089333e-04	 4181	 iter
3181	 1.089333e-04	 4182	 iter
3182	 1.089333e-04	 4183	 iter
3183	 1.089333e-04	 4185	 iter
3184	 1.089333e-04	 4186	 iter
3185	 1.089333e-04	 4187	 iter
3186	 1.089333e-04	 4188	 iter
3187	 1.089333e-04	 4189	 iter
3188	 1.089333e-04	 4191	 iter
3188	 1.089333e-04	 4191	 done
