0	 1.980385e-02	 1	 init
0	 1.980385e-02	 1	 iter
1	 1.806353e-02	 17	 iter
2	 1.616199e-02	 19	 iter
3	 1.616199e-02	 20	 iter
4	 1.616199e-02	 21	 iter
5	 1.616199e-02	 22	 iter
6	 1.616199e-02	 23	 iter
7	 1.616199e-02	 24	 iter
8	 1.616199e-02	 25	 iter
9	 1.616199e-02	 26	 iter
10	 1.616199e-02	 27	 iter
11	 1.616199e-02	 28	 iter
12	 1.616199e-02	 29	 iter
13	 1.616199e-02	 30	 iter
14	 1.435869e-02	 32	 iter
15	 1.435869e-02	 33	 iter
16	 1.435869e-02	 34	 iter
17	 1.435869e-02	 35	 iter
18	 1.435869e-02	 36	 iter
19	 1.435869e-02	 37	 iter
20	 1.435869e-02	 38	 iter
21	 1.435869e-02	 39	 iter
22	 1.238114e-02	 41	 iter
23	 1.238114e-02	 42	 iter
24	 1.238114e-02	 43	 iter
25	 1.238114e-02	 44	 iter
26	 1.238114e-02	 45	 iter
27	 1.238114e-02	 46	 iter
28	 1.040372e-02	 48	 iter
29	 1.040372e-02	 49	 iter
30	 1.040372e-02	 50	 iter
31	 1.040372e-02	 51	 iter
32	 1.040372e-02	 52	 iter
33	 1.040372e-02	 53	 iter
34	 1.040372e-02	 54	 iter
35	 8.440684e-03	 56	 iter
36	 8.440684e-03	 57	 iter
37	 8.440684e-03	 58	 iter
38	 8.440684e-03	 59	 iter
39	 8.440684e-03	 60	 iter
40	 8.440684e-03	 61	 iter
41	 6.733777e-03	 63	 iter
42	 6.733777e-03	 64	 iter
43	 6.733777e-03	 65	 iter
44	 6.733777e-03	 66	 iter
45	 6.733777e-03	 67	 iter
46	 6.733777e-03	 68	 iter
47	 5.335989e-03	 70	 iter
48	 5.335989e-03	 71	 iter
49	 5.335989e-03	 72	 iter
50	 5.335989e-03	 73	 iter
51	 3.762607e-03	 75	 iter
52	 3.762607e-03	 76	 iter
53	 3.762607e-03	 77	 iter
54	 3.762607e-03	 78	 iter
55	 3.762607e-03	 79	 iter
56	 3.762607e-03	 80	 iter
57	 3.762607e-03	 81	 iter
58	 3.762607e-03	 82	 iter
59	 2.704536e-03	 84	 iter
60	 2.704536e-03	 85	 iter
61	 2.704536e-03	 86	 iter
62	 2.704536e-03	 87	 iter
63	 2.704536e-03	 88	 iter
64	 2.704536e-03	 89	 iter
65	 2.178273e-03	 91	 iter
66	 2.178273e-03	 92	 iter
67	 1.484124e-03	 94	 iter
68	 1.484124e-03	 95	 iter
69	 1.484124e-03	 96	 iter
70	 1.484124e-03	 97	 iter
71	 1.484124e-03	 98	 iter
72	 1.484124e-03	 99	 iter
73	 1.484124e-03	 100	 iter
74	 1.484124e-03	 101	 iter
75	 1.484124e-03	 102	 iter
76	 1.484124e-03	 103	 iter
77	 1.484124e-03	 104	 iter
78	 1.484124e-03	 105	 iter
79	 1.484124e-03	 106	 iter
80	 1.484124e-03	 107	 iter
81	 1.484124e-03	 108	 iter
82	 1.484124e-03	 109	 iter
83	 1.484124e-03	 110	 iter
84	 1.484124e-03	 111	 iter
85	 1.484124e-03	 112	 iter
86	 1.484124e-03	 113	 iter
87	 1.484124e-03	 114	 iter
88	 1.484124e-03	 115	 iter
89	 1.484124e-03	 116	 iter
90	 1.484124e-03	 117	 iter
91	 1.484124e-03	 118	 iter
92	 1.484124e-03	 119	 iter
93	 1.484124e-03	 120	 iter
94	 1.484124e-03	 121	 iter
95	 1.484124e-03	 122	 iter
96	 1.484124e-03	 123	 iter
97	 1.484124e-03	 124	 iter
98	 1.484124e-03	 125	 iter
99	 1.261884e-03	 127	 iter
100	 1.261884e-03	 128	 iter
101	 1.261884e-03	 129	 iter
102	 1.261884e-03	 130	 iter
103	 1.261884e-03	 131	 iter
104	 1.261884e-03	 132	 iter
105	 1.261884e-03	 133	 iter
106	 1.190413e-03	 135	 iter
107	 1.190413e-03	 136	 iter
108	 1.190413e-03	 137	 iter
109	 9.818870e-04	 139	 iter
110	 9.818870e-04	 140	 iter
111	 9.818870e-04	 141	 iter
112	 9.818870e-04	 142	 iter
113	 9.818870e-04	 143	 iter
114	 9.818870e-04	 144	 iter
115	 9.818870e-04	 145	 iter
116	 9.818870e-04	 146	 iter
117	 9.818870e-04	 147	 iter
118	 9.648990e-04	 149	 iter
119	 9.648990e-04	 150	 iter
120	 9.624087e-04	 152	 iter
121	 9.104655e-04	 154	 iter
122	 9.104655e-04	 155	 iter
123	 8.995901e-04	 157	 iter
124	 8.815253e-04	 159	 iter
125	 8.815253e-04	 160	 iter
126	 8.815253e-04	 161	 iter
127	 8.815253e-04	 162	 iter
128	 8.474599e-04	 164	 iter
129	 8.474599e-04	 165	 iter
130	 8.474599e-04	 167	 iter
131	 8.474599e-04	 168	 iter
132	 8.474599e-04	 169	 iter
133	 8.474599e-04	 170	 iter
134	 8.474599e-04	 172	 iter
135	 7.849084e-04	 174	 iter
136	 7.062476e-04	 176	 iter
137	 7.062476e-04	 177	 iter
138	 7.062476e-04	 179	 iter
139	 7.062476e-04	 181	 iter
140	 7.062476e-04	 182	 iter
141	 6.637776e-04	 184	 iter
142	 6.637776e-04	 185	 iter
143	 6.637776e-04	 186	 iter
144	 6.637776e-04	 187	 iter
145	 6.637776e-04	 188	 iter
146	 6.637776e-04	 189	 iter
147	 6.637776e-04	 191	 iter
148	 6.637776e-04	 192	 iter
149	 6.637776e-04	 193	 iter
150	 6.637776e-04	 194	 iter
151	 6.637776e-04	 195	 iter
152	 6.637776e-04	 196	 iter
153	 6.637776e-04	 197	 iter
154	 6.637776e-04	 198	 iter
155	 6.637776e-04	 199	 iter
156	 6.637776e-04	 200	 iter
157	 6.637776e-04	 201	 iter
158	 6.637776e-04	 203	 iter
159	 6.637776e-04	 205	 iter
160	 6.637776e-04	 206	 iter
161	 6.637776e-04	 207	 iter
162	 6.637776e-04	 208	 iter
163	 6.637776e-04	 209	 iter
164	 6.637776e-04	 211	 iter
165	 6.637776e-04	 212	 iter
166	 6.637776e-04	 214	 iter
167	 6.637776e-04	 215	 iter
168	 6.637776e-04	 216	 iter
169	 6.637776e-04	 217	 iter
170	 6.637776e-04	 219	 iter
171	 6.637776e-04	 221	 iter
172	 6.637776e-04	 223	 iter
173	 6.637776e-04	 225	 iter
174	 6.637776e-04	 227	 iter
175	 6.517789e-04	 229	 iter
176	 6.517789e-04	 231	 iter
177	 6.517789e-04	 232	 iter
178	 6.517789e-04	 233	 iter
179	 6.368401e-04	 235	 iter
180	 6.368401e-04	 236	 iter
181	 6.368401e-04	 237	 iter
182	 6.368401e-04	 238	 iter
183	 6.368401e-04	 239	 iter
184	 6.368401e-04	 241	 iter
185	 6.269462e-04	 243	 iter
186	 6.173670e-04	 245	 iter
187	 6.045925e-04	 247	 iter
188	 6.045925e-04	 248	 iter
189	 6.045925e-04	 249	 iter
190	 5.996834e-04	 251	 iter
191	 5.996834e-04	 252	 iter
192	 5.996834e-04	 254	 iter
193	 5.996834e-04	 255	 iter
194	 5.996834e-04	 256	 iter
195	 5.996834e-04	 258	 iter
196	 5.911749e-04	 260	 iter
197	 5.911749e-04	 262	 iter
198	 5.911749e-04	 263	 iter
199	 5.911749e-04	 265	 iter
200	 5.911749e-04	 267	 iter
201	 5.620635e-04	 269	 iter
202	 5.620635e-04	 270	 iter
203	 5.620635e-04	 271	 iter
204	 5.620635e-04	 272	 iter
205	 5.620635e-04	 273	 iter
206	 5.620635e-04	 274	 iter
207	 5.620635e-04	 275	 iter
208	 5.620635e-04	 277	 iter
209	 5.620635e-04	 278	 iter
210	 5.520082e-04	 280	 iter
211	 5.340786e-04	 282	 iter
212	 5.340786e-04	 283	 iter
213	 5.340786e-04	 284	 iter
214	 5.340786e-04	 285	 iter
215	 5.340786e-04	 286	 iter
216	 5.340786e-04	 287	 iter
217	 5.054739e-04	 289	 iter
218	 5.054739e-04	 290	 iter
219	 5.054739e-04	 291	 iter
220	 5.054739e-04	 292	 iter
221	 5.054739e-04	 293	 iter
222	 4.996216e-04	 295	 iter
223	 4.860965e-04	 297	 iter
224	 4.860965e-04	 298	 iter
225	 4.829478e-04	 300	 iter
226	 4.829478e-04	 301	 iter
227	 4.785207e-04	 303	 iter
228	 4.785207e-04	 304	 iter
229	 4.785207e-04	 305	 iter
230	 4.736316e-04	 307	 iter
231	 4.319169e-04	 309	 iter
232	 4.319169e-04	 310	 iter
233	 4.319169e-04	 311	 iter
234	 4.319169e-04	 312	 iter
235	 4.319169e-04	 313	 iter
236	 4.319169e-04	 314	 iter
237	 4.319169e-04	 315	 iter
238	 4.319169e-04	 316	 iter
239	 4.281361e-04	 318	 iter
240	 4.281361e-04	 319	 iter
241	 4.281361e-04	 320	 iter
242	 4.276674e-04	 322	 iter
243	 4.276674e-04	 323	 iter
244	 4.147780e-04	 325	 iter
245	 4.147780e-04	 326	 iter
246	 4.147780e-04	 327	 iter
247	 4.147780e-04	 328	 iter
248	 4.147780e-04	 330	 iter
249	 4.131169e-04	 332	 iter
250	 4.081489e-04	 334	 iter
251	 4.081489e-04	 335	 iter
252	 4.081489e-04	 336	 iter
253	 4.081489e-04	 337	 iter
254	 4.081489e-04	 338	 iter
255	 3.934892e-04	 340	 iter
256	 3.934892e-04	 341	 iter
257	 3.934892e-04	 342	 iter
258	 3.934892e-04	 344	 iter
259	 3.934892e-04	 345	 iter
260	 3.934892e-04	 346	 iter
261	 3.934892e-04	 348	 iter
262	 3.934892e-04	 349	 iter
263	 3.934892e-04	 350	 iter
264	 3.934892e-04	 352	 iter
265	 3.934892e-04	 354	 iter
266	 3.934892e-04	 355	 iter
267	 3.934892e-04	 357	 iter
268	 3.934556e-04	 359	 iter
269	 3.934556e-04	 360	 iter
270	 3.934556e-04	 361	 iter
271	 3.934556e-04	 362	 iter
272	 3.934556e-04	 363	 iter
273	 3.934556e-04	 364	 iter
274	 3.934556e-04	 366	 iter
275	 3.934556e-04	 367	 iter
276	 3.917338e-04	 369	 iter
277	 3.917338e-04	 370	 iter
278	 3.917338e-04	 371	 iter
279	 3.917338e-04	 372	 iter
280	 3.917338e-04	 373	 iter
281	 3.850394e-04	 375	 iter
282	 3.850394e-04	 377	 iter
283	 3.850394e-04	 378	 iter
284	 3.850394e-04	 379	 iter
285	 3.850394e-04	 381	 iter
286	 3.850394e-04	 383	 iter
287	 3.850394e-04	 384	 iter
288	 3.850394e-04	 385	 iter
289	 3.850394e-04	 386	 iter
290	 3.850394e-04	 388	 iter
291	 3.850394e-04	 389	 iter
292	 3.850394e-04	 391	 iter
293	 3.850394e-04	 393	 iter
294	 3.850394e-04	 395	 iter
295	 3.850394e-04	 396	 iter
296	 3.850394e-04	 397	 iter
297	 3.850394e-04	 398	 iter
298	 3.850394e-04	 399	 iter
299	 3.850394e-04	 400	 iter
300	 3.830683e-04	 402	 iter
301	 3.830683e-04	 404	 iter
302	 3.830683e-04	 405	 iter
303	 3.830683e-04	 407	 iter
304	 3.830683e-04	 409	 iter
305	 3.830683e-04	 410	 iter
306	 3.830683e-04	 411	 iter
307	 3.830683e-04	 413	 iter
308	 3.830683e-04	 415	 iter
309	 3.805514e-04	 417	 iter
310	 3.805514e-04	 418	 iter
311	 3.805514e-04	 420	 iter
312	 3.805514e-04	 421	 iter
313	 3.805514e-04	 422	 iter
314	 3.805514e-04	 423	 iter
315	 3.805514e-04	 424	 iter
316	 3.805514e-04	 425	 iter
317	 3.805514e-04	 427	 iter
318	 3.805514e-04	 429	 iter
319	 3.805514e-04	 431	 iter
320	 3.805514e-04	 432	 iter
321	 3.805514e-04	 434	 iter
322	 3.799407e-04	 436	 iter
323	 3.799407e-04	 437	 iter
324	 3.799407e-04	 438	 iter
325	 3.799407e-04	 440	 iter
326	 3.799407e-04	 441	 iter
327	 3.799407e-04	 442	 iter
328	 3.799407e-04	 443	 iter
329	 3.778826e-04	 445	 iter
330	 3.778826e-04	 446	 iter
331	 3.778826e-04	 448	 iter
332	 3.778826e-04	 450	 iter
333	 3.778826e-04	 451	 iter
334	 3.778826e-04	 452	 iter
335	 3.778826e-04	 453	 iter
336	 3.761167e-04	 455	 iter
337	 3.761167e-04	 457	 iter
338	 3.761167e-04	 458	 iter
339	 3.761167e-04	 459	 iter
340	 3.761167e-04	 460	 iter
341	 3.761167e-04	 461	 iter
342	 3.747659e-04	 463	 iter
343	 3.747659e-04	 464	 iter
344	 3.747659e-04	 465	 iter
345	 3.747659e-04	 466	 iter
346	 3.747659e-04	 467	 iter
347	 3.747659e-04	 468	 iter
348	 3.747659e-04	 469	 iter
349	 3.747659e-04	 471	 iter
350	 3.702854e-04	 473	 iter
351	 3.702854e-04	 474	 iter
352	 3.702854e-04	 475	 iter
353	 3.702854e-04	 476	 iter
354	 3.702854e-04	 477	 iter
355	 3.702854e-04	 478	 iter
356	 3.702854e-04	 479	 iter
357	 3.702854e-04	 480	 iter
358	 3.702854e-04	 481	 iter
359	 3.668844e-04	 483	 iter
360	 3.668844e-04	 484	 iter
361	 3.668844e-04	 485	 iter
362	 3.580373e-04	 487	 iter
363	 3.580373e-04	 488	 iter
364	 3.580373e-04	 489	 iter
365	 3.580373e-04	 490	 iter
366	 3.580373e-04	 491	 iter
367	 3.580373e-04	 492	 iter
368	 3.580373e-04	 493	 iter
369	 3.580373e-04	 494	 iter
370	 3.580373e-04	 495	 iter
371	 3.580373e-04	 496	 iter
372	 3.580373e-04	 497	 iter
373	 3.524832e-04	 499	 iter
374	 3.524832e-04	 500	 iter
375	 3.524832e-04	 501	 iter
376	 3.524832e-04	 502	 iter
377	 3.524832e-04	 503	 iter
378	 3.524832e-04	 504	 iter
379	 3.469295e-04	 506	 iter
380	 3.469295e-04	 507	 iter
381	 3.417178e-04	 509	 iter
382	 3.417178e-04	 510	 iter
383	 3.417178e-04	 511	 iter
384	 3.417178e-04	 512	 iter
385	 3.417178e-04	 513	 iter
386	 3.417178e-04	 514	 iter
387	 3.417178e-04	 515	 iter
388	 3.417178e-04	 516	 iter
389	 3.328386e-04	 518	 iter
390	 3.328386e-04	 519	 iter
391	 3.255084e-04	 521	 iter
392	 3.255084e-04	 522	 iter
393	 3.255084e-04	 523	 iter
394	 3.255084e-04	 524	 iter
395	 3.154762e-04	 526	 iter
396	 3.154762e-04	 527	 iter
397	 3.154762e-04	 528	 iter
398	 3.154762e-04	 529	 iter
399	 3.154762e-04	 530	 iter
400	 3.154762e-04	 531	 iter
401	 3.154762e-04	 532	 iter
402	 3.045026e-04	 534	 iter
403	 2.938960e-04	 536	 iter
404	 2.938960e-04	 537	 iter
405	 2.938960e-04	 538	 iter
406	 2.938960e-04	 539	 iter
407	 2.762312e-04	 541	 iter
408	 2.762312e-04	 542	 iter
409	 2.762312e-04	 543	 iter
410	 2.762312e-04	 544	 iter
411	 2.762312e-04	 545	 iter
412	 2.762312e-04	 546	 iter
413	 2.611211e-04	 548	 iter
414	 2.611211e-04	 549	 iter
415	 2.611211e-04	 550	 iter
416	 2.611211e-04	 551	 iter
417	 2.611211e-04	 552	 iter
418	 2.611211e-04	 553	 iter
419	 2.611211e-04	 554	 iter
420	 2.611211e-04	 555	 iter
421	 2.611211e-04	 556	 iter
422	 2.611211e-04	 557	 iter
423	 2.611211e-04	 558	 iter
424	 2.611211e-04	 559	 iter
425	 2.611211e-04	 560	 iter
426	 2.611211e-04	 561	 iter
427	 2.611211e-04	 562	 iter
428	 2.558757e-04	 564	 iter
429	 2.558757e-04	 565	 iter
430	 2.558757e-04	 566	 iter
431	 2.515142e-04	 568	 iter
432	 2.515142e-04	 569	 iter
433	 2.515142e-04	 570	 iter
434	 2.515142e-04	 571	 iter
435	 2.515142e-04	 572	 iter
436	 2.515142e-04	 573	 iter
437	 2.465397e-04	 575	 iter
438	 2.465397e-04	 576	 iter
439	 2.465397e-04	 577	 iter
440	 2.465397e-04	 579	 iter
441	 2.465397e-04	 580	 iter
442	 2.465397e-04	 581	 iter
443	 2.465397e-04	 582	 iter
444	 2.465397e-04	 583	 iter
445	 2.465397e-04	 584	 iter
446	 2.465397e-04	 585	 iter
447	 2.465397e-04	 587	 iter
448	 2.465397e-04	 588	 iter
449	 2.465397e-04	 590	 iter
450	 2.463617e-04	 592	 iter
451	 2.463617e-04	 593	 iter
452	 2.463617e-04	 594	 iter
453	 2.463617e-04	 595	 iter
454	 2.463617e-04	 596	 iter
455	 2.463617e-04	 597	 iter
456	 2.463617e-04	 598	 iter
457	 2.463617e-04	 600	 iter
458	 2.463617e-04	 601	 iter
459	 2.463617e-04	 602	 iter
460	 2.458855e-04	 604	 iter
461	 2.458855e-04	 605	 iter
462	 2.458855e-04	 606	 iter
463	 2.458855e-04	 607	 iter
464	 2.458855e-04	 608	 iter
465	 2.456969e-04	 610	 iter
466	 2.440471e-04	 612	 iter
467	 2.440471e-04	 614	 iter
468	 2.440471e-04	 616	 iter
469	 2.440471e-04	 617	 iter
470	 2.440098e-04	 619	 iter
471	 2.440098e-04	 621	 iter
472	 2.423400e-04	 623	 iter
473	 2.423400e-04	 625	 iter
474	 2.423400e-04	 626	 iter
475	 2.423400e-04	 627	 iter
476	 2.423400e-04	 628	 iter
477	 2.423400e-04	 630	 iter
478	 2.423400e-04	 632	 iter
479	 2.423400e-04	 634	 iter
480	 2.423400e-04	 636	 iter
481	 2.423400e-04	 637	 iter
482	 2.423400e-04	 638	 iter
483	 2.423400e-04	 639	 iter
484	 2.423400e-04	 641	 iter
485	 2.423114e-04	 643	 iter
486	 2.423114e-04	 645	 iter
487	 2.423114e-04	 646	 iter
488	 2.423114e-04	 647	 iter
489	 2.409998e-04	 649	 iter
490	 2.409998e-04	 651	 iter
491	 2.409998e-04	 652	 iter
492	 2.409998e-04	 654	 iter
493	 2.409998e-04	 655	 iter
494	 2.409998e-04	 656	 iter
495	 2.409998e-04	 657	 iter
496	 2.397860e-04	 659	 iter
497	 2.397860e-04	 661	 iter
498	 2.397860e-04	 662	 iter
499	 2.397860e-04	 663	 iter
500	 2.397860e-04	 664	 iter
501	 2.397860e-04	 665	 iter
502	 2.397860e-04	 667	 iter
503	 2.397860e-04	 668	 iter
504	 2.397860e-04	 669	 iter
505	 2.397860e-04	 671	 iter
506	 2.397860e-04	 672	 iter
507	 2.397860e-04	 673	 iter
508	 2.397860e-04	 674	 iter
509	 2.397860e-04	 675	 iter
510	 2.397860e-04	 677	 iter
511	 2.397860e-04	 678	 iter
512	 2.397860e-04	 679	 iter
513	 2.397860e-04	 680	 iter
514	 2.397860e-04	 681	 iter
515	 2.391730e-04	 683	 iter
516	 2.391730e-04	 684	 iter
517	 2.390367e-04	 686	 iter
518	 2.390367e-04	 687	 iter
519	 2.390367e-04	 688	 iter
520	 2.390367e-04	 689	 iter
521	 2.390367e-04	 690	 iter
522	 2.390367e-04	 692	 iter
523	 2.390367e-04	 694	 iter
524	 2.390367e-04	 695	 iter
525	 2.390367e-04	 696	 iter
526	 2.390367e-04	 697	 iter
527	 2.390367e-04	 698	 iter
528	 2.390367e-04	 700	 iter
529	 2.390367e-04	 702	 iter
530	 2.390367e-04	 704	 iter
531	 2.390367e-04	 706	 iter
532	 2.390367e-04	 707	 iter
533	 2.390367e-04	 708	 iter
534	 2.390367e-04	 709	 iter
535	 2.390367e-04	 710	 iter
536	 2.385308e-04	 712	 iter
537	 2.385308e-04	 713	 iter
538	 2.382050e-04	 715	 iter
539	 2.382050e-04	 716	 iter
540	 2.382050e-04	 717	 iter
541	 2.382050e-04	 718	 iter
542	 2.372962e-04	 720	 iter
543	 2.372962e-04	 721	 iter
544	 2.372962e-04	 722	 iter
545	 2.372962e-04	 723	 iter
546	 2.367272e-04	 725	 iter
547	 2.367272e-04	 726	 iter
548	 2.367272e-04	 727	 iter
549	 2.367272e-04	 728	 iter
550	 2.367272e-04	 729	 iter
551	 2.361767e-04	 731	 iter
552	 2.361767e-04	 732	 iter
553	 2.361767e-04	 733	 iter
554	 2.361767e-04	 734	 iter
555	 2.353629e-04	 736	 iter
556	 2.353629e-04	 737	 iter
557	 2.353629e-04	 738	 iter
558	 2.331036e-04	 740	 iter
559	 2.331036e-04	 741	 iter
560	 2.331036e-04	 742	 iter
561	 2.331036e-04	 743	 iter
562	 2.331036e-04	 744	 iter
563	 2.331036e-04	 745	 iter
564	 2.331036e-04	 746	 iter
565	 2.331036e-04	 747	 iter
566	 2.305235e-04	 749	 iter
567	 2.305235e-04	 750	 iter
568	 2.305235e-04	 751	 iter
569	 2.305235e-04	 752	 iter
570	 2.305235e-04	 753	 iter
571	 2.283695e-04	 755	 iter
572	 2.283695e-04	 756	 iter
573	 2.283695e-04	 757	 iter
574	 2.283695e-04	 758	 iter
575	 2.283695e-04	 759	 iter
576	 2.283695e-04	 760	 iter
577	 2.283695e-04	 761	 iter
578	 2.269033e-04	 763	 iter
579	 2.269033e-04	 764	 iter
580	 2.223561e-04	 766	 iter
581	 2.223561e-04	 767	 iter
582	 2.223561e-04	 768	 iter
583	 2.223561e-04	 769	 iter
584	 2.223561e-04	 770	 iter
585	 2.223561e-04	 771	 iter
586	 2.195267e-04	 773	 iter
587	 2.195267e-04	 774	 iter
588	 2.195267e-04	 775	 iter
589	 2.195267e-04	 776	 iter
590	 2.195267e-04	 777	 iter
591	 2.195267e-04	 778	 iter
592	 2.157137e-04	 780	 iter
593	 2.157137e-04	 781	 iter
594	 2.157137e-04	 782	 iter
595	 2.098226e-04	 784	 iter
596	 2.098226e-04	 785	 iter
597	 2.098226e-04	 786	 iter
598	 2.098226e-04	 787	 iter
599	 2.098226e-04	 788	 iter
600	 2.098226e-04	 789	 iter
601	 2.098226e-04	 790	 iter
602	 2.098226e-04	 791	 iter
603	 2.076051e-04	 793	 iter
604	 2.015402e-04	 795	 iter
605	 2.015402e-04	 796	 iter
606	 2.015402e-04	 797	 iter
607	 2.015402e-04	 798	 iter
608	 2.015402e-04	 799	 iter
609	 1.994307e-04	 801	 iter
610	 1.930947e-04	 803	 iter
611	 1.930947e-04	 804	 iter
612	 1.930947e-04	 805	 iter
613	 1.930947e-04	 806	 iter
614	 1.930947e-04	 807	 iter
615	 1.930947e-04	 808	 iter
616	 1.930947e-04	 809	 iter
617	 1.919757e-04	 811	 iter
618	 1.919757e-04	 812	 iter
619	 1.919757e-04	 813	 iter
620	 1.919757e-04	 814	 iter
621	 1.908241e-04	 816	 iter
622	 1.908241e-04	 817	 iter
623	 1.908241e-04	 818	 iter
624	 1.908241e-04	 819	 iter
625	 1.908241e-04	 821	 iter
626	 1.908241e-04	 822	 iter
627	 1.908241e-04	 824	 iter
628	 1.908241e-04	 825	 iter
629	 1.903922e-04	 827	 iter
630	 1.850707e-04	 829	 iter
631	 1.850707e-04	 830	 iter
632	 1.850707e-04	 831	 iter
633	 1.850707e-04	 832	 iter
634	 1.850707e-04	 834	 iter
635	 1.850707e-04	 835	 iter
636	 1.850707e-04	 836	 iter
637	 1.850707e-04	 837	 iter
638	 1.850707e-04	 838	 iter
639	 1.850707e-04	 839	 iter
640	 1.850707e-04	 841	 iter
641	 1.850707e-04	 842	 iter
642	 1.850707e-04	 843	 iter
643	 1.850707e-04	 844	 iter
644	 1.850707e-04	 845	 iter
645	 1.838704e-04	 847	 iter
646	 1.822627e-04	 849	 iter
647	 1.822627e-04	 850	 iter
648	 1.822627e-04	 851	 iter
649	 1.822627e-04	 852	 iter
650	 1.822627e-04	 853	 iter
651	 1.822627e-04	 854	 iter
652	 1.822627e-04	 856	 iter
653	 1.822627e-04	 858	 iter
654	 1.822627e-04	 859	 iter
655	 1.822627e-04	 861	 iter
656	 1.822627e-04	 862	 iter
657	 1.822627e-04	 863	 iter
658	 1.822627e-04	 864	 iter
659	 1.822057e-04	 866	 iter
660	 1.822057e-04	 867	 iter
661	 1.822057e-04	 868	 iter
662	 1.803955e-04	 870	 iter
663	 1.803955e-04	 871	 iter
664	 1.803955e-04	 873	 iter
665	 1.803955e-04	 875	 iter
666	 1.803955e-04	 876	 iter
667	 1.803955e-04	 877	 iter
668	 1.803955e-04	 878	 iter
669	 1.796981e-04	 880	 iter
670	 1.796981e-04	 881	 iter
671	 1.796981e-04	 882	 iter
672	 1.796981e-04	 883	 iter
673	 1.791404e-04	 885	 iter
674	 1.785160e-04	 887	 iter
675	 1.785160e-04	 888	 iter
676	 1.785160e-04	 889	 iter
677	 1.785160e-04	 890	 iter
678	 1.785160e-04	 891	 iter
679	 1.785160e-04	 892	 iter
680	 1.785160e-04	 894	 iter
681	 1.783074e-04	 896	 iter
682	 1.783074e-04	 897	 iter
683	 1.783074e-04	 898	 iter
684	 1.778789e-04	 900	 iter
685	 1.778789e-04	 901	 iter
686	 1.778789e-04	 903	 iter
687	 1.778789e-04	 905	 iter
688	 1.761641e-04	 907	 iter
689	 1.761641e-04	 909	 iter
690	 1.761641e-04	 910	 iter
691	 1.761641e-04	 911	 iter
692	 1.761641e-04	 913	 iter
693	 1.761641e-04	 914	 iter
694	 1.761641e-04	 916	 iter
695	 1.761641e-04	 917	 iter
696	 1.761641e-04	 919	 iter
697	 1.761641e-04	 920	 iter
698	 1.748062e-04	 922	 iter
699	 1.748062e-04	 923	 iter
700	 1.748062e-04	 924	 iter
701	 1.748062e-04	 926	 iter
702	 1.748062e-04	 927	 iter
703	 1.748062e-04	 928	 iter
704	 1.748062e-04	 929	 iter
705	 1.748062e-04	 930	 iter
706	 1.721932e-04	 932	 iter
707	 1.721932e-04	 933	 iter
708	 1.721932e-04	 934	 iter
709	 1.721932e-04	 935	 iter
710	 1.721932e-04	 936	 iter
711	 1.721932e-04	 937	 iter
712	 1.721932e-04	 938	 iter
713	 1.721932e-04	 939	 iter
714	 1.688815e-04	 941	 iter
715	 1.688815e-04	 942	 iter
716	 1.688815e-04	 943	 iter
717	 1.688815e-04	 944	 iter
718	 1.688815e-04	 945	 iter
719	 1.688815e-04	 946	 iter
720	 1.688815e-04	 947	 iter
721	 1.688815e-04	 948	 iter
722	 1.688815e-04	 949	 iter
723	 1.688815e-04	 950	 iter
724	 1.688815e-04	 951	 iter
725	 1.688815e-04	 952	 iter
726	 1.688815e-04	 953	 iter
727	 1.688815e-04	 954	 iter
728	 1.688815e-04	 955	 iter
729	 1.660229e-04	 957	 iter
730	 1.660229e-04	 958	 iter
731	 1.660229e-04	 959	 iter
732	 1.660229e-04	 960	 iter
733	 1.660229e-04	 961	 iter
734	 1.660229e-04	 962	 iter
735	 1.660229e-04	 963	 iter
736	 1.629430e-04	 965	 iter
737	 1.629430e-04	 966	 iter
738	 1.629430e-04	 967	 iter
739	 1.629430e-04	 968	 iter
740	 1.629430e-04	 969	 iter
741	 1.629430e-04	 970	 iter
742	 1.629430e-04	 971	 iter
743	 1.629430e-04	 972	 iter
744	 1.629430e-04	 973	 iter
745	 1.617560e-04	 975	 iter
746	 1.617560e-04	 976	 iter
747	 1.617560e-04	 977	 iter
748	 1.617560e-04	 978	 iter
749	 1.613466e-04	 980	 iter
750	 1.606168e-04	 982	 iter
751	 1.606168e-04	 983	 iter
752	 1.575432e-04	 985	 iter
753	 1.575432e-04	 986	 iter
754	 1.575432e-04	 987	 iter
755	 1.575432e-04	 988	 iter
756	 1.575432e-04	 989	 iter
757	 1.573581e-04	 991	 iter
758	 1.555244e-04	 993	 iter
759	 1.555244e-04	 994	 iter
760	 1.555244e-04	 995	 iter
761	 1.555244e-04	 996	 iter
762	 1.555244e-04	 997	 iter
763	 1.555244e-04	 998	 iter
764	 1.555244e-04	 999	 iter
765	 1.548836e-04	 1001	 iter
766	 1.548836e-04	 1002	 iter
767	 1.548836e-04	 1003	 iter
768	 1.538242e-04	 1005	 iter
769	 1.538242e-04	 1006	 iter
770	 1.538242e-04	 1007	 iter
771	 1.538242e-04	 1008	 iter
772	 1.538242e-04	 1009	 iter
773	 1.538242e-04	 1010	 iter
774	 1.538242e-04	 1012	 iter
775	 1.538242e-04	 1013	 iter
776	 1.534902e-04	 1015	 iter
777	 1.509113e-04	 1017	 iter
778	 1.509113e-04	 1018	 iter
779	 1.509113e-04	 1019	 iter
780	 1.506421e-04	 1021	 iter
781	 1.506421e-04	 1022	 iter
782	 1.506421e-04	 1023	 iter
783	 1.506421e-04	 1025	 iter
784	 1.506421e-04	 1026	 iter
785	 1.506421e-04	 1027	 iter
786	 1.506421e-04	 1028	 iter
787	 1.506421e-04	 1029	 iter
788	 1.506421e-04	 1030	 iter
789	 1.506421e-04	 1032	 iter
790	 1.506421e-04	 1033	 iter
791	 1.506421e-04	 1034	 iter
792	 1.506421e-04	 1035	 iter
793	 1.506421e-04	 1036	 iter
794	 1.506421e-04	 1037	 iter
795	 1.505214e-04	 1039	 iter
796	 1.505214e-04	 1040	 iter
797	 1.505214e-04	 1041	 iter
798	 1.505214e-04	 1042	 iter
799	 1.497761e-04	 1044	 iter
800	 1.497761e-04	 1046	 iter
801	 1.497761e-04	 1047	 iter
802	 1.497761e-04	 1048	 iter
803	 1.497761e-04	 1050	 iter
804	 1.497741e-04	 1052	 iter
805	 1.497741e-04	 1053	 iter
806	 1.497741e-04	 1054	 iter
807	 1.497741e-04	 1056	 iter
808	 1.497741e-04	 1058	 iter
809	 1.497741e-04	 1059	 iter
810	 1.497741e-04	 1061	 iter
811	 1.497741e-04	 1063	 iter
812	 1.494682e-04	 1065	 iter
813	 1.494682e-04	 1066	 iter
814	 1.494682e-04	 1067	 iter
815	 1.494682e-04	 1068	 iter
816	 1.494682e-04	 1070	 iter
817	 1.494682e-04	 1072	 iter
818	 1.490946e-04	 1074	 iter
819	 1.490946e-04	 1075	 iter
820	 1.490946e-04	 1076	 iter
821	 1.490946e-04	 1078	 iter
822	 1.490946e-04	 1079	 iter
823	 1.490946e-04	 1081	 iter
824	 1.490946e-04	 1082	 iter
825	 1.490946e-04	 1084	 iter
826	 1.490946e-04	 1085	 iter
827	 1.490946e-04	 1086	 iter
828	 1.490946e-04	 1088	 iter
829	 1.490946e-04	 1089	 iter
830	 1.490946e-04	 1091	 iter
831	 1.490946e-04	 1092	 iter
832	 1.490946e-04	 1093	 iter
833	 1.490946e-04	 1094	 iter
834	 1.490946e-04	 1095	 iter
835	 1.488962e-04	 1097	 iter
836	 1.488962e-04	 1098	 iter
837	 1.488962e-04	 1099	 iter
838	 1.488606e-04	 1101	 iter
839	 1.488606e-04	 1103	 iter
840	 1.486690e-04	 1105	 iter
841	 1.486690e-04	 1106	 iter
842	 1.486690e-04	 1108	 iter
843	 1.486690e-04	 1110	 iter
844	 1.486690e-04	 1112	 iter
845	 1.486690e-04	 1114	 iter
846	 1.486690e-04	 1115	 iter
847	 1.486690e-04	 1116	 iter
848	 1.486690e-04	 1117	 iter
849	 1.486690e-04	 1118	 iter
850	 1.486420e-04	 1120	 iter
851	 1.486420e-04	 1121	 iter
852	 1.486420e-04	 1122	 iter
853	 1.486420e-04	 1123	 iter
854	 1.485897e-04	 1125	 iter
855	 1.485897e-04	 1127	 iter
856	 1.485897e-04	 1129	 iter
857	 1.485872e-04	 1131	 iter
858	 1.485872e-04	 1132	 iter
859	 1.485843e-04	 1134	 iter
860	 1.485487e-04	 1136	 iter
861	 1.485487e-04	 1138	 iter
862	 1.485487e-04	 1139	 iter
863	 1.484339e-04	 1141	 iter
864	 1.484339e-04	 1143	 iter
865	 1.482509e-04	 1145	 iter
866	 1.482509e-04	 1146	 iter
867	 1.482509e-04	 1147	 iter
868	 1.482509e-04	 1149	 iter
869	 1.482509e-04	 1151	 iter
870	 1.482509e-04	 1153	 iter
871	 1.482509e-04	 1154	 iter
872	 1.482509e-04	 1155	 iter
873	 1.481212e-04	 1157	 iter
874	 1.481212e-04	 1158	 iter
875	 1.481212e-04	 1160	 iter
876	 1.481212e-04	 1161	 iter
877	 1.481212e-04	 1162	 iter
878	 1.481212e-04	 1163	 iter
879	 1.481212e-04	 1164	 iter
880	 1.481212e-04	 1165	 iter
881	 1.480581e-04	 1167	 iter
882	 1.480581e-04	 1168	 iter
883	 1.479693e-04	 1170	 iter
884	 1.479693e-04	 1171	 iter
885	 1.477637e-04	 1173	 iter
886	 1.477637e-04	 1174	 iter
887	 1.475059e-04	 1176	 iter
888	 1.475059e-04	 1177	 iter
889	 1.475059e-04	 1178	 iter
890	 1.475059e-04	 1179	 iter
891	 1.475059e-04	 1180	 iter
892	 1.475059e-04	 1181	 iter
893	 1.475059e-04	 1182	 iter
894	 1.475059e-04	 1183	 iter
895	 1.475059e-04	 1184	 iter
896	 1.471679e-04	 1186	 iter
897	 1.471679e-04	 1187	 iter
898	 1.471679e-04	 1188	 iter
899	 1.471679e-04	 1189	 iter
900	 1.467746e-04	 1191	 iter
901	 1.467746e-04	 1192	 iter
902	 1.467746e-04	 1193	 iter
903	 1.467746e-04	 1194	 iter
904	 1.467746e-04	 1195	 iter
905	 1.467746e-04	 1196	 iter
906	 1.467746e-04	 1197	 iter
907	 1.464826e-04	 1199	 iter
908	 1.464826e-04	 1200	 iter
909	 1.464826e-04	 1201	 iter
910	 1.464826e-04	 1202	 iter
911	 1.461634e-04	 1204	 iter
912	 1.461634e-04	 1205	 iter
913	 1.461634e-04	 1206	 iter
914	 1.461634e-04	 1207	 iter
915	 1.455829e-04	 1209	 iter
916	 1.455829e-04	 1210	 iter
917	 1.455829e-04	 1211	 iter
918	 1.455829e-04	 1212	 iter
919	 1.455829e-04	 1213	 iter
920	 1.455829e-04	 1214	 iter
921	 1.455829e-04	 1215	 iter
922	 1.454979e-04	 1217	 iter
923	 1.454979e-04	 1218	 iter
924	 1.451558e-04	 1220	 iter
925	 1.451558e-04	 1221	 iter
926	 1.440484e-04	 1223	 iter
927	 1.440484e-04	 1224	 iter
928	 1.440484e-04	 1225	 iter
929	 1.440484e-04	 1226	 iter
930	 1.440484e-04	 1227	 iter
931	 1.440484e-04	 1228	 iter
932	 1.440484e-04	 1229	 iter
933	 1.440484e-04	 1230	 iter
934	 1.440484e-04	 1231	 iter
935	 1.440484e-04	 1232	 iter
936	 1.440484e-04	 1233	 iter
937	 1.440484e-04	 1234	 iter
938	 1.440484e-04	 1235	 iter
939	 1.440484e-04	 1236	 iter
940	 1.440484e-04	 1237	 iter
941	 1.440484e-04	 1238	 iter
942	 1.439059e-04	 1240	 iter
943	 1.436120e-04	 1242	 iter
944	 1.436120e-04	 1243	 iter
945	 1.436120e-04	 1244	 iter
946	 1.435933e-04	 1246	 iter
947	 1.429046e-04	 1248	 iter
948	 1.429046e-04	 1249	 iter
949	 1.429046e-04	 1250	 iter
950	 1.429046e-04	 1251	 iter
951	 1.429046e-04	 1252	 iter
952	 1.425490e-04	 1254	 iter
953	 1.425490e-04	 1255	 iter
954	 1.415650e-04	 1257	 iter
955	 1.415650e-04	 1258	 iter
956	 1.415650e-04	 1259	 iter
957	 1.415650e-04	 1260	 iter
958	 1.415650e-04	 1261	 iter
959	 1.415650e-04	 1262	 iter
960	 1.415650e-04	 1263	 iter
961	 1.415650e-04	 1264	 iter
962	 1.414396e-04	 1266	 iter
963	 1.414396e-04	 1267	 iter
964	 1.414131e-04	 1269	 iter
965	 1.412187e-04	 1271	 iter
966	 1.412187e-04	 1272	 iter
967	 1.410584e-04	 1274	 iter
968	 1.408561e-04	 1276	 iter
969	 1.408561e-04	 1277	 iter
970	 1.408561e-04	 1278	 iter
971	 1.403835e-04	 1280	 iter
972	 1.403835e-04	 1281	 iter
973	 1.403835e-04	 1282	 iter
974	 1.399956e-04	 1284	 iter
975	 1.399956e-04	 1285	 iter
976	 1.399956e-04	 1286	 iter
977	 1.396805e-04	 1288	 iter
978	 1.396805e-04	 1289	 iter
979	 1.396805e-04	 1290	 iter
980	 1.396805e-04	 1291	 iter
981	 1.396805e-04	 1292	 iter
982	 1.395663e-04	 1294	 iter
983	 1.395663e-04	 1295	 iter
984	 1.391615e-04	 1297	 iter
985	 1.391615e-04	 1298	 iter
986	 1.384266e-04	 1300	 iter
987	 1.384266e-04	 1301	 iter
988	 1.384266e-04	 1302	 iter
989	 1.384266e-04	 1303	 iter
990	 1.384266e-04	 1304	 iter
991	 1.384266e-04	 1305	 iter
992	 1.384266e-04	 1306	 iter
993	 1.384266e-04	 1307	 iter
994	 1.384266e-04	 1308	 iter
995	 1.384266e-04	 1309	 iter
996	 1.384266e-04	 1310	 iter
997	 1.384266e-04	 1311	 iter
998	 1.384266e-04	 1312	 iter
999	 1.384266e-04	 1313	 iter
1000	 1.384266e-04	 1314	 iter
1001	 1.377950e-04	 1316	 iter
1002	 1.377950e-04	 1318	 iter
1003	 1.377565e-04	 1320	 iter
1004	 1.377565e-04	 1322	 iter
1005	 1.377565e-04	 1323	 iter
1006	 1.377565e-04	 1324	 iter
1007	 1.377565e-04	 1325	 iter
1008	 1.372363e-04	 1327	 iter
1009	 1.372363e-04	 1328	 iter
1010	 1.372363e-04	 1329	 iter
1011	 1.372363e-04	 1330	 iter
1012	 1.372363e-04	 1332	 iter
1013	 1.372363e-04	 1333	 iter
1014	 1.372363e-04	 1334	 iter
1015	 1.372363e-04	 1336	 iter
1016	 1.372363e-04	 1337	 iter
1017	 1.371873e-04	 1339	 iter
1018	 1.370344e-04	 1341	 iter
1019	 1.370344e-04	 1342	 iter
1020	 1.370344e-04	 1343	 iter
1021	 1.370344e-04	 1344	 iter
1022	 1.370123e-04	 1346	 iter
1023	 1.370123e-04	 1347	 iter
1024	 1.370123e-04	 1348	 iter
1025	 1.370123e-04	 1350	 iter
1026	 1.370123e-04	 1352	 iter
1027	 1.370123e-04	 1353	 iter
1028	 1.370123e-04	 1354	 iter
1029	 1.370123e-04	 1355	 iter
1030	 1.366970e-04	 1357	 iter
1031	 1.366970e-04	 1358	 iter
1032	 1.366970e-04	 1359	 iter
1033	 1.366970e-04	 1360	 iter
1034	 1.366970e-04	 1362	 iter
1035	 1.364994e-04	 1364	 iter
1036	 1.364994e-04	 1365	 iter
1037	 1.364994e-04	 1366	 iter
1038	 1.364994e-04	 1368	 iter
1039	 1.364994e-04	 1369	 iter
1040	 1.364994e-04	 1370	 iter
1041	 1.364994e-04	 1371	 iter
1042	 1.364994e-04	 1372	 iter
1043	 1.364994e-04	 1373	 iter
1044	 1.364994e-04	 1374	 iter
1045	 1.364994e-04	 1375	 iter
1046	 1.364994e-04	 1376	 iter
1047	 1.364994e-04	 1377	 iter
1048	 1.364994e-04	 1378	 iter
1049	 1.364994e-04	 1380	 iter
1050	 1.364486e-04	 1382	 iter
1051	 1.364486e-04	 1383	 iter
1052	 1.364486e-04	 1385	 iter
1053	 1.364486e-04	 1386	 iter
1054	 1.364486e-04	 1387	 iter
1055	 1.364486e-04	 1389	 iter
1056	 1.363010e-04	 1391	 iter
1057	 1.363010e-04	 1392	 iter
1058	 1.363010e-04	 1393	 iter
1059	 1.363010e-04	 1395	 iter
1060	 1.363010e-04	 1397	 iter
1061	 1.361714e-04	 1399	 iter
1062	 1.361714e-04	 1401	 iter
1063	 1.361714e-04	 1402	 iter
1064	 1.361714e-04	 1404	 iter
1065	 1.361714e-04	 1405	 iter
1066	 1.361714e-04	 1406	 iter
1067	 1.361714e-04	 1408	 iter
1068	 1.361714e-04	 1409	 iter
1069	 1.361714e-04	 1410	 iter
1070	 1.361714e-04	 1411	 iter
1071	 1.361714e-04	 1412	 iter
1072	 1.361714e-04	 1413	 iter
1073	 1.361714e-04	 1414	 iter
1074	 1.361714e-04	 1415	 iter
1075	 1.361714e-04	 1416	 iter
1076	 1.361714e-04	 1417	 iter
1077	 1.361714e-04	 1419	 iter
1078	 1.361714e-04	 1421	 iter
1079	 1.361714e-04	 1422	 iter
1080	 1.361714e-04	 1423	 iter
1081	 1.361714e-04	 1424	 iter
1082	 1.361557e-04	 1426	 iter
1083	 1.360653e-04	 1428	 iter
1084	 1.360653e-04	 1430	 iter
1085	 1.360653e-04	 1431	 iter
1086	 1.360653e-04	 1433	 iter
1087	 1.360653e-04	 1435	 iter
1088	 1.360653e-04	 1436	 iter
1089	 1.360653e-04	 1437	 iter
1090	 1.360653e-04	 1439	 iter
1091	 1.360653e-04	 1440	 iter
1092	 1.360653e-04	 1442	 iter
1093	 1.360653e-04	 1443	 iter
1094	 1.360653e-04	 1445	 iter
1095	 1.360653e-04	 1446	 iter
1096	 1.360357e-04	 1448	 iter
1097	 1.360357e-04	 1449	 iter
1098	 1.360357e-04	 1450	 iter
1099	 1.360357e-04	 1451	 iter
1100	 1.360357e-04	 1452	 iter
1101	 1.360357e-04	 1453	 iter
1102	 1.360245e-04	 1455	 iter
1103	 1.360245e-04	 1456	 iter
1104	 1.360245e-04	 1457	 iter
1105	 1.360245e-04	 1459	 iter
1106	 1.359890e-04	 1461	 iter
1107	 1.359890e-04	 1463	 iter
1108	 1.359890e-04	 1464	 iter
1109	 1.359890e-04	 1465	 iter
1110	 1.359890e-04	 1466	 iter
1111	 1.359890e-04	 1467	 iter
1112	 1.359890e-04	 1468	 iter
1113	 1.359890e-04	 1469	 iter
1114	 1.359890e-04	 1471	 iter
1115	 1.359809e-04	 1473	 iter
1116	 1.359809e-04	 1474	 iter
1117	 1.359809e-04	 1475	 iter
1118	 1.359809e-04	 1476	 iter
1119	 1.359809e-04	 1477	 iter
1120	 1.359809e-04	 1479	 iter
1121	 1.359809e-04	 1481	 iter
1122	 1.359809e-04	 1482	 iter
1123	 1.359809e-04	 1483	 iter
1124	 1.359809e-04	 1484	 iter
1125	 1.359809e-04	 1485	 iter
1126	 1.359809e-04	 1486	 iter
1127	 1.359809e-04	 1487	 iter
1128	 1.359801e-04	 1489	 iter
1129	 1.359508e-04	 1491	 iter
1130	 1.359508e-04	 1493	 iter
1131	 1.359508e-04	 1495	 iter
1132	 1.359238e-04	 1497	 iter
1133	 1.359238e-04	 1498	 iter
1134	 1.359238e-04	 1499	 iter
1135	 1.359238e-04	 1500	 iter
1136	 1.359238e-04	 1502	 iter
1137	 1.359238e-04	 1503	 iter
1138	 1.359238e-04	 1504	 iter
1139	 1.359238e-04	 1505	 iter
1140	 1.359238e-04	 1507	 iter
1141	 1.359238e-04	 1509	 iter
1142	 1.359238e-04	 1510	 iter
1143	 1.359238e-04	 1512	 iter
1144	 1.359238e-04	 1513	 iter
1145	 1.359238e-04	 1514	 iter
1146	 1.359238e-04	 1515	 iter
1147	 1.359238e-04	 1517	 iter
1148	 1.359088e-04	 1519	 iter
1149	 1.359088e-04	 1521	 iter
1150	 1.359088e-04	 1522	 iter
1151	 1.359088e-04	 1523	 iter
1152	 1.359088e-04	 1524	 iter
1153	 1.359088e-04	 1525	 iter
1154	 1.359088e-04	 1526	 iter
1155	 1.358939e-04	 1528	 iter
1156	 1.358939e-04	 1529	 iter
1157	 1.358939e-04	 1530	 iter
1158	 1.358939e-04	 1532	 iter
1159	 1.358939e-04	 1533	 iter
1160	 1.358939e-04	 1535	 iter
1161	 1.358939e-04	 1537	 iter
1162	 1.358939e-04	 1538	 iter
1163	 1.358939e-04	 1539	 iter
1164	 1.358939e-04	 1540	 iter
1165	 1.358910e-04	 1542	 iter
1166	 1.358910e-04	 1543	 iter
1167	 1.358910e-04	 1544	 iter
1168	 1.358910e-04	 1546	 iter
1169	 1.358830e-04	 1548	 iter
1170	 1.358830e-04	 1550	 iter
1171	 1.358830e-04	 1551	 iter
1172	 1.358830e-04	 1552	 iter
1173	 1.358830e-04	 1553	 iter
1174	 1.358830e-04	 1555	 iter
1175	 1.358830e-04	 1557	 iter
1176	 1.358802e-04	 1559	 iter
1177	 1.358628e-04	 1561	 iter
1178	 1.358628e-04	 1562	 iter
1179	 1.358628e-04	 1563	 iter
1180	 1.358628e-04	 1564	 iter
1181	 1.358628e-04	 1565	 iter
1182	 1.358628e-04	 1566	 iter
1183	 1.358628e-04	 1567	 iter
1184	 1.358615e-04	 1569	 iter
1185	 1.358615e-04	 1570	 iter
1186	 1.358389e-04	 1572	 iter
1187	 1.358389e-04	 1573	 iter
1188	 1.358389e-04	 1574	 iter
1189	 1.358389e-04	 1575	 iter
1190	 1.358389e-04	 1576	 iter
1191	 1.358325e-04	 1578	 iter
1192	 1.358325e-04	 1579	 iter
1193	 1.358312e-04	 1581	 iter
1194	 1.358310e-04	 1583	 iter
1195	 1.358303e-04	 1585	 iter
1196	 1.358303e-04	 1586	 iter
1197	 1.358303e-04	 1587	 iter
1198	 1.358232e-04	 1589	 iter
1199	 1.357982e-04	 1591	 iter
1200	 1.357915e-04	 1593	 iter
1201	 1.357915e-04	 1594	 iter
1202	 1.357890e-04	 1596	 iter
1203	 1.357890e-04	 1597	 iter
1204	 1.357890e-04	 1598	 iter
1205	 1.357890e-04	 1599	 iter
1206	 1.357890e-04	 1600	 iter
1207	 1.357890e-04	 1601	 iter
1208	 1.357535e-04	 1603	 iter
1209	 1.357535e-04	 1604	 iter
1210	 1.357535e-04	 1605	 iter
1211	 1.357535e-04	 1606	 iter
1212	 1.357535e-04	 1607	 iter
1213	 1.357535e-04	 1608	 iter
1214	 1.357226e-04	 1610	 iter
1215	 1.357226e-04	 1611	 iter
1216	 1.357226e-04	 1612	 iter
1217	 1.357226e-04	 1613	 iter
1218	 1.357226e-04	 1614	 iter
1219	 1.357226e-04	 1615	 iter
1220	 1.357132e-04	 1617	 iter
1221	 1.357132e-04	 1618	 iter
1222	 1.357112e-04	 1620	 iter
1223	 1.357112e-04	 1621	 iter
1224	 1.357019e-04	 1623	 iter
1225	 1.357019e-04	 1624	 iter
1226	 1.357019e-04	 1625	 iter
1227	 1.357019e-04	 1626	 iter
1228	 1.356830e-04	 1628	 iter
1229	 1.356712e-04	 1630	 iter
1230	 1.356673e-04	 1632	 iter
1231	 1.356673e-04	 1633	 iter
1232	 1.356477e-04	 1635	 iter
1233	 1.356477e-04	 1636	 iter
1234	 1.356477e-04	 1637	 iter
1235	 1.356477e-04	 1638	 iter
1236	 1.356477e-04	 1639	 iter
1237	 1.356378e-04	 1641	 iter
1238	 1.356378e-04	 1642	 iter
1239	 1.355840e-04	 1644	 iter
1240	 1.355840e-04	 1645	 iter
1241	 1.355840e-04	 1646	 iter
1242	 1.355840e-04	 1647	 iter
1243	 1.355509e-04	 1649	 iter
1244	 1.355509e-04	 1650	 iter
1245	 1.355509e-04	 1651	 iter
1246	 1.355509e-04	 1652	 iter
1247	 1.355509e-04	 1653	 iter
1248	 1.355509e-04	 1654	 iter
1249	 1.355509e-04	 1655	 iter
1250	 1.355509e-04	 1656	 iter
1251	 1.355329e-04	 1658	 iter
1252	 1.354460e-04	 1660	 iter
1253	 1.354460e-04	 1661	 iter
1254	 1.354460e-04	 1662	 iter
1255	 1.354460e-04	 1663	 iter
1256	 1.354460e-04	 1664	 iter
1257	 1.354460e-04	 1665	 iter
1258	 1.354460e-04	 1666	 iter
1259	 1.353827e-04	 1668	 iter
1260	 1.353827e-04	 1669	 iter
1261	 1.353290e-04	 1671	 iter
1262	 1.353290e-04	 1672	 iter
1263	 1.353290e-04	 1673	 iter
1264	 1.352631e-04	 1675	 iter
1265	 1.352631e-04	 1676	 iter
1266	 1.352631e-04	 1677	 iter
1267	 1.352631e-04	 1678	 iter
1268	 1.352631e-04	 1679	 iter
1269	 1.352631e-04	 1680	 iter
1270	 1.352631e-04	 1681	 iter
1271	 1.352385e-04	 1683	 iter
1272	 1.352166e-04	 1685	 iter
1273	 1.352166e-04	 1686	 iter
1274	 1.351788e-04	 1688	 iter
1275	 1.350740e-04	 1690	 iter
1276	 1.348402e-04	 1692	 iter
1277	 1.348402e-04	 1693	 iter
1278	 1.348402e-04	 1694	 iter
1279	 1.348402e-04	 1695	 iter
1280	 1.348402e-04	 1696	 iter
1281	 1.348402e-04	 1697	 iter
1282	 1.348402e-04	 1698	 iter
1283	 1.348402e-04	 1699	 iter
1284	 1.348402e-04	 1700	 iter
1285	 1.348402e-04	 1701	 iter
1286	 1.348402e-04	 1702	 iter
1287	 1.345429e-04	 1704	 iter
1288	 1.345429e-04	 1705	 iter
1289	 1.345429e-04	 1706	 iter
1290	 1.345429e-04	 1707	 iter
1291	 1.345429e-04	 1708	 iter
1292	 1.345429e-04	 1709	 iter
1293	 1.345429e-04	 1710	 iter
1294	 1.345429e-04	 1711	 iter
1295	 1.345429e-04	 1712	 iter
1296	 1.345429e-04	 1713	 iter
1297	 1.345429e-04	 1714	 iter
1298	 1.343945e-04	 1716	 iter
1299	 1.343945e-04	 1717	 iter
1300	 1.343945e-04	 1718	 iter
1301	 1.341819e-04	 1720	 iter
1302	 1.341819e-04	 1721	 iter
1303	 1.341819e-04	 1722	 iter
1304	 1.341819e-04	 1723	 iter
1305	 1.341819e-04	 1724	 iter
1306	 1.341819e-04	 1725	 iter
1307	 1.339341e-04	 1727	 iter
1308	 1.339341e-04	 1728	 iter
1309	 1.339341e-04	 1729	 iter
1310	 1.339341e-04	 1730	 iter
1311	 1.339341e-04	 1731	 iter
1312	 1.339341e-04	 1732	 iter
1313	 1.339341e-04	 1733	 iter
1314	 1.336371e-04	 1735	 iter
1315	 1.336371e-04	 1736	 iter
1316	 1.336371e-04	 1737	 iter
1317	 1.336371e-04	 1738	 iter
1318	 1.336371e-04	 1739	 iter
1319	 1.336371e-04	 1740	 iter
1320	 1.333832e-04	 1742	 iter
1321	 1.333832e-04	 1743	 iter
1322	 1.333832e-04	 1744	 iter
1323	 1.333832e-04	 1745	 iter
1324	 1.333832e-04	 1746	 iter
1325	 1.330307e-04	 1748	 iter
1326	 1.330307e-04	 1749	 iter
1327	 1.330307e-04	 1750	 iter
1328	 1.330307e-04	 1751	 iter
1329	 1.330307e-04	 1752	 iter
1330	 1.330307e-04	 1753	 iter
1331	 1.330307e-04	 1754	 iter
1332	 1.326179e-04	 1756	 iter
1333	 1.326179e-04	 1757	 iter
1334	 1.326179e-04	 1758	 iter
1335	 1.326179e-04	 1759	 iter
1336	 1.326179e-04	 1760	 iter
1337	 1.324650e-04	 1762	 iter
1338	 1.324650e-04	 1763	 iter
1339	 1.321558e-04	 1765	 iter
1340	 1.321558e-04	 1766	 iter
1341	 1.321558e-04	 1767	 iter
1342	 1.321558e-04	 1768	 iter
1343	 1.316618e-04	 1770	 iter
1344	 1.316618e-04	 1771	 iter
1345	 1.316618e-04	 1772	 iter
1346	 1.316618e-04	 1773	 iter
1347	 1.312024e-04	 1775	 iter
1348	 1.312024e-04	 1776	 iter
1349	 1.312024e-04	 1777	 iter
1350	 1.312024e-04	 1778	 iter
1351	 1.306997e-04	 1780	 iter
1352	 1.306997e-04	 1781	 iter
1353	 1.306997e-04	 1782	 iter
1354	 1.306997e-04	 1783	 iter
1355	 1.306997e-04	 1784	 iter
1356	 1.306997e-04	 1785	 iter
1357	 1.306997e-04	 1786	 iter
1358	 1.306997e-04	 1787	 iter
1359	 1.306997e-04	 1788	 iter
1360	 1.306997e-04	 1789	 iter
1361	 1.305536e-04	 1791	 iter
1362	 1.305536e-04	 1792	 iter
1363	 1.305434e-04	 1794	 iter
1364	 1.305434e-04	 1795	 iter
1365	 1.305434e-04	 1796	 iter
1366	 1.305434e-04	 1797	 iter
1367	 1.302231e-04	 1799	 iter
1368	 1.302231e-04	 1800	 iter
1369	 1.301120e-04	 1802	 iter
1370	 1.299775e-04	 1804	 iter
1371	 1.299775e-04	 1805	 iter
1372	 1.299775e-04	 1806	 iter
1373	 1.299775e-04	 1807	 iter
1374	 1.299775e-04	 1808	 iter
1375	 1.299775e-04	 1809	 iter
1376	 1.299775e-04	 1810	 iter
1377	 1.298431e-04	 1812	 iter
1378	 1.298431e-04	 1814	 iter
1379	 1.297741e-04	 1816	 iter
1380	 1.295926e-04	 1818	 iter
1381	 1.295926e-04	 1819	 iter
1382	 1.295926e-04	 1820	 iter
1383	 1.295926e-04	 1821	 iter
1384	 1.295926e-04	 1822	 iter
1385	 1.295926e-04	 1823	 iter
1386	 1.295926e-04	 1824	 iter
1387	 1.295926e-04	 1825	 iter
1388	 1.295926e-04	 1826	 iter
1389	 1.295926e-04	 1827	 iter
1390	 1.295926e-04	 1828	 iter
1391	 1.293883e-04	 1830	 iter
1392	 1.293883e-04	 1831	 iter
1393	 1.293883e-04	 1832	 iter
1394	 1.293883e-04	 1833	 iter
1395	 1.293883e-04	 1834	 iter
1396	 1.293883e-04	 1836	 iter
1397	 1.293883e-04	 1837	 iter
1398	 1.293883e-04	 1838	 iter
1399	 1.292470e-04	 1840	 iter
1400	 1.292470e-04	 1841	 iter
1401	 1.292104e-04	 1843	 iter
1402	 1.292104e-04	 1844	 iter
1403	 1.292104e-04	 1845	 iter
1404	 1.292104e-04	 1846	 iter
1405	 1.292104e-04	 1847	 iter
1406	 1.292104e-04	 1848	 iter
1407	 1.291501e-04	 1850	 iter
1408	 1.291501e-04	 1852	 iter
1409	 1.291501e-04	 1853	 iter
1410	 1.291501e-04	 1854	 iter
1411	 1.291501e-04	 1855	 iter
1412	 1.291501e-04	 1856	 iter
1413	 1.291501e-04	 1857	 iter
1414	 1.290309e-04	 1859	 iter
1415	 1.290309e-04	 1860	 iter
1416	 1.290309e-04	 1862	 iter
1417	 1.290301e-04	 1864	 iter
1418	 1.290137e-04	 1866	 iter
1419	 1.290137e-04	 1867	 iter
1420	 1.290137e-04	 1868	 iter
1421	 1.290137e-04	 1870	 iter
1422	 1.290137e-04	 1871	 iter
1423	 1.290137e-04	 1872	 iter
1424	 1.290137e-04	 1873	 iter
1425	 1.290137e-04	 1875	 iter
1426	 1.288501e-04	 1877	 iter
1427	 1.288501e-04	 1878	 iter
1428	 1.288501e-04	 1879	 iter
1429	 1.288501e-04	 1880	 iter
1430	 1.288501e-04	 1882	 iter
1431	 1.288501e-04	 1883	 iter
1432	 1.288501e-04	 1885	 iter
1433	 1.288501e-04	 1886	 iter
1434	 1.288501e-04	 1887	 iter
1435	 1.288501e-04	 1888	 iter
1436	 1.288501e-04	 1889	 iter
1437	 1.287787e-04	 1891	 iter
1438	 1.284911e-04	 1893	 iter
1439	 1.284911e-04	 1894	 iter
1440	 1.284911e-04	 1895	 iter
1441	 1.284911e-04	 1896	 iter
1442	 1.284911e-04	 1897	 iter
1443	 1.284911e-04	 1898	 iter
1444	 1.284911e-04	 1899	 iter
1445	 1.284911e-04	 1900	 iter
1446	 1.284911e-04	 1901	 iter
1447	 1.284911e-04	 1902	 iter
1448	 1.284911e-04	 1903	 iter
1449	 1.284911e-04	 1904	 iter
1450	 1.284911e-04	 1905	 iter
1451	 1.284911e-04	 1906	 iter
1452	 1.284911e-04	 1907	 iter
1453	 1.284911e-04	 1908	 iter
1454	 1.284911e-04	 1909	 iter
1455	 1.284911e-04	 1910	 iter
1456	 1.284911e-04	 1911	 iter
1457	 1.284628e-04	 1913	 iter
1458	 1.284628e-04	 1915	 iter
1459	 1.284106e-04	 1917	 iter
1460	 1.284106e-04	 1919	 iter
1461	 1.284106e-04	 1920	 iter
1462	 1.283140e-04	 1922	 iter
1463	 1.283140e-04	 1923	 iter
1464	 1.283140e-04	 1924	 iter
1465	 1.283140e-04	 1925	 iter
1466	 1.283140e-04	 1926	 iter
1467	 1.283140e-04	 1927	 iter
1468	 1.283140e-04	 1928	 iter
1469	 1.283140e-04	 1929	 iter
1470	 1.282215e-04	 1931	 iter
1471	 1.282215e-04	 1933	 iter
1472	 1.282215e-04	 1934	 iter
1473	 1.282215e-04	 1935	 iter
1474	 1.282215e-04	 1936	 iter
1475	 1.281018e-04	 1938	 iter
1476	 1.281018e-04	 1939	 iter
1477	 1.281018e-04	 1940	 iter
1478	 1.281018e-04	 1941	 iter
1479	 1.281000e-04	 1943	 iter
1480	 1.281000e-04	 1944	 iter
1481	 1.281000e-04	 1945	 iter
1482	 1.281000e-04	 1947	 iter
1483	 1.281000e-04	 1948	 iter
1484	 1.281000e-04	 1949	 iter
1485	 1.281000e-04	 1950	 iter
1486	 1.281000e-04	 1951	 iter
1487	 1.281000e-04	 1952	 iter
1488	 1.281000e-04	 1953	 iter
1489	 1.281000e-04	 1955	 iter
1490	 1.281000e-04	 1957	 iter
1491	 1.281000e-04	 1958	 iter
1492	 1.281000e-04	 1959	 iter
1493	 1.280835e-04	 1961	 iter
1494	 1.280236e-04	 1963	 iter
1495	 1.280236e-04	 1964	 iter
1496	 1.280099e-04	 1966	 iter
1497	 1.280099e-04	 1968	 iter
1498	 1.280099e-04	 1969	 iter
1499	 1.280099e-04	 1970	 iter
1500	 1.280099e-04	 1971	 iter
1501	 1.280099e-04	 1972	 iter
1502	 1.280099e-04	 1973	 iter
1503	 1.280099e-04	 1974	 iter
1504	 1.279519e-04	 1976	 iter
1505	 1.279519e-04	 1977	 iter
1506	 1.279328e-04	 1979	 iter
1507	 1.279328e-04	 1980	 iter
1508	 1.279328e-04	 1981	 iter
1509	 1.279328e-04	 1982	 iter
1510	 1.279328e-04	 1983	 iter
1511	 1.279328e-04	 1985	 iter
1512	 1.279328e-04	 1986	 iter
1513	 1.279328e-04	 1987	 iter
1514	 1.279328e-04	 1988	 iter
1515	 1.279328e-04	 1989	 iter
1516	 1.279328e-04	 1991	 iter
1517	 1.279328e-04	 1992	 iter
1518	 1.279302e-04	 1994	 iter
1519	 1.279302e-04	 1995	 iter
1520	 1.279281e-04	 1997	 iter
1521	 1.279281e-04	 1998	 iter
1522	 1.279281e-04	 2000	 iter
1523	 1.279281e-04	 2002	 iter
1524	 1.279281e-04	 2003	 iter
1525	 1.279172e-04	 2005	 iter
1526	 1.279172e-04	 2006	 iter
1527	 1.279172e-04	 2007	 iter
1528	 1.279113e-04	 2009	 iter
1529	 1.279073e-04	 2011	 iter
1530	 1.279073e-04	 2012	 iter
1531	 1.279073e-04	 2013	 iter
1532	 1.278865e-04	 2015	 iter
1533	 1.278865e-04	 2017	 iter
1534	 1.278865e-04	 2018	 iter
1535	 1.278865e-04	 2019	 iter
1536	 1.278865e-04	 2020	 iter
1537	 1.278865e-04	 2022	 iter
1538	 1.278865e-04	 2023	 iter
1539	 1.278855e-04	 2025	 iter
1540	 1.278836e-04	 2027	 iter
1541	 1.278836e-04	 2028	 iter
1542	 1.278802e-04	 2030	 iter
1543	 1.278459e-04	 2032	 iter
1544	 1.278459e-04	 2033	 iter
1545	 1.278459e-04	 2034	 iter
1546	 1.278459e-04	 2036	 iter
1547	 1.278459e-04	 2037	 iter
1548	 1.278459e-04	 2038	 iter
1549	 1.278459e-04	 2040	 iter
1550	 1.278459e-04	 2041	 iter
1551	 1.278357e-04	 2043	 iter
1552	 1.278357e-04	 2044	 iter
1553	 1.278357e-04	 2046	 iter
1554	 1.278357e-04	 2047	 iter
1555	 1.278357e-04	 2048	 iter
1556	 1.278357e-04	 2050	 iter
1557	 1.278357e-04	 2052	 iter
1558	 1.278357e-04	 2054	 iter
1559	 1.278357e-04	 2055	 iter
1560	 1.278357e-04	 2056	 iter
1561	 1.278357e-04	 2057	 iter
1562	 1.278357e-04	 2058	 iter
1563	 1.278357e-04	 2059	 iter
1564	 1.278357e-04	 2060	 iter
1565	 1.278357e-04	 2061	 iter
1566	 1.278357e-04	 2062	 iter
1567	 1.278357e-04	 2063	 iter
1568	 1.278357e-04	 2065	 iter
1569	 1.278357e-04	 2067	 iter
1570	 1.278357e-04	 2069	 iter
1571	 1.278357e-04	 2070	 iter
1572	 1.278357e-04	 2071	 iter
1573	 1.278357e-04	 2073	 iter
1574	 1.278310e-04	 2075	 iter
1575	 1.278310e-04	 2077	 iter
1576	 1.278232e-04	 2079	 iter
1577	 1.278232e-04	 2081	 iter
1578	 1.278232e-04	 2082	 iter
1579	 1.278232e-04	 2083	 iter
1580	 1.278151e-04	 2085	 iter
1581	 1.278151e-04	 2087	 iter
1582	 1.278151e-04	 2088	 iter
1583	 1.278151e-04	 2089	 iter
1584	 1.278151e-04	 2090	 iter
1585	 1.278151e-04	 2091	 iter
1586	 1.278124e-04	 2093	 iter
1587	 1.278124e-04	 2094	 iter
1588	 1.278124e-04	 2095	 iter
1589	 1.278038e-04	 2097	 iter
1590	 1.278038e-04	 2098	 iter
1591	 1.278038e-04	 2100	 iter
1592	 1.277984e-04	 2102	 iter
1593	 1.277984e-04	 2103	 iter
1594	 1.277984e-04	 2104	 iter
1595	 1.277984e-04	 2106	 iter
1596	 1.277984e-04	 2107	 iter
1597	 1.277984e-04	 2108	 iter
1598	 1.277984e-04	 2110	 iter
1599	 1.277984e-04	 2111	 iter
1600	 1.277984e-04	 2112	 iter
1601	 1.277984e-04	 2113	 iter
1602	 1.277979e-04	 2115	 iter
1603	 1.277968e-04	 2117	 iter
1604	 1.277968e-04	 2118	 iter
1605	 1.277968e-04	 2119	 iter
1606	 1.277968e-04	 2120	 iter
1607	 1.277968e-04	 2121	 iter
1608	 1.277926e-04	 2123	 iter
1609	 1.277926e-04	 2124	 iter
1610	 1.277926e-04	 2125	 iter
1611	 1.277926e-04	 2126	 iter
1612	 1.277926e-04	 2127	 iter
1613	 1.277926e-04	 2128	 iter
1614	 1.277926e-04	 2130	 iter
1615	 1.277926e-04	 2131	 iter
1616	 1.277926e-04	 2133	 iter
1617	 1.277883e-04	 2135	 iter
1618	 1.277883e-04	 2137	 iter
1619	 1.277883e-04	 2138	 iter
1620	 1.277883e-04	 2139	 iter
1621	 1.277864e-04	 2141	 iter
1622	 1.277864e-04	 2142	 iter
1623	 1.277864e-04	 2144	 iter
1624	 1.277864e-04	 2145	 iter
1625	 1.277864e-04	 2147	 iter
1626	 1.277864e-04	 2148	 iter
1627	 1.277810e-04	 2150	 iter
1628	 1.277810e-04	 2151	 iter
1629	 1.277810e-04	 2153	 iter
1630	 1.277810e-04	 2155	 iter
1631	 1.277810e-04	 2157	 iter
1632	 1.277810e-04	 2158	 iter
1633	 1.277810e-04	 2159	 iter
1634	 1.277810e-04	 2160	 iter
1635	 1.277810e-04	 2161	 iter
1636	 1.277810e-04	 2162	 iter
1637	 1.277810e-04	 2163	 iter
1638	 1.277810e-04	 2164	 iter
1639	 1.277704e-04	 2166	 iter
1640	 1.277704e-04	 2167	 iter
1641	 1.277704e-04	 2168	 iter
1642	 1.277704e-04	 2169	 iter
1643	 1.277704e-04	 2170	 iter
1644	 1.277704e-04	 2171	 iter
1645	 1.277704e-04	 2172	 iter
1646	 1.277696e-04	 2174	 iter
1647	 1.277696e-04	 2176	 iter
1648	 1.277696e-04	 2177	 iter
1649	 1.277696e-04	 2178	 iter
1650	 1.277696e-04	 2179	 iter
1651	 1.277696e-04	 2180	 iter
1652	 1.277676e-04	 2182	 iter
1653	 1.277676e-04	 2183	 iter
1654	 1.277665e-04	 2185	 iter
1655	 1.277665e-04	 2187	 iter
1656	 1.277665e-04	 2188	 iter
1657	 1.277665e-04	 2189	 iter
1658	 1.277665e-04	 2190	 iter
1659	 1.277665e-04	 2192	 iter
1660	 1.277618e-04	 2194	 iter
1661	 1.277618e-04	 2195	 iter
1662	 1.277618e-04	 2196	 iter
1663	 1.277618e-04	 2197	 iter
1664	 1.277618e-04	 2198	 iter
1665	 1.277618e-04	 2199	 iter
1666	 1.277618e-04	 2200	 iter
1667	 1.277618e-04	 2201	 iter
1668	 1.277618e-04	 2203	 iter
1669	 1.277618e-04	 2204	 iter
1670	 1.277618e-04	 2205	 iter
1671	 1.277618e-04	 2207	 iter
1672	 1.277596e-04	 2209	 iter
1673	 1.277593e-04	 2211	 iter
1674	 1.277593e-04	 2212	 iter
1675	 1.277593e-04	 2213	 iter
1676	 1.277593e-04	 2214	 iter
1677	 1.277593e-04	 2215	 iter
1678	 1.277593e-04	 2216	 iter
1679	 1.277593e-04	 2217	 iter
1680	 1.277593e-04	 2218	 iter
1681	 1.277593e-04	 2219	 iter
1682	 1.277593e-04	 2221	 iter
1683	 1.277593e-04	 2222	 iter
1684	 1.277593e-04	 2223	 iter
1685	 1.277550e-04	 2225	 iter
1686	 1.277550e-04	 2226	 iter
1687	 1.277548e-04	 2228	 iter
1688	 1.277548e-04	 2229	 iter
1689	 1.277548e-04	 2230	 iter
1690	 1.277523e-04	 2232	 iter
1691	 1.277523e-04	 2233	 iter
1692	 1.277523e-04	 2234	 iter
1693	 1.277523e-04	 2235	 iter
1694	 1.277523e-04	 2236	 iter
1695	 1.277523e-04	 2237	 iter
1696	 1.277523e-04	 2238	 iter
1697	 1.277523e-04	 2239	 iter
1698	 1.277523e-04	 2240	 iter
1699	 1.277523e-04	 2241	 iter
1700	 1.277523e-04	 2242	 iter
1701	 1.277523e-04	 2243	 iter
1702	 1.277508e-04	 2245	 iter
1703	 1.277481e-04	 2247	 iter
1704	 1.277481e-04	 2248	 iter
1705	 1.277481e-04	 2249	 iter
1706	 1.277481e-04	 2250	 iter
1707	 1.277481e-04	 2251	 iter
1708	 1.277481e-04	 2252	 iter
1709	 1.277481e-04	 2253	 iter
1710	 1.277481e-04	 2254	 iter
1711	 1.277476e-04	 2256	 iter
1712	 1.277476e-04	 2258	 iter
1713	 1.277476e-04	 2259	 iter
1714	 1.277476e-04	 2260	 iter
1715	 1.277476e-04	 2261	 iter
1716	 1.277476e-04	 2262	 iter
1717	 1.277476e-04	 2263	 iter
1718	 1.277476e-04	 2265	 iter
1719	 1.277453e-04	 2267	 iter
1720	 1.277453e-04	 2268	 iter
1721	 1.277453e-04	 2270	 iter
1722	 1.277453e-04	 2271	 iter
1723	 1.277453e-04	 2272	 iter
1724	 1.277453e-04	 2273	 iter
1725	 1.277453e-04	 2275	 iter
1726	 1.277453e-04	 2276	 iter
1727	 1.277453e-04	 2277	 iter
1728	 1.277453e-04	 2278	 iter
1729	 1.277453e-04	 2280	 iter
1730	 1.277453e-04	 2281	 iter
1731	 1.277453e-04	 2283	 iter
1732	 1.277453e-04	 2285	 iter
1733	 1.277453e-04	 2286	 iter
1734	 1.277453e-04	 2287	 iter
1735	 1.277440e-04	 2289	 iter
1736	 1.277414e-04	 2291	 iter
1737	 1.277414e-04	 2292	 iter
1738	 1.277414e-04	 2293	 iter
1739	 1.277414e-04	 2294	 iter
1740	 1.277414e-04	 2295	 iter
1741	 1.277414e-04	 2297	 iter
1742	 1.277414e-04	 2298	 iter
1743	 1.277414e-04	 2299	 iter
1744	 1.277414e-04	 2300	 iter
1745	 1.277414e-04	 2301	 iter
1746	 1.277406e-04	 2303	 iter
1747	 1.277375e-04	 2305	 iter
1748	 1.277375e-04	 2306	 iter
1749	 1.277375e-04	 2307	 iter
1750	 1.277375e-04	 2308	 iter
1751	 1.277375e-04	 2309	 iter
1752	 1.277374e-04	 2311	 iter
1753	 1.277374e-04	 2312	 iter
1754	 1.277374e-04	 2313	 iter
1755	 1.277374e-04	 2314	 iter
1756	 1.277305e-04	 2316	 iter
1757	 1.277305e-04	 2317	 iter
1758	 1.277305e-04	 2318	 iter
1759	 1.277305e-04	 2319	 iter
1760	 1.277305e-04	 2320	 iter
1761	 1.277305e-04	 2321	 iter
1762	 1.277305e-04	 2322	 iter
1763	 1.277305e-04	 2323	 iter
1764	 1.277305e-04	 2324	 iter
1765	 1.277305e-04	 2325	 iter
1766	 1.277305e-04	 2326	 iter
1767	 1.277302e-04	 2328	 iter
1768	 1.277302e-04	 2329	 iter
1769	 1.277302e-04	 2330	 iter
1770	 1.277182e-04	 2332	 iter
1771	 1.277182e-04	 2333	 iter
1772	 1.277182e-04	 2334	 iter
1773	 1.277182e-04	 2335	 iter
1774	 1.277182e-04	 2336	 iter
1775	 1.277182e-04	 2337	 iter
1776	 1.277182e-04	 2338	 iter
1777	 1.277182e-04	 2339	 iter
1778	 1.277182e-04	 2340	 iter
1779	 1.277182e-04	 2341	 iter
1780	 1.277182e-04	 2342	 iter
1781	 1.277182e-04	 2343	 iter
1782	 1.277182e-04	 2344	 iter
1783	 1.277182e-04	 2345	 iter
1784	 1.277182e-04	 2346	 iter
1785	 1.277136e-04	 2348	 iter
1786	 1.277080e-04	 2350	 iter
1787	 1.277080e-04	 2351	 iter
1788	 1.277080e-04	 2352	 iter
1789	 1.277080e-04	 2353	 iter
1790	 1.277080e-04	 2354	 iter
1791	 1.276988e-04	 2356	 iter
1792	 1.276988e-04	 2357	 iter
1793	 1.276988e-04	 2358	 iter
1794	 1.276988e-04	 2359	 iter
1795	 1.276888e-04	 2361	 iter
1796	 1.276888e-04	 2362	 iter
1797	 1.276888e-04	 2363	 iter
1798	 1.276888e-04	 2364	 iter
1799	 1.276888e-04	 2365	 iter
1800	 1.276888e-04	 2366	 iter
1801	 1.276816e-04	 2368	 iter
1802	 1.276816e-04	 2369	 iter
1803	 1.276816e-04	 2370	 iter
1804	 1.276816e-04	 2371	 iter
1805	 1.276816e-04	 2372	 iter
1806	 1.276673e-04	 2374	 iter
1807	 1.276673e-04	 2375	 iter
1808	 1.276673e-04	 2376	 iter
1809	 1.276673e-04	 2377	 iter
1810	 1.276528e-04	 2379	 iter
1811	 1.276528e-04	 2380	 iter
1812	 1.276528e-04	 2381	 iter
1813	 1.276528e-04	 2382	 iter
1814	 1.276528e-04	 2383	 iter
1815	 1.276350e-04	 2385	 iter
1816	 1.276350e-04	 2386	 iter
1817	 1.276350e-04	 2387	 iter
1818	 1.276350e-04	 2388	 iter
1819	 1.276350e-04	 2389	 iter
1820	 1.276128e-04	 2391	 iter
1821	 1.276128e-04	 2392	 iter
1822	 1.276128e-04	 2393	 iter
1823	 1.276128e-04	 2394	 iter
1824	 1.276128e-04	 2395	 iter
1825	 1.276128e-04	 2396	 iter
1826	 1.276128e-04	 2397	 iter
1827	 1.276128e-04	 2398	 iter
1828	 1.275887e-04	 2400	 iter
1829	 1.275887e-04	 2401	 iter
1830	 1.275887e-04	 2402	 iter
1831	 1.275617e-04	 2404	 iter
1832	 1.275617e-04	 2405	 iter
1833	 1.275617e-04	 2406	 iter
1834	 1.275617e-04	 2407	 iter
1835	 1.275617e-04	 2408	 iter
1836	 1.275617e-04	 2409	 iter
1837	 1.275617e-04	 2410	 iter
1838	 1.275617e-04	 2411	 iter
1839	 1.275617e-04	 2412	 iter
1840	 1.275617e-04	 2413	 iter
1841	 1.275206e-04	 2415	 iter
1842	 1.275206e-04	 2416	 iter
1843	 1.275206e-04	 2417	 iter
1844	 1.275206e-04	 2418	 iter
1845	 1.275206e-04	 2419	 iter
1846	 1.275206e-04	 2420	 iter
1847	 1.275206e-04	 2421	 iter
1848	 1.275206e-04	 2422	 iter
1849	 1.275206e-04	 2423	 iter
1850	 1.274950e-04	 2425	 iter
1851	 1.274950e-04	 2426	 iter
1852	 1.274950e-04	 2427	 iter
1853	 1.274950e-04	 2428	 iter
1854	 1.274950e-04	 2429	 iter
1855	 1.274950e-04	 2430	 iter
1856	 1.274950e-04	 2431	 iter
1857	 1.274950e-04	 2432	 iter
1858	 1.274833e-04	 2434	 iter
1859	 1.274740e-04	 2436	 iter
1860	 1.274740e-04	 2437	 iter
1861	 1.274571e-04	 2439	 iter
1862	 1.274571e-04	 2440	 iter
1863	 1.274392e-04	 2442	 iter
1864	 1.274392e-04	 2443	 iter
1865	 1.274392e-04	 2444	 iter
1866	 1.274392e-04	 2445	 iter
1867	 1.274392e-04	 2446	 iter
1868	 1.274392e-04	 2447	 iter
1869	 1.274050e-04	 2449	 iter
1870	 1.274050e-04	 2450	 iter
1871	 1.274050e-04	 2451	 iter
1872	 1.274050e-04	 2452	 iter
1873	 1.274050e-04	 2453	 iter
1874	 1.274050e-04	 2454	 iter
1875	 1.274050e-04	 2455	 iter
1876	 1.274050e-04	 2456	 iter
1877	 1.273586e-04	 2458	 iter
1878	 1.273586e-04	 2459	 iter
1879	 1.273586e-04	 2460	 iter
1880	 1.273586e-04	 2461	 iter
1881	 1.273586e-04	 2462	 iter
1882	 1.273113e-04	 2464	 iter
1883	 1.273113e-04	 2465	 iter
1884	 1.273113e-04	 2466	 iter
1885	 1.273113e-04	 2467	 iter
1886	 1.273113e-04	 2468	 iter
1887	 1.273113e-04	 2469	 iter
1888	 1.273113e-04	 2470	 iter
1889	 1.273113e-04	 2471	 iter
1890	 1.273113e-04	 2472	 iter
1891	 1.273113e-04	 2473	 iter
1892	 1.273113e-04	 2474	 iter
1893	 1.273113e-04	 2475	 iter
1894	 1.273113e-04	 2476	 iter
1895	 1.273050e-04	 2478	 iter
1896	 1.272884e-04	 2480	 iter
1897	 1.272884e-04	 2481	 iter
1898	 1.272884e-04	 2482	 iter
1899	 1.272384e-04	 2484	 iter
1900	 1.272384e-04	 2485	 iter
1901	 1.272384e-04	 2486	 iter
1902	 1.272384e-04	 2487	 iter
1903	 1.272384e-04	 2488	 iter
1904	 1.272384e-04	 2489	 iter
1905	 1.271919e-04	 2491	 iter
1906	 1.271919e-04	 2492	 iter
1907	 1.271919e-04	 2493	 iter
1908	 1.271919e-04	 2494	 iter
1909	 1.271919e-04	 2495	 iter
1910	 1.271919e-04	 2496	 iter
1911	 1.271919e-04	 2497	 iter
1912	 1.271919e-04	 2498	 iter
1913	 1.271919e-04	 2499	 iter
1914	 1.271851e-04	 2501	 iter
1915	 1.271836e-04	 2503	 iter
1916	 1.271767e-04	 2505	 iter
1917	 1.271767e-04	 2506	 iter
1918	 1.271447e-04	 2508	 iter
1919	 1.271447e-04	 2509	 iter
1920	 1.271447e-04	 2510	 iter
1921	 1.271447e-04	 2511	 iter
1922	 1.271326e-04	 2513	 iter
1923	 1.271326e-04	 2514	 iter
1924	 1.271326e-04	 2515	 iter
1925	 1.271272e-04	 2517	 iter
1926	 1.271272e-04	 2518	 iter
1927	 1.271272e-04	 2519	 iter
1928	 1.271272e-04	 2520	 iter
1929	 1.270848e-04	 2522	 iter
1930	 1.270354e-04	 2524	 iter
1931	 1.270354e-04	 2525	 iter
1932	 1.270354e-04	 2526	 iter
1933	 1.270354e-04	 2527	 iter
1934	 1.270354e-04	 2528	 iter
1935	 1.270354e-04	 2529	 iter
1936	 1.270354e-04	 2530	 iter
1937	 1.270354e-04	 2531	 iter
1938	 1.270354e-04	 2532	 iter
1939	 1.270354e-04	 2533	 iter
1940	 1.270354e-04	 2534	 iter
1941	 1.270354e-04	 2535	 iter
1942	 1.270354e-04	 2536	 iter
1943	 1.270354e-04	 2537	 iter
1944	 1.270297e-04	 2539	 iter
1945	 1.270297e-04	 2540	 iter
1946	 1.270170e-04	 2542	 iter
1947	 1.270170e-04	 2543	 iter
1948	 1.270170e-04	 2544	 iter
1949	 1.270170e-04	 2546	 iter
1950	 1.270170e-04	 2547	 iter
1951	 1.270170e-04	 2548	 iter
1952	 1.270170e-04	 2549	 iter
1953	 1.269916e-04	 2551	 iter
1954	 1.269916e-04	 2552	 iter
1955	 1.269916e-04	 2553	 iter
1956	 1.269916e-04	 2554	 iter
1957	 1.269916e-04	 2555	 iter
1958	 1.269916e-04	 2557	 iter
1959	 1.269916e-04	 2558	 iter
1960	 1.269773e-04	 2560	 iter
1961	 1.269773e-04	 2561	 iter
1962	 1.269717e-04	 2563	 iter
1963	 1.269717e-04	 2564	 iter
1964	 1.269717e-04	 2566	 iter
1965	 1.269717e-04	 2567	 iter
1966	 1.269717e-04	 2568	 iter
1967	 1.269679e-04	 2570	 iter
1968	 1.269679e-04	 2572	 iter
1969	 1.269679e-04	 2573	 iter
1970	 1.269679e-04	 2574	 iter
1971	 1.269679e-04	 2576	 iter
1972	 1.269679e-04	 2577	 iter
1973	 1.269463e-04	 2579	 iter
1974	 1.269463e-04	 2580	 iter
1975	 1.269463e-04	 2581	 iter
1976	 1.269463e-04	 2582	 iter
1977	 1.269463e-04	 2583	 iter
1978	 1.269463e-04	 2584	 iter
1979	 1.269463e-04	 2585	 iter
1980	 1.269463e-04	 2586	 iter
1981	 1.269383e-04	 2588	 iter
1982	 1.269383e-04	 2589	 iter
1983	 1.269383e-04	 2590	 iter
1984	 1.269383e-04	 2591	 iter
1985	 1.269340e-04	 2593	 iter
1986	 1.269284e-04	 2595	 iter
1987	 1.268834e-04	 2597	 iter
1988	 1.268834e-04	 2598	 iter
1989	 1.268834e-04	 2599	 iter
1990	 1.268834e-04	 2600	 iter
1991	 1.268834e-04	 2601	 iter
1992	 1.268834e-04	 2602	 iter
1993	 1.268834e-04	 2603	 iter
1994	 1.268834e-04	 2604	 iter
1995	 1.268834e-04	 2605	 iter
1996	 1.268834e-04	 2606	 iter
1997	 1.268834e-04	 2607	 iter
1998	 1.268834e-04	 2608	 iter
1999	 1.268834e-04	 2609	 iter
2000	 1.268834e-04	 2610	 iter
2001	 1.268834e-04	 2611	 iter
2002	 1.268794e-04	 2613	 iter
2003	 1.268794e-04	 2614	 iter
2004	 1.268794e-04	 2615	 iter
2005	 1.268794e-04	 2616	 iter
2006	 1.268763e-04	 2618	 iter
2007	 1.268763e-04	 2619	 iter
2008	 1.268754e-04	 2621	 iter
2009	 1.268681e-04	 2623	 iter
2010	 1.268681e-04	 2624	 iter
2011	 1.268580e-04	 2626	 iter
2012	 1.268580e-04	 2627	 iter
2013	 1.268580e-04	 2628	 iter
2014	 1.268554e-04	 2630	 iter
2015	 1.268554e-04	 2631	 iter
2016	 1.268554e-04	 2632	 iter
2017	 1.268554e-04	 2633	 iter
2018	 1.268475e-04	 2635	 iter
2019	 1.268475e-04	 2636	 iter
2020	 1.268475e-04	 2637	 iter
2021	 1.268460e-04	 2639	 iter
2022	 1.268460e-04	 2640	 iter
2023	 1.268460e-04	 2641	 iter
2024	 1.268460e-04	 2642	 iter
2025	 1.268460e-04	 2644	 iter
2026	 1.268460e-04	 2646	 iter
2027	 1.268215e-04	 2648	 iter
2028	 1.268215e-04	 2649	 iter
2029	 1.268215e-04	 2650	 iter
2030	 1.268215e-04	 2651	 iter
2031	 1.268215e-04	 2652	 iter
2032	 1.268215e-04	 2653	 iter
2033	 1.268215e-04	 2654	 iter
2034	 1.268215e-04	 2655	 iter
2035	 1.268076e-04	 2657	 iter
2036	 1.268076e-04	 2658	 iter
2037	 1.268076e-04	 2659	 iter
2038	 1.267966e-04	 2661	 iter
2039	 1.267966e-04	 2662	 iter
2040	 1.267849e-04	 2664	 iter
2041	 1.267849e-04	 2665	 iter
2042	 1.267849e-04	 2666	 iter
2043	 1.267849e-04	 2667	 iter
2044	 1.267849e-04	 2668	 iter
2045	 1.267849e-04	 2669	 iter
2046	 1.267849e-04	 2670	 iter
2047	 1.267849e-04	 2671	 iter
2048	 1.267849e-04	 2672	 iter
2049	 1.267849e-04	 2673	 iter
2050	 1.267802e-04	 2675	 iter
2051	 1.267802e-04	 2676	 iter
2052	 1.267569e-04	 2678	 iter
2053	 1.267569e-04	 2679	 iter
2054	 1.267569e-04	 2680	 iter
2055	 1.267569e-04	 2681	 iter
2056	 1.267569e-04	 2682	 iter
2057	 1.267569e-04	 2683	 iter
2058	 1.267569e-04	 2684	 iter
2059	 1.267569e-04	 2685	 iter
2060	 1.267569e-04	 2686	 iter
2061	 1.267569e-04	 2687	 iter
2062	 1.267569e-04	 2689	 iter
2063	 1.267569e-04	 2690	 iter
2064	 1.267569e-04	 2691	 iter
2065	 1.267544e-04	 2693	 iter
2066	 1.267544e-04	 2694	 iter
2067	 1.267544e-04	 2695	 iter
2068	 1.267544e-04	 2697	 iter
2069	 1.267544e-04	 2698	 iter
2070	 1.267544e-04	 2699	 iter
2071	 1.267544e-04	 2700	 iter
2072	 1.267544e-04	 2702	 iter
2073	 1.267544e-04	 2703	 iter
2074	 1.267494e-04	 2705	 iter
2075	 1.267494e-04	 2706	 iter
2076	 1.267494e-04	 2707	 iter
2077	 1.267494e-04	 2709	 iter
2078	 1.267494e-04	 2711	 iter
2079	 1.267494e-04	 2712	 iter
2080	 1.267494e-04	 2713	 iter
2081	 1.267494e-04	 2714	 iter
2082	 1.267494e-04	 2715	 iter
2083	 1.267494e-04	 2717	 iter
2084	 1.267494e-04	 2718	 iter
2085	 1.267494e-04	 2720	 iter
2086	 1.267494e-04	 2721	 iter
2087	 1.267494e-04	 2723	 iter
2088	 1.267494e-04	 2725	 iter
2089	 1.267464e-04	 2727	 iter
2090	 1.267464e-04	 2728	 iter
2091	 1.267464e-04	 2729	 iter
2092	 1.267464e-04	 2730	 iter
2093	 1.267464e-04	 2732	 iter
2094	 1.267464e-04	 2734	 iter
2095	 1.267408e-04	 2736	 iter
2096	 1.267408e-04	 2737	 iter
2097	 1.267408e-04	 2738	 iter
2098	 1.267408e-04	 2739	 iter
2099	 1.267408e-04	 2741	 iter
2100	 1.267408e-04	 2742	 iter
2101	 1.267408e-04	 2743	 iter
2102	 1.267408e-04	 2745	 iter
2103	 1.267375e-04	 2747	 iter
2104	 1.267347e-04	 2749	 iter
2105	 1.267339e-04	 2751	 iter
2106	 1.267339e-04	 2753	 iter
2107	 1.267339e-04	 2754	 iter
2108	 1.267339e-04	 2756	 iter
2109	 1.267339e-04	 2757	 iter
2110	 1.267336e-04	 2759	 iter
2111	 1.267336e-04	 2760	 iter
2112	 1.267336e-04	 2762	 iter
2113	 1.267336e-04	 2763	 iter
2114	 1.267336e-04	 2764	 iter
2115	 1.267311e-04	 2766	 iter
2116	 1.267311e-04	 2767	 iter
2117	 1.267311e-04	 2768	 iter
2118	 1.267311e-04	 2770	 iter
2119	 1.267311e-04	 2771	 iter
2120	 1.267311e-04	 2773	 iter
2121	 1.267311e-04	 2774	 iter
2122	 1.267311e-04	 2775	 iter
2123	 1.267311e-04	 2777	 iter
2124	 1.267311e-04	 2778	 iter
2125	 1.267311e-04	 2779	 iter
2126	 1.267311e-04	 2780	 iter
2127	 1.267311e-04	 2782	 iter
2128	 1.267291e-04	 2784	 iter
2129	 1.267291e-04	 2786	 iter
2130	 1.267291e-04	 2787	 iter
2131	 1.267291e-04	 2789	 iter
2132	 1.267291e-04	 2790	 iter
2133	 1.267291e-04	 2791	 iter
2134	 1.267291e-04	 2793	 iter
2135	 1.267291e-04	 2794	 iter
2136	 1.267291e-04	 2795	 iter
2137	 1.267291e-04	 2796	 iter
2138	 1.267291e-04	 2798	 iter
2139	 1.267291e-04	 2800	 iter
2140	 1.267291e-04	 2802	 iter
2141	 1.267291e-04	 2803	 iter
2142	 1.267291e-04	 2805	 iter
2143	 1.267291e-04	 2806	 iter
2144	 1.267291e-04	 2807	 iter
2145	 1.267289e-04	 2809	 iter
2146	 1.267288e-04	 2811	 iter
2147	 1.267288e-04	 2812	 iter
2148	 1.267286e-04	 2814	 iter
2149	 1.267286e-04	 2816	 iter
2150	 1.267285e-04	 2818	 iter
2151	 1.267285e-04	 2820	 iter
2152	 1.267285e-04	 2821	 iter
2153	 1.267274e-04	 2823	 iter
2154	 1.267274e-04	 2825	 iter
2155	 1.267274e-04	 2827	 iter
2156	 1.267274e-04	 2828	 iter
2157	 1.267274e-04	 2829	 iter
2158	 1.267274e-04	 2830	 iter
2159	 1.267274e-04	 2831	 iter
2160	 1.267274e-04	 2832	 iter
2161	 1.267274e-04	 2833	 iter
2162	 1.267274e-04	 2835	 iter
2163	 1.267274e-04	 2837	 iter
2164	 1.267274e-04	 2839	 iter
2165	 1.267274e-04	 2841	 iter
2166	 1.267274e-04	 2843	 iter
2167	 1.267274e-04	 2844	 iter
2168	 1.267274e-04	 2845	 iter
2169	 1.267274e-04	 2847	 iter
2170	 1.267272e-04	 2849	 iter
2171	 1.267272e-04	 2850	 iter
2172	 1.267272e-04	 2851	 iter
2173	 1.267272e-04	 2852	 iter
2174	 1.267272e-04	 2854	 iter
2175	 1.267272e-04	 2856	 iter
2176	 1.267272e-04	 2858	 iter
2177	 1.267272e-04	 2860	 iter
2178	 1.267272e-04	 2861	 iter
2179	 1.267272e-04	 2862	 iter
2180	 1.267272e-04	 2864	 iter
2181	 1.267270e-04	 2866	 iter
2182	 1.267270e-04	 2867	 iter
2183	 1.267270e-04	 2868	 iter
2184	 1.267270e-04	 2869	 iter
2185	 1.267270e-04	 2870	 iter
2186	 1.267270e-04	 2871	 iter
2187	 1.267270e-04	 2872	 iter
2188	 1.267270e-04	 2873	 iter
2189	 1.267270e-04	 2875	 iter
2190	 1.267270e-04	 2876	 iter
2191	 1.267270e-04	 2877	 iter
2192	 1.267268e-04	 2879	 iter
2193	 1.267268e-04	 2880	 iter
2194	 1.267268e-04	 2881	 iter
2195	 1.267268e-04	 2882	 iter
2196	 1.267268e-04	 2883	 iter
2197	 1.267268e-04	 2885	 iter
2198	 1.267268e-04	 2886	 iter
2199	 1.267268e-04	 2887	 iter
2200	 1.267268e-04	 2889	 iter
2201	 1.267268e-04	 2890	 iter
2202	 1.267268e-04	 2891	 iter
2203	 1.267268e-04	 2892	 iter
2204	 1.267268e-04	 2893	 iter
2205	 1.267268e-04	 2895	 iter
2206	 1.267268e-04	 2897	 iter
2207	 1.267268e-04	 2899	 iter
2208	 1.267268e-04	 2901	 iter
2209	 1.267268e-04	 2903	 iter
2210	 1.267268e-04	 2905	 iter
2211	 1.267268e-04	 2906	 iter
2212	 1.267268e-04	 2908	 iter
2213	 1.267268e-04	 2910	 iter
2214	 1.267268e-04	 2912	 iter
2215	 1.267268e-04	 2914	 iter
2216	 1.267268e-04	 2915	 iter
2217	 1.267268e-04	 2917	 iter
2218	 1.267268e-04	 2919	 iter
2219	 1.267268e-04	 2920	 iter
2220	 1.267268e-04	 2922	 iter
2221	 1.267268e-04	 2923	 iter
2222	 1.267268e-04	 2925	 iter
2223	 1.267268e-04	 2927	 iter
2224	 1.267268e-04	 2928	 iter
2225	 1.267268e-04	 2929	 iter
2226	 1.267267e-04	 2931	 iter
2227	 1.267267e-04	 2932	 iter
2228	 1.267267e-04	 2934	 iter
2229	 1.267267e-04	 2935	 iter
2230	 1.267267e-04	 2936	 iter
2231	 1.267267e-04	 2937	 iter
2232	 1.267267e-04	 2939	 iter
2233	 1.267267e-04	 2941	 iter
2234	 1.267267e-04	 2943	 iter
2235	 1.267267e-04	 2944	 iter
2236	 1.267267e-04	 2945	 iter
2237	 1.267267e-04	 2946	 iter
2238	 1.267267e-04	 2948	 iter
2239	 1.267267e-04	 2950	 iter
2240	 1.267267e-04	 2952	 iter
2241	 1.267267e-04	 2954	 iter
2242	 1.267267e-04	 2956	 iter
2243	 1.267267e-04	 2958	 iter
2244	 1.267267e-04	 2960	 iter
2245	 1.267267e-04	 2962	 iter
2246	 1.267267e-04	 2963	 iter
2247	 1.267267e-04	 2965	 iter
2248	 1.267267e-04	 2967	 iter
2249	 1.267267e-04	 2969	 iter
2250	 1.267267e-04	 2971	 iter
2251	 1.267267e-04	 2973	 iter
2252	 1.267267e-04	 2975	 iter
2253	 1.267267e-04	 2976	 iter
2254	 1.267267e-04	 2978	 iter
2255	 1.267267e-04	 2980	 iter
2256	 1.267267e-04	 2981	 iter
2257	 1.267267e-04	 2983	 iter
2258	 1.267267e-04	 2985	 iter
2259	 1.267267e-04	 2986	 iter
2260	 1.267267e-04	 2987	 iter
2261	 1.267267e-04	 2988	 iter
2262	 1.267267e-04	 2990	 iter
2263	 1.267266e-04	 2992	 iter
2264	 1.267266e-04	 2994	 iter
2265	 1.267266e-04	 2996	 iter
2266	 1.267266e-04	 2997	 iter
2267	 1.267266e-04	 2998	 iter
2268	 1.267266e-04	 2999	 iter
2269	 1.267266e-04	 3000	 iter
2270	 1.267266e-04	 3001	 iter
2271	 1.267266e-04	 3002	 iter
2272	 1.267266e-04	 3003	 iter
2273	 1.267266e-04	 3004	 iter
2274	 1.267266e-04	 3005	 iter
2275	 1.267266e-04	 3007	 iter
2276	 1.267266e-04	 3008	 iter
2277	 1.267266e-04	 3009	 iter
2278	 1.267266e-04	 3011	 iter
2279	 1.267266e-04	 3012	 iter
2280	 1.267266e-04	 3013	 iter
2281	 1.267266e-04	 3015	 iter
2282	 1.267266e-04	 3017	 iter
2283	 1.267266e-04	 3018	 iter
2284	 1.267266e-04	 3019	 iter
2285	 1.267266e-04	 3020	 iter
2286	 1.267266e-04	 3022	 iter
2287	 1.267265e-04	 3024	 iter
2288	 1.267265e-04	 3025	 iter
2289	 1.267265e-04	 3026	 iter
2290	 1.267265e-04	 3027	 iter
2291	 1.267265e-04	 3028	 iter
2292	 1.267265e-04	 3029	 iter
2293	 1.267265e-04	 3030	 iter
2294	 1.267265e-04	 3031	 iter
2295	 1.267265e-04	 3033	 iter
2296	 1.267265e-04	 3034	 iter
2297	 1.267265e-04	 3035	 iter
2298	 1.267265e-04	 3036	 iter
2299	 1.267265e-04	 3037	 iter
2300	 1.267264e-04	 3039	 iter
2301	 1.267264e-04	 3040	 iter
2302	 1.267264e-04	 3041	 iter
2303	 1.267264e-04	 3042	 iter
2304	 1.267264e-04	 3043	 iter
2305	 1.267264e-04	 3044	 iter
2306	 1.267264e-04	 3046	 iter
2307	 1.267264e-04	 3047	 iter
2308	 1.267264e-04	 3049	 iter
2309	 1.267264e-04	 3051	 iter
2310	 1.267264e-04	 3052	 iter
2311	 1.267264e-04	 3053	 iter
2312	 1.267263e-04	 3055	 iter
2313	 1.267263e-04	 3056	 iter
2314	 1.267263e-04	 3057	 iter
2315	 1.267263e-04	 3058	 iter
2316	 1.267263e-04	 3059	 iter
2317	 1.267263e-04	 3060	 iter
2318	 1.267263e-04	 3061	 iter
2319	 1.267262e-04	 3063	 iter
2320	 1.267262e-04	 3064	 iter
2321	 1.267262e-04	 3065	 iter
2322	 1.267262e-04	 3066	 iter
2323	 1.267262e-04	 3067	 iter
2324	 1.267262e-04	 3068	 iter
2325	 1.267262e-04	 3069	 iter
2326	 1.267262e-04	 3071	 iter
2327	 1.267262e-04	 3073	 iter
2328	 1.267261e-04	 3075	 iter
2329	 1.267260e-04	 3077	 iter
2330	 1.267260e-04	 3078	 iter
2331	 1.267260e-04	 3079	 iter
2332	 1.267260e-04	 3080	 iter
2333	 1.267260e-04	 3081	 iter
2334	 1.267260e-04	 3082	 iter
2335	 1.267260e-04	 3083	 iter
2336	 1.267260e-04	 3084	 iter
2337	 1.267260e-04	 3085	 iter
2338	 1.267259e-04	 3087	 iter
2339	 1.267259e-04	 3088	 iter
2340	 1.267259e-04	 3090	 iter
2341	 1.267259e-04	 3091	 iter
2342	 1.267259e-04	 3092	 iter
2343	 1.267258e-04	 3094	 iter
2344	 1.267257e-04	 3096	 iter
2345	 1.267257e-04	 3097	 iter
2346	 1.267257e-04	 3098	 iter
2347	 1.267256e-04	 3100	 iter
2348	 1.267256e-04	 3101	 iter
2349	 1.267256e-04	 3102	 iter
2350	 1.267256e-04	 3104	 iter
2351	 1.267256e-04	 3106	 iter
2352	 1.267252e-04	 3108	 iter
2353	 1.267252e-04	 3109	 iter
2354	 1.267252e-04	 3110	 iter
2355	 1.267252e-04	 3111	 iter
2356	 1.267252e-04	 3112	 iter
2357	 1.267252e-04	 3113	 iter
2358	 1.267252e-04	 3114	 iter
2359	 1.267251e-04	 3116	 iter
2360	 1.267251e-04	 3117	 iter
2361	 1.267251e-04	 3118	 iter
2362	 1.267250e-04	 3120	 iter
2363	 1.267250e-04	 3121	 iter
2364	 1.267246e-04	 3123	 iter
2365	 1.267246e-04	 3124	 iter
2366	 1.267246e-04	 3125	 iter
2367	 1.267246e-04	 3126	 iter
2368	 1.267246e-04	 3127	 iter
2369	 1.267246e-04	 3128	 iter
2370	 1.267246e-04	 3129	 iter
2371	 1.267244e-04	 3131	 iter
2372	 1.267244e-04	 3132	 iter
2373	 1.267244e-04	 3133	 iter
2374	 1.267244e-04	 3134	 iter
2375	 1.267244e-04	 3135	 iter
2376	 1.267244e-04	 3136	 iter
2377	 1.267244e-04	 3137	 iter
2378	 1.267244e-04	 3138	 iter
2379	 1.267244e-04	 3139	 iter
2380	 1.267244e-04	 3140	 iter
2381	 1.267236e-04	 3142	 iter
2382	 1.267236e-04	 3143	 iter
2383	 1.267236e-04	 3144	 iter
2384	 1.267236e-04	 3145	 iter
2385	 1.267236e-04	 3146	 iter
2386	 1.267236e-04	 3147	 iter
2387	 1.267236e-04	 3148	 iter
2388	 1.267236e-04	 3149	 iter
2389	 1.267236e-04	 3150	 iter
2390	 1.267236e-04	 3151	 iter
2391	 1.267236e-04	 3152	 iter
2392	 1.267236e-04	 3153	 iter
2393	 1.267236e-04	 3154	 iter
2394	 1.267236e-04	 3155	 iter
2395	 1.267236e-04	 3156	 iter
2396	 1.267236e-04	 3157	 iter
2397	 1.267236e-04	 3158	 iter
2398	 1.267236e-04	 3159	 iter
2399	 1.267236e-04	 3160	 iter
2400	 1.267236e-04	 3161	 iter
2401	 1.267236e-04	 3162	 iter
2402	 1.267233e-04	 3164	 iter
2403	 1.267233e-04	 3165	 iter
2404	 1.267233e-04	 3166	 iter
2405	 1.267233e-04	 3167	 iter
2406	 1.267233e-04	 3168	 iter
2407	 1.267233e-04	 3169	 iter
2408	 1.267233e-04	 3170	 iter
2409	 1.267233e-04	 3171	 iter
2410	 1.267233e-04	 3172	 iter
2411	 1.267233e-04	 3173	 iter
2412	 1.267233e-04	 3174	 iter
2413	 1.267226e-04	 3176	 iter
2414	 1.267226e-04	 3177	 iter
2415	 1.267226e-04	 3178	 iter
2416	 1.267226e-04	 3179	 iter
2417	 1.267226e-04	 3180	 iter
2418	 1.267226e-04	 3181	 iter
2419	 1.267226e-04	 3182	 iter
2420	 1.267226e-04	 3183	 iter
2421	 1.267226e-04	 3184	 iter
2422	 1.267218e-04	 3186	 iter
2423	 1.267218e-04	 3187	 iter
2424	 1.267218e-04	 3188	 iter
2425	 1.267218e-04	 3189	 iter
2426	 1.267218e-04	 3190	 iter
2427	 1.267218e-04	 3191	 iter
2428	 1.267218e-04	 3192	 iter
2429	 1.267218e-04	 3193	 iter
2430	 1.267218e-04	 3194	 iter
2431	 1.267218e-04	 3195	 iter
2432	 1.267212e-04	 3197	 iter
2433	 1.267212e-04	 3198	 iter
2434	 1.267212e-04	 3199	 iter
2435	 1.267212e-04	 3200	 iter
2436	 1.267212e-04	 3201	 iter
2437	 1.267212e-04	 3202	 iter
2438	 1.267212e-04	 3203	 iter
2439	 1.267210e-04	 3205	 iter
2440	 1.267210e-04	 3206	 iter
2441	 1.267210e-04	 3208	 iter
2442	 1.267210e-04	 3209	 iter
2443	 1.267203e-04	 3211	 iter
2444	 1.267203e-04	 3212	 iter
2445	 1.267199e-04	 3214	 iter
2446	 1.267199e-04	 3215	 iter
2447	 1.267199e-04	 3216	 iter
2448	 1.267192e-04	 3218	 iter
2449	 1.267192e-04	 3219	 iter
2450	 1.267192e-04	 3220	 iter
2451	 1.267192e-04	 3221	 iter
2452	 1.267192e-04	 3222	 iter
2453	 1.267180e-04	 3224	 iter
2454	 1.267180e-04	 3225	 iter
2455	 1.267180e-04	 3226	 iter
2456	 1.267180e-04	 3227	 iter
2457	 1.267180e-04	 3228	 iter
2458	 1.267180e-04	 3229	 iter
2459	 1.267173e-04	 3231	 iter
2460	 1.267173e-04	 3232	 iter
2461	 1.267173e-04	 3233	 iter
2462	 1.267173e-04	 3234	 iter
2463	 1.267173e-04	 3235	 iter
2464	 1.267161e-04	 3237	 iter
2465	 1.267161e-04	 3238	 iter
2466	 1.267161e-04	 3239	 iter
2467	 1.267161e-04	 3240	 iter
2468	 1.267161e-04	 3241	 iter
2469	 1.267153e-04	 3243	 iter
2470	 1.267153e-04	 3244	 iter
2471	 1.267142e-04	 3246	 iter
2472	 1.267142e-04	 3247	 iter
2473	 1.267142e-04	 3248	 iter
2474	 1.267142e-04	 3249	 iter
2475	 1.267142e-04	 3250	 iter
2476	 1.267142e-04	 3251	 iter
2477	 1.267142e-04	 3252	 iter
2478	 1.267142e-04	 3253	 iter
2479	 1.267116e-04	 3255	 iter
2480	 1.267116e-04	 3256	 iter
2481	 1.267116e-04	 3257	 iter
2482	 1.267116e-04	 3258	 iter
2483	 1.267116e-04	 3259	 iter
2484	 1.267116e-04	 3260	 iter
2485	 1.267116e-04	 3261	 iter
2486	 1.267116e-04	 3262	 iter
2487	 1.267096e-04	 3264	 iter
2488	 1.267096e-04	 3265	 iter
2489	 1.267096e-04	 3266	 iter
2490	 1.267096e-04	 3267	 iter
2491	 1.267096e-04	 3268	 iter
2492	 1.267085e-04	 3270	 iter
2493	 1.267059e-04	 3272	 iter
2494	 1.267059e-04	 3273	 iter
2495	 1.267059e-04	 3274	 iter
2496	 1.267059e-04	 3275	 iter
2497	 1.267059e-04	 3276	 iter
2498	 1.267059e-04	 3277	 iter
2499	 1.267059e-04	 3278	 iter
2500	 1.267059e-04	 3279	 iter
2501	 1.267059e-04	 3280	 iter
2502	 1.267059e-04	 3281	 iter
2503	 1.267038e-04	 3283	 iter
2504	 1.267038e-04	 3284	 iter
2505	 1.267038e-04	 3285	 iter
2506	 1.267038e-04	 3286	 iter
2507	 1.267001e-04	 3288	 iter
2508	 1.267001e-04	 3289	 iter
2509	 1.267001e-04	 3290	 iter
2510	 1.267001e-04	 3291	 iter
2511	 1.267001e-04	 3292	 iter
2512	 1.267001e-04	 3293	 iter
2513	 1.267001e-04	 3294	 iter
2514	 1.267001e-04	 3295	 iter
2515	 1.267001e-04	 3296	 iter
2516	 1.266959e-04	 3298	 iter
2517	 1.266959e-04	 3299	 iter
2518	 1.266959e-04	 3300	 iter
2519	 1.266959e-04	 3301	 iter
2520	 1.266959e-04	 3302	 iter
2521	 1.266959e-04	 3303	 iter
2522	 1.266959e-04	 3304	 iter
2523	 1.266922e-04	 3306	 iter
2524	 1.266922e-04	 3307	 iter
2525	 1.266922e-04	 3308	 iter
2526	 1.266922e-04	 3309	 iter
2527	 1.266922e-04	 3310	 iter
2528	 1.266922e-04	 3311	 iter
2529	 1.266922e-04	 3312	 iter
2530	 1.266922e-04	 3313	 iter
2531	 1.266872e-04	 3315	 iter
2532	 1.266872e-04	 3316	 iter
2533	 1.266872e-04	 3317	 iter
2534	 1.266872e-04	 3318	 iter
2535	 1.266872e-04	 3319	 iter
2536	 1.266872e-04	 3320	 iter
2537	 1.266872e-04	 3321	 iter
2538	 1.266872e-04	 3322	 iter
2539	 1.266872e-04	 3323	 iter
2540	 1.266872e-04	 3324	 iter
2541	 1.266855e-04	 3326	 iter
2542	 1.266855e-04	 3327	 iter
2543	 1.266855e-04	 3328	 iter
2544	 1.266855e-04	 3329	 iter
2545	 1.266814e-04	 3331	 iter
2546	 1.266814e-04	 3332	 iter
2547	 1.266814e-04	 3333	 iter
2548	 1.266814e-04	 3334	 iter
2549	 1.266814e-04	 3335	 iter
2550	 1.266814e-04	 3336	 iter
2551	 1.266814e-04	 3337	 iter
2552	 1.266758e-04	 3339	 iter
2553	 1.266758e-04	 3340	 iter
2554	 1.266758e-04	 3341	 iter
2555	 1.266758e-04	 3342	 iter
2556	 1.266758e-04	 3343	 iter
2557	 1.266758e-04	 3344	 iter
2558	 1.266724e-04	 3346	 iter
2559	 1.266724e-04	 3347	 iter
2560	 1.266724e-04	 3348	 iter
2561	 1.266724e-04	 3349	 iter
2562	 1.266724e-04	 3350	 iter
2563	 1.266654e-04	 3352	 iter
2564	 1.266654e-04	 3353	 iter
2565	 1.266654e-04	 3354	 iter
2566	 1.266654e-04	 3355	 iter
2567	 1.266654e-04	 3356	 iter
2568	 1.266654e-04	 3357	 iter
2569	 1.266654e-04	 3358	 iter
2570	 1.266654e-04	 3359	 iter
2571	 1.266654e-04	 3360	 iter
2572	 1.266654e-04	 3361	 iter
2573	 1.266654e-04	 3362	 iter
2574	 1.266649e-04	 3364	 iter
2575	 1.266644e-04	 3366	 iter
2576	 1.266636e-04	 3368	 iter
2577	 1.266575e-04	 3370	 iter
2578	 1.266575e-04	 3371	 iter
2579	 1.266530e-04	 3373	 iter
2580	 1.266530e-04	 3374	 iter
2581	 1.266530e-04	 3375	 iter
2582	 1.266530e-04	 3376	 iter
2583	 1.266530e-04	 3377	 iter
2584	 1.266530e-04	 3378	 iter
2585	 1.266530e-04	 3379	 iter
2586	 1.266509e-04	 3381	 iter
2587	 1.266509e-04	 3382	 iter
2588	 1.266509e-04	 3383	 iter
2589	 1.266509e-04	 3384	 iter
2590	 1.266379e-04	 3386	 iter
2591	 1.266379e-04	 3387	 iter
2592	 1.266379e-04	 3388	 iter
2593	 1.266379e-04	 3389	 iter
2594	 1.266379e-04	 3390	 iter
2595	 1.266379e-04	 3391	 iter
2596	 1.266379e-04	 3392	 iter
2597	 1.266379e-04	 3393	 iter
2598	 1.266285e-04	 3395	 iter
2599	 1.266285e-04	 3396	 iter
2600	 1.266285e-04	 3397	 iter
2601	 1.266285e-04	 3398	 iter
2602	 1.266285e-04	 3399	 iter
2603	 1.266285e-04	 3400	 iter
2604	 1.266285e-04	 3401	 iter
2605	 1.266285e-04	 3402	 iter
2606	 1.266285e-04	 3403	 iter
2607	 1.266219e-04	 3405	 iter
2608	 1.266219e-04	 3406	 iter
2609	 1.266219e-04	 3407	 iter
2610	 1.266219e-04	 3408	 iter
2611	 1.266120e-04	 3410	 iter
2612	 1.266120e-04	 3411	 iter
2613	 1.266120e-04	 3412	 iter
2614	 1.266120e-04	 3413	 iter
2615	 1.266120e-04	 3414	 iter
2616	 1.266120e-04	 3415	 iter
2617	 1.266120e-04	 3416	 iter
2618	 1.266086e-04	 3418	 iter
2619	 1.265914e-04	 3420	 iter
2620	 1.265914e-04	 3421	 iter
2621	 1.265914e-04	 3422	 iter
2622	 1.265914e-04	 3423	 iter
2623	 1.265914e-04	 3424	 iter
2624	 1.265914e-04	 3425	 iter
2625	 1.265914e-04	 3426	 iter
2626	 1.265914e-04	 3427	 iter
2627	 1.265914e-04	 3428	 iter
2628	 1.265903e-04	 3430	 iter
2629	 1.265880e-04	 3432	 iter
2630	 1.265880e-04	 3433	 iter
2631	 1.265880e-04	 3434	 iter
2632	 1.265876e-04	 3436	 iter
2633	 1.265696e-04	 3438	 iter
2634	 1.265696e-04	 3439	 iter
2635	 1.265696e-04	 3440	 iter
2636	 1.265598e-04	 3442	 iter
2637	 1.265598e-04	 3443	 iter
2638	 1.265598e-04	 3444	 iter
2639	 1.265598e-04	 3445	 iter
2640	 1.265598e-04	 3446	 iter
2641	 1.265598e-04	 3447	 iter
2642	 1.265598e-04	 3448	 iter
2643	 1.265598e-04	 3449	 iter
2644	 1.265598e-04	 3450	 iter
2645	 1.265598e-04	 3451	 iter
2646	 1.265598e-04	 3452	 iter
2647	 1.265598e-04	 3453	 iter
2648	 1.265560e-04	 3455	 iter
2649	 1.265560e-04	 3456	 iter
2650	 1.265560e-04	 3457	 iter
2651	 1.265560e-04	 3458	 iter
2652	 1.265560e-04	 3459	 iter
2653	 1.265560e-04	 3460	 iter
2654	 1.265453e-04	 3462	 iter
2655	 1.265453e-04	 3463	 iter
2656	 1.265453e-04	 3464	 iter
2657	 1.265453e-04	 3465	 iter
2658	 1.265453e-04	 3466	 iter
2659	 1.265453e-04	 3467	 iter
2660	 1.265453e-04	 3468	 iter
2661	 1.265453e-04	 3469	 iter
2662	 1.265409e-04	 3471	 iter
2663	 1.265409e-04	 3472	 iter
2664	 1.265409e-04	 3473	 iter
2665	 1.265409e-04	 3474	 iter
2666	 1.265409e-04	 3475	 iter
2667	 1.265409e-04	 3477	 iter
2668	 1.265409e-04	 3478	 iter
2669	 1.265409e-04	 3479	 iter
2670	 1.265409e-04	 3480	 iter
2671	 1.265386e-04	 3482	 iter
2672	 1.265386e-04	 3484	 iter
2673	 1.265369e-04	 3486	 iter
2674	 1.265369e-04	 3487	 iter
2675	 1.265369e-04	 3489	 iter
2676	 1.265369e-04	 3490	 iter
2677	 1.265369e-04	 3492	 iter
2678	 1.265369e-04	 3493	 iter
2679	 1.265365e-04	 3495	 iter
2680	 1.265354e-04	 3497	 iter
2681	 1.265354e-04	 3499	 iter
2682	 1.265354e-04	 3500	 iter
2683	 1.265354e-04	 3502	 iter
2684	 1.265330e-04	 3504	 iter
2685	 1.265330e-04	 3505	 iter
2686	 1.265330e-04	 3506	 iter
2687	 1.265330e-04	 3507	 iter
2688	 1.265330e-04	 3509	 iter
2689	 1.265330e-04	 3511	 iter
2690	 1.265330e-04	 3512	 iter
2691	 1.265330e-04	 3513	 iter
2692	 1.265319e-04	 3515	 iter
2693	 1.265319e-04	 3516	 iter
2694	 1.265319e-04	 3517	 iter
2695	 1.265318e-04	 3519	 iter
2696	 1.265318e-04	 3521	 iter
2697	 1.265318e-04	 3522	 iter
2698	 1.265318e-04	 3523	 iter
2699	 1.265318e-04	 3524	 iter
2700	 1.265318e-04	 3526	 iter
2701	 1.265318e-04	 3527	 iter
2702	 1.265296e-04	 3529	 iter
2703	 1.265296e-04	 3531	 iter
2704	 1.265296e-04	 3532	 iter
2705	 1.265296e-04	 3533	 iter
2706	 1.265289e-04	 3535	 iter
2707	 1.265273e-04	 3537	 iter
2708	 1.265273e-04	 3538	 iter
2709	 1.265273e-04	 3539	 iter
2710	 1.265273e-04	 3541	 iter
2711	 1.265273e-04	 3542	 iter
2712	 1.265273e-04	 3543	 iter
2713	 1.265273e-04	 3545	 iter
2714	 1.265273e-04	 3547	 iter
2715	 1.265273e-04	 3548	 iter
2716	 1.265273e-04	 3549	 iter
2717	 1.265267e-04	 3551	 iter
2718	 1.265267e-04	 3552	 iter
2719	 1.265267e-04	 3553	 iter
2720	 1.265263e-04	 3555	 iter
2721	 1.265258e-04	 3557	 iter
2722	 1.265258e-04	 3558	 iter
2723	 1.265252e-04	 3560	 iter
2724	 1.265252e-04	 3561	 iter
2725	 1.265252e-04	 3562	 iter
2726	 1.265241e-04	 3564	 iter
2727	 1.265241e-04	 3565	 iter
2728	 1.265241e-04	 3566	 iter
2729	 1.265241e-04	 3567	 iter
2730	 1.265241e-04	 3568	 iter
2731	 1.265241e-04	 3569	 iter
2732	 1.265241e-04	 3570	 iter
2733	 1.265241e-04	 3572	 iter
2734	 1.265241e-04	 3573	 iter
2735	 1.265241e-04	 3574	 iter
2736	 1.265241e-04	 3575	 iter
2737	 1.265241e-04	 3577	 iter
2738	 1.265239e-04	 3579	 iter
2739	 1.265239e-04	 3581	 iter
2740	 1.265239e-04	 3582	 iter
2741	 1.265239e-04	 3583	 iter
2742	 1.265221e-04	 3585	 iter
2743	 1.265221e-04	 3586	 iter
2744	 1.265221e-04	 3587	 iter
2745	 1.265221e-04	 3589	 iter
2746	 1.265221e-04	 3590	 iter
2747	 1.265221e-04	 3591	 iter
2748	 1.265207e-04	 3593	 iter
2749	 1.265207e-04	 3594	 iter
2750	 1.265207e-04	 3595	 iter
2751	 1.265207e-04	 3596	 iter
2752	 1.265207e-04	 3597	 iter
2753	 1.265207e-04	 3598	 iter
2754	 1.265207e-04	 3599	 iter
2755	 1.265207e-04	 3600	 iter
2756	 1.265207e-04	 3601	 iter
2757	 1.265207e-04	 3603	 iter
2758	 1.265207e-04	 3605	 iter
2759	 1.265207e-04	 3606	 iter
2760	 1.265207e-04	 3607	 iter
2761	 1.265207e-04	 3608	 iter
2762	 1.265207e-04	 3609	 iter
2763	 1.265207e-04	 3610	 iter
2764	 1.265205e-04	 3612	 iter
2765	 1.265205e-04	 3613	 iter
2766	 1.265198e-04	 3615	 iter
2767	 1.265198e-04	 3616	 iter
2768	 1.265198e-04	 3617	 iter
2769	 1.265198e-04	 3619	 iter
2770	 1.265198e-04	 3620	 iter
2771	 1.265198e-04	 3621	 iter
2772	 1.265198e-04	 3623	 iter
2773	 1.265198e-04	 3624	 iter
2774	 1.265196e-04	 3626	 iter
2775	 1.265193e-04	 3628	 iter
2776	 1.265193e-04	 3630	 iter
2777	 1.265193e-04	 3631	 iter
2778	 1.265193e-04	 3632	 iter
2779	 1.265193e-04	 3634	 iter
2780	 1.265193e-04	 3635	 iter
2781	 1.265193e-04	 3637	 iter
2782	 1.265193e-04	 3639	 iter
2783	 1.265193e-04	 3640	 iter
2784	 1.265193e-04	 3641	 iter
2785	 1.265193e-04	 3642	 iter
2786	 1.265193e-04	 3643	 iter
2787	 1.265192e-04	 3645	 iter
2788	 1.265192e-04	 3647	 iter
2789	 1.265192e-04	 3648	 iter
2790	 1.265192e-04	 3649	 iter
2791	 1.265191e-04	 3651	 iter
2792	 1.265191e-04	 3653	 iter
2793	 1.265190e-04	 3655	 iter
2794	 1.265190e-04	 3657	 iter
2795	 1.265190e-04	 3658	 iter
2796	 1.265190e-04	 3659	 iter
2797	 1.265190e-04	 3660	 iter
2798	 1.265190e-04	 3661	 iter
2799	 1.265189e-04	 3663	 iter
2800	 1.265189e-04	 3664	 iter
2801	 1.265189e-04	 3665	 iter
2802	 1.265189e-04	 3667	 iter
2803	 1.265189e-04	 3669	 iter
2804	 1.265189e-04	 3671	 iter
2805	 1.265189e-04	 3673	 iter
2806	 1.265189e-04	 3675	 iter
2807	 1.265189e-04	 3677	 iter
2808	 1.265189e-04	 3678	 iter
2809	 1.265188e-04	 3680	 iter
2810	 1.265188e-04	 3682	 iter
2811	 1.265188e-04	 3684	 iter
2812	 1.265188e-04	 3686	 iter
2813	 1.265188e-04	 3687	 iter
2814	 1.265188e-04	 3688	 iter
2815	 1.265187e-04	 3690	 iter
2816	 1.265187e-04	 3692	 iter
2817	 1.265187e-04	 3694	 iter
2818	 1.265187e-04	 3696	 iter
2819	 1.265187e-04	 3698	 iter
2820	 1.265187e-04	 3700	 iter
2821	 1.265187e-04	 3702	 iter
2822	 1.265187e-04	 3703	 iter
2823	 1.265187e-04	 3704	 iter
2824	 1.265187e-04	 3706	 iter
2825	 1.265187e-04	 3707	 iter
2826	 1.265187e-04	 3709	 iter
2827	 1.265187e-04	 3710	 iter
2828	 1.265186e-04	 3712	 iter
2829	 1.265186e-04	 3714	 iter
2830	 1.265186e-04	 3715	 iter
2831	 1.265186e-04	 3717	 iter
2832	 1.265186e-04	 3719	 iter
2833	 1.265186e-04	 3721	 iter
2834	 1.265186e-04	 3722	 iter
2835	 1.265186e-04	 3724	 iter
2836	 1.265186e-04	 3726	 iter
2837	 1.265186e-04	 3728	 iter
2838	 1.265186e-04	 3730	 iter
2839	 1.265186e-04	 3731	 iter
2840	 1.265186e-04	 3732	 iter
2841	 1.265186e-04	 3733	 iter
2842	 1.265186e-04	 3735	 iter
2843	 1.265186e-04	 3737	 iter
2844	 1.265186e-04	 3738	 iter
2845	 1.265186e-04	 3740	 iter
2846	 1.265186e-04	 3742	 iter
2847	 1.265186e-04	 3743	 iter
2848	 1.265186e-04	 3744	 iter
2849	 1.265186e-04	 3746	 iter
2850	 1.265186e-04	 3748	 iter
2851	 1.265186e-04	 3750	 iter
2852	 1.265186e-04	 3752	 iter
2853	 1.265186e-04	 3753	 iter
2854	 1.265186e-04	 3754	 iter
2855	 1.265186e-04	 3755	 iter
2856	 1.265186e-04	 3757	 iter
2857	 1.265186e-04	 3758	 iter
2858	 1.265186e-04	 3759	 iter
2859	 1.265186e-04	 3761	 iter
2860	 1.265186e-04	 3763	 iter
2861	 1.265186e-04	 3764	 iter
2862	 1.265186e-04	 3765	 iter
2863	 1.265186e-04	 3767	 iter
2864	 1.265186e-04	 3769	 iter
2865	 1.265186e-04	 3771	 iter
2866	 1.265186e-04	 3772	 iter
2867	 1.265186e-04	 3774	 iter
2868	 1.265186e-04	 3776	 iter
2869	 1.265186e-04	 3778	 iter
2870	 1.265186e-04	 3780	 iter
2870	 1.265186e-04	 3780	 done
