0	 7.718724e-33	 1	 init
0	 7.718724e-33	 1	 iter
1	 7.718724e-33	 17	 iter
2	 7.718724e-33	 19	 iter
3	 7.718724e-33	 21	 iter
4	 7.718724e-33	 23	 iter
5	 7.718724e-33	 25	 iter
6	 7.718724e-33	 27	 iter
7	 7.718724e-33	 29	 iter
8	 7.718724e-33	 31	 iter
9	 7.718724e-33	 33	 iter
10	 7.718724e-33	 35	 iter
11	 7.718724e-33	 37	 iter
12	 7.718724e-33	 39	 iter
13	 7.718724e-33	 41	 iter
14	 7.718724e-33	 43	 iter
15	 7.718724e-33	 45	 iter
16	 7.718724e-33	 47	 iter
17	 7.718724e-33	 49	 iter
18	 7.718724e-33	 51	 iter
19	 7.718724e-33	 53	 iter
20	 7.718724e-33	 55	 iter
21	 7.718724e-33	 57	 iter
22	 7.718724e-33	 59	 iter
23	 7.718724e-33	 61	 iter
24	 7.718724e-33	 63	 iter
25	 7.718724e-33	 65	 iter
26	 7.718724e-33	 67	 iter
27	 7.718724e-33	 69	 iter
28	 7.718724e-33	 71	 iter
29	 7.718724e-33	 73	 iter
30	 7.718724e-33	 75	 iter
31	 7.718724e-33	 77	 iter
32	 7.718724e-33	 79	 iter
33	 7.718724e-33	 81	 iter
34	 7.718724e-33	 82	 iter
35	 7.718724e-33	 83	 iter
36	 7.718724e-33	 85	 iter
37	 7.718724e-33	 87	 iter
38	 7.718724e-33	 89	 iter
39	 7.718724e-33	 91	 iter
40	 7.718724e-33	 93	 iter
41	 7.718724e-33	 95	 iter
42	 7.718724e-33	 97	 iter
43	 7.718724e-33	 99	 iter
44	 7.718724e-33	 101	 iter
45	 7.718724e-33	 103	 iter
46	 7.718724e-33	 105	 iter
47	 7.718724e-33	 107	 iter
48	 7.718724e-33	 109	 iter
49	 7.718724e-33	 111	 iter
50	 7.718724e-33	 113	 iter
51	 7.718724e-33	 115	 iter
52	 7.718724e-33	 117	 iter
53	 7.718724e-33	 119	 iter
54	 7.718724e-33	 121	 iter
55	 7.718724e-33	 123	 iter
56	 7.718724e-33	 125	 iter
57	 7.718724e-33	 127	 iter
58	 7.718724e-33	 128	 iter
59	 7.718724e-33	 130	 iter
60	 7.718724e-33	 132	 iter
61	 7.718724e-33	 134	 iter
62	 7.718724e-33	 135	 iter
63	 7.718724e-33	 136	 iter
64	 7.718724e-33	 137	 iter
65	 7.718724e-33	 139	 iter
66	 7.718724e-33	 141	 iter
67	 7.718724e-33	 143	 iter
68	 7.718724e-33	 145	 iter
69	 7.718724e-33	 147	 iter
70	 7.718724e-33	 149	 iter
71	 7.718724e-33	 150	 iter
72	 7.718724e-33	 152	 iter
73	 7.718724e-33	 154	 iter
74	 7.718724e-33	 155	 iter
75	 7.718724e-33	 157	 iter
76	 7.718724e-33	 159	 iter
77	 7.718724e-33	 161	 iter
78	 7.718724e-33	 163	 iter
79	 7.718724e-33	 164	 iter
80	 7.718724e-33	 166	 iter
81	 7.718724e-33	 167	 iter
82	 7.718724e-33	 169	 iter
83	 7.718724e-33	 171	 iter
84	 7.718724e-33	 173	 iter
85	 7.718724e-33	 174	 iter
86	 7.718724e-33	 175	 iter
87	 7.718724e-33	 177	 iter
88	 7.718724e-33	 178	 iter
89	 7.718724e-33	 179	 iter
90	 7.718724e-33	 181	 iter
91	 7.718724e-33	 183	 iter
92	 7.718724e-33	 185	 iter
93	 7.718724e-33	 187	 iter
94	 7.718724e-33	 189	 iter
95	 7.718724e-33	 190	 iter
96	 7.718724e-33	 191	 iter
97	 7.718724e-33	 192	 iter
98	 7.718724e-33	 194	 iter
99	 7.718724e-33	 195	 iter
100	 7.718724e-33	 196	 iter
101	 7.718724e-33	 198	 iter
102	 7.718724e-33	 200	 iter
103	 7.718724e-33	 202	 iter
104	 7.718724e-33	 203	 iter
105	 7.718724e-33	 205	 iter
106	 7.718724e-33	 207	 iter
107	 7.718724e-33	 209	 iter
108	 7.718724e-33	 210	 iter
109	 7.718724e-33	 211	 iter
110	 7.718724e-33	 212	 iter
111	 7.718724e-33	 214	 iter
112	 7.718724e-33	 215	 iter
113	 7.718724e-33	 216	 iter
114	 7.718724e-33	 217	 iter
115	 7.718724e-33	 219	 iter
116	 7.718724e-33	 220	 iter
117	 7.718724e-33	 222	 iter
118	 7.718724e-33	 224	 iter
119	 7.718724e-33	 226	 iter
120	 7.718724e-33	 227	 iter
121	 7.718724e-33	 228	 iter
122	 7.718724e-33	 229	 iter
123	 7.718724e-33	 231	 iter
124	 7.718724e-33	 232	 iter
125	 7.718724e-33	 234	 iter
126	 7.718724e-33	 236	 iter
127	 7.718724e-33	 237	 iter
128	 7.718724e-33	 239	 iter
129	 7.718724e-33	 240	 iter
130	 7.718724e-33	 241	 iter
131	 7.718724e-33	 242	 iter
132	 7.718724e-33	 244	 iter
133	 7.718724e-33	 246	 iter
134	 7.718724e-33	 248	 iter
135	 7.718724e-33	 249	 iter
136	 7.718724e-33	 251	 iter
137	 7.718724e-33	 252	 iter
138	 7.718724e-33	 253	 iter
139	 7.718724e-33	 255	 iter
140	 7.718724e-33	 256	 iter
141	 7.718724e-33	 257	 iter
142	 7.718724e-33	 258	 iter
143	 7.718724e-33	 259	 iter
144	 7.718724e-33	 260	 iter
145	 7.718724e-33	 262	 iter
146	 7.718724e-33	 264	 iter
147	 7.718724e-33	 266	 iter
148	 7.718724e-33	 268	 iter
148	 7.718724e-33	 268	 done
