0	 8.806113e-05	 1	 init
0	 8.806113e-05	 1	 iter
1	 8.655432e-05	 17	 iter
2	 8.655432e-05	 19	 iter
3	 8.655432e-05	 21	 iter
4	 8.655432e-05	 23	 iter
5	 8.655432e-05	 25	 iter
6	 8.655432e-05	 27	 iter
7	 8.433772e-05	 29	 iter
8	 8.433772e-05	 31	 iter
9	 8.433772e-05	 33	 iter
10	 8.433772e-05	 35	 iter
11	 8.281516e-05	 37	 iter
12	 8.281516e-05	 38	 iter
13	 8.281516e-05	 39	 iter
14	 8.281516e-05	 40	 iter
15	 8.281516e-05	 41	 iter
16	 8.281516e-05	 42	 iter
17	 8.281516e-05	 43	 iter
18	 8.281516e-05	 44	 iter
19	 8.281516e-05	 45	 iter
20	 8.185813e-05	 47	 iter
21	 8.185813e-05	 48	 iter
22	 8.185813e-05	 49	 iter
23	 8.185813e-05	 50	 iter
24	 8.185813e-05	 51	 iter
25	 8.185813e-05	 53	 iter
26	 8.185813e-05	 55	 iter
27	 8.185813e-05	 56	 iter
28	 8.185813e-05	 57	 iter
29	 8.185813e-05	 58	 iter
30	 8.185813e-05	 60	 iter
31	 8.151295e-05	 62	 iter
32	 8.151295e-05	 63	 iter
33	 8.151295e-05	 64	 iter
34	 8.151295e-05	 65	 iter
35	 8.151295e-05	 67	 iter
36	 8.151295e-05	 69	 iter
37	 8.151295e-05	 70	 iter
38	 7.971119e-05	 72	 iter
39	 7.971119e-05	 73	 iter
40	 7.971119e-05	 74	 iter
41	 7.971119e-05	 75	 iter
42	 7.971119e-05	 76	 iter
43	 7.971119e-05	 77	 iter
44	 7.971119e-05	 78	 iter
45	 7.871738e-05	 80	 iter
46	 7.871738e-05	 81	 iter
47	 7.871738e-05	 82	 iter
48	 7.871738e-05	 83	 iter
49	 7.871738e-05	 84	 iter
50	 7.871738e-05	 86	 iter
51	 7.871738e-05	 87	 iter
52	 7.853811e-05	 89	 iter
53	 7.833365e-05	 91	 iter
54	 7.833365e-05	 92	 iter
55	 7.833365e-05	 93	 iter
56	 7.765911e-05	 95	 iter
57	 7.765911e-05	 96	 iter
58	 7.727314e-05	 98	 iter
59	 7.727314e-05	 99	 iter
60	 7.489122e-05	 101	 iter
61	 7.489122e-05	 102	 iter
62	 7.489122e-05	 103	 iter
63	 7.489122e-05	 104	 iter
64	 7.489122e-05	 105	 iter
65	 7.489122e-05	 106	 iter
66	 7.489122e-05	 107	 iter
67	 7.489122e-05	 108	 iter
68	 7.434328e-05	 110	 iter
69	 7.284183e-05	 112	 iter
70	 7.284183e-05	 113	 iter
71	 7.284183e-05	 114	 iter
72	 7.284183e-05	 115	 iter
73	 7.284183e-05	 116	 iter
74	 7.284183e-05	 117	 iter
75	 7.284183e-05	 118	 iter
76	 6.925334e-05	 120	 iter
77	 6.925334e-05	 121	 iter
78	 6.925334e-05	 122	 iter
79	 6.925334e-05	 123	 iter
80	 6.925334e-05	 124	 iter
81	 6.925334e-05	 125	 iter
82	 6.925334e-05	 126	 iter
83	 6.925334e-05	 127	 iter
84	 6.925334e-05	 128	 iter
85	 6.925334e-05	 130	 iter
86	 6.925334e-05	 131	 iter
87	 6.925334e-05	 132	 iter
88	 6.925334e-05	 133	 iter
89	 6.925334e-05	 134	 iter
90	 6.925334e-05	 136	 iter
91	 6.619221e-05	 138	 iter
92	 6.619221e-05	 139	 iter
93	 6.619221e-05	 140	 iter
94	 6.619221e-05	 141	 iter
95	 6.619221e-05	 142	 iter
96	 6.619221e-05	 143	 iter
97	 6.619221e-05	 144	 iter
98	 6.619221e-05	 145	 iter
99	 6.489463e-05	 147	 iter
100	 6.489463e-05	 148	 iter
101	 6.489463e-05	 149	 iter
102	 6.489463e-05	 150	 iter
103	 6.489463e-05	 151	 iter
104	 6.339988e-05	 153	 iter
105	 6.339988e-05	 154	 iter
106	 6.249690e-05	 156	 iter
107	 6.249690e-05	 157	 iter
108	 6.249690e-05	 158	 iter
109	 6.163251e-05	 160	 iter
110	 6.163251e-05	 161	 iter
111	 6.156537e-05	 163	 iter
112	 6.156537e-05	 164	 iter
113	 6.069946e-05	 166	 iter
114	 5.945244e-05	 168	 iter
115	 5.945244e-05	 169	 iter
116	 5.945244e-05	 170	 iter
117	 5.945244e-05	 171	 iter
118	 5.841652e-05	 173	 iter
119	 5.841652e-05	 174	 iter
120	 5.841652e-05	 175	 iter
121	 5.835858e-05	 177	 iter
122	 5.835858e-05	 178	 iter
123	 5.835858e-05	 179	 iter
124	 5.835858e-05	 180	 iter
125	 5.835858e-05	 181	 iter
126	 5.835858e-05	 182	 iter
127	 5.835858e-05	 183	 iter
128	 5.835858e-05	 184	 iter
129	 5.835858e-05	 185	 iter
130	 5.835858e-05	 187	 iter
131	 5.835858e-05	 189	 iter
132	 5.835858e-05	 190	 iter
133	 5.835858e-05	 191	 iter
134	 5.835858e-05	 192	 iter
135	 5.835858e-05	 193	 iter
136	 5.835858e-05	 195	 iter
137	 5.835858e-05	 197	 iter
138	 5.835858e-05	 199	 iter
139	 5.835858e-05	 200	 iter
140	 5.835858e-05	 202	 iter
141	 5.835858e-05	 204	 iter
142	 5.835858e-05	 206	 iter
143	 5.835858e-05	 207	 iter
144	 5.738209e-05	 209	 iter
145	 5.738209e-05	 211	 iter
146	 5.738209e-05	 212	 iter
147	 5.738209e-05	 213	 iter
148	 5.738209e-05	 214	 iter
149	 5.738209e-05	 215	 iter
150	 5.738209e-05	 217	 iter
151	 5.738209e-05	 218	 iter
152	 5.738209e-05	 219	 iter
153	 5.738209e-05	 220	 iter
154	 5.738209e-05	 221	 iter
155	 5.738209e-05	 222	 iter
156	 5.738209e-05	 223	 iter
157	 5.738209e-05	 224	 iter
158	 5.738209e-05	 225	 iter
159	 5.738209e-05	 227	 iter
160	 5.714802e-05	 229	 iter
161	 5.615745e-05	 231	 iter
162	 5.615745e-05	 232	 iter
163	 5.615745e-05	 233	 iter
164	 5.615745e-05	 234	 iter
165	 5.615745e-05	 235	 iter
166	 5.572300e-05	 237	 iter
167	 5.572300e-05	 238	 iter
168	 5.572300e-05	 239	 iter
169	 5.468080e-05	 241	 iter
170	 5.468080e-05	 242	 iter
171	 5.468080e-05	 243	 iter
172	 5.468080e-05	 244	 iter
173	 5.468080e-05	 245	 iter
174	 5.468080e-05	 246	 iter
175	 5.468080e-05	 247	 iter
176	 5.468080e-05	 248	 iter
177	 5.468080e-05	 249	 iter
178	 5.436682e-05	 251	 iter
179	 5.407026e-05	 253	 iter
180	 5.347769e-05	 255	 iter
181	 5.347769e-05	 256	 iter
182	 5.347769e-05	 257	 iter
183	 5.347769e-05	 258	 iter
184	 5.347769e-05	 259	 iter
185	 5.291677e-05	 261	 iter
186	 5.291677e-05	 262	 iter
187	 5.221100e-05	 264	 iter
188	 5.221100e-05	 265	 iter
189	 5.221100e-05	 266	 iter
190	 5.221100e-05	 267	 iter
191	 5.221100e-05	 268	 iter
192	 5.221100e-05	 269	 iter
193	 5.221100e-05	 270	 iter
194	 5.159500e-05	 272	 iter
195	 5.159500e-05	 273	 iter
196	 5.159500e-05	 274	 iter
197	 5.159500e-05	 275	 iter
198	 5.159500e-05	 276	 iter
199	 5.118122e-05	 278	 iter
200	 5.118122e-05	 279	 iter
201	 5.118122e-05	 280	 iter
202	 5.118122e-05	 281	 iter
203	 5.118122e-05	 282	 iter
204	 5.109524e-05	 284	 iter
205	 5.109524e-05	 285	 iter
206	 5.082384e-05	 287	 iter
207	 5.082384e-05	 288	 iter
208	 5.082384e-05	 289	 iter
209	 5.082384e-05	 291	 iter
210	 5.082384e-05	 292	 iter
211	 5.082384e-05	 293	 iter
212	 5.082384e-05	 294	 iter
213	 5.082384e-05	 296	 iter
214	 5.082384e-05	 297	 iter
215	 5.079712e-05	 299	 iter
216	 5.045915e-05	 301	 iter
217	 5.045915e-05	 302	 iter
218	 5.045915e-05	 304	 iter
219	 5.045915e-05	 305	 iter
220	 5.045915e-05	 307	 iter
221	 5.045915e-05	 308	 iter
222	 5.016805e-05	 310	 iter
223	 5.016805e-05	 312	 iter
224	 5.016805e-05	 314	 iter
225	 5.003359e-05	 316	 iter
226	 5.003359e-05	 318	 iter
227	 5.003359e-05	 320	 iter
228	 5.003359e-05	 321	 iter
229	 5.003359e-05	 322	 iter
230	 4.990741e-05	 324	 iter
231	 4.990741e-05	 326	 iter
232	 4.990741e-05	 327	 iter
233	 4.990741e-05	 328	 iter
234	 4.990741e-05	 329	 iter
235	 4.990741e-05	 330	 iter
236	 4.990741e-05	 331	 iter
237	 4.990741e-05	 332	 iter
238	 4.990741e-05	 334	 iter
239	 4.970396e-05	 336	 iter
240	 4.970396e-05	 337	 iter
241	 4.970396e-05	 339	 iter
242	 4.970396e-05	 340	 iter
243	 4.970396e-05	 341	 iter
244	 4.970396e-05	 343	 iter
245	 4.952336e-05	 345	 iter
246	 4.945154e-05	 347	 iter
247	 4.945154e-05	 348	 iter
248	 4.945154e-05	 349	 iter
249	 4.945154e-05	 350	 iter
250	 4.945154e-05	 351	 iter
251	 4.945154e-05	 352	 iter
252	 4.945154e-05	 353	 iter
253	 4.945154e-05	 354	 iter
254	 4.945154e-05	 355	 iter
255	 4.945154e-05	 356	 iter
256	 4.945154e-05	 358	 iter
257	 4.945154e-05	 360	 iter
258	 4.925214e-05	 362	 iter
259	 4.925214e-05	 364	 iter
260	 4.925214e-05	 365	 iter
261	 4.925214e-05	 366	 iter
262	 4.925214e-05	 367	 iter
263	 4.925214e-05	 368	 iter
264	 4.925214e-05	 369	 iter
265	 4.925214e-05	 370	 iter
266	 4.925214e-05	 371	 iter
267	 4.925214e-05	 372	 iter
268	 4.918464e-05	 374	 iter
269	 4.918464e-05	 376	 iter
270	 4.918464e-05	 377	 iter
271	 4.909651e-05	 379	 iter
272	 4.909651e-05	 381	 iter
273	 4.881596e-05	 383	 iter
274	 4.881596e-05	 384	 iter
275	 4.881596e-05	 385	 iter
276	 4.881596e-05	 386	 iter
277	 4.881596e-05	 387	 iter
278	 4.881596e-05	 389	 iter
279	 4.881596e-05	 390	 iter
280	 4.881596e-05	 391	 iter
281	 4.881596e-05	 392	 iter
282	 4.881596e-05	 393	 iter
283	 4.881596e-05	 394	 iter
284	 4.881596e-05	 395	 iter
285	 4.881596e-05	 397	 iter
286	 4.881596e-05	 398	 iter
287	 4.881596e-05	 400	 iter
288	 4.881596e-05	 401	 iter
289	 4.827688e-05	 403	 iter
290	 4.827688e-05	 404	 iter
291	 4.827688e-05	 405	 iter
292	 4.827688e-05	 406	 iter
293	 4.827688e-05	 407	 iter
294	 4.827688e-05	 408	 iter
295	 4.827688e-05	 409	 iter
296	 4.827688e-05	 410	 iter
297	 4.827688e-05	 411	 iter
298	 4.827688e-05	 412	 iter
299	 4.827688e-05	 413	 iter
300	 4.825442e-05	 415	 iter
301	 4.825442e-05	 416	 iter
302	 4.825442e-05	 418	 iter
303	 4.792975e-05	 420	 iter
304	 4.792975e-05	 421	 iter
305	 4.792975e-05	 422	 iter
306	 4.792975e-05	 423	 iter
307	 4.792975e-05	 424	 iter
308	 4.792975e-05	 425	 iter
309	 4.792975e-05	 426	 iter
310	 4.792975e-05	 427	 iter
311	 4.792485e-05	 429	 iter
312	 4.791668e-05	 431	 iter
313	 4.791668e-05	 432	 iter
314	 4.781814e-05	 434	 iter
315	 4.781814e-05	 435	 iter
316	 4.774871e-05	 437	 iter
317	 4.732469e-05	 439	 iter
318	 4.732469e-05	 440	 iter
319	 4.732469e-05	 441	 iter
320	 4.732469e-05	 442	 iter
321	 4.732469e-05	 443	 iter
322	 4.732469e-05	 444	 iter
323	 4.727881e-05	 446	 iter
324	 4.727881e-05	 447	 iter
325	 4.727881e-05	 448	 iter
326	 4.723710e-05	 450	 iter
327	 4.723710e-05	 451	 iter
328	 4.723710e-05	 452	 iter
329	 4.712365e-05	 454	 iter
330	 4.711234e-05	 456	 iter
331	 4.678036e-05	 458	 iter
332	 4.678036e-05	 459	 iter
333	 4.649555e-05	 461	 iter
334	 4.649555e-05	 462	 iter
335	 4.649555e-05	 463	 iter
336	 4.637356e-05	 465	 iter
337	 4.623682e-05	 467	 iter
338	 4.623682e-05	 468	 iter
339	 4.623682e-05	 469	 iter
340	 4.623682e-05	 470	 iter
341	 4.623682e-05	 471	 iter
342	 4.553083e-05	 473	 iter
343	 4.553083e-05	 474	 iter
344	 4.553083e-05	 475	 iter
345	 4.532202e-05	 477	 iter
346	 4.532202e-05	 478	 iter
347	 4.532202e-05	 479	 iter
348	 4.532202e-05	 480	 iter
349	 4.532202e-05	 481	 iter
350	 4.503366e-05	 483	 iter
351	 4.503366e-05	 484	 iter
352	 4.503366e-05	 485	 iter
353	 4.503366e-05	 486	 iter
354	 4.503366e-05	 487	 iter
355	 4.503366e-05	 489	 iter
356	 4.503366e-05	 490	 iter
357	 4.493667e-05	 492	 iter
358	 4.493667e-05	 493	 iter
359	 4.484686e-05	 495	 iter
360	 4.484686e-05	 496	 iter
361	 4.484686e-05	 497	 iter
362	 4.484686e-05	 498	 iter
363	 4.484686e-05	 499	 iter
364	 4.484686e-05	 500	 iter
365	 4.484686e-05	 501	 iter
366	 4.473012e-05	 503	 iter
367	 4.473012e-05	 504	 iter
368	 4.473012e-05	 506	 iter
369	 4.473012e-05	 507	 iter
370	 4.473012e-05	 508	 iter
371	 4.473012e-05	 509	 iter
372	 4.428603e-05	 511	 iter
373	 4.428603e-05	 512	 iter
374	 4.428603e-05	 513	 iter
375	 4.428603e-05	 514	 iter
376	 4.428603e-05	 515	 iter
377	 4.428603e-05	 516	 iter
378	 4.428603e-05	 517	 iter
379	 4.428603e-05	 519	 iter
380	 4.428603e-05	 521	 iter
381	 4.428603e-05	 522	 iter
382	 4.428603e-05	 523	 iter
383	 4.422575e-05	 525	 iter
384	 4.422575e-05	 526	 iter
385	 4.408005e-05	 528	 iter
386	 4.397817e-05	 530	 iter
387	 4.397817e-05	 531	 iter
388	 4.397817e-05	 532	 iter
389	 4.397817e-05	 534	 iter
390	 4.384702e-05	 536	 iter
391	 4.384702e-05	 537	 iter
392	 4.384702e-05	 538	 iter
393	 4.384702e-05	 539	 iter
394	 4.384702e-05	 540	 iter
395	 4.384702e-05	 541	 iter
396	 4.384702e-05	 542	 iter
397	 4.384702e-05	 543	 iter
398	 4.384702e-05	 545	 iter
399	 4.356890e-05	 547	 iter
400	 4.356890e-05	 548	 iter
401	 4.356890e-05	 549	 iter
402	 4.356890e-05	 551	 iter
403	 4.356890e-05	 552	 iter
404	 4.356890e-05	 553	 iter
405	 4.356890e-05	 554	 iter
406	 4.300727e-05	 556	 iter
407	 4.300727e-05	 557	 iter
408	 4.300727e-05	 559	 iter
409	 4.300727e-05	 560	 iter
410	 4.300727e-05	 562	 iter
411	 4.300727e-05	 563	 iter
412	 4.300727e-05	 564	 iter
413	 4.300727e-05	 565	 iter
414	 4.300727e-05	 566	 iter
415	 4.300727e-05	 567	 iter
416	 4.300727e-05	 568	 iter
417	 4.300727e-05	 569	 iter
418	 4.278038e-05	 571	 iter
419	 4.278038e-05	 572	 iter
420	 4.278038e-05	 573	 iter
421	 4.278038e-05	 574	 iter
422	 4.278038e-05	 575	 iter
423	 4.278038e-05	 576	 iter
424	 4.278038e-05	 577	 iter
425	 4.278038e-05	 578	 iter
426	 4.278038e-05	 579	 iter
427	 4.278038e-05	 580	 iter
428	 4.278038e-05	 581	 iter
429	 4.245986e-05	 583	 iter
430	 4.245986e-05	 584	 iter
431	 4.245986e-05	 585	 iter
432	 4.245986e-05	 586	 iter
433	 4.167100e-05	 588	 iter
434	 4.167100e-05	 589	 iter
435	 4.167100e-05	 590	 iter
436	 4.167100e-05	 591	 iter
437	 4.167100e-05	 592	 iter
438	 4.167100e-05	 593	 iter
439	 4.167100e-05	 594	 iter
440	 4.167100e-05	 595	 iter
441	 4.167100e-05	 596	 iter
442	 4.167100e-05	 597	 iter
443	 4.167100e-05	 598	 iter
444	 4.162508e-05	 600	 iter
445	 4.158042e-05	 602	 iter
446	 4.143953e-05	 604	 iter
447	 4.143953e-05	 605	 iter
448	 4.125667e-05	 607	 iter
449	 4.125667e-05	 608	 iter
450	 4.125667e-05	 609	 iter
451	 4.125667e-05	 610	 iter
452	 4.125667e-05	 611	 iter
453	 4.088645e-05	 613	 iter
454	 4.088645e-05	 614	 iter
455	 4.088645e-05	 615	 iter
456	 4.088645e-05	 616	 iter
457	 4.088645e-05	 617	 iter
458	 4.059436e-05	 619	 iter
459	 4.055454e-05	 621	 iter
460	 4.042627e-05	 623	 iter
461	 4.014451e-05	 625	 iter
462	 4.014451e-05	 626	 iter
463	 4.014451e-05	 627	 iter
464	 4.014451e-05	 628	 iter
465	 3.952454e-05	 630	 iter
466	 3.952454e-05	 631	 iter
467	 3.952454e-05	 632	 iter
468	 3.952454e-05	 633	 iter
469	 3.952454e-05	 634	 iter
470	 3.952454e-05	 635	 iter
471	 3.952454e-05	 637	 iter
472	 3.952454e-05	 638	 iter
473	 3.952454e-05	 639	 iter
474	 3.952454e-05	 640	 iter
475	 3.952454e-05	 641	 iter
476	 3.952454e-05	 643	 iter
477	 3.952454e-05	 644	 iter
478	 3.950827e-05	 646	 iter
479	 3.950827e-05	 647	 iter
480	 3.950827e-05	 648	 iter
481	 3.950827e-05	 649	 iter
482	 3.948195e-05	 651	 iter
483	 3.948195e-05	 652	 iter
484	 3.948195e-05	 653	 iter
485	 3.948195e-05	 654	 iter
486	 3.948195e-05	 656	 iter
487	 3.948195e-05	 658	 iter
488	 3.915663e-05	 660	 iter
489	 3.915663e-05	 662	 iter
490	 3.915663e-05	 663	 iter
491	 3.915663e-05	 664	 iter
492	 3.915663e-05	 665	 iter
493	 3.915663e-05	 666	 iter
494	 3.915663e-05	 668	 iter
495	 3.915663e-05	 670	 iter
496	 3.915663e-05	 671	 iter
497	 3.915663e-05	 673	 iter
498	 3.915663e-05	 674	 iter
499	 3.915663e-05	 675	 iter
500	 3.915663e-05	 676	 iter
501	 3.915663e-05	 678	 iter
502	 3.915663e-05	 679	 iter
503	 3.915663e-05	 680	 iter
504	 3.915663e-05	 681	 iter
505	 3.915663e-05	 682	 iter
506	 3.915663e-05	 684	 iter
507	 3.915663e-05	 686	 iter
508	 3.915663e-05	 687	 iter
509	 3.906860e-05	 689	 iter
510	 3.906860e-05	 690	 iter
511	 3.906860e-05	 691	 iter
512	 3.906860e-05	 692	 iter
513	 3.906860e-05	 694	 iter
514	 3.906860e-05	 695	 iter
515	 3.906860e-05	 696	 iter
516	 3.906860e-05	 697	 iter
517	 3.906860e-05	 698	 iter
518	 3.904503e-05	 700	 iter
519	 3.904503e-05	 701	 iter
520	 3.904503e-05	 702	 iter
521	 3.904503e-05	 703	 iter
522	 3.904503e-05	 704	 iter
523	 3.904503e-05	 706	 iter
524	 3.876175e-05	 708	 iter
525	 3.876175e-05	 709	 iter
526	 3.876175e-05	 710	 iter
527	 3.876175e-05	 711	 iter
528	 3.876175e-05	 713	 iter
529	 3.876175e-05	 714	 iter
530	 3.876175e-05	 715	 iter
531	 3.876175e-05	 716	 iter
532	 3.876175e-05	 717	 iter
533	 3.876175e-05	 718	 iter
534	 3.876175e-05	 719	 iter
535	 3.876175e-05	 720	 iter
536	 3.876175e-05	 721	 iter
537	 3.876175e-05	 722	 iter
538	 3.876175e-05	 723	 iter
539	 3.874559e-05	 725	 iter
540	 3.873765e-05	 727	 iter
541	 3.873765e-05	 728	 iter
542	 3.873765e-05	 729	 iter
543	 3.836424e-05	 731	 iter
544	 3.836424e-05	 732	 iter
545	 3.836424e-05	 733	 iter
546	 3.836424e-05	 734	 iter
547	 3.836424e-05	 735	 iter
548	 3.836424e-05	 736	 iter
549	 3.836424e-05	 737	 iter
550	 3.836424e-05	 738	 iter
551	 3.836424e-05	 739	 iter
552	 3.836424e-05	 740	 iter
553	 3.836424e-05	 741	 iter
554	 3.836424e-05	 742	 iter
555	 3.836424e-05	 743	 iter
556	 3.836424e-05	 744	 iter
557	 3.832168e-05	 746	 iter
558	 3.812590e-05	 748	 iter
559	 3.812590e-05	 749	 iter
560	 3.812590e-05	 750	 iter
561	 3.811720e-05	 752	 iter
562	 3.811720e-05	 753	 iter
563	 3.811720e-05	 754	 iter
564	 3.790408e-05	 756	 iter
565	 3.790408e-05	 757	 iter
566	 3.790408e-05	 758	 iter
567	 3.790408e-05	 759	 iter
568	 3.790408e-05	 760	 iter
569	 3.784180e-05	 762	 iter
570	 3.784180e-05	 763	 iter
571	 3.784180e-05	 764	 iter
572	 3.762903e-05	 766	 iter
573	 3.718059e-05	 768	 iter
574	 3.718059e-05	 769	 iter
575	 3.718059e-05	 770	 iter
576	 3.718059e-05	 771	 iter
577	 3.718059e-05	 772	 iter
578	 3.718059e-05	 773	 iter
579	 3.676927e-05	 775	 iter
580	 3.676927e-05	 776	 iter
581	 3.676927e-05	 777	 iter
582	 3.676927e-05	 778	 iter
583	 3.676927e-05	 779	 iter
584	 3.676927e-05	 780	 iter
585	 3.676927e-05	 781	 iter
586	 3.676927e-05	 782	 iter
587	 3.676927e-05	 783	 iter
588	 3.619212e-05	 785	 iter
589	 3.619212e-05	 786	 iter
590	 3.619212e-05	 787	 iter
591	 3.619212e-05	 788	 iter
592	 3.619212e-05	 789	 iter
593	 3.585457e-05	 791	 iter
594	 3.585457e-05	 792	 iter
595	 3.585457e-05	 793	 iter
596	 3.585457e-05	 794	 iter
597	 3.585457e-05	 795	 iter
598	 3.585457e-05	 796	 iter
599	 3.474863e-05	 798	 iter
600	 3.474863e-05	 799	 iter
601	 3.474863e-05	 800	 iter
602	 3.474863e-05	 801	 iter
603	 3.474863e-05	 802	 iter
604	 3.474863e-05	 803	 iter
605	 3.474863e-05	 804	 iter
606	 3.421688e-05	 806	 iter
607	 3.421688e-05	 807	 iter
608	 3.421688e-05	 808	 iter
609	 3.421688e-05	 809	 iter
610	 3.421688e-05	 810	 iter
611	 3.344999e-05	 812	 iter
612	 3.344999e-05	 813	 iter
613	 3.344999e-05	 814	 iter
614	 3.344999e-05	 815	 iter
615	 3.293515e-05	 817	 iter
616	 3.293515e-05	 818	 iter
617	 3.293515e-05	 819	 iter
618	 3.293515e-05	 820	 iter
619	 3.240978e-05	 822	 iter
620	 3.133690e-05	 824	 iter
621	 3.133690e-05	 825	 iter
622	 3.133690e-05	 826	 iter
623	 3.133690e-05	 827	 iter
624	 3.133690e-05	 828	 iter
625	 3.133690e-05	 829	 iter
626	 3.133690e-05	 830	 iter
627	 3.133690e-05	 831	 iter
628	 3.123899e-05	 833	 iter
629	 3.111581e-05	 835	 iter
630	 3.111581e-05	 836	 iter
631	 3.107149e-05	 838	 iter
632	 3.040876e-05	 840	 iter
633	 3.040876e-05	 841	 iter
634	 3.040876e-05	 842	 iter
635	 3.040876e-05	 843	 iter
636	 3.040876e-05	 844	 iter
637	 2.986171e-05	 846	 iter
638	 2.979197e-05	 848	 iter
639	 2.979197e-05	 849	 iter
640	 2.979197e-05	 850	 iter
641	 2.979197e-05	 851	 iter
642	 2.979197e-05	 852	 iter
643	 2.979197e-05	 853	 iter
644	 2.979197e-05	 854	 iter
645	 2.979197e-05	 856	 iter
646	 2.979197e-05	 857	 iter
647	 2.979197e-05	 858	 iter
648	 2.979197e-05	 859	 iter
649	 2.954437e-05	 861	 iter
650	 2.890056e-05	 863	 iter
651	 2.890056e-05	 864	 iter
652	 2.890056e-05	 865	 iter
653	 2.890056e-05	 866	 iter
654	 2.890056e-05	 868	 iter
655	 2.890056e-05	 869	 iter
656	 2.890056e-05	 870	 iter
657	 2.890056e-05	 871	 iter
658	 2.890056e-05	 872	 iter
659	 2.882275e-05	 874	 iter
660	 2.882275e-05	 875	 iter
661	 2.882275e-05	 877	 iter
662	 2.882275e-05	 879	 iter
663	 2.867558e-05	 881	 iter
664	 2.867558e-05	 882	 iter
665	 2.867558e-05	 883	 iter
666	 2.867558e-05	 884	 iter
667	 2.847467e-05	 886	 iter
668	 2.847467e-05	 887	 iter
669	 2.847467e-05	 888	 iter
670	 2.847467e-05	 889	 iter
671	 2.847467e-05	 890	 iter
672	 2.846323e-05	 892	 iter
673	 2.846323e-05	 894	 iter
674	 2.829349e-05	 896	 iter
675	 2.829349e-05	 897	 iter
676	 2.829349e-05	 899	 iter
677	 2.829349e-05	 900	 iter
678	 2.829349e-05	 902	 iter
679	 2.829349e-05	 903	 iter
680	 2.829349e-05	 904	 iter
681	 2.829349e-05	 905	 iter
682	 2.829349e-05	 906	 iter
683	 2.814627e-05	 908	 iter
684	 2.814627e-05	 910	 iter
685	 2.805565e-05	 912	 iter
686	 2.805565e-05	 913	 iter
687	 2.805565e-05	 914	 iter
688	 2.805565e-05	 916	 iter
689	 2.805565e-05	 917	 iter
690	 2.805134e-05	 919	 iter
691	 2.805134e-05	 920	 iter
692	 2.805134e-05	 921	 iter
693	 2.805134e-05	 922	 iter
694	 2.805134e-05	 923	 iter
695	 2.805134e-05	 924	 iter
696	 2.805134e-05	 925	 iter
697	 2.805134e-05	 926	 iter
698	 2.805134e-05	 927	 iter
699	 2.805134e-05	 928	 iter
700	 2.803305e-05	 930	 iter
701	 2.803305e-05	 931	 iter
702	 2.803305e-05	 932	 iter
703	 2.803305e-05	 933	 iter
704	 2.789913e-05	 935	 iter
705	 2.787031e-05	 937	 iter
706	 2.781738e-05	 939	 iter
707	 2.781738e-05	 940	 iter
708	 2.781738e-05	 942	 iter
709	 2.781738e-05	 943	 iter
710	 2.781738e-05	 944	 iter
711	 2.781738e-05	 945	 iter
712	 2.781738e-05	 947	 iter
713	 2.781738e-05	 948	 iter
714	 2.781738e-05	 949	 iter
715	 2.781738e-05	 950	 iter
716	 2.781738e-05	 951	 iter
717	 2.781738e-05	 952	 iter
718	 2.780572e-05	 954	 iter
719	 2.768224e-05	 956	 iter
720	 2.757406e-05	 958	 iter
721	 2.757406e-05	 959	 iter
722	 2.757406e-05	 961	 iter
723	 2.757406e-05	 963	 iter
724	 2.757406e-05	 965	 iter
725	 2.757406e-05	 967	 iter
726	 2.750565e-05	 969	 iter
727	 2.750565e-05	 971	 iter
728	 2.750565e-05	 973	 iter
729	 2.750565e-05	 975	 iter
730	 2.750565e-05	 977	 iter
731	 2.750565e-05	 978	 iter
732	 2.750565e-05	 979	 iter
733	 2.750565e-05	 981	 iter
734	 2.750565e-05	 982	 iter
735	 2.748554e-05	 984	 iter
736	 2.748554e-05	 986	 iter
737	 2.748554e-05	 987	 iter
738	 2.748554e-05	 988	 iter
739	 2.748554e-05	 989	 iter
740	 2.744156e-05	 991	 iter
741	 2.744156e-05	 992	 iter
742	 2.744156e-05	 993	 iter
743	 2.738558e-05	 995	 iter
744	 2.738558e-05	 996	 iter
745	 2.738558e-05	 997	 iter
746	 2.738558e-05	 999	 iter
747	 2.733122e-05	 1001	 iter
748	 2.733122e-05	 1002	 iter
749	 2.715122e-05	 1004	 iter
750	 2.715122e-05	 1005	 iter
751	 2.715122e-05	 1006	 iter
752	 2.715122e-05	 1007	 iter
753	 2.715122e-05	 1008	 iter
754	 2.715122e-05	 1009	 iter
755	 2.715122e-05	 1010	 iter
756	 2.706241e-05	 1012	 iter
757	 2.706241e-05	 1013	 iter
758	 2.706241e-05	 1014	 iter
759	 2.706241e-05	 1015	 iter
760	 2.704838e-05	 1017	 iter
761	 2.690128e-05	 1019	 iter
762	 2.690128e-05	 1020	 iter
763	 2.690128e-05	 1021	 iter
764	 2.690128e-05	 1022	 iter
765	 2.690128e-05	 1023	 iter
766	 2.690128e-05	 1024	 iter
767	 2.672400e-05	 1026	 iter
768	 2.664058e-05	 1028	 iter
769	 2.648184e-05	 1030	 iter
770	 2.648184e-05	 1031	 iter
771	 2.648184e-05	 1032	 iter
772	 2.648184e-05	 1033	 iter
773	 2.648184e-05	 1034	 iter
774	 2.633461e-05	 1036	 iter
775	 2.633461e-05	 1037	 iter
776	 2.633461e-05	 1038	 iter
777	 2.633461e-05	 1039	 iter
778	 2.632658e-05	 1041	 iter
779	 2.627793e-05	 1043	 iter
780	 2.627793e-05	 1044	 iter
781	 2.614788e-05	 1046	 iter
782	 2.614788e-05	 1047	 iter
783	 2.560028e-05	 1049	 iter
784	 2.560028e-05	 1050	 iter
785	 2.560028e-05	 1051	 iter
786	 2.560028e-05	 1052	 iter
787	 2.560028e-05	 1053	 iter
788	 2.560028e-05	 1054	 iter
789	 2.560028e-05	 1055	 iter
790	 2.560028e-05	 1056	 iter
791	 2.560028e-05	 1057	 iter
792	 2.560028e-05	 1058	 iter
793	 2.560028e-05	 1059	 iter
794	 2.560028e-05	 1060	 iter
795	 2.545620e-05	 1062	 iter
796	 2.545620e-05	 1063	 iter
797	 2.545620e-05	 1064	 iter
798	 2.524689e-05	 1066	 iter
799	 2.524689e-05	 1067	 iter
800	 2.495404e-05	 1069	 iter
801	 2.495404e-05	 1070	 iter
802	 2.495404e-05	 1071	 iter
803	 2.495404e-05	 1072	 iter
804	 2.495404e-05	 1073	 iter
805	 2.495404e-05	 1074	 iter
806	 2.495404e-05	 1075	 iter
807	 2.495404e-05	 1076	 iter
808	 2.490466e-05	 1078	 iter
809	 2.469762e-05	 1080	 iter
810	 2.469762e-05	 1081	 iter
811	 2.469762e-05	 1082	 iter
812	 2.469762e-05	 1083	 iter
813	 2.469762e-05	 1084	 iter
814	 2.453204e-05	 1086	 iter
815	 2.453204e-05	 1087	 iter
816	 2.453204e-05	 1088	 iter
817	 2.442245e-05	 1090	 iter
818	 2.421572e-05	 1092	 iter
819	 2.421572e-05	 1093	 iter
820	 2.421572e-05	 1094	 iter
821	 2.421572e-05	 1095	 iter
822	 2.418345e-05	 1097	 iter
823	 2.418345e-05	 1098	 iter
824	 2.418345e-05	 1099	 iter
825	 2.418345e-05	 1100	 iter
826	 2.418345e-05	 1101	 iter
827	 2.418345e-05	 1102	 iter
828	 2.388205e-05	 1104	 iter
829	 2.388205e-05	 1105	 iter
830	 2.388205e-05	 1106	 iter
831	 2.388205e-05	 1107	 iter
832	 2.387156e-05	 1109	 iter
833	 2.387156e-05	 1110	 iter
834	 2.387156e-05	 1111	 iter
835	 2.387156e-05	 1112	 iter
836	 2.387156e-05	 1114	 iter
837	 2.372347e-05	 1116	 iter
838	 2.370733e-05	 1118	 iter
839	 2.370733e-05	 1119	 iter
840	 2.370733e-05	 1120	 iter
841	 2.359893e-05	 1122	 iter
842	 2.359893e-05	 1123	 iter
843	 2.359893e-05	 1124	 iter
844	 2.336908e-05	 1126	 iter
845	 2.336908e-05	 1127	 iter
846	 2.323321e-05	 1129	 iter
847	 2.323321e-05	 1130	 iter
848	 2.323321e-05	 1131	 iter
849	 2.323321e-05	 1132	 iter
850	 2.323321e-05	 1133	 iter
851	 2.323321e-05	 1134	 iter
852	 2.323321e-05	 1135	 iter
853	 2.323321e-05	 1136	 iter
854	 2.280301e-05	 1138	 iter
855	 2.280301e-05	 1139	 iter
856	 2.280301e-05	 1140	 iter
857	 2.280301e-05	 1141	 iter
858	 2.280301e-05	 1142	 iter
859	 2.280301e-05	 1143	 iter
860	 2.280301e-05	 1144	 iter
861	 2.280301e-05	 1145	 iter
862	 2.277332e-05	 1147	 iter
863	 2.277332e-05	 1148	 iter
864	 2.277332e-05	 1149	 iter
865	 2.277332e-05	 1150	 iter
866	 2.261972e-05	 1152	 iter
867	 2.245895e-05	 1154	 iter
868	 2.245895e-05	 1155	 iter
869	 2.245895e-05	 1156	 iter
870	 2.245895e-05	 1157	 iter
871	 2.245895e-05	 1158	 iter
872	 2.245895e-05	 1159	 iter
873	 2.245895e-05	 1160	 iter
874	 2.238123e-05	 1162	 iter
875	 2.233875e-05	 1164	 iter
876	 2.233875e-05	 1165	 iter
877	 2.233875e-05	 1166	 iter
878	 2.233875e-05	 1167	 iter
879	 2.233875e-05	 1168	 iter
880	 2.233875e-05	 1169	 iter
881	 2.233875e-05	 1170	 iter
882	 2.233875e-05	 1171	 iter
883	 2.233875e-05	 1173	 iter
884	 2.231601e-05	 1175	 iter
885	 2.231601e-05	 1176	 iter
886	 2.231601e-05	 1177	 iter
887	 2.231601e-05	 1178	 iter
888	 2.231601e-05	 1179	 iter
889	 2.231601e-05	 1180	 iter
890	 2.209290e-05	 1182	 iter
891	 2.209290e-05	 1183	 iter
892	 2.209290e-05	 1184	 iter
893	 2.209290e-05	 1186	 iter
894	 2.209290e-05	 1187	 iter
895	 2.209290e-05	 1188	 iter
896	 2.209290e-05	 1189	 iter
897	 2.209290e-05	 1190	 iter
898	 2.203797e-05	 1192	 iter
899	 2.203797e-05	 1193	 iter
900	 2.203797e-05	 1195	 iter
901	 2.203797e-05	 1197	 iter
902	 2.203797e-05	 1198	 iter
903	 2.203797e-05	 1199	 iter
904	 2.203797e-05	 1200	 iter
905	 2.203797e-05	 1201	 iter
906	 2.203797e-05	 1202	 iter
907	 2.203797e-05	 1204	 iter
908	 2.203797e-05	 1205	 iter
909	 2.203797e-05	 1207	 iter
910	 2.203797e-05	 1209	 iter
911	 2.203797e-05	 1210	 iter
912	 2.203797e-05	 1211	 iter
913	 2.203797e-05	 1212	 iter
914	 2.199385e-05	 1214	 iter
915	 2.199385e-05	 1215	 iter
916	 2.195341e-05	 1217	 iter
917	 2.191864e-05	 1219	 iter
918	 2.191864e-05	 1220	 iter
919	 2.191864e-05	 1221	 iter
920	 2.191864e-05	 1222	 iter
921	 2.185696e-05	 1224	 iter
922	 2.176602e-05	 1226	 iter
923	 2.176602e-05	 1227	 iter
924	 2.176602e-05	 1228	 iter
925	 2.176602e-05	 1229	 iter
926	 2.176602e-05	 1230	 iter
927	 2.176602e-05	 1231	 iter
928	 2.176602e-05	 1232	 iter
929	 2.176602e-05	 1233	 iter
930	 2.176602e-05	 1234	 iter
931	 2.176602e-05	 1235	 iter
932	 2.176602e-05	 1236	 iter
933	 2.176602e-05	 1237	 iter
934	 2.176602e-05	 1238	 iter
935	 2.176602e-05	 1239	 iter
936	 2.176602e-05	 1240	 iter
937	 2.176602e-05	 1242	 iter
938	 2.173245e-05	 1244	 iter
939	 2.173245e-05	 1245	 iter
940	 2.173245e-05	 1246	 iter
941	 2.173245e-05	 1247	 iter
942	 2.173245e-05	 1248	 iter
943	 2.173245e-05	 1249	 iter
944	 2.173245e-05	 1251	 iter
945	 2.161814e-05	 1253	 iter
946	 2.161814e-05	 1254	 iter
947	 2.161814e-05	 1255	 iter
948	 2.161814e-05	 1256	 iter
949	 2.161814e-05	 1257	 iter
950	 2.161814e-05	 1258	 iter
951	 2.161814e-05	 1259	 iter
952	 2.161814e-05	 1261	 iter
953	 2.161814e-05	 1263	 iter
954	 2.161814e-05	 1264	 iter
955	 2.161814e-05	 1265	 iter
956	 2.161814e-05	 1267	 iter
957	 2.157734e-05	 1269	 iter
958	 2.157734e-05	 1270	 iter
959	 2.157734e-05	 1271	 iter
960	 2.157734e-05	 1273	 iter
961	 2.157734e-05	 1275	 iter
962	 2.157734e-05	 1277	 iter
963	 2.157734e-05	 1278	 iter
964	 2.157734e-05	 1280	 iter
965	 2.157734e-05	 1281	 iter
966	 2.157734e-05	 1282	 iter
967	 2.157734e-05	 1283	 iter
968	 2.157734e-05	 1284	 iter
969	 2.157734e-05	 1285	 iter
970	 2.157734e-05	 1286	 iter
971	 2.155045e-05	 1288	 iter
972	 2.155045e-05	 1289	 iter
973	 2.150101e-05	 1291	 iter
974	 2.150101e-05	 1292	 iter
975	 2.150101e-05	 1293	 iter
976	 2.150101e-05	 1294	 iter
977	 2.150101e-05	 1295	 iter
978	 2.143481e-05	 1297	 iter
979	 2.143481e-05	 1298	 iter
980	 2.143481e-05	 1299	 iter
981	 2.143481e-05	 1300	 iter
982	 2.131378e-05	 1302	 iter
983	 2.131378e-05	 1303	 iter
984	 2.131378e-05	 1304	 iter
985	 2.131378e-05	 1305	 iter
986	 2.131378e-05	 1306	 iter
987	 2.131378e-05	 1307	 iter
988	 2.131378e-05	 1308	 iter
989	 2.131378e-05	 1309	 iter
990	 2.131378e-05	 1310	 iter
991	 2.131378e-05	 1311	 iter
992	 2.131378e-05	 1312	 iter
993	 2.131378e-05	 1313	 iter
994	 2.131378e-05	 1314	 iter
995	 2.131378e-05	 1315	 iter
996	 2.131378e-05	 1316	 iter
997	 2.131378e-05	 1317	 iter
998	 2.116601e-05	 1319	 iter
999	 2.116601e-05	 1320	 iter
1000	 2.116601e-05	 1321	 iter
1001	 2.116601e-05	 1322	 iter
1002	 2.116601e-05	 1323	 iter
1003	 2.116601e-05	 1324	 iter
1004	 2.116601e-05	 1325	 iter
1005	 2.116601e-05	 1326	 iter
1006	 2.094262e-05	 1328	 iter
1007	 2.094262e-05	 1329	 iter
1008	 2.094262e-05	 1330	 iter
1009	 2.094262e-05	 1331	 iter
1010	 2.094262e-05	 1332	 iter
1011	 2.094262e-05	 1333	 iter
1012	 2.094262e-05	 1334	 iter
1013	 2.086989e-05	 1336	 iter
1014	 2.086989e-05	 1337	 iter
1015	 2.086989e-05	 1338	 iter
1016	 2.086989e-05	 1339	 iter
1017	 2.086989e-05	 1340	 iter
1018	 2.086989e-05	 1341	 iter
1019	 2.084282e-05	 1343	 iter
1020	 2.084282e-05	 1344	 iter
1021	 2.084282e-05	 1345	 iter
1022	 2.063857e-05	 1347	 iter
1023	 2.063857e-05	 1348	 iter
1024	 2.045888e-05	 1350	 iter
1025	 2.045888e-05	 1351	 iter
1026	 2.045888e-05	 1352	 iter
1027	 2.045888e-05	 1353	 iter
1028	 2.045888e-05	 1354	 iter
1029	 2.045888e-05	 1355	 iter
1030	 2.038243e-05	 1357	 iter
1031	 2.038243e-05	 1358	 iter
1032	 2.018500e-05	 1360	 iter
1033	 2.018500e-05	 1361	 iter
1034	 2.018500e-05	 1362	 iter
1035	 2.018500e-05	 1363	 iter
1036	 2.018500e-05	 1364	 iter
1037	 2.018500e-05	 1365	 iter
1038	 1.999178e-05	 1367	 iter
1039	 1.999178e-05	 1368	 iter
1040	 1.999178e-05	 1369	 iter
1041	 1.998229e-05	 1371	 iter
1042	 1.998229e-05	 1372	 iter
1043	 1.986320e-05	 1374	 iter
1044	 1.986320e-05	 1375	 iter
1045	 1.983255e-05	 1377	 iter
1046	 1.947543e-05	 1379	 iter
1047	 1.947543e-05	 1380	 iter
1048	 1.947543e-05	 1381	 iter
1049	 1.947543e-05	 1382	 iter
1050	 1.947543e-05	 1383	 iter
1051	 1.947543e-05	 1384	 iter
1052	 1.947543e-05	 1385	 iter
1053	 1.947543e-05	 1386	 iter
1054	 1.946902e-05	 1388	 iter
1055	 1.941189e-05	 1390	 iter
1056	 1.940276e-05	 1392	 iter
1057	 1.925479e-05	 1394	 iter
1058	 1.925479e-05	 1395	 iter
1059	 1.876387e-05	 1397	 iter
1060	 1.876387e-05	 1398	 iter
1061	 1.876387e-05	 1399	 iter
1062	 1.876387e-05	 1400	 iter
1063	 1.876387e-05	 1401	 iter
1064	 1.876387e-05	 1402	 iter
1065	 1.876387e-05	 1403	 iter
1066	 1.831618e-05	 1405	 iter
1067	 1.831618e-05	 1406	 iter
1068	 1.831618e-05	 1407	 iter
1069	 1.831618e-05	 1408	 iter
1070	 1.831618e-05	 1409	 iter
1071	 1.831618e-05	 1410	 iter
1072	 1.831618e-05	 1411	 iter
1073	 1.831618e-05	 1412	 iter
1074	 1.831618e-05	 1413	 iter
1075	 1.831618e-05	 1414	 iter
1076	 1.779796e-05	 1416	 iter
1077	 1.779796e-05	 1417	 iter
1078	 1.779796e-05	 1418	 iter
1079	 1.779796e-05	 1419	 iter
1080	 1.779796e-05	 1420	 iter
1081	 1.779796e-05	 1421	 iter
1082	 1.779796e-05	 1422	 iter
1083	 1.779796e-05	 1423	 iter
1084	 1.765947e-05	 1425	 iter
1085	 1.765947e-05	 1426	 iter
1086	 1.765947e-05	 1427	 iter
1087	 1.752672e-05	 1429	 iter
1088	 1.752672e-05	 1430	 iter
1089	 1.752672e-05	 1431	 iter
1090	 1.735527e-05	 1433	 iter
1091	 1.735527e-05	 1434	 iter
1092	 1.734342e-05	 1436	 iter
1093	 1.734342e-05	 1437	 iter
1094	 1.734342e-05	 1438	 iter
1095	 1.734342e-05	 1439	 iter
1096	 1.725746e-05	 1441	 iter
1097	 1.725746e-05	 1442	 iter
1098	 1.725746e-05	 1443	 iter
1099	 1.725746e-05	 1444	 iter
1100	 1.725746e-05	 1445	 iter
1101	 1.725746e-05	 1446	 iter
1102	 1.706571e-05	 1448	 iter
1103	 1.706571e-05	 1450	 iter
1104	 1.706571e-05	 1451	 iter
1105	 1.706571e-05	 1452	 iter
1106	 1.706571e-05	 1453	 iter
1107	 1.706571e-05	 1454	 iter
1108	 1.706571e-05	 1456	 iter
1109	 1.706571e-05	 1458	 iter
1110	 1.702922e-05	 1460	 iter
1111	 1.702365e-05	 1462	 iter
1112	 1.702365e-05	 1463	 iter
1113	 1.702365e-05	 1465	 iter
1114	 1.702365e-05	 1466	 iter
1115	 1.702365e-05	 1467	 iter
1116	 1.702365e-05	 1469	 iter
1117	 1.702365e-05	 1470	 iter
1118	 1.702365e-05	 1471	 iter
1119	 1.702365e-05	 1472	 iter
1120	 1.685930e-05	 1474	 iter
1121	 1.685930e-05	 1476	 iter
1122	 1.685930e-05	 1477	 iter
1123	 1.685930e-05	 1478	 iter
1124	 1.685930e-05	 1480	 iter
1125	 1.685930e-05	 1481	 iter
1126	 1.685930e-05	 1482	 iter
1127	 1.685930e-05	 1483	 iter
1128	 1.685930e-05	 1484	 iter
1129	 1.685930e-05	 1486	 iter
1130	 1.685930e-05	 1487	 iter
1131	 1.685930e-05	 1488	 iter
1132	 1.685930e-05	 1489	 iter
1133	 1.685930e-05	 1490	 iter
1134	 1.685930e-05	 1492	 iter
1135	 1.685930e-05	 1494	 iter
1136	 1.685930e-05	 1496	 iter
1137	 1.685930e-05	 1498	 iter
1138	 1.685930e-05	 1499	 iter
1139	 1.684158e-05	 1501	 iter
1140	 1.684158e-05	 1502	 iter
1141	 1.684158e-05	 1504	 iter
1142	 1.684158e-05	 1505	 iter
1143	 1.684158e-05	 1506	 iter
1144	 1.675693e-05	 1508	 iter
1145	 1.675693e-05	 1510	 iter
1146	 1.675693e-05	 1512	 iter
1147	 1.675693e-05	 1514	 iter
1148	 1.675693e-05	 1515	 iter
1149	 1.675693e-05	 1517	 iter
1150	 1.675693e-05	 1518	 iter
1151	 1.675693e-05	 1519	 iter
1152	 1.675693e-05	 1520	 iter
1153	 1.675693e-05	 1521	 iter
1154	 1.675693e-05	 1522	 iter
1155	 1.675693e-05	 1524	 iter
1156	 1.675693e-05	 1525	 iter
1157	 1.675693e-05	 1526	 iter
1158	 1.675693e-05	 1528	 iter
1159	 1.675693e-05	 1529	 iter
1160	 1.675340e-05	 1531	 iter
1161	 1.675340e-05	 1532	 iter
1162	 1.675340e-05	 1533	 iter
1163	 1.675340e-05	 1534	 iter
1164	 1.675340e-05	 1535	 iter
1165	 1.675340e-05	 1536	 iter
1166	 1.675340e-05	 1537	 iter
1167	 1.675340e-05	 1538	 iter
1168	 1.675340e-05	 1539	 iter
1169	 1.675340e-05	 1540	 iter
1170	 1.675340e-05	 1541	 iter
1171	 1.675340e-05	 1542	 iter
1172	 1.675340e-05	 1543	 iter
1173	 1.674438e-05	 1545	 iter
1174	 1.674438e-05	 1547	 iter
1175	 1.674438e-05	 1548	 iter
1176	 1.674438e-05	 1550	 iter
1177	 1.674438e-05	 1552	 iter
1178	 1.674438e-05	 1554	 iter
1179	 1.674438e-05	 1555	 iter
1180	 1.672327e-05	 1557	 iter
1181	 1.672327e-05	 1558	 iter
1182	 1.672327e-05	 1560	 iter
1183	 1.672327e-05	 1562	 iter
1184	 1.672327e-05	 1564	 iter
1185	 1.672327e-05	 1565	 iter
1186	 1.672327e-05	 1567	 iter
1187	 1.672327e-05	 1569	 iter
1188	 1.672327e-05	 1571	 iter
1189	 1.672317e-05	 1573	 iter
1190	 1.672317e-05	 1574	 iter
1191	 1.671583e-05	 1576	 iter
1192	 1.671583e-05	 1577	 iter
1193	 1.671583e-05	 1578	 iter
1194	 1.670542e-05	 1580	 iter
1195	 1.669669e-05	 1582	 iter
1196	 1.669669e-05	 1584	 iter
1197	 1.669669e-05	 1585	 iter
1198	 1.669669e-05	 1586	 iter
1199	 1.669514e-05	 1588	 iter
1200	 1.669514e-05	 1589	 iter
1201	 1.669514e-05	 1591	 iter
1202	 1.669514e-05	 1592	 iter
1203	 1.669514e-05	 1594	 iter
1204	 1.667675e-05	 1596	 iter
1205	 1.667675e-05	 1597	 iter
1206	 1.667675e-05	 1598	 iter
1207	 1.667675e-05	 1600	 iter
1208	 1.667675e-05	 1601	 iter
1209	 1.667675e-05	 1602	 iter
1210	 1.667675e-05	 1603	 iter
1211	 1.667675e-05	 1604	 iter
1212	 1.667675e-05	 1605	 iter
1213	 1.667675e-05	 1606	 iter
1214	 1.667675e-05	 1607	 iter
1215	 1.667675e-05	 1608	 iter
1216	 1.667675e-05	 1609	 iter
1217	 1.666997e-05	 1611	 iter
1218	 1.666997e-05	 1612	 iter
1219	 1.666997e-05	 1613	 iter
1220	 1.665458e-05	 1615	 iter
1221	 1.665458e-05	 1616	 iter
1222	 1.665458e-05	 1617	 iter
1223	 1.665458e-05	 1618	 iter
1224	 1.665458e-05	 1619	 iter
1225	 1.664196e-05	 1621	 iter
1226	 1.664196e-05	 1622	 iter
1227	 1.663399e-05	 1624	 iter
1228	 1.663399e-05	 1625	 iter
1229	 1.663399e-05	 1626	 iter
1230	 1.663399e-05	 1627	 iter
1231	 1.663376e-05	 1629	 iter
1232	 1.663376e-05	 1630	 iter
1233	 1.663376e-05	 1631	 iter
1234	 1.663376e-05	 1632	 iter
1235	 1.662450e-05	 1634	 iter
1236	 1.661596e-05	 1636	 iter
1237	 1.661596e-05	 1637	 iter
1238	 1.661596e-05	 1638	 iter
1239	 1.661596e-05	 1639	 iter
1240	 1.661596e-05	 1640	 iter
1241	 1.658660e-05	 1642	 iter
1242	 1.658660e-05	 1643	 iter
1243	 1.658660e-05	 1644	 iter
1244	 1.658660e-05	 1645	 iter
1245	 1.658660e-05	 1646	 iter
1246	 1.658660e-05	 1647	 iter
1247	 1.658660e-05	 1648	 iter
1248	 1.658660e-05	 1649	 iter
1249	 1.658660e-05	 1650	 iter
1250	 1.655600e-05	 1652	 iter
1251	 1.655600e-05	 1653	 iter
1252	 1.655600e-05	 1654	 iter
1253	 1.655469e-05	 1656	 iter
1254	 1.655354e-05	 1658	 iter
1255	 1.655005e-05	 1660	 iter
1256	 1.655005e-05	 1661	 iter
1257	 1.655005e-05	 1662	 iter
1258	 1.652359e-05	 1664	 iter
1259	 1.652359e-05	 1665	 iter
1260	 1.652359e-05	 1666	 iter
1261	 1.652359e-05	 1667	 iter
1262	 1.652359e-05	 1668	 iter
1263	 1.652288e-05	 1670	 iter
1264	 1.652288e-05	 1671	 iter
1265	 1.652288e-05	 1672	 iter
1266	 1.651234e-05	 1674	 iter
1267	 1.649439e-05	 1676	 iter
1268	 1.648749e-05	 1678	 iter
1269	 1.648749e-05	 1679	 iter
1270	 1.645802e-05	 1681	 iter
1271	 1.645802e-05	 1682	 iter
1272	 1.645802e-05	 1683	 iter
1273	 1.645802e-05	 1684	 iter
1274	 1.645802e-05	 1685	 iter
1275	 1.642262e-05	 1687	 iter
1276	 1.642262e-05	 1688	 iter
1277	 1.642262e-05	 1689	 iter
1278	 1.642262e-05	 1690	 iter
1279	 1.642262e-05	 1691	 iter
1280	 1.642262e-05	 1692	 iter
1281	 1.641885e-05	 1694	 iter
1282	 1.641885e-05	 1695	 iter
1283	 1.638860e-05	 1697	 iter
1284	 1.637294e-05	 1699	 iter
1285	 1.637294e-05	 1700	 iter
1286	 1.636742e-05	 1702	 iter
1287	 1.636446e-05	 1704	 iter
1288	 1.635789e-05	 1706	 iter
1289	 1.634802e-05	 1708	 iter
1290	 1.633633e-05	 1710	 iter
1291	 1.633633e-05	 1711	 iter
1292	 1.630778e-05	 1713	 iter
1293	 1.630778e-05	 1714	 iter
1294	 1.628628e-05	 1716	 iter
1295	 1.628628e-05	 1717	 iter
1296	 1.628628e-05	 1718	 iter
1297	 1.628628e-05	 1719	 iter
1298	 1.628628e-05	 1720	 iter
1299	 1.617710e-05	 1722	 iter
1300	 1.617710e-05	 1723	 iter
1301	 1.617710e-05	 1724	 iter
1302	 1.617710e-05	 1725	 iter
1303	 1.617710e-05	 1726	 iter
1304	 1.617710e-05	 1727	 iter
1305	 1.617174e-05	 1729	 iter
1306	 1.617174e-05	 1730	 iter
1307	 1.617174e-05	 1731	 iter
1308	 1.613639e-05	 1733	 iter
1309	 1.613639e-05	 1734	 iter
1310	 1.613639e-05	 1735	 iter
1311	 1.613639e-05	 1736	 iter
1312	 1.613495e-05	 1738	 iter
1313	 1.613495e-05	 1739	 iter
1314	 1.596442e-05	 1741	 iter
1315	 1.596442e-05	 1742	 iter
1316	 1.596442e-05	 1743	 iter
1317	 1.596442e-05	 1744	 iter
1318	 1.596442e-05	 1745	 iter
1319	 1.596442e-05	 1746	 iter
1320	 1.596442e-05	 1747	 iter
1321	 1.596442e-05	 1749	 iter
1322	 1.596442e-05	 1750	 iter
1323	 1.596442e-05	 1751	 iter
1324	 1.596442e-05	 1752	 iter
1325	 1.596442e-05	 1753	 iter
1326	 1.596442e-05	 1754	 iter
1327	 1.596442e-05	 1755	 iter
1328	 1.596442e-05	 1756	 iter
1329	 1.596442e-05	 1757	 iter
1330	 1.596442e-05	 1758	 iter
1331	 1.595037e-05	 1760	 iter
1332	 1.595037e-05	 1761	 iter
1333	 1.595037e-05	 1762	 iter
1334	 1.595037e-05	 1763	 iter
1335	 1.590678e-05	 1765	 iter
1336	 1.584264e-05	 1767	 iter
1337	 1.581958e-05	 1769	 iter
1338	 1.581958e-05	 1770	 iter
1339	 1.581958e-05	 1771	 iter
1340	 1.581958e-05	 1772	 iter
1341	 1.581958e-05	 1773	 iter
1342	 1.581958e-05	 1774	 iter
1343	 1.581958e-05	 1775	 iter
1344	 1.580933e-05	 1777	 iter
1345	 1.570595e-05	 1779	 iter
1346	 1.570595e-05	 1780	 iter
1347	 1.570595e-05	 1781	 iter
1348	 1.570595e-05	 1782	 iter
1349	 1.565432e-05	 1784	 iter
1350	 1.565432e-05	 1785	 iter
1351	 1.565432e-05	 1786	 iter
1352	 1.543612e-05	 1788	 iter
1353	 1.543612e-05	 1789	 iter
1354	 1.543612e-05	 1790	 iter
1355	 1.543612e-05	 1791	 iter
1356	 1.543612e-05	 1792	 iter
1357	 1.543612e-05	 1793	 iter
1358	 1.543612e-05	 1794	 iter
1359	 1.543612e-05	 1795	 iter
1360	 1.529079e-05	 1797	 iter
1361	 1.529079e-05	 1798	 iter
1362	 1.529079e-05	 1799	 iter
1363	 1.529079e-05	 1800	 iter
1364	 1.529079e-05	 1801	 iter
1365	 1.519790e-05	 1803	 iter
1366	 1.519790e-05	 1804	 iter
1367	 1.519790e-05	 1805	 iter
1368	 1.519790e-05	 1806	 iter
1369	 1.519790e-05	 1807	 iter
1370	 1.519790e-05	 1808	 iter
1371	 1.519790e-05	 1809	 iter
1372	 1.496357e-05	 1811	 iter
1373	 1.496357e-05	 1812	 iter
1374	 1.496357e-05	 1813	 iter
1375	 1.496357e-05	 1814	 iter
1376	 1.496357e-05	 1815	 iter
1377	 1.461452e-05	 1817	 iter
1378	 1.461452e-05	 1818	 iter
1379	 1.461452e-05	 1819	 iter
1380	 1.461452e-05	 1820	 iter
1381	 1.461452e-05	 1821	 iter
1382	 1.461452e-05	 1822	 iter
1383	 1.461452e-05	 1823	 iter
1384	 1.461452e-05	 1824	 iter
1385	 1.461452e-05	 1825	 iter
1386	 1.461452e-05	 1826	 iter
1387	 1.440771e-05	 1828	 iter
1388	 1.440771e-05	 1829	 iter
1389	 1.440771e-05	 1830	 iter
1390	 1.440771e-05	 1831	 iter
1391	 1.440771e-05	 1832	 iter
1392	 1.440771e-05	 1833	 iter
1393	 1.440771e-05	 1834	 iter
1394	 1.440771e-05	 1835	 iter
1395	 1.440771e-05	 1836	 iter
1396	 1.388380e-05	 1838	 iter
1397	 1.388380e-05	 1839	 iter
1398	 1.388380e-05	 1840	 iter
1399	 1.388380e-05	 1841	 iter
1400	 1.388380e-05	 1842	 iter
1401	 1.388380e-05	 1843	 iter
1402	 1.388380e-05	 1844	 iter
1403	 1.388380e-05	 1845	 iter
1404	 1.388380e-05	 1846	 iter
1405	 1.388380e-05	 1847	 iter
1406	 1.370593e-05	 1849	 iter
1407	 1.370593e-05	 1850	 iter
1408	 1.370593e-05	 1851	 iter
1409	 1.370593e-05	 1852	 iter
1410	 1.351282e-05	 1854	 iter
1411	 1.351282e-05	 1855	 iter
1412	 1.351282e-05	 1856	 iter
1413	 1.324772e-05	 1858	 iter
1414	 1.324772e-05	 1859	 iter
1415	 1.293618e-05	 1861	 iter
1416	 1.293618e-05	 1862	 iter
1417	 1.293618e-05	 1863	 iter
1418	 1.293618e-05	 1864	 iter
1419	 1.293618e-05	 1865	 iter
1420	 1.293618e-05	 1866	 iter
1421	 1.241694e-05	 1868	 iter
1422	 1.241694e-05	 1869	 iter
1423	 1.241694e-05	 1870	 iter
1424	 1.241694e-05	 1871	 iter
1425	 1.241694e-05	 1872	 iter
1426	 1.241694e-05	 1873	 iter
1427	 1.241694e-05	 1874	 iter
1428	 1.241694e-05	 1875	 iter
1429	 1.241694e-05	 1876	 iter
1430	 1.177190e-05	 1878	 iter
1431	 1.177190e-05	 1879	 iter
1432	 1.177190e-05	 1880	 iter
1433	 1.177190e-05	 1881	 iter
1434	 1.177190e-05	 1882	 iter
1435	 1.170550e-05	 1884	 iter
1436	 1.153013e-05	 1886	 iter
1437	 1.153013e-05	 1887	 iter
1438	 1.153013e-05	 1888	 iter
1439	 1.153013e-05	 1889	 iter
1440	 1.153013e-05	 1890	 iter
1441	 1.145413e-05	 1892	 iter
1442	 1.080901e-05	 1894	 iter
1443	 1.080901e-05	 1895	 iter
1444	 1.080901e-05	 1896	 iter
1445	 1.080901e-05	 1897	 iter
1446	 1.080901e-05	 1898	 iter
1447	 1.080901e-05	 1899	 iter
1448	 1.080901e-05	 1900	 iter
1449	 1.080901e-05	 1901	 iter
1450	 1.080901e-05	 1903	 iter
1451	 1.080901e-05	 1905	 iter
1452	 1.080901e-05	 1906	 iter
1453	 1.080901e-05	 1907	 iter
1454	 1.080901e-05	 1908	 iter
1455	 1.080901e-05	 1909	 iter
1456	 1.080901e-05	 1910	 iter
1457	 1.080901e-05	 1911	 iter
1458	 1.080901e-05	 1912	 iter
1459	 1.080901e-05	 1914	 iter
1460	 1.080901e-05	 1916	 iter
1461	 1.080901e-05	 1917	 iter
1462	 1.080901e-05	 1918	 iter
1463	 1.080901e-05	 1919	 iter
1464	 1.080901e-05	 1920	 iter
1465	 1.054829e-05	 1922	 iter
1466	 1.054829e-05	 1923	 iter
1467	 1.054829e-05	 1924	 iter
1468	 1.054829e-05	 1925	 iter
1469	 1.054829e-05	 1926	 iter
1470	 1.054829e-05	 1928	 iter
1471	 1.054829e-05	 1929	 iter
1472	 1.054829e-05	 1930	 iter
1473	 1.054829e-05	 1931	 iter
1474	 1.054829e-05	 1933	 iter
1475	 1.054829e-05	 1934	 iter
1476	 9.939759e-06	 1936	 iter
1477	 9.939759e-06	 1937	 iter
1478	 9.939759e-06	 1938	 iter
1479	 9.939759e-06	 1939	 iter
1480	 9.939759e-06	 1940	 iter
1481	 9.939759e-06	 1942	 iter
1482	 9.939759e-06	 1943	 iter
1483	 9.939759e-06	 1944	 iter
1484	 9.939759e-06	 1945	 iter
1485	 9.939759e-06	 1946	 iter
1486	 9.939759e-06	 1947	 iter
1487	 9.939759e-06	 1948	 iter
1488	 9.840534e-06	 1950	 iter
1489	 9.840534e-06	 1951	 iter
1490	 9.840534e-06	 1952	 iter
1491	 9.840534e-06	 1953	 iter
1492	 9.840534e-06	 1954	 iter
1493	 9.551775e-06	 1956	 iter
1494	 9.551775e-06	 1957	 iter
1495	 9.551775e-06	 1958	 iter
1496	 9.520811e-06	 1960	 iter
1497	 9.515244e-06	 1962	 iter
1498	 9.515244e-06	 1963	 iter
1499	 9.515244e-06	 1964	 iter
1500	 9.515244e-06	 1966	 iter
1501	 9.437822e-06	 1968	 iter
1502	 9.437822e-06	 1969	 iter
1503	 9.437822e-06	 1970	 iter
1504	 9.437822e-06	 1971	 iter
1505	 9.435769e-06	 1973	 iter
1506	 9.435769e-06	 1974	 iter
1507	 9.423693e-06	 1976	 iter
1508	 9.085966e-06	 1978	 iter
1509	 9.085966e-06	 1979	 iter
1510	 9.085966e-06	 1980	 iter
1511	 9.085966e-06	 1982	 iter
1512	 9.085966e-06	 1984	 iter
1513	 9.085966e-06	 1985	 iter
1514	 8.726547e-06	 1987	 iter
1515	 8.726547e-06	 1989	 iter
1516	 8.726547e-06	 1990	 iter
1517	 8.726547e-06	 1991	 iter
1518	 8.726547e-06	 1992	 iter
1519	 8.726547e-06	 1993	 iter
1520	 8.726547e-06	 1994	 iter
1521	 8.726547e-06	 1995	 iter
1522	 8.726547e-06	 1996	 iter
1523	 8.726547e-06	 1997	 iter
1524	 8.726547e-06	 1998	 iter
1525	 8.726547e-06	 1999	 iter
1526	 8.696117e-06	 2001	 iter
1527	 8.696117e-06	 2002	 iter
1528	 8.538141e-06	 2004	 iter
1529	 8.538141e-06	 2005	 iter
1530	 8.538141e-06	 2006	 iter
1531	 8.538141e-06	 2007	 iter
1532	 8.538141e-06	 2008	 iter
1533	 8.538141e-06	 2009	 iter
1534	 8.538141e-06	 2010	 iter
1535	 8.538141e-06	 2011	 iter
1536	 8.483012e-06	 2013	 iter
1537	 8.483012e-06	 2014	 iter
1538	 8.483012e-06	 2015	 iter
1539	 8.174775e-06	 2017	 iter
1540	 8.174775e-06	 2018	 iter
1541	 8.174775e-06	 2019	 iter
1542	 8.174775e-06	 2020	 iter
1543	 8.174775e-06	 2021	 iter
1544	 8.174775e-06	 2022	 iter
1545	 8.174775e-06	 2024	 iter
1546	 8.174775e-06	 2025	 iter
1547	 8.174775e-06	 2026	 iter
1548	 8.090711e-06	 2028	 iter
1549	 8.090711e-06	 2029	 iter
1550	 8.090711e-06	 2031	 iter
1551	 8.086540e-06	 2033	 iter
1552	 8.078118e-06	 2035	 iter
1553	 8.078118e-06	 2036	 iter
1554	 8.078118e-06	 2037	 iter
1555	 8.078118e-06	 2038	 iter
1556	 7.760451e-06	 2040	 iter
1557	 7.760451e-06	 2041	 iter
1558	 7.760451e-06	 2042	 iter
1559	 7.760451e-06	 2043	 iter
1560	 7.760451e-06	 2044	 iter
1561	 7.760451e-06	 2046	 iter
1562	 7.760451e-06	 2047	 iter
1563	 7.760451e-06	 2048	 iter
1564	 7.760451e-06	 2049	 iter
1565	 7.760451e-06	 2050	 iter
1566	 7.760451e-06	 2051	 iter
1567	 7.760451e-06	 2052	 iter
1568	 7.760451e-06	 2053	 iter
1569	 7.760451e-06	 2054	 iter
1570	 7.760451e-06	 2055	 iter
1571	 7.662282e-06	 2057	 iter
1572	 7.662282e-06	 2058	 iter
1573	 7.628411e-06	 2060	 iter
1574	 7.628411e-06	 2061	 iter
1575	 7.628411e-06	 2062	 iter
1576	 7.628411e-06	 2063	 iter
1577	 7.628411e-06	 2064	 iter
1578	 7.628411e-06	 2065	 iter
1579	 7.617608e-06	 2067	 iter
1580	 7.617608e-06	 2068	 iter
1581	 7.617608e-06	 2069	 iter
1582	 7.617608e-06	 2070	 iter
1583	 7.617608e-06	 2071	 iter
1584	 7.617608e-06	 2072	 iter
1585	 7.617608e-06	 2073	 iter
1586	 7.617608e-06	 2074	 iter
1587	 7.617608e-06	 2075	 iter
1588	 7.617608e-06	 2076	 iter
1589	 7.402928e-06	 2078	 iter
1590	 7.402928e-06	 2080	 iter
1591	 7.402928e-06	 2081	 iter
1592	 7.402928e-06	 2083	 iter
1593	 7.402928e-06	 2084	 iter
1594	 7.402928e-06	 2085	 iter
1595	 7.402928e-06	 2087	 iter
1596	 7.392218e-06	 2089	 iter
1597	 7.392218e-06	 2091	 iter
1598	 7.392218e-06	 2093	 iter
1599	 7.263662e-06	 2095	 iter
1600	 7.263662e-06	 2096	 iter
1601	 7.263662e-06	 2098	 iter
1602	 7.263662e-06	 2099	 iter
1603	 7.263662e-06	 2100	 iter
1604	 7.263662e-06	 2102	 iter
1605	 7.263662e-06	 2103	 iter
1606	 7.263662e-06	 2104	 iter
1607	 7.263662e-06	 2105	 iter
1608	 7.263662e-06	 2106	 iter
1609	 7.263662e-06	 2107	 iter
1610	 7.205705e-06	 2109	 iter
1611	 7.205705e-06	 2110	 iter
1612	 7.205705e-06	 2111	 iter
1613	 7.205705e-06	 2112	 iter
1614	 7.195513e-06	 2114	 iter
1615	 6.883989e-06	 2116	 iter
1616	 6.883989e-06	 2117	 iter
1617	 6.883989e-06	 2118	 iter
1618	 6.883989e-06	 2119	 iter
1619	 6.883989e-06	 2120	 iter
1620	 6.883989e-06	 2121	 iter
1621	 6.883989e-06	 2122	 iter
1622	 6.883989e-06	 2124	 iter
1623	 6.883989e-06	 2125	 iter
1624	 6.883989e-06	 2126	 iter
1625	 6.883989e-06	 2127	 iter
1626	 6.883989e-06	 2128	 iter
1627	 6.883989e-06	 2129	 iter
1628	 6.883989e-06	 2130	 iter
1629	 6.883989e-06	 2131	 iter
1630	 6.883989e-06	 2132	 iter
1631	 6.883989e-06	 2133	 iter
1632	 6.883989e-06	 2134	 iter
1633	 6.845947e-06	 2136	 iter
1634	 6.845947e-06	 2137	 iter
1635	 6.845947e-06	 2138	 iter
1636	 6.845947e-06	 2139	 iter
1637	 6.845947e-06	 2140	 iter
1638	 6.845947e-06	 2141	 iter
1639	 6.836229e-06	 2143	 iter
1640	 6.810889e-06	 2145	 iter
1641	 6.810889e-06	 2146	 iter
1642	 6.810889e-06	 2148	 iter
1643	 6.781856e-06	 2150	 iter
1644	 6.742432e-06	 2152	 iter
1645	 6.742432e-06	 2154	 iter
1646	 6.742432e-06	 2155	 iter
1647	 6.742432e-06	 2156	 iter
1648	 6.733271e-06	 2158	 iter
1649	 6.733271e-06	 2159	 iter
1650	 6.733271e-06	 2161	 iter
1651	 6.733271e-06	 2163	 iter
1652	 6.733271e-06	 2164	 iter
1653	 6.733271e-06	 2165	 iter
1654	 6.733271e-06	 2166	 iter
1655	 6.703052e-06	 2168	 iter
1656	 6.651436e-06	 2170	 iter
1657	 6.625575e-06	 2172	 iter
1658	 6.625575e-06	 2173	 iter
1659	 6.625575e-06	 2174	 iter
1660	 6.625575e-06	 2175	 iter
1661	 6.625575e-06	 2176	 iter
1662	 6.615215e-06	 2178	 iter
1663	 6.584886e-06	 2180	 iter
1664	 6.584886e-06	 2181	 iter
1665	 6.584886e-06	 2182	 iter
1666	 6.584886e-06	 2183	 iter
1667	 6.584886e-06	 2184	 iter
1668	 6.584886e-06	 2186	 iter
1669	 6.571204e-06	 2188	 iter
1670	 6.546575e-06	 2190	 iter
1671	 6.546575e-06	 2191	 iter
1672	 6.546575e-06	 2192	 iter
1673	 6.546575e-06	 2193	 iter
1674	 6.546575e-06	 2195	 iter
1675	 6.546575e-06	 2196	 iter
1676	 6.546575e-06	 2198	 iter
1677	 6.546575e-06	 2199	 iter
1678	 6.546575e-06	 2200	 iter
1679	 6.546575e-06	 2201	 iter
1680	 6.546575e-06	 2202	 iter
1681	 6.546575e-06	 2203	 iter
1682	 6.546575e-06	 2205	 iter
1683	 6.493279e-06	 2207	 iter
1684	 6.480425e-06	 2209	 iter
1685	 6.480425e-06	 2210	 iter
1686	 6.480425e-06	 2212	 iter
1687	 6.480425e-06	 2213	 iter
1688	 6.480425e-06	 2214	 iter
1689	 6.468522e-06	 2216	 iter
1690	 6.468522e-06	 2217	 iter
1691	 6.468522e-06	 2218	 iter
1692	 6.468522e-06	 2219	 iter
1693	 6.468522e-06	 2220	 iter
1694	 6.468522e-06	 2221	 iter
1695	 6.468522e-06	 2222	 iter
1696	 6.437562e-06	 2224	 iter
1697	 6.423958e-06	 2226	 iter
1698	 6.423958e-06	 2227	 iter
1699	 6.423958e-06	 2228	 iter
1700	 6.423958e-06	 2229	 iter
1701	 6.388922e-06	 2231	 iter
1702	 6.388922e-06	 2232	 iter
1703	 6.382589e-06	 2234	 iter
1704	 6.382589e-06	 2236	 iter
1705	 6.382589e-06	 2238	 iter
1706	 6.382589e-06	 2239	 iter
1707	 6.382589e-06	 2240	 iter
1708	 6.382589e-06	 2241	 iter
1709	 6.382589e-06	 2242	 iter
1710	 6.382589e-06	 2243	 iter
1711	 6.382589e-06	 2244	 iter
1712	 6.354637e-06	 2246	 iter
1713	 6.354637e-06	 2247	 iter
1714	 6.329908e-06	 2249	 iter
1715	 6.329908e-06	 2250	 iter
1716	 6.329908e-06	 2251	 iter
1717	 6.329908e-06	 2252	 iter
1718	 6.329908e-06	 2253	 iter
1719	 6.329908e-06	 2254	 iter
1720	 6.242758e-06	 2256	 iter
1721	 6.242758e-06	 2257	 iter
1722	 6.242758e-06	 2258	 iter
1723	 6.242758e-06	 2259	 iter
1724	 6.242758e-06	 2260	 iter
1725	 6.242758e-06	 2261	 iter
1726	 6.242758e-06	 2262	 iter
1727	 6.242758e-06	 2263	 iter
1728	 6.242758e-06	 2264	 iter
1729	 6.242758e-06	 2265	 iter
1730	 6.192583e-06	 2267	 iter
1731	 6.192583e-06	 2268	 iter
1732	 6.192583e-06	 2269	 iter
1733	 6.185552e-06	 2271	 iter
1734	 6.185552e-06	 2272	 iter
1735	 6.181133e-06	 2274	 iter
1736	 6.181133e-06	 2275	 iter
1737	 6.181133e-06	 2276	 iter
1738	 6.058604e-06	 2278	 iter
1739	 6.058604e-06	 2279	 iter
1740	 6.058604e-06	 2280	 iter
1741	 6.058604e-06	 2281	 iter
1742	 6.058604e-06	 2282	 iter
1743	 6.058604e-06	 2283	 iter
1744	 6.058604e-06	 2284	 iter
1745	 6.058604e-06	 2285	 iter
1746	 6.058604e-06	 2286	 iter
1747	 6.058604e-06	 2287	 iter
1748	 6.008350e-06	 2289	 iter
1749	 6.008350e-06	 2290	 iter
1750	 6.008350e-06	 2291	 iter
1751	 6.008350e-06	 2292	 iter
1752	 6.008350e-06	 2293	 iter
1753	 5.959615e-06	 2295	 iter
1754	 5.959615e-06	 2296	 iter
1755	 5.959615e-06	 2297	 iter
1756	 5.959615e-06	 2298	 iter
1757	 5.959615e-06	 2299	 iter
1758	 5.942747e-06	 2301	 iter
1759	 5.942747e-06	 2302	 iter
1760	 5.942747e-06	 2303	 iter
1761	 5.917641e-06	 2305	 iter
1762	 5.880485e-06	 2307	 iter
1763	 5.880485e-06	 2308	 iter
1764	 5.880485e-06	 2309	 iter
1765	 5.871144e-06	 2311	 iter
1766	 5.871144e-06	 2312	 iter
1767	 5.871144e-06	 2313	 iter
1768	 5.818259e-06	 2315	 iter
1769	 5.818259e-06	 2316	 iter
1770	 5.796483e-06	 2318	 iter
1771	 5.796483e-06	 2319	 iter
1772	 5.796483e-06	 2321	 iter
1773	 5.796483e-06	 2322	 iter
1774	 5.796483e-06	 2323	 iter
1775	 5.796483e-06	 2324	 iter
1776	 5.796483e-06	 2325	 iter
1777	 5.746007e-06	 2327	 iter
1778	 5.746007e-06	 2328	 iter
1779	 5.710571e-06	 2330	 iter
1780	 5.710571e-06	 2331	 iter
1781	 5.710571e-06	 2332	 iter
1782	 5.554132e-06	 2334	 iter
1783	 5.554132e-06	 2335	 iter
1784	 5.554132e-06	 2336	 iter
1785	 5.554132e-06	 2337	 iter
1786	 5.554132e-06	 2338	 iter
1787	 5.554132e-06	 2339	 iter
1788	 5.554132e-06	 2340	 iter
1789	 5.554132e-06	 2341	 iter
1790	 5.551137e-06	 2343	 iter
1791	 5.551137e-06	 2344	 iter
1792	 5.551137e-06	 2345	 iter
1793	 5.527282e-06	 2347	 iter
1794	 5.442346e-06	 2349	 iter
1795	 5.442346e-06	 2350	 iter
1796	 5.442346e-06	 2351	 iter
1797	 5.442346e-06	 2352	 iter
1798	 5.387244e-06	 2354	 iter
1799	 5.387244e-06	 2355	 iter
1800	 5.387244e-06	 2356	 iter
1801	 5.252766e-06	 2358	 iter
1802	 5.252766e-06	 2359	 iter
1803	 5.252766e-06	 2360	 iter
1804	 5.252766e-06	 2361	 iter
1805	 5.252766e-06	 2362	 iter
1806	 5.252766e-06	 2363	 iter
1807	 5.252766e-06	 2364	 iter
1808	 5.252766e-06	 2365	 iter
1809	 5.218717e-06	 2367	 iter
1810	 5.218717e-06	 2368	 iter
1811	 5.218717e-06	 2369	 iter
1812	 5.218717e-06	 2370	 iter
1813	 5.188955e-06	 2372	 iter
1814	 5.188955e-06	 2373	 iter
1815	 5.147887e-06	 2375	 iter
1816	 5.147887e-06	 2376	 iter
1817	 5.147887e-06	 2377	 iter
1818	 5.147887e-06	 2378	 iter
1819	 5.147887e-06	 2379	 iter
1820	 5.098345e-06	 2381	 iter
1821	 5.098345e-06	 2382	 iter
1822	 5.098345e-06	 2383	 iter
1823	 5.098345e-06	 2384	 iter
1824	 5.098345e-06	 2386	 iter
1825	 5.098345e-06	 2387	 iter
1826	 5.098345e-06	 2388	 iter
1827	 5.040580e-06	 2390	 iter
1828	 5.040580e-06	 2391	 iter
1829	 5.040580e-06	 2392	 iter
1830	 5.040580e-06	 2393	 iter
1831	 4.889782e-06	 2395	 iter
1832	 4.889782e-06	 2396	 iter
1833	 4.889782e-06	 2397	 iter
1834	 4.889782e-06	 2398	 iter
1835	 4.889782e-06	 2399	 iter
1836	 4.889782e-06	 2400	 iter
1837	 4.889782e-06	 2401	 iter
1838	 4.889782e-06	 2402	 iter
1839	 4.889782e-06	 2403	 iter
1840	 4.889782e-06	 2404	 iter
1841	 4.889782e-06	 2405	 iter
1842	 4.889782e-06	 2406	 iter
1843	 4.889782e-06	 2407	 iter
1844	 4.889782e-06	 2408	 iter
1845	 4.889782e-06	 2409	 iter
1846	 4.886246e-06	 2411	 iter
1847	 4.886246e-06	 2412	 iter
1848	 4.886246e-06	 2413	 iter
1849	 4.866358e-06	 2415	 iter
1850	 4.866358e-06	 2416	 iter
1851	 4.866358e-06	 2417	 iter
1852	 4.866358e-06	 2418	 iter
1853	 4.866358e-06	 2419	 iter
1854	 4.866358e-06	 2420	 iter
1855	 4.866358e-06	 2421	 iter
1856	 4.866358e-06	 2422	 iter
1857	 4.831218e-06	 2424	 iter
1858	 4.831218e-06	 2425	 iter
1859	 4.831218e-06	 2426	 iter
1860	 4.831218e-06	 2427	 iter
1861	 4.831218e-06	 2428	 iter
1862	 4.831218e-06	 2429	 iter
1863	 4.831218e-06	 2430	 iter
1864	 4.770372e-06	 2432	 iter
1865	 4.770372e-06	 2433	 iter
1866	 4.770372e-06	 2434	 iter
1867	 4.770372e-06	 2435	 iter
1868	 4.770372e-06	 2436	 iter
1869	 4.770372e-06	 2438	 iter
1870	 4.770372e-06	 2440	 iter
1871	 4.770372e-06	 2441	 iter
1872	 4.770372e-06	 2443	 iter
1873	 4.770372e-06	 2445	 iter
1874	 4.770372e-06	 2446	 iter
1875	 4.770372e-06	 2447	 iter
1876	 4.770372e-06	 2448	 iter
1877	 4.770372e-06	 2449	 iter
1878	 4.770372e-06	 2451	 iter
1879	 4.770372e-06	 2452	 iter
1880	 4.770372e-06	 2454	 iter
1881	 4.770372e-06	 2456	 iter
1882	 4.770372e-06	 2457	 iter
1883	 4.770372e-06	 2458	 iter
1884	 4.770372e-06	 2459	 iter
1885	 4.770372e-06	 2460	 iter
1886	 4.770372e-06	 2461	 iter
1887	 4.770372e-06	 2462	 iter
1888	 4.770372e-06	 2463	 iter
1889	 4.770372e-06	 2464	 iter
1890	 4.770372e-06	 2465	 iter
1891	 4.770372e-06	 2467	 iter
1892	 4.770372e-06	 2469	 iter
1893	 4.765022e-06	 2471	 iter
1894	 4.765022e-06	 2472	 iter
1895	 4.765022e-06	 2473	 iter
1896	 4.765022e-06	 2474	 iter
1897	 4.765022e-06	 2475	 iter
1898	 4.765022e-06	 2476	 iter
1899	 4.743948e-06	 2478	 iter
1900	 4.743948e-06	 2480	 iter
1901	 4.743948e-06	 2481	 iter
1902	 4.743948e-06	 2482	 iter
1903	 4.743948e-06	 2483	 iter
1904	 4.743948e-06	 2485	 iter
1905	 4.743948e-06	 2487	 iter
1906	 4.743948e-06	 2488	 iter
1907	 4.743948e-06	 2490	 iter
1908	 4.743948e-06	 2492	 iter
1909	 4.743948e-06	 2493	 iter
1910	 4.743948e-06	 2494	 iter
1911	 4.743948e-06	 2495	 iter
1912	 4.734321e-06	 2497	 iter
1913	 4.734321e-06	 2499	 iter
1914	 4.734321e-06	 2500	 iter
1915	 4.734321e-06	 2501	 iter
1916	 4.734321e-06	 2502	 iter
1917	 4.731848e-06	 2504	 iter
1918	 4.731848e-06	 2506	 iter
1919	 4.731848e-06	 2508	 iter
1920	 4.731848e-06	 2510	 iter
1921	 4.731848e-06	 2511	 iter
1922	 4.731848e-06	 2513	 iter
1923	 4.731848e-06	 2514	 iter
1924	 4.731848e-06	 2515	 iter
1925	 4.731848e-06	 2516	 iter
1926	 4.730906e-06	 2518	 iter
1927	 4.730906e-06	 2519	 iter
1928	 4.730906e-06	 2520	 iter
1929	 4.730906e-06	 2521	 iter
1930	 4.730906e-06	 2522	 iter
1931	 4.730906e-06	 2523	 iter
1932	 4.727506e-06	 2525	 iter
1933	 4.727506e-06	 2527	 iter
1934	 4.727506e-06	 2528	 iter
1935	 4.727506e-06	 2530	 iter
1936	 4.727506e-06	 2531	 iter
1937	 4.725778e-06	 2533	 iter
1938	 4.725137e-06	 2535	 iter
1939	 4.725137e-06	 2536	 iter
1940	 4.725137e-06	 2537	 iter
1941	 4.722124e-06	 2539	 iter
1942	 4.722124e-06	 2540	 iter
1943	 4.720666e-06	 2542	 iter
1944	 4.720666e-06	 2543	 iter
1945	 4.720666e-06	 2545	 iter
1946	 4.720030e-06	 2547	 iter
1947	 4.720030e-06	 2548	 iter
1948	 4.720030e-06	 2550	 iter
1949	 4.720030e-06	 2551	 iter
1950	 4.719171e-06	 2553	 iter
1951	 4.718223e-06	 2555	 iter
1952	 4.713281e-06	 2557	 iter
1953	 4.713281e-06	 2558	 iter
1954	 4.713281e-06	 2560	 iter
1955	 4.713281e-06	 2562	 iter
1956	 4.713281e-06	 2564	 iter
1957	 4.713281e-06	 2565	 iter
1958	 4.713281e-06	 2567	 iter
1959	 4.713281e-06	 2568	 iter
1960	 4.713281e-06	 2570	 iter
1961	 4.713281e-06	 2572	 iter
1962	 4.713281e-06	 2574	 iter
1963	 4.713281e-06	 2576	 iter
1964	 4.713281e-06	 2578	 iter
1965	 4.713281e-06	 2580	 iter
1966	 4.713281e-06	 2581	 iter
1967	 4.713281e-06	 2582	 iter
1968	 4.713281e-06	 2583	 iter
1969	 4.713281e-06	 2585	 iter
1970	 4.713281e-06	 2587	 iter
1971	 4.713281e-06	 2588	 iter
1972	 4.713281e-06	 2590	 iter
1973	 4.713281e-06	 2591	 iter
1974	 4.713281e-06	 2593	 iter
1975	 4.713281e-06	 2594	 iter
1976	 4.713281e-06	 2595	 iter
1977	 4.713281e-06	 2596	 iter
1978	 4.713281e-06	 2598	 iter
1979	 4.713281e-06	 2599	 iter
1980	 4.713281e-06	 2600	 iter
1981	 4.713281e-06	 2601	 iter
1982	 4.713281e-06	 2602	 iter
1983	 4.713281e-06	 2603	 iter
1984	 4.713281e-06	 2604	 iter
1985	 4.713185e-06	 2606	 iter
1986	 4.712573e-06	 2608	 iter
1987	 4.712573e-06	 2609	 iter
1988	 4.712573e-06	 2610	 iter
1989	 4.712573e-06	 2611	 iter
1990	 4.712573e-06	 2613	 iter
1991	 4.712573e-06	 2615	 iter
1992	 4.711214e-06	 2617	 iter
1993	 4.711214e-06	 2618	 iter
1994	 4.711214e-06	 2619	 iter
1995	 4.711214e-06	 2620	 iter
1996	 4.711214e-06	 2622	 iter
1997	 4.711214e-06	 2623	 iter
1998	 4.711214e-06	 2624	 iter
1999	 4.711214e-06	 2625	 iter
2000	 4.711214e-06	 2626	 iter
2001	 4.711214e-06	 2627	 iter
2002	 4.711214e-06	 2628	 iter
2003	 4.711214e-06	 2630	 iter
2004	 4.711214e-06	 2631	 iter
2005	 4.711214e-06	 2632	 iter
2006	 4.711214e-06	 2633	 iter
2007	 4.711214e-06	 2635	 iter
2008	 4.711214e-06	 2636	 iter
2009	 4.711214e-06	 2638	 iter
2010	 4.711214e-06	 2639	 iter
2011	 4.711214e-06	 2640	 iter
2012	 4.711214e-06	 2641	 iter
2013	 4.711214e-06	 2642	 iter
2014	 4.711214e-06	 2644	 iter
2015	 4.711214e-06	 2646	 iter
2016	 4.711214e-06	 2648	 iter
2017	 4.711214e-06	 2650	 iter
2018	 4.711214e-06	 2652	 iter
2019	 4.711214e-06	 2654	 iter
2020	 4.710702e-06	 2656	 iter
2021	 4.710702e-06	 2657	 iter
2022	 4.710702e-06	 2658	 iter
2023	 4.710702e-06	 2660	 iter
2024	 4.710702e-06	 2662	 iter
2025	 4.710702e-06	 2663	 iter
2026	 4.710702e-06	 2665	 iter
2027	 4.710699e-06	 2667	 iter
2028	 4.710699e-06	 2668	 iter
2029	 4.710692e-06	 2670	 iter
2030	 4.710692e-06	 2672	 iter
2031	 4.710692e-06	 2673	 iter
2032	 4.710692e-06	 2674	 iter
2033	 4.710692e-06	 2675	 iter
2034	 4.710692e-06	 2677	 iter
2035	 4.710692e-06	 2678	 iter
2036	 4.709817e-06	 2680	 iter
2037	 4.709468e-06	 2682	 iter
2038	 4.709468e-06	 2683	 iter
2039	 4.709468e-06	 2684	 iter
2040	 4.709468e-06	 2685	 iter
2041	 4.709468e-06	 2686	 iter
2042	 4.709468e-06	 2687	 iter
2043	 4.709468e-06	 2688	 iter
2044	 4.709468e-06	 2689	 iter
2045	 4.709468e-06	 2690	 iter
2046	 4.709468e-06	 2691	 iter
2047	 4.709468e-06	 2693	 iter
2048	 4.709468e-06	 2694	 iter
2049	 4.709468e-06	 2695	 iter
2050	 4.709115e-06	 2697	 iter
2051	 4.709115e-06	 2698	 iter
2052	 4.709115e-06	 2699	 iter
2053	 4.708523e-06	 2701	 iter
2054	 4.708523e-06	 2702	 iter
2055	 4.708523e-06	 2703	 iter
2056	 4.708523e-06	 2704	 iter
2057	 4.707874e-06	 2706	 iter
2058	 4.707874e-06	 2707	 iter
2059	 4.707874e-06	 2708	 iter
2060	 4.707031e-06	 2710	 iter
2061	 4.707031e-06	 2711	 iter
2062	 4.707031e-06	 2712	 iter
2063	 4.707031e-06	 2713	 iter
2064	 4.707031e-06	 2714	 iter
2065	 4.706917e-06	 2716	 iter
2066	 4.706917e-06	 2717	 iter
2067	 4.706360e-06	 2719	 iter
2068	 4.706217e-06	 2721	 iter
2069	 4.706050e-06	 2723	 iter
2070	 4.706050e-06	 2724	 iter
2071	 4.705659e-06	 2726	 iter
2072	 4.704902e-06	 2728	 iter
2073	 4.704902e-06	 2729	 iter
2074	 4.704902e-06	 2730	 iter
2075	 4.704902e-06	 2731	 iter
2076	 4.704268e-06	 2733	 iter
2077	 4.704268e-06	 2734	 iter
2078	 4.704268e-06	 2735	 iter
2079	 4.703639e-06	 2737	 iter
2080	 4.703639e-06	 2738	 iter
2081	 4.703639e-06	 2739	 iter
2082	 4.702540e-06	 2741	 iter
2083	 4.702540e-06	 2742	 iter
2084	 4.702540e-06	 2743	 iter
2085	 4.701750e-06	 2745	 iter
2086	 4.700158e-06	 2747	 iter
2087	 4.700158e-06	 2748	 iter
2088	 4.700158e-06	 2749	 iter
2089	 4.700158e-06	 2750	 iter
2090	 4.700158e-06	 2751	 iter
2091	 4.700158e-06	 2752	 iter
2092	 4.700158e-06	 2753	 iter
2093	 4.700158e-06	 2754	 iter
2094	 4.699715e-06	 2756	 iter
2095	 4.699715e-06	 2757	 iter
2096	 4.699715e-06	 2758	 iter
2097	 4.699251e-06	 2760	 iter
2098	 4.699251e-06	 2761	 iter
2099	 4.699251e-06	 2762	 iter
2100	 4.699125e-06	 2764	 iter
2101	 4.699125e-06	 2765	 iter
2102	 4.699125e-06	 2766	 iter
2103	 4.697117e-06	 2768	 iter
2104	 4.697117e-06	 2769	 iter
2105	 4.697117e-06	 2770	 iter
2106	 4.697117e-06	 2771	 iter
2107	 4.697117e-06	 2772	 iter
2108	 4.697117e-06	 2773	 iter
2109	 4.697117e-06	 2774	 iter
2110	 4.697117e-06	 2775	 iter
2111	 4.696336e-06	 2777	 iter
2112	 4.696336e-06	 2778	 iter
2113	 4.696336e-06	 2779	 iter
2114	 4.696336e-06	 2780	 iter
2115	 4.696336e-06	 2781	 iter
2116	 4.696336e-06	 2782	 iter
2117	 4.696336e-06	 2783	 iter
2118	 4.694199e-06	 2785	 iter
2119	 4.694199e-06	 2786	 iter
2120	 4.694199e-06	 2787	 iter
2121	 4.693626e-06	 2789	 iter
2122	 4.693626e-06	 2790	 iter
2123	 4.693626e-06	 2791	 iter
2124	 4.692420e-06	 2793	 iter
2125	 4.692420e-06	 2794	 iter
2126	 4.692420e-06	 2795	 iter
2127	 4.692420e-06	 2796	 iter
2128	 4.692225e-06	 2798	 iter
2129	 4.692068e-06	 2800	 iter
2130	 4.690730e-06	 2802	 iter
2131	 4.690730e-06	 2803	 iter
2132	 4.690730e-06	 2804	 iter
2133	 4.690678e-06	 2806	 iter
2134	 4.689504e-06	 2808	 iter
2135	 4.689504e-06	 2809	 iter
2136	 4.689504e-06	 2810	 iter
2137	 4.689504e-06	 2811	 iter
2138	 4.687871e-06	 2813	 iter
2139	 4.687871e-06	 2814	 iter
2140	 4.687871e-06	 2815	 iter
2141	 4.687442e-06	 2817	 iter
2142	 4.687442e-06	 2818	 iter
2143	 4.687442e-06	 2819	 iter
2144	 4.687442e-06	 2820	 iter
2145	 4.687442e-06	 2821	 iter
2146	 4.687442e-06	 2822	 iter
2147	 4.686658e-06	 2824	 iter
2148	 4.686658e-06	 2825	 iter
2149	 4.686003e-06	 2827	 iter
2150	 4.686003e-06	 2828	 iter
2151	 4.686003e-06	 2830	 iter
2152	 4.685805e-06	 2832	 iter
2153	 4.685805e-06	 2833	 iter
2154	 4.685805e-06	 2834	 iter
2155	 4.685805e-06	 2835	 iter
2156	 4.685805e-06	 2836	 iter
2157	 4.685561e-06	 2838	 iter
2158	 4.685561e-06	 2839	 iter
2159	 4.685561e-06	 2840	 iter
2160	 4.684696e-06	 2842	 iter
2161	 4.684696e-06	 2844	 iter
2162	 4.684557e-06	 2846	 iter
2163	 4.684557e-06	 2847	 iter
2164	 4.683534e-06	 2849	 iter
2165	 4.683534e-06	 2850	 iter
2166	 4.683534e-06	 2851	 iter
2167	 4.683534e-06	 2852	 iter
2168	 4.683534e-06	 2854	 iter
2169	 4.683534e-06	 2855	 iter
2170	 4.683115e-06	 2857	 iter
2171	 4.683115e-06	 2859	 iter
2172	 4.683115e-06	 2861	 iter
2173	 4.683115e-06	 2862	 iter
2174	 4.683115e-06	 2863	 iter
2175	 4.682692e-06	 2865	 iter
2176	 4.682692e-06	 2867	 iter
2177	 4.682692e-06	 2868	 iter
2178	 4.681911e-06	 2870	 iter
2179	 4.681911e-06	 2871	 iter
2180	 4.681911e-06	 2872	 iter
2181	 4.681911e-06	 2873	 iter
2182	 4.681911e-06	 2875	 iter
2183	 4.681911e-06	 2876	 iter
2184	 4.681911e-06	 2877	 iter
2185	 4.681911e-06	 2878	 iter
2186	 4.681881e-06	 2880	 iter
2187	 4.681881e-06	 2881	 iter
2188	 4.681454e-06	 2883	 iter
2189	 4.680338e-06	 2885	 iter
2190	 4.680338e-06	 2886	 iter
2191	 4.680338e-06	 2887	 iter
2192	 4.680338e-06	 2888	 iter
2193	 4.680338e-06	 2889	 iter
2194	 4.680338e-06	 2891	 iter
2195	 4.680338e-06	 2892	 iter
2196	 4.680338e-06	 2893	 iter
2197	 4.680338e-06	 2894	 iter
2198	 4.680338e-06	 2895	 iter
2199	 4.680338e-06	 2896	 iter
2200	 4.679817e-06	 2898	 iter
2201	 4.679124e-06	 2900	 iter
2202	 4.679124e-06	 2901	 iter
2203	 4.679124e-06	 2902	 iter
2204	 4.679124e-06	 2903	 iter
2205	 4.679124e-06	 2904	 iter
2206	 4.679124e-06	 2905	 iter
2207	 4.679124e-06	 2906	 iter
2208	 4.679124e-06	 2907	 iter
2209	 4.679124e-06	 2908	 iter
2210	 4.677391e-06	 2910	 iter
2211	 4.677391e-06	 2911	 iter
2212	 4.677391e-06	 2912	 iter
2213	 4.677391e-06	 2913	 iter
2214	 4.677391e-06	 2914	 iter
2215	 4.677391e-06	 2915	 iter
2216	 4.677391e-06	 2916	 iter
2217	 4.677391e-06	 2918	 iter
2218	 4.677391e-06	 2919	 iter
2219	 4.677391e-06	 2920	 iter
2220	 4.677391e-06	 2921	 iter
2221	 4.677391e-06	 2922	 iter
2222	 4.676327e-06	 2924	 iter
2223	 4.676327e-06	 2925	 iter
2224	 4.676327e-06	 2926	 iter
2225	 4.676327e-06	 2927	 iter
2226	 4.676327e-06	 2928	 iter
2227	 4.676327e-06	 2929	 iter
2228	 4.676327e-06	 2930	 iter
2229	 4.675446e-06	 2932	 iter
2230	 4.675446e-06	 2933	 iter
2231	 4.675446e-06	 2934	 iter
2232	 4.674484e-06	 2936	 iter
2233	 4.674484e-06	 2937	 iter
2234	 4.674484e-06	 2938	 iter
2235	 4.674484e-06	 2939	 iter
2236	 4.674484e-06	 2940	 iter
2237	 4.673912e-06	 2942	 iter
2238	 4.673766e-06	 2944	 iter
2239	 4.673766e-06	 2945	 iter
2240	 4.673766e-06	 2946	 iter
2241	 4.673766e-06	 2947	 iter
2242	 4.673766e-06	 2948	 iter
2243	 4.673766e-06	 2949	 iter
2244	 4.672518e-06	 2951	 iter
2245	 4.672097e-06	 2953	 iter
2246	 4.672097e-06	 2954	 iter
2247	 4.672097e-06	 2955	 iter
2248	 4.672097e-06	 2956	 iter
2249	 4.672097e-06	 2957	 iter
2250	 4.672097e-06	 2958	 iter
2251	 4.670986e-06	 2960	 iter
2252	 4.670986e-06	 2961	 iter
2253	 4.670986e-06	 2962	 iter
2254	 4.670986e-06	 2963	 iter
2255	 4.670986e-06	 2964	 iter
2256	 4.668529e-06	 2966	 iter
2257	 4.668529e-06	 2967	 iter
2258	 4.668529e-06	 2968	 iter
2259	 4.668529e-06	 2969	 iter
2260	 4.668529e-06	 2970	 iter
2261	 4.668529e-06	 2971	 iter
2262	 4.668529e-06	 2972	 iter
2263	 4.668529e-06	 2973	 iter
2264	 4.668529e-06	 2974	 iter
2265	 4.668529e-06	 2975	 iter
2266	 4.667857e-06	 2977	 iter
2267	 4.667857e-06	 2978	 iter
2268	 4.667857e-06	 2979	 iter
2269	 4.667857e-06	 2980	 iter
2270	 4.667857e-06	 2981	 iter
2271	 4.667596e-06	 2983	 iter
2272	 4.667596e-06	 2985	 iter
2273	 4.667596e-06	 2986	 iter
2274	 4.664633e-06	 2988	 iter
2275	 4.664633e-06	 2989	 iter
2276	 4.664633e-06	 2990	 iter
2277	 4.664633e-06	 2991	 iter
2278	 4.664633e-06	 2992	 iter
2279	 4.664633e-06	 2993	 iter
2280	 4.661481e-06	 2995	 iter
2281	 4.661481e-06	 2996	 iter
2282	 4.661481e-06	 2997	 iter
2283	 4.661481e-06	 2998	 iter
2284	 4.661481e-06	 2999	 iter
2285	 4.661481e-06	 3000	 iter
2286	 4.661481e-06	 3001	 iter
2287	 4.661425e-06	 3003	 iter
2288	 4.661244e-06	 3005	 iter
2289	 4.661244e-06	 3006	 iter
2290	 4.660483e-06	 3008	 iter
2291	 4.660474e-06	 3010	 iter
2292	 4.658376e-06	 3012	 iter
2293	 4.658376e-06	 3013	 iter
2294	 4.658376e-06	 3014	 iter
2295	 4.658376e-06	 3015	 iter
2296	 4.658376e-06	 3016	 iter
2297	 4.657072e-06	 3018	 iter
2298	 4.657072e-06	 3019	 iter
2299	 4.653194e-06	 3021	 iter
2300	 4.653194e-06	 3022	 iter
2301	 4.653194e-06	 3023	 iter
2302	 4.653194e-06	 3024	 iter
2303	 4.653194e-06	 3025	 iter
2304	 4.653194e-06	 3026	 iter
2305	 4.653194e-06	 3027	 iter
2306	 4.652836e-06	 3029	 iter
2307	 4.652836e-06	 3030	 iter
2308	 4.652830e-06	 3032	 iter
2309	 4.651150e-06	 3034	 iter
2310	 4.651150e-06	 3035	 iter
2311	 4.650483e-06	 3037	 iter
2312	 4.647601e-06	 3039	 iter
2313	 4.644193e-06	 3041	 iter
2314	 4.644193e-06	 3042	 iter
2315	 4.644193e-06	 3043	 iter
2316	 4.644193e-06	 3044	 iter
2317	 4.644193e-06	 3045	 iter
2318	 4.644193e-06	 3046	 iter
2319	 4.644017e-06	 3048	 iter
2320	 4.642561e-06	 3050	 iter
2321	 4.640759e-06	 3052	 iter
2322	 4.640759e-06	 3053	 iter
2323	 4.640759e-06	 3054	 iter
2324	 4.639123e-06	 3056	 iter
2325	 4.627231e-06	 3058	 iter
2326	 4.627231e-06	 3059	 iter
2327	 4.627231e-06	 3060	 iter
2328	 4.627231e-06	 3061	 iter
2329	 4.627231e-06	 3062	 iter
2330	 4.627231e-06	 3063	 iter
2331	 4.627231e-06	 3064	 iter
2332	 4.627231e-06	 3065	 iter
2333	 4.627231e-06	 3066	 iter
2334	 4.625871e-06	 3068	 iter
2335	 4.625871e-06	 3069	 iter
2336	 4.625871e-06	 3070	 iter
2337	 4.625729e-06	 3072	 iter
2338	 4.625148e-06	 3074	 iter
2339	 4.623907e-06	 3076	 iter
2340	 4.622458e-06	 3078	 iter
2341	 4.622458e-06	 3079	 iter
2342	 4.619258e-06	 3081	 iter
2343	 4.619258e-06	 3082	 iter
2344	 4.608314e-06	 3084	 iter
2345	 4.608314e-06	 3085	 iter
2346	 4.608314e-06	 3086	 iter
2347	 4.608314e-06	 3087	 iter
2348	 4.608314e-06	 3088	 iter
2349	 4.608314e-06	 3089	 iter
2350	 4.608314e-06	 3090	 iter
2351	 4.608314e-06	 3091	 iter
2352	 4.608314e-06	 3092	 iter
2353	 4.608314e-06	 3093	 iter
2354	 4.608314e-06	 3094	 iter
2355	 4.595628e-06	 3096	 iter
2356	 4.595628e-06	 3097	 iter
2357	 4.595628e-06	 3098	 iter
2358	 4.595628e-06	 3099	 iter
2359	 4.595628e-06	 3100	 iter
2360	 4.595628e-06	 3101	 iter
2361	 4.595628e-06	 3102	 iter
2362	 4.595628e-06	 3103	 iter
2363	 4.595628e-06	 3104	 iter
2364	 4.595628e-06	 3105	 iter
2365	 4.587837e-06	 3107	 iter
2366	 4.587837e-06	 3108	 iter
2367	 4.587837e-06	 3109	 iter
2368	 4.587837e-06	 3110	 iter
2369	 4.587837e-06	 3111	 iter
2370	 4.571100e-06	 3113	 iter
2371	 4.571100e-06	 3114	 iter
2372	 4.571100e-06	 3115	 iter
2373	 4.571100e-06	 3116	 iter
2374	 4.571100e-06	 3117	 iter
2375	 4.571100e-06	 3118	 iter
2376	 4.571100e-06	 3119	 iter
2377	 4.571100e-06	 3120	 iter
2378	 4.571100e-06	 3121	 iter
2379	 4.571100e-06	 3122	 iter
2380	 4.571100e-06	 3123	 iter
2381	 4.571100e-06	 3124	 iter
2382	 4.568320e-06	 3126	 iter
2383	 4.566328e-06	 3128	 iter
2384	 4.566283e-06	 3130	 iter
2385	 4.561993e-06	 3132	 iter
2386	 4.561993e-06	 3133	 iter
2387	 4.561993e-06	 3134	 iter
2388	 4.545991e-06	 3136	 iter
2389	 4.545991e-06	 3137	 iter
2390	 4.545991e-06	 3138	 iter
2391	 4.545991e-06	 3139	 iter
2392	 4.545991e-06	 3140	 iter
2393	 4.545991e-06	 3141	 iter
2394	 4.545991e-06	 3142	 iter
2395	 4.541835e-06	 3144	 iter
2396	 4.541835e-06	 3145	 iter
2397	 4.538283e-06	 3147	 iter
2398	 4.538283e-06	 3148	 iter
2399	 4.538283e-06	 3149	 iter
2400	 4.520934e-06	 3151	 iter
2401	 4.520934e-06	 3152	 iter
2402	 4.520934e-06	 3153	 iter
2403	 4.520934e-06	 3154	 iter
2404	 4.520934e-06	 3155	 iter
2405	 4.520934e-06	 3156	 iter
2406	 4.520934e-06	 3157	 iter
2407	 4.520934e-06	 3158	 iter
2408	 4.520934e-06	 3159	 iter
2409	 4.516167e-06	 3161	 iter
2410	 4.516167e-06	 3162	 iter
2411	 4.511155e-06	 3164	 iter
2412	 4.511155e-06	 3165	 iter
2413	 4.504542e-06	 3167	 iter
2414	 4.504542e-06	 3168	 iter
2415	 4.504542e-06	 3169	 iter
2416	 4.504542e-06	 3170	 iter
2417	 4.504542e-06	 3171	 iter
2418	 4.494445e-06	 3173	 iter
2419	 4.494445e-06	 3174	 iter
2420	 4.494445e-06	 3175	 iter
2421	 4.494445e-06	 3176	 iter
2422	 4.494445e-06	 3177	 iter
2423	 4.494445e-06	 3178	 iter
2424	 4.465129e-06	 3180	 iter
2425	 4.465129e-06	 3181	 iter
2426	 4.465129e-06	 3182	 iter
2427	 4.465129e-06	 3183	 iter
2428	 4.465129e-06	 3184	 iter
2429	 4.465129e-06	 3185	 iter
2430	 4.465129e-06	 3186	 iter
2431	 4.465129e-06	 3187	 iter
2432	 4.465129e-06	 3188	 iter
2433	 4.465129e-06	 3189	 iter
2434	 4.465129e-06	 3190	 iter
2435	 4.465129e-06	 3191	 iter
2436	 4.465129e-06	 3192	 iter
2437	 4.426514e-06	 3194	 iter
2438	 4.426514e-06	 3195	 iter
2439	 4.426514e-06	 3196	 iter
2440	 4.426514e-06	 3197	 iter
2441	 4.426514e-06	 3198	 iter
2442	 4.426514e-06	 3199	 iter
2443	 4.426514e-06	 3200	 iter
2444	 4.426514e-06	 3201	 iter
2445	 4.426514e-06	 3202	 iter
2446	 4.426514e-06	 3203	 iter
2447	 4.426514e-06	 3204	 iter
2448	 4.426514e-06	 3205	 iter
2449	 4.426514e-06	 3206	 iter
2450	 4.425982e-06	 3208	 iter
2451	 4.425511e-06	 3210	 iter
2452	 4.425511e-06	 3211	 iter
2453	 4.425511e-06	 3212	 iter
2454	 4.420885e-06	 3214	 iter
2455	 4.414707e-06	 3216	 iter
2456	 4.380943e-06	 3218	 iter
2457	 4.380943e-06	 3219	 iter
2458	 4.380943e-06	 3220	 iter
2459	 4.380943e-06	 3221	 iter
2460	 4.380943e-06	 3222	 iter
2461	 4.380943e-06	 3223	 iter
2462	 4.380943e-06	 3224	 iter
2463	 4.380943e-06	 3225	 iter
2464	 4.380943e-06	 3226	 iter
2465	 4.380943e-06	 3227	 iter
2466	 4.377663e-06	 3229	 iter
2467	 4.357867e-06	 3231	 iter
2468	 4.335625e-06	 3233	 iter
2469	 4.335625e-06	 3234	 iter
2470	 4.335625e-06	 3235	 iter
2471	 4.335625e-06	 3236	 iter
2472	 4.335625e-06	 3237	 iter
2473	 4.328450e-06	 3239	 iter
2474	 4.328450e-06	 3240	 iter
2475	 4.328450e-06	 3241	 iter
2476	 4.328450e-06	 3242	 iter
2477	 4.290314e-06	 3244	 iter
2478	 4.290314e-06	 3245	 iter
2479	 4.290314e-06	 3246	 iter
2480	 4.290314e-06	 3247	 iter
2481	 4.285623e-06	 3249	 iter
2482	 4.243811e-06	 3251	 iter
2483	 4.243811e-06	 3252	 iter
2484	 4.243811e-06	 3253	 iter
2485	 4.243811e-06	 3254	 iter
2486	 4.243811e-06	 3255	 iter
2487	 4.243811e-06	 3256	 iter
2488	 4.243811e-06	 3257	 iter
2489	 4.238122e-06	 3259	 iter
2490	 4.175652e-06	 3261	 iter
2491	 4.175652e-06	 3262	 iter
2492	 4.175652e-06	 3263	 iter
2493	 4.175652e-06	 3264	 iter
2494	 4.175652e-06	 3265	 iter
2495	 4.175652e-06	 3266	 iter
2496	 4.131007e-06	 3268	 iter
2497	 4.131007e-06	 3269	 iter
2498	 4.131007e-06	 3270	 iter
2499	 4.131007e-06	 3271	 iter
2500	 4.131007e-06	 3272	 iter
2501	 4.131007e-06	 3273	 iter
2502	 4.053049e-06	 3275	 iter
2503	 4.053049e-06	 3276	 iter
2504	 4.053049e-06	 3277	 iter
2505	 4.053049e-06	 3278	 iter
2506	 4.053049e-06	 3279	 iter
2507	 4.053049e-06	 3280	 iter
2508	 4.053049e-06	 3281	 iter
2509	 4.053049e-06	 3282	 iter
2510	 4.053049e-06	 3283	 iter
2511	 4.003430e-06	 3285	 iter
2512	 4.003430e-06	 3286	 iter
2513	 4.003430e-06	 3287	 iter
2514	 4.003430e-06	 3288	 iter
2515	 4.003430e-06	 3289	 iter
2516	 3.991291e-06	 3291	 iter
2517	 3.991291e-06	 3292	 iter
2518	 3.991291e-06	 3293	 iter
2519	 3.978080e-06	 3295	 iter
2520	 3.959882e-06	 3297	 iter
2521	 3.959882e-06	 3298	 iter
2522	 3.950705e-06	 3300	 iter
2523	 3.950705e-06	 3301	 iter
2524	 3.950705e-06	 3302	 iter
2525	 3.950705e-06	 3303	 iter
2526	 3.950705e-06	 3304	 iter
2527	 3.950705e-06	 3305	 iter
2528	 3.950705e-06	 3306	 iter
2529	 3.950705e-06	 3307	 iter
2530	 3.950705e-06	 3308	 iter
2531	 3.950705e-06	 3309	 iter
2532	 3.881426e-06	 3311	 iter
2533	 3.881426e-06	 3312	 iter
2534	 3.881426e-06	 3313	 iter
2535	 3.878973e-06	 3315	 iter
2536	 3.878973e-06	 3316	 iter
2537	 3.878973e-06	 3317	 iter
2538	 3.878973e-06	 3318	 iter
2539	 3.859699e-06	 3320	 iter
2540	 3.859699e-06	 3321	 iter
2541	 3.859699e-06	 3322	 iter
2542	 3.859699e-06	 3323	 iter
2543	 3.859699e-06	 3324	 iter
2544	 3.859699e-06	 3325	 iter
2545	 3.859699e-06	 3326	 iter
2546	 3.859699e-06	 3327	 iter
2547	 3.859699e-06	 3328	 iter
2548	 3.849318e-06	 3330	 iter
2549	 3.834005e-06	 3332	 iter
2550	 3.834005e-06	 3333	 iter
2551	 3.834005e-06	 3334	 iter
2552	 3.834005e-06	 3335	 iter
2553	 3.834005e-06	 3336	 iter
2554	 3.834005e-06	 3337	 iter
2555	 3.834005e-06	 3338	 iter
2556	 3.834005e-06	 3339	 iter
2557	 3.834005e-06	 3340	 iter
2558	 3.834005e-06	 3341	 iter
2559	 3.808522e-06	 3343	 iter
2560	 3.808522e-06	 3344	 iter
2561	 3.808522e-06	 3345	 iter
2562	 3.808522e-06	 3347	 iter
2563	 3.808522e-06	 3349	 iter
2564	 3.808522e-06	 3350	 iter
2565	 3.796045e-06	 3352	 iter
2566	 3.796045e-06	 3353	 iter
2567	 3.796045e-06	 3355	 iter
2568	 3.796045e-06	 3357	 iter
2569	 3.796045e-06	 3359	 iter
2570	 3.784333e-06	 3361	 iter
2571	 3.784333e-06	 3362	 iter
2572	 3.784333e-06	 3363	 iter
2573	 3.784333e-06	 3364	 iter
2574	 3.784333e-06	 3366	 iter
2575	 3.784333e-06	 3367	 iter
2576	 3.784333e-06	 3369	 iter
2577	 3.784333e-06	 3370	 iter
2578	 3.773206e-06	 3372	 iter
2579	 3.769218e-06	 3374	 iter
2580	 3.769218e-06	 3375	 iter
2581	 3.769218e-06	 3376	 iter
2582	 3.769218e-06	 3377	 iter
2583	 3.763175e-06	 3379	 iter
2584	 3.763175e-06	 3380	 iter
2585	 3.741825e-06	 3382	 iter
2586	 3.741825e-06	 3383	 iter
2587	 3.741825e-06	 3384	 iter
2588	 3.732406e-06	 3386	 iter
2589	 3.732406e-06	 3387	 iter
2590	 3.732406e-06	 3388	 iter
2591	 3.723562e-06	 3390	 iter
2592	 3.723562e-06	 3391	 iter
2593	 3.723562e-06	 3392	 iter
2594	 3.723562e-06	 3393	 iter
2595	 3.723562e-06	 3394	 iter
2596	 3.723562e-06	 3395	 iter
2597	 3.723562e-06	 3396	 iter
2598	 3.723562e-06	 3397	 iter
2599	 3.723562e-06	 3398	 iter
2600	 3.719487e-06	 3400	 iter
2601	 3.719487e-06	 3401	 iter
2602	 3.669325e-06	 3403	 iter
2603	 3.669325e-06	 3404	 iter
2604	 3.669325e-06	 3405	 iter
2605	 3.669325e-06	 3406	 iter
2606	 3.669325e-06	 3407	 iter
2607	 3.669325e-06	 3408	 iter
2608	 3.669325e-06	 3409	 iter
2609	 3.669325e-06	 3410	 iter
2610	 3.669325e-06	 3411	 iter
2611	 3.669325e-06	 3412	 iter
2612	 3.666586e-06	 3414	 iter
2613	 3.666586e-06	 3415	 iter
2614	 3.660327e-06	 3417	 iter
2615	 3.660327e-06	 3418	 iter
2616	 3.629909e-06	 3420	 iter
2617	 3.629909e-06	 3421	 iter
2618	 3.629909e-06	 3422	 iter
2619	 3.629909e-06	 3423	 iter
2620	 3.629909e-06	 3424	 iter
2621	 3.629909e-06	 3425	 iter
2622	 3.621762e-06	 3427	 iter
2623	 3.621762e-06	 3428	 iter
2624	 3.621762e-06	 3430	 iter
2625	 3.621762e-06	 3431	 iter
2626	 3.621762e-06	 3432	 iter
2627	 3.606643e-06	 3434	 iter
2628	 3.606643e-06	 3435	 iter
2629	 3.606643e-06	 3437	 iter
2630	 3.606643e-06	 3438	 iter
2631	 3.606643e-06	 3440	 iter
2632	 3.605294e-06	 3442	 iter
2633	 3.594253e-06	 3444	 iter
2634	 3.585079e-06	 3446	 iter
2635	 3.585079e-06	 3447	 iter
2636	 3.585079e-06	 3448	 iter
2637	 3.585079e-06	 3449	 iter
2638	 3.585079e-06	 3450	 iter
2639	 3.585079e-06	 3451	 iter
2640	 3.581577e-06	 3453	 iter
2641	 3.581577e-06	 3455	 iter
2642	 3.576593e-06	 3457	 iter
2643	 3.576593e-06	 3458	 iter
2644	 3.576593e-06	 3459	 iter
2645	 3.576593e-06	 3460	 iter
2646	 3.576593e-06	 3461	 iter
2647	 3.576593e-06	 3462	 iter
2648	 3.576593e-06	 3463	 iter
2649	 3.576593e-06	 3465	 iter
2650	 3.552644e-06	 3467	 iter
2651	 3.552644e-06	 3468	 iter
2652	 3.552644e-06	 3469	 iter
2653	 3.552644e-06	 3470	 iter
2654	 3.552644e-06	 3471	 iter
2655	 3.552644e-06	 3472	 iter
2656	 3.552644e-06	 3473	 iter
2657	 3.552644e-06	 3474	 iter
2658	 3.552644e-06	 3475	 iter
2659	 3.552644e-06	 3476	 iter
2660	 3.552644e-06	 3477	 iter
2661	 3.552644e-06	 3478	 iter
2662	 3.552644e-06	 3480	 iter
2663	 3.549564e-06	 3482	 iter
2664	 3.549564e-06	 3484	 iter
2665	 3.549564e-06	 3485	 iter
2666	 3.549564e-06	 3486	 iter
2667	 3.549564e-06	 3487	 iter
2668	 3.549564e-06	 3488	 iter
2669	 3.549564e-06	 3489	 iter
2670	 3.534901e-06	 3491	 iter
2671	 3.534901e-06	 3492	 iter
2672	 3.534901e-06	 3493	 iter
2673	 3.534901e-06	 3494	 iter
2674	 3.534901e-06	 3495	 iter
2675	 3.534901e-06	 3496	 iter
2676	 3.534901e-06	 3497	 iter
2677	 3.534901e-06	 3498	 iter
2678	 3.534901e-06	 3500	 iter
2679	 3.534901e-06	 3501	 iter
2680	 3.534901e-06	 3502	 iter
2681	 3.534901e-06	 3503	 iter
2682	 3.524336e-06	 3505	 iter
2683	 3.524336e-06	 3506	 iter
2684	 3.524336e-06	 3507	 iter
2685	 3.524336e-06	 3508	 iter
2686	 3.524336e-06	 3509	 iter
2687	 3.524336e-06	 3511	 iter
2688	 3.524336e-06	 3512	 iter
2689	 3.524336e-06	 3513	 iter
2690	 3.524336e-06	 3514	 iter
2691	 3.524336e-06	 3515	 iter
2692	 3.524336e-06	 3516	 iter
2693	 3.523402e-06	 3518	 iter
2694	 3.523402e-06	 3519	 iter
2695	 3.523402e-06	 3521	 iter
2696	 3.512317e-06	 3523	 iter
2697	 3.512317e-06	 3524	 iter
2698	 3.512317e-06	 3525	 iter
2699	 3.512317e-06	 3526	 iter
2700	 3.512317e-06	 3527	 iter
2701	 3.512317e-06	 3528	 iter
2702	 3.512317e-06	 3529	 iter
2703	 3.509490e-06	 3531	 iter
2704	 3.509490e-06	 3532	 iter
2705	 3.509490e-06	 3534	 iter
2706	 3.509490e-06	 3535	 iter
2707	 3.509490e-06	 3536	 iter
2708	 3.509490e-06	 3538	 iter
2709	 3.509490e-06	 3540	 iter
2710	 3.509490e-06	 3541	 iter
2711	 3.509490e-06	 3542	 iter
2712	 3.509490e-06	 3543	 iter
2713	 3.508674e-06	 3545	 iter
2714	 3.508674e-06	 3546	 iter
2715	 3.508674e-06	 3547	 iter
2716	 3.508674e-06	 3548	 iter
2717	 3.508674e-06	 3549	 iter
2718	 3.496826e-06	 3551	 iter
2719	 3.496826e-06	 3552	 iter
2720	 3.496826e-06	 3554	 iter
2721	 3.496826e-06	 3555	 iter
2722	 3.496826e-06	 3557	 iter
2723	 3.496826e-06	 3559	 iter
2724	 3.496826e-06	 3560	 iter
2725	 3.496826e-06	 3561	 iter
2726	 3.496826e-06	 3563	 iter
2727	 3.496826e-06	 3564	 iter
2728	 3.496826e-06	 3565	 iter
2729	 3.496826e-06	 3567	 iter
2730	 3.496826e-06	 3568	 iter
2731	 3.496826e-06	 3569	 iter
2732	 3.496826e-06	 3570	 iter
2733	 3.496826e-06	 3571	 iter
2734	 3.495626e-06	 3573	 iter
2735	 3.495626e-06	 3574	 iter
2736	 3.495626e-06	 3575	 iter
2737	 3.495626e-06	 3577	 iter
2738	 3.495626e-06	 3579	 iter
2739	 3.495626e-06	 3580	 iter
2740	 3.495626e-06	 3581	 iter
2741	 3.495626e-06	 3582	 iter
2742	 3.492754e-06	 3584	 iter
2743	 3.490813e-06	 3586	 iter
2744	 3.490813e-06	 3587	 iter
2745	 3.483320e-06	 3589	 iter
2746	 3.483320e-06	 3590	 iter
2747	 3.483320e-06	 3591	 iter
2748	 3.483320e-06	 3592	 iter
2749	 3.483320e-06	 3593	 iter
2750	 3.483320e-06	 3594	 iter
2751	 3.483320e-06	 3595	 iter
2752	 3.483320e-06	 3596	 iter
2753	 3.483320e-06	 3597	 iter
2754	 3.483320e-06	 3598	 iter
2755	 3.483320e-06	 3599	 iter
2756	 3.483320e-06	 3600	 iter
2757	 3.481049e-06	 3602	 iter
2758	 3.481049e-06	 3603	 iter
2759	 3.481049e-06	 3604	 iter
2760	 3.481049e-06	 3605	 iter
2761	 3.476687e-06	 3607	 iter
2762	 3.470049e-06	 3609	 iter
2763	 3.470049e-06	 3610	 iter
2764	 3.470049e-06	 3611	 iter
2765	 3.470049e-06	 3612	 iter
2766	 3.470049e-06	 3613	 iter
2767	 3.470049e-06	 3614	 iter
2768	 3.470049e-06	 3615	 iter
2769	 3.470049e-06	 3616	 iter
2770	 3.470049e-06	 3617	 iter
2771	 3.470049e-06	 3618	 iter
2772	 3.470049e-06	 3619	 iter
2773	 3.470049e-06	 3620	 iter
2774	 3.470049e-06	 3621	 iter
2775	 3.470049e-06	 3622	 iter
2776	 3.470049e-06	 3623	 iter
2777	 3.469795e-06	 3625	 iter
2778	 3.462481e-06	 3627	 iter
2779	 3.462481e-06	 3628	 iter
2780	 3.462481e-06	 3629	 iter
2781	 3.462481e-06	 3630	 iter
2782	 3.462481e-06	 3631	 iter
2783	 3.461474e-06	 3633	 iter
2784	 3.461474e-06	 3634	 iter
2785	 3.461474e-06	 3635	 iter
2786	 3.461474e-06	 3636	 iter
2787	 3.461474e-06	 3637	 iter
2788	 3.461474e-06	 3638	 iter
2789	 3.461474e-06	 3639	 iter
2790	 3.461474e-06	 3640	 iter
2791	 3.459310e-06	 3642	 iter
2792	 3.459310e-06	 3644	 iter
2793	 3.459310e-06	 3645	 iter
2794	 3.459310e-06	 3647	 iter
2795	 3.458485e-06	 3649	 iter
2796	 3.458485e-06	 3651	 iter
2797	 3.458485e-06	 3653	 iter
2798	 3.455213e-06	 3655	 iter
2799	 3.455213e-06	 3656	 iter
2800	 3.455213e-06	 3657	 iter
2801	 3.455213e-06	 3658	 iter
2802	 3.455213e-06	 3659	 iter
2803	 3.455213e-06	 3660	 iter
2804	 3.455213e-06	 3661	 iter
2805	 3.455213e-06	 3662	 iter
2806	 3.455213e-06	 3663	 iter
2807	 3.455213e-06	 3665	 iter
2808	 3.455213e-06	 3667	 iter
2809	 3.455213e-06	 3668	 iter
2810	 3.455213e-06	 3669	 iter
2811	 3.452958e-06	 3671	 iter
2812	 3.452958e-06	 3672	 iter
2813	 3.452958e-06	 3673	 iter
2814	 3.452958e-06	 3674	 iter
2815	 3.452958e-06	 3675	 iter
2816	 3.452958e-06	 3676	 iter
2817	 3.452958e-06	 3677	 iter
2818	 3.452958e-06	 3679	 iter
2819	 3.452958e-06	 3680	 iter
2820	 3.452958e-06	 3682	 iter
2821	 3.452958e-06	 3683	 iter
2822	 3.452958e-06	 3684	 iter
2823	 3.452958e-06	 3685	 iter
2824	 3.452958e-06	 3686	 iter
2825	 3.451798e-06	 3688	 iter
2826	 3.451798e-06	 3690	 iter
2827	 3.451798e-06	 3691	 iter
2828	 3.450451e-06	 3693	 iter
2829	 3.450451e-06	 3694	 iter
2830	 3.450451e-06	 3695	 iter
2831	 3.450451e-06	 3697	 iter
2832	 3.450451e-06	 3699	 iter
2833	 3.450451e-06	 3700	 iter
2834	 3.450451e-06	 3701	 iter
2835	 3.450451e-06	 3702	 iter
2836	 3.450451e-06	 3703	 iter
2837	 3.450451e-06	 3704	 iter
2838	 3.450451e-06	 3705	 iter
2839	 3.449792e-06	 3707	 iter
2840	 3.449792e-06	 3708	 iter
2841	 3.449792e-06	 3709	 iter
2842	 3.449017e-06	 3711	 iter
2843	 3.449017e-06	 3713	 iter
2844	 3.449017e-06	 3714	 iter
2845	 3.449017e-06	 3715	 iter
2846	 3.449017e-06	 3717	 iter
2847	 3.449017e-06	 3718	 iter
2848	 3.449017e-06	 3720	 iter
2849	 3.449017e-06	 3721	 iter
2850	 3.449017e-06	 3722	 iter
2851	 3.449017e-06	 3723	 iter
2852	 3.449017e-06	 3724	 iter
2853	 3.449017e-06	 3725	 iter
2854	 3.449017e-06	 3726	 iter
2855	 3.449017e-06	 3727	 iter
2856	 3.449017e-06	 3728	 iter
2857	 3.447842e-06	 3730	 iter
2858	 3.447842e-06	 3731	 iter
2859	 3.447842e-06	 3732	 iter
2860	 3.447842e-06	 3733	 iter
2861	 3.447842e-06	 3734	 iter
2862	 3.447842e-06	 3736	 iter
2863	 3.447549e-06	 3738	 iter
2864	 3.447549e-06	 3740	 iter
2865	 3.447549e-06	 3741	 iter
2866	 3.447291e-06	 3743	 iter
2867	 3.447291e-06	 3744	 iter
2868	 3.447291e-06	 3746	 iter
2869	 3.447291e-06	 3747	 iter
2870	 3.447291e-06	 3749	 iter
2871	 3.447291e-06	 3751	 iter
2872	 3.447291e-06	 3753	 iter
2873	 3.447291e-06	 3754	 iter
2874	 3.447291e-06	 3755	 iter
2875	 3.447291e-06	 3756	 iter
2876	 3.446825e-06	 3758	 iter
2877	 3.446825e-06	 3759	 iter
2878	 3.446825e-06	 3761	 iter
2879	 3.446825e-06	 3763	 iter
2880	 3.446825e-06	 3764	 iter
2881	 3.446825e-06	 3766	 iter
2882	 3.446825e-06	 3767	 iter
2883	 3.446825e-06	 3769	 iter
2884	 3.446825e-06	 3770	 iter
2885	 3.446518e-06	 3772	 iter
2886	 3.446518e-06	 3774	 iter
2887	 3.446356e-06	 3776	 iter
2888	 3.446356e-06	 3777	 iter
2889	 3.446356e-06	 3779	 iter
2890	 3.446356e-06	 3780	 iter
2891	 3.446356e-06	 3781	 iter
2892	 3.446356e-06	 3782	 iter
2893	 3.446356e-06	 3783	 iter
2894	 3.446356e-06	 3784	 iter
2895	 3.446028e-06	 3786	 iter
2896	 3.446028e-06	 3788	 iter
2897	 3.446028e-06	 3789	 iter
2898	 3.446028e-06	 3790	 iter
2899	 3.446028e-06	 3792	 iter
2900	 3.446028e-06	 3794	 iter
2901	 3.446028e-06	 3796	 iter
2902	 3.446028e-06	 3797	 iter
2903	 3.446028e-06	 3799	 iter
2904	 3.446028e-06	 3801	 iter
2905	 3.446028e-06	 3803	 iter
2906	 3.446028e-06	 3804	 iter
2907	 3.446028e-06	 3805	 iter
2908	 3.446028e-06	 3807	 iter
2909	 3.446028e-06	 3809	 iter
2910	 3.445947e-06	 3811	 iter
2911	 3.445947e-06	 3812	 iter
2912	 3.445947e-06	 3813	 iter
2913	 3.445947e-06	 3815	 iter
2914	 3.445947e-06	 3817	 iter
2915	 3.445947e-06	 3819	 iter
2916	 3.445947e-06	 3821	 iter
2917	 3.445947e-06	 3822	 iter
2918	 3.445947e-06	 3824	 iter
2919	 3.445947e-06	 3825	 iter
2920	 3.445947e-06	 3826	 iter
2921	 3.445947e-06	 3827	 iter
2922	 3.445947e-06	 3828	 iter
2923	 3.445930e-06	 3830	 iter
2924	 3.445918e-06	 3832	 iter
2925	 3.445918e-06	 3833	 iter
2926	 3.445650e-06	 3835	 iter
2927	 3.445650e-06	 3836	 iter
2928	 3.445650e-06	 3837	 iter
2929	 3.445650e-06	 3839	 iter
2930	 3.445650e-06	 3840	 iter
2931	 3.445650e-06	 3841	 iter
2932	 3.445650e-06	 3842	 iter
2933	 3.445650e-06	 3843	 iter
2934	 3.445650e-06	 3844	 iter
2935	 3.445650e-06	 3845	 iter
2936	 3.445650e-06	 3846	 iter
2937	 3.445650e-06	 3848	 iter
2938	 3.445650e-06	 3850	 iter
2939	 3.445650e-06	 3851	 iter
2940	 3.445650e-06	 3852	 iter
2941	 3.445650e-06	 3854	 iter
2942	 3.445650e-06	 3855	 iter
2943	 3.445650e-06	 3856	 iter
2944	 3.445650e-06	 3858	 iter
2945	 3.445650e-06	 3859	 iter
2946	 3.445650e-06	 3860	 iter
2947	 3.445650e-06	 3862	 iter
2948	 3.445650e-06	 3863	 iter
2949	 3.445650e-06	 3864	 iter
2950	 3.445650e-06	 3866	 iter
2951	 3.445650e-06	 3867	 iter
2952	 3.445650e-06	 3868	 iter
2953	 3.445650e-06	 3869	 iter
2954	 3.445650e-06	 3871	 iter
2955	 3.445650e-06	 3873	 iter
2956	 3.445650e-06	 3875	 iter
2957	 3.445618e-06	 3877	 iter
2958	 3.445618e-06	 3879	 iter
2959	 3.445618e-06	 3881	 iter
2960	 3.445618e-06	 3882	 iter
2961	 3.445607e-06	 3884	 iter
2962	 3.445590e-06	 3886	 iter
2963	 3.445590e-06	 3888	 iter
2964	 3.445579e-06	 3890	 iter
2965	 3.445579e-06	 3892	 iter
2966	 3.445579e-06	 3894	 iter
2967	 3.445579e-06	 3895	 iter
2968	 3.445579e-06	 3896	 iter
2969	 3.445577e-06	 3898	 iter
2970	 3.445553e-06	 3900	 iter
2971	 3.445545e-06	 3902	 iter
2972	 3.445545e-06	 3904	 iter
2973	 3.445545e-06	 3905	 iter
2974	 3.445508e-06	 3907	 iter
2975	 3.445508e-06	 3908	 iter
2976	 3.445508e-06	 3909	 iter
2977	 3.445508e-06	 3910	 iter
2978	 3.445479e-06	 3912	 iter
2979	 3.445479e-06	 3913	 iter
2980	 3.445479e-06	 3914	 iter
2981	 3.445479e-06	 3916	 iter
2982	 3.445454e-06	 3918	 iter
2983	 3.445444e-06	 3920	 iter
2984	 3.445444e-06	 3921	 iter
2985	 3.445444e-06	 3922	 iter
2986	 3.445444e-06	 3923	 iter
2987	 3.445444e-06	 3924	 iter
2988	 3.445444e-06	 3925	 iter
2989	 3.445444e-06	 3926	 iter
2990	 3.445444e-06	 3927	 iter
2991	 3.445408e-06	 3929	 iter
2992	 3.445408e-06	 3930	 iter
2993	 3.445408e-06	 3931	 iter
2994	 3.445408e-06	 3932	 iter
2995	 3.445403e-06	 3934	 iter
2996	 3.445393e-06	 3936	 iter
2997	 3.445393e-06	 3937	 iter
2998	 3.445393e-06	 3938	 iter
2999	 3.445362e-06	 3940	 iter
3000	 3.445362e-06	 3941	 iter
3001	 3.445362e-06	 3942	 iter
3002	 3.445362e-06	 3943	 iter
3003	 3.445362e-06	 3944	 iter
3004	 3.445362e-06	 3945	 iter
3005	 3.445362e-06	 3946	 iter
3006	 3.445343e-06	 3948	 iter
3007	 3.445343e-06	 3949	 iter
3008	 3.445343e-06	 3950	 iter
3009	 3.445343e-06	 3951	 iter
3010	 3.445334e-06	 3953	 iter
3011	 3.445334e-06	 3954	 iter
3012	 3.445334e-06	 3956	 iter
3013	 3.445334e-06	 3957	 iter
3014	 3.445334e-06	 3958	 iter
3015	 3.445334e-06	 3959	 iter
3016	 3.445304e-06	 3961	 iter
3017	 3.445304e-06	 3962	 iter
3018	 3.445304e-06	 3963	 iter
3019	 3.445299e-06	 3965	 iter
3020	 3.445299e-06	 3966	 iter
3021	 3.445299e-06	 3967	 iter
3022	 3.445299e-06	 3968	 iter
3023	 3.445299e-06	 3969	 iter
3024	 3.445299e-06	 3971	 iter
3025	 3.445299e-06	 3972	 iter
3026	 3.445299e-06	 3973	 iter
3027	 3.445299e-06	 3974	 iter
3028	 3.445299e-06	 3975	 iter
3029	 3.445271e-06	 3977	 iter
3030	 3.445271e-06	 3979	 iter
3031	 3.445271e-06	 3980	 iter
3032	 3.445271e-06	 3981	 iter
3033	 3.445271e-06	 3982	 iter
3034	 3.445271e-06	 3984	 iter
3035	 3.445249e-06	 3986	 iter
3036	 3.445249e-06	 3988	 iter
3037	 3.445249e-06	 3989	 iter
3038	 3.445249e-06	 3991	 iter
3039	 3.445249e-06	 3992	 iter
3040	 3.445249e-06	 3993	 iter
3040	 3.445249e-06	 3993	 done
