0	 3.137236e-04	 1	 init
0	 3.137236e-04	 1	 iter
1	 3.084374e-04	 17	 iter
2	 3.084374e-04	 19	 iter
3	 3.084374e-04	 21	 iter
4	 3.084374e-04	 23	 iter
5	 3.084374e-04	 25	 iter
6	 3.084374e-04	 26	 iter
7	 3.084374e-04	 28	 iter
8	 3.084113e-04	 30	 iter
9	 3.084113e-04	 32	 iter
10	 2.872810e-04	 34	 iter
11	 2.872810e-04	 36	 iter
12	 2.872810e-04	 37	 iter
13	 2.872810e-04	 38	 iter
14	 2.872810e-04	 39	 iter
15	 2.872810e-04	 40	 iter
16	 2.872810e-04	 41	 iter
17	 2.872810e-04	 42	 iter
18	 2.872810e-04	 43	 iter
19	 2.872810e-04	 44	 iter
20	 2.872810e-04	 45	 iter
21	 2.872810e-04	 46	 iter
22	 2.872810e-04	 47	 iter
23	 2.872810e-04	 48	 iter
24	 2.872810e-04	 49	 iter
25	 2.872810e-04	 50	 iter
26	 2.872810e-04	 51	 iter
27	 2.872810e-04	 52	 iter
28	 2.846394e-04	 54	 iter
29	 2.742883e-04	 56	 iter
30	 2.742883e-04	 57	 iter
31	 2.742883e-04	 58	 iter
32	 2.742883e-04	 59	 iter
33	 2.742883e-04	 60	 iter
34	 2.630122e-04	 62	 iter
35	 2.630122e-04	 63	 iter
36	 2.630122e-04	 64	 iter
37	 2.630122e-04	 65	 iter
38	 2.630122e-04	 66	 iter
39	 2.499168e-04	 68	 iter
40	 2.499168e-04	 69	 iter
41	 2.499168e-04	 70	 iter
42	 2.499168e-04	 71	 iter
43	 2.499168e-04	 72	 iter
44	 2.499168e-04	 73	 iter
45	 2.499168e-04	 74	 iter
46	 2.380177e-04	 76	 iter
47	 2.380177e-04	 77	 iter
48	 2.380177e-04	 78	 iter
49	 2.380177e-04	 79	 iter
50	 2.380177e-04	 80	 iter
51	 2.380177e-04	 81	 iter
52	 2.380177e-04	 82	 iter
53	 2.225660e-04	 84	 iter
54	 2.225660e-04	 85	 iter
55	 2.225660e-04	 86	 iter
56	 2.225660e-04	 87	 iter
57	 2.225660e-04	 88	 iter
58	 2.225660e-04	 89	 iter
59	 2.225660e-04	 90	 iter
60	 2.225660e-04	 91	 iter
61	 2.121327e-04	 93	 iter
62	 2.121327e-04	 94	 iter
63	 2.121327e-04	 95	 iter
64	 2.121327e-04	 96	 iter
65	 2.121327e-04	 97	 iter
66	 2.121327e-04	 98	 iter
67	 2.121327e-04	 99	 iter
68	 2.105720e-04	 101	 iter
69	 2.105720e-04	 102	 iter
70	 2.105720e-04	 103	 iter
71	 2.077547e-04	 105	 iter
72	 2.077547e-04	 107	 iter
73	 2.077547e-04	 108	 iter
74	 2.076978e-04	 110	 iter
75	 2.073602e-04	 112	 iter
76	 2.073602e-04	 113	 iter
77	 2.050148e-04	 115	 iter
78	 2.050148e-04	 116	 iter
79	 2.050148e-04	 117	 iter
80	 2.050148e-04	 119	 iter
81	 2.049018e-04	 121	 iter
82	 2.049018e-04	 123	 iter
83	 2.029385e-04	 125	 iter
84	 2.029385e-04	 126	 iter
85	 2.029385e-04	 127	 iter
86	 2.029385e-04	 128	 iter
87	 1.996968e-04	 130	 iter
88	 1.996968e-04	 131	 iter
89	 1.996968e-04	 132	 iter
90	 1.996968e-04	 133	 iter
91	 1.996968e-04	 134	 iter
92	 1.996968e-04	 135	 iter
93	 1.996968e-04	 136	 iter
94	 1.996968e-04	 137	 iter
95	 1.996968e-04	 138	 iter
96	 1.996968e-04	 139	 iter
97	 1.996968e-04	 140	 iter
98	 1.991895e-04	 142	 iter
99	 1.991895e-04	 143	 iter
100	 1.991895e-04	 144	 iter
101	 1.991895e-04	 145	 iter
102	 1.991895e-04	 146	 iter
103	 1.991895e-04	 148	 iter
104	 1.991895e-04	 149	 iter
105	 1.991895e-04	 151	 iter
106	 1.980338e-04	 153	 iter
107	 1.980338e-04	 154	 iter
108	 1.962825e-04	 156	 iter
109	 1.962825e-04	 157	 iter
110	 1.962825e-04	 158	 iter
111	 1.962825e-04	 159	 iter
112	 1.950515e-04	 161	 iter
113	 1.950515e-04	 162	 iter
114	 1.950515e-04	 163	 iter
115	 1.950515e-04	 164	 iter
116	 1.933745e-04	 166	 iter
117	 1.911474e-04	 168	 iter
118	 1.911474e-04	 169	 iter
119	 1.911474e-04	 170	 iter
120	 1.911474e-04	 171	 iter
121	 1.911474e-04	 172	 iter
122	 1.911474e-04	 173	 iter
123	 1.911474e-04	 174	 iter
124	 1.832540e-04	 176	 iter
125	 1.832540e-04	 177	 iter
126	 1.832540e-04	 178	 iter
127	 1.832540e-04	 179	 iter
128	 1.832540e-04	 180	 iter
129	 1.832540e-04	 182	 iter
130	 1.832540e-04	 183	 iter
131	 1.832540e-04	 184	 iter
132	 1.832540e-04	 185	 iter
133	 1.832540e-04	 186	 iter
134	 1.832540e-04	 187	 iter
135	 1.832540e-04	 188	 iter
136	 1.782293e-04	 190	 iter
137	 1.782293e-04	 191	 iter
138	 1.782293e-04	 192	 iter
139	 1.782293e-04	 193	 iter
140	 1.782293e-04	 194	 iter
141	 1.782293e-04	 195	 iter
142	 1.782293e-04	 196	 iter
143	 1.718607e-04	 198	 iter
144	 1.718607e-04	 199	 iter
145	 1.718607e-04	 200	 iter
146	 1.718607e-04	 201	 iter
147	 1.718607e-04	 202	 iter
148	 1.718607e-04	 203	 iter
149	 1.718607e-04	 204	 iter
150	 1.718607e-04	 205	 iter
151	 1.616164e-04	 207	 iter
152	 1.616164e-04	 208	 iter
153	 1.616164e-04	 209	 iter
154	 1.616164e-04	 210	 iter
155	 1.616164e-04	 211	 iter
156	 1.616164e-04	 212	 iter
157	 1.616164e-04	 213	 iter
158	 1.616164e-04	 214	 iter
159	 1.616164e-04	 215	 iter
160	 1.616164e-04	 216	 iter
161	 1.593220e-04	 218	 iter
162	 1.558972e-04	 220	 iter
163	 1.558972e-04	 221	 iter
164	 1.558972e-04	 222	 iter
165	 1.558972e-04	 223	 iter
166	 1.550929e-04	 225	 iter
167	 1.500642e-04	 227	 iter
168	 1.500642e-04	 228	 iter
169	 1.500642e-04	 229	 iter
170	 1.500642e-04	 230	 iter
171	 1.470261e-04	 232	 iter
172	 1.470261e-04	 233	 iter
173	 1.438042e-04	 235	 iter
174	 1.438042e-04	 236	 iter
175	 1.438042e-04	 237	 iter
176	 1.435961e-04	 239	 iter
177	 1.435961e-04	 240	 iter
178	 1.428184e-04	 242	 iter
179	 1.428184e-04	 243	 iter
180	 1.404381e-04	 245	 iter
181	 1.404381e-04	 246	 iter
182	 1.404381e-04	 247	 iter
183	 1.366867e-04	 249	 iter
184	 1.366867e-04	 250	 iter
185	 1.366867e-04	 251	 iter
186	 1.366867e-04	 252	 iter
187	 1.366867e-04	 253	 iter
188	 1.366867e-04	 254	 iter
189	 1.366867e-04	 255	 iter
190	 1.366867e-04	 257	 iter
191	 1.366867e-04	 258	 iter
192	 1.366867e-04	 260	 iter
193	 1.366867e-04	 262	 iter
194	 1.366867e-04	 263	 iter
195	 1.366867e-04	 265	 iter
196	 1.366867e-04	 267	 iter
197	 1.366867e-04	 268	 iter
198	 1.366867e-04	 269	 iter
199	 1.344996e-04	 271	 iter
200	 1.344996e-04	 272	 iter
201	 1.344996e-04	 274	 iter
202	 1.344996e-04	 275	 iter
203	 1.344996e-04	 277	 iter
204	 1.344996e-04	 278	 iter
205	 1.344996e-04	 279	 iter
206	 1.344996e-04	 281	 iter
207	 1.344996e-04	 282	 iter
208	 1.343439e-04	 284	 iter
209	 1.343439e-04	 286	 iter
210	 1.343439e-04	 287	 iter
211	 1.343439e-04	 288	 iter
212	 1.343439e-04	 289	 iter
213	 1.343439e-04	 290	 iter
214	 1.325576e-04	 292	 iter
215	 1.325576e-04	 294	 iter
216	 1.325576e-04	 295	 iter
217	 1.325576e-04	 296	 iter
218	 1.325576e-04	 297	 iter
219	 1.325576e-04	 298	 iter
220	 1.325576e-04	 300	 iter
221	 1.325576e-04	 301	 iter
222	 1.325576e-04	 302	 iter
223	 1.325576e-04	 303	 iter
224	 1.325576e-04	 304	 iter
225	 1.325576e-04	 305	 iter
226	 1.325576e-04	 306	 iter
227	 1.325576e-04	 307	 iter
228	 1.325576e-04	 308	 iter
229	 1.325576e-04	 310	 iter
230	 1.325576e-04	 312	 iter
231	 1.325576e-04	 313	 iter
232	 1.325576e-04	 315	 iter
233	 1.325576e-04	 316	 iter
234	 1.321755e-04	 318	 iter
235	 1.321755e-04	 320	 iter
236	 1.321755e-04	 321	 iter
237	 1.321755e-04	 322	 iter
238	 1.310285e-04	 324	 iter
239	 1.310285e-04	 325	 iter
240	 1.310285e-04	 327	 iter
241	 1.310285e-04	 329	 iter
242	 1.310285e-04	 331	 iter
243	 1.310285e-04	 332	 iter
244	 1.296976e-04	 334	 iter
245	 1.296976e-04	 335	 iter
246	 1.296976e-04	 336	 iter
247	 1.296976e-04	 338	 iter
248	 1.296976e-04	 340	 iter
249	 1.296976e-04	 341	 iter
250	 1.296976e-04	 342	 iter
251	 1.296976e-04	 344	 iter
252	 1.296976e-04	 345	 iter
253	 1.296976e-04	 347	 iter
254	 1.296976e-04	 348	 iter
255	 1.296976e-04	 349	 iter
256	 1.296976e-04	 350	 iter
257	 1.296976e-04	 351	 iter
258	 1.296976e-04	 352	 iter
259	 1.296976e-04	 353	 iter
260	 1.294955e-04	 355	 iter
261	 1.294955e-04	 356	 iter
262	 1.294955e-04	 357	 iter
263	 1.294955e-04	 358	 iter
264	 1.294955e-04	 359	 iter
265	 1.294955e-04	 360	 iter
266	 1.272794e-04	 362	 iter
267	 1.272794e-04	 363	 iter
268	 1.272794e-04	 364	 iter
269	 1.272794e-04	 365	 iter
270	 1.272794e-04	 367	 iter
271	 1.272794e-04	 368	 iter
272	 1.272794e-04	 369	 iter
273	 1.272794e-04	 370	 iter
274	 1.272794e-04	 371	 iter
275	 1.272794e-04	 372	 iter
276	 1.272794e-04	 373	 iter
277	 1.272794e-04	 374	 iter
278	 1.272794e-04	 375	 iter
279	 1.272794e-04	 376	 iter
280	 1.272794e-04	 377	 iter
281	 1.260112e-04	 379	 iter
282	 1.260112e-04	 380	 iter
283	 1.250685e-04	 382	 iter
284	 1.250685e-04	 383	 iter
285	 1.250685e-04	 384	 iter
286	 1.250685e-04	 385	 iter
287	 1.250685e-04	 386	 iter
288	 1.250685e-04	 387	 iter
289	 1.238756e-04	 389	 iter
290	 1.238756e-04	 390	 iter
291	 1.238756e-04	 391	 iter
292	 1.238756e-04	 392	 iter
293	 1.238756e-04	 393	 iter
294	 1.238756e-04	 394	 iter
295	 1.238756e-04	 395	 iter
296	 1.238756e-04	 396	 iter
297	 1.238756e-04	 397	 iter
298	 1.209153e-04	 399	 iter
299	 1.209153e-04	 400	 iter
300	 1.209153e-04	 401	 iter
301	 1.209153e-04	 402	 iter
302	 1.209153e-04	 403	 iter
303	 1.209153e-04	 404	 iter
304	 1.209153e-04	 405	 iter
305	 1.209153e-04	 406	 iter
306	 1.209153e-04	 407	 iter
307	 1.209153e-04	 408	 iter
308	 1.209153e-04	 409	 iter
309	 1.209153e-04	 410	 iter
310	 1.161571e-04	 412	 iter
311	 1.161571e-04	 413	 iter
312	 1.161571e-04	 414	 iter
313	 1.161571e-04	 415	 iter
314	 1.161571e-04	 416	 iter
315	 1.161571e-04	 417	 iter
316	 1.161571e-04	 418	 iter
317	 1.161571e-04	 419	 iter
318	 1.161571e-04	 420	 iter
319	 1.161571e-04	 421	 iter
320	 1.161571e-04	 422	 iter
321	 1.122359e-04	 424	 iter
322	 1.122359e-04	 425	 iter
323	 1.122359e-04	 426	 iter
324	 1.122359e-04	 427	 iter
325	 1.122359e-04	 428	 iter
326	 1.122359e-04	 429	 iter
327	 1.122359e-04	 430	 iter
328	 1.122359e-04	 431	 iter
329	 1.122359e-04	 432	 iter
330	 1.094168e-04	 434	 iter
331	 1.094168e-04	 435	 iter
332	 1.094168e-04	 436	 iter
333	 1.094168e-04	 437	 iter
334	 1.094168e-04	 438	 iter
335	 1.055823e-04	 440	 iter
336	 1.055823e-04	 441	 iter
337	 1.055823e-04	 442	 iter
338	 1.055823e-04	 443	 iter
339	 1.055823e-04	 444	 iter
340	 1.055823e-04	 445	 iter
341	 1.055823e-04	 446	 iter
342	 1.055823e-04	 447	 iter
343	 1.052638e-04	 449	 iter
344	 1.047265e-04	 451	 iter
345	 9.885064e-05	 453	 iter
346	 9.885064e-05	 454	 iter
347	 9.885064e-05	 455	 iter
348	 9.885064e-05	 456	 iter
349	 9.885064e-05	 457	 iter
350	 9.885064e-05	 458	 iter
351	 9.885064e-05	 459	 iter
352	 9.885064e-05	 460	 iter
353	 9.750665e-05	 462	 iter
354	 9.750665e-05	 463	 iter
355	 9.750665e-05	 464	 iter
356	 9.750665e-05	 465	 iter
357	 9.750665e-05	 466	 iter
358	 9.750665e-05	 467	 iter
359	 9.750665e-05	 468	 iter
360	 9.750665e-05	 470	 iter
361	 9.750665e-05	 471	 iter
362	 9.750665e-05	 472	 iter
363	 9.750665e-05	 473	 iter
364	 9.750665e-05	 474	 iter
365	 9.750665e-05	 475	 iter
366	 9.750665e-05	 476	 iter
367	 9.750665e-05	 478	 iter
368	 9.750665e-05	 479	 iter
369	 9.661303e-05	 481	 iter
370	 9.661303e-05	 482	 iter
371	 9.661303e-05	 483	 iter
372	 9.420955e-05	 485	 iter
373	 9.420955e-05	 486	 iter
374	 9.420955e-05	 488	 iter
375	 9.420955e-05	 490	 iter
376	 9.336424e-05	 492	 iter
377	 9.336424e-05	 494	 iter
378	 9.281135e-05	 496	 iter
379	 9.281135e-05	 497	 iter
380	 9.281135e-05	 498	 iter
381	 9.281135e-05	 499	 iter
382	 9.281135e-05	 500	 iter
383	 9.281135e-05	 502	 iter
384	 9.252374e-05	 504	 iter
385	 9.252374e-05	 505	 iter
386	 9.122459e-05	 507	 iter
387	 9.122459e-05	 508	 iter
388	 8.546234e-05	 510	 iter
389	 8.546234e-05	 511	 iter
390	 8.546234e-05	 512	 iter
391	 8.546234e-05	 513	 iter
392	 8.546234e-05	 514	 iter
393	 8.546234e-05	 515	 iter
394	 8.546234e-05	 516	 iter
395	 8.546234e-05	 517	 iter
396	 8.546234e-05	 518	 iter
397	 8.546234e-05	 519	 iter
398	 8.546234e-05	 520	 iter
399	 8.546234e-05	 521	 iter
400	 8.536006e-05	 523	 iter
401	 8.536006e-05	 524	 iter
402	 8.115624e-05	 526	 iter
403	 8.115624e-05	 527	 iter
404	 8.115624e-05	 528	 iter
405	 8.115624e-05	 529	 iter
406	 8.115624e-05	 530	 iter
407	 8.115624e-05	 531	 iter
408	 8.115624e-05	 532	 iter
409	 8.115624e-05	 533	 iter
410	 8.115624e-05	 534	 iter
411	 8.115624e-05	 535	 iter
412	 7.797079e-05	 537	 iter
413	 7.797079e-05	 538	 iter
414	 7.797079e-05	 539	 iter
415	 7.797079e-05	 540	 iter
416	 7.797079e-05	 541	 iter
417	 7.797079e-05	 542	 iter
418	 7.797079e-05	 543	 iter
419	 7.240381e-05	 545	 iter
420	 7.240381e-05	 546	 iter
421	 7.240381e-05	 547	 iter
422	 7.240381e-05	 548	 iter
423	 7.240381e-05	 549	 iter
424	 7.240381e-05	 550	 iter
425	 7.240381e-05	 551	 iter
426	 7.240381e-05	 552	 iter
427	 7.240381e-05	 553	 iter
428	 7.240381e-05	 554	 iter
429	 7.240381e-05	 555	 iter
430	 7.240381e-05	 556	 iter
431	 7.051398e-05	 558	 iter
432	 7.051398e-05	 559	 iter
433	 7.039241e-05	 561	 iter
434	 7.039241e-05	 562	 iter
435	 7.039241e-05	 563	 iter
436	 7.039241e-05	 564	 iter
437	 7.039241e-05	 565	 iter
438	 7.039241e-05	 566	 iter
439	 6.943387e-05	 568	 iter
440	 6.943387e-05	 570	 iter
441	 6.860680e-05	 572	 iter
442	 6.860680e-05	 573	 iter
443	 6.852934e-05	 575	 iter
444	 6.852934e-05	 576	 iter
445	 6.852934e-05	 577	 iter
446	 6.852934e-05	 578	 iter
447	 6.852934e-05	 579	 iter
448	 6.852934e-05	 581	 iter
449	 6.700310e-05	 583	 iter
450	 6.700310e-05	 584	 iter
451	 6.700310e-05	 585	 iter
452	 6.700310e-05	 587	 iter
453	 6.700310e-05	 588	 iter
454	 6.700310e-05	 589	 iter
455	 6.700310e-05	 590	 iter
456	 6.688002e-05	 592	 iter
457	 6.688002e-05	 594	 iter
458	 6.688002e-05	 595	 iter
459	 6.688002e-05	 597	 iter
460	 6.688002e-05	 599	 iter
461	 6.688002e-05	 601	 iter
462	 6.688002e-05	 602	 iter
463	 6.688002e-05	 603	 iter
464	 6.665763e-05	 605	 iter
465	 6.665763e-05	 606	 iter
466	 6.665763e-05	 607	 iter
467	 6.538902e-05	 609	 iter
468	 6.538902e-05	 610	 iter
469	 6.538902e-05	 611	 iter
470	 6.538902e-05	 613	 iter
471	 6.538902e-05	 614	 iter
472	 6.538902e-05	 615	 iter
473	 6.538902e-05	 617	 iter
474	 6.517497e-05	 619	 iter
475	 6.517497e-05	 620	 iter
476	 6.517497e-05	 621	 iter
477	 6.517497e-05	 622	 iter
478	 6.517497e-05	 623	 iter
479	 6.517497e-05	 624	 iter
480	 6.517497e-05	 625	 iter
481	 6.517497e-05	 626	 iter
482	 6.517497e-05	 628	 iter
483	 6.517497e-05	 630	 iter
484	 6.517497e-05	 631	 iter
485	 6.471884e-05	 633	 iter
486	 6.468696e-05	 635	 iter
487	 6.468696e-05	 637	 iter
488	 6.468696e-05	 638	 iter
489	 6.468696e-05	 639	 iter
490	 6.468696e-05	 640	 iter
491	 6.468696e-05	 642	 iter
492	 6.468696e-05	 644	 iter
493	 6.468696e-05	 645	 iter
494	 6.458400e-05	 647	 iter
495	 6.458400e-05	 649	 iter
496	 6.458400e-05	 651	 iter
497	 6.458400e-05	 652	 iter
498	 6.458400e-05	 654	 iter
499	 6.458400e-05	 655	 iter
500	 6.458400e-05	 657	 iter
501	 6.452591e-05	 659	 iter
502	 6.452591e-05	 660	 iter
503	 6.452591e-05	 661	 iter
504	 6.452591e-05	 663	 iter
505	 6.452591e-05	 664	 iter
506	 6.452591e-05	 665	 iter
507	 6.405479e-05	 667	 iter
508	 6.405479e-05	 668	 iter
509	 6.405479e-05	 669	 iter
510	 6.405479e-05	 670	 iter
511	 6.405479e-05	 671	 iter
512	 6.405479e-05	 672	 iter
513	 6.405479e-05	 674	 iter
514	 6.405479e-05	 676	 iter
515	 6.405479e-05	 678	 iter
516	 6.405479e-05	 679	 iter
517	 6.405479e-05	 680	 iter
518	 6.405479e-05	 682	 iter
519	 6.383233e-05	 684	 iter
520	 6.383233e-05	 685	 iter
521	 6.383233e-05	 686	 iter
522	 6.383233e-05	 687	 iter
523	 6.383233e-05	 688	 iter
524	 6.383233e-05	 689	 iter
525	 6.383233e-05	 690	 iter
526	 6.383233e-05	 691	 iter
527	 6.383233e-05	 692	 iter
528	 6.383233e-05	 694	 iter
529	 6.383233e-05	 695	 iter
530	 6.383233e-05	 696	 iter
531	 6.379140e-05	 698	 iter
532	 6.379140e-05	 699	 iter
533	 6.379140e-05	 700	 iter
534	 6.379140e-05	 701	 iter
535	 6.379140e-05	 703	 iter
536	 6.363303e-05	 705	 iter
537	 6.363303e-05	 706	 iter
538	 6.363303e-05	 707	 iter
539	 6.350216e-05	 709	 iter
540	 6.350216e-05	 711	 iter
541	 6.332149e-05	 713	 iter
542	 6.332149e-05	 714	 iter
543	 6.332149e-05	 715	 iter
544	 6.331999e-05	 717	 iter
545	 6.331999e-05	 718	 iter
546	 6.331999e-05	 719	 iter
547	 6.331999e-05	 721	 iter
548	 6.331999e-05	 722	 iter
549	 6.331999e-05	 723	 iter
550	 6.331999e-05	 725	 iter
551	 6.331999e-05	 726	 iter
552	 6.331999e-05	 728	 iter
553	 6.317272e-05	 730	 iter
554	 6.317272e-05	 731	 iter
555	 6.310971e-05	 733	 iter
556	 6.310971e-05	 734	 iter
557	 6.310971e-05	 735	 iter
558	 6.289451e-05	 737	 iter
559	 6.289451e-05	 738	 iter
560	 6.289451e-05	 740	 iter
561	 6.289451e-05	 741	 iter
562	 6.289451e-05	 742	 iter
563	 6.289451e-05	 743	 iter
564	 6.289451e-05	 744	 iter
565	 6.289451e-05	 746	 iter
566	 6.289451e-05	 747	 iter
567	 6.289451e-05	 748	 iter
568	 6.289451e-05	 749	 iter
569	 6.228512e-05	 751	 iter
570	 6.228512e-05	 752	 iter
571	 6.228512e-05	 753	 iter
572	 6.228512e-05	 754	 iter
573	 6.228512e-05	 755	 iter
574	 6.228512e-05	 756	 iter
575	 6.228512e-05	 757	 iter
576	 6.228512e-05	 758	 iter
577	 6.228512e-05	 759	 iter
578	 6.228512e-05	 760	 iter
579	 6.228512e-05	 761	 iter
580	 6.216666e-05	 763	 iter
581	 6.179382e-05	 765	 iter
582	 6.179382e-05	 766	 iter
583	 6.179382e-05	 767	 iter
584	 6.179382e-05	 768	 iter
585	 6.179382e-05	 769	 iter
586	 6.179382e-05	 770	 iter
587	 6.179382e-05	 771	 iter
588	 6.179382e-05	 772	 iter
589	 6.179382e-05	 773	 iter
590	 6.153004e-05	 775	 iter
591	 6.153004e-05	 776	 iter
592	 6.153004e-05	 777	 iter
593	 6.078004e-05	 779	 iter
594	 6.078004e-05	 780	 iter
595	 6.078004e-05	 781	 iter
596	 6.078004e-05	 782	 iter
597	 6.078004e-05	 783	 iter
598	 6.007718e-05	 785	 iter
599	 6.007718e-05	 786	 iter
600	 6.007718e-05	 787	 iter
601	 6.007718e-05	 788	 iter
602	 6.007718e-05	 789	 iter
603	 6.007718e-05	 790	 iter
604	 6.007718e-05	 791	 iter
605	 5.924800e-05	 793	 iter
606	 5.924800e-05	 794	 iter
607	 5.924800e-05	 795	 iter
608	 5.924800e-05	 796	 iter
609	 5.924800e-05	 797	 iter
610	 5.924800e-05	 798	 iter
611	 5.924800e-05	 799	 iter
612	 5.890938e-05	 801	 iter
613	 5.868352e-05	 803	 iter
614	 5.760643e-05	 805	 iter
615	 5.760643e-05	 806	 iter
616	 5.760643e-05	 807	 iter
617	 5.760643e-05	 808	 iter
618	 5.760643e-05	 809	 iter
619	 5.730932e-05	 811	 iter
620	 5.730932e-05	 812	 iter
621	 5.637890e-05	 814	 iter
622	 5.637890e-05	 815	 iter
623	 5.637890e-05	 816	 iter
624	 5.637890e-05	 817	 iter
625	 5.637890e-05	 819	 iter
626	 5.637890e-05	 820	 iter
627	 5.637890e-05	 821	 iter
628	 5.526309e-05	 823	 iter
629	 5.526309e-05	 824	 iter
630	 5.526309e-05	 825	 iter
631	 5.526309e-05	 826	 iter
632	 5.526309e-05	 827	 iter
633	 5.375633e-05	 829	 iter
634	 5.375633e-05	 830	 iter
635	 5.375633e-05	 831	 iter
636	 5.375633e-05	 832	 iter
637	 5.375633e-05	 833	 iter
638	 5.375633e-05	 834	 iter
639	 5.329645e-05	 836	 iter
640	 5.329645e-05	 837	 iter
641	 5.211570e-05	 839	 iter
642	 5.211570e-05	 840	 iter
643	 5.211570e-05	 841	 iter
644	 5.211570e-05	 842	 iter
645	 5.211570e-05	 843	 iter
646	 5.211570e-05	 844	 iter
647	 5.211570e-05	 845	 iter
648	 5.211570e-05	 846	 iter
649	 5.211570e-05	 847	 iter
650	 5.211570e-05	 848	 iter
651	 5.128513e-05	 850	 iter
652	 5.128513e-05	 851	 iter
653	 5.128513e-05	 852	 iter
654	 5.128513e-05	 853	 iter
655	 5.128513e-05	 854	 iter
656	 5.128513e-05	 855	 iter
657	 5.101896e-05	 857	 iter
658	 5.101896e-05	 858	 iter
659	 5.101896e-05	 859	 iter
660	 5.101896e-05	 860	 iter
661	 4.958512e-05	 862	 iter
662	 4.851710e-05	 864	 iter
663	 4.851710e-05	 865	 iter
664	 4.851710e-05	 866	 iter
665	 4.851710e-05	 867	 iter
666	 4.851710e-05	 868	 iter
667	 4.851710e-05	 869	 iter
668	 4.851710e-05	 870	 iter
669	 4.851710e-05	 872	 iter
670	 4.851710e-05	 873	 iter
671	 4.851710e-05	 875	 iter
672	 4.851710e-05	 877	 iter
673	 4.851710e-05	 878	 iter
674	 4.851710e-05	 879	 iter
675	 4.851710e-05	 880	 iter
676	 4.851710e-05	 881	 iter
677	 4.851710e-05	 882	 iter
678	 4.851710e-05	 883	 iter
679	 4.851710e-05	 884	 iter
680	 4.851710e-05	 885	 iter
681	 4.851710e-05	 886	 iter
682	 4.851710e-05	 888	 iter
683	 4.851710e-05	 889	 iter
684	 4.851710e-05	 890	 iter
685	 4.851710e-05	 892	 iter
686	 4.851710e-05	 893	 iter
687	 4.851710e-05	 894	 iter
688	 4.851710e-05	 895	 iter
689	 4.837412e-05	 897	 iter
690	 4.814779e-05	 899	 iter
691	 4.814779e-05	 901	 iter
692	 4.814779e-05	 902	 iter
693	 4.814779e-05	 903	 iter
694	 4.814779e-05	 905	 iter
695	 4.810330e-05	 907	 iter
696	 4.810330e-05	 909	 iter
697	 4.810330e-05	 911	 iter
698	 4.810330e-05	 913	 iter
699	 4.810330e-05	 914	 iter
700	 4.810330e-05	 915	 iter
701	 4.810330e-05	 916	 iter
702	 4.798913e-05	 918	 iter
703	 4.798913e-05	 920	 iter
704	 4.798913e-05	 921	 iter
705	 4.798913e-05	 922	 iter
706	 4.798913e-05	 923	 iter
707	 4.796516e-05	 925	 iter
708	 4.791434e-05	 927	 iter
709	 4.791434e-05	 928	 iter
710	 4.772007e-05	 930	 iter
711	 4.772007e-05	 931	 iter
712	 4.772007e-05	 933	 iter
713	 4.772007e-05	 934	 iter
714	 4.759915e-05	 936	 iter
715	 4.759915e-05	 938	 iter
716	 4.759915e-05	 939	 iter
717	 4.759915e-05	 941	 iter
718	 4.759915e-05	 943	 iter
719	 4.759915e-05	 945	 iter
720	 4.759915e-05	 946	 iter
721	 4.759915e-05	 947	 iter
722	 4.759915e-05	 949	 iter
723	 4.759915e-05	 950	 iter
724	 4.759915e-05	 951	 iter
725	 4.759915e-05	 952	 iter
726	 4.759915e-05	 954	 iter
727	 4.759915e-05	 955	 iter
728	 4.759915e-05	 957	 iter
729	 4.759915e-05	 958	 iter
730	 4.742051e-05	 960	 iter
731	 4.742051e-05	 962	 iter
732	 4.742051e-05	 964	 iter
733	 4.742051e-05	 966	 iter
734	 4.742051e-05	 968	 iter
735	 4.742051e-05	 970	 iter
736	 4.742051e-05	 971	 iter
737	 4.742051e-05	 972	 iter
738	 4.742051e-05	 973	 iter
739	 4.742051e-05	 974	 iter
740	 4.742051e-05	 975	 iter
741	 4.742051e-05	 976	 iter
742	 4.742051e-05	 977	 iter
743	 4.742051e-05	 978	 iter
744	 4.742051e-05	 979	 iter
745	 4.740534e-05	 981	 iter
746	 4.740534e-05	 983	 iter
747	 4.740534e-05	 984	 iter
748	 4.740534e-05	 986	 iter
749	 4.740534e-05	 987	 iter
750	 4.740534e-05	 988	 iter
751	 4.738876e-05	 990	 iter
752	 4.738876e-05	 991	 iter
753	 4.732774e-05	 993	 iter
754	 4.732774e-05	 994	 iter
755	 4.732774e-05	 995	 iter
756	 4.732774e-05	 997	 iter
757	 4.732774e-05	 999	 iter
758	 4.732774e-05	 1000	 iter
759	 4.732774e-05	 1001	 iter
760	 4.732774e-05	 1003	 iter
761	 4.732774e-05	 1005	 iter
762	 4.726140e-05	 1007	 iter
763	 4.726140e-05	 1008	 iter
764	 4.726140e-05	 1009	 iter
765	 4.726140e-05	 1011	 iter
766	 4.726140e-05	 1012	 iter
767	 4.726140e-05	 1013	 iter
768	 4.726140e-05	 1014	 iter
769	 4.726140e-05	 1016	 iter
770	 4.726140e-05	 1017	 iter
771	 4.726140e-05	 1019	 iter
772	 4.726140e-05	 1020	 iter
773	 4.726140e-05	 1021	 iter
774	 4.726140e-05	 1022	 iter
775	 4.726140e-05	 1023	 iter
776	 4.726140e-05	 1024	 iter
777	 4.720650e-05	 1026	 iter
778	 4.720650e-05	 1028	 iter
779	 4.720650e-05	 1029	 iter
780	 4.720650e-05	 1030	 iter
781	 4.720650e-05	 1032	 iter
782	 4.720650e-05	 1034	 iter
783	 4.720650e-05	 1035	 iter
784	 4.720650e-05	 1036	 iter
785	 4.720650e-05	 1038	 iter
786	 4.720650e-05	 1039	 iter
787	 4.720650e-05	 1040	 iter
788	 4.718581e-05	 1042	 iter
789	 4.718581e-05	 1043	 iter
790	 4.718581e-05	 1044	 iter
791	 4.718581e-05	 1045	 iter
792	 4.718581e-05	 1047	 iter
793	 4.717200e-05	 1049	 iter
794	 4.717200e-05	 1051	 iter
795	 4.717200e-05	 1052	 iter
796	 4.711761e-05	 1054	 iter
797	 4.711761e-05	 1055	 iter
798	 4.711761e-05	 1056	 iter
799	 4.711761e-05	 1057	 iter
800	 4.711761e-05	 1058	 iter
801	 4.711761e-05	 1059	 iter
802	 4.711761e-05	 1060	 iter
803	 4.711761e-05	 1061	 iter
804	 4.711749e-05	 1063	 iter
805	 4.711749e-05	 1064	 iter
806	 4.711749e-05	 1065	 iter
807	 4.711749e-05	 1066	 iter
808	 4.706083e-05	 1068	 iter
809	 4.706083e-05	 1069	 iter
810	 4.706083e-05	 1070	 iter
811	 4.706083e-05	 1071	 iter
812	 4.706083e-05	 1072	 iter
813	 4.706083e-05	 1073	 iter
814	 4.706083e-05	 1074	 iter
815	 4.699586e-05	 1076	 iter
816	 4.699586e-05	 1077	 iter
817	 4.699586e-05	 1078	 iter
818	 4.699586e-05	 1079	 iter
819	 4.699586e-05	 1080	 iter
820	 4.699586e-05	 1081	 iter
821	 4.698768e-05	 1083	 iter
822	 4.698768e-05	 1084	 iter
823	 4.691530e-05	 1086	 iter
824	 4.691530e-05	 1087	 iter
825	 4.691530e-05	 1088	 iter
826	 4.691530e-05	 1089	 iter
827	 4.688563e-05	 1091	 iter
828	 4.688563e-05	 1092	 iter
829	 4.688563e-05	 1093	 iter
830	 4.688563e-05	 1094	 iter
831	 4.688563e-05	 1095	 iter
832	 4.683852e-05	 1097	 iter
833	 4.683852e-05	 1098	 iter
834	 4.683852e-05	 1099	 iter
835	 4.683852e-05	 1100	 iter
836	 4.683852e-05	 1101	 iter
837	 4.683852e-05	 1102	 iter
838	 4.683852e-05	 1103	 iter
839	 4.680797e-05	 1105	 iter
840	 4.680797e-05	 1106	 iter
841	 4.677450e-05	 1108	 iter
842	 4.677450e-05	 1109	 iter
843	 4.677450e-05	 1110	 iter
844	 4.677450e-05	 1111	 iter
845	 4.677450e-05	 1112	 iter
846	 4.677450e-05	 1113	 iter
847	 4.677450e-05	 1114	 iter
848	 4.677450e-05	 1115	 iter
849	 4.672725e-05	 1117	 iter
850	 4.672725e-05	 1118	 iter
851	 4.672725e-05	 1119	 iter
852	 4.672725e-05	 1120	 iter
853	 4.672725e-05	 1121	 iter
854	 4.672725e-05	 1122	 iter
855	 4.672725e-05	 1123	 iter
856	 4.672725e-05	 1124	 iter
857	 4.667258e-05	 1126	 iter
858	 4.667258e-05	 1127	 iter
859	 4.667258e-05	 1128	 iter
860	 4.667258e-05	 1130	 iter
861	 4.667258e-05	 1131	 iter
862	 4.667258e-05	 1132	 iter
863	 4.667258e-05	 1133	 iter
864	 4.667258e-05	 1135	 iter
865	 4.667258e-05	 1136	 iter
866	 4.667258e-05	 1137	 iter
867	 4.665979e-05	 1139	 iter
868	 4.665979e-05	 1140	 iter
869	 4.665979e-05	 1141	 iter
870	 4.665979e-05	 1142	 iter
871	 4.665979e-05	 1143	 iter
872	 4.665979e-05	 1144	 iter
873	 4.665979e-05	 1145	 iter
874	 4.665979e-05	 1146	 iter
875	 4.665979e-05	 1147	 iter
876	 4.665979e-05	 1148	 iter
877	 4.665979e-05	 1149	 iter
878	 4.664320e-05	 1151	 iter
879	 4.664320e-05	 1152	 iter
880	 4.664320e-05	 1153	 iter
881	 4.664320e-05	 1154	 iter
882	 4.664320e-05	 1156	 iter
883	 4.664320e-05	 1158	 iter
884	 4.664320e-05	 1159	 iter
885	 4.662509e-05	 1161	 iter
886	 4.662509e-05	 1162	 iter
887	 4.662509e-05	 1163	 iter
888	 4.662509e-05	 1164	 iter
889	 4.661329e-05	 1166	 iter
890	 4.661065e-05	 1168	 iter
891	 4.661065e-05	 1169	 iter
892	 4.661065e-05	 1171	 iter
893	 4.661065e-05	 1172	 iter
894	 4.661065e-05	 1174	 iter
895	 4.661065e-05	 1175	 iter
896	 4.660953e-05	 1177	 iter
897	 4.659809e-05	 1179	 iter
898	 4.659809e-05	 1180	 iter
899	 4.656361e-05	 1182	 iter
900	 4.656361e-05	 1183	 iter
901	 4.656305e-05	 1185	 iter
902	 4.654069e-05	 1187	 iter
903	 4.654069e-05	 1188	 iter
904	 4.654069e-05	 1189	 iter
905	 4.654069e-05	 1190	 iter
906	 4.654069e-05	 1191	 iter
907	 4.654069e-05	 1192	 iter
908	 4.654069e-05	 1193	 iter
909	 4.653683e-05	 1195	 iter
910	 4.651649e-05	 1197	 iter
911	 4.651649e-05	 1198	 iter
912	 4.647155e-05	 1200	 iter
913	 4.647155e-05	 1201	 iter
914	 4.647155e-05	 1202	 iter
915	 4.647155e-05	 1203	 iter
916	 4.646205e-05	 1205	 iter
917	 4.646205e-05	 1206	 iter
918	 4.646205e-05	 1207	 iter
919	 4.646205e-05	 1208	 iter
920	 4.646205e-05	 1209	 iter
921	 4.646047e-05	 1211	 iter
922	 4.645811e-05	 1213	 iter
923	 4.642531e-05	 1215	 iter
924	 4.642531e-05	 1216	 iter
925	 4.642531e-05	 1217	 iter
926	 4.641252e-05	 1219	 iter
927	 4.641252e-05	 1220	 iter
928	 4.641252e-05	 1221	 iter
929	 4.637375e-05	 1223	 iter
930	 4.637375e-05	 1224	 iter
931	 4.637375e-05	 1225	 iter
932	 4.637375e-05	 1226	 iter
933	 4.637375e-05	 1227	 iter
934	 4.637375e-05	 1228	 iter
935	 4.637375e-05	 1229	 iter
936	 4.637375e-05	 1230	 iter
937	 4.637375e-05	 1231	 iter
938	 4.631905e-05	 1233	 iter
939	 4.622708e-05	 1235	 iter
940	 4.622708e-05	 1236	 iter
941	 4.622708e-05	 1237	 iter
942	 4.622708e-05	 1238	 iter
943	 4.622708e-05	 1239	 iter
944	 4.622708e-05	 1240	 iter
945	 4.622708e-05	 1241	 iter
946	 4.622708e-05	 1242	 iter
947	 4.622708e-05	 1243	 iter
948	 4.622708e-05	 1244	 iter
949	 4.622708e-05	 1245	 iter
950	 4.622708e-05	 1246	 iter
951	 4.622708e-05	 1247	 iter
952	 4.622708e-05	 1248	 iter
953	 4.622708e-05	 1249	 iter
954	 4.622708e-05	 1250	 iter
955	 4.622708e-05	 1251	 iter
956	 4.621100e-05	 1253	 iter
957	 4.621100e-05	 1254	 iter
958	 4.619243e-05	 1256	 iter
959	 4.619243e-05	 1257	 iter
960	 4.619243e-05	 1258	 iter
961	 4.608329e-05	 1260	 iter
962	 4.608329e-05	 1261	 iter
963	 4.608329e-05	 1262	 iter
964	 4.608329e-05	 1263	 iter
965	 4.608329e-05	 1264	 iter
966	 4.608329e-05	 1265	 iter
967	 4.608329e-05	 1266	 iter
968	 4.608329e-05	 1267	 iter
969	 4.608329e-05	 1268	 iter
970	 4.608053e-05	 1270	 iter
971	 4.607651e-05	 1272	 iter
972	 4.607651e-05	 1273	 iter
973	 4.607651e-05	 1274	 iter
974	 4.605736e-05	 1276	 iter
975	 4.605736e-05	 1277	 iter
976	 4.603506e-05	 1279	 iter
977	 4.603506e-05	 1280	 iter
978	 4.600540e-05	 1282	 iter
979	 4.600540e-05	 1283	 iter
980	 4.600540e-05	 1284	 iter
981	 4.600540e-05	 1285	 iter
982	 4.600540e-05	 1286	 iter
983	 4.599096e-05	 1288	 iter
984	 4.597948e-05	 1290	 iter
985	 4.597948e-05	 1291	 iter
986	 4.597948e-05	 1292	 iter
987	 4.594466e-05	 1294	 iter
988	 4.594466e-05	 1296	 iter
989	 4.594466e-05	 1297	 iter
990	 4.594466e-05	 1298	 iter
991	 4.591197e-05	 1300	 iter
992	 4.581343e-05	 1302	 iter
993	 4.581343e-05	 1303	 iter
994	 4.581343e-05	 1304	 iter
995	 4.581343e-05	 1305	 iter
996	 4.581343e-05	 1306	 iter
997	 4.581343e-05	 1307	 iter
998	 4.581343e-05	 1308	 iter
999	 4.581343e-05	 1309	 iter
1000	 4.581343e-05	 1310	 iter
1001	 4.581343e-05	 1311	 iter
1002	 4.581343e-05	 1312	 iter
1003	 4.581343e-05	 1313	 iter
1004	 4.581343e-05	 1314	 iter
1005	 4.581343e-05	 1315	 iter
1006	 4.577355e-05	 1317	 iter
1007	 4.572202e-05	 1319	 iter
1008	 4.572202e-05	 1320	 iter
1009	 4.572202e-05	 1321	 iter
1010	 4.572202e-05	 1322	 iter
1011	 4.572202e-05	 1323	 iter
1012	 4.565161e-05	 1325	 iter
1013	 4.565161e-05	 1326	 iter
1014	 4.565161e-05	 1327	 iter
1015	 4.565161e-05	 1328	 iter
1016	 4.565161e-05	 1329	 iter
1017	 4.565161e-05	 1330	 iter
1018	 4.565161e-05	 1331	 iter
1019	 4.562078e-05	 1333	 iter
1020	 4.560430e-05	 1335	 iter
1021	 4.556035e-05	 1337	 iter
1022	 4.556035e-05	 1338	 iter
1023	 4.544528e-05	 1340	 iter
1024	 4.544528e-05	 1341	 iter
1025	 4.544528e-05	 1342	 iter
1026	 4.544528e-05	 1343	 iter
1027	 4.544528e-05	 1344	 iter
1028	 4.544528e-05	 1345	 iter
1029	 4.544528e-05	 1346	 iter
1030	 4.544528e-05	 1347	 iter
1031	 4.544528e-05	 1348	 iter
1032	 4.544528e-05	 1349	 iter
1033	 4.544528e-05	 1350	 iter
1034	 4.529815e-05	 1352	 iter
1035	 4.529815e-05	 1353	 iter
1036	 4.529815e-05	 1354	 iter
1037	 4.529815e-05	 1355	 iter
1038	 4.529815e-05	 1356	 iter
1039	 4.529815e-05	 1357	 iter
1040	 4.525516e-05	 1359	 iter
1041	 4.525516e-05	 1360	 iter
1042	 4.525516e-05	 1361	 iter
1043	 4.525516e-05	 1362	 iter
1044	 4.525516e-05	 1363	 iter
1045	 4.521714e-05	 1365	 iter
1046	 4.520866e-05	 1367	 iter
1047	 4.520866e-05	 1368	 iter
1048	 4.520866e-05	 1369	 iter
1049	 4.520866e-05	 1370	 iter
1050	 4.516603e-05	 1372	 iter
1051	 4.511286e-05	 1374	 iter
1052	 4.511286e-05	 1375	 iter
1053	 4.511079e-05	 1377	 iter
1054	 4.511079e-05	 1378	 iter
1055	 4.511079e-05	 1379	 iter
1056	 4.511079e-05	 1380	 iter
1057	 4.505136e-05	 1382	 iter
1058	 4.505136e-05	 1383	 iter
1059	 4.505136e-05	 1384	 iter
1060	 4.505136e-05	 1385	 iter
1061	 4.505136e-05	 1386	 iter
1062	 4.504065e-05	 1388	 iter
1063	 4.504065e-05	 1390	 iter
1064	 4.504065e-05	 1391	 iter
1065	 4.504065e-05	 1392	 iter
1066	 4.504065e-05	 1393	 iter
1067	 4.504065e-05	 1394	 iter
1068	 4.504065e-05	 1395	 iter
1069	 4.504065e-05	 1396	 iter
1070	 4.499421e-05	 1398	 iter
1071	 4.499421e-05	 1399	 iter
1072	 4.499421e-05	 1400	 iter
1073	 4.499421e-05	 1402	 iter
1074	 4.499421e-05	 1403	 iter
1075	 4.499421e-05	 1405	 iter
1076	 4.499421e-05	 1406	 iter
1077	 4.499421e-05	 1407	 iter
1078	 4.499421e-05	 1409	 iter
1079	 4.499421e-05	 1410	 iter
1080	 4.499230e-05	 1412	 iter
1081	 4.499230e-05	 1414	 iter
1082	 4.499230e-05	 1415	 iter
1083	 4.499230e-05	 1416	 iter
1084	 4.488297e-05	 1418	 iter
1085	 4.488297e-05	 1419	 iter
1086	 4.488297e-05	 1420	 iter
1087	 4.488297e-05	 1422	 iter
1088	 4.488297e-05	 1424	 iter
1089	 4.488297e-05	 1425	 iter
1090	 4.488297e-05	 1426	 iter
1091	 4.488297e-05	 1427	 iter
1092	 4.488297e-05	 1428	 iter
1093	 4.488297e-05	 1429	 iter
1094	 4.488297e-05	 1431	 iter
1095	 4.488297e-05	 1432	 iter
1096	 4.488297e-05	 1434	 iter
1097	 4.486476e-05	 1436	 iter
1098	 4.486476e-05	 1437	 iter
1099	 4.486476e-05	 1438	 iter
1100	 4.486476e-05	 1440	 iter
1101	 4.486476e-05	 1441	 iter
1102	 4.486476e-05	 1442	 iter
1103	 4.486476e-05	 1444	 iter
1104	 4.484756e-05	 1446	 iter
1105	 4.484756e-05	 1447	 iter
1106	 4.484756e-05	 1448	 iter
1107	 4.474258e-05	 1450	 iter
1108	 4.474258e-05	 1451	 iter
1109	 4.474258e-05	 1452	 iter
1110	 4.474258e-05	 1453	 iter
1111	 4.474258e-05	 1454	 iter
1112	 4.474258e-05	 1455	 iter
1113	 4.470712e-05	 1457	 iter
1114	 4.470712e-05	 1458	 iter
1115	 4.463065e-05	 1460	 iter
1116	 4.463065e-05	 1461	 iter
1117	 4.463065e-05	 1462	 iter
1118	 4.463065e-05	 1463	 iter
1119	 4.463065e-05	 1464	 iter
1120	 4.463065e-05	 1465	 iter
1121	 4.463065e-05	 1466	 iter
1122	 4.455874e-05	 1468	 iter
1123	 4.455874e-05	 1469	 iter
1124	 4.455874e-05	 1470	 iter
1125	 4.455874e-05	 1471	 iter
1126	 4.442013e-05	 1473	 iter
1127	 4.442013e-05	 1474	 iter
1128	 4.442013e-05	 1475	 iter
1129	 4.442013e-05	 1476	 iter
1130	 4.442013e-05	 1477	 iter
1131	 4.442013e-05	 1478	 iter
1132	 4.442013e-05	 1479	 iter
1133	 4.442013e-05	 1480	 iter
1134	 4.421268e-05	 1482	 iter
1135	 4.421268e-05	 1483	 iter
1136	 4.421268e-05	 1484	 iter
1137	 4.421268e-05	 1485	 iter
1138	 4.421268e-05	 1486	 iter
1139	 4.421268e-05	 1487	 iter
1140	 4.421268e-05	 1488	 iter
1141	 4.421268e-05	 1489	 iter
1142	 4.421268e-05	 1490	 iter
1143	 4.404576e-05	 1492	 iter
1144	 4.404576e-05	 1493	 iter
1145	 4.404576e-05	 1494	 iter
1146	 4.404576e-05	 1495	 iter
1147	 4.404576e-05	 1496	 iter
1148	 4.393975e-05	 1498	 iter
1149	 4.393975e-05	 1499	 iter
1150	 4.393975e-05	 1500	 iter
1151	 4.393975e-05	 1501	 iter
1152	 4.393975e-05	 1502	 iter
1153	 4.373840e-05	 1504	 iter
1154	 4.373840e-05	 1505	 iter
1155	 4.373840e-05	 1506	 iter
1156	 4.373840e-05	 1507	 iter
1157	 4.373840e-05	 1508	 iter
1158	 4.373840e-05	 1509	 iter
1159	 4.373840e-05	 1510	 iter
1160	 4.373840e-05	 1511	 iter
1161	 4.353556e-05	 1513	 iter
1162	 4.353556e-05	 1514	 iter
1163	 4.353556e-05	 1515	 iter
1164	 4.353556e-05	 1516	 iter
1165	 4.353556e-05	 1517	 iter
1166	 4.353556e-05	 1518	 iter
1167	 4.353556e-05	 1519	 iter
1168	 4.353556e-05	 1520	 iter
1169	 4.353556e-05	 1521	 iter
1170	 4.353556e-05	 1522	 iter
1171	 4.348274e-05	 1524	 iter
1172	 4.348274e-05	 1525	 iter
1173	 4.327635e-05	 1527	 iter
1174	 4.327635e-05	 1528	 iter
1175	 4.327635e-05	 1529	 iter
1176	 4.327635e-05	 1530	 iter
1177	 4.327635e-05	 1531	 iter
1178	 4.327635e-05	 1532	 iter
1179	 4.327635e-05	 1533	 iter
1180	 4.319612e-05	 1535	 iter
1181	 4.319612e-05	 1536	 iter
1182	 4.319612e-05	 1537	 iter
1183	 4.319612e-05	 1538	 iter
1184	 4.316637e-05	 1540	 iter
1185	 4.305156e-05	 1542	 iter
1186	 4.305156e-05	 1543	 iter
1187	 4.305156e-05	 1544	 iter
1188	 4.305156e-05	 1545	 iter
1189	 4.300244e-05	 1547	 iter
1190	 4.300244e-05	 1548	 iter
1191	 4.300244e-05	 1549	 iter
1192	 4.300244e-05	 1551	 iter
1193	 4.286091e-05	 1553	 iter
1194	 4.286091e-05	 1554	 iter
1195	 4.286091e-05	 1555	 iter
1196	 4.286091e-05	 1556	 iter
1197	 4.286091e-05	 1557	 iter
1198	 4.286091e-05	 1558	 iter
1199	 4.286091e-05	 1559	 iter
1200	 4.286091e-05	 1560	 iter
1201	 4.280650e-05	 1562	 iter
1202	 4.280650e-05	 1563	 iter
1203	 4.280650e-05	 1564	 iter
1204	 4.268049e-05	 1566	 iter
1205	 4.268049e-05	 1567	 iter
1206	 4.268049e-05	 1568	 iter
1207	 4.265098e-05	 1570	 iter
1208	 4.265098e-05	 1571	 iter
1209	 4.265098e-05	 1572	 iter
1210	 4.265098e-05	 1573	 iter
1211	 4.265098e-05	 1574	 iter
1212	 4.265098e-05	 1575	 iter
1213	 4.265098e-05	 1576	 iter
1214	 4.265098e-05	 1577	 iter
1215	 4.265098e-05	 1579	 iter
1216	 4.265098e-05	 1580	 iter
1217	 4.265098e-05	 1582	 iter
1218	 4.265098e-05	 1583	 iter
1219	 4.265098e-05	 1584	 iter
1220	 4.262413e-05	 1586	 iter
1221	 4.256091e-05	 1588	 iter
1222	 4.256091e-05	 1589	 iter
1223	 4.256091e-05	 1590	 iter
1224	 4.256091e-05	 1591	 iter
1225	 4.256091e-05	 1592	 iter
1226	 4.256091e-05	 1593	 iter
1227	 4.256091e-05	 1594	 iter
1228	 4.256091e-05	 1596	 iter
1229	 4.256091e-05	 1598	 iter
1230	 4.256091e-05	 1599	 iter
1231	 4.256091e-05	 1601	 iter
1232	 4.256091e-05	 1603	 iter
1233	 4.256091e-05	 1605	 iter
1234	 4.256091e-05	 1607	 iter
1235	 4.252302e-05	 1609	 iter
1236	 4.252302e-05	 1610	 iter
1237	 4.249380e-05	 1612	 iter
1238	 4.249380e-05	 1613	 iter
1239	 4.249380e-05	 1614	 iter
1240	 4.249380e-05	 1615	 iter
1241	 4.249380e-05	 1617	 iter
1242	 4.249380e-05	 1619	 iter
1243	 4.249380e-05	 1620	 iter
1244	 4.249380e-05	 1622	 iter
1245	 4.249380e-05	 1623	 iter
1246	 4.248307e-05	 1625	 iter
1247	 4.248307e-05	 1626	 iter
1248	 4.245385e-05	 1628	 iter
1249	 4.242718e-05	 1630	 iter
1250	 4.242718e-05	 1631	 iter
1251	 4.242718e-05	 1632	 iter
1252	 4.242718e-05	 1634	 iter
1253	 4.242718e-05	 1636	 iter
1254	 4.242718e-05	 1638	 iter
1255	 4.242718e-05	 1640	 iter
1256	 4.242718e-05	 1641	 iter
1257	 4.242718e-05	 1642	 iter
1258	 4.242718e-05	 1643	 iter
1259	 4.242718e-05	 1644	 iter
1260	 4.242718e-05	 1645	 iter
1261	 4.241638e-05	 1647	 iter
1262	 4.241638e-05	 1648	 iter
1263	 4.241638e-05	 1649	 iter
1264	 4.241638e-05	 1650	 iter
1265	 4.241638e-05	 1651	 iter
1266	 4.241638e-05	 1653	 iter
1267	 4.238825e-05	 1655	 iter
1268	 4.238825e-05	 1656	 iter
1269	 4.238825e-05	 1657	 iter
1270	 4.238825e-05	 1658	 iter
1271	 4.238825e-05	 1659	 iter
1272	 4.238825e-05	 1661	 iter
1273	 4.238825e-05	 1662	 iter
1274	 4.238640e-05	 1664	 iter
1275	 4.238640e-05	 1666	 iter
1276	 4.238640e-05	 1667	 iter
1277	 4.238213e-05	 1669	 iter
1278	 4.238213e-05	 1670	 iter
1279	 4.238213e-05	 1672	 iter
1280	 4.238213e-05	 1673	 iter
1281	 4.238213e-05	 1674	 iter
1282	 4.238213e-05	 1676	 iter
1283	 4.238213e-05	 1677	 iter
1284	 4.238213e-05	 1678	 iter
1285	 4.238213e-05	 1679	 iter
1286	 4.238213e-05	 1680	 iter
1287	 4.238213e-05	 1681	 iter
1288	 4.238213e-05	 1683	 iter
1289	 4.238213e-05	 1684	 iter
1290	 4.238177e-05	 1686	 iter
1291	 4.238177e-05	 1687	 iter
1292	 4.237474e-05	 1689	 iter
1293	 4.237474e-05	 1691	 iter
1294	 4.237474e-05	 1692	 iter
1295	 4.237474e-05	 1694	 iter
1296	 4.236737e-05	 1696	 iter
1297	 4.236128e-05	 1698	 iter
1298	 4.236128e-05	 1699	 iter
1299	 4.236128e-05	 1701	 iter
1300	 4.236128e-05	 1703	 iter
1301	 4.236128e-05	 1704	 iter
1302	 4.236128e-05	 1705	 iter
1303	 4.236128e-05	 1706	 iter
1304	 4.236128e-05	 1708	 iter
1305	 4.236128e-05	 1710	 iter
1306	 4.234848e-05	 1712	 iter
1307	 4.234848e-05	 1713	 iter
1308	 4.234848e-05	 1714	 iter
1309	 4.234848e-05	 1715	 iter
1310	 4.234848e-05	 1716	 iter
1311	 4.234848e-05	 1717	 iter
1312	 4.234848e-05	 1718	 iter
1313	 4.234432e-05	 1720	 iter
1314	 4.234432e-05	 1721	 iter
1315	 4.234432e-05	 1722	 iter
1316	 4.234432e-05	 1724	 iter
1317	 4.234432e-05	 1725	 iter
1318	 4.234432e-05	 1726	 iter
1319	 4.234432e-05	 1728	 iter
1320	 4.234432e-05	 1729	 iter
1321	 4.234432e-05	 1730	 iter
1322	 4.233521e-05	 1732	 iter
1323	 4.233521e-05	 1734	 iter
1324	 4.232137e-05	 1736	 iter
1325	 4.232137e-05	 1737	 iter
1326	 4.232137e-05	 1738	 iter
1327	 4.232137e-05	 1739	 iter
1328	 4.232137e-05	 1740	 iter
1329	 4.232137e-05	 1741	 iter
1330	 4.232137e-05	 1742	 iter
1331	 4.232137e-05	 1743	 iter
1332	 4.232137e-05	 1744	 iter
1333	 4.232137e-05	 1745	 iter
1334	 4.232137e-05	 1746	 iter
1335	 4.232137e-05	 1748	 iter
1336	 4.232137e-05	 1750	 iter
1337	 4.232137e-05	 1751	 iter
1338	 4.232137e-05	 1753	 iter
1339	 4.232137e-05	 1754	 iter
1340	 4.232137e-05	 1755	 iter
1341	 4.231587e-05	 1757	 iter
1342	 4.231587e-05	 1758	 iter
1343	 4.231587e-05	 1759	 iter
1344	 4.230873e-05	 1761	 iter
1345	 4.230873e-05	 1762	 iter
1346	 4.230873e-05	 1763	 iter
1347	 4.230873e-05	 1764	 iter
1348	 4.230873e-05	 1765	 iter
1349	 4.229004e-05	 1767	 iter
1350	 4.229004e-05	 1768	 iter
1351	 4.229004e-05	 1769	 iter
1352	 4.229004e-05	 1770	 iter
1353	 4.229004e-05	 1771	 iter
1354	 4.229004e-05	 1772	 iter
1355	 4.229004e-05	 1773	 iter
1356	 4.229004e-05	 1774	 iter
1357	 4.228001e-05	 1776	 iter
1358	 4.228001e-05	 1777	 iter
1359	 4.226826e-05	 1779	 iter
1360	 4.226826e-05	 1780	 iter
1361	 4.224857e-05	 1782	 iter
1362	 4.224857e-05	 1783	 iter
1363	 4.224857e-05	 1784	 iter
1364	 4.224857e-05	 1785	 iter
1365	 4.224857e-05	 1786	 iter
1366	 4.224857e-05	 1787	 iter
1367	 4.224857e-05	 1788	 iter
1368	 4.224061e-05	 1790	 iter
1369	 4.224061e-05	 1791	 iter
1370	 4.218775e-05	 1793	 iter
1371	 4.218775e-05	 1794	 iter
1372	 4.218775e-05	 1795	 iter
1373	 4.218775e-05	 1796	 iter
1374	 4.218775e-05	 1797	 iter
1375	 4.218775e-05	 1798	 iter
1376	 4.218775e-05	 1799	 iter
1377	 4.218775e-05	 1800	 iter
1378	 4.218775e-05	 1801	 iter
1379	 4.218775e-05	 1802	 iter
1380	 4.218775e-05	 1803	 iter
1381	 4.218775e-05	 1804	 iter
1382	 4.215492e-05	 1806	 iter
1383	 4.208391e-05	 1808	 iter
1384	 4.208391e-05	 1809	 iter
1385	 4.208391e-05	 1810	 iter
1386	 4.208391e-05	 1811	 iter
1387	 4.208391e-05	 1812	 iter
1388	 4.208391e-05	 1813	 iter
1389	 4.208391e-05	 1814	 iter
1390	 4.208391e-05	 1815	 iter
1391	 4.208391e-05	 1816	 iter
1392	 4.208391e-05	 1817	 iter
1393	 4.208391e-05	 1818	 iter
1394	 4.205071e-05	 1820	 iter
1395	 4.205071e-05	 1821	 iter
1396	 4.205071e-05	 1822	 iter
1397	 4.205071e-05	 1823	 iter
1398	 4.205071e-05	 1824	 iter
1399	 4.200673e-05	 1826	 iter
1400	 4.200673e-05	 1827	 iter
1401	 4.200673e-05	 1828	 iter
1402	 4.196176e-05	 1830	 iter
1403	 4.196176e-05	 1831	 iter
1404	 4.196176e-05	 1832	 iter
1405	 4.196176e-05	 1833	 iter
1406	 4.196176e-05	 1834	 iter
1407	 4.191811e-05	 1836	 iter
1408	 4.185755e-05	 1838	 iter
1409	 4.185755e-05	 1839	 iter
1410	 4.185755e-05	 1840	 iter
1411	 4.185755e-05	 1841	 iter
1412	 4.185755e-05	 1842	 iter
1413	 4.185755e-05	 1843	 iter
1414	 4.185755e-05	 1844	 iter
1415	 4.177599e-05	 1846	 iter
1416	 4.177599e-05	 1847	 iter
1417	 4.168454e-05	 1849	 iter
1418	 4.168454e-05	 1850	 iter
1419	 4.168454e-05	 1851	 iter
1420	 4.168454e-05	 1852	 iter
1421	 4.168454e-05	 1853	 iter
1422	 4.168454e-05	 1854	 iter
1423	 4.168454e-05	 1855	 iter
1424	 4.168454e-05	 1856	 iter
1425	 4.168454e-05	 1857	 iter
1426	 4.168454e-05	 1858	 iter
1427	 4.157924e-05	 1860	 iter
1428	 4.157924e-05	 1861	 iter
1429	 4.146318e-05	 1863	 iter
1430	 4.146318e-05	 1864	 iter
1431	 4.146318e-05	 1865	 iter
1432	 4.146318e-05	 1866	 iter
1433	 4.146318e-05	 1867	 iter
1434	 4.146318e-05	 1868	 iter
1435	 4.146318e-05	 1869	 iter
1436	 4.146318e-05	 1870	 iter
1437	 4.146318e-05	 1871	 iter
1438	 4.133770e-05	 1873	 iter
1439	 4.133770e-05	 1874	 iter
1440	 4.133770e-05	 1875	 iter
1441	 4.133770e-05	 1876	 iter
1442	 4.133770e-05	 1877	 iter
1443	 4.130126e-05	 1879	 iter
1444	 4.113071e-05	 1881	 iter
1445	 4.113071e-05	 1882	 iter
1446	 4.113071e-05	 1883	 iter
1447	 4.113071e-05	 1884	 iter
1448	 4.113071e-05	 1885	 iter
1449	 4.113071e-05	 1886	 iter
1450	 4.113071e-05	 1887	 iter
1451	 4.113071e-05	 1888	 iter
1452	 4.113071e-05	 1889	 iter
1453	 4.108988e-05	 1891	 iter
1454	 4.091214e-05	 1893	 iter
1455	 4.091214e-05	 1894	 iter
1456	 4.091214e-05	 1895	 iter
1457	 4.091214e-05	 1896	 iter
1458	 4.081853e-05	 1898	 iter
1459	 4.081853e-05	 1899	 iter
1460	 4.081853e-05	 1900	 iter
1461	 4.081853e-05	 1901	 iter
1462	 4.078709e-05	 1903	 iter
1463	 4.078709e-05	 1904	 iter
1464	 4.047638e-05	 1906	 iter
1465	 4.047638e-05	 1907	 iter
1466	 4.047638e-05	 1908	 iter
1467	 4.047638e-05	 1909	 iter
1468	 4.047638e-05	 1910	 iter
1469	 4.047638e-05	 1911	 iter
1470	 4.047638e-05	 1912	 iter
1471	 4.047638e-05	 1913	 iter
1472	 4.047638e-05	 1914	 iter
1473	 4.047638e-05	 1915	 iter
1474	 4.047638e-05	 1917	 iter
1475	 4.047638e-05	 1918	 iter
1476	 4.047638e-05	 1919	 iter
1477	 4.047638e-05	 1920	 iter
1478	 4.044281e-05	 1922	 iter
1479	 4.019346e-05	 1924	 iter
1480	 4.019346e-05	 1925	 iter
1481	 4.019346e-05	 1926	 iter
1482	 4.019346e-05	 1927	 iter
1483	 4.019346e-05	 1928	 iter
1484	 4.001152e-05	 1930	 iter
1485	 4.001152e-05	 1931	 iter
1486	 4.001152e-05	 1932	 iter
1487	 4.001152e-05	 1933	 iter
1488	 4.001152e-05	 1934	 iter
1489	 4.001152e-05	 1935	 iter
1490	 4.001152e-05	 1936	 iter
1491	 3.991339e-05	 1938	 iter
1492	 3.964909e-05	 1940	 iter
1493	 3.964909e-05	 1941	 iter
1494	 3.964909e-05	 1942	 iter
1495	 3.964909e-05	 1943	 iter
1496	 3.964909e-05	 1944	 iter
1497	 3.964909e-05	 1945	 iter
1498	 3.964909e-05	 1946	 iter
1499	 3.964909e-05	 1947	 iter
1500	 3.964909e-05	 1948	 iter
1501	 3.935406e-05	 1950	 iter
1502	 3.935406e-05	 1951	 iter
1503	 3.935406e-05	 1952	 iter
1504	 3.935406e-05	 1953	 iter
1505	 3.935406e-05	 1954	 iter
1506	 3.912105e-05	 1956	 iter
1507	 3.912105e-05	 1957	 iter
1508	 3.912105e-05	 1958	 iter
1509	 3.912105e-05	 1959	 iter
1510	 3.912105e-05	 1960	 iter
1511	 3.912105e-05	 1961	 iter
1512	 3.899692e-05	 1963	 iter
1513	 3.899692e-05	 1964	 iter
1514	 3.899692e-05	 1965	 iter
1515	 3.897877e-05	 1967	 iter
1516	 3.897877e-05	 1968	 iter
1517	 3.875585e-05	 1970	 iter
1518	 3.873759e-05	 1972	 iter
1519	 3.873759e-05	 1973	 iter
1520	 3.873759e-05	 1974	 iter
1521	 3.873759e-05	 1975	 iter
1522	 3.869873e-05	 1977	 iter
1523	 3.861481e-05	 1979	 iter
1524	 3.790398e-05	 1981	 iter
1525	 3.790398e-05	 1982	 iter
1526	 3.790398e-05	 1983	 iter
1527	 3.790398e-05	 1984	 iter
1528	 3.790398e-05	 1985	 iter
1529	 3.790398e-05	 1986	 iter
1530	 3.790398e-05	 1987	 iter
1531	 3.790398e-05	 1988	 iter
1532	 3.790398e-05	 1989	 iter
1533	 3.790398e-05	 1990	 iter
1534	 3.790398e-05	 1991	 iter
1535	 3.790398e-05	 1992	 iter
1536	 3.790398e-05	 1993	 iter
1537	 3.790398e-05	 1994	 iter
1538	 3.790398e-05	 1995	 iter
1539	 3.790398e-05	 1996	 iter
1540	 3.790398e-05	 1997	 iter
1541	 3.790398e-05	 1998	 iter
1542	 3.790398e-05	 1999	 iter
1543	 3.790398e-05	 2000	 iter
1544	 3.790398e-05	 2001	 iter
1545	 3.774945e-05	 2003	 iter
1546	 3.774945e-05	 2004	 iter
1547	 3.774945e-05	 2005	 iter
1548	 3.774945e-05	 2006	 iter
1549	 3.774945e-05	 2007	 iter
1550	 3.774945e-05	 2008	 iter
1551	 3.774945e-05	 2009	 iter
1552	 3.718446e-05	 2011	 iter
1553	 3.718446e-05	 2012	 iter
1554	 3.718446e-05	 2013	 iter
1555	 3.718446e-05	 2014	 iter
1556	 3.718446e-05	 2015	 iter
1557	 3.718446e-05	 2017	 iter
1558	 3.718446e-05	 2018	 iter
1559	 3.696298e-05	 2020	 iter
1560	 3.696298e-05	 2021	 iter
1561	 3.696298e-05	 2022	 iter
1562	 3.696298e-05	 2023	 iter
1563	 3.667298e-05	 2025	 iter
1564	 3.667298e-05	 2026	 iter
1565	 3.667298e-05	 2027	 iter
1566	 3.667298e-05	 2028	 iter
1567	 3.588393e-05	 2030	 iter
1568	 3.588393e-05	 2031	 iter
1569	 3.588393e-05	 2032	 iter
1570	 3.588393e-05	 2033	 iter
1571	 3.588393e-05	 2034	 iter
1572	 3.588393e-05	 2035	 iter
1573	 3.566384e-05	 2037	 iter
1574	 3.566384e-05	 2038	 iter
1575	 3.566384e-05	 2039	 iter
1576	 3.481994e-05	 2041	 iter
1577	 3.481994e-05	 2042	 iter
1578	 3.481994e-05	 2043	 iter
1579	 3.481994e-05	 2044	 iter
1580	 3.481994e-05	 2045	 iter
1581	 3.412053e-05	 2047	 iter
1582	 3.412053e-05	 2048	 iter
1583	 3.412053e-05	 2049	 iter
1584	 3.412053e-05	 2050	 iter
1585	 3.412053e-05	 2051	 iter
1586	 3.412053e-05	 2052	 iter
1587	 3.410796e-05	 2054	 iter
1588	 3.396882e-05	 2056	 iter
1589	 3.386530e-05	 2058	 iter
1590	 3.386530e-05	 2059	 iter
1591	 3.339332e-05	 2061	 iter
1592	 3.339332e-05	 2062	 iter
1593	 3.339332e-05	 2063	 iter
1594	 3.339332e-05	 2064	 iter
1595	 3.333289e-05	 2066	 iter
1596	 3.246806e-05	 2068	 iter
1597	 3.246806e-05	 2069	 iter
1598	 3.246806e-05	 2070	 iter
1599	 3.246806e-05	 2071	 iter
1600	 3.246806e-05	 2072	 iter
1601	 3.235722e-05	 2074	 iter
1602	 3.233879e-05	 2076	 iter
1603	 3.233879e-05	 2077	 iter
1604	 3.233879e-05	 2078	 iter
1605	 3.216174e-05	 2080	 iter
1606	 3.216174e-05	 2081	 iter
1607	 3.216174e-05	 2083	 iter
1608	 3.216174e-05	 2084	 iter
1609	 3.216174e-05	 2085	 iter
1610	 3.216174e-05	 2086	 iter
1611	 3.211310e-05	 2088	 iter
1612	 3.211310e-05	 2089	 iter
1613	 3.183086e-05	 2091	 iter
1614	 3.183086e-05	 2092	 iter
1615	 3.183086e-05	 2093	 iter
1616	 3.183086e-05	 2094	 iter
1617	 3.183086e-05	 2095	 iter
1618	 3.183086e-05	 2097	 iter
1619	 3.173568e-05	 2099	 iter
1620	 3.173568e-05	 2101	 iter
1621	 3.173568e-05	 2103	 iter
1622	 3.162055e-05	 2105	 iter
1623	 3.162055e-05	 2107	 iter
1624	 3.162055e-05	 2109	 iter
1625	 3.162055e-05	 2110	 iter
1626	 3.138921e-05	 2112	 iter
1627	 3.138921e-05	 2113	 iter
1628	 3.138921e-05	 2115	 iter
1629	 3.138921e-05	 2116	 iter
1630	 3.138921e-05	 2117	 iter
1631	 3.138921e-05	 2118	 iter
1632	 3.134973e-05	 2120	 iter
1633	 3.134973e-05	 2122	 iter
1634	 3.134973e-05	 2123	 iter
1635	 3.134973e-05	 2125	 iter
1636	 3.134113e-05	 2127	 iter
1637	 3.134113e-05	 2128	 iter
1638	 3.116346e-05	 2130	 iter
1639	 3.116346e-05	 2131	 iter
1640	 3.116346e-05	 2133	 iter
1641	 3.116346e-05	 2135	 iter
1642	 3.116346e-05	 2136	 iter
1643	 3.116346e-05	 2137	 iter
1644	 3.116346e-05	 2138	 iter
1645	 3.116346e-05	 2139	 iter
1646	 3.116346e-05	 2140	 iter
1647	 3.116346e-05	 2141	 iter
1648	 3.116346e-05	 2142	 iter
1649	 3.116346e-05	 2144	 iter
1650	 3.116346e-05	 2145	 iter
1651	 3.116346e-05	 2146	 iter
1652	 3.113235e-05	 2148	 iter
1653	 3.113235e-05	 2149	 iter
1654	 3.113235e-05	 2151	 iter
1655	 3.103358e-05	 2153	 iter
1656	 3.103358e-05	 2154	 iter
1657	 3.103358e-05	 2155	 iter
1658	 3.103358e-05	 2157	 iter
1659	 3.103358e-05	 2158	 iter
1660	 3.103358e-05	 2159	 iter
1661	 3.103358e-05	 2161	 iter
1662	 3.103358e-05	 2162	 iter
1663	 3.103358e-05	 2163	 iter
1664	 3.103358e-05	 2164	 iter
1665	 3.103358e-05	 2165	 iter
1666	 3.090092e-05	 2167	 iter
1667	 3.090092e-05	 2168	 iter
1668	 3.090092e-05	 2169	 iter
1669	 3.090092e-05	 2170	 iter
1670	 3.090092e-05	 2172	 iter
1671	 3.090092e-05	 2173	 iter
1672	 3.090092e-05	 2174	 iter
1673	 3.077321e-05	 2176	 iter
1674	 3.077321e-05	 2177	 iter
1675	 3.077321e-05	 2178	 iter
1676	 3.077321e-05	 2179	 iter
1677	 3.077321e-05	 2180	 iter
1678	 3.077321e-05	 2181	 iter
1679	 3.073224e-05	 2183	 iter
1680	 3.073224e-05	 2184	 iter
1681	 3.073224e-05	 2186	 iter
1682	 3.073224e-05	 2188	 iter
1683	 3.073224e-05	 2189	 iter
1684	 3.073224e-05	 2191	 iter
1685	 3.073224e-05	 2193	 iter
1686	 3.073224e-05	 2194	 iter
1687	 3.073224e-05	 2195	 iter
1688	 3.073224e-05	 2196	 iter
1689	 3.067280e-05	 2198	 iter
1690	 3.067280e-05	 2200	 iter
1691	 3.067280e-05	 2201	 iter
1692	 3.067280e-05	 2202	 iter
1693	 3.067280e-05	 2203	 iter
1694	 3.067280e-05	 2204	 iter
1695	 3.067280e-05	 2205	 iter
1696	 3.067280e-05	 2206	 iter
1697	 3.067280e-05	 2207	 iter
1698	 3.067280e-05	 2208	 iter
1699	 3.067280e-05	 2209	 iter
1700	 3.067280e-05	 2210	 iter
1701	 3.067280e-05	 2211	 iter
1702	 3.067280e-05	 2212	 iter
1703	 3.067280e-05	 2213	 iter
1704	 3.067280e-05	 2215	 iter
1705	 3.067280e-05	 2216	 iter
1706	 3.067280e-05	 2217	 iter
1707	 3.058204e-05	 2219	 iter
1708	 3.058204e-05	 2221	 iter
1709	 3.058204e-05	 2222	 iter
1710	 3.058204e-05	 2224	 iter
1711	 3.058204e-05	 2225	 iter
1712	 3.058204e-05	 2226	 iter
1713	 3.058204e-05	 2228	 iter
1714	 3.058204e-05	 2229	 iter
1715	 3.058204e-05	 2231	 iter
1716	 3.058204e-05	 2233	 iter
1717	 3.058204e-05	 2235	 iter
1718	 3.053615e-05	 2237	 iter
1719	 3.053615e-05	 2238	 iter
1720	 3.053615e-05	 2240	 iter
1721	 3.053615e-05	 2241	 iter
1722	 3.053615e-05	 2243	 iter
1723	 3.053615e-05	 2244	 iter
1724	 3.053615e-05	 2245	 iter
1725	 3.053615e-05	 2247	 iter
1726	 3.053615e-05	 2248	 iter
1727	 3.053615e-05	 2249	 iter
1728	 3.053615e-05	 2250	 iter
1729	 3.053615e-05	 2251	 iter
1730	 3.050384e-05	 2253	 iter
1731	 3.050384e-05	 2254	 iter
1732	 3.050384e-05	 2255	 iter
1733	 3.050384e-05	 2256	 iter
1734	 3.050244e-05	 2258	 iter
1735	 3.050244e-05	 2259	 iter
1736	 3.050244e-05	 2260	 iter
1737	 3.050244e-05	 2261	 iter
1738	 3.050032e-05	 2263	 iter
1739	 3.050032e-05	 2264	 iter
1740	 3.040358e-05	 2266	 iter
1741	 3.040358e-05	 2267	 iter
1742	 3.040358e-05	 2268	 iter
1743	 3.040358e-05	 2269	 iter
1744	 3.040358e-05	 2270	 iter
1745	 3.040358e-05	 2271	 iter
1746	 3.040358e-05	 2272	 iter
1747	 3.040358e-05	 2273	 iter
1748	 3.040358e-05	 2274	 iter
1749	 3.037047e-05	 2276	 iter
1750	 3.037047e-05	 2277	 iter
1751	 3.037047e-05	 2279	 iter
1752	 3.037047e-05	 2280	 iter
1753	 3.037047e-05	 2281	 iter
1754	 3.037047e-05	 2282	 iter
1755	 3.037047e-05	 2283	 iter
1756	 3.033520e-05	 2285	 iter
1757	 3.033520e-05	 2286	 iter
1758	 3.033520e-05	 2287	 iter
1759	 3.033520e-05	 2288	 iter
1760	 3.033520e-05	 2289	 iter
1761	 3.033520e-05	 2290	 iter
1762	 3.033520e-05	 2291	 iter
1763	 3.028822e-05	 2293	 iter
1764	 3.028822e-05	 2294	 iter
1765	 3.028822e-05	 2295	 iter
1766	 3.028822e-05	 2296	 iter
1767	 3.028822e-05	 2298	 iter
1768	 3.028822e-05	 2299	 iter
1769	 3.023462e-05	 2301	 iter
1770	 3.023462e-05	 2302	 iter
1771	 3.023462e-05	 2303	 iter
1772	 3.023462e-05	 2304	 iter
1773	 3.023462e-05	 2305	 iter
1774	 3.023462e-05	 2306	 iter
1775	 3.023462e-05	 2307	 iter
1776	 3.023462e-05	 2308	 iter
1777	 3.023462e-05	 2309	 iter
1778	 3.023462e-05	 2310	 iter
1779	 3.023462e-05	 2311	 iter
1780	 3.023087e-05	 2313	 iter
1781	 3.020236e-05	 2315	 iter
1782	 3.020236e-05	 2316	 iter
1783	 3.015693e-05	 2318	 iter
1784	 3.015693e-05	 2319	 iter
1785	 3.015693e-05	 2320	 iter
1786	 3.015693e-05	 2321	 iter
1787	 3.015693e-05	 2322	 iter
1788	 3.015693e-05	 2323	 iter
1789	 3.006474e-05	 2325	 iter
1790	 3.006474e-05	 2326	 iter
1791	 3.006474e-05	 2327	 iter
1792	 3.006474e-05	 2328	 iter
1793	 3.006474e-05	 2329	 iter
1794	 3.006474e-05	 2330	 iter
1795	 3.006474e-05	 2331	 iter
1796	 3.006474e-05	 2332	 iter
1797	 3.006474e-05	 2333	 iter
1798	 3.006474e-05	 2334	 iter
1799	 3.006474e-05	 2335	 iter
1800	 3.005784e-05	 2337	 iter
1801	 3.005784e-05	 2338	 iter
1802	 2.997192e-05	 2340	 iter
1803	 2.997192e-05	 2341	 iter
1804	 2.997192e-05	 2342	 iter
1805	 2.997192e-05	 2343	 iter
1806	 2.997192e-05	 2344	 iter
1807	 2.997192e-05	 2345	 iter
1808	 2.997192e-05	 2346	 iter
1809	 2.997192e-05	 2347	 iter
1810	 2.997192e-05	 2348	 iter
1811	 2.997192e-05	 2349	 iter
1812	 2.997192e-05	 2350	 iter
1813	 2.997192e-05	 2351	 iter
1814	 2.997192e-05	 2352	 iter
1815	 2.997192e-05	 2353	 iter
1816	 2.997192e-05	 2354	 iter
1817	 2.997169e-05	 2356	 iter
1818	 2.997169e-05	 2357	 iter
1819	 2.997169e-05	 2358	 iter
1820	 2.997169e-05	 2359	 iter
1821	 2.992870e-05	 2361	 iter
1822	 2.992870e-05	 2363	 iter
1823	 2.992870e-05	 2364	 iter
1824	 2.992870e-05	 2365	 iter
1825	 2.989707e-05	 2367	 iter
1826	 2.989707e-05	 2368	 iter
1827	 2.989707e-05	 2369	 iter
1828	 2.989707e-05	 2370	 iter
1829	 2.989707e-05	 2371	 iter
1830	 2.989707e-05	 2372	 iter
1831	 2.989707e-05	 2374	 iter
1832	 2.989707e-05	 2375	 iter
1833	 2.989707e-05	 2376	 iter
1834	 2.989707e-05	 2378	 iter
1835	 2.989707e-05	 2379	 iter
1836	 2.986562e-05	 2381	 iter
1837	 2.986562e-05	 2382	 iter
1838	 2.986562e-05	 2383	 iter
1839	 2.984003e-05	 2385	 iter
1840	 2.984003e-05	 2386	 iter
1841	 2.984003e-05	 2387	 iter
1842	 2.984003e-05	 2388	 iter
1843	 2.983302e-05	 2390	 iter
1844	 2.983302e-05	 2392	 iter
1845	 2.983302e-05	 2393	 iter
1846	 2.983302e-05	 2394	 iter
1847	 2.979779e-05	 2396	 iter
1848	 2.979779e-05	 2397	 iter
1849	 2.979779e-05	 2398	 iter
1850	 2.979779e-05	 2399	 iter
1851	 2.979779e-05	 2400	 iter
1852	 2.979779e-05	 2401	 iter
1853	 2.979779e-05	 2402	 iter
1854	 2.979779e-05	 2403	 iter
1855	 2.979779e-05	 2404	 iter
1856	 2.979779e-05	 2405	 iter
1857	 2.979459e-05	 2407	 iter
1858	 2.969081e-05	 2409	 iter
1859	 2.969081e-05	 2410	 iter
1860	 2.969081e-05	 2411	 iter
1861	 2.969081e-05	 2412	 iter
1862	 2.966339e-05	 2414	 iter
1863	 2.966339e-05	 2415	 iter
1864	 2.966339e-05	 2416	 iter
1865	 2.966339e-05	 2418	 iter
1866	 2.966339e-05	 2419	 iter
1867	 2.966339e-05	 2420	 iter
1868	 2.966339e-05	 2421	 iter
1869	 2.966339e-05	 2422	 iter
1870	 2.966339e-05	 2423	 iter
1871	 2.966339e-05	 2424	 iter
1872	 2.966339e-05	 2425	 iter
1873	 2.966339e-05	 2426	 iter
1874	 2.965269e-05	 2428	 iter
1875	 2.954695e-05	 2430	 iter
1876	 2.954695e-05	 2431	 iter
1877	 2.954695e-05	 2432	 iter
1878	 2.954695e-05	 2433	 iter
1879	 2.954695e-05	 2434	 iter
1880	 2.949053e-05	 2436	 iter
1881	 2.949053e-05	 2437	 iter
1882	 2.949053e-05	 2438	 iter
1883	 2.949053e-05	 2439	 iter
1884	 2.949053e-05	 2440	 iter
1885	 2.949053e-05	 2441	 iter
1886	 2.949053e-05	 2442	 iter
1887	 2.949053e-05	 2443	 iter
1888	 2.949053e-05	 2444	 iter
1889	 2.949053e-05	 2445	 iter
1890	 2.949053e-05	 2446	 iter
1891	 2.949053e-05	 2447	 iter
1892	 2.949053e-05	 2448	 iter
1893	 2.949053e-05	 2449	 iter
1894	 2.949053e-05	 2450	 iter
1895	 2.949053e-05	 2451	 iter
1896	 2.949053e-05	 2452	 iter
1897	 2.949053e-05	 2453	 iter
1898	 2.947287e-05	 2455	 iter
1899	 2.947287e-05	 2456	 iter
1900	 2.947287e-05	 2457	 iter
1901	 2.947287e-05	 2458	 iter
1902	 2.947287e-05	 2459	 iter
1903	 2.947287e-05	 2461	 iter
1904	 2.947287e-05	 2462	 iter
1905	 2.945610e-05	 2464	 iter
1906	 2.945610e-05	 2465	 iter
1907	 2.945610e-05	 2466	 iter
1908	 2.945610e-05	 2467	 iter
1909	 2.945610e-05	 2468	 iter
1910	 2.945610e-05	 2470	 iter
1911	 2.945610e-05	 2471	 iter
1912	 2.944172e-05	 2473	 iter
1913	 2.944172e-05	 2474	 iter
1914	 2.944172e-05	 2475	 iter
1915	 2.944172e-05	 2477	 iter
1916	 2.944172e-05	 2478	 iter
1917	 2.944172e-05	 2479	 iter
1918	 2.944172e-05	 2480	 iter
1919	 2.944172e-05	 2481	 iter
1920	 2.944172e-05	 2482	 iter
1921	 2.944172e-05	 2484	 iter
1922	 2.944172e-05	 2485	 iter
1923	 2.943917e-05	 2487	 iter
1924	 2.943917e-05	 2489	 iter
1925	 2.943917e-05	 2490	 iter
1926	 2.943917e-05	 2491	 iter
1927	 2.943730e-05	 2493	 iter
1928	 2.943730e-05	 2495	 iter
1929	 2.943724e-05	 2497	 iter
1930	 2.943724e-05	 2498	 iter
1931	 2.943724e-05	 2500	 iter
1932	 2.943590e-05	 2502	 iter
1933	 2.943590e-05	 2503	 iter
1934	 2.943590e-05	 2504	 iter
1935	 2.942954e-05	 2506	 iter
1936	 2.942696e-05	 2508	 iter
1937	 2.942696e-05	 2510	 iter
1938	 2.942696e-05	 2511	 iter
1939	 2.942696e-05	 2513	 iter
1940	 2.942608e-05	 2515	 iter
1941	 2.942608e-05	 2516	 iter
1942	 2.942558e-05	 2518	 iter
1943	 2.942558e-05	 2520	 iter
1944	 2.942558e-05	 2521	 iter
1945	 2.942558e-05	 2522	 iter
1946	 2.942306e-05	 2524	 iter
1947	 2.942306e-05	 2525	 iter
1948	 2.941904e-05	 2527	 iter
1949	 2.941904e-05	 2528	 iter
1950	 2.941326e-05	 2530	 iter
1951	 2.941326e-05	 2531	 iter
1952	 2.941326e-05	 2533	 iter
1953	 2.941326e-05	 2535	 iter
1954	 2.941326e-05	 2536	 iter
1955	 2.941326e-05	 2537	 iter
1956	 2.941326e-05	 2539	 iter
1957	 2.941326e-05	 2541	 iter
1958	 2.941326e-05	 2543	 iter
1959	 2.941326e-05	 2544	 iter
1960	 2.941326e-05	 2545	 iter
1961	 2.941326e-05	 2546	 iter
1962	 2.941326e-05	 2547	 iter
1963	 2.941326e-05	 2548	 iter
1964	 2.941326e-05	 2550	 iter
1965	 2.941326e-05	 2551	 iter
1966	 2.941326e-05	 2553	 iter
1967	 2.941326e-05	 2555	 iter
1968	 2.941326e-05	 2557	 iter
1969	 2.941326e-05	 2559	 iter
1970	 2.941102e-05	 2561	 iter
1971	 2.941102e-05	 2563	 iter
1972	 2.941102e-05	 2565	 iter
1973	 2.941102e-05	 2567	 iter
1974	 2.941102e-05	 2569	 iter
1975	 2.941102e-05	 2570	 iter
1976	 2.941102e-05	 2571	 iter
1977	 2.940964e-05	 2573	 iter
1978	 2.940964e-05	 2575	 iter
1979	 2.940964e-05	 2576	 iter
1980	 2.940382e-05	 2578	 iter
1981	 2.940382e-05	 2579	 iter
1982	 2.940382e-05	 2580	 iter
1983	 2.940382e-05	 2581	 iter
1984	 2.940382e-05	 2582	 iter
1985	 2.940382e-05	 2583	 iter
1986	 2.940382e-05	 2584	 iter
1987	 2.940382e-05	 2585	 iter
1988	 2.940382e-05	 2586	 iter
1989	 2.940382e-05	 2587	 iter
1990	 2.940382e-05	 2588	 iter
1991	 2.940382e-05	 2589	 iter
1992	 2.940193e-05	 2591	 iter
1993	 2.940193e-05	 2592	 iter
1994	 2.940193e-05	 2593	 iter
1995	 2.940193e-05	 2594	 iter
1996	 2.940193e-05	 2595	 iter
1997	 2.940193e-05	 2596	 iter
1998	 2.940193e-05	 2597	 iter
1999	 2.940193e-05	 2598	 iter
2000	 2.940193e-05	 2599	 iter
2001	 2.940193e-05	 2600	 iter
2002	 2.939607e-05	 2602	 iter
2003	 2.939607e-05	 2603	 iter
2004	 2.939607e-05	 2604	 iter
2005	 2.939607e-05	 2605	 iter
2006	 2.939607e-05	 2606	 iter
2007	 2.939607e-05	 2607	 iter
2008	 2.939607e-05	 2608	 iter
2009	 2.939607e-05	 2609	 iter
2010	 2.939607e-05	 2610	 iter
2011	 2.939607e-05	 2611	 iter
2012	 2.939607e-05	 2612	 iter
2013	 2.939607e-05	 2613	 iter
2014	 2.939507e-05	 2615	 iter
2015	 2.939507e-05	 2616	 iter
2016	 2.939005e-05	 2618	 iter
2017	 2.939005e-05	 2619	 iter
2018	 2.938891e-05	 2621	 iter
2019	 2.938891e-05	 2622	 iter
2020	 2.938560e-05	 2624	 iter
2021	 2.938560e-05	 2625	 iter
2022	 2.938560e-05	 2626	 iter
2023	 2.938560e-05	 2627	 iter
2024	 2.938560e-05	 2628	 iter
2025	 2.938560e-05	 2629	 iter
2026	 2.937354e-05	 2631	 iter
2027	 2.937354e-05	 2632	 iter
2028	 2.937354e-05	 2633	 iter
2029	 2.937354e-05	 2634	 iter
2030	 2.937354e-05	 2635	 iter
2031	 2.937354e-05	 2636	 iter
2032	 2.937354e-05	 2637	 iter
2033	 2.936746e-05	 2639	 iter
2034	 2.936746e-05	 2640	 iter
2035	 2.936746e-05	 2641	 iter
2036	 2.936746e-05	 2642	 iter
2037	 2.936746e-05	 2643	 iter
2038	 2.936746e-05	 2644	 iter
2039	 2.936418e-05	 2646	 iter
2040	 2.936389e-05	 2648	 iter
2041	 2.936192e-05	 2650	 iter
2042	 2.935031e-05	 2652	 iter
2043	 2.935031e-05	 2653	 iter
2044	 2.934097e-05	 2655	 iter
2045	 2.934097e-05	 2656	 iter
2046	 2.934097e-05	 2657	 iter
2047	 2.934097e-05	 2658	 iter
2048	 2.934097e-05	 2659	 iter
2049	 2.934097e-05	 2660	 iter
2050	 2.934097e-05	 2661	 iter
2051	 2.934097e-05	 2662	 iter
2052	 2.934097e-05	 2663	 iter
2053	 2.934097e-05	 2664	 iter
2054	 2.933984e-05	 2666	 iter
2055	 2.932984e-05	 2668	 iter
2056	 2.932689e-05	 2670	 iter
2057	 2.931585e-05	 2672	 iter
2058	 2.931585e-05	 2673	 iter
2059	 2.931045e-05	 2675	 iter
2060	 2.931045e-05	 2676	 iter
2061	 2.930904e-05	 2678	 iter
2062	 2.930904e-05	 2679	 iter
2063	 2.930904e-05	 2680	 iter
2064	 2.930665e-05	 2682	 iter
2065	 2.929754e-05	 2684	 iter
2066	 2.929231e-05	 2686	 iter
2067	 2.929050e-05	 2688	 iter
2068	 2.928791e-05	 2690	 iter
2069	 2.928791e-05	 2691	 iter
2070	 2.928148e-05	 2693	 iter
2071	 2.928148e-05	 2694	 iter
2072	 2.928076e-05	 2696	 iter
2073	 2.926439e-05	 2698	 iter
2074	 2.926419e-05	 2700	 iter
2075	 2.926419e-05	 2701	 iter
2076	 2.926419e-05	 2702	 iter
2077	 2.926419e-05	 2703	 iter
2078	 2.926419e-05	 2704	 iter
2079	 2.926419e-05	 2705	 iter
2080	 2.926419e-05	 2706	 iter
2081	 2.924442e-05	 2708	 iter
2082	 2.924442e-05	 2709	 iter
2083	 2.924442e-05	 2710	 iter
2084	 2.924442e-05	 2711	 iter
2085	 2.923396e-05	 2713	 iter
2086	 2.923396e-05	 2714	 iter
2087	 2.923396e-05	 2715	 iter
2088	 2.923396e-05	 2716	 iter
2089	 2.923396e-05	 2717	 iter
2090	 2.923396e-05	 2718	 iter
2091	 2.922033e-05	 2720	 iter
2092	 2.922033e-05	 2721	 iter
2093	 2.922033e-05	 2722	 iter
2094	 2.922033e-05	 2723	 iter
2095	 2.922033e-05	 2724	 iter
2096	 2.922033e-05	 2725	 iter
2097	 2.915374e-05	 2727	 iter
2098	 2.915374e-05	 2728	 iter
2099	 2.915374e-05	 2729	 iter
2100	 2.915374e-05	 2730	 iter
2101	 2.915374e-05	 2731	 iter
2102	 2.915374e-05	 2732	 iter
2103	 2.915374e-05	 2733	 iter
2104	 2.915374e-05	 2734	 iter
2105	 2.915374e-05	 2735	 iter
2106	 2.915374e-05	 2736	 iter
2107	 2.915374e-05	 2737	 iter
2108	 2.915374e-05	 2738	 iter
2109	 2.915374e-05	 2739	 iter
2110	 2.911388e-05	 2741	 iter
2111	 2.911388e-05	 2742	 iter
2112	 2.911388e-05	 2743	 iter
2113	 2.911388e-05	 2744	 iter
2114	 2.911388e-05	 2745	 iter
2115	 2.911388e-05	 2746	 iter
2116	 2.911388e-05	 2747	 iter
2117	 2.911388e-05	 2748	 iter
2118	 2.910352e-05	 2750	 iter
2119	 2.910352e-05	 2751	 iter
2120	 2.910352e-05	 2752	 iter
2121	 2.909339e-05	 2754	 iter
2122	 2.909339e-05	 2755	 iter
2123	 2.901380e-05	 2757	 iter
2124	 2.901380e-05	 2758	 iter
2125	 2.901380e-05	 2759	 iter
2126	 2.901380e-05	 2760	 iter
2127	 2.901380e-05	 2761	 iter
2128	 2.901380e-05	 2762	 iter
2129	 2.901380e-05	 2763	 iter
2130	 2.899052e-05	 2765	 iter
2131	 2.899052e-05	 2766	 iter
2132	 2.899052e-05	 2767	 iter
2133	 2.899052e-05	 2768	 iter
2134	 2.895440e-05	 2770	 iter
2135	 2.895440e-05	 2771	 iter
2136	 2.894520e-05	 2773	 iter
2137	 2.892358e-05	 2775	 iter
2138	 2.879367e-05	 2777	 iter
2139	 2.879367e-05	 2778	 iter
2140	 2.879367e-05	 2779	 iter
2141	 2.879367e-05	 2780	 iter
2142	 2.879367e-05	 2781	 iter
2143	 2.879367e-05	 2782	 iter
2144	 2.879367e-05	 2783	 iter
2145	 2.875183e-05	 2785	 iter
2146	 2.875183e-05	 2786	 iter
2147	 2.875183e-05	 2787	 iter
2148	 2.873607e-05	 2789	 iter
2149	 2.873607e-05	 2790	 iter
2150	 2.872419e-05	 2792	 iter
2151	 2.858193e-05	 2794	 iter
2152	 2.858193e-05	 2795	 iter
2153	 2.858193e-05	 2796	 iter
2154	 2.858193e-05	 2797	 iter
2155	 2.858193e-05	 2798	 iter
2156	 2.858193e-05	 2799	 iter
2157	 2.858193e-05	 2800	 iter
2158	 2.858193e-05	 2801	 iter
2159	 2.851066e-05	 2803	 iter
2160	 2.838997e-05	 2805	 iter
2161	 2.838997e-05	 2806	 iter
2162	 2.838997e-05	 2807	 iter
2163	 2.838997e-05	 2808	 iter
2164	 2.838997e-05	 2809	 iter
2165	 2.838997e-05	 2810	 iter
2166	 2.838997e-05	 2811	 iter
2167	 2.838997e-05	 2812	 iter
2168	 2.833010e-05	 2814	 iter
2169	 2.833010e-05	 2815	 iter
2170	 2.814188e-05	 2817	 iter
2171	 2.814188e-05	 2818	 iter
2172	 2.814188e-05	 2819	 iter
2173	 2.814188e-05	 2820	 iter
2174	 2.814188e-05	 2821	 iter
2175	 2.814188e-05	 2822	 iter
2176	 2.814188e-05	 2823	 iter
2177	 2.814188e-05	 2824	 iter
2178	 2.814188e-05	 2825	 iter
2179	 2.788598e-05	 2827	 iter
2180	 2.788598e-05	 2828	 iter
2181	 2.788598e-05	 2829	 iter
2182	 2.788598e-05	 2830	 iter
2183	 2.788598e-05	 2831	 iter
2184	 2.788598e-05	 2832	 iter
2185	 2.788598e-05	 2833	 iter
2186	 2.787000e-05	 2835	 iter
2187	 2.787000e-05	 2836	 iter
2188	 2.787000e-05	 2837	 iter
2189	 2.787000e-05	 2838	 iter
2190	 2.765867e-05	 2840	 iter
2191	 2.765867e-05	 2841	 iter
2192	 2.765867e-05	 2842	 iter
2193	 2.765867e-05	 2843	 iter
2194	 2.736925e-05	 2845	 iter
2195	 2.736925e-05	 2846	 iter
2196	 2.736925e-05	 2847	 iter
2197	 2.736925e-05	 2848	 iter
2198	 2.736925e-05	 2849	 iter
2199	 2.736925e-05	 2850	 iter
2200	 2.736925e-05	 2851	 iter
2201	 2.736925e-05	 2852	 iter
2202	 2.736925e-05	 2853	 iter
2203	 2.736925e-05	 2854	 iter
2204	 2.736925e-05	 2855	 iter
2205	 2.736925e-05	 2856	 iter
2206	 2.734271e-05	 2858	 iter
2207	 2.734271e-05	 2859	 iter
2208	 2.734271e-05	 2860	 iter
2209	 2.717230e-05	 2862	 iter
2210	 2.707924e-05	 2864	 iter
2211	 2.707924e-05	 2865	 iter
2212	 2.707924e-05	 2866	 iter
2213	 2.707924e-05	 2867	 iter
2214	 2.707924e-05	 2868	 iter
2215	 2.707924e-05	 2869	 iter
2216	 2.707924e-05	 2870	 iter
2217	 2.700467e-05	 2872	 iter
2218	 2.694129e-05	 2874	 iter
2219	 2.694129e-05	 2875	 iter
2220	 2.694129e-05	 2876	 iter
2221	 2.694129e-05	 2877	 iter
2222	 2.694129e-05	 2878	 iter
2223	 2.678961e-05	 2880	 iter
2224	 2.678961e-05	 2881	 iter
2225	 2.678961e-05	 2882	 iter
2226	 2.678961e-05	 2883	 iter
2227	 2.678961e-05	 2884	 iter
2228	 2.678961e-05	 2885	 iter
2229	 2.678961e-05	 2886	 iter
2230	 2.678961e-05	 2887	 iter
2231	 2.667687e-05	 2889	 iter
2232	 2.667687e-05	 2890	 iter
2233	 2.667687e-05	 2891	 iter
2234	 2.667687e-05	 2892	 iter
2235	 2.646819e-05	 2894	 iter
2236	 2.646819e-05	 2895	 iter
2237	 2.646819e-05	 2896	 iter
2238	 2.646819e-05	 2897	 iter
2239	 2.646819e-05	 2898	 iter
2240	 2.646819e-05	 2899	 iter
2241	 2.646819e-05	 2900	 iter
2242	 2.646819e-05	 2901	 iter
2243	 2.646819e-05	 2902	 iter
2244	 2.630376e-05	 2904	 iter
2245	 2.630376e-05	 2905	 iter
2246	 2.630376e-05	 2906	 iter
2247	 2.630376e-05	 2907	 iter
2248	 2.630376e-05	 2908	 iter
2249	 2.630376e-05	 2909	 iter
2250	 2.619427e-05	 2911	 iter
2251	 2.619427e-05	 2912	 iter
2252	 2.619427e-05	 2913	 iter
2253	 2.619427e-05	 2914	 iter
2254	 2.615620e-05	 2916	 iter
2255	 2.607150e-05	 2918	 iter
2256	 2.607150e-05	 2919	 iter
2257	 2.607150e-05	 2920	 iter
2258	 2.607150e-05	 2921	 iter
2259	 2.607150e-05	 2922	 iter
2260	 2.600102e-05	 2924	 iter
2261	 2.600102e-05	 2925	 iter
2262	 2.600102e-05	 2926	 iter
2263	 2.600102e-05	 2927	 iter
2264	 2.600102e-05	 2928	 iter
2265	 2.600102e-05	 2929	 iter
2266	 2.600102e-05	 2930	 iter
2267	 2.599559e-05	 2932	 iter
2268	 2.599559e-05	 2933	 iter
2269	 2.584379e-05	 2935	 iter
2270	 2.584379e-05	 2936	 iter
2271	 2.580938e-05	 2938	 iter
2272	 2.580938e-05	 2939	 iter
2273	 2.580938e-05	 2941	 iter
2274	 2.580938e-05	 2942	 iter
2275	 2.580938e-05	 2943	 iter
2276	 2.580938e-05	 2944	 iter
2277	 2.572615e-05	 2946	 iter
2278	 2.572615e-05	 2947	 iter
2279	 2.572615e-05	 2948	 iter
2280	 2.572615e-05	 2949	 iter
2281	 2.572615e-05	 2950	 iter
2282	 2.572615e-05	 2951	 iter
2283	 2.572615e-05	 2952	 iter
2284	 2.569069e-05	 2954	 iter
2285	 2.569069e-05	 2955	 iter
2286	 2.569069e-05	 2956	 iter
2287	 2.569069e-05	 2957	 iter
2288	 2.556440e-05	 2959	 iter
2289	 2.556440e-05	 2960	 iter
2290	 2.547166e-05	 2962	 iter
2291	 2.547166e-05	 2963	 iter
2292	 2.547166e-05	 2964	 iter
2293	 2.547166e-05	 2965	 iter
2294	 2.547166e-05	 2966	 iter
2295	 2.547166e-05	 2967	 iter
2296	 2.547166e-05	 2968	 iter
2297	 2.547166e-05	 2970	 iter
2298	 2.547166e-05	 2971	 iter
2299	 2.547166e-05	 2972	 iter
2300	 2.547166e-05	 2973	 iter
2301	 2.533814e-05	 2975	 iter
2302	 2.533814e-05	 2976	 iter
2303	 2.533814e-05	 2977	 iter
2304	 2.533814e-05	 2978	 iter
2305	 2.533814e-05	 2979	 iter
2306	 2.533814e-05	 2980	 iter
2307	 2.533814e-05	 2981	 iter
2308	 2.533814e-05	 2982	 iter
2309	 2.533814e-05	 2983	 iter
2310	 2.533814e-05	 2984	 iter
2311	 2.533814e-05	 2985	 iter
2312	 2.533814e-05	 2986	 iter
2313	 2.520611e-05	 2988	 iter
2314	 2.520611e-05	 2989	 iter
2315	 2.520611e-05	 2990	 iter
2316	 2.520611e-05	 2991	 iter
2317	 2.520611e-05	 2993	 iter
2318	 2.520611e-05	 2994	 iter
2319	 2.517220e-05	 2996	 iter
2320	 2.492828e-05	 2998	 iter
2321	 2.492828e-05	 2999	 iter
2322	 2.492828e-05	 3000	 iter
2323	 2.492828e-05	 3001	 iter
2324	 2.492828e-05	 3002	 iter
2325	 2.492828e-05	 3003	 iter
2326	 2.492828e-05	 3004	 iter
2327	 2.492828e-05	 3005	 iter
2328	 2.492828e-05	 3006	 iter
2329	 2.492828e-05	 3007	 iter
2330	 2.492828e-05	 3008	 iter
2331	 2.492828e-05	 3009	 iter
2332	 2.463554e-05	 3011	 iter
2333	 2.463554e-05	 3012	 iter
2334	 2.463554e-05	 3013	 iter
2335	 2.463554e-05	 3014	 iter
2336	 2.463554e-05	 3015	 iter
2337	 2.463554e-05	 3016	 iter
2338	 2.463554e-05	 3017	 iter
2339	 2.463554e-05	 3018	 iter
2340	 2.463554e-05	 3019	 iter
2341	 2.451272e-05	 3021	 iter
2342	 2.451272e-05	 3022	 iter
2343	 2.451272e-05	 3023	 iter
2344	 2.451272e-05	 3024	 iter
2345	 2.451272e-05	 3025	 iter
2346	 2.451272e-05	 3026	 iter
2347	 2.451272e-05	 3027	 iter
2348	 2.423273e-05	 3029	 iter
2349	 2.423273e-05	 3030	 iter
2350	 2.423273e-05	 3031	 iter
2351	 2.423273e-05	 3032	 iter
2352	 2.423273e-05	 3033	 iter
2353	 2.410590e-05	 3035	 iter
2354	 2.410590e-05	 3036	 iter
2355	 2.403623e-05	 3038	 iter
2356	 2.403623e-05	 3039	 iter
2357	 2.403623e-05	 3040	 iter
2358	 2.403623e-05	 3041	 iter
2359	 2.403623e-05	 3042	 iter
2360	 2.367466e-05	 3044	 iter
2361	 2.367466e-05	 3045	 iter
2362	 2.367466e-05	 3046	 iter
2363	 2.347718e-05	 3048	 iter
2364	 2.336819e-05	 3050	 iter
2365	 2.336819e-05	 3051	 iter
2366	 2.326062e-05	 3053	 iter
2367	 2.326062e-05	 3054	 iter
2368	 2.311841e-05	 3056	 iter
2369	 2.311841e-05	 3057	 iter
2370	 2.311841e-05	 3058	 iter
2371	 2.311841e-05	 3059	 iter
2372	 2.267409e-05	 3061	 iter
2373	 2.267409e-05	 3062	 iter
2374	 2.267409e-05	 3063	 iter
2375	 2.267409e-05	 3064	 iter
2376	 2.226822e-05	 3066	 iter
2377	 2.202088e-05	 3068	 iter
2378	 2.202088e-05	 3069	 iter
2379	 2.202088e-05	 3070	 iter
2380	 2.202088e-05	 3071	 iter
2381	 2.202088e-05	 3072	 iter
2382	 2.202088e-05	 3073	 iter
2383	 2.202088e-05	 3074	 iter
2384	 2.202088e-05	 3075	 iter
2385	 2.201772e-05	 3077	 iter
2386	 2.201772e-05	 3078	 iter
2387	 2.201772e-05	 3079	 iter
2388	 2.201772e-05	 3080	 iter
2389	 2.201772e-05	 3081	 iter
2390	 2.185170e-05	 3083	 iter
2391	 2.101763e-05	 3085	 iter
2392	 2.101763e-05	 3086	 iter
2393	 2.101763e-05	 3087	 iter
2394	 2.101763e-05	 3089	 iter
2395	 2.101763e-05	 3090	 iter
2396	 2.101763e-05	 3091	 iter
2397	 2.101763e-05	 3092	 iter
2398	 2.101763e-05	 3094	 iter
2399	 2.101763e-05	 3095	 iter
2400	 2.101763e-05	 3096	 iter
2401	 2.101763e-05	 3097	 iter
2402	 2.101763e-05	 3098	 iter
2403	 2.101763e-05	 3099	 iter
2404	 2.101763e-05	 3100	 iter
2405	 2.101763e-05	 3101	 iter
2406	 2.101763e-05	 3103	 iter
2407	 2.101763e-05	 3104	 iter
2408	 2.101763e-05	 3106	 iter
2409	 2.097457e-05	 3108	 iter
2410	 2.097457e-05	 3109	 iter
2411	 2.097457e-05	 3110	 iter
2412	 2.097457e-05	 3111	 iter
2413	 2.097457e-05	 3112	 iter
2414	 2.097457e-05	 3113	 iter
2415	 2.097457e-05	 3114	 iter
2416	 2.089204e-05	 3116	 iter
2417	 2.089204e-05	 3117	 iter
2418	 2.073326e-05	 3119	 iter
2419	 2.071431e-05	 3121	 iter
2420	 2.071431e-05	 3123	 iter
2421	 2.071431e-05	 3124	 iter
2422	 2.071431e-05	 3125	 iter
2423	 2.060955e-05	 3127	 iter
2424	 2.060955e-05	 3128	 iter
2425	 2.060955e-05	 3129	 iter
2426	 2.053367e-05	 3131	 iter
2427	 2.053367e-05	 3133	 iter
2428	 2.053367e-05	 3135	 iter
2429	 2.028878e-05	 3137	 iter
2430	 2.028878e-05	 3138	 iter
2431	 2.028878e-05	 3139	 iter
2432	 2.000663e-05	 3141	 iter
2433	 2.000663e-05	 3142	 iter
2434	 2.000663e-05	 3143	 iter
2435	 2.000663e-05	 3144	 iter
2436	 2.000663e-05	 3145	 iter
2437	 2.000663e-05	 3146	 iter
2438	 2.000663e-05	 3147	 iter
2439	 2.000663e-05	 3148	 iter
2440	 1.967799e-05	 3150	 iter
2441	 1.909858e-05	 3152	 iter
2442	 1.909858e-05	 3153	 iter
2443	 1.909858e-05	 3154	 iter
2444	 1.909858e-05	 3155	 iter
2445	 1.909858e-05	 3156	 iter
2446	 1.909858e-05	 3157	 iter
2447	 1.909858e-05	 3158	 iter
2448	 1.909858e-05	 3159	 iter
2449	 1.909858e-05	 3160	 iter
2450	 1.909858e-05	 3161	 iter
2451	 1.901925e-05	 3163	 iter
2452	 1.901925e-05	 3164	 iter
2453	 1.895160e-05	 3166	 iter
2454	 1.895160e-05	 3167	 iter
2455	 1.874223e-05	 3169	 iter
2456	 1.874223e-05	 3170	 iter
2457	 1.874223e-05	 3171	 iter
2458	 1.874223e-05	 3172	 iter
2459	 1.874223e-05	 3173	 iter
2460	 1.874223e-05	 3174	 iter
2461	 1.846540e-05	 3176	 iter
2462	 1.846540e-05	 3177	 iter
2463	 1.846540e-05	 3178	 iter
2464	 1.846540e-05	 3179	 iter
2465	 1.836363e-05	 3181	 iter
2466	 1.836363e-05	 3183	 iter
2467	 1.836363e-05	 3184	 iter
2468	 1.832023e-05	 3186	 iter
2469	 1.830852e-05	 3188	 iter
2470	 1.830852e-05	 3189	 iter
2471	 1.810789e-05	 3191	 iter
2472	 1.810789e-05	 3192	 iter
2473	 1.810789e-05	 3193	 iter
2474	 1.797772e-05	 3195	 iter
2475	 1.797772e-05	 3196	 iter
2476	 1.797772e-05	 3197	 iter
2477	 1.790401e-05	 3199	 iter
2478	 1.790401e-05	 3200	 iter
2479	 1.782007e-05	 3202	 iter
2480	 1.782007e-05	 3204	 iter
2481	 1.782007e-05	 3205	 iter
2482	 1.774921e-05	 3207	 iter
2483	 1.774921e-05	 3208	 iter
2484	 1.774921e-05	 3209	 iter
2485	 1.774921e-05	 3210	 iter
2486	 1.774921e-05	 3211	 iter
2487	 1.774921e-05	 3212	 iter
2488	 1.774921e-05	 3213	 iter
2489	 1.760499e-05	 3215	 iter
2490	 1.760499e-05	 3216	 iter
2491	 1.760499e-05	 3217	 iter
2492	 1.760499e-05	 3218	 iter
2493	 1.758549e-05	 3220	 iter
2494	 1.735590e-05	 3222	 iter
2495	 1.735590e-05	 3224	 iter
2496	 1.735590e-05	 3225	 iter
2497	 1.735590e-05	 3226	 iter
2498	 1.735590e-05	 3227	 iter
2499	 1.728291e-05	 3229	 iter
2500	 1.728291e-05	 3230	 iter
2501	 1.728291e-05	 3231	 iter
2502	 1.728291e-05	 3233	 iter
2503	 1.728291e-05	 3234	 iter
2504	 1.728291e-05	 3235	 iter
2505	 1.728291e-05	 3236	 iter
2506	 1.728291e-05	 3237	 iter
2507	 1.728291e-05	 3238	 iter
2508	 1.716893e-05	 3240	 iter
2509	 1.716893e-05	 3241	 iter
2510	 1.716893e-05	 3242	 iter
2511	 1.692074e-05	 3244	 iter
2512	 1.692074e-05	 3245	 iter
2513	 1.692074e-05	 3246	 iter
2514	 1.692074e-05	 3247	 iter
2515	 1.692074e-05	 3248	 iter
2516	 1.692074e-05	 3249	 iter
2517	 1.647643e-05	 3251	 iter
2518	 1.647643e-05	 3252	 iter
2519	 1.647643e-05	 3253	 iter
2520	 1.647643e-05	 3254	 iter
2521	 1.647643e-05	 3255	 iter
2522	 1.647643e-05	 3256	 iter
2523	 1.647643e-05	 3257	 iter
2524	 1.629252e-05	 3259	 iter
2525	 1.629252e-05	 3260	 iter
2526	 1.629252e-05	 3261	 iter
2527	 1.629252e-05	 3262	 iter
2528	 1.629252e-05	 3263	 iter
2529	 1.629252e-05	 3264	 iter
2530	 1.629252e-05	 3265	 iter
2531	 1.627009e-05	 3267	 iter
2532	 1.611219e-05	 3269	 iter
2533	 1.567650e-05	 3271	 iter
2534	 1.567650e-05	 3272	 iter
2535	 1.567650e-05	 3273	 iter
2536	 1.542305e-05	 3275	 iter
2537	 1.542305e-05	 3276	 iter
2538	 1.542305e-05	 3277	 iter
2539	 1.542305e-05	 3278	 iter
2540	 1.542305e-05	 3279	 iter
2541	 1.534445e-05	 3281	 iter
2542	 1.534445e-05	 3282	 iter
2543	 1.521451e-05	 3284	 iter
2544	 1.521451e-05	 3285	 iter
2545	 1.518251e-05	 3287	 iter
2546	 1.514504e-05	 3289	 iter
2547	 1.513399e-05	 3291	 iter
2548	 1.505226e-05	 3293	 iter
2549	 1.472911e-05	 3295	 iter
2550	 1.403019e-05	 3297	 iter
2551	 1.403019e-05	 3298	 iter
2552	 1.403019e-05	 3299	 iter
2553	 1.403019e-05	 3300	 iter
2554	 1.403019e-05	 3301	 iter
2555	 1.403019e-05	 3302	 iter
2556	 1.403019e-05	 3303	 iter
2557	 1.403019e-05	 3304	 iter
2558	 1.403019e-05	 3305	 iter
2559	 1.379618e-05	 3307	 iter
2560	 1.379618e-05	 3308	 iter
2561	 1.379618e-05	 3309	 iter
2562	 1.379618e-05	 3310	 iter
2563	 1.379618e-05	 3311	 iter
2564	 1.357700e-05	 3313	 iter
2565	 1.357700e-05	 3314	 iter
2566	 1.357700e-05	 3315	 iter
2567	 1.357700e-05	 3316	 iter
2568	 1.295029e-05	 3318	 iter
2569	 1.295029e-05	 3319	 iter
2570	 1.295029e-05	 3320	 iter
2571	 1.295029e-05	 3321	 iter
2572	 1.286702e-05	 3323	 iter
2573	 1.286702e-05	 3324	 iter
2574	 1.282569e-05	 3326	 iter
2575	 1.282569e-05	 3327	 iter
2576	 1.280396e-05	 3329	 iter
2577	 1.243855e-05	 3331	 iter
2578	 1.238735e-05	 3333	 iter
2579	 1.238735e-05	 3334	 iter
2580	 1.238735e-05	 3335	 iter
2581	 1.238735e-05	 3336	 iter
2582	 1.238735e-05	 3337	 iter
2583	 1.210669e-05	 3339	 iter
2584	 1.210669e-05	 3340	 iter
2585	 1.210669e-05	 3341	 iter
2586	 1.144285e-05	 3343	 iter
2587	 1.144285e-05	 3344	 iter
2588	 1.144285e-05	 3345	 iter
2589	 1.144285e-05	 3346	 iter
2590	 1.144285e-05	 3347	 iter
2591	 1.144285e-05	 3348	 iter
2592	 1.144285e-05	 3349	 iter
2593	 1.144285e-05	 3350	 iter
2594	 1.090155e-05	 3352	 iter
2595	 1.090155e-05	 3353	 iter
2596	 1.090155e-05	 3354	 iter
2597	 1.090155e-05	 3355	 iter
2598	 1.090155e-05	 3356	 iter
2599	 1.090155e-05	 3357	 iter
2600	 1.090155e-05	 3358	 iter
2601	 1.090155e-05	 3359	 iter
2602	 1.090155e-05	 3360	 iter
2603	 1.080503e-05	 3362	 iter
2604	 1.080503e-05	 3363	 iter
2605	 1.080503e-05	 3364	 iter
2606	 1.080503e-05	 3365	 iter
2607	 1.080503e-05	 3366	 iter
2608	 1.080503e-05	 3367	 iter
2609	 1.080251e-05	 3369	 iter
2610	 1.074346e-05	 3371	 iter
2611	 1.068052e-05	 3373	 iter
2612	 1.027846e-05	 3375	 iter
2613	 1.027846e-05	 3376	 iter
2614	 1.027846e-05	 3378	 iter
2615	 1.027846e-05	 3379	 iter
2616	 1.027846e-05	 3380	 iter
2617	 1.027846e-05	 3381	 iter
2618	 1.027846e-05	 3382	 iter
2619	 1.027846e-05	 3384	 iter
2620	 1.027846e-05	 3385	 iter
2621	 1.009083e-05	 3387	 iter
2622	 1.009083e-05	 3388	 iter
2623	 1.009083e-05	 3389	 iter
2624	 1.009083e-05	 3390	 iter
2625	 1.009083e-05	 3391	 iter
2626	 1.009083e-05	 3392	 iter
2627	 1.009083e-05	 3393	 iter
2628	 1.009083e-05	 3394	 iter
2629	 1.009083e-05	 3396	 iter
2630	 1.009083e-05	 3397	 iter
2631	 9.901045e-06	 3399	 iter
2632	 9.901045e-06	 3400	 iter
2633	 9.901045e-06	 3401	 iter
2634	 9.901045e-06	 3402	 iter
2635	 9.901045e-06	 3403	 iter
2636	 9.901045e-06	 3405	 iter
2637	 9.901045e-06	 3406	 iter
2638	 9.901045e-06	 3407	 iter
2639	 9.901045e-06	 3409	 iter
2640	 9.901045e-06	 3410	 iter
2641	 9.901045e-06	 3411	 iter
2642	 9.901045e-06	 3412	 iter
2643	 9.901045e-06	 3414	 iter
2644	 9.901045e-06	 3415	 iter
2645	 9.901045e-06	 3416	 iter
2646	 9.901045e-06	 3418	 iter
2647	 9.901045e-06	 3420	 iter
2648	 9.901045e-06	 3422	 iter
2649	 9.615553e-06	 3424	 iter
2650	 9.615553e-06	 3425	 iter
2651	 9.615553e-06	 3426	 iter
2652	 9.615553e-06	 3428	 iter
2653	 9.615553e-06	 3429	 iter
2654	 9.615553e-06	 3431	 iter
2655	 9.615553e-06	 3433	 iter
2656	 9.615553e-06	 3434	 iter
2657	 9.615553e-06	 3435	 iter
2658	 9.615553e-06	 3436	 iter
2659	 9.615553e-06	 3437	 iter
2660	 9.615553e-06	 3439	 iter
2661	 9.615553e-06	 3441	 iter
2662	 9.580758e-06	 3443	 iter
2663	 9.580758e-06	 3445	 iter
2664	 9.580758e-06	 3446	 iter
2665	 9.580758e-06	 3447	 iter
2666	 9.580758e-06	 3448	 iter
2667	 9.580758e-06	 3449	 iter
2668	 9.580758e-06	 3450	 iter
2669	 9.580758e-06	 3451	 iter
2670	 9.580758e-06	 3452	 iter
2671	 9.556700e-06	 3454	 iter
2672	 9.475553e-06	 3456	 iter
2673	 9.475553e-06	 3457	 iter
2674	 9.475553e-06	 3458	 iter
2675	 9.475553e-06	 3459	 iter
2676	 9.475553e-06	 3461	 iter
2677	 9.475553e-06	 3462	 iter
2678	 9.475553e-06	 3463	 iter
2679	 9.475553e-06	 3465	 iter
2680	 9.475553e-06	 3467	 iter
2681	 9.426949e-06	 3469	 iter
2682	 9.426949e-06	 3470	 iter
2683	 9.426949e-06	 3471	 iter
2684	 9.426949e-06	 3472	 iter
2685	 9.426949e-06	 3473	 iter
2686	 9.426949e-06	 3474	 iter
2687	 9.426949e-06	 3476	 iter
2688	 9.426949e-06	 3477	 iter
2689	 9.426949e-06	 3478	 iter
2690	 9.426949e-06	 3480	 iter
2691	 9.426949e-06	 3481	 iter
2692	 9.426949e-06	 3483	 iter
2693	 9.422912e-06	 3485	 iter
2694	 9.422912e-06	 3486	 iter
2695	 9.422912e-06	 3488	 iter
2696	 9.422504e-06	 3490	 iter
2697	 9.396915e-06	 3492	 iter
2698	 9.392620e-06	 3494	 iter
2699	 9.392620e-06	 3495	 iter
2700	 9.392620e-06	 3497	 iter
2701	 9.358856e-06	 3499	 iter
2702	 9.358856e-06	 3501	 iter
2703	 9.358856e-06	 3502	 iter
2704	 9.358856e-06	 3504	 iter
2705	 9.358856e-06	 3505	 iter
2706	 9.358856e-06	 3506	 iter
2707	 9.358856e-06	 3507	 iter
2708	 9.358856e-06	 3508	 iter
2709	 9.356687e-06	 3510	 iter
2710	 9.356687e-06	 3511	 iter
2711	 9.356687e-06	 3512	 iter
2712	 9.356687e-06	 3514	 iter
2713	 9.346245e-06	 3516	 iter
2714	 9.346245e-06	 3517	 iter
2715	 9.346245e-06	 3519	 iter
2716	 9.346245e-06	 3521	 iter
2717	 9.346245e-06	 3523	 iter
2718	 9.346245e-06	 3524	 iter
2719	 9.346245e-06	 3525	 iter
2720	 9.346245e-06	 3526	 iter
2721	 9.346245e-06	 3527	 iter
2722	 9.346245e-06	 3528	 iter
2723	 9.346245e-06	 3529	 iter
2724	 9.342191e-06	 3531	 iter
2725	 9.342191e-06	 3532	 iter
2726	 9.342191e-06	 3533	 iter
2727	 9.342191e-06	 3535	 iter
2728	 9.342070e-06	 3537	 iter
2729	 9.341301e-06	 3539	 iter
2730	 9.341301e-06	 3540	 iter
2731	 9.341301e-06	 3541	 iter
2732	 9.333223e-06	 3543	 iter
2733	 9.333223e-06	 3545	 iter
2734	 9.324803e-06	 3547	 iter
2735	 9.320177e-06	 3549	 iter
2736	 9.318156e-06	 3551	 iter
2737	 9.318156e-06	 3553	 iter
2738	 9.318156e-06	 3554	 iter
2739	 9.318156e-06	 3556	 iter
2740	 9.318156e-06	 3558	 iter
2741	 9.318156e-06	 3560	 iter
2742	 9.318156e-06	 3562	 iter
2743	 9.318156e-06	 3563	 iter
2744	 9.318156e-06	 3565	 iter
2745	 9.318156e-06	 3567	 iter
2746	 9.313687e-06	 3569	 iter
2747	 9.313687e-06	 3570	 iter
2748	 9.313687e-06	 3571	 iter
2749	 9.311725e-06	 3573	 iter
2750	 9.311725e-06	 3575	 iter
2751	 9.311725e-06	 3576	 iter
2752	 9.311725e-06	 3577	 iter
2753	 9.311725e-06	 3578	 iter
2754	 9.311725e-06	 3579	 iter
2755	 9.311725e-06	 3581	 iter
2756	 9.308071e-06	 3583	 iter
2757	 9.308071e-06	 3584	 iter
2758	 9.308071e-06	 3585	 iter
2759	 9.307960e-06	 3587	 iter
2760	 9.307960e-06	 3588	 iter
2761	 9.298211e-06	 3590	 iter
2762	 9.298211e-06	 3592	 iter
2763	 9.298211e-06	 3593	 iter
2764	 9.298211e-06	 3594	 iter
2765	 9.298211e-06	 3596	 iter
2766	 9.298211e-06	 3597	 iter
2767	 9.298211e-06	 3598	 iter
2768	 9.298211e-06	 3599	 iter
2769	 9.298211e-06	 3601	 iter
2770	 9.298211e-06	 3602	 iter
2771	 9.298211e-06	 3604	 iter
2772	 9.298211e-06	 3606	 iter
2773	 9.298211e-06	 3607	 iter
2774	 9.298211e-06	 3608	 iter
2775	 9.298211e-06	 3609	 iter
2776	 9.297264e-06	 3611	 iter
2777	 9.297264e-06	 3612	 iter
2778	 9.297264e-06	 3614	 iter
2779	 9.297264e-06	 3616	 iter
2780	 9.297264e-06	 3618	 iter
2781	 9.297264e-06	 3620	 iter
2782	 9.297264e-06	 3621	 iter
2783	 9.297264e-06	 3623	 iter
2784	 9.297264e-06	 3624	 iter
2785	 9.297264e-06	 3626	 iter
2786	 9.292105e-06	 3628	 iter
2787	 9.292105e-06	 3630	 iter
2788	 9.292105e-06	 3631	 iter
2789	 9.292105e-06	 3632	 iter
2790	 9.292105e-06	 3633	 iter
2791	 9.292105e-06	 3634	 iter
2792	 9.292105e-06	 3635	 iter
2793	 9.292105e-06	 3637	 iter
2794	 9.292105e-06	 3639	 iter
2795	 9.292105e-06	 3640	 iter
2796	 9.292105e-06	 3641	 iter
2797	 9.292105e-06	 3643	 iter
2798	 9.290788e-06	 3645	 iter
2799	 9.288175e-06	 3647	 iter
2800	 9.288175e-06	 3648	 iter
2801	 9.288175e-06	 3649	 iter
2802	 9.288175e-06	 3650	 iter
2803	 9.288175e-06	 3651	 iter
2804	 9.288175e-06	 3653	 iter
2805	 9.288175e-06	 3654	 iter
2806	 9.288175e-06	 3655	 iter
2807	 9.288175e-06	 3656	 iter
2808	 9.286422e-06	 3658	 iter
2809	 9.286422e-06	 3659	 iter
2810	 9.286422e-06	 3660	 iter
2811	 9.286422e-06	 3661	 iter
2812	 9.286422e-06	 3662	 iter
2813	 9.285461e-06	 3664	 iter
2814	 9.285461e-06	 3665	 iter
2815	 9.285461e-06	 3666	 iter
2816	 9.285461e-06	 3667	 iter
2817	 9.285461e-06	 3669	 iter
2818	 9.284280e-06	 3671	 iter
2819	 9.284280e-06	 3672	 iter
2820	 9.284280e-06	 3673	 iter
2821	 9.284280e-06	 3674	 iter
2822	 9.284065e-06	 3676	 iter
2823	 9.284065e-06	 3677	 iter
2824	 9.284065e-06	 3678	 iter
2825	 9.284065e-06	 3679	 iter
2826	 9.284065e-06	 3680	 iter
2827	 9.284065e-06	 3681	 iter
2828	 9.283963e-06	 3683	 iter
2829	 9.283963e-06	 3684	 iter
2830	 9.283963e-06	 3686	 iter
2831	 9.283963e-06	 3687	 iter
2832	 9.283963e-06	 3689	 iter
2833	 9.282923e-06	 3691	 iter
2834	 9.282923e-06	 3693	 iter
2835	 9.282923e-06	 3694	 iter
2836	 9.281344e-06	 3696	 iter
2837	 9.281344e-06	 3697	 iter
2838	 9.281344e-06	 3698	 iter
2839	 9.281344e-06	 3699	 iter
2840	 9.281344e-06	 3701	 iter
2841	 9.281344e-06	 3702	 iter
2842	 9.281344e-06	 3703	 iter
2843	 9.281344e-06	 3704	 iter
2844	 9.281344e-06	 3706	 iter
2845	 9.281344e-06	 3707	 iter
2846	 9.280358e-06	 3709	 iter
2847	 9.280358e-06	 3711	 iter
2848	 9.280358e-06	 3712	 iter
2849	 9.280358e-06	 3713	 iter
2850	 9.280358e-06	 3714	 iter
2851	 9.280358e-06	 3716	 iter
2852	 9.280358e-06	 3717	 iter
2853	 9.280311e-06	 3719	 iter
2854	 9.280311e-06	 3720	 iter
2855	 9.280311e-06	 3721	 iter
2856	 9.280311e-06	 3722	 iter
2857	 9.280311e-06	 3724	 iter
2858	 9.280311e-06	 3726	 iter
2859	 9.279863e-06	 3728	 iter
2860	 9.279863e-06	 3729	 iter
2861	 9.279581e-06	 3731	 iter
2862	 9.279581e-06	 3732	 iter
2863	 9.279191e-06	 3734	 iter
2864	 9.279191e-06	 3735	 iter
2865	 9.279191e-06	 3737	 iter
2866	 9.279060e-06	 3739	 iter
2867	 9.279060e-06	 3741	 iter
2868	 9.279060e-06	 3742	 iter
2869	 9.279060e-06	 3743	 iter
2870	 9.279060e-06	 3744	 iter
2871	 9.279060e-06	 3745	 iter
2872	 9.279060e-06	 3746	 iter
2873	 9.278723e-06	 3748	 iter
2874	 9.278723e-06	 3749	 iter
2875	 9.278723e-06	 3751	 iter
2876	 9.278723e-06	 3753	 iter
2877	 9.278723e-06	 3754	 iter
2878	 9.278723e-06	 3755	 iter
2879	 9.278558e-06	 3757	 iter
2880	 9.278558e-06	 3758	 iter
2881	 9.278558e-06	 3759	 iter
2882	 9.278558e-06	 3761	 iter
2883	 9.278558e-06	 3762	 iter
2884	 9.278558e-06	 3764	 iter
2885	 9.278558e-06	 3765	 iter
2886	 9.278177e-06	 3767	 iter
2887	 9.278177e-06	 3769	 iter
2888	 9.278177e-06	 3770	 iter
2889	 9.278177e-06	 3772	 iter
2890	 9.278177e-06	 3774	 iter
2891	 9.278177e-06	 3775	 iter
2892	 9.278177e-06	 3776	 iter
2893	 9.278177e-06	 3777	 iter
2894	 9.278177e-06	 3778	 iter
2895	 9.278177e-06	 3779	 iter
2896	 9.278177e-06	 3781	 iter
2897	 9.278152e-06	 3783	 iter
2898	 9.278152e-06	 3785	 iter
2899	 9.278152e-06	 3787	 iter
2900	 9.278152e-06	 3789	 iter
2901	 9.278151e-06	 3791	 iter
2902	 9.278151e-06	 3792	 iter
2903	 9.278151e-06	 3793	 iter
2904	 9.278151e-06	 3794	 iter
2905	 9.278151e-06	 3795	 iter
2906	 9.278151e-06	 3796	 iter
2907	 9.278151e-06	 3797	 iter
2908	 9.277999e-06	 3799	 iter
2909	 9.277999e-06	 3800	 iter
2910	 9.277938e-06	 3802	 iter
2911	 9.277938e-06	 3804	 iter
2912	 9.277805e-06	 3806	 iter
2913	 9.277805e-06	 3808	 iter
2914	 9.277805e-06	 3810	 iter
2915	 9.277805e-06	 3811	 iter
2916	 9.277805e-06	 3812	 iter
2917	 9.277805e-06	 3814	 iter
2918	 9.277805e-06	 3816	 iter
2919	 9.277805e-06	 3817	 iter
2920	 9.277789e-06	 3819	 iter
2921	 9.277742e-06	 3821	 iter
2922	 9.277736e-06	 3823	 iter
2923	 9.277736e-06	 3825	 iter
2924	 9.277729e-06	 3827	 iter
2925	 9.277729e-06	 3829	 iter
2926	 9.277729e-06	 3830	 iter
2927	 9.277729e-06	 3831	 iter
2928	 9.277722e-06	 3833	 iter
2929	 9.277718e-06	 3835	 iter
2930	 9.277716e-06	 3837	 iter
2931	 9.277716e-06	 3838	 iter
2932	 9.277716e-06	 3839	 iter
2933	 9.277696e-06	 3841	 iter
2934	 9.277696e-06	 3843	 iter
2935	 9.277696e-06	 3845	 iter
2936	 9.277565e-06	 3847	 iter
2937	 9.277565e-06	 3848	 iter
2938	 9.277565e-06	 3850	 iter
2939	 9.277565e-06	 3851	 iter
2940	 9.277565e-06	 3853	 iter
2941	 9.277565e-06	 3855	 iter
2942	 9.277565e-06	 3856	 iter
2943	 9.277565e-06	 3858	 iter
2944	 9.277565e-06	 3859	 iter
2945	 9.277565e-06	 3861	 iter
2946	 9.277565e-06	 3863	 iter
2947	 9.277565e-06	 3865	 iter
2948	 9.277565e-06	 3866	 iter
2949	 9.277565e-06	 3867	 iter
2950	 9.277565e-06	 3868	 iter
2951	 9.277538e-06	 3870	 iter
2952	 9.277538e-06	 3871	 iter
2953	 9.277523e-06	 3873	 iter
2954	 9.277523e-06	 3875	 iter
2955	 9.277523e-06	 3876	 iter
2956	 9.277523e-06	 3877	 iter
2957	 9.277523e-06	 3878	 iter
2958	 9.277523e-06	 3879	 iter
2959	 9.277523e-06	 3880	 iter
2960	 9.277523e-06	 3881	 iter
2961	 9.277523e-06	 3882	 iter
2962	 9.277495e-06	 3884	 iter
2963	 9.277495e-06	 3885	 iter
2964	 9.277495e-06	 3887	 iter
2965	 9.277495e-06	 3888	 iter
2966	 9.277495e-06	 3889	 iter
2967	 9.277495e-06	 3890	 iter
2968	 9.277495e-06	 3891	 iter
2969	 9.277495e-06	 3893	 iter
2970	 9.277495e-06	 3894	 iter
2971	 9.277495e-06	 3895	 iter
2972	 9.277495e-06	 3896	 iter
2973	 9.277460e-06	 3898	 iter
2974	 9.277460e-06	 3899	 iter
2975	 9.277457e-06	 3901	 iter
2976	 9.277454e-06	 3903	 iter
2976	 9.277454e-06	 3903	 done
