0	 3.463130e-33	 1	 init
0	 3.463130e-33	 1	 iter
1	 3.463130e-33	 17	 iter
2	 3.463130e-33	 19	 iter
3	 3.463130e-33	 21	 iter
4	 3.463130e-33	 23	 iter
5	 3.463130e-33	 25	 iter
6	 3.463130e-33	 27	 iter
7	 3.463130e-33	 29	 iter
8	 3.463130e-33	 31	 iter
9	 3.463130e-33	 33	 iter
10	 3.463130e-33	 35	 iter
11	 3.463130e-33	 37	 iter
12	 3.463130e-33	 38	 iter
13	 3.463130e-33	 40	 iter
14	 3.463130e-33	 42	 iter
15	 3.463130e-33	 44	 iter
16	 3.463130e-33	 46	 iter
17	 3.463130e-33	 48	 iter
18	 3.463130e-33	 50	 iter
19	 3.463130e-33	 52	 iter
20	 3.463130e-33	 54	 iter
21	 3.463130e-33	 56	 iter
22	 3.463130e-33	 58	 iter
23	 3.463130e-33	 60	 iter
24	 3.463130e-33	 62	 iter
25	 3.463130e-33	 64	 iter
26	 3.463130e-33	 66	 iter
27	 3.463130e-33	 68	 iter
28	 3.463130e-33	 70	 iter
29	 3.463130e-33	 72	 iter
30	 3.463130e-33	 74	 iter
31	 3.463130e-33	 76	 iter
32	 3.463130e-33	 78	 iter
33	 3.463130e-33	 79	 iter
34	 3.463130e-33	 81	 iter
35	 3.463130e-33	 83	 iter
36	 3.463130e-33	 85	 iter
37	 3.463130e-33	 87	 iter
38	 3.463130e-33	 89	 iter
39	 3.463130e-33	 91	 iter
40	 3.463130e-33	 93	 iter
41	 3.463130e-33	 95	 iter
42	 3.463130e-33	 97	 iter
43	 3.463130e-33	 99	 iter
44	 3.463130e-33	 101	 iter
45	 3.463130e-33	 103	 iter
46	 3.463130e-33	 105	 iter
47	 3.463130e-33	 107	 iter
48	 3.463130e-33	 109	 iter
49	 3.463130e-33	 110	 iter
50	 3.463130e-33	 112	 iter
51	 3.463130e-33	 114	 iter
52	 3.463130e-33	 115	 iter
53	 3.463130e-33	 117	 iter
54	 3.463130e-33	 119	 iter
55	 3.463130e-33	 120	 iter
56	 3.463130e-33	 121	 iter
57	 3.463130e-33	 123	 iter
58	 3.463130e-33	 125	 iter
59	 3.463130e-33	 127	 iter
60	 3.463130e-33	 129	 iter
61	 3.463130e-33	 131	 iter
62	 3.463130e-33	 133	 iter
63	 3.463130e-33	 135	 iter
64	 3.463130e-33	 136	 iter
65	 3.463130e-33	 137	 iter
66	 3.463130e-33	 139	 iter
67	 3.463130e-33	 141	 iter
68	 3.463130e-33	 142	 iter
69	 3.463130e-33	 144	 iter
70	 3.463130e-33	 146	 iter
71	 3.463130e-33	 148	 iter
72	 3.463130e-33	 150	 iter
73	 3.463130e-33	 151	 iter
74	 3.463130e-33	 153	 iter
75	 3.463130e-33	 154	 iter
76	 3.463130e-33	 155	 iter
77	 3.463130e-33	 157	 iter
78	 3.463130e-33	 158	 iter
79	 3.463130e-33	 159	 iter
80	 3.463130e-33	 160	 iter
81	 3.463130e-33	 162	 iter
82	 3.463130e-33	 164	 iter
83	 3.463130e-33	 166	 iter
84	 3.463130e-33	 168	 iter
85	 3.463130e-33	 170	 iter
86	 3.463130e-33	 172	 iter
87	 3.463130e-33	 173	 iter
88	 3.463130e-33	 174	 iter
89	 3.463130e-33	 175	 iter
90	 3.463130e-33	 177	 iter
91	 3.463130e-33	 179	 iter
92	 3.463130e-33	 181	 iter
93	 3.463130e-33	 182	 iter
94	 3.463130e-33	 183	 iter
95	 3.463130e-33	 184	 iter
96	 3.463130e-33	 186	 iter
97	 3.463130e-33	 187	 iter
98	 3.463130e-33	 189	 iter
99	 3.463130e-33	 191	 iter
100	 3.463130e-33	 192	 iter
101	 3.463130e-33	 194	 iter
102	 3.463130e-33	 195	 iter
103	 3.463130e-33	 196	 iter
104	 3.463130e-33	 197	 iter
105	 3.463130e-33	 199	 iter
106	 3.463130e-33	 201	 iter
107	 3.463130e-33	 202	 iter
108	 3.463130e-33	 204	 iter
109	 3.463130e-33	 206	 iter
110	 3.463130e-33	 208	 iter
111	 3.463130e-33	 210	 iter
112	 3.463130e-33	 212	 iter
113	 3.463130e-33	 213	 iter
114	 3.463130e-33	 215	 iter
115	 3.463130e-33	 217	 iter
116	 3.463130e-33	 218	 iter
117	 3.463130e-33	 220	 iter
118	 3.463130e-33	 222	 iter
119	 3.463130e-33	 223	 iter
120	 3.463130e-33	 225	 iter
121	 3.463130e-33	 226	 iter
122	 3.463130e-33	 228	 iter
123	 3.463130e-33	 230	 iter
124	 3.463130e-33	 231	 iter
125	 3.463130e-33	 232	 iter
126	 3.463130e-33	 233	 iter
127	 3.463130e-33	 235	 iter
128	 3.463130e-33	 236	 iter
129	 3.463130e-33	 237	 iter
130	 3.463130e-33	 238	 iter
131	 3.463130e-33	 240	 iter
132	 3.463130e-33	 242	 iter
133	 3.463130e-33	 244	 iter
134	 3.463130e-33	 245	 iter
135	 3.463130e-33	 246	 iter
136	 3.463130e-33	 247	 iter
137	 3.463130e-33	 248	 iter
138	 3.463130e-33	 249	 iter
139	 3.463130e-33	 251	 iter
140	 3.463130e-33	 252	 iter
141	 3.463130e-33	 254	 iter
142	 3.463130e-33	 255	 iter
143	 3.463130e-33	 257	 iter
144	 3.463130e-33	 259	 iter
145	 3.463130e-33	 260	 iter
146	 3.463130e-33	 262	 iter
147	 3.463130e-33	 264	 iter
148	 3.463130e-33	 266	 iter
149	 3.463130e-33	 268	 iter
150	 3.463130e-33	 269	 iter
151	 3.463130e-33	 270	 iter
151	 3.463130e-33	 270	 done
