0	 3.997363e-33	 1	 init
0	 3.997363e-33	 1	 iter
1	 3.997363e-33	 17	 iter
2	 3.997363e-33	 19	 iter
3	 3.997363e-33	 21	 iter
4	 3.997363e-33	 23	 iter
5	 3.997363e-33	 25	 iter
6	 3.997363e-33	 27	 iter
7	 3.997363e-33	 29	 iter
8	 3.997363e-33	 31	 iter
9	 3.997363e-33	 32	 iter
10	 3.997363e-33	 33	 iter
11	 3.997363e-33	 35	 iter
12	 3.997363e-33	 37	 iter
13	 3.997363e-33	 39	 iter
14	 3.997363e-33	 40	 iter
15	 3.997363e-33	 42	 iter
16	 3.997363e-33	 44	 iter
17	 3.997363e-33	 46	 iter
18	 3.997363e-33	 48	 iter
19	 3.997363e-33	 50	 iter
20	 3.997363e-33	 52	 iter
21	 3.997363e-33	 54	 iter
22	 3.997363e-33	 56	 iter
23	 3.997363e-33	 58	 iter
24	 3.997363e-33	 60	 iter
25	 3.997363e-33	 62	 iter
26	 3.997363e-33	 64	 iter
27	 3.997363e-33	 66	 iter
28	 3.997363e-33	 68	 iter
29	 3.997363e-33	 69	 iter
30	 3.997363e-33	 71	 iter
31	 3.997363e-33	 73	 iter
32	 3.997363e-33	 75	 iter
33	 3.997363e-33	 77	 iter
34	 3.997363e-33	 79	 iter
35	 3.997363e-33	 81	 iter
36	 3.997363e-33	 83	 iter
37	 3.997363e-33	 85	 iter
38	 3.997363e-33	 87	 iter
39	 3.997363e-33	 89	 iter
40	 3.997363e-33	 91	 iter
41	 3.997363e-33	 93	 iter
42	 3.997363e-33	 95	 iter
43	 3.997363e-33	 97	 iter
44	 3.997363e-33	 99	 iter
45	 3.997363e-33	 101	 iter
46	 3.997363e-33	 103	 iter
47	 3.997363e-33	 104	 iter
48	 3.997363e-33	 106	 iter
49	 3.997363e-33	 107	 iter
50	 3.997363e-33	 109	 iter
51	 3.997363e-33	 111	 iter
52	 3.997363e-33	 113	 iter
53	 3.997363e-33	 114	 iter
54	 3.997363e-33	 116	 iter
55	 3.997363e-33	 118	 iter
56	 3.997363e-33	 120	 iter
57	 3.997363e-33	 122	 iter
58	 3.997363e-33	 124	 iter
59	 3.997363e-33	 126	 iter
60	 3.997363e-33	 127	 iter
61	 3.997363e-33	 129	 iter
62	 3.997363e-33	 130	 iter
63	 3.997363e-33	 132	 iter
64	 3.997363e-33	 134	 iter
65	 3.997363e-33	 136	 iter
66	 3.997363e-33	 138	 iter
67	 3.997363e-33	 140	 iter
68	 3.997363e-33	 142	 iter
69	 3.997363e-33	 144	 iter
70	 3.997363e-33	 145	 iter
71	 3.997363e-33	 146	 iter
72	 3.997363e-33	 148	 iter
73	 3.997363e-33	 150	 iter
74	 3.997363e-33	 152	 iter
75	 3.997363e-33	 154	 iter
76	 3.997363e-33	 156	 iter
77	 3.997363e-33	 158	 iter
78	 3.997363e-33	 159	 iter
79	 3.997363e-33	 160	 iter
80	 3.997363e-33	 162	 iter
81	 3.997363e-33	 164	 iter
82	 3.997363e-33	 166	 iter
83	 3.997363e-33	 168	 iter
84	 3.997363e-33	 170	 iter
85	 3.997363e-33	 171	 iter
86	 3.997363e-33	 172	 iter
87	 3.997363e-33	 173	 iter
88	 3.997363e-33	 175	 iter
89	 3.997363e-33	 177	 iter
90	 3.997363e-33	 179	 iter
91	 3.997363e-33	 181	 iter
92	 3.997363e-33	 183	 iter
93	 3.997363e-33	 184	 iter
94	 3.997363e-33	 185	 iter
95	 3.997363e-33	 186	 iter
96	 3.997363e-33	 188	 iter
97	 3.997363e-33	 189	 iter
98	 3.997363e-33	 191	 iter
99	 3.997363e-33	 193	 iter
100	 3.997363e-33	 195	 iter
101	 3.997363e-33	 196	 iter
102	 3.997363e-33	 198	 iter
103	 3.997363e-33	 199	 iter
104	 3.997363e-33	 201	 iter
105	 3.997363e-33	 203	 iter
106	 3.997363e-33	 205	 iter
107	 3.997363e-33	 207	 iter
108	 3.997363e-33	 209	 iter
109	 3.997363e-33	 211	 iter
110	 3.997363e-33	 213	 iter
111	 3.997363e-33	 215	 iter
112	 3.997363e-33	 217	 iter
113	 3.997363e-33	 219	 iter
114	 3.997363e-33	 220	 iter
115	 3.997363e-33	 221	 iter
116	 3.997363e-33	 223	 iter
117	 3.997363e-33	 224	 iter
118	 3.997363e-33	 225	 iter
119	 3.997363e-33	 227	 iter
120	 3.997363e-33	 229	 iter
121	 3.997363e-33	 231	 iter
122	 3.997363e-33	 233	 iter
123	 3.997363e-33	 234	 iter
124	 3.997363e-33	 235	 iter
125	 3.997363e-33	 236	 iter
126	 3.997363e-33	 237	 iter
127	 3.997363e-33	 238	 iter
128	 3.997363e-33	 240	 iter
129	 3.997363e-33	 242	 iter
130	 3.997363e-33	 244	 iter
131	 3.997363e-33	 245	 iter
131	 3.997363e-33	 245	 done
