0	 1.218759e-04	 1	 init
0	 1.218759e-04	 1	 iter
1	 1.183908e-04	 17	 iter
2	 1.183908e-04	 18	 iter
3	 1.183908e-04	 20	 iter
4	 1.064735e-04	 22	 iter
5	 1.010066e-04	 24	 iter
6	 1.010066e-04	 25	 iter
7	 9.451187e-05	 27	 iter
8	 9.451187e-05	 28	 iter
9	 9.451187e-05	 30	 iter
10	 9.451187e-05	 31	 iter
11	 9.438194e-05	 33	 iter
12	 9.371696e-05	 35	 iter
13	 9.371696e-05	 36	 iter
14	 9.371696e-05	 37	 iter
15	 9.371696e-05	 38	 iter
16	 9.371696e-05	 39	 iter
17	 9.371696e-05	 40	 iter
18	 9.371696e-05	 42	 iter
19	 9.371696e-05	 44	 iter
20	 9.371696e-05	 46	 iter
21	 9.371696e-05	 48	 iter
22	 9.371696e-05	 50	 iter
23	 9.371696e-05	 52	 iter
24	 9.371696e-05	 54	 iter
25	 9.371696e-05	 56	 iter
26	 8.720797e-05	 58	 iter
27	 8.720797e-05	 60	 iter
28	 8.720797e-05	 61	 iter
29	 8.720797e-05	 63	 iter
30	 8.720797e-05	 64	 iter
31	 8.720797e-05	 65	 iter
32	 8.720797e-05	 66	 iter
33	 8.720797e-05	 68	 iter
34	 8.720797e-05	 69	 iter
35	 8.720797e-05	 70	 iter
36	 8.720797e-05	 72	 iter
37	 8.720797e-05	 73	 iter
38	 8.720797e-05	 74	 iter
39	 8.720797e-05	 75	 iter
40	 8.720797e-05	 77	 iter
41	 8.720797e-05	 78	 iter
42	 8.720797e-05	 79	 iter
43	 8.720797e-05	 80	 iter
44	 8.720797e-05	 81	 iter
45	 8.720797e-05	 82	 iter
46	 8.720797e-05	 83	 iter
47	 8.720797e-05	 84	 iter
48	 8.720797e-05	 85	 iter
49	 8.586083e-05	 87	 iter
50	 8.586083e-05	 88	 iter
51	 8.564185e-05	 90	 iter
52	 8.564185e-05	 91	 iter
53	 8.564185e-05	 92	 iter
54	 8.564185e-05	 94	 iter
55	 8.564185e-05	 95	 iter
56	 8.564185e-05	 97	 iter
57	 8.564185e-05	 98	 iter
58	 8.384808e-05	 100	 iter
59	 8.384808e-05	 101	 iter
60	 8.381560e-05	 103	 iter
61	 8.381560e-05	 104	 iter
62	 8.381560e-05	 105	 iter
63	 8.381560e-05	 106	 iter
64	 8.381560e-05	 107	 iter
65	 8.371531e-05	 109	 iter
66	 8.371531e-05	 110	 iter
67	 8.371531e-05	 112	 iter
68	 8.371531e-05	 114	 iter
69	 8.371531e-05	 115	 iter
70	 8.371531e-05	 116	 iter
71	 8.074464e-05	 118	 iter
72	 8.074464e-05	 119	 iter
73	 8.074464e-05	 121	 iter
74	 8.074464e-05	 122	 iter
75	 8.074464e-05	 124	 iter
76	 8.074464e-05	 125	 iter
77	 8.074464e-05	 126	 iter
78	 8.074464e-05	 127	 iter
79	 8.074464e-05	 128	 iter
80	 8.074464e-05	 129	 iter
81	 8.074464e-05	 130	 iter
82	 8.074464e-05	 131	 iter
83	 8.074464e-05	 132	 iter
84	 8.074464e-05	 134	 iter
85	 8.074464e-05	 135	 iter
86	 7.936594e-05	 137	 iter
87	 7.936594e-05	 138	 iter
88	 7.936594e-05	 139	 iter
89	 7.936594e-05	 140	 iter
90	 7.936594e-05	 141	 iter
91	 7.629111e-05	 143	 iter
92	 7.629111e-05	 144	 iter
93	 7.629111e-05	 145	 iter
94	 7.629111e-05	 146	 iter
95	 7.629111e-05	 147	 iter
96	 7.629111e-05	 148	 iter
97	 7.629111e-05	 149	 iter
98	 7.629111e-05	 150	 iter
99	 7.629111e-05	 151	 iter
100	 7.629111e-05	 152	 iter
101	 7.303345e-05	 154	 iter
102	 7.303345e-05	 155	 iter
103	 7.303345e-05	 156	 iter
104	 7.303345e-05	 157	 iter
105	 7.303345e-05	 158	 iter
106	 7.303345e-05	 159	 iter
107	 7.303345e-05	 160	 iter
108	 7.088249e-05	 162	 iter
109	 7.088249e-05	 163	 iter
110	 7.088249e-05	 164	 iter
111	 7.088249e-05	 165	 iter
112	 7.088249e-05	 166	 iter
113	 7.088249e-05	 167	 iter
114	 6.872574e-05	 169	 iter
115	 6.872574e-05	 170	 iter
116	 6.872574e-05	 171	 iter
117	 6.872574e-05	 172	 iter
118	 6.872574e-05	 173	 iter
119	 6.738773e-05	 175	 iter
120	 6.738773e-05	 176	 iter
121	 6.738773e-05	 177	 iter
122	 6.738773e-05	 178	 iter
123	 6.738773e-05	 179	 iter
124	 6.542084e-05	 181	 iter
125	 6.542084e-05	 182	 iter
126	 6.542084e-05	 183	 iter
127	 6.542084e-05	 184	 iter
128	 6.542084e-05	 185	 iter
129	 6.542084e-05	 186	 iter
130	 6.520281e-05	 188	 iter
131	 6.520281e-05	 189	 iter
132	 6.520281e-05	 190	 iter
133	 6.441924e-05	 192	 iter
134	 6.344673e-05	 194	 iter
135	 6.344673e-05	 195	 iter
136	 6.344673e-05	 196	 iter
137	 6.344673e-05	 197	 iter
138	 6.342952e-05	 199	 iter
139	 6.318229e-05	 201	 iter
140	 6.317717e-05	 203	 iter
141	 6.317717e-05	 204	 iter
142	 6.317717e-05	 205	 iter
143	 6.317717e-05	 206	 iter
144	 6.317717e-05	 207	 iter
145	 6.317717e-05	 208	 iter
146	 6.317717e-05	 209	 iter
147	 6.317717e-05	 211	 iter
148	 6.249530e-05	 213	 iter
149	 6.249530e-05	 215	 iter
150	 6.249530e-05	 217	 iter
151	 6.132740e-05	 219	 iter
152	 6.132740e-05	 220	 iter
153	 6.132569e-05	 222	 iter
154	 6.132569e-05	 223	 iter
155	 5.963509e-05	 225	 iter
156	 5.963509e-05	 226	 iter
157	 5.963509e-05	 227	 iter
158	 5.963509e-05	 229	 iter
159	 5.963509e-05	 230	 iter
160	 5.963509e-05	 231	 iter
161	 5.963509e-05	 232	 iter
162	 5.963509e-05	 233	 iter
163	 5.963509e-05	 234	 iter
164	 5.963509e-05	 235	 iter
165	 5.963509e-05	 236	 iter
166	 5.963509e-05	 237	 iter
167	 5.963509e-05	 238	 iter
168	 5.963509e-05	 239	 iter
169	 5.963509e-05	 240	 iter
170	 5.963509e-05	 241	 iter
171	 5.963509e-05	 243	 iter
172	 5.959794e-05	 245	 iter
173	 5.959794e-05	 246	 iter
174	 5.959794e-05	 247	 iter
175	 5.959794e-05	 249	 iter
176	 5.959794e-05	 250	 iter
177	 5.959794e-05	 251	 iter
178	 5.959794e-05	 252	 iter
179	 5.959794e-05	 254	 iter
180	 5.959794e-05	 255	 iter
181	 5.959794e-05	 256	 iter
182	 5.864259e-05	 258	 iter
183	 5.864259e-05	 260	 iter
184	 5.864259e-05	 262	 iter
185	 5.864259e-05	 264	 iter
186	 5.864259e-05	 265	 iter
187	 5.864259e-05	 267	 iter
188	 5.842531e-05	 269	 iter
189	 5.842531e-05	 270	 iter
190	 5.842531e-05	 272	 iter
191	 5.842531e-05	 274	 iter
192	 5.842531e-05	 275	 iter
193	 5.842531e-05	 277	 iter
194	 5.842531e-05	 279	 iter
195	 5.842531e-05	 280	 iter
196	 5.836101e-05	 282	 iter
197	 5.836101e-05	 283	 iter
198	 5.836101e-05	 284	 iter
199	 5.836101e-05	 285	 iter
200	 5.836101e-05	 286	 iter
201	 5.792436e-05	 288	 iter
202	 5.785326e-05	 290	 iter
203	 5.783613e-05	 292	 iter
204	 5.783613e-05	 293	 iter
205	 5.783613e-05	 294	 iter
206	 5.780956e-05	 296	 iter
207	 5.780956e-05	 297	 iter
208	 5.780956e-05	 298	 iter
209	 5.731977e-05	 300	 iter
210	 5.731977e-05	 301	 iter
211	 5.731977e-05	 302	 iter
212	 5.731977e-05	 303	 iter
213	 5.731977e-05	 304	 iter
214	 5.647513e-05	 306	 iter
215	 5.647513e-05	 307	 iter
216	 5.647513e-05	 308	 iter
217	 5.647513e-05	 309	 iter
218	 5.647513e-05	 310	 iter
219	 5.647513e-05	 312	 iter
220	 5.647513e-05	 313	 iter
221	 5.647513e-05	 314	 iter
222	 5.647513e-05	 315	 iter
223	 5.647513e-05	 316	 iter
224	 5.647513e-05	 317	 iter
225	 5.647513e-05	 318	 iter
226	 5.647513e-05	 319	 iter
227	 5.628742e-05	 321	 iter
228	 5.588598e-05	 323	 iter
229	 5.588598e-05	 324	 iter
230	 5.517796e-05	 326	 iter
231	 5.517796e-05	 327	 iter
232	 5.517796e-05	 329	 iter
233	 5.517796e-05	 330	 iter
234	 5.517796e-05	 332	 iter
235	 5.517796e-05	 333	 iter
236	 5.517796e-05	 334	 iter
237	 5.485216e-05	 336	 iter
238	 5.485216e-05	 337	 iter
239	 5.485216e-05	 339	 iter
240	 5.485216e-05	 340	 iter
241	 5.485216e-05	 341	 iter
242	 5.485216e-05	 342	 iter
243	 5.485216e-05	 343	 iter
244	 5.485216e-05	 344	 iter
245	 5.485216e-05	 345	 iter
246	 5.485216e-05	 346	 iter
247	 5.485216e-05	 348	 iter
248	 5.485216e-05	 349	 iter
249	 5.464452e-05	 351	 iter
250	 5.464452e-05	 352	 iter
251	 5.464452e-05	 353	 iter
252	 5.464452e-05	 354	 iter
253	 5.464452e-05	 355	 iter
254	 5.464452e-05	 356	 iter
255	 5.464452e-05	 357	 iter
256	 5.435089e-05	 359	 iter
257	 5.435089e-05	 360	 iter
258	 5.435089e-05	 361	 iter
259	 5.435089e-05	 362	 iter
260	 5.435089e-05	 363	 iter
261	 5.435089e-05	 364	 iter
262	 5.435089e-05	 366	 iter
263	 5.435089e-05	 367	 iter
264	 5.420769e-05	 369	 iter
265	 5.420769e-05	 370	 iter
266	 5.420769e-05	 371	 iter
267	 5.364223e-05	 373	 iter
268	 5.364223e-05	 374	 iter
269	 5.364223e-05	 375	 iter
270	 5.364223e-05	 376	 iter
271	 5.364223e-05	 377	 iter
272	 5.364223e-05	 379	 iter
273	 5.364223e-05	 380	 iter
274	 5.364223e-05	 381	 iter
275	 5.364223e-05	 382	 iter
276	 5.358317e-05	 384	 iter
277	 5.358317e-05	 385	 iter
278	 5.358317e-05	 386	 iter
279	 5.358317e-05	 387	 iter
280	 5.354184e-05	 389	 iter
281	 5.307615e-05	 391	 iter
282	 5.307615e-05	 392	 iter
283	 5.307615e-05	 393	 iter
284	 5.307615e-05	 394	 iter
285	 5.307615e-05	 395	 iter
286	 5.285785e-05	 397	 iter
287	 5.285785e-05	 398	 iter
288	 5.172312e-05	 400	 iter
289	 5.172312e-05	 401	 iter
290	 5.172312e-05	 402	 iter
291	 5.172312e-05	 403	 iter
292	 5.172312e-05	 404	 iter
293	 5.172312e-05	 405	 iter
294	 5.172312e-05	 406	 iter
295	 5.131195e-05	 408	 iter
296	 5.131195e-05	 409	 iter
297	 5.131195e-05	 410	 iter
298	 5.131195e-05	 411	 iter
299	 5.056602e-05	 413	 iter
300	 5.056602e-05	 414	 iter
301	 5.031397e-05	 416	 iter
302	 5.031397e-05	 417	 iter
303	 5.031397e-05	 418	 iter
304	 4.914233e-05	 420	 iter
305	 4.914233e-05	 421	 iter
306	 4.914233e-05	 422	 iter
307	 4.914233e-05	 423	 iter
308	 4.914233e-05	 424	 iter
309	 4.712096e-05	 426	 iter
310	 4.712096e-05	 427	 iter
311	 4.712096e-05	 428	 iter
312	 4.712096e-05	 429	 iter
313	 4.712096e-05	 430	 iter
314	 4.712096e-05	 431	 iter
315	 4.505125e-05	 433	 iter
316	 4.505125e-05	 434	 iter
317	 4.505125e-05	 435	 iter
318	 4.505125e-05	 436	 iter
319	 4.505125e-05	 437	 iter
320	 4.505125e-05	 438	 iter
321	 4.505125e-05	 439	 iter
322	 4.505125e-05	 440	 iter
323	 4.505125e-05	 441	 iter
324	 4.505125e-05	 442	 iter
325	 4.505125e-05	 443	 iter
326	 4.505125e-05	 444	 iter
327	 4.505125e-05	 445	 iter
328	 4.453012e-05	 447	 iter
329	 4.281912e-05	 449	 iter
330	 4.281912e-05	 450	 iter
331	 4.281912e-05	 451	 iter
332	 4.281912e-05	 452	 iter
333	 4.078671e-05	 454	 iter
334	 4.078671e-05	 455	 iter
335	 4.078671e-05	 456	 iter
336	 4.078671e-05	 457	 iter
337	 4.078671e-05	 458	 iter
338	 4.078671e-05	 459	 iter
339	 3.861120e-05	 461	 iter
340	 3.861120e-05	 462	 iter
341	 3.861120e-05	 463	 iter
342	 3.861120e-05	 464	 iter
343	 3.861120e-05	 465	 iter
344	 3.567297e-05	 467	 iter
345	 3.567297e-05	 468	 iter
346	 3.567297e-05	 469	 iter
347	 3.567297e-05	 470	 iter
348	 3.567297e-05	 471	 iter
349	 3.567297e-05	 472	 iter
350	 3.567297e-05	 473	 iter
351	 3.513813e-05	 475	 iter
352	 3.513813e-05	 476	 iter
353	 3.504689e-05	 478	 iter
354	 3.504689e-05	 479	 iter
355	 3.266009e-05	 481	 iter
356	 3.266009e-05	 482	 iter
357	 3.266009e-05	 483	 iter
358	 3.266009e-05	 484	 iter
359	 3.266009e-05	 485	 iter
360	 3.266009e-05	 486	 iter
361	 3.234474e-05	 488	 iter
362	 3.234474e-05	 489	 iter
363	 3.206677e-05	 491	 iter
364	 3.206677e-05	 492	 iter
365	 3.206677e-05	 493	 iter
366	 3.206677e-05	 494	 iter
367	 3.188228e-05	 496	 iter
368	 3.180882e-05	 498	 iter
369	 3.180882e-05	 499	 iter
370	 3.180882e-05	 500	 iter
371	 3.167037e-05	 502	 iter
372	 3.167037e-05	 503	 iter
373	 3.167037e-05	 504	 iter
374	 3.167037e-05	 505	 iter
375	 3.167037e-05	 506	 iter
376	 3.167037e-05	 507	 iter
377	 3.167037e-05	 508	 iter
378	 3.162259e-05	 510	 iter
379	 3.162259e-05	 511	 iter
380	 3.162259e-05	 512	 iter
381	 3.146043e-05	 514	 iter
382	 3.139065e-05	 516	 iter
383	 3.133136e-05	 518	 iter
384	 3.131358e-05	 520	 iter
385	 3.131358e-05	 521	 iter
386	 3.131358e-05	 522	 iter
387	 3.122049e-05	 524	 iter
388	 3.122049e-05	 525	 iter
389	 3.119004e-05	 527	 iter
390	 3.119004e-05	 528	 iter
391	 3.114385e-05	 530	 iter
392	 3.113857e-05	 532	 iter
393	 3.108466e-05	 534	 iter
394	 3.108466e-05	 536	 iter
395	 3.108466e-05	 538	 iter
396	 3.108466e-05	 540	 iter
397	 3.108466e-05	 542	 iter
398	 3.108466e-05	 544	 iter
399	 3.108466e-05	 546	 iter
400	 3.108466e-05	 547	 iter
401	 3.104347e-05	 549	 iter
402	 3.104347e-05	 550	 iter
403	 3.100160e-05	 552	 iter
404	 3.096921e-05	 554	 iter
405	 3.096921e-05	 556	 iter
406	 3.096743e-05	 558	 iter
407	 3.096743e-05	 559	 iter
408	 3.095779e-05	 561	 iter
409	 3.093028e-05	 563	 iter
410	 3.093028e-05	 564	 iter
411	 3.093028e-05	 566	 iter
412	 3.093028e-05	 568	 iter
413	 3.093028e-05	 569	 iter
414	 3.093028e-05	 570	 iter
415	 3.093028e-05	 571	 iter
416	 3.091527e-05	 573	 iter
417	 3.091262e-05	 575	 iter
418	 3.091262e-05	 577	 iter
419	 3.088965e-05	 579	 iter
420	 3.088965e-05	 580	 iter
421	 3.088965e-05	 582	 iter
422	 3.088965e-05	 584	 iter
423	 3.088965e-05	 586	 iter
424	 3.088965e-05	 588	 iter
425	 3.088965e-05	 590	 iter
426	 3.088965e-05	 591	 iter
427	 3.087934e-05	 593	 iter
428	 3.087521e-05	 595	 iter
429	 3.086937e-05	 597	 iter
430	 3.086937e-05	 598	 iter
431	 3.086937e-05	 600	 iter
432	 3.086937e-05	 602	 iter
433	 3.086822e-05	 604	 iter
434	 3.086822e-05	 605	 iter
435	 3.086399e-05	 607	 iter
436	 3.086399e-05	 608	 iter
437	 3.086399e-05	 609	 iter
438	 3.086399e-05	 610	 iter
439	 3.086399e-05	 611	 iter
440	 3.086399e-05	 612	 iter
441	 3.085549e-05	 614	 iter
442	 3.085247e-05	 616	 iter
443	 3.085247e-05	 617	 iter
444	 3.084634e-05	 619	 iter
445	 3.084634e-05	 620	 iter
446	 3.084634e-05	 621	 iter
447	 3.083741e-05	 623	 iter
448	 3.083741e-05	 625	 iter
449	 3.083741e-05	 627	 iter
450	 3.083659e-05	 629	 iter
451	 3.083659e-05	 631	 iter
452	 3.083589e-05	 633	 iter
453	 3.083589e-05	 635	 iter
454	 3.081074e-05	 637	 iter
455	 3.081074e-05	 638	 iter
456	 3.081074e-05	 639	 iter
457	 3.081074e-05	 640	 iter
458	 3.081074e-05	 641	 iter
459	 3.081074e-05	 643	 iter
460	 3.081074e-05	 645	 iter
461	 3.081074e-05	 647	 iter
462	 3.081074e-05	 649	 iter
463	 3.081074e-05	 651	 iter
464	 3.080112e-05	 653	 iter
465	 3.080112e-05	 654	 iter
466	 3.080112e-05	 655	 iter
467	 3.080112e-05	 656	 iter
468	 3.079685e-05	 658	 iter
469	 3.079685e-05	 659	 iter
470	 3.079685e-05	 660	 iter
471	 3.079685e-05	 661	 iter
472	 3.079685e-05	 663	 iter
473	 3.078240e-05	 665	 iter
474	 3.078240e-05	 666	 iter
475	 3.078240e-05	 667	 iter
476	 3.078240e-05	 668	 iter
477	 3.077071e-05	 670	 iter
478	 3.074679e-05	 672	 iter
479	 3.074679e-05	 673	 iter
480	 3.074679e-05	 674	 iter
481	 3.074679e-05	 675	 iter
482	 3.074679e-05	 676	 iter
483	 3.074679e-05	 677	 iter
484	 3.074679e-05	 678	 iter
485	 3.074679e-05	 679	 iter
486	 3.074679e-05	 680	 iter
487	 3.072213e-05	 682	 iter
488	 3.072213e-05	 683	 iter
489	 3.072213e-05	 684	 iter
490	 3.072160e-05	 686	 iter
491	 3.072160e-05	 687	 iter
492	 3.072160e-05	 688	 iter
493	 3.067350e-05	 690	 iter
494	 3.067350e-05	 691	 iter
495	 3.067350e-05	 692	 iter
496	 3.067350e-05	 693	 iter
497	 3.067350e-05	 694	 iter
498	 3.067350e-05	 695	 iter
499	 3.063714e-05	 697	 iter
500	 3.063714e-05	 699	 iter
501	 3.063714e-05	 700	 iter
502	 3.063714e-05	 701	 iter
503	 3.063714e-05	 702	 iter
504	 3.063714e-05	 703	 iter
505	 3.063714e-05	 704	 iter
506	 3.063714e-05	 705	 iter
507	 3.063714e-05	 706	 iter
508	 3.063714e-05	 707	 iter
509	 3.061988e-05	 709	 iter
510	 3.061988e-05	 710	 iter
511	 3.054078e-05	 712	 iter
512	 3.054078e-05	 713	 iter
513	 3.054078e-05	 714	 iter
514	 3.054078e-05	 715	 iter
515	 3.054078e-05	 716	 iter
516	 3.054078e-05	 717	 iter
517	 3.054078e-05	 718	 iter
518	 3.054078e-05	 719	 iter
519	 3.054078e-05	 720	 iter
520	 3.052897e-05	 722	 iter
521	 3.052897e-05	 723	 iter
522	 3.051006e-05	 725	 iter
523	 3.048700e-05	 727	 iter
524	 3.043647e-05	 729	 iter
525	 3.043647e-05	 730	 iter
526	 3.043647e-05	 731	 iter
527	 3.037531e-05	 733	 iter
528	 3.037531e-05	 734	 iter
529	 3.037531e-05	 735	 iter
530	 3.037531e-05	 736	 iter
531	 3.037531e-05	 737	 iter
532	 3.035740e-05	 739	 iter
533	 3.035740e-05	 740	 iter
534	 3.035740e-05	 741	 iter
535	 3.029616e-05	 743	 iter
536	 3.029616e-05	 744	 iter
537	 3.029616e-05	 745	 iter
538	 3.029616e-05	 746	 iter
539	 3.022023e-05	 748	 iter
540	 3.022023e-05	 749	 iter
541	 3.022023e-05	 750	 iter
542	 3.022023e-05	 751	 iter
543	 3.020788e-05	 753	 iter
544	 3.020788e-05	 754	 iter
545	 3.020788e-05	 755	 iter
546	 3.014135e-05	 757	 iter
547	 3.014135e-05	 758	 iter
548	 3.011337e-05	 760	 iter
549	 3.011337e-05	 761	 iter
550	 3.011337e-05	 762	 iter
551	 3.011337e-05	 763	 iter
552	 3.011337e-05	 764	 iter
553	 3.011337e-05	 765	 iter
554	 3.011337e-05	 766	 iter
555	 3.009689e-05	 768	 iter
556	 3.007114e-05	 770	 iter
557	 3.002930e-05	 772	 iter
558	 3.002930e-05	 774	 iter
559	 3.002930e-05	 775	 iter
560	 3.002930e-05	 776	 iter
561	 3.002867e-05	 778	 iter
562	 3.002860e-05	 780	 iter
563	 3.002860e-05	 781	 iter
564	 3.002860e-05	 783	 iter
565	 3.002860e-05	 784	 iter
566	 3.002860e-05	 785	 iter
567	 2.999169e-05	 787	 iter
568	 2.999169e-05	 788	 iter
569	 2.990983e-05	 790	 iter
570	 2.990983e-05	 791	 iter
571	 2.990983e-05	 793	 iter
572	 2.990983e-05	 794	 iter
573	 2.990983e-05	 795	 iter
574	 2.990983e-05	 796	 iter
575	 2.990983e-05	 797	 iter
576	 2.990983e-05	 798	 iter
577	 2.990983e-05	 799	 iter
578	 2.990983e-05	 800	 iter
579	 2.990983e-05	 801	 iter
580	 2.990350e-05	 803	 iter
581	 2.990350e-05	 804	 iter
582	 2.990350e-05	 805	 iter
583	 2.990350e-05	 806	 iter
584	 2.990148e-05	 808	 iter
585	 2.989874e-05	 810	 iter
586	 2.988579e-05	 812	 iter
587	 2.988579e-05	 813	 iter
588	 2.988579e-05	 814	 iter
589	 2.988579e-05	 815	 iter
590	 2.988579e-05	 816	 iter
591	 2.975949e-05	 818	 iter
592	 2.975949e-05	 819	 iter
593	 2.975949e-05	 820	 iter
594	 2.975949e-05	 821	 iter
595	 2.975949e-05	 822	 iter
596	 2.975949e-05	 823	 iter
597	 2.975949e-05	 824	 iter
598	 2.975949e-05	 825	 iter
599	 2.975331e-05	 827	 iter
600	 2.975331e-05	 828	 iter
601	 2.975331e-05	 829	 iter
602	 2.975331e-05	 830	 iter
603	 2.975331e-05	 831	 iter
604	 2.975331e-05	 832	 iter
605	 2.975331e-05	 833	 iter
606	 2.974615e-05	 835	 iter
607	 2.973192e-05	 837	 iter
608	 2.972129e-05	 839	 iter
609	 2.959845e-05	 841	 iter
610	 2.959845e-05	 842	 iter
611	 2.959845e-05	 843	 iter
612	 2.959845e-05	 844	 iter
613	 2.959845e-05	 845	 iter
614	 2.959845e-05	 846	 iter
615	 2.959845e-05	 847	 iter
616	 2.959845e-05	 848	 iter
617	 2.959845e-05	 849	 iter
618	 2.959845e-05	 850	 iter
619	 2.959845e-05	 851	 iter
620	 2.959845e-05	 852	 iter
621	 2.958552e-05	 854	 iter
622	 2.955223e-05	 856	 iter
623	 2.955223e-05	 857	 iter
624	 2.955223e-05	 858	 iter
625	 2.955223e-05	 859	 iter
626	 2.955223e-05	 860	 iter
627	 2.953019e-05	 862	 iter
628	 2.953019e-05	 863	 iter
629	 2.950364e-05	 865	 iter
630	 2.950364e-05	 866	 iter
631	 2.950364e-05	 867	 iter
632	 2.950364e-05	 868	 iter
633	 2.941009e-05	 870	 iter
634	 2.941009e-05	 871	 iter
635	 2.941009e-05	 872	 iter
636	 2.941009e-05	 873	 iter
637	 2.941009e-05	 875	 iter
638	 2.941009e-05	 876	 iter
639	 2.941009e-05	 877	 iter
640	 2.941009e-05	 878	 iter
641	 2.941009e-05	 879	 iter
642	 2.941009e-05	 880	 iter
643	 2.941009e-05	 881	 iter
644	 2.941009e-05	 882	 iter
645	 2.933228e-05	 884	 iter
646	 2.933228e-05	 885	 iter
647	 2.933228e-05	 886	 iter
648	 2.933228e-05	 887	 iter
649	 2.933228e-05	 888	 iter
650	 2.933228e-05	 890	 iter
651	 2.925299e-05	 892	 iter
652	 2.925299e-05	 893	 iter
653	 2.925299e-05	 894	 iter
654	 2.925299e-05	 895	 iter
655	 2.925299e-05	 896	 iter
656	 2.925299e-05	 897	 iter
657	 2.925299e-05	 898	 iter
658	 2.925299e-05	 899	 iter
659	 2.925299e-05	 900	 iter
660	 2.925299e-05	 901	 iter
661	 2.925299e-05	 902	 iter
662	 2.925299e-05	 903	 iter
663	 2.925299e-05	 904	 iter
664	 2.925299e-05	 905	 iter
665	 2.925299e-05	 906	 iter
666	 2.925299e-05	 907	 iter
667	 2.925299e-05	 908	 iter
668	 2.925299e-05	 909	 iter
669	 2.925299e-05	 910	 iter
670	 2.925299e-05	 911	 iter
671	 2.921920e-05	 913	 iter
672	 2.921920e-05	 914	 iter
673	 2.921270e-05	 916	 iter
674	 2.921270e-05	 917	 iter
675	 2.921270e-05	 918	 iter
676	 2.921270e-05	 920	 iter
677	 2.916593e-05	 922	 iter
678	 2.916593e-05	 923	 iter
679	 2.916593e-05	 924	 iter
680	 2.916593e-05	 926	 iter
681	 2.916593e-05	 928	 iter
682	 2.916593e-05	 929	 iter
683	 2.916593e-05	 931	 iter
684	 2.916593e-05	 932	 iter
685	 2.916593e-05	 934	 iter
686	 2.916593e-05	 936	 iter
687	 2.916593e-05	 937	 iter
688	 2.916593e-05	 938	 iter
689	 2.916593e-05	 939	 iter
690	 2.914399e-05	 941	 iter
691	 2.914399e-05	 942	 iter
692	 2.914399e-05	 943	 iter
693	 2.914399e-05	 944	 iter
694	 2.914399e-05	 945	 iter
695	 2.914399e-05	 946	 iter
696	 2.914399e-05	 947	 iter
697	 2.914399e-05	 949	 iter
698	 2.914399e-05	 951	 iter
699	 2.914399e-05	 952	 iter
700	 2.914049e-05	 954	 iter
701	 2.913405e-05	 956	 iter
702	 2.913405e-05	 957	 iter
703	 2.906855e-05	 959	 iter
704	 2.906855e-05	 960	 iter
705	 2.906855e-05	 961	 iter
706	 2.906855e-05	 962	 iter
707	 2.906855e-05	 964	 iter
708	 2.906855e-05	 966	 iter
709	 2.906855e-05	 967	 iter
710	 2.906855e-05	 968	 iter
711	 2.906855e-05	 969	 iter
712	 2.906855e-05	 970	 iter
713	 2.906855e-05	 971	 iter
714	 2.906855e-05	 973	 iter
715	 2.906855e-05	 974	 iter
716	 2.906855e-05	 975	 iter
717	 2.906855e-05	 976	 iter
718	 2.906855e-05	 977	 iter
719	 2.906855e-05	 978	 iter
720	 2.906855e-05	 979	 iter
721	 2.906855e-05	 980	 iter
722	 2.906855e-05	 981	 iter
723	 2.906855e-05	 982	 iter
724	 2.906855e-05	 983	 iter
725	 2.905682e-05	 985	 iter
726	 2.905682e-05	 986	 iter
727	 2.905682e-05	 987	 iter
728	 2.905682e-05	 988	 iter
729	 2.905682e-05	 989	 iter
730	 2.905682e-05	 990	 iter
731	 2.905682e-05	 991	 iter
732	 2.905682e-05	 992	 iter
733	 2.905682e-05	 994	 iter
734	 2.905682e-05	 995	 iter
735	 2.905682e-05	 997	 iter
736	 2.905682e-05	 998	 iter
737	 2.905682e-05	 999	 iter
738	 2.905682e-05	 1000	 iter
739	 2.904966e-05	 1002	 iter
740	 2.904966e-05	 1003	 iter
741	 2.904882e-05	 1005	 iter
742	 2.904882e-05	 1006	 iter
743	 2.904882e-05	 1007	 iter
744	 2.904882e-05	 1009	 iter
745	 2.904882e-05	 1011	 iter
746	 2.904882e-05	 1013	 iter
747	 2.904805e-05	 1015	 iter
748	 2.904805e-05	 1017	 iter
749	 2.904805e-05	 1019	 iter
750	 2.904805e-05	 1020	 iter
751	 2.904528e-05	 1022	 iter
752	 2.903333e-05	 1024	 iter
753	 2.903333e-05	 1026	 iter
754	 2.903333e-05	 1027	 iter
755	 2.903333e-05	 1028	 iter
756	 2.903333e-05	 1030	 iter
757	 2.903333e-05	 1031	 iter
758	 2.903333e-05	 1032	 iter
759	 2.903333e-05	 1033	 iter
760	 2.903219e-05	 1035	 iter
761	 2.903219e-05	 1036	 iter
762	 2.902770e-05	 1038	 iter
763	 2.902770e-05	 1039	 iter
764	 2.902650e-05	 1041	 iter
765	 2.902650e-05	 1043	 iter
766	 2.902650e-05	 1044	 iter
767	 2.902650e-05	 1045	 iter
768	 2.902650e-05	 1046	 iter
769	 2.902650e-05	 1047	 iter
770	 2.902650e-05	 1049	 iter
771	 2.902650e-05	 1051	 iter
772	 2.902354e-05	 1053	 iter
773	 2.902354e-05	 1054	 iter
774	 2.902354e-05	 1055	 iter
775	 2.902354e-05	 1056	 iter
776	 2.902354e-05	 1057	 iter
777	 2.901932e-05	 1059	 iter
778	 2.901932e-05	 1061	 iter
779	 2.901932e-05	 1062	 iter
780	 2.901932e-05	 1063	 iter
781	 2.901932e-05	 1065	 iter
782	 2.901843e-05	 1067	 iter
783	 2.901843e-05	 1068	 iter
784	 2.901843e-05	 1069	 iter
785	 2.901843e-05	 1070	 iter
786	 2.900562e-05	 1072	 iter
787	 2.900562e-05	 1074	 iter
788	 2.900562e-05	 1075	 iter
789	 2.900562e-05	 1076	 iter
790	 2.900562e-05	 1077	 iter
791	 2.900562e-05	 1078	 iter
792	 2.900562e-05	 1079	 iter
793	 2.900562e-05	 1080	 iter
794	 2.900562e-05	 1081	 iter
795	 2.900562e-05	 1082	 iter
796	 2.900562e-05	 1083	 iter
797	 2.900562e-05	 1084	 iter
798	 2.900562e-05	 1085	 iter
799	 2.900562e-05	 1086	 iter
800	 2.900562e-05	 1087	 iter
801	 2.900562e-05	 1088	 iter
802	 2.899919e-05	 1090	 iter
803	 2.899919e-05	 1091	 iter
804	 2.899919e-05	 1092	 iter
805	 2.899594e-05	 1094	 iter
806	 2.899594e-05	 1095	 iter
807	 2.898849e-05	 1097	 iter
808	 2.898849e-05	 1098	 iter
809	 2.898849e-05	 1099	 iter
810	 2.898849e-05	 1100	 iter
811	 2.898849e-05	 1102	 iter
812	 2.898849e-05	 1103	 iter
813	 2.898849e-05	 1104	 iter
814	 2.898849e-05	 1105	 iter
815	 2.898849e-05	 1106	 iter
816	 2.898849e-05	 1107	 iter
817	 2.898849e-05	 1108	 iter
818	 2.898020e-05	 1110	 iter
819	 2.898020e-05	 1111	 iter
820	 2.898020e-05	 1112	 iter
821	 2.897959e-05	 1114	 iter
822	 2.897711e-05	 1116	 iter
823	 2.897614e-05	 1118	 iter
824	 2.897614e-05	 1119	 iter
825	 2.897614e-05	 1120	 iter
826	 2.897614e-05	 1121	 iter
827	 2.896281e-05	 1123	 iter
828	 2.896281e-05	 1124	 iter
829	 2.896281e-05	 1125	 iter
830	 2.896281e-05	 1126	 iter
831	 2.896281e-05	 1127	 iter
832	 2.896281e-05	 1128	 iter
833	 2.896272e-05	 1130	 iter
834	 2.896170e-05	 1132	 iter
835	 2.896170e-05	 1133	 iter
836	 2.896170e-05	 1134	 iter
837	 2.896170e-05	 1135	 iter
838	 2.896170e-05	 1136	 iter
839	 2.896170e-05	 1137	 iter
840	 2.895534e-05	 1139	 iter
841	 2.895497e-05	 1141	 iter
842	 2.895497e-05	 1142	 iter
843	 2.895497e-05	 1143	 iter
844	 2.895497e-05	 1144	 iter
845	 2.895497e-05	 1145	 iter
846	 2.894557e-05	 1147	 iter
847	 2.894557e-05	 1148	 iter
848	 2.894527e-05	 1150	 iter
849	 2.894527e-05	 1151	 iter
850	 2.894527e-05	 1152	 iter
851	 2.894527e-05	 1153	 iter
852	 2.894527e-05	 1154	 iter
853	 2.894527e-05	 1156	 iter
854	 2.894527e-05	 1157	 iter
855	 2.894527e-05	 1158	 iter
856	 2.894527e-05	 1159	 iter
857	 2.894114e-05	 1161	 iter
858	 2.893868e-05	 1163	 iter
859	 2.893868e-05	 1164	 iter
860	 2.893868e-05	 1165	 iter
861	 2.893868e-05	 1166	 iter
862	 2.893868e-05	 1167	 iter
863	 2.893868e-05	 1168	 iter
864	 2.893868e-05	 1169	 iter
865	 2.893868e-05	 1170	 iter
866	 2.893514e-05	 1172	 iter
867	 2.893514e-05	 1173	 iter
868	 2.893514e-05	 1174	 iter
869	 2.893514e-05	 1175	 iter
870	 2.893514e-05	 1176	 iter
871	 2.892564e-05	 1178	 iter
872	 2.892564e-05	 1180	 iter
873	 2.892564e-05	 1182	 iter
874	 2.892564e-05	 1183	 iter
875	 2.892564e-05	 1185	 iter
876	 2.892564e-05	 1186	 iter
877	 2.892564e-05	 1187	 iter
878	 2.892564e-05	 1188	 iter
879	 2.892564e-05	 1189	 iter
880	 2.892564e-05	 1191	 iter
881	 2.892564e-05	 1192	 iter
882	 2.892564e-05	 1193	 iter
883	 2.892564e-05	 1195	 iter
884	 2.892564e-05	 1196	 iter
885	 2.892564e-05	 1197	 iter
886	 2.892564e-05	 1198	 iter
887	 2.892564e-05	 1200	 iter
888	 2.892564e-05	 1201	 iter
889	 2.892564e-05	 1202	 iter
890	 2.892564e-05	 1204	 iter
891	 2.892564e-05	 1205	 iter
892	 2.892564e-05	 1207	 iter
893	 2.892564e-05	 1208	 iter
894	 2.892564e-05	 1209	 iter
895	 2.892564e-05	 1210	 iter
896	 2.892564e-05	 1212	 iter
897	 2.892564e-05	 1213	 iter
898	 2.892564e-05	 1214	 iter
899	 2.892564e-05	 1216	 iter
900	 2.892564e-05	 1217	 iter
901	 2.892564e-05	 1218	 iter
902	 2.892564e-05	 1219	 iter
903	 2.892564e-05	 1221	 iter
904	 2.892564e-05	 1222	 iter
905	 2.892564e-05	 1224	 iter
906	 2.892564e-05	 1225	 iter
907	 2.892244e-05	 1227	 iter
908	 2.892244e-05	 1228	 iter
909	 2.892244e-05	 1229	 iter
910	 2.892244e-05	 1230	 iter
911	 2.892244e-05	 1231	 iter
912	 2.892244e-05	 1232	 iter
913	 2.892244e-05	 1233	 iter
914	 2.892244e-05	 1234	 iter
915	 2.892244e-05	 1235	 iter
916	 2.892244e-05	 1236	 iter
917	 2.892125e-05	 1238	 iter
918	 2.892098e-05	 1240	 iter
919	 2.892087e-05	 1242	 iter
920	 2.892087e-05	 1243	 iter
921	 2.891941e-05	 1245	 iter
922	 2.891941e-05	 1246	 iter
923	 2.891941e-05	 1247	 iter
924	 2.891941e-05	 1248	 iter
925	 2.891920e-05	 1250	 iter
926	 2.891920e-05	 1251	 iter
927	 2.891855e-05	 1253	 iter
928	 2.891855e-05	 1254	 iter
929	 2.891855e-05	 1255	 iter
930	 2.891855e-05	 1256	 iter
931	 2.891855e-05	 1257	 iter
932	 2.891855e-05	 1259	 iter
933	 2.891505e-05	 1261	 iter
934	 2.891505e-05	 1262	 iter
935	 2.891505e-05	 1263	 iter
936	 2.891505e-05	 1264	 iter
937	 2.891505e-05	 1265	 iter
938	 2.891505e-05	 1266	 iter
939	 2.891505e-05	 1268	 iter
940	 2.891389e-05	 1270	 iter
941	 2.891389e-05	 1271	 iter
942	 2.891389e-05	 1272	 iter
943	 2.891389e-05	 1273	 iter
944	 2.891389e-05	 1274	 iter
945	 2.891278e-05	 1276	 iter
946	 2.891278e-05	 1277	 iter
947	 2.891108e-05	 1279	 iter
948	 2.891108e-05	 1280	 iter
949	 2.891108e-05	 1281	 iter
950	 2.890685e-05	 1283	 iter
951	 2.890685e-05	 1284	 iter
952	 2.890685e-05	 1285	 iter
953	 2.890685e-05	 1286	 iter
954	 2.890471e-05	 1288	 iter
955	 2.890471e-05	 1289	 iter
956	 2.890471e-05	 1290	 iter
957	 2.890114e-05	 1292	 iter
958	 2.890114e-05	 1293	 iter
959	 2.890114e-05	 1294	 iter
960	 2.890114e-05	 1295	 iter
961	 2.890114e-05	 1296	 iter
962	 2.889719e-05	 1298	 iter
963	 2.889719e-05	 1299	 iter
964	 2.889321e-05	 1301	 iter
965	 2.889321e-05	 1302	 iter
966	 2.889321e-05	 1303	 iter
967	 2.889321e-05	 1304	 iter
968	 2.889124e-05	 1306	 iter
969	 2.889124e-05	 1307	 iter
970	 2.888812e-05	 1309	 iter
971	 2.888812e-05	 1310	 iter
972	 2.888812e-05	 1311	 iter
973	 2.888511e-05	 1313	 iter
974	 2.887881e-05	 1315	 iter
975	 2.886653e-05	 1317	 iter
976	 2.886653e-05	 1318	 iter
977	 2.886653e-05	 1319	 iter
978	 2.886653e-05	 1320	 iter
979	 2.886653e-05	 1321	 iter
980	 2.886653e-05	 1322	 iter
981	 2.886653e-05	 1323	 iter
982	 2.886653e-05	 1324	 iter
983	 2.886653e-05	 1325	 iter
984	 2.886653e-05	 1326	 iter
985	 2.886653e-05	 1327	 iter
986	 2.886384e-05	 1329	 iter
987	 2.885896e-05	 1331	 iter
988	 2.885896e-05	 1332	 iter
989	 2.885414e-05	 1334	 iter
990	 2.884488e-05	 1336	 iter
991	 2.884488e-05	 1337	 iter
992	 2.884488e-05	 1338	 iter
993	 2.884488e-05	 1339	 iter
994	 2.884488e-05	 1340	 iter
995	 2.884488e-05	 1341	 iter
996	 2.884488e-05	 1342	 iter
997	 2.883027e-05	 1344	 iter
998	 2.883027e-05	 1345	 iter
999	 2.883027e-05	 1346	 iter
1000	 2.883027e-05	 1347	 iter
1001	 2.882369e-05	 1349	 iter
1002	 2.882063e-05	 1351	 iter
1003	 2.882063e-05	 1352	 iter
1004	 2.882063e-05	 1353	 iter
1005	 2.882063e-05	 1354	 iter
1006	 2.881469e-05	 1356	 iter
1007	 2.879338e-05	 1358	 iter
1008	 2.879338e-05	 1359	 iter
1009	 2.879338e-05	 1360	 iter
1010	 2.879338e-05	 1361	 iter
1011	 2.879338e-05	 1362	 iter
1012	 2.879017e-05	 1364	 iter
1013	 2.878353e-05	 1366	 iter
1014	 2.875187e-05	 1368	 iter
1015	 2.875187e-05	 1369	 iter
1016	 2.875187e-05	 1370	 iter
1017	 2.875187e-05	 1371	 iter
1018	 2.875187e-05	 1372	 iter
1019	 2.875187e-05	 1373	 iter
1020	 2.875187e-05	 1374	 iter
1021	 2.875187e-05	 1375	 iter
1022	 2.873265e-05	 1377	 iter
1023	 2.870716e-05	 1379	 iter
1024	 2.870716e-05	 1380	 iter
1025	 2.870716e-05	 1381	 iter
1026	 2.870716e-05	 1382	 iter
1027	 2.867149e-05	 1384	 iter
1028	 2.867149e-05	 1385	 iter
1029	 2.867149e-05	 1386	 iter
1030	 2.867149e-05	 1387	 iter
1031	 2.867149e-05	 1388	 iter
1032	 2.867149e-05	 1389	 iter
1033	 2.862789e-05	 1391	 iter
1034	 2.862789e-05	 1392	 iter
1035	 2.862789e-05	 1393	 iter
1036	 2.862789e-05	 1394	 iter
1037	 2.862789e-05	 1395	 iter
1038	 2.862789e-05	 1396	 iter
1039	 2.862789e-05	 1397	 iter
1040	 2.862789e-05	 1398	 iter
1041	 2.859763e-05	 1400	 iter
1042	 2.859763e-05	 1401	 iter
1043	 2.859763e-05	 1402	 iter
1044	 2.859763e-05	 1403	 iter
1045	 2.859763e-05	 1404	 iter
1046	 2.859763e-05	 1405	 iter
1047	 2.859763e-05	 1406	 iter
1048	 2.859763e-05	 1407	 iter
1049	 2.858184e-05	 1409	 iter
1050	 2.858184e-05	 1410	 iter
1051	 2.858184e-05	 1411	 iter
1052	 2.855567e-05	 1413	 iter
1053	 2.855567e-05	 1414	 iter
1054	 2.855567e-05	 1415	 iter
1055	 2.855567e-05	 1416	 iter
1056	 2.855141e-05	 1418	 iter
1057	 2.855141e-05	 1419	 iter
1058	 2.854702e-05	 1421	 iter
1059	 2.854702e-05	 1422	 iter
1060	 2.853274e-05	 1424	 iter
1061	 2.852772e-05	 1426	 iter
1062	 2.852772e-05	 1427	 iter
1063	 2.849644e-05	 1429	 iter
1064	 2.849644e-05	 1430	 iter
1065	 2.849644e-05	 1431	 iter
1066	 2.849644e-05	 1432	 iter
1067	 2.849644e-05	 1433	 iter
1068	 2.849644e-05	 1434	 iter
1069	 2.848711e-05	 1436	 iter
1070	 2.848711e-05	 1437	 iter
1071	 2.848711e-05	 1438	 iter
1072	 2.848711e-05	 1439	 iter
1073	 2.848711e-05	 1440	 iter
1074	 2.848711e-05	 1441	 iter
1075	 2.848711e-05	 1442	 iter
1076	 2.848548e-05	 1444	 iter
1077	 2.846218e-05	 1446	 iter
1078	 2.845382e-05	 1448	 iter
1079	 2.845382e-05	 1450	 iter
1080	 2.844889e-05	 1452	 iter
1081	 2.844451e-05	 1454	 iter
1082	 2.844451e-05	 1455	 iter
1083	 2.844451e-05	 1456	 iter
1084	 2.844451e-05	 1457	 iter
1085	 2.844451e-05	 1458	 iter
1086	 2.844451e-05	 1459	 iter
1087	 2.841907e-05	 1461	 iter
1088	 2.841907e-05	 1462	 iter
1089	 2.841907e-05	 1463	 iter
1090	 2.841907e-05	 1464	 iter
1091	 2.841907e-05	 1466	 iter
1092	 2.841907e-05	 1467	 iter
1093	 2.841907e-05	 1468	 iter
1094	 2.841907e-05	 1469	 iter
1095	 2.841907e-05	 1470	 iter
1096	 2.841907e-05	 1471	 iter
1097	 2.841907e-05	 1473	 iter
1098	 2.841907e-05	 1474	 iter
1099	 2.841907e-05	 1475	 iter
1100	 2.841907e-05	 1476	 iter
1101	 2.841907e-05	 1478	 iter
1102	 2.839043e-05	 1480	 iter
1103	 2.839043e-05	 1481	 iter
1104	 2.839043e-05	 1482	 iter
1105	 2.839043e-05	 1484	 iter
1106	 2.839043e-05	 1485	 iter
1107	 2.839043e-05	 1487	 iter
1108	 2.839043e-05	 1488	 iter
1109	 2.839043e-05	 1489	 iter
1110	 2.839043e-05	 1490	 iter
1111	 2.839043e-05	 1491	 iter
1112	 2.839043e-05	 1492	 iter
1113	 2.839043e-05	 1493	 iter
1114	 2.839043e-05	 1494	 iter
1115	 2.839043e-05	 1495	 iter
1116	 2.838008e-05	 1497	 iter
1117	 2.838008e-05	 1498	 iter
1118	 2.838008e-05	 1500	 iter
1119	 2.838008e-05	 1501	 iter
1120	 2.838008e-05	 1502	 iter
1121	 2.838008e-05	 1503	 iter
1122	 2.838008e-05	 1504	 iter
1123	 2.838008e-05	 1505	 iter
1124	 2.837058e-05	 1507	 iter
1125	 2.837058e-05	 1508	 iter
1126	 2.837058e-05	 1510	 iter
1127	 2.837058e-05	 1511	 iter
1128	 2.837058e-05	 1513	 iter
1129	 2.837058e-05	 1515	 iter
1130	 2.837058e-05	 1516	 iter
1131	 2.837058e-05	 1517	 iter
1132	 2.837058e-05	 1518	 iter
1133	 2.837058e-05	 1519	 iter
1134	 2.836586e-05	 1521	 iter
1135	 2.836586e-05	 1522	 iter
1136	 2.836586e-05	 1523	 iter
1137	 2.836586e-05	 1525	 iter
1138	 2.836586e-05	 1526	 iter
1139	 2.836586e-05	 1527	 iter
1140	 2.836516e-05	 1529	 iter
1141	 2.836516e-05	 1530	 iter
1142	 2.836516e-05	 1532	 iter
1143	 2.836516e-05	 1533	 iter
1144	 2.836516e-05	 1534	 iter
1145	 2.836516e-05	 1536	 iter
1146	 2.836516e-05	 1537	 iter
1147	 2.836516e-05	 1538	 iter
1148	 2.836516e-05	 1539	 iter
1149	 2.836516e-05	 1540	 iter
1150	 2.836449e-05	 1542	 iter
1151	 2.836355e-05	 1544	 iter
1152	 2.836355e-05	 1545	 iter
1153	 2.836239e-05	 1547	 iter
1154	 2.836054e-05	 1549	 iter
1155	 2.836054e-05	 1551	 iter
1156	 2.836054e-05	 1552	 iter
1157	 2.836054e-05	 1554	 iter
1158	 2.836054e-05	 1555	 iter
1159	 2.835974e-05	 1557	 iter
1160	 2.835933e-05	 1559	 iter
1161	 2.835897e-05	 1561	 iter
1162	 2.835897e-05	 1562	 iter
1163	 2.835897e-05	 1564	 iter
1164	 2.835851e-05	 1566	 iter
1165	 2.835851e-05	 1567	 iter
1166	 2.835851e-05	 1569	 iter
1167	 2.835851e-05	 1570	 iter
1168	 2.835789e-05	 1572	 iter
1169	 2.835789e-05	 1573	 iter
1170	 2.835754e-05	 1575	 iter
1171	 2.835701e-05	 1577	 iter
1172	 2.835701e-05	 1578	 iter
1173	 2.835687e-05	 1580	 iter
1174	 2.835687e-05	 1581	 iter
1175	 2.835687e-05	 1582	 iter
1176	 2.835687e-05	 1583	 iter
1177	 2.835629e-05	 1585	 iter
1178	 2.835625e-05	 1587	 iter
1179	 2.835625e-05	 1588	 iter
1180	 2.835563e-05	 1590	 iter
1181	 2.835563e-05	 1592	 iter
1182	 2.835563e-05	 1594	 iter
1183	 2.835563e-05	 1596	 iter
1184	 2.835539e-05	 1598	 iter
1185	 2.835539e-05	 1599	 iter
1186	 2.835527e-05	 1601	 iter
1187	 2.835527e-05	 1602	 iter
1188	 2.835341e-05	 1604	 iter
1189	 2.835341e-05	 1606	 iter
1190	 2.835341e-05	 1608	 iter
1191	 2.835341e-05	 1610	 iter
1192	 2.835341e-05	 1611	 iter
1193	 2.835341e-05	 1612	 iter
1194	 2.835341e-05	 1613	 iter
1195	 2.835341e-05	 1614	 iter
1196	 2.835341e-05	 1616	 iter
1197	 2.835341e-05	 1618	 iter
1198	 2.835341e-05	 1620	 iter
1199	 2.835341e-05	 1622	 iter
1200	 2.835341e-05	 1623	 iter
1201	 2.835341e-05	 1625	 iter
1202	 2.835341e-05	 1626	 iter
1203	 2.835341e-05	 1627	 iter
1204	 2.835341e-05	 1629	 iter
1205	 2.835341e-05	 1630	 iter
1206	 2.835341e-05	 1631	 iter
1207	 2.835341e-05	 1633	 iter
1208	 2.835339e-05	 1635	 iter
1209	 2.835339e-05	 1636	 iter
1210	 2.835339e-05	 1637	 iter
1211	 2.835309e-05	 1639	 iter
1212	 2.835208e-05	 1641	 iter
1213	 2.835208e-05	 1643	 iter
1214	 2.835208e-05	 1644	 iter
1215	 2.835208e-05	 1645	 iter
1216	 2.835208e-05	 1646	 iter
1217	 2.835203e-05	 1648	 iter
1218	 2.835203e-05	 1649	 iter
1219	 2.835203e-05	 1650	 iter
1220	 2.835203e-05	 1651	 iter
1221	 2.835203e-05	 1652	 iter
1222	 2.835203e-05	 1654	 iter
1223	 2.835203e-05	 1655	 iter
1224	 2.835203e-05	 1656	 iter
1225	 2.835174e-05	 1658	 iter
1226	 2.835174e-05	 1660	 iter
1227	 2.835174e-05	 1662	 iter
1228	 2.835174e-05	 1663	 iter
1229	 2.835174e-05	 1664	 iter
1230	 2.835174e-05	 1665	 iter
1231	 2.835174e-05	 1666	 iter
1232	 2.835174e-05	 1668	 iter
1233	 2.835174e-05	 1669	 iter
1234	 2.835145e-05	 1671	 iter
1235	 2.835145e-05	 1673	 iter
1236	 2.835145e-05	 1675	 iter
1237	 2.835145e-05	 1677	 iter
1238	 2.835145e-05	 1678	 iter
1239	 2.835078e-05	 1680	 iter
1240	 2.835078e-05	 1682	 iter
1241	 2.835078e-05	 1683	 iter
1242	 2.835078e-05	 1684	 iter
1243	 2.835028e-05	 1686	 iter
1244	 2.835028e-05	 1687	 iter
1245	 2.835028e-05	 1688	 iter
1246	 2.835028e-05	 1689	 iter
1247	 2.835028e-05	 1690	 iter
1248	 2.835028e-05	 1691	 iter
1249	 2.835028e-05	 1692	 iter
1250	 2.835028e-05	 1693	 iter
1251	 2.835028e-05	 1694	 iter
1252	 2.835028e-05	 1695	 iter
1253	 2.835028e-05	 1696	 iter
1254	 2.835028e-05	 1697	 iter
1255	 2.835028e-05	 1698	 iter
1256	 2.835028e-05	 1699	 iter
1257	 2.835028e-05	 1700	 iter
1258	 2.834877e-05	 1702	 iter
1259	 2.834877e-05	 1703	 iter
1260	 2.834877e-05	 1704	 iter
1261	 2.834877e-05	 1705	 iter
1262	 2.834877e-05	 1706	 iter
1263	 2.834877e-05	 1707	 iter
1264	 2.834877e-05	 1708	 iter
1265	 2.834877e-05	 1709	 iter
1266	 2.834877e-05	 1710	 iter
1267	 2.834877e-05	 1711	 iter
1268	 2.834868e-05	 1713	 iter
1269	 2.834868e-05	 1714	 iter
1270	 2.834868e-05	 1715	 iter
1271	 2.834837e-05	 1717	 iter
1272	 2.834837e-05	 1718	 iter
1273	 2.834825e-05	 1720	 iter
1274	 2.834730e-05	 1722	 iter
1275	 2.834730e-05	 1723	 iter
1276	 2.834730e-05	 1724	 iter
1277	 2.834730e-05	 1725	 iter
1278	 2.834730e-05	 1726	 iter
1279	 2.834730e-05	 1727	 iter
1280	 2.834730e-05	 1728	 iter
1281	 2.834697e-05	 1730	 iter
1282	 2.834697e-05	 1731	 iter
1283	 2.834682e-05	 1733	 iter
1284	 2.834625e-05	 1735	 iter
1285	 2.834579e-05	 1737	 iter
1286	 2.834579e-05	 1738	 iter
1287	 2.834573e-05	 1740	 iter
1288	 2.834568e-05	 1742	 iter
1289	 2.834361e-05	 1744	 iter
1290	 2.834361e-05	 1745	 iter
1291	 2.834361e-05	 1746	 iter
1292	 2.834361e-05	 1747	 iter
1293	 2.834361e-05	 1748	 iter
1294	 2.834361e-05	 1749	 iter
1295	 2.834361e-05	 1750	 iter
1296	 2.834256e-05	 1752	 iter
1297	 2.834256e-05	 1753	 iter
1298	 2.834134e-05	 1755	 iter
1299	 2.834134e-05	 1756	 iter
1300	 2.834134e-05	 1757	 iter
1301	 2.834134e-05	 1758	 iter
1302	 2.834027e-05	 1760	 iter
1303	 2.834027e-05	 1761	 iter
1304	 2.834027e-05	 1762	 iter
1305	 2.833854e-05	 1764	 iter
1306	 2.833854e-05	 1765	 iter
1307	 2.833854e-05	 1766	 iter
1308	 2.833811e-05	 1768	 iter
1309	 2.833444e-05	 1770	 iter
1310	 2.833444e-05	 1771	 iter
1311	 2.833444e-05	 1772	 iter
1312	 2.833444e-05	 1773	 iter
1313	 2.833444e-05	 1774	 iter
1314	 2.833444e-05	 1775	 iter
1315	 2.833444e-05	 1776	 iter
1316	 2.833178e-05	 1778	 iter
1317	 2.833178e-05	 1779	 iter
1318	 2.833178e-05	 1780	 iter
1319	 2.833178e-05	 1781	 iter
1320	 2.833152e-05	 1783	 iter
1321	 2.833077e-05	 1785	 iter
1322	 2.833077e-05	 1786	 iter
1323	 2.833077e-05	 1787	 iter
1324	 2.833032e-05	 1789	 iter
1325	 2.832964e-05	 1791	 iter
1326	 2.832910e-05	 1793	 iter
1327	 2.832250e-05	 1795	 iter
1328	 2.832250e-05	 1796	 iter
1329	 2.832250e-05	 1797	 iter
1330	 2.832250e-05	 1798	 iter
1331	 2.832250e-05	 1799	 iter
1332	 2.832250e-05	 1800	 iter
1333	 2.832250e-05	 1801	 iter
1334	 2.832250e-05	 1802	 iter
1335	 2.832250e-05	 1803	 iter
1336	 2.832250e-05	 1804	 iter
1337	 2.832250e-05	 1805	 iter
1338	 2.832250e-05	 1806	 iter
1339	 2.831683e-05	 1808	 iter
1340	 2.831683e-05	 1809	 iter
1341	 2.831683e-05	 1810	 iter
1342	 2.831683e-05	 1811	 iter
1343	 2.831683e-05	 1812	 iter
1344	 2.831683e-05	 1813	 iter
1345	 2.831683e-05	 1814	 iter
1346	 2.831683e-05	 1815	 iter
1347	 2.831683e-05	 1816	 iter
1348	 2.831683e-05	 1817	 iter
1349	 2.831260e-05	 1819	 iter
1350	 2.831260e-05	 1820	 iter
1351	 2.831260e-05	 1821	 iter
1352	 2.831260e-05	 1822	 iter
1353	 2.831260e-05	 1823	 iter
1354	 2.831260e-05	 1824	 iter
1355	 2.830723e-05	 1826	 iter
1356	 2.830723e-05	 1827	 iter
1357	 2.830723e-05	 1828	 iter
1358	 2.830723e-05	 1829	 iter
1359	 2.830723e-05	 1830	 iter
1360	 2.830723e-05	 1831	 iter
1361	 2.830723e-05	 1832	 iter
1362	 2.830642e-05	 1834	 iter
1363	 2.830642e-05	 1835	 iter
1364	 2.830466e-05	 1837	 iter
1365	 2.830466e-05	 1838	 iter
1366	 2.830466e-05	 1839	 iter
1367	 2.830466e-05	 1840	 iter
1368	 2.829410e-05	 1842	 iter
1369	 2.829410e-05	 1843	 iter
1370	 2.829410e-05	 1844	 iter
1371	 2.829410e-05	 1845	 iter
1372	 2.829410e-05	 1846	 iter
1373	 2.829410e-05	 1847	 iter
1374	 2.829410e-05	 1848	 iter
1375	 2.829410e-05	 1849	 iter
1376	 2.829410e-05	 1850	 iter
1377	 2.829410e-05	 1851	 iter
1378	 2.829388e-05	 1853	 iter
1379	 2.829388e-05	 1854	 iter
1380	 2.829388e-05	 1855	 iter
1381	 2.829130e-05	 1857	 iter
1382	 2.829030e-05	 1859	 iter
1383	 2.829030e-05	 1860	 iter
1384	 2.828366e-05	 1862	 iter
1385	 2.828366e-05	 1863	 iter
1386	 2.828366e-05	 1864	 iter
1387	 2.828366e-05	 1865	 iter
1388	 2.828366e-05	 1866	 iter
1389	 2.827722e-05	 1868	 iter
1390	 2.827722e-05	 1869	 iter
1391	 2.827722e-05	 1870	 iter
1392	 2.827091e-05	 1872	 iter
1393	 2.827091e-05	 1873	 iter
1394	 2.827091e-05	 1874	 iter
1395	 2.826475e-05	 1876	 iter
1396	 2.826475e-05	 1877	 iter
1397	 2.826475e-05	 1878	 iter
1398	 2.826475e-05	 1879	 iter
1399	 2.824792e-05	 1881	 iter
1400	 2.824792e-05	 1882	 iter
1401	 2.824792e-05	 1883	 iter
1402	 2.824792e-05	 1884	 iter
1403	 2.824792e-05	 1885	 iter
1404	 2.824792e-05	 1886	 iter
1405	 2.823604e-05	 1888	 iter
1406	 2.823604e-05	 1889	 iter
1407	 2.823604e-05	 1890	 iter
1408	 2.823604e-05	 1891	 iter
1409	 2.823604e-05	 1892	 iter
1410	 2.823604e-05	 1893	 iter
1411	 2.823604e-05	 1894	 iter
1412	 2.823604e-05	 1895	 iter
1413	 2.823604e-05	 1896	 iter
1414	 2.822393e-05	 1898	 iter
1415	 2.822393e-05	 1899	 iter
1416	 2.822393e-05	 1900	 iter
1417	 2.822393e-05	 1901	 iter
1418	 2.822393e-05	 1902	 iter
1419	 2.822393e-05	 1903	 iter
1420	 2.822393e-05	 1904	 iter
1421	 2.821032e-05	 1906	 iter
1422	 2.821032e-05	 1907	 iter
1423	 2.821032e-05	 1908	 iter
1424	 2.821032e-05	 1909	 iter
1425	 2.821032e-05	 1910	 iter
1426	 2.820668e-05	 1912	 iter
1427	 2.820668e-05	 1913	 iter
1428	 2.820668e-05	 1914	 iter
1429	 2.820668e-05	 1915	 iter
1430	 2.820668e-05	 1916	 iter
1431	 2.820196e-05	 1918	 iter
1432	 2.820196e-05	 1919	 iter
1433	 2.819758e-05	 1921	 iter
1434	 2.819758e-05	 1922	 iter
1435	 2.819398e-05	 1924	 iter
1436	 2.819398e-05	 1925	 iter
1437	 2.819398e-05	 1926	 iter
1438	 2.819398e-05	 1927	 iter
1439	 2.816384e-05	 1929	 iter
1440	 2.816384e-05	 1930	 iter
1441	 2.816384e-05	 1931	 iter
1442	 2.816384e-05	 1932	 iter
1443	 2.816384e-05	 1933	 iter
1444	 2.816384e-05	 1934	 iter
1445	 2.816384e-05	 1935	 iter
1446	 2.816384e-05	 1936	 iter
1447	 2.816384e-05	 1937	 iter
1448	 2.816384e-05	 1938	 iter
1449	 2.815425e-05	 1940	 iter
1450	 2.815425e-05	 1941	 iter
1451	 2.815425e-05	 1942	 iter
1452	 2.815425e-05	 1943	 iter
1453	 2.815425e-05	 1944	 iter
1454	 2.815425e-05	 1945	 iter
1455	 2.814945e-05	 1947	 iter
1456	 2.814945e-05	 1948	 iter
1457	 2.813884e-05	 1950	 iter
1458	 2.809993e-05	 1952	 iter
1459	 2.809993e-05	 1953	 iter
1460	 2.809993e-05	 1954	 iter
1461	 2.809993e-05	 1955	 iter
1462	 2.809993e-05	 1956	 iter
1463	 2.809993e-05	 1957	 iter
1464	 2.809993e-05	 1958	 iter
1465	 2.809993e-05	 1959	 iter
1466	 2.809993e-05	 1960	 iter
1467	 2.809993e-05	 1961	 iter
1468	 2.809993e-05	 1962	 iter
1469	 2.809912e-05	 1964	 iter
1470	 2.807512e-05	 1966	 iter
1471	 2.805154e-05	 1968	 iter
1472	 2.805154e-05	 1969	 iter
1473	 2.805154e-05	 1970	 iter
1474	 2.805154e-05	 1971	 iter
1475	 2.805154e-05	 1972	 iter
1476	 2.805154e-05	 1973	 iter
1477	 2.805154e-05	 1974	 iter
1478	 2.805154e-05	 1975	 iter
1479	 2.803166e-05	 1977	 iter
1480	 2.801551e-05	 1979	 iter
1481	 2.801551e-05	 1980	 iter
1482	 2.801551e-05	 1981	 iter
1483	 2.801551e-05	 1982	 iter
1484	 2.797635e-05	 1984	 iter
1485	 2.797635e-05	 1985	 iter
1486	 2.797635e-05	 1986	 iter
1487	 2.797635e-05	 1987	 iter
1488	 2.797635e-05	 1988	 iter
1489	 2.797635e-05	 1989	 iter
1490	 2.797635e-05	 1990	 iter
1491	 2.797635e-05	 1991	 iter
1492	 2.797276e-05	 1993	 iter
1493	 2.796779e-05	 1995	 iter
1494	 2.796779e-05	 1996	 iter
1495	 2.796779e-05	 1997	 iter
1496	 2.795785e-05	 1999	 iter
1497	 2.795292e-05	 2001	 iter
1498	 2.795292e-05	 2002	 iter
1499	 2.794529e-05	 2004	 iter
1500	 2.794529e-05	 2005	 iter
1501	 2.794529e-05	 2006	 iter
1502	 2.794529e-05	 2007	 iter
1503	 2.794529e-05	 2008	 iter
1504	 2.794529e-05	 2009	 iter
1505	 2.794529e-05	 2010	 iter
1506	 2.792674e-05	 2012	 iter
1507	 2.791256e-05	 2014	 iter
1508	 2.791256e-05	 2015	 iter
1509	 2.791256e-05	 2016	 iter
1510	 2.791256e-05	 2017	 iter
1511	 2.789962e-05	 2019	 iter
1512	 2.789962e-05	 2020	 iter
1513	 2.787790e-05	 2022	 iter
1514	 2.783831e-05	 2024	 iter
1515	 2.783831e-05	 2025	 iter
1516	 2.783831e-05	 2026	 iter
1517	 2.783831e-05	 2027	 iter
1518	 2.783831e-05	 2028	 iter
1519	 2.783831e-05	 2029	 iter
1520	 2.783831e-05	 2030	 iter
1521	 2.783831e-05	 2031	 iter
1522	 2.777424e-05	 2033	 iter
1523	 2.777424e-05	 2034	 iter
1524	 2.777424e-05	 2035	 iter
1525	 2.777424e-05	 2036	 iter
1526	 2.777424e-05	 2037	 iter
1527	 2.777424e-05	 2038	 iter
1528	 2.777424e-05	 2039	 iter
1529	 2.777424e-05	 2040	 iter
1530	 2.777424e-05	 2041	 iter
1531	 2.777424e-05	 2042	 iter
1532	 2.777424e-05	 2043	 iter
1533	 2.767215e-05	 2045	 iter
1534	 2.767215e-05	 2046	 iter
1535	 2.767215e-05	 2047	 iter
1536	 2.767215e-05	 2048	 iter
1537	 2.767215e-05	 2049	 iter
1538	 2.767215e-05	 2050	 iter
1539	 2.767215e-05	 2051	 iter
1540	 2.767215e-05	 2052	 iter
1541	 2.767215e-05	 2053	 iter
1542	 2.767215e-05	 2054	 iter
1543	 2.767215e-05	 2055	 iter
1544	 2.767215e-05	 2056	 iter
1545	 2.757754e-05	 2058	 iter
1546	 2.757754e-05	 2059	 iter
1547	 2.757754e-05	 2060	 iter
1548	 2.757754e-05	 2061	 iter
1549	 2.757754e-05	 2062	 iter
1550	 2.757754e-05	 2063	 iter
1551	 2.757754e-05	 2064	 iter
1552	 2.757754e-05	 2065	 iter
1553	 2.757754e-05	 2066	 iter
1554	 2.757754e-05	 2067	 iter
1555	 2.753454e-05	 2069	 iter
1556	 2.737541e-05	 2071	 iter
1557	 2.737541e-05	 2072	 iter
1558	 2.737541e-05	 2073	 iter
1559	 2.737541e-05	 2074	 iter
1560	 2.737541e-05	 2075	 iter
1561	 2.737541e-05	 2076	 iter
1562	 2.737541e-05	 2077	 iter
1563	 2.737541e-05	 2078	 iter
1564	 2.737541e-05	 2079	 iter
1565	 2.737541e-05	 2080	 iter
1566	 2.737541e-05	 2081	 iter
1567	 2.737541e-05	 2082	 iter
1568	 2.724469e-05	 2084	 iter
1569	 2.724469e-05	 2085	 iter
1570	 2.707159e-05	 2087	 iter
1571	 2.707159e-05	 2088	 iter
1572	 2.707159e-05	 2089	 iter
1573	 2.707159e-05	 2090	 iter
1574	 2.707159e-05	 2091	 iter
1575	 2.707159e-05	 2092	 iter
1576	 2.707159e-05	 2093	 iter
1577	 2.707159e-05	 2094	 iter
1578	 2.707159e-05	 2095	 iter
1579	 2.707159e-05	 2096	 iter
1580	 2.707159e-05	 2097	 iter
1581	 2.700801e-05	 2099	 iter
1582	 2.694494e-05	 2101	 iter
1583	 2.679645e-05	 2103	 iter
1584	 2.679645e-05	 2104	 iter
1585	 2.679645e-05	 2105	 iter
1586	 2.679645e-05	 2106	 iter
1587	 2.679645e-05	 2107	 iter
1588	 2.679645e-05	 2108	 iter
1589	 2.679645e-05	 2109	 iter
1590	 2.679645e-05	 2110	 iter
1591	 2.667206e-05	 2112	 iter
1592	 2.667206e-05	 2113	 iter
1593	 2.652922e-05	 2115	 iter
1594	 2.652922e-05	 2116	 iter
1595	 2.652922e-05	 2117	 iter
1596	 2.652922e-05	 2118	 iter
1597	 2.652922e-05	 2119	 iter
1598	 2.652922e-05	 2120	 iter
1599	 2.650183e-05	 2122	 iter
1600	 2.635122e-05	 2124	 iter
1601	 2.635122e-05	 2125	 iter
1602	 2.635122e-05	 2126	 iter
1603	 2.635122e-05	 2127	 iter
1604	 2.635122e-05	 2128	 iter
1605	 2.604798e-05	 2130	 iter
1606	 2.604798e-05	 2131	 iter
1607	 2.604798e-05	 2132	 iter
1608	 2.604798e-05	 2133	 iter
1609	 2.604798e-05	 2134	 iter
1610	 2.604798e-05	 2135	 iter
1611	 2.604798e-05	 2136	 iter
1612	 2.604798e-05	 2137	 iter
1613	 2.604798e-05	 2138	 iter
1614	 2.604798e-05	 2139	 iter
1615	 2.604798e-05	 2140	 iter
1616	 2.592435e-05	 2142	 iter
1617	 2.592435e-05	 2143	 iter
1618	 2.592435e-05	 2144	 iter
1619	 2.592435e-05	 2145	 iter
1620	 2.592435e-05	 2146	 iter
1621	 2.592435e-05	 2147	 iter
1622	 2.592435e-05	 2148	 iter
1623	 2.592435e-05	 2149	 iter
1624	 2.592435e-05	 2150	 iter
1625	 2.591746e-05	 2152	 iter
1626	 2.590747e-05	 2154	 iter
1627	 2.590747e-05	 2155	 iter
1628	 2.590747e-05	 2156	 iter
1629	 2.551448e-05	 2158	 iter
1630	 2.551448e-05	 2159	 iter
1631	 2.551448e-05	 2160	 iter
1632	 2.551448e-05	 2161	 iter
1633	 2.551448e-05	 2162	 iter
1634	 2.551448e-05	 2163	 iter
1635	 2.551448e-05	 2165	 iter
1636	 2.551448e-05	 2166	 iter
1637	 2.551448e-05	 2167	 iter
1638	 2.551448e-05	 2168	 iter
1639	 2.551448e-05	 2169	 iter
1640	 2.551448e-05	 2170	 iter
1641	 2.551448e-05	 2171	 iter
1642	 2.551448e-05	 2172	 iter
1643	 2.551448e-05	 2173	 iter
1644	 2.551448e-05	 2174	 iter
1645	 2.538635e-05	 2176	 iter
1646	 2.538635e-05	 2177	 iter
1647	 2.538635e-05	 2178	 iter
1648	 2.538596e-05	 2180	 iter
1649	 2.538596e-05	 2181	 iter
1650	 2.538247e-05	 2183	 iter
1651	 2.538247e-05	 2184	 iter
1652	 2.538247e-05	 2185	 iter
1653	 2.538247e-05	 2186	 iter
1654	 2.538247e-05	 2187	 iter
1655	 2.538247e-05	 2188	 iter
1656	 2.527253e-05	 2190	 iter
1657	 2.527253e-05	 2191	 iter
1658	 2.515093e-05	 2193	 iter
1659	 2.515093e-05	 2194	 iter
1660	 2.515093e-05	 2195	 iter
1661	 2.512924e-05	 2197	 iter
1662	 2.512924e-05	 2198	 iter
1663	 2.512924e-05	 2199	 iter
1664	 2.512924e-05	 2200	 iter
1665	 2.512924e-05	 2201	 iter
1666	 2.512924e-05	 2202	 iter
1667	 2.510843e-05	 2204	 iter
1668	 2.510843e-05	 2206	 iter
1669	 2.510843e-05	 2207	 iter
1670	 2.510843e-05	 2208	 iter
1671	 2.510843e-05	 2209	 iter
1672	 2.510513e-05	 2211	 iter
1673	 2.507844e-05	 2213	 iter
1674	 2.507844e-05	 2214	 iter
1675	 2.507844e-05	 2215	 iter
1676	 2.507844e-05	 2216	 iter
1677	 2.507844e-05	 2217	 iter
1678	 2.507844e-05	 2218	 iter
1679	 2.502741e-05	 2220	 iter
1680	 2.502741e-05	 2222	 iter
1681	 2.502741e-05	 2223	 iter
1682	 2.502741e-05	 2224	 iter
1683	 2.502741e-05	 2225	 iter
1684	 2.502741e-05	 2227	 iter
1685	 2.502741e-05	 2229	 iter
1686	 2.495431e-05	 2231	 iter
1687	 2.495431e-05	 2232	 iter
1688	 2.495431e-05	 2233	 iter
1689	 2.495431e-05	 2234	 iter
1690	 2.494105e-05	 2236	 iter
1691	 2.494105e-05	 2238	 iter
1692	 2.494105e-05	 2239	 iter
1693	 2.494105e-05	 2240	 iter
1694	 2.494105e-05	 2242	 iter
1695	 2.494105e-05	 2243	 iter
1696	 2.494105e-05	 2244	 iter
1697	 2.494105e-05	 2246	 iter
1698	 2.494105e-05	 2248	 iter
1699	 2.494105e-05	 2250	 iter
1700	 2.494105e-05	 2251	 iter
1701	 2.494105e-05	 2252	 iter
1702	 2.494105e-05	 2253	 iter
1703	 2.494105e-05	 2254	 iter
1704	 2.494105e-05	 2255	 iter
1705	 2.494105e-05	 2257	 iter
1706	 2.494105e-05	 2258	 iter
1707	 2.494105e-05	 2260	 iter
1708	 2.494105e-05	 2261	 iter
1709	 2.494105e-05	 2263	 iter
1710	 2.494105e-05	 2265	 iter
1711	 2.492376e-05	 2267	 iter
1712	 2.489727e-05	 2269	 iter
1713	 2.489727e-05	 2270	 iter
1714	 2.489727e-05	 2271	 iter
1715	 2.489727e-05	 2273	 iter
1716	 2.489727e-05	 2274	 iter
1717	 2.489727e-05	 2275	 iter
1718	 2.489727e-05	 2276	 iter
1719	 2.489727e-05	 2278	 iter
1720	 2.489727e-05	 2279	 iter
1721	 2.489727e-05	 2280	 iter
1722	 2.489727e-05	 2282	 iter
1723	 2.489727e-05	 2283	 iter
1724	 2.489727e-05	 2284	 iter
1725	 2.489727e-05	 2285	 iter
1726	 2.489727e-05	 2286	 iter
1727	 2.489727e-05	 2288	 iter
1728	 2.488605e-05	 2290	 iter
1729	 2.488605e-05	 2291	 iter
1730	 2.488605e-05	 2292	 iter
1731	 2.488605e-05	 2294	 iter
1732	 2.488605e-05	 2295	 iter
1733	 2.488605e-05	 2296	 iter
1734	 2.488605e-05	 2297	 iter
1735	 2.488605e-05	 2299	 iter
1736	 2.488605e-05	 2301	 iter
1737	 2.488605e-05	 2302	 iter
1738	 2.488605e-05	 2304	 iter
1739	 2.488605e-05	 2306	 iter
1740	 2.488281e-05	 2308	 iter
1741	 2.488281e-05	 2309	 iter
1742	 2.488281e-05	 2311	 iter
1743	 2.488281e-05	 2313	 iter
1744	 2.488281e-05	 2314	 iter
1745	 2.488281e-05	 2315	 iter
1746	 2.488281e-05	 2317	 iter
1747	 2.488281e-05	 2318	 iter
1748	 2.487894e-05	 2320	 iter
1749	 2.487894e-05	 2322	 iter
1750	 2.487894e-05	 2323	 iter
1751	 2.487894e-05	 2325	 iter
1752	 2.487894e-05	 2326	 iter
1753	 2.487894e-05	 2328	 iter
1754	 2.487894e-05	 2329	 iter
1755	 2.487894e-05	 2330	 iter
1756	 2.487774e-05	 2332	 iter
1757	 2.487774e-05	 2333	 iter
1758	 2.487774e-05	 2335	 iter
1759	 2.487774e-05	 2337	 iter
1760	 2.487681e-05	 2339	 iter
1761	 2.487681e-05	 2340	 iter
1762	 2.487084e-05	 2342	 iter
1763	 2.487084e-05	 2343	 iter
1764	 2.487084e-05	 2345	 iter
1765	 2.487084e-05	 2346	 iter
1766	 2.487084e-05	 2347	 iter
1767	 2.487084e-05	 2348	 iter
1768	 2.487084e-05	 2349	 iter
1769	 2.487084e-05	 2350	 iter
1770	 2.487084e-05	 2351	 iter
1771	 2.487084e-05	 2352	 iter
1772	 2.487084e-05	 2354	 iter
1773	 2.487084e-05	 2356	 iter
1774	 2.487084e-05	 2358	 iter
1775	 2.487084e-05	 2359	 iter
1776	 2.487055e-05	 2361	 iter
1777	 2.487055e-05	 2362	 iter
1778	 2.486992e-05	 2364	 iter
1779	 2.486831e-05	 2366	 iter
1780	 2.486831e-05	 2367	 iter
1781	 2.486831e-05	 2368	 iter
1782	 2.486831e-05	 2369	 iter
1783	 2.486831e-05	 2371	 iter
1784	 2.486789e-05	 2373	 iter
1785	 2.486761e-05	 2375	 iter
1786	 2.486750e-05	 2377	 iter
1787	 2.486684e-05	 2379	 iter
1788	 2.486684e-05	 2381	 iter
1789	 2.486679e-05	 2383	 iter
1790	 2.486679e-05	 2384	 iter
1791	 2.486679e-05	 2385	 iter
1792	 2.486679e-05	 2387	 iter
1793	 2.486679e-05	 2388	 iter
1794	 2.486503e-05	 2390	 iter
1795	 2.486503e-05	 2391	 iter
1796	 2.486503e-05	 2392	 iter
1797	 2.486503e-05	 2393	 iter
1798	 2.486503e-05	 2394	 iter
1799	 2.486503e-05	 2395	 iter
1800	 2.486503e-05	 2396	 iter
1801	 2.486503e-05	 2398	 iter
1802	 2.486503e-05	 2400	 iter
1803	 2.486503e-05	 2401	 iter
1804	 2.486503e-05	 2403	 iter
1805	 2.486503e-05	 2405	 iter
1806	 2.486503e-05	 2406	 iter
1807	 2.486503e-05	 2408	 iter
1808	 2.486309e-05	 2410	 iter
1809	 2.486309e-05	 2412	 iter
1810	 2.486309e-05	 2413	 iter
1811	 2.486309e-05	 2414	 iter
1812	 2.486309e-05	 2416	 iter
1813	 2.486309e-05	 2418	 iter
1814	 2.486309e-05	 2419	 iter
1815	 2.486309e-05	 2420	 iter
1816	 2.486309e-05	 2421	 iter
1817	 2.486309e-05	 2422	 iter
1818	 2.486309e-05	 2423	 iter
1819	 2.486309e-05	 2425	 iter
1820	 2.486309e-05	 2427	 iter
1821	 2.486309e-05	 2428	 iter
1822	 2.486302e-05	 2430	 iter
1823	 2.486161e-05	 2432	 iter
1824	 2.486161e-05	 2433	 iter
1825	 2.486161e-05	 2434	 iter
1826	 2.486161e-05	 2435	 iter
1827	 2.486161e-05	 2436	 iter
1828	 2.486161e-05	 2437	 iter
1829	 2.485946e-05	 2439	 iter
1830	 2.485946e-05	 2440	 iter
1831	 2.485946e-05	 2441	 iter
1832	 2.485946e-05	 2442	 iter
1833	 2.485946e-05	 2443	 iter
1834	 2.485931e-05	 2445	 iter
1835	 2.485782e-05	 2447	 iter
1836	 2.485782e-05	 2448	 iter
1837	 2.485782e-05	 2449	 iter
1838	 2.485782e-05	 2450	 iter
1839	 2.485782e-05	 2451	 iter
1840	 2.485782e-05	 2452	 iter
1841	 2.485782e-05	 2453	 iter
1842	 2.485782e-05	 2454	 iter
1843	 2.485782e-05	 2455	 iter
1844	 2.485595e-05	 2457	 iter
1845	 2.485595e-05	 2458	 iter
1846	 2.485595e-05	 2459	 iter
1847	 2.485518e-05	 2461	 iter
1848	 2.485518e-05	 2462	 iter
1849	 2.485518e-05	 2463	 iter
1850	 2.485518e-05	 2464	 iter
1851	 2.485484e-05	 2466	 iter
1852	 2.485484e-05	 2467	 iter
1853	 2.485484e-05	 2468	 iter
1854	 2.485484e-05	 2469	 iter
1855	 2.485484e-05	 2470	 iter
1856	 2.485373e-05	 2472	 iter
1857	 2.485373e-05	 2473	 iter
1858	 2.485373e-05	 2474	 iter
1859	 2.485373e-05	 2475	 iter
1860	 2.485373e-05	 2476	 iter
1861	 2.485373e-05	 2477	 iter
1862	 2.485373e-05	 2478	 iter
1863	 2.485229e-05	 2480	 iter
1864	 2.485229e-05	 2481	 iter
1865	 2.485229e-05	 2482	 iter
1866	 2.485229e-05	 2483	 iter
1867	 2.485229e-05	 2484	 iter
1868	 2.485229e-05	 2486	 iter
1869	 2.485229e-05	 2488	 iter
1870	 2.485229e-05	 2489	 iter
1871	 2.485182e-05	 2491	 iter
1872	 2.485182e-05	 2493	 iter
1873	 2.485088e-05	 2495	 iter
1874	 2.485088e-05	 2496	 iter
1875	 2.485088e-05	 2498	 iter
1876	 2.485088e-05	 2499	 iter
1877	 2.485088e-05	 2500	 iter
1878	 2.485088e-05	 2501	 iter
1879	 2.485088e-05	 2502	 iter
1880	 2.485088e-05	 2503	 iter
1881	 2.485088e-05	 2504	 iter
1882	 2.485088e-05	 2505	 iter
1883	 2.484871e-05	 2507	 iter
1884	 2.484871e-05	 2508	 iter
1885	 2.484871e-05	 2509	 iter
1886	 2.484871e-05	 2510	 iter
1887	 2.484871e-05	 2511	 iter
1888	 2.484871e-05	 2512	 iter
1889	 2.484871e-05	 2513	 iter
1890	 2.484871e-05	 2514	 iter
1891	 2.484871e-05	 2515	 iter
1892	 2.484871e-05	 2516	 iter
1893	 2.484871e-05	 2517	 iter
1894	 2.484871e-05	 2518	 iter
1895	 2.484871e-05	 2519	 iter
1896	 2.484849e-05	 2521	 iter
1897	 2.484849e-05	 2522	 iter
1898	 2.484755e-05	 2524	 iter
1899	 2.484755e-05	 2525	 iter
1900	 2.484755e-05	 2526	 iter
1901	 2.484755e-05	 2527	 iter
1902	 2.484562e-05	 2529	 iter
1903	 2.484562e-05	 2530	 iter
1904	 2.484562e-05	 2531	 iter
1905	 2.484523e-05	 2533	 iter
1906	 2.484523e-05	 2534	 iter
1907	 2.484523e-05	 2535	 iter
1908	 2.484523e-05	 2536	 iter
1909	 2.484482e-05	 2538	 iter
1910	 2.484482e-05	 2539	 iter
1911	 2.484482e-05	 2540	 iter
1912	 2.484482e-05	 2541	 iter
1913	 2.484482e-05	 2542	 iter
1914	 2.484482e-05	 2543	 iter
1915	 2.484331e-05	 2545	 iter
1916	 2.484331e-05	 2546	 iter
1917	 2.484331e-05	 2547	 iter
1918	 2.484305e-05	 2549	 iter
1919	 2.484305e-05	 2550	 iter
1920	 2.484294e-05	 2552	 iter
1921	 2.484172e-05	 2554	 iter
1922	 2.484172e-05	 2555	 iter
1923	 2.484144e-05	 2557	 iter
1924	 2.484144e-05	 2558	 iter
1925	 2.484144e-05	 2559	 iter
1926	 2.484105e-05	 2561	 iter
1927	 2.484105e-05	 2562	 iter
1928	 2.484105e-05	 2563	 iter
1929	 2.484105e-05	 2564	 iter
1930	 2.483971e-05	 2566	 iter
1931	 2.483971e-05	 2567	 iter
1932	 2.483971e-05	 2568	 iter
1933	 2.483908e-05	 2570	 iter
1934	 2.483908e-05	 2571	 iter
1935	 2.483908e-05	 2572	 iter
1936	 2.483908e-05	 2573	 iter
1937	 2.483841e-05	 2575	 iter
1938	 2.483841e-05	 2576	 iter
1939	 2.483841e-05	 2577	 iter
1940	 2.483840e-05	 2579	 iter
1941	 2.483840e-05	 2580	 iter
1942	 2.483840e-05	 2581	 iter
1943	 2.483840e-05	 2583	 iter
1944	 2.483776e-05	 2585	 iter
1945	 2.483776e-05	 2586	 iter
1946	 2.483776e-05	 2587	 iter
1947	 2.483740e-05	 2589	 iter
1948	 2.483662e-05	 2591	 iter
1949	 2.483662e-05	 2592	 iter
1950	 2.483662e-05	 2593	 iter
1951	 2.483662e-05	 2594	 iter
1952	 2.483662e-05	 2595	 iter
1953	 2.483662e-05	 2596	 iter
1954	 2.483662e-05	 2598	 iter
1955	 2.483648e-05	 2600	 iter
1956	 2.483545e-05	 2602	 iter
1957	 2.483334e-05	 2604	 iter
1958	 2.483334e-05	 2605	 iter
1959	 2.483334e-05	 2606	 iter
1960	 2.483334e-05	 2607	 iter
1961	 2.483334e-05	 2608	 iter
1962	 2.483334e-05	 2609	 iter
1963	 2.483334e-05	 2610	 iter
1964	 2.483334e-05	 2611	 iter
1965	 2.483334e-05	 2612	 iter
1966	 2.483334e-05	 2613	 iter
1967	 2.483334e-05	 2614	 iter
1968	 2.483035e-05	 2616	 iter
1969	 2.483035e-05	 2617	 iter
1970	 2.483035e-05	 2618	 iter
1971	 2.483035e-05	 2619	 iter
1972	 2.483035e-05	 2620	 iter
1973	 2.483035e-05	 2621	 iter
1974	 2.483035e-05	 2622	 iter
1975	 2.483016e-05	 2624	 iter
1976	 2.483016e-05	 2625	 iter
1977	 2.482950e-05	 2627	 iter
1978	 2.482950e-05	 2628	 iter
1979	 2.482945e-05	 2630	 iter
1980	 2.482811e-05	 2632	 iter
1981	 2.482811e-05	 2633	 iter
1982	 2.482811e-05	 2634	 iter
1983	 2.482737e-05	 2636	 iter
1984	 2.482737e-05	 2637	 iter
1985	 2.482454e-05	 2639	 iter
1986	 2.482454e-05	 2640	 iter
1987	 2.482454e-05	 2641	 iter
1988	 2.482454e-05	 2642	 iter
1989	 2.482454e-05	 2643	 iter
1990	 2.482454e-05	 2644	 iter
1991	 2.482454e-05	 2645	 iter
1992	 2.482454e-05	 2646	 iter
1993	 2.482162e-05	 2648	 iter
1994	 2.482162e-05	 2649	 iter
1995	 2.482162e-05	 2650	 iter
1996	 2.482162e-05	 2651	 iter
1997	 2.482135e-05	 2653	 iter
1998	 2.481889e-05	 2655	 iter
1999	 2.481889e-05	 2656	 iter
2000	 2.481889e-05	 2657	 iter
2001	 2.481889e-05	 2658	 iter
2002	 2.481889e-05	 2659	 iter
2003	 2.481170e-05	 2661	 iter
2004	 2.481170e-05	 2662	 iter
2005	 2.481170e-05	 2663	 iter
2006	 2.481170e-05	 2664	 iter
2007	 2.480633e-05	 2666	 iter
2008	 2.480633e-05	 2667	 iter
2009	 2.480633e-05	 2668	 iter
2010	 2.480633e-05	 2669	 iter
2011	 2.480633e-05	 2670	 iter
2012	 2.480633e-05	 2671	 iter
2013	 2.480633e-05	 2672	 iter
2014	 2.480633e-05	 2673	 iter
2015	 2.480633e-05	 2674	 iter
2016	 2.480458e-05	 2676	 iter
2017	 2.479774e-05	 2678	 iter
2018	 2.479774e-05	 2679	 iter
2019	 2.479774e-05	 2680	 iter
2020	 2.479774e-05	 2681	 iter
2021	 2.479774e-05	 2682	 iter
2022	 2.478886e-05	 2684	 iter
2023	 2.478886e-05	 2685	 iter
2024	 2.478886e-05	 2686	 iter
2025	 2.478886e-05	 2687	 iter
2026	 2.478886e-05	 2688	 iter
2027	 2.478886e-05	 2689	 iter
2028	 2.478886e-05	 2690	 iter
2029	 2.478808e-05	 2692	 iter
2030	 2.478808e-05	 2693	 iter
2031	 2.477731e-05	 2695	 iter
2032	 2.477731e-05	 2696	 iter
2033	 2.477731e-05	 2697	 iter
2034	 2.477731e-05	 2698	 iter
2035	 2.477731e-05	 2699	 iter
2036	 2.477731e-05	 2700	 iter
2037	 2.477731e-05	 2701	 iter
2038	 2.477731e-05	 2702	 iter
2039	 2.477731e-05	 2703	 iter
2040	 2.477731e-05	 2704	 iter
2041	 2.477731e-05	 2705	 iter
2042	 2.477731e-05	 2706	 iter
2043	 2.477731e-05	 2707	 iter
2044	 2.477222e-05	 2709	 iter
2045	 2.477222e-05	 2710	 iter
2046	 2.476995e-05	 2712	 iter
2047	 2.476995e-05	 2713	 iter
2048	 2.476995e-05	 2714	 iter
2049	 2.476995e-05	 2715	 iter
2050	 2.476267e-05	 2717	 iter
2051	 2.476267e-05	 2718	 iter
2052	 2.476267e-05	 2719	 iter
2053	 2.476267e-05	 2720	 iter
2054	 2.476267e-05	 2721	 iter
2055	 2.476267e-05	 2722	 iter
2056	 2.476267e-05	 2723	 iter
2057	 2.476267e-05	 2724	 iter
2058	 2.476157e-05	 2726	 iter
2059	 2.476157e-05	 2727	 iter
2060	 2.476157e-05	 2728	 iter
2061	 2.476157e-05	 2729	 iter
2062	 2.476157e-05	 2730	 iter
2063	 2.475842e-05	 2732	 iter
2064	 2.475842e-05	 2733	 iter
2065	 2.475272e-05	 2735	 iter
2066	 2.475272e-05	 2736	 iter
2067	 2.474838e-05	 2738	 iter
2068	 2.474838e-05	 2739	 iter
2069	 2.474838e-05	 2740	 iter
2070	 2.474838e-05	 2741	 iter
2071	 2.474838e-05	 2742	 iter
2072	 2.474838e-05	 2743	 iter
2073	 2.474838e-05	 2744	 iter
2074	 2.474261e-05	 2746	 iter
2075	 2.473776e-05	 2748	 iter
2076	 2.473776e-05	 2749	 iter
2077	 2.473776e-05	 2750	 iter
2078	 2.473341e-05	 2752	 iter
2079	 2.473341e-05	 2753	 iter
2080	 2.473341e-05	 2754	 iter
2081	 2.473341e-05	 2755	 iter
2082	 2.472606e-05	 2757	 iter
2083	 2.472085e-05	 2759	 iter
2084	 2.471124e-05	 2761	 iter
2085	 2.471124e-05	 2762	 iter
2086	 2.471124e-05	 2763	 iter
2087	 2.471124e-05	 2764	 iter
2088	 2.471055e-05	 2766	 iter
2089	 2.471055e-05	 2767	 iter
2090	 2.470351e-05	 2769	 iter
2091	 2.468422e-05	 2771	 iter
2092	 2.468422e-05	 2772	 iter
2093	 2.468422e-05	 2773	 iter
2094	 2.468422e-05	 2774	 iter
2095	 2.468422e-05	 2775	 iter
2096	 2.465784e-05	 2777	 iter
2097	 2.465784e-05	 2778	 iter
2098	 2.465784e-05	 2779	 iter
2099	 2.465784e-05	 2780	 iter
2100	 2.465784e-05	 2781	 iter
2101	 2.465784e-05	 2782	 iter
2102	 2.464127e-05	 2784	 iter
2103	 2.464127e-05	 2785	 iter
2104	 2.464127e-05	 2786	 iter
2105	 2.464127e-05	 2787	 iter
2106	 2.464127e-05	 2788	 iter
2107	 2.464127e-05	 2789	 iter
2108	 2.462092e-05	 2791	 iter
2109	 2.462092e-05	 2792	 iter
2110	 2.462092e-05	 2793	 iter
2111	 2.457269e-05	 2795	 iter
2112	 2.457269e-05	 2796	 iter
2113	 2.457269e-05	 2797	 iter
2114	 2.457269e-05	 2798	 iter
2115	 2.457269e-05	 2799	 iter
2116	 2.457269e-05	 2800	 iter
2117	 2.457269e-05	 2801	 iter
2118	 2.453893e-05	 2803	 iter
2119	 2.453893e-05	 2804	 iter
2120	 2.453893e-05	 2805	 iter
2121	 2.453893e-05	 2806	 iter
2122	 2.453893e-05	 2807	 iter
2123	 2.453893e-05	 2808	 iter
2124	 2.453893e-05	 2809	 iter
2125	 2.453893e-05	 2810	 iter
2126	 2.453893e-05	 2811	 iter
2127	 2.453493e-05	 2813	 iter
2128	 2.451373e-05	 2815	 iter
2129	 2.451373e-05	 2816	 iter
2130	 2.450256e-05	 2818	 iter
2131	 2.443368e-05	 2820	 iter
2132	 2.443368e-05	 2821	 iter
2133	 2.443368e-05	 2822	 iter
2134	 2.443368e-05	 2823	 iter
2135	 2.443368e-05	 2824	 iter
2136	 2.443368e-05	 2825	 iter
2137	 2.443368e-05	 2826	 iter
2138	 2.439047e-05	 2828	 iter
2139	 2.439047e-05	 2829	 iter
2140	 2.439047e-05	 2830	 iter
2141	 2.439047e-05	 2831	 iter
2142	 2.439047e-05	 2832	 iter
2143	 2.439047e-05	 2833	 iter
2144	 2.436767e-05	 2835	 iter
2145	 2.436767e-05	 2836	 iter
2146	 2.436767e-05	 2837	 iter
2147	 2.435381e-05	 2839	 iter
2148	 2.435381e-05	 2840	 iter
2149	 2.434151e-05	 2842	 iter
2150	 2.434151e-05	 2843	 iter
2151	 2.434151e-05	 2844	 iter
2152	 2.430380e-05	 2846	 iter
2153	 2.426575e-05	 2848	 iter
2154	 2.426575e-05	 2849	 iter
2155	 2.426575e-05	 2850	 iter
2156	 2.425493e-05	 2852	 iter
2157	 2.423389e-05	 2854	 iter
2158	 2.420925e-05	 2856	 iter
2159	 2.415610e-05	 2858	 iter
2160	 2.415610e-05	 2859	 iter
2161	 2.415610e-05	 2860	 iter
2162	 2.415610e-05	 2861	 iter
2163	 2.415610e-05	 2862	 iter
2164	 2.405311e-05	 2864	 iter
2165	 2.405311e-05	 2865	 iter
2166	 2.405311e-05	 2866	 iter
2167	 2.405311e-05	 2867	 iter
2168	 2.401287e-05	 2869	 iter
2169	 2.401287e-05	 2870	 iter
2170	 2.401287e-05	 2871	 iter
2171	 2.401287e-05	 2872	 iter
2172	 2.401287e-05	 2873	 iter
2173	 2.401287e-05	 2874	 iter
2174	 2.401287e-05	 2875	 iter
2175	 2.398092e-05	 2877	 iter
2176	 2.398092e-05	 2878	 iter
2177	 2.398092e-05	 2879	 iter
2178	 2.397117e-05	 2881	 iter
2179	 2.387589e-05	 2883	 iter
2180	 2.385422e-05	 2885	 iter
2181	 2.385422e-05	 2886	 iter
2182	 2.385422e-05	 2887	 iter
2183	 2.370131e-05	 2889	 iter
2184	 2.370131e-05	 2890	 iter
2185	 2.370131e-05	 2891	 iter
2186	 2.370131e-05	 2892	 iter
2187	 2.370131e-05	 2893	 iter
2188	 2.370131e-05	 2894	 iter
2189	 2.370131e-05	 2895	 iter
2190	 2.370131e-05	 2897	 iter
2191	 2.370131e-05	 2898	 iter
2192	 2.367274e-05	 2900	 iter
2193	 2.363148e-05	 2902	 iter
2194	 2.347107e-05	 2904	 iter
2195	 2.347107e-05	 2905	 iter
2196	 2.347107e-05	 2906	 iter
2197	 2.347107e-05	 2907	 iter
2198	 2.339929e-05	 2909	 iter
2199	 2.339929e-05	 2910	 iter
2200	 2.339929e-05	 2911	 iter
2201	 2.339929e-05	 2912	 iter
2202	 2.339929e-05	 2913	 iter
2203	 2.339929e-05	 2914	 iter
2204	 2.339929e-05	 2915	 iter
2205	 2.333963e-05	 2917	 iter
2206	 2.329395e-05	 2919	 iter
2207	 2.329395e-05	 2920	 iter
2208	 2.326929e-05	 2922	 iter
2209	 2.324154e-05	 2924	 iter
2210	 2.324154e-05	 2926	 iter
2211	 2.320617e-05	 2928	 iter
2212	 2.320617e-05	 2929	 iter
2213	 2.320617e-05	 2930	 iter
2214	 2.315216e-05	 2932	 iter
2215	 2.315216e-05	 2933	 iter
2216	 2.315216e-05	 2934	 iter
2217	 2.315216e-05	 2935	 iter
2218	 2.315216e-05	 2936	 iter
2219	 2.315216e-05	 2937	 iter
2220	 2.315216e-05	 2938	 iter
2221	 2.315216e-05	 2939	 iter
2222	 2.315216e-05	 2940	 iter
2223	 2.292543e-05	 2942	 iter
2224	 2.292543e-05	 2943	 iter
2225	 2.292543e-05	 2944	 iter
2226	 2.292543e-05	 2945	 iter
2227	 2.292543e-05	 2946	 iter
2228	 2.292543e-05	 2947	 iter
2229	 2.292543e-05	 2948	 iter
2230	 2.292543e-05	 2950	 iter
2231	 2.292543e-05	 2952	 iter
2232	 2.292543e-05	 2953	 iter
2233	 2.292543e-05	 2954	 iter
2234	 2.292543e-05	 2955	 iter
2235	 2.292543e-05	 2956	 iter
2236	 2.292543e-05	 2957	 iter
2237	 2.292543e-05	 2958	 iter
2238	 2.292543e-05	 2959	 iter
2239	 2.292543e-05	 2960	 iter
2240	 2.292543e-05	 2961	 iter
2241	 2.292543e-05	 2962	 iter
2242	 2.292543e-05	 2963	 iter
2243	 2.287956e-05	 2965	 iter
2244	 2.287956e-05	 2966	 iter
2245	 2.287956e-05	 2968	 iter
2246	 2.287956e-05	 2969	 iter
2247	 2.287956e-05	 2970	 iter
2248	 2.283870e-05	 2972	 iter
2249	 2.283870e-05	 2973	 iter
2250	 2.282934e-05	 2975	 iter
2251	 2.282934e-05	 2976	 iter
2252	 2.282934e-05	 2977	 iter
2253	 2.282934e-05	 2978	 iter
2254	 2.280300e-05	 2980	 iter
2255	 2.280300e-05	 2981	 iter
2256	 2.280300e-05	 2982	 iter
2257	 2.276396e-05	 2984	 iter
2258	 2.276396e-05	 2985	 iter
2259	 2.276396e-05	 2987	 iter
2260	 2.276396e-05	 2988	 iter
2261	 2.261811e-05	 2990	 iter
2262	 2.261811e-05	 2991	 iter
2263	 2.261811e-05	 2992	 iter
2264	 2.261811e-05	 2993	 iter
2265	 2.261811e-05	 2994	 iter
2266	 2.261811e-05	 2995	 iter
2267	 2.261811e-05	 2996	 iter
2268	 2.261811e-05	 2998	 iter
2269	 2.261811e-05	 2999	 iter
2270	 2.261811e-05	 3000	 iter
2271	 2.261811e-05	 3001	 iter
2272	 2.261811e-05	 3002	 iter
2273	 2.261811e-05	 3003	 iter
2274	 2.261811e-05	 3004	 iter
2275	 2.261811e-05	 3005	 iter
2276	 2.261241e-05	 3007	 iter
2277	 2.261241e-05	 3008	 iter
2278	 2.256312e-05	 3010	 iter
2279	 2.256312e-05	 3011	 iter
2280	 2.256312e-05	 3012	 iter
2281	 2.256312e-05	 3013	 iter
2282	 2.256312e-05	 3014	 iter
2283	 2.256312e-05	 3015	 iter
2284	 2.256312e-05	 3016	 iter
2285	 2.256312e-05	 3017	 iter
2286	 2.256312e-05	 3018	 iter
2287	 2.247492e-05	 3020	 iter
2288	 2.247492e-05	 3022	 iter
2289	 2.243693e-05	 3024	 iter
2290	 2.243693e-05	 3025	 iter
2291	 2.243693e-05	 3026	 iter
2292	 2.243693e-05	 3027	 iter
2293	 2.243693e-05	 3028	 iter
2294	 2.243693e-05	 3029	 iter
2295	 2.243693e-05	 3030	 iter
2296	 2.243693e-05	 3031	 iter
2297	 2.243693e-05	 3032	 iter
2298	 2.242940e-05	 3034	 iter
2299	 2.242940e-05	 3035	 iter
2300	 2.242940e-05	 3036	 iter
2301	 2.242940e-05	 3037	 iter
2302	 2.242940e-05	 3038	 iter
2303	 2.242940e-05	 3039	 iter
2304	 2.242940e-05	 3041	 iter
2305	 2.242369e-05	 3043	 iter
2306	 2.237506e-05	 3045	 iter
2307	 2.237506e-05	 3046	 iter
2308	 2.237506e-05	 3047	 iter
2309	 2.237506e-05	 3048	 iter
2310	 2.237506e-05	 3049	 iter
2311	 2.237506e-05	 3050	 iter
2312	 2.237506e-05	 3051	 iter
2313	 2.237506e-05	 3052	 iter
2314	 2.237506e-05	 3053	 iter
2315	 2.235079e-05	 3055	 iter
2316	 2.232964e-05	 3057	 iter
2317	 2.232964e-05	 3058	 iter
2318	 2.229558e-05	 3060	 iter
2319	 2.229558e-05	 3061	 iter
2320	 2.229558e-05	 3062	 iter
2321	 2.229558e-05	 3063	 iter
2322	 2.229558e-05	 3064	 iter
2323	 2.229558e-05	 3065	 iter
2324	 2.229558e-05	 3066	 iter
2325	 2.225555e-05	 3068	 iter
2326	 2.225555e-05	 3069	 iter
2327	 2.224744e-05	 3071	 iter
2328	 2.224744e-05	 3072	 iter
2329	 2.224744e-05	 3073	 iter
2330	 2.224744e-05	 3074	 iter
2331	 2.224744e-05	 3075	 iter
2332	 2.224744e-05	 3077	 iter
2333	 2.224744e-05	 3078	 iter
2334	 2.224744e-05	 3079	 iter
2335	 2.224220e-05	 3081	 iter
2336	 2.224220e-05	 3082	 iter
2337	 2.224220e-05	 3083	 iter
2338	 2.224220e-05	 3084	 iter
2339	 2.224220e-05	 3085	 iter
2340	 2.224220e-05	 3087	 iter
2341	 2.224220e-05	 3088	 iter
2342	 2.223308e-05	 3090	 iter
2343	 2.223308e-05	 3091	 iter
2344	 2.223308e-05	 3093	 iter
2345	 2.223308e-05	 3094	 iter
2346	 2.223308e-05	 3096	 iter
2347	 2.218604e-05	 3098	 iter
2348	 2.218604e-05	 3099	 iter
2349	 2.215180e-05	 3101	 iter
2350	 2.215180e-05	 3102	 iter
2351	 2.215180e-05	 3103	 iter
2352	 2.215180e-05	 3104	 iter
2353	 2.215180e-05	 3105	 iter
2354	 2.215180e-05	 3106	 iter
2355	 2.215180e-05	 3107	 iter
2356	 2.215180e-05	 3108	 iter
2357	 2.215180e-05	 3109	 iter
2358	 2.215180e-05	 3111	 iter
2359	 2.215180e-05	 3112	 iter
2360	 2.215180e-05	 3114	 iter
2361	 2.215180e-05	 3116	 iter
2362	 2.215180e-05	 3117	 iter
2363	 2.214484e-05	 3119	 iter
2364	 2.214484e-05	 3120	 iter
2365	 2.214484e-05	 3121	 iter
2366	 2.214484e-05	 3122	 iter
2367	 2.214484e-05	 3124	 iter
2368	 2.210674e-05	 3126	 iter
2369	 2.210674e-05	 3127	 iter
2370	 2.210674e-05	 3128	 iter
2371	 2.210674e-05	 3129	 iter
2372	 2.210674e-05	 3131	 iter
2373	 2.210674e-05	 3133	 iter
2374	 2.210674e-05	 3135	 iter
2375	 2.210674e-05	 3136	 iter
2376	 2.210674e-05	 3137	 iter
2377	 2.210674e-05	 3138	 iter
2378	 2.210236e-05	 3140	 iter
2379	 2.210236e-05	 3141	 iter
2380	 2.205977e-05	 3143	 iter
2381	 2.205977e-05	 3144	 iter
2382	 2.205977e-05	 3145	 iter
2383	 2.205977e-05	 3146	 iter
2384	 2.205977e-05	 3147	 iter
2385	 2.205977e-05	 3148	 iter
2386	 2.205977e-05	 3149	 iter
2387	 2.205977e-05	 3150	 iter
2388	 2.205764e-05	 3152	 iter
2389	 2.205250e-05	 3154	 iter
2390	 2.205250e-05	 3155	 iter
2391	 2.203727e-05	 3157	 iter
2392	 2.203727e-05	 3158	 iter
2393	 2.203727e-05	 3159	 iter
2394	 2.203727e-05	 3160	 iter
2395	 2.203727e-05	 3161	 iter
2396	 2.203727e-05	 3162	 iter
2397	 2.203685e-05	 3164	 iter
2398	 2.203685e-05	 3166	 iter
2399	 2.203685e-05	 3167	 iter
2400	 2.203567e-05	 3169	 iter
2401	 2.203567e-05	 3170	 iter
2402	 2.202704e-05	 3172	 iter
2403	 2.202704e-05	 3173	 iter
2404	 2.201286e-05	 3175	 iter
2405	 2.201286e-05	 3176	 iter
2406	 2.201286e-05	 3177	 iter
2407	 2.201286e-05	 3178	 iter
2408	 2.201286e-05	 3179	 iter
2409	 2.201286e-05	 3180	 iter
2410	 2.201286e-05	 3181	 iter
2411	 2.201286e-05	 3182	 iter
2412	 2.201286e-05	 3183	 iter
2413	 2.201286e-05	 3184	 iter
2414	 2.199493e-05	 3186	 iter
2415	 2.199493e-05	 3188	 iter
2416	 2.199493e-05	 3190	 iter
2417	 2.196108e-05	 3192	 iter
2418	 2.196108e-05	 3194	 iter
2419	 2.196108e-05	 3195	 iter
2420	 2.196108e-05	 3197	 iter
2421	 2.196108e-05	 3198	 iter
2422	 2.196108e-05	 3199	 iter
2423	 2.196108e-05	 3200	 iter
2424	 2.196108e-05	 3201	 iter
2425	 2.196108e-05	 3202	 iter
2426	 2.196108e-05	 3203	 iter
2427	 2.196108e-05	 3204	 iter
2428	 2.196108e-05	 3205	 iter
2429	 2.196108e-05	 3206	 iter
2430	 2.196108e-05	 3207	 iter
2431	 2.194958e-05	 3209	 iter
2432	 2.194958e-05	 3210	 iter
2433	 2.194958e-05	 3211	 iter
2434	 2.194660e-05	 3213	 iter
2435	 2.194660e-05	 3214	 iter
2436	 2.194660e-05	 3215	 iter
2437	 2.194660e-05	 3216	 iter
2438	 2.194660e-05	 3217	 iter
2439	 2.193679e-05	 3219	 iter
2440	 2.193679e-05	 3220	 iter
2441	 2.193679e-05	 3221	 iter
2442	 2.193679e-05	 3222	 iter
2443	 2.193679e-05	 3223	 iter
2444	 2.193679e-05	 3224	 iter
2445	 2.193679e-05	 3225	 iter
2446	 2.193073e-05	 3227	 iter
2447	 2.193073e-05	 3229	 iter
2448	 2.193073e-05	 3230	 iter
2449	 2.193073e-05	 3231	 iter
2450	 2.193073e-05	 3232	 iter
2451	 2.193073e-05	 3233	 iter
2452	 2.193073e-05	 3235	 iter
2453	 2.193073e-05	 3236	 iter
2454	 2.193073e-05	 3238	 iter
2455	 2.193073e-05	 3240	 iter
2456	 2.191925e-05	 3242	 iter
2457	 2.191925e-05	 3244	 iter
2458	 2.191925e-05	 3246	 iter
2459	 2.191925e-05	 3247	 iter
2460	 2.191925e-05	 3248	 iter
2461	 2.191925e-05	 3249	 iter
2462	 2.191925e-05	 3250	 iter
2463	 2.191925e-05	 3251	 iter
2464	 2.191925e-05	 3253	 iter
2465	 2.191925e-05	 3255	 iter
2466	 2.191925e-05	 3257	 iter
2467	 2.191925e-05	 3258	 iter
2468	 2.191925e-05	 3259	 iter
2469	 2.191925e-05	 3261	 iter
2470	 2.191925e-05	 3262	 iter
2471	 2.191925e-05	 3263	 iter
2472	 2.191920e-05	 3265	 iter
2473	 2.191920e-05	 3266	 iter
2474	 2.191920e-05	 3268	 iter
2475	 2.191920e-05	 3269	 iter
2476	 2.191624e-05	 3271	 iter
2477	 2.191624e-05	 3272	 iter
2478	 2.191624e-05	 3273	 iter
2479	 2.191029e-05	 3275	 iter
2480	 2.191005e-05	 3277	 iter
2481	 2.191005e-05	 3278	 iter
2482	 2.191005e-05	 3279	 iter
2483	 2.191005e-05	 3280	 iter
2484	 2.191005e-05	 3281	 iter
2485	 2.191005e-05	 3282	 iter
2486	 2.190846e-05	 3284	 iter
2487	 2.190730e-05	 3286	 iter
2488	 2.190730e-05	 3287	 iter
2489	 2.190730e-05	 3288	 iter
2490	 2.190028e-05	 3290	 iter
2491	 2.190028e-05	 3291	 iter
2492	 2.190028e-05	 3292	 iter
2493	 2.190028e-05	 3293	 iter
2494	 2.190015e-05	 3295	 iter
2495	 2.190015e-05	 3296	 iter
2496	 2.189745e-05	 3298	 iter
2497	 2.189745e-05	 3299	 iter
2498	 2.189745e-05	 3300	 iter
2499	 2.189745e-05	 3301	 iter
2500	 2.189745e-05	 3302	 iter
2501	 2.189745e-05	 3303	 iter
2502	 2.189427e-05	 3305	 iter
2503	 2.189427e-05	 3306	 iter
2504	 2.189427e-05	 3307	 iter
2505	 2.189427e-05	 3308	 iter
2506	 2.189427e-05	 3310	 iter
2507	 2.188960e-05	 3312	 iter
2508	 2.188960e-05	 3313	 iter
2509	 2.188960e-05	 3314	 iter
2510	 2.188635e-05	 3316	 iter
2511	 2.188635e-05	 3317	 iter
2512	 2.188635e-05	 3318	 iter
2513	 2.188635e-05	 3319	 iter
2514	 2.188610e-05	 3321	 iter
2515	 2.188610e-05	 3322	 iter
2516	 2.188597e-05	 3324	 iter
2517	 2.188597e-05	 3325	 iter
2518	 2.188379e-05	 3327	 iter
2519	 2.188379e-05	 3328	 iter
2520	 2.188379e-05	 3329	 iter
2521	 2.187020e-05	 3331	 iter
2522	 2.187020e-05	 3332	 iter
2523	 2.187020e-05	 3333	 iter
2524	 2.187020e-05	 3334	 iter
2525	 2.187020e-05	 3335	 iter
2526	 2.187020e-05	 3336	 iter
2527	 2.187020e-05	 3337	 iter
2528	 2.187020e-05	 3338	 iter
2529	 2.187020e-05	 3339	 iter
2530	 2.187020e-05	 3340	 iter
2531	 2.187000e-05	 3342	 iter
2532	 2.187000e-05	 3343	 iter
2533	 2.187000e-05	 3344	 iter
2534	 2.187000e-05	 3345	 iter
2535	 2.187000e-05	 3346	 iter
2536	 2.186963e-05	 3348	 iter
2537	 2.186963e-05	 3349	 iter
2538	 2.186282e-05	 3351	 iter
2539	 2.186282e-05	 3352	 iter
2540	 2.186282e-05	 3353	 iter
2541	 2.185936e-05	 3355	 iter
2542	 2.185936e-05	 3356	 iter
2543	 2.185936e-05	 3357	 iter
2544	 2.185936e-05	 3358	 iter
2545	 2.185936e-05	 3359	 iter
2546	 2.185936e-05	 3360	 iter
2547	 2.185936e-05	 3361	 iter
2548	 2.185911e-05	 3363	 iter
2549	 2.185911e-05	 3364	 iter
2550	 2.185911e-05	 3365	 iter
2551	 2.185774e-05	 3367	 iter
2552	 2.184710e-05	 3369	 iter
2553	 2.184675e-05	 3371	 iter
2554	 2.184500e-05	 3373	 iter
2555	 2.184500e-05	 3374	 iter
2556	 2.184500e-05	 3375	 iter
2557	 2.184500e-05	 3376	 iter
2558	 2.184500e-05	 3377	 iter
2559	 2.184500e-05	 3378	 iter
2560	 2.184500e-05	 3379	 iter
2561	 2.184500e-05	 3380	 iter
2562	 2.183168e-05	 3382	 iter
2563	 2.183168e-05	 3383	 iter
2564	 2.183168e-05	 3384	 iter
2565	 2.183168e-05	 3385	 iter
2566	 2.183168e-05	 3386	 iter
2567	 2.183168e-05	 3387	 iter
2568	 2.183168e-05	 3388	 iter
2569	 2.182896e-05	 3390	 iter
2570	 2.182896e-05	 3391	 iter
2571	 2.182896e-05	 3392	 iter
2572	 2.182614e-05	 3394	 iter
2573	 2.182614e-05	 3395	 iter
2574	 2.182614e-05	 3396	 iter
2575	 2.182614e-05	 3397	 iter
2576	 2.182614e-05	 3398	 iter
2577	 2.182614e-05	 3399	 iter
2578	 2.182614e-05	 3400	 iter
2579	 2.181770e-05	 3402	 iter
2580	 2.181770e-05	 3403	 iter
2581	 2.180914e-05	 3405	 iter
2582	 2.180842e-05	 3407	 iter
2583	 2.180842e-05	 3408	 iter
2584	 2.180842e-05	 3409	 iter
2585	 2.180842e-05	 3410	 iter
2586	 2.180842e-05	 3411	 iter
2587	 2.180842e-05	 3412	 iter
2588	 2.180639e-05	 3414	 iter
2589	 2.180639e-05	 3415	 iter
2590	 2.180639e-05	 3416	 iter
2591	 2.180639e-05	 3417	 iter
2592	 2.180604e-05	 3419	 iter
2593	 2.179832e-05	 3421	 iter
2594	 2.179832e-05	 3422	 iter
2595	 2.179554e-05	 3424	 iter
2596	 2.179554e-05	 3425	 iter
2597	 2.179270e-05	 3427	 iter
2598	 2.179270e-05	 3428	 iter
2599	 2.179270e-05	 3429	 iter
2600	 2.179270e-05	 3430	 iter
2601	 2.178525e-05	 3432	 iter
2602	 2.178525e-05	 3433	 iter
2603	 2.178525e-05	 3434	 iter
2604	 2.178525e-05	 3435	 iter
2605	 2.178525e-05	 3436	 iter
2606	 2.178525e-05	 3437	 iter
2607	 2.178525e-05	 3438	 iter
2608	 2.178525e-05	 3439	 iter
2609	 2.177470e-05	 3441	 iter
2610	 2.177470e-05	 3442	 iter
2611	 2.177470e-05	 3443	 iter
2612	 2.177470e-05	 3444	 iter
2613	 2.177470e-05	 3445	 iter
2614	 2.177470e-05	 3446	 iter
2615	 2.176739e-05	 3448	 iter
2616	 2.176739e-05	 3449	 iter
2617	 2.176739e-05	 3450	 iter
2618	 2.176739e-05	 3451	 iter
2619	 2.175578e-05	 3453	 iter
2620	 2.175578e-05	 3454	 iter
2621	 2.175578e-05	 3455	 iter
2622	 2.175578e-05	 3456	 iter
2623	 2.175578e-05	 3457	 iter
2624	 2.175578e-05	 3458	 iter
2625	 2.175578e-05	 3459	 iter
2626	 2.175578e-05	 3460	 iter
2627	 2.175578e-05	 3461	 iter
2628	 2.174805e-05	 3463	 iter
2629	 2.174805e-05	 3464	 iter
2630	 2.174805e-05	 3465	 iter
2631	 2.174805e-05	 3466	 iter
2632	 2.174805e-05	 3467	 iter
2633	 2.174805e-05	 3468	 iter
2634	 2.174805e-05	 3469	 iter
2635	 2.174805e-05	 3470	 iter
2636	 2.174394e-05	 3472	 iter
2637	 2.174394e-05	 3473	 iter
2638	 2.174394e-05	 3474	 iter
2639	 2.174394e-05	 3475	 iter
2640	 2.174394e-05	 3476	 iter
2641	 2.174394e-05	 3477	 iter
2642	 2.174362e-05	 3479	 iter
2643	 2.174362e-05	 3480	 iter
2644	 2.174362e-05	 3481	 iter
2645	 2.174362e-05	 3482	 iter
2646	 2.174362e-05	 3483	 iter
2647	 2.174362e-05	 3484	 iter
2648	 2.174362e-05	 3485	 iter
2649	 2.174362e-05	 3486	 iter
2650	 2.174362e-05	 3487	 iter
2651	 2.174362e-05	 3488	 iter
2652	 2.173907e-05	 3490	 iter
2653	 2.173907e-05	 3491	 iter
2654	 2.173907e-05	 3492	 iter
2655	 2.173907e-05	 3494	 iter
2656	 2.173863e-05	 3496	 iter
2657	 2.173863e-05	 3497	 iter
2658	 2.173863e-05	 3498	 iter
2659	 2.173863e-05	 3499	 iter
2660	 2.173863e-05	 3500	 iter
2661	 2.173863e-05	 3502	 iter
2662	 2.173863e-05	 3503	 iter
2663	 2.173863e-05	 3505	 iter
2664	 2.173863e-05	 3507	 iter
2665	 2.173863e-05	 3508	 iter
2666	 2.173704e-05	 3510	 iter
2667	 2.173704e-05	 3511	 iter
2668	 2.173704e-05	 3513	 iter
2669	 2.173704e-05	 3515	 iter
2670	 2.173577e-05	 3517	 iter
2671	 2.173577e-05	 3518	 iter
2672	 2.173577e-05	 3519	 iter
2673	 2.173577e-05	 3521	 iter
2674	 2.173577e-05	 3523	 iter
2675	 2.173577e-05	 3525	 iter
2676	 2.173577e-05	 3526	 iter
2677	 2.173577e-05	 3527	 iter
2678	 2.173577e-05	 3528	 iter
2679	 2.173519e-05	 3530	 iter
2680	 2.173465e-05	 3532	 iter
2681	 2.173402e-05	 3534	 iter
2682	 2.173402e-05	 3535	 iter
2683	 2.173402e-05	 3536	 iter
2684	 2.173375e-05	 3538	 iter
2685	 2.173346e-05	 3540	 iter
2686	 2.173346e-05	 3541	 iter
2687	 2.173318e-05	 3543	 iter
2688	 2.173318e-05	 3544	 iter
2689	 2.173318e-05	 3545	 iter
2690	 2.173226e-05	 3547	 iter
2691	 2.173226e-05	 3549	 iter
2692	 2.173175e-05	 3551	 iter
2693	 2.173175e-05	 3552	 iter
2694	 2.173175e-05	 3553	 iter
2695	 2.173175e-05	 3554	 iter
2696	 2.173175e-05	 3555	 iter
2697	 2.173162e-05	 3557	 iter
2698	 2.173162e-05	 3558	 iter
2699	 2.173152e-05	 3560	 iter
2700	 2.173146e-05	 3562	 iter
2701	 2.173146e-05	 3563	 iter
2702	 2.173146e-05	 3564	 iter
2703	 2.173146e-05	 3565	 iter
2704	 2.173105e-05	 3567	 iter
2705	 2.173105e-05	 3569	 iter
2706	 2.173105e-05	 3570	 iter
2707	 2.173105e-05	 3571	 iter
2708	 2.173099e-05	 3573	 iter
2709	 2.173098e-05	 3575	 iter
2710	 2.173038e-05	 3577	 iter
2711	 2.173038e-05	 3578	 iter
2712	 2.173038e-05	 3580	 iter
2713	 2.173038e-05	 3581	 iter
2714	 2.173038e-05	 3583	 iter
2715	 2.173035e-05	 3585	 iter
2716	 2.173024e-05	 3587	 iter
2717	 2.173024e-05	 3588	 iter
2718	 2.173024e-05	 3590	 iter
2719	 2.173024e-05	 3592	 iter
2720	 2.173019e-05	 3594	 iter
2721	 2.173019e-05	 3595	 iter
2722	 2.173011e-05	 3597	 iter
2723	 2.173011e-05	 3599	 iter
2724	 2.173011e-05	 3601	 iter
2725	 2.173009e-05	 3603	 iter
2726	 2.173004e-05	 3605	 iter
2727	 2.173004e-05	 3606	 iter
2728	 2.172939e-05	 3608	 iter
2729	 2.172939e-05	 3609	 iter
2730	 2.172939e-05	 3610	 iter
2731	 2.172939e-05	 3612	 iter
2732	 2.172939e-05	 3614	 iter
2733	 2.172939e-05	 3616	 iter
2734	 2.172939e-05	 3618	 iter
2735	 2.172939e-05	 3619	 iter
2736	 2.172939e-05	 3620	 iter
2737	 2.172939e-05	 3622	 iter
2738	 2.172939e-05	 3623	 iter
2739	 2.172939e-05	 3624	 iter
2740	 2.172939e-05	 3625	 iter
2741	 2.172939e-05	 3627	 iter
2742	 2.172939e-05	 3629	 iter
2743	 2.172939e-05	 3630	 iter
2744	 2.172939e-05	 3632	 iter
2745	 2.172939e-05	 3633	 iter
2746	 2.172906e-05	 3635	 iter
2747	 2.172906e-05	 3636	 iter
2748	 2.172906e-05	 3638	 iter
2749	 2.172906e-05	 3639	 iter
2750	 2.172906e-05	 3640	 iter
2751	 2.172906e-05	 3642	 iter
2752	 2.172906e-05	 3644	 iter
2753	 2.172906e-05	 3645	 iter
2754	 2.172906e-05	 3646	 iter
2755	 2.172906e-05	 3647	 iter
2756	 2.172906e-05	 3649	 iter
2757	 2.172906e-05	 3650	 iter
2758	 2.172906e-05	 3651	 iter
2759	 2.172906e-05	 3652	 iter
2760	 2.172906e-05	 3653	 iter
2761	 2.172906e-05	 3654	 iter
2762	 2.172906e-05	 3655	 iter
2763	 2.172906e-05	 3656	 iter
2764	 2.172906e-05	 3658	 iter
2765	 2.172906e-05	 3659	 iter
2766	 2.172903e-05	 3661	 iter
2767	 2.172884e-05	 3663	 iter
2768	 2.172884e-05	 3664	 iter
2769	 2.172884e-05	 3666	 iter
2770	 2.172884e-05	 3667	 iter
2771	 2.172884e-05	 3668	 iter
2772	 2.172884e-05	 3669	 iter
2773	 2.172884e-05	 3670	 iter
2774	 2.172884e-05	 3671	 iter
2775	 2.172882e-05	 3673	 iter
2776	 2.172882e-05	 3674	 iter
2777	 2.172882e-05	 3676	 iter
2778	 2.172882e-05	 3677	 iter
2779	 2.172881e-05	 3679	 iter
2780	 2.172881e-05	 3680	 iter
2781	 2.172881e-05	 3681	 iter
2782	 2.172881e-05	 3683	 iter
2783	 2.172881e-05	 3685	 iter
2784	 2.172881e-05	 3686	 iter
2785	 2.172865e-05	 3688	 iter
2786	 2.172865e-05	 3689	 iter
2787	 2.172865e-05	 3691	 iter
2788	 2.172865e-05	 3692	 iter
2789	 2.172865e-05	 3693	 iter
2790	 2.172865e-05	 3694	 iter
2791	 2.172865e-05	 3695	 iter
2792	 2.172865e-05	 3697	 iter
2793	 2.172865e-05	 3699	 iter
2794	 2.172859e-05	 3701	 iter
2795	 2.172859e-05	 3702	 iter
2796	 2.172859e-05	 3703	 iter
2797	 2.172859e-05	 3704	 iter
2798	 2.172851e-05	 3706	 iter
2799	 2.172845e-05	 3708	 iter
2800	 2.172845e-05	 3709	 iter
2801	 2.172845e-05	 3710	 iter
2802	 2.172845e-05	 3711	 iter
2803	 2.172845e-05	 3713	 iter
2804	 2.172845e-05	 3714	 iter
2805	 2.172843e-05	 3716	 iter
2806	 2.172843e-05	 3717	 iter
2807	 2.172839e-05	 3719	 iter
2808	 2.172839e-05	 3720	 iter
2809	 2.172816e-05	 3722	 iter
2810	 2.172816e-05	 3723	 iter
2811	 2.172816e-05	 3724	 iter
2812	 2.172816e-05	 3725	 iter
2813	 2.172816e-05	 3726	 iter
2814	 2.172816e-05	 3727	 iter
2815	 2.172816e-05	 3728	 iter
2816	 2.172816e-05	 3729	 iter
2817	 2.172813e-05	 3731	 iter
2818	 2.172795e-05	 3733	 iter
2819	 2.172795e-05	 3734	 iter
2820	 2.172795e-05	 3735	 iter
2821	 2.172795e-05	 3736	 iter
2822	 2.172795e-05	 3737	 iter
2823	 2.172795e-05	 3738	 iter
2824	 2.172795e-05	 3739	 iter
2825	 2.172795e-05	 3740	 iter
2826	 2.172795e-05	 3741	 iter
2827	 2.172771e-05	 3743	 iter
2828	 2.172771e-05	 3744	 iter
2829	 2.172771e-05	 3745	 iter
2830	 2.172771e-05	 3746	 iter
2831	 2.172771e-05	 3747	 iter
2832	 2.172771e-05	 3748	 iter
2833	 2.172771e-05	 3749	 iter
2834	 2.172771e-05	 3750	 iter
2835	 2.172771e-05	 3751	 iter
2836	 2.172771e-05	 3752	 iter
2837	 2.172763e-05	 3754	 iter
2838	 2.172763e-05	 3755	 iter
2839	 2.172751e-05	 3757	 iter
2840	 2.172743e-05	 3759	 iter
2841	 2.172743e-05	 3760	 iter
2842	 2.172743e-05	 3761	 iter
2843	 2.172743e-05	 3762	 iter
2844	 2.172743e-05	 3764	 iter
2845	 2.172743e-05	 3765	 iter
2846	 2.172743e-05	 3766	 iter
2847	 2.172740e-05	 3768	 iter
2848	 2.172740e-05	 3769	 iter
2849	 2.172740e-05	 3770	 iter
2850	 2.172740e-05	 3771	 iter
2851	 2.172740e-05	 3772	 iter
2852	 2.172740e-05	 3773	 iter
2853	 2.172740e-05	 3774	 iter
2854	 2.172729e-05	 3776	 iter
2855	 2.172709e-05	 3778	 iter
2856	 2.172709e-05	 3779	 iter
2857	 2.172709e-05	 3780	 iter
2858	 2.172709e-05	 3781	 iter
2859	 2.172709e-05	 3782	 iter
2860	 2.172709e-05	 3783	 iter
2861	 2.172709e-05	 3784	 iter
2862	 2.172709e-05	 3785	 iter
2863	 2.172709e-05	 3786	 iter
2864	 2.172705e-05	 3788	 iter
2865	 2.172705e-05	 3789	 iter
2866	 2.172705e-05	 3790	 iter
2867	 2.172705e-05	 3791	 iter
2868	 2.172705e-05	 3792	 iter
2869	 2.172705e-05	 3793	 iter
2870	 2.172705e-05	 3794	 iter
2871	 2.172705e-05	 3795	 iter
2872	 2.172703e-05	 3797	 iter
2873	 2.172692e-05	 3799	 iter
2874	 2.172692e-05	 3800	 iter
2875	 2.172692e-05	 3801	 iter
2876	 2.172692e-05	 3802	 iter
2877	 2.172692e-05	 3803	 iter
2878	 2.172687e-05	 3805	 iter
2879	 2.172687e-05	 3806	 iter
2880	 2.172687e-05	 3807	 iter
2881	 2.172687e-05	 3808	 iter
2882	 2.172681e-05	 3810	 iter
2883	 2.172681e-05	 3811	 iter
2884	 2.172681e-05	 3812	 iter
2885	 2.172681e-05	 3813	 iter
2886	 2.172681e-05	 3814	 iter
2887	 2.172676e-05	 3816	 iter
2888	 2.172676e-05	 3817	 iter
2889	 2.172676e-05	 3818	 iter
2890	 2.172676e-05	 3819	 iter
2891	 2.172676e-05	 3820	 iter
2892	 2.172676e-05	 3821	 iter
2893	 2.172676e-05	 3822	 iter
2894	 2.172676e-05	 3823	 iter
2895	 2.172676e-05	 3824	 iter
2896	 2.172676e-05	 3825	 iter
2897	 2.172676e-05	 3827	 iter
2898	 2.172671e-05	 3829	 iter
2899	 2.172671e-05	 3831	 iter
2900	 2.172671e-05	 3832	 iter
2901	 2.172671e-05	 3833	 iter
2902	 2.172671e-05	 3835	 iter
2903	 2.172671e-05	 3836	 iter
2904	 2.172671e-05	 3837	 iter
2905	 2.172671e-05	 3839	 iter
2906	 2.172671e-05	 3841	 iter
2907	 2.172671e-05	 3843	 iter
2908	 2.172671e-05	 3844	 iter
2909	 2.172671e-05	 3845	 iter
2910	 2.172671e-05	 3846	 iter
2911	 2.172671e-05	 3848	 iter
2912	 2.172671e-05	 3850	 iter
2913	 2.172671e-05	 3852	 iter
2914	 2.172671e-05	 3854	 iter
2915	 2.172671e-05	 3856	 iter
2916	 2.172671e-05	 3857	 iter
2917	 2.172670e-05	 3859	 iter
2918	 2.172664e-05	 3861	 iter
2919	 2.172664e-05	 3863	 iter
2920	 2.172664e-05	 3864	 iter
2921	 2.172664e-05	 3865	 iter
2922	 2.172664e-05	 3867	 iter
2923	 2.172664e-05	 3869	 iter
2924	 2.172664e-05	 3870	 iter
2925	 2.172664e-05	 3871	 iter
2926	 2.172664e-05	 3872	 iter
2927	 2.172663e-05	 3874	 iter
2928	 2.172663e-05	 3875	 iter
2929	 2.172663e-05	 3876	 iter
2930	 2.172663e-05	 3877	 iter
2931	 2.172663e-05	 3879	 iter
2932	 2.172663e-05	 3881	 iter
2933	 2.172663e-05	 3882	 iter
2934	 2.172663e-05	 3883	 iter
2935	 2.172663e-05	 3884	 iter
2936	 2.172663e-05	 3885	 iter
2937	 2.172663e-05	 3887	 iter
2938	 2.172663e-05	 3888	 iter
2939	 2.172663e-05	 3889	 iter
2940	 2.172663e-05	 3890	 iter
2941	 2.172663e-05	 3891	 iter
2942	 2.172663e-05	 3892	 iter
2943	 2.172663e-05	 3894	 iter
2944	 2.172662e-05	 3896	 iter
2945	 2.172662e-05	 3897	 iter
2946	 2.172662e-05	 3899	 iter
2947	 2.172662e-05	 3900	 iter
2948	 2.172662e-05	 3901	 iter
2949	 2.172662e-05	 3902	 iter
2950	 2.172662e-05	 3903	 iter
2951	 2.172661e-05	 3905	 iter
2952	 2.172661e-05	 3906	 iter
2953	 2.172661e-05	 3908	 iter
2954	 2.172661e-05	 3910	 iter
2955	 2.172661e-05	 3911	 iter
2956	 2.172661e-05	 3913	 iter
2957	 2.172661e-05	 3914	 iter
2958	 2.172661e-05	 3915	 iter
2959	 2.172661e-05	 3916	 iter
2960	 2.172661e-05	 3917	 iter
2961	 2.172660e-05	 3919	 iter
2962	 2.172660e-05	 3921	 iter
2963	 2.172660e-05	 3923	 iter
2964	 2.172660e-05	 3925	 iter
2965	 2.172660e-05	 3927	 iter
2966	 2.172660e-05	 3928	 iter
2967	 2.172660e-05	 3930	 iter
2968	 2.172660e-05	 3932	 iter
2969	 2.172658e-05	 3934	 iter
2970	 2.172658e-05	 3936	 iter
2971	 2.172658e-05	 3938	 iter
2971	 2.172658e-05	 3938	 done
