0	 4.887193e-33	 1	 init
0	 4.887193e-33	 1	 iter
1	 4.887193e-33	 17	 iter
2	 4.887193e-33	 19	 iter
3	 4.887193e-33	 21	 iter
4	 4.887193e-33	 23	 iter
5	 4.887193e-33	 25	 iter
6	 4.887193e-33	 27	 iter
7	 4.887193e-33	 29	 iter
8	 4.887193e-33	 31	 iter
9	 4.887193e-33	 32	 iter
10	 4.887193e-33	 33	 iter
11	 4.887193e-33	 35	 iter
12	 4.887193e-33	 37	 iter
13	 4.887193e-33	 39	 iter
14	 4.887193e-33	 41	 iter
15	 4.887193e-33	 43	 iter
16	 4.887193e-33	 45	 iter
17	 4.887193e-33	 47	 iter
18	 4.887193e-33	 49	 iter
19	 4.887193e-33	 51	 iter
20	 4.887193e-33	 53	 iter
21	 4.887193e-33	 55	 iter
22	 4.887193e-33	 57	 iter
23	 4.887193e-33	 59	 iter
24	 4.887193e-33	 61	 iter
25	 4.887193e-33	 63	 iter
26	 4.887193e-33	 65	 iter
27	 4.887193e-33	 67	 iter
28	 4.887193e-33	 69	 iter
29	 4.887193e-33	 71	 iter
30	 4.887193e-33	 73	 iter
31	 4.887193e-33	 75	 iter
32	 4.887193e-33	 77	 iter
33	 4.887193e-33	 79	 iter
34	 4.887193e-33	 81	 iter
35	 4.887193e-33	 82	 iter
36	 4.887193e-33	 84	 iter
37	 4.887193e-33	 85	 iter
38	 4.887193e-33	 87	 iter
39	 4.887193e-33	 89	 iter
40	 4.887193e-33	 91	 iter
41	 4.887193e-33	 93	 iter
42	 4.887193e-33	 95	 iter
43	 4.887193e-33	 97	 iter
44	 4.887193e-33	 99	 iter
45	 4.887193e-33	 101	 iter
46	 4.887193e-33	 103	 iter
47	 4.887193e-33	 105	 iter
48	 4.887193e-33	 107	 iter
49	 4.887193e-33	 109	 iter
50	 4.887193e-33	 111	 iter
51	 4.887193e-33	 113	 iter
52	 4.887193e-33	 115	 iter
53	 4.887193e-33	 117	 iter
54	 4.887193e-33	 119	 iter
55	 4.887193e-33	 121	 iter
56	 4.887193e-33	 123	 iter
57	 4.887193e-33	 125	 iter
58	 4.887193e-33	 127	 iter
59	 4.887193e-33	 129	 iter
60	 4.887193e-33	 130	 iter
61	 4.887193e-33	 132	 iter
62	 4.887193e-33	 134	 iter
63	 4.887193e-33	 136	 iter
64	 4.887193e-33	 137	 iter
65	 4.887193e-33	 139	 iter
66	 4.887193e-33	 141	 iter
67	 4.887193e-33	 142	 iter
68	 4.887193e-33	 144	 iter
69	 4.887193e-33	 145	 iter
70	 4.887193e-33	 146	 iter
71	 4.887193e-33	 148	 iter
72	 4.887193e-33	 149	 iter
73	 4.887193e-33	 151	 iter
74	 4.887193e-33	 153	 iter
75	 4.887193e-33	 155	 iter
76	 4.887193e-33	 156	 iter
77	 4.887193e-33	 158	 iter
78	 4.887193e-33	 160	 iter
79	 4.887193e-33	 161	 iter
80	 4.887193e-33	 162	 iter
81	 4.887193e-33	 164	 iter
82	 4.887193e-33	 165	 iter
83	 4.887193e-33	 167	 iter
84	 4.887193e-33	 168	 iter
85	 4.887193e-33	 169	 iter
86	 4.887193e-33	 170	 iter
87	 4.887193e-33	 172	 iter
88	 4.887193e-33	 174	 iter
89	 4.887193e-33	 176	 iter
90	 4.887193e-33	 178	 iter
91	 4.887193e-33	 179	 iter
92	 4.887193e-33	 181	 iter
93	 4.887193e-33	 182	 iter
94	 4.887193e-33	 184	 iter
95	 4.887193e-33	 185	 iter
96	 4.887193e-33	 186	 iter
97	 4.887193e-33	 188	 iter
98	 4.887193e-33	 190	 iter
99	 4.887193e-33	 192	 iter
100	 4.887193e-33	 193	 iter
101	 4.887193e-33	 195	 iter
102	 4.887193e-33	 197	 iter
103	 4.887193e-33	 199	 iter
104	 4.887193e-33	 201	 iter
105	 4.887193e-33	 203	 iter
105	 4.887193e-33	 203	 done
