0	 4.239881e-33	 1	 init
0	 4.239881e-33	 1	 iter
1	 4.239881e-33	 17	 iter
2	 4.239881e-33	 19	 iter
3	 4.239881e-33	 21	 iter
4	 4.239881e-33	 23	 iter
5	 4.239881e-33	 25	 iter
6	 4.239881e-33	 27	 iter
7	 4.239881e-33	 29	 iter
8	 4.239881e-33	 31	 iter
9	 4.239881e-33	 33	 iter
10	 4.239881e-33	 35	 iter
11	 4.239881e-33	 37	 iter
12	 4.239881e-33	 39	 iter
13	 4.239881e-33	 41	 iter
14	 4.239881e-33	 43	 iter
15	 4.239881e-33	 44	 iter
16	 4.239881e-33	 46	 iter
17	 4.239881e-33	 48	 iter
18	 4.239881e-33	 50	 iter
19	 4.239881e-33	 52	 iter
20	 4.239881e-33	 54	 iter
21	 4.239881e-33	 56	 iter
22	 4.239881e-33	 58	 iter
23	 4.239881e-33	 60	 iter
24	 4.239881e-33	 62	 iter
25	 4.239881e-33	 64	 iter
26	 4.239881e-33	 66	 iter
27	 4.239881e-33	 68	 iter
28	 4.239881e-33	 69	 iter
29	 4.239881e-33	 71	 iter
30	 4.239881e-33	 73	 iter
31	 4.239881e-33	 75	 iter
32	 4.239881e-33	 77	 iter
33	 4.239881e-33	 79	 iter
34	 4.239881e-33	 81	 iter
35	 4.239881e-33	 83	 iter
36	 4.239881e-33	 85	 iter
37	 4.239881e-33	 87	 iter
38	 4.239881e-33	 89	 iter
39	 4.239881e-33	 91	 iter
40	 4.239881e-33	 93	 iter
41	 4.239881e-33	 95	 iter
42	 4.239881e-33	 97	 iter
43	 4.239881e-33	 98	 iter
44	 4.239881e-33	 100	 iter
45	 4.239881e-33	 102	 iter
46	 4.239881e-33	 104	 iter
47	 4.239881e-33	 106	 iter
48	 4.239881e-33	 107	 iter
49	 4.239881e-33	 108	 iter
50	 4.239881e-33	 110	 iter
51	 4.239881e-33	 112	 iter
52	 4.239881e-33	 114	 iter
53	 4.239881e-33	 116	 iter
54	 4.239881e-33	 118	 iter
55	 4.239881e-33	 120	 iter
56	 4.239881e-33	 122	 iter
57	 4.239881e-33	 124	 iter
58	 4.239881e-33	 126	 iter
59	 4.239881e-33	 128	 iter
60	 4.239881e-33	 130	 iter
61	 4.239881e-33	 131	 iter
62	 4.239881e-33	 133	 iter
63	 4.239881e-33	 135	 iter
64	 4.239881e-33	 137	 iter
65	 4.239881e-33	 138	 iter
66	 4.239881e-33	 139	 iter
67	 4.239881e-33	 141	 iter
68	 4.239881e-33	 143	 iter
69	 4.239881e-33	 145	 iter
70	 4.239881e-33	 147	 iter
71	 4.239881e-33	 149	 iter
72	 4.239881e-33	 151	 iter
73	 4.239881e-33	 152	 iter
74	 4.239881e-33	 153	 iter
75	 4.239881e-33	 154	 iter
76	 4.239881e-33	 156	 iter
77	 4.239881e-33	 157	 iter
78	 4.239881e-33	 159	 iter
79	 4.239881e-33	 161	 iter
80	 4.239881e-33	 162	 iter
81	 4.239881e-33	 164	 iter
82	 4.239881e-33	 166	 iter
83	 4.239881e-33	 168	 iter
84	 4.239881e-33	 170	 iter
85	 4.239881e-33	 171	 iter
86	 4.239881e-33	 173	 iter
87	 4.239881e-33	 174	 iter
88	 4.239881e-33	 175	 iter
89	 4.239881e-33	 177	 iter
90	 4.239881e-33	 179	 iter
91	 4.239881e-33	 181	 iter
92	 4.239881e-33	 183	 iter
93	 4.239881e-33	 185	 iter
94	 4.239881e-33	 186	 iter
95	 4.239881e-33	 187	 iter
96	 4.239881e-33	 188	 iter
97	 4.239881e-33	 189	 iter
98	 4.239881e-33	 191	 iter
99	 4.239881e-33	 192	 iter
100	 4.239881e-33	 194	 iter
101	 4.239881e-33	 196	 iter
102	 4.239881e-33	 197	 iter
103	 4.239881e-33	 198	 iter
104	 4.239881e-33	 200	 iter
105	 4.239881e-33	 202	 iter
106	 4.239881e-33	 203	 iter
107	 4.239881e-33	 205	 iter
108	 4.239881e-33	 206	 iter
109	 4.239881e-33	 208	 iter
110	 4.239881e-33	 210	 iter
111	 4.239881e-33	 212	 iter
112	 4.239881e-33	 213	 iter
113	 4.239881e-33	 215	 iter
114	 4.239881e-33	 216	 iter
115	 4.239881e-33	 217	 iter
116	 4.239881e-33	 219	 iter
117	 4.239881e-33	 221	 iter
118	 4.239881e-33	 222	 iter
119	 4.239881e-33	 224	 iter
120	 4.239881e-33	 226	 iter
121	 4.239881e-33	 228	 iter
122	 4.239881e-33	 230	 iter
123	 4.239881e-33	 232	 iter
124	 4.239881e-33	 234	 iter
125	 4.239881e-33	 235	 iter
126	 4.239881e-33	 237	 iter
127	 4.239881e-33	 239	 iter
128	 4.239881e-33	 240	 iter
129	 4.239881e-33	 241	 iter
130	 4.239881e-33	 243	 iter
131	 4.239881e-33	 244	 iter
132	 4.239881e-33	 245	 iter
133	 4.239881e-33	 247	 iter
134	 4.239881e-33	 249	 iter
135	 4.239881e-33	 250	 iter
136	 4.239881e-33	 252	 iter
137	 4.239881e-33	 253	 iter
138	 4.239881e-33	 255	 iter
139	 4.239881e-33	 257	 iter
140	 4.239881e-33	 259	 iter
141	 4.239881e-33	 260	 iter
142	 4.239881e-33	 262	 iter
143	 4.239881e-33	 263	 iter
144	 4.239881e-33	 264	 iter
145	 4.239881e-33	 266	 iter
146	 4.239881e-33	 267	 iter
147	 4.239881e-33	 269	 iter
148	 4.239881e-33	 271	 iter
149	 4.239881e-33	 272	 iter
150	 4.239881e-33	 274	 iter
151	 4.239881e-33	 275	 iter
152	 4.239881e-33	 276	 iter
153	 4.239881e-33	 277	 iter
154	 4.239881e-33	 278	 iter
155	 4.239881e-33	 280	 iter
156	 4.239881e-33	 281	 iter
157	 4.239881e-33	 282	 iter
158	 4.239881e-33	 283	 iter
159	 4.239881e-33	 285	 iter
160	 4.239881e-33	 287	 iter
161	 4.239881e-33	 288	 iter
162	 4.239881e-33	 289	 iter
163	 4.239881e-33	 290	 iter
164	 4.239881e-33	 291	 iter
165	 4.239881e-33	 293	 iter
166	 4.239881e-33	 294	 iter
167	 4.239881e-33	 295	 iter
168	 4.239881e-33	 297	 iter
169	 4.239881e-33	 299	 iter
169	 4.239881e-33	 299	 done
