0	 2.656228e-04	 1	 init
0	 2.656228e-04	 1	 iter
1	 2.314378e-04	 17	 iter
2	 2.061627e-04	 19	 iter
3	 2.061627e-04	 20	 iter
4	 2.061627e-04	 21	 iter
5	 1.911016e-04	 23	 iter
6	 1.911016e-04	 24	 iter
7	 1.911016e-04	 25	 iter
8	 1.911016e-04	 26	 iter
9	 1.911016e-04	 27	 iter
10	 1.911016e-04	 28	 iter
11	 1.911016e-04	 29	 iter
12	 1.911016e-04	 30	 iter
13	 1.911016e-04	 31	 iter
14	 1.911016e-04	 32	 iter
15	 1.911016e-04	 33	 iter
16	 1.911016e-04	 35	 iter
17	 1.911016e-04	 37	 iter
18	 1.911016e-04	 39	 iter
19	 1.911016e-04	 41	 iter
20	 1.911016e-04	 43	 iter
21	 1.911016e-04	 45	 iter
22	 1.911016e-04	 47	 iter
23	 1.911016e-04	 49	 iter
24	 1.911016e-04	 51	 iter
25	 1.911016e-04	 52	 iter
26	 1.911016e-04	 54	 iter
27	 1.911016e-04	 55	 iter
28	 1.911016e-04	 56	 iter
29	 1.911016e-04	 58	 iter
30	 1.911016e-04	 59	 iter
31	 1.911016e-04	 61	 iter
32	 1.911016e-04	 63	 iter
33	 1.911016e-04	 64	 iter
34	 1.911016e-04	 66	 iter
35	 1.911016e-04	 68	 iter
36	 1.911016e-04	 69	 iter
37	 1.911016e-04	 71	 iter
38	 1.910333e-04	 73	 iter
39	 1.909744e-04	 75	 iter
40	 1.909744e-04	 77	 iter
41	 1.909744e-04	 78	 iter
42	 1.907409e-04	 80	 iter
43	 1.907409e-04	 82	 iter
44	 1.907409e-04	 83	 iter
45	 1.907409e-04	 85	 iter
46	 1.901253e-04	 87	 iter
47	 1.890267e-04	 89	 iter
48	 1.890267e-04	 90	 iter
49	 1.890267e-04	 91	 iter
50	 1.889591e-04	 93	 iter
51	 1.853276e-04	 95	 iter
52	 1.853276e-04	 96	 iter
53	 1.853276e-04	 98	 iter
54	 1.853276e-04	 99	 iter
55	 1.853276e-04	 100	 iter
56	 1.853276e-04	 101	 iter
57	 1.853276e-04	 102	 iter
58	 1.853276e-04	 103	 iter
59	 1.853276e-04	 105	 iter
60	 1.853276e-04	 106	 iter
61	 1.853276e-04	 107	 iter
62	 1.853276e-04	 108	 iter
63	 1.853276e-04	 109	 iter
64	 1.853276e-04	 110	 iter
65	 1.853276e-04	 111	 iter
66	 1.853276e-04	 113	 iter
67	 1.853276e-04	 114	 iter
68	 1.853276e-04	 115	 iter
69	 1.831892e-04	 117	 iter
70	 1.831892e-04	 118	 iter
71	 1.831892e-04	 119	 iter
72	 1.822429e-04	 121	 iter
73	 1.822429e-04	 122	 iter
74	 1.822429e-04	 123	 iter
75	 1.822429e-04	 124	 iter
76	 1.822429e-04	 125	 iter
77	 1.791250e-04	 127	 iter
78	 1.791250e-04	 128	 iter
79	 1.791250e-04	 129	 iter
80	 1.791250e-04	 130	 iter
81	 1.791250e-04	 131	 iter
82	 1.791250e-04	 132	 iter
83	 1.791250e-04	 133	 iter
84	 1.776045e-04	 135	 iter
85	 1.771591e-04	 137	 iter
86	 1.771591e-04	 138	 iter
87	 1.771591e-04	 139	 iter
88	 1.714149e-04	 141	 iter
89	 1.714149e-04	 142	 iter
90	 1.714149e-04	 143	 iter
91	 1.714149e-04	 144	 iter
92	 1.714149e-04	 145	 iter
93	 1.669027e-04	 147	 iter
94	 1.669027e-04	 148	 iter
95	 1.669027e-04	 149	 iter
96	 1.669027e-04	 150	 iter
97	 1.669027e-04	 151	 iter
98	 1.669027e-04	 152	 iter
99	 1.669027e-04	 153	 iter
100	 1.629603e-04	 155	 iter
101	 1.629603e-04	 156	 iter
102	 1.629603e-04	 157	 iter
103	 1.629603e-04	 158	 iter
104	 1.560462e-04	 160	 iter
105	 1.560462e-04	 161	 iter
106	 1.560462e-04	 162	 iter
107	 1.560462e-04	 163	 iter
108	 1.560462e-04	 164	 iter
109	 1.560462e-04	 165	 iter
110	 1.560462e-04	 166	 iter
111	 1.560462e-04	 167	 iter
112	 1.560462e-04	 168	 iter
113	 1.512144e-04	 170	 iter
114	 1.512144e-04	 171	 iter
115	 1.512144e-04	 172	 iter
116	 1.512144e-04	 173	 iter
117	 1.387809e-04	 175	 iter
118	 1.387809e-04	 176	 iter
119	 1.387809e-04	 177	 iter
120	 1.387809e-04	 178	 iter
121	 1.387809e-04	 179	 iter
122	 1.387809e-04	 180	 iter
123	 1.387809e-04	 181	 iter
124	 1.387809e-04	 182	 iter
125	 1.387809e-04	 183	 iter
126	 1.273909e-04	 185	 iter
127	 1.273909e-04	 186	 iter
128	 1.273909e-04	 187	 iter
129	 1.273909e-04	 188	 iter
130	 1.273909e-04	 189	 iter
131	 1.273909e-04	 190	 iter
132	 1.273909e-04	 191	 iter
133	 1.176543e-04	 193	 iter
134	 1.176543e-04	 194	 iter
135	 1.176543e-04	 195	 iter
136	 1.176543e-04	 196	 iter
137	 1.176543e-04	 197	 iter
138	 1.176543e-04	 198	 iter
139	 1.047627e-04	 200	 iter
140	 1.047627e-04	 201	 iter
141	 1.047627e-04	 202	 iter
142	 1.047627e-04	 203	 iter
143	 1.047627e-04	 204	 iter
144	 1.047627e-04	 205	 iter
145	 1.047627e-04	 206	 iter
146	 1.047627e-04	 207	 iter
147	 1.047627e-04	 208	 iter
148	 1.047627e-04	 209	 iter
149	 9.360111e-05	 211	 iter
150	 9.360111e-05	 212	 iter
151	 9.360111e-05	 213	 iter
152	 9.360111e-05	 214	 iter
153	 9.360111e-05	 215	 iter
154	 9.360111e-05	 216	 iter
155	 9.360111e-05	 217	 iter
156	 9.360111e-05	 218	 iter
157	 9.360111e-05	 219	 iter
158	 9.360111e-05	 220	 iter
159	 9.360111e-05	 221	 iter
160	 9.360111e-05	 222	 iter
161	 9.235857e-05	 224	 iter
162	 9.235857e-05	 225	 iter
163	 9.235857e-05	 226	 iter
164	 9.235857e-05	 227	 iter
165	 9.235857e-05	 228	 iter
166	 9.235857e-05	 229	 iter
167	 9.235857e-05	 230	 iter
168	 9.235857e-05	 232	 iter
169	 9.235857e-05	 234	 iter
170	 9.235857e-05	 235	 iter
171	 9.235857e-05	 236	 iter
172	 9.235857e-05	 238	 iter
173	 9.235857e-05	 240	 iter
174	 9.235857e-05	 241	 iter
175	 9.235857e-05	 243	 iter
176	 9.235857e-05	 244	 iter
177	 9.235857e-05	 246	 iter
178	 9.235857e-05	 248	 iter
179	 9.235857e-05	 250	 iter
180	 8.727753e-05	 252	 iter
181	 8.727753e-05	 253	 iter
182	 8.727753e-05	 255	 iter
183	 8.727753e-05	 257	 iter
184	 8.727753e-05	 258	 iter
185	 8.727753e-05	 259	 iter
186	 8.727753e-05	 260	 iter
187	 8.727753e-05	 261	 iter
188	 8.727753e-05	 262	 iter
189	 8.727753e-05	 263	 iter
190	 8.727753e-05	 264	 iter
191	 8.727753e-05	 265	 iter
192	 8.727753e-05	 266	 iter
193	 8.727753e-05	 267	 iter
194	 8.727753e-05	 268	 iter
195	 8.727753e-05	 269	 iter
196	 8.625774e-05	 271	 iter
197	 8.625774e-05	 272	 iter
198	 8.625774e-05	 273	 iter
199	 8.501369e-05	 275	 iter
200	 8.409532e-05	 277	 iter
201	 8.409532e-05	 278	 iter
202	 8.095765e-05	 280	 iter
203	 8.095765e-05	 281	 iter
204	 8.095765e-05	 282	 iter
205	 8.095765e-05	 283	 iter
206	 8.095765e-05	 284	 iter
207	 8.095765e-05	 285	 iter
208	 7.676787e-05	 287	 iter
209	 7.676787e-05	 288	 iter
210	 7.676787e-05	 289	 iter
211	 7.676787e-05	 290	 iter
212	 7.676787e-05	 291	 iter
213	 7.676787e-05	 292	 iter
214	 7.159450e-05	 294	 iter
215	 7.159450e-05	 295	 iter
216	 7.159450e-05	 296	 iter
217	 7.159450e-05	 297	 iter
218	 7.159450e-05	 298	 iter
219	 7.159450e-05	 299	 iter
220	 7.159450e-05	 300	 iter
221	 7.159450e-05	 301	 iter
222	 7.159450e-05	 302	 iter
223	 6.569640e-05	 304	 iter
224	 6.569640e-05	 305	 iter
225	 6.569640e-05	 306	 iter
226	 6.569640e-05	 307	 iter
227	 6.569640e-05	 308	 iter
228	 6.569640e-05	 309	 iter
229	 6.569640e-05	 310	 iter
230	 6.569640e-05	 311	 iter
231	 6.569640e-05	 312	 iter
232	 5.951906e-05	 314	 iter
233	 5.951906e-05	 315	 iter
234	 5.951906e-05	 316	 iter
235	 5.951906e-05	 317	 iter
236	 5.951906e-05	 318	 iter
237	 5.951906e-05	 319	 iter
238	 5.951906e-05	 320	 iter
239	 5.951906e-05	 321	 iter
240	 5.951906e-05	 322	 iter
241	 5.951906e-05	 323	 iter
242	 5.784626e-05	 325	 iter
243	 5.784626e-05	 326	 iter
244	 5.784626e-05	 327	 iter
245	 5.071617e-05	 329	 iter
246	 5.071617e-05	 330	 iter
247	 5.071617e-05	 331	 iter
248	 5.071617e-05	 332	 iter
249	 5.071617e-05	 333	 iter
250	 5.071617e-05	 334	 iter
251	 5.071617e-05	 335	 iter
252	 5.071617e-05	 336	 iter
253	 5.071617e-05	 337	 iter
254	 5.071617e-05	 338	 iter
255	 5.071617e-05	 339	 iter
256	 4.872452e-05	 341	 iter
257	 4.872452e-05	 342	 iter
258	 4.872452e-05	 343	 iter
259	 4.872452e-05	 344	 iter
260	 4.872452e-05	 345	 iter
261	 4.872452e-05	 346	 iter
262	 4.872452e-05	 347	 iter
263	 4.872452e-05	 348	 iter
264	 4.872452e-05	 349	 iter
265	 4.872452e-05	 350	 iter
266	 4.872452e-05	 351	 iter
267	 4.872452e-05	 352	 iter
268	 4.872452e-05	 353	 iter
269	 4.686079e-05	 355	 iter
270	 4.686079e-05	 356	 iter
271	 4.686079e-05	 358	 iter
272	 4.686079e-05	 359	 iter
273	 4.686079e-05	 360	 iter
274	 4.686079e-05	 361	 iter
275	 4.686079e-05	 362	 iter
276	 4.686079e-05	 364	 iter
277	 4.655388e-05	 366	 iter
278	 4.655388e-05	 368	 iter
279	 4.347795e-05	 370	 iter
280	 4.347795e-05	 372	 iter
281	 4.347795e-05	 373	 iter
282	 4.347795e-05	 375	 iter
283	 4.347795e-05	 376	 iter
284	 4.347795e-05	 377	 iter
285	 4.347795e-05	 379	 iter
286	 4.347795e-05	 380	 iter
287	 4.187520e-05	 382	 iter
288	 4.187520e-05	 383	 iter
289	 4.187520e-05	 384	 iter
290	 4.187520e-05	 385	 iter
291	 4.187520e-05	 386	 iter
292	 4.187520e-05	 387	 iter
293	 4.187520e-05	 389	 iter
294	 4.187520e-05	 391	 iter
295	 4.187520e-05	 392	 iter
296	 4.187520e-05	 393	 iter
297	 4.187520e-05	 394	 iter
298	 4.187520e-05	 396	 iter
299	 4.187520e-05	 397	 iter
300	 4.182299e-05	 399	 iter
301	 4.182299e-05	 400	 iter
302	 4.029971e-05	 402	 iter
303	 4.029971e-05	 403	 iter
304	 4.029971e-05	 404	 iter
305	 3.970549e-05	 406	 iter
306	 3.894115e-05	 408	 iter
307	 3.894115e-05	 409	 iter
308	 3.738677e-05	 411	 iter
309	 3.738677e-05	 412	 iter
310	 3.738677e-05	 413	 iter
311	 3.738677e-05	 414	 iter
312	 3.738677e-05	 415	 iter
313	 3.575356e-05	 417	 iter
314	 3.575356e-05	 418	 iter
315	 3.575356e-05	 419	 iter
316	 3.506726e-05	 421	 iter
317	 3.506726e-05	 422	 iter
318	 3.200499e-05	 424	 iter
319	 3.200499e-05	 425	 iter
320	 3.200499e-05	 426	 iter
321	 2.796184e-05	 428	 iter
322	 2.796184e-05	 429	 iter
323	 2.796184e-05	 430	 iter
324	 2.796184e-05	 431	 iter
325	 2.796184e-05	 432	 iter
326	 2.796184e-05	 433	 iter
327	 2.796184e-05	 434	 iter
328	 2.796184e-05	 435	 iter
329	 2.796184e-05	 436	 iter
330	 2.796184e-05	 437	 iter
331	 2.796184e-05	 438	 iter
332	 2.778465e-05	 440	 iter
333	 2.778465e-05	 441	 iter
334	 2.778465e-05	 442	 iter
335	 2.778465e-05	 443	 iter
336	 2.778465e-05	 444	 iter
337	 2.778465e-05	 446	 iter
338	 2.778465e-05	 447	 iter
339	 2.778465e-05	 448	 iter
340	 2.778465e-05	 449	 iter
341	 2.778465e-05	 451	 iter
342	 2.471365e-05	 453	 iter
343	 2.471365e-05	 454	 iter
344	 2.471365e-05	 455	 iter
345	 2.471365e-05	 456	 iter
346	 2.471365e-05	 457	 iter
347	 2.471365e-05	 459	 iter
348	 2.471365e-05	 461	 iter
349	 2.471365e-05	 463	 iter
350	 2.471365e-05	 464	 iter
351	 2.471365e-05	 466	 iter
352	 2.471365e-05	 467	 iter
353	 2.471365e-05	 469	 iter
354	 2.471365e-05	 470	 iter
355	 2.471365e-05	 471	 iter
356	 2.471365e-05	 473	 iter
357	 2.471365e-05	 474	 iter
358	 2.471365e-05	 476	 iter
359	 2.471365e-05	 478	 iter
360	 2.471365e-05	 479	 iter
361	 2.471365e-05	 480	 iter
362	 2.471365e-05	 481	 iter
363	 2.471365e-05	 482	 iter
364	 2.471365e-05	 483	 iter
365	 2.471365e-05	 484	 iter
366	 2.471365e-05	 485	 iter
367	 2.471365e-05	 487	 iter
368	 2.471365e-05	 488	 iter
369	 2.471365e-05	 490	 iter
370	 2.471365e-05	 491	 iter
371	 2.471365e-05	 492	 iter
372	 2.471365e-05	 493	 iter
373	 2.471365e-05	 495	 iter
374	 2.471365e-05	 496	 iter
375	 2.451426e-05	 498	 iter
376	 2.451426e-05	 499	 iter
377	 2.451426e-05	 500	 iter
378	 2.314562e-05	 502	 iter
379	 2.314562e-05	 503	 iter
380	 2.314562e-05	 504	 iter
381	 2.314562e-05	 505	 iter
382	 2.314562e-05	 507	 iter
383	 2.314562e-05	 508	 iter
384	 2.314562e-05	 509	 iter
385	 2.314562e-05	 511	 iter
386	 2.314562e-05	 512	 iter
387	 2.314562e-05	 513	 iter
388	 2.314562e-05	 514	 iter
389	 2.314562e-05	 515	 iter
390	 2.314562e-05	 517	 iter
391	 2.314562e-05	 518	 iter
392	 2.259947e-05	 520	 iter
393	 2.259947e-05	 521	 iter
394	 2.259947e-05	 522	 iter
395	 2.259947e-05	 523	 iter
396	 2.259947e-05	 524	 iter
397	 2.259947e-05	 525	 iter
398	 2.259947e-05	 526	 iter
399	 2.259947e-05	 527	 iter
400	 2.251176e-05	 529	 iter
401	 2.000078e-05	 531	 iter
402	 2.000078e-05	 532	 iter
403	 2.000078e-05	 533	 iter
404	 2.000078e-05	 534	 iter
405	 2.000078e-05	 535	 iter
406	 2.000078e-05	 536	 iter
407	 2.000078e-05	 537	 iter
408	 2.000078e-05	 538	 iter
409	 2.000078e-05	 539	 iter
410	 2.000078e-05	 540	 iter
411	 2.000078e-05	 541	 iter
412	 1.882334e-05	 543	 iter
413	 1.882334e-05	 544	 iter
414	 1.882334e-05	 545	 iter
415	 1.882334e-05	 546	 iter
416	 1.882334e-05	 547	 iter
417	 1.882334e-05	 548	 iter
418	 1.882334e-05	 549	 iter
419	 1.690573e-05	 551	 iter
420	 1.690573e-05	 552	 iter
421	 1.690573e-05	 553	 iter
422	 1.690573e-05	 554	 iter
423	 1.690573e-05	 555	 iter
424	 1.594026e-05	 557	 iter
425	 1.594026e-05	 558	 iter
426	 1.594026e-05	 559	 iter
427	 1.594026e-05	 560	 iter
428	 1.594026e-05	 561	 iter
429	 1.547193e-05	 563	 iter
430	 1.352601e-05	 565	 iter
431	 1.352601e-05	 566	 iter
432	 1.352601e-05	 567	 iter
433	 1.352601e-05	 568	 iter
434	 1.352601e-05	 569	 iter
435	 1.352601e-05	 570	 iter
436	 1.352601e-05	 571	 iter
437	 1.345189e-05	 573	 iter
438	 1.336841e-05	 575	 iter
439	 1.336841e-05	 576	 iter
440	 1.301141e-05	 578	 iter
441	 1.301141e-05	 579	 iter
442	 1.261984e-05	 581	 iter
443	 1.261984e-05	 582	 iter
444	 1.259144e-05	 584	 iter
445	 1.259144e-05	 585	 iter
446	 1.259144e-05	 586	 iter
447	 1.259144e-05	 587	 iter
448	 1.259144e-05	 588	 iter
449	 1.259144e-05	 589	 iter
450	 1.259144e-05	 591	 iter
451	 1.259144e-05	 593	 iter
452	 1.259144e-05	 594	 iter
453	 1.259144e-05	 595	 iter
454	 1.259144e-05	 596	 iter
455	 1.259144e-05	 598	 iter
456	 1.259144e-05	 600	 iter
457	 1.259144e-05	 602	 iter
458	 1.259144e-05	 603	 iter
459	 1.245328e-05	 605	 iter
460	 1.245328e-05	 606	 iter
461	 1.245328e-05	 608	 iter
462	 1.245328e-05	 610	 iter
463	 1.244915e-05	 612	 iter
464	 1.244915e-05	 614	 iter
465	 1.244915e-05	 615	 iter
466	 1.244915e-05	 616	 iter
467	 1.240267e-05	 618	 iter
468	 1.228552e-05	 620	 iter
469	 1.228552e-05	 622	 iter
470	 1.228552e-05	 623	 iter
471	 1.228552e-05	 625	 iter
472	 1.228552e-05	 626	 iter
473	 1.228093e-05	 628	 iter
474	 1.228093e-05	 630	 iter
475	 1.228093e-05	 631	 iter
476	 1.228093e-05	 632	 iter
477	 1.228093e-05	 633	 iter
478	 1.228093e-05	 635	 iter
479	 1.228093e-05	 637	 iter
480	 1.225057e-05	 639	 iter
481	 1.224313e-05	 641	 iter
482	 1.224313e-05	 642	 iter
483	 1.224313e-05	 644	 iter
484	 1.216005e-05	 646	 iter
485	 1.216005e-05	 647	 iter
486	 1.216005e-05	 648	 iter
487	 1.216005e-05	 649	 iter
488	 1.214889e-05	 651	 iter
489	 1.214889e-05	 653	 iter
490	 1.214889e-05	 654	 iter
491	 1.211061e-05	 656	 iter
492	 1.211061e-05	 657	 iter
493	 1.211061e-05	 658	 iter
494	 1.211061e-05	 659	 iter
495	 1.211061e-05	 661	 iter
496	 1.211061e-05	 662	 iter
497	 1.211061e-05	 664	 iter
498	 1.192491e-05	 666	 iter
499	 1.192491e-05	 667	 iter
500	 1.192491e-05	 668	 iter
501	 1.192491e-05	 670	 iter
502	 1.192491e-05	 672	 iter
503	 1.192491e-05	 674	 iter
504	 1.192491e-05	 676	 iter
505	 1.192491e-05	 677	 iter
506	 1.189609e-05	 679	 iter
507	 1.189609e-05	 680	 iter
508	 1.189609e-05	 681	 iter
509	 1.189609e-05	 683	 iter
510	 1.189609e-05	 684	 iter
511	 1.189609e-05	 685	 iter
512	 1.185544e-05	 687	 iter
513	 1.182397e-05	 689	 iter
514	 1.182397e-05	 690	 iter
515	 1.182397e-05	 691	 iter
516	 1.182397e-05	 692	 iter
517	 1.172860e-05	 694	 iter
518	 1.172860e-05	 695	 iter
519	 1.167832e-05	 697	 iter
520	 1.167832e-05	 698	 iter
521	 1.167832e-05	 699	 iter
522	 1.167832e-05	 700	 iter
523	 1.167832e-05	 701	 iter
524	 1.157159e-05	 703	 iter
525	 1.157159e-05	 704	 iter
526	 1.157159e-05	 705	 iter
527	 1.157159e-05	 706	 iter
528	 1.152247e-05	 708	 iter
529	 1.125165e-05	 710	 iter
530	 1.125165e-05	 711	 iter
531	 1.125165e-05	 712	 iter
532	 1.125165e-05	 713	 iter
533	 1.125165e-05	 714	 iter
534	 1.125165e-05	 715	 iter
535	 1.125165e-05	 716	 iter
536	 1.105452e-05	 718	 iter
537	 1.105452e-05	 719	 iter
538	 1.105452e-05	 720	 iter
539	 1.105452e-05	 721	 iter
540	 1.105452e-05	 722	 iter
541	 1.105452e-05	 723	 iter
542	 1.105452e-05	 724	 iter
543	 1.097945e-05	 726	 iter
544	 1.097945e-05	 727	 iter
545	 1.097945e-05	 728	 iter
546	 1.097945e-05	 729	 iter
547	 1.050535e-05	 731	 iter
548	 1.050535e-05	 732	 iter
549	 1.050535e-05	 733	 iter
550	 1.050535e-05	 734	 iter
551	 1.050535e-05	 735	 iter
552	 1.050535e-05	 736	 iter
553	 1.026199e-05	 738	 iter
554	 1.026199e-05	 739	 iter
555	 1.026199e-05	 740	 iter
556	 1.026199e-05	 741	 iter
557	 1.026199e-05	 742	 iter
558	 1.026199e-05	 743	 iter
559	 1.026199e-05	 744	 iter
560	 1.026199e-05	 745	 iter
561	 1.016339e-05	 747	 iter
562	 1.016339e-05	 748	 iter
563	 9.656617e-06	 750	 iter
564	 9.656617e-06	 751	 iter
565	 9.656617e-06	 752	 iter
566	 9.656617e-06	 753	 iter
567	 9.656617e-06	 754	 iter
568	 9.656617e-06	 755	 iter
569	 9.656617e-06	 756	 iter
570	 9.563691e-06	 758	 iter
571	 9.563691e-06	 759	 iter
572	 9.212497e-06	 761	 iter
573	 9.212497e-06	 762	 iter
574	 9.212497e-06	 763	 iter
575	 9.212497e-06	 764	 iter
576	 9.212497e-06	 765	 iter
577	 9.212497e-06	 766	 iter
578	 8.973741e-06	 768	 iter
579	 8.973741e-06	 769	 iter
580	 8.973741e-06	 770	 iter
581	 8.973741e-06	 771	 iter
582	 8.973741e-06	 772	 iter
583	 8.973741e-06	 773	 iter
584	 8.766839e-06	 775	 iter
585	 8.766839e-06	 776	 iter
586	 8.766839e-06	 777	 iter
587	 8.766839e-06	 778	 iter
588	 8.766839e-06	 779	 iter
589	 8.766839e-06	 780	 iter
590	 8.766839e-06	 781	 iter
591	 8.269854e-06	 783	 iter
592	 8.269854e-06	 784	 iter
593	 8.269854e-06	 785	 iter
594	 8.269854e-06	 786	 iter
595	 8.269854e-06	 787	 iter
596	 8.269854e-06	 788	 iter
597	 8.269854e-06	 789	 iter
598	 8.269854e-06	 790	 iter
599	 8.269854e-06	 791	 iter
600	 8.260384e-06	 793	 iter
601	 8.260384e-06	 794	 iter
602	 8.260384e-06	 795	 iter
603	 8.082753e-06	 797	 iter
604	 8.082753e-06	 798	 iter
605	 8.082753e-06	 799	 iter
606	 8.008022e-06	 801	 iter
607	 8.008022e-06	 802	 iter
608	 7.926063e-06	 804	 iter
609	 7.926063e-06	 805	 iter
610	 7.926063e-06	 806	 iter
611	 7.729339e-06	 808	 iter
612	 7.729339e-06	 809	 iter
613	 7.613652e-06	 811	 iter
614	 7.613652e-06	 812	 iter
615	 7.613652e-06	 813	 iter
616	 7.613652e-06	 814	 iter
617	 7.613652e-06	 815	 iter
618	 7.613652e-06	 816	 iter
619	 7.613652e-06	 817	 iter
620	 7.613652e-06	 819	 iter
621	 7.613652e-06	 820	 iter
622	 7.613652e-06	 821	 iter
623	 7.613652e-06	 822	 iter
624	 7.420435e-06	 824	 iter
625	 7.420435e-06	 825	 iter
626	 7.420435e-06	 826	 iter
627	 7.420435e-06	 827	 iter
628	 7.420435e-06	 828	 iter
629	 7.420435e-06	 829	 iter
630	 7.420435e-06	 830	 iter
631	 7.298527e-06	 832	 iter
632	 7.298527e-06	 834	 iter
633	 7.298527e-06	 835	 iter
634	 7.298527e-06	 837	 iter
635	 7.298527e-06	 838	 iter
636	 7.250800e-06	 840	 iter
637	 7.250800e-06	 842	 iter
638	 7.250800e-06	 843	 iter
639	 7.159430e-06	 845	 iter
640	 7.159430e-06	 846	 iter
641	 7.159430e-06	 848	 iter
642	 7.159430e-06	 849	 iter
643	 7.159430e-06	 850	 iter
644	 7.159430e-06	 851	 iter
645	 7.159430e-06	 852	 iter
646	 7.159430e-06	 853	 iter
647	 7.159430e-06	 854	 iter
648	 7.159430e-06	 855	 iter
649	 7.159430e-06	 856	 iter
650	 7.065533e-06	 858	 iter
651	 7.065533e-06	 859	 iter
652	 7.065533e-06	 860	 iter
653	 7.065533e-06	 861	 iter
654	 6.862874e-06	 863	 iter
655	 6.862874e-06	 864	 iter
656	 6.862874e-06	 865	 iter
657	 6.862874e-06	 866	 iter
658	 6.862874e-06	 867	 iter
659	 6.862874e-06	 868	 iter
660	 6.862874e-06	 870	 iter
661	 6.862874e-06	 871	 iter
662	 6.862874e-06	 872	 iter
663	 6.862874e-06	 873	 iter
664	 6.862874e-06	 875	 iter
665	 6.862874e-06	 876	 iter
666	 6.862874e-06	 877	 iter
667	 6.862874e-06	 879	 iter
668	 6.769165e-06	 881	 iter
669	 6.743201e-06	 883	 iter
670	 6.724612e-06	 885	 iter
671	 6.724612e-06	 886	 iter
672	 6.724612e-06	 887	 iter
673	 6.724612e-06	 888	 iter
674	 6.724612e-06	 889	 iter
675	 6.649793e-06	 891	 iter
676	 6.649793e-06	 892	 iter
677	 6.649793e-06	 893	 iter
678	 6.649793e-06	 894	 iter
679	 6.494838e-06	 896	 iter
680	 6.494838e-06	 897	 iter
681	 6.494838e-06	 898	 iter
682	 6.487570e-06	 900	 iter
683	 6.487570e-06	 902	 iter
684	 6.487570e-06	 903	 iter
685	 6.487570e-06	 904	 iter
686	 6.415618e-06	 906	 iter
687	 6.415618e-06	 907	 iter
688	 6.415618e-06	 908	 iter
689	 6.415618e-06	 909	 iter
690	 6.415618e-06	 910	 iter
691	 6.415618e-06	 911	 iter
692	 6.308805e-06	 913	 iter
693	 6.308805e-06	 914	 iter
694	 6.308805e-06	 915	 iter
695	 6.308805e-06	 916	 iter
696	 6.308805e-06	 917	 iter
697	 6.308805e-06	 918	 iter
698	 6.308805e-06	 919	 iter
699	 6.308805e-06	 921	 iter
700	 6.308805e-06	 922	 iter
701	 6.156731e-06	 924	 iter
702	 6.156731e-06	 925	 iter
703	 6.156731e-06	 927	 iter
704	 6.156731e-06	 929	 iter
705	 6.156731e-06	 930	 iter
706	 6.156731e-06	 931	 iter
707	 6.153491e-06	 933	 iter
708	 6.124781e-06	 935	 iter
709	 6.124781e-06	 936	 iter
710	 6.124781e-06	 937	 iter
711	 6.124781e-06	 938	 iter
712	 6.124781e-06	 939	 iter
713	 6.124781e-06	 940	 iter
714	 6.124781e-06	 941	 iter
715	 6.073833e-06	 943	 iter
716	 6.073833e-06	 944	 iter
717	 6.073833e-06	 945	 iter
718	 6.073833e-06	 946	 iter
719	 6.073833e-06	 947	 iter
720	 6.073833e-06	 948	 iter
721	 6.073833e-06	 950	 iter
722	 6.073833e-06	 952	 iter
723	 6.040732e-06	 954	 iter
724	 6.040732e-06	 955	 iter
725	 6.040732e-06	 956	 iter
726	 5.962228e-06	 958	 iter
727	 5.962228e-06	 959	 iter
728	 5.899134e-06	 961	 iter
729	 5.899134e-06	 962	 iter
730	 5.899134e-06	 963	 iter
731	 5.899134e-06	 964	 iter
732	 5.899134e-06	 965	 iter
733	 5.899134e-06	 966	 iter
734	 5.899134e-06	 967	 iter
735	 5.826214e-06	 969	 iter
736	 5.826214e-06	 970	 iter
737	 5.826214e-06	 971	 iter
738	 5.807553e-06	 973	 iter
739	 5.745693e-06	 975	 iter
740	 5.745693e-06	 976	 iter
741	 5.686017e-06	 978	 iter
742	 5.686017e-06	 979	 iter
743	 5.667959e-06	 981	 iter
744	 5.667959e-06	 982	 iter
745	 5.664849e-06	 984	 iter
746	 5.664849e-06	 985	 iter
747	 5.664849e-06	 986	 iter
748	 5.388805e-06	 988	 iter
749	 5.388805e-06	 989	 iter
750	 5.388805e-06	 990	 iter
751	 5.110227e-06	 992	 iter
752	 5.110227e-06	 993	 iter
753	 5.110227e-06	 994	 iter
754	 5.110227e-06	 995	 iter
755	 5.110227e-06	 996	 iter
756	 5.110227e-06	 997	 iter
757	 5.110227e-06	 998	 iter
758	 5.110227e-06	 999	 iter
759	 5.097351e-06	 1001	 iter
760	 5.097351e-06	 1002	 iter
761	 5.097351e-06	 1003	 iter
762	 5.097351e-06	 1004	 iter
763	 5.097351e-06	 1005	 iter
764	 4.928934e-06	 1007	 iter
765	 4.884571e-06	 1009	 iter
766	 4.884571e-06	 1010	 iter
767	 4.884571e-06	 1011	 iter
768	 4.884571e-06	 1012	 iter
769	 4.862968e-06	 1014	 iter
770	 4.812025e-06	 1016	 iter
771	 4.812025e-06	 1017	 iter
772	 4.812025e-06	 1018	 iter
773	 4.812025e-06	 1019	 iter
774	 4.812025e-06	 1020	 iter
775	 4.767318e-06	 1022	 iter
776	 4.767318e-06	 1023	 iter
777	 4.602296e-06	 1025	 iter
778	 4.602296e-06	 1026	 iter
779	 4.602296e-06	 1027	 iter
780	 4.602296e-06	 1028	 iter
781	 4.602296e-06	 1029	 iter
782	 4.483083e-06	 1031	 iter
783	 4.483083e-06	 1032	 iter
784	 4.483083e-06	 1033	 iter
785	 4.483083e-06	 1035	 iter
786	 4.483083e-06	 1037	 iter
787	 4.483083e-06	 1038	 iter
788	 4.483083e-06	 1039	 iter
789	 4.483083e-06	 1040	 iter
790	 4.483083e-06	 1041	 iter
791	 4.483083e-06	 1042	 iter
792	 4.465537e-06	 1044	 iter
793	 4.454644e-06	 1046	 iter
794	 4.454644e-06	 1047	 iter
795	 4.454644e-06	 1048	 iter
796	 4.454644e-06	 1049	 iter
797	 4.356748e-06	 1051	 iter
798	 4.356748e-06	 1053	 iter
799	 4.356748e-06	 1054	 iter
800	 4.356748e-06	 1055	 iter
801	 4.356748e-06	 1056	 iter
802	 4.336037e-06	 1058	 iter
803	 4.336037e-06	 1059	 iter
804	 4.336037e-06	 1061	 iter
805	 4.336037e-06	 1062	 iter
806	 4.336037e-06	 1063	 iter
807	 4.336037e-06	 1064	 iter
808	 4.336037e-06	 1066	 iter
809	 4.336037e-06	 1068	 iter
810	 4.336037e-06	 1069	 iter
811	 4.336037e-06	 1070	 iter
812	 4.266067e-06	 1072	 iter
813	 4.266067e-06	 1073	 iter
814	 4.266067e-06	 1074	 iter
815	 4.266067e-06	 1075	 iter
816	 4.266067e-06	 1076	 iter
817	 4.266067e-06	 1077	 iter
818	 4.266067e-06	 1078	 iter
819	 4.266067e-06	 1080	 iter
820	 4.266067e-06	 1082	 iter
821	 4.266067e-06	 1083	 iter
822	 4.266067e-06	 1084	 iter
823	 4.266067e-06	 1086	 iter
824	 4.266067e-06	 1087	 iter
825	 4.266067e-06	 1088	 iter
826	 4.266067e-06	 1089	 iter
827	 4.266067e-06	 1090	 iter
828	 4.266067e-06	 1092	 iter
829	 4.266067e-06	 1093	 iter
830	 4.266067e-06	 1095	 iter
831	 4.266067e-06	 1096	 iter
832	 4.266067e-06	 1097	 iter
833	 4.266067e-06	 1098	 iter
834	 4.266067e-06	 1099	 iter
835	 4.189656e-06	 1101	 iter
836	 4.189656e-06	 1102	 iter
837	 4.189656e-06	 1103	 iter
838	 4.189656e-06	 1104	 iter
839	 4.189656e-06	 1105	 iter
840	 4.189656e-06	 1107	 iter
841	 4.189656e-06	 1109	 iter
842	 4.189656e-06	 1110	 iter
843	 4.189656e-06	 1111	 iter
844	 4.189656e-06	 1113	 iter
845	 4.189656e-06	 1114	 iter
846	 4.189656e-06	 1115	 iter
847	 4.189656e-06	 1116	 iter
848	 4.189656e-06	 1117	 iter
849	 4.189656e-06	 1118	 iter
850	 4.189656e-06	 1119	 iter
851	 4.189656e-06	 1120	 iter
852	 4.189656e-06	 1122	 iter
853	 4.189656e-06	 1123	 iter
854	 4.189656e-06	 1125	 iter
855	 4.189656e-06	 1127	 iter
856	 4.189656e-06	 1128	 iter
857	 4.189656e-06	 1129	 iter
858	 4.189656e-06	 1130	 iter
859	 4.189656e-06	 1131	 iter
860	 4.184480e-06	 1133	 iter
861	 4.184480e-06	 1135	 iter
862	 4.184480e-06	 1136	 iter
863	 4.184480e-06	 1137	 iter
864	 4.184480e-06	 1138	 iter
865	 4.184480e-06	 1140	 iter
866	 4.184480e-06	 1141	 iter
867	 4.184480e-06	 1143	 iter
868	 4.184480e-06	 1145	 iter
869	 4.184480e-06	 1147	 iter
870	 4.184480e-06	 1149	 iter
871	 4.184480e-06	 1150	 iter
872	 4.184480e-06	 1151	 iter
873	 4.184480e-06	 1153	 iter
874	 4.184480e-06	 1155	 iter
875	 4.184480e-06	 1156	 iter
876	 4.184480e-06	 1157	 iter
877	 4.181126e-06	 1159	 iter
878	 4.181126e-06	 1160	 iter
879	 4.181126e-06	 1161	 iter
880	 4.181126e-06	 1162	 iter
881	 4.171638e-06	 1164	 iter
882	 4.171638e-06	 1165	 iter
883	 4.171638e-06	 1166	 iter
884	 4.169750e-06	 1168	 iter
885	 4.169750e-06	 1170	 iter
886	 4.169750e-06	 1171	 iter
887	 4.169750e-06	 1172	 iter
888	 4.169750e-06	 1174	 iter
889	 4.168055e-06	 1176	 iter
890	 4.168055e-06	 1177	 iter
891	 4.168055e-06	 1178	 iter
892	 4.168055e-06	 1180	 iter
893	 4.168055e-06	 1182	 iter
894	 4.168055e-06	 1184	 iter
895	 4.168055e-06	 1185	 iter
896	 4.168055e-06	 1187	 iter
897	 4.168055e-06	 1188	 iter
898	 4.168055e-06	 1190	 iter
899	 4.167680e-06	 1192	 iter
900	 4.159867e-06	 1194	 iter
901	 4.159867e-06	 1196	 iter
902	 4.159867e-06	 1198	 iter
903	 4.159867e-06	 1200	 iter
904	 4.159867e-06	 1202	 iter
905	 4.159867e-06	 1204	 iter
906	 4.159867e-06	 1205	 iter
907	 4.159867e-06	 1206	 iter
908	 4.159867e-06	 1208	 iter
909	 4.159867e-06	 1209	 iter
910	 4.159867e-06	 1210	 iter
911	 4.159867e-06	 1211	 iter
912	 4.159867e-06	 1212	 iter
913	 4.159867e-06	 1213	 iter
914	 4.159867e-06	 1214	 iter
915	 4.159867e-06	 1215	 iter
916	 4.159867e-06	 1217	 iter
917	 4.159867e-06	 1218	 iter
918	 4.159867e-06	 1219	 iter
919	 4.159867e-06	 1221	 iter
920	 4.159867e-06	 1223	 iter
921	 4.159867e-06	 1225	 iter
922	 4.159867e-06	 1226	 iter
923	 4.159867e-06	 1228	 iter
924	 4.159227e-06	 1230	 iter
925	 4.159227e-06	 1231	 iter
926	 4.158634e-06	 1233	 iter
927	 4.157877e-06	 1235	 iter
928	 4.157877e-06	 1236	 iter
929	 4.157877e-06	 1237	 iter
930	 4.157877e-06	 1239	 iter
931	 4.157877e-06	 1240	 iter
932	 4.157877e-06	 1242	 iter
933	 4.157877e-06	 1243	 iter
934	 4.157723e-06	 1245	 iter
935	 4.157723e-06	 1246	 iter
936	 4.157723e-06	 1248	 iter
937	 4.156490e-06	 1250	 iter
938	 4.156490e-06	 1251	 iter
939	 4.156375e-06	 1253	 iter
940	 4.156375e-06	 1254	 iter
941	 4.156375e-06	 1256	 iter
942	 4.156375e-06	 1257	 iter
943	 4.156375e-06	 1258	 iter
944	 4.156375e-06	 1260	 iter
945	 4.156375e-06	 1262	 iter
946	 4.156375e-06	 1263	 iter
947	 4.156375e-06	 1265	 iter
948	 4.156375e-06	 1267	 iter
949	 4.156375e-06	 1269	 iter
950	 4.156375e-06	 1270	 iter
951	 4.156375e-06	 1272	 iter
952	 4.156367e-06	 1274	 iter
953	 4.155512e-06	 1276	 iter
954	 4.155512e-06	 1277	 iter
955	 4.155512e-06	 1278	 iter
956	 4.155512e-06	 1279	 iter
957	 4.155512e-06	 1280	 iter
958	 4.155512e-06	 1282	 iter
959	 4.155512e-06	 1284	 iter
960	 4.155512e-06	 1286	 iter
961	 4.155512e-06	 1287	 iter
962	 4.155512e-06	 1289	 iter
963	 4.155512e-06	 1291	 iter
964	 4.155512e-06	 1293	 iter
965	 4.155512e-06	 1294	 iter
966	 4.155512e-06	 1296	 iter
967	 4.155422e-06	 1298	 iter
968	 4.155422e-06	 1300	 iter
969	 4.155422e-06	 1301	 iter
970	 4.154742e-06	 1303	 iter
971	 4.154742e-06	 1304	 iter
972	 4.154742e-06	 1306	 iter
973	 4.154742e-06	 1307	 iter
974	 4.154742e-06	 1308	 iter
975	 4.154742e-06	 1310	 iter
976	 4.154742e-06	 1312	 iter
977	 4.154742e-06	 1314	 iter
978	 4.154742e-06	 1315	 iter
979	 4.154742e-06	 1316	 iter
980	 4.154742e-06	 1317	 iter
981	 4.154742e-06	 1318	 iter
982	 4.154742e-06	 1320	 iter
983	 4.154742e-06	 1322	 iter
984	 4.154742e-06	 1323	 iter
985	 4.154742e-06	 1324	 iter
986	 4.154742e-06	 1326	 iter
987	 4.154541e-06	 1328	 iter
988	 4.154541e-06	 1329	 iter
989	 4.154541e-06	 1330	 iter
990	 4.154541e-06	 1331	 iter
991	 4.154444e-06	 1333	 iter
992	 4.154444e-06	 1334	 iter
993	 4.154300e-06	 1336	 iter
994	 4.154300e-06	 1337	 iter
995	 4.154300e-06	 1338	 iter
996	 4.154300e-06	 1339	 iter
997	 4.154300e-06	 1340	 iter
998	 4.154300e-06	 1341	 iter
999	 4.154300e-06	 1343	 iter
1000	 4.154300e-06	 1345	 iter
1001	 4.154300e-06	 1346	 iter
1002	 4.154300e-06	 1347	 iter
1003	 4.154300e-06	 1348	 iter
1004	 4.154300e-06	 1349	 iter
1005	 4.154300e-06	 1350	 iter
1006	 4.154162e-06	 1352	 iter
1007	 4.154162e-06	 1353	 iter
1008	 4.153893e-06	 1355	 iter
1009	 4.153893e-06	 1356	 iter
1010	 4.153893e-06	 1357	 iter
1011	 4.153893e-06	 1358	 iter
1012	 4.153893e-06	 1359	 iter
1013	 4.153893e-06	 1361	 iter
1014	 4.153893e-06	 1362	 iter
1015	 4.153893e-06	 1363	 iter
1016	 4.153893e-06	 1364	 iter
1017	 4.153891e-06	 1366	 iter
1018	 4.153891e-06	 1367	 iter
1019	 4.153891e-06	 1368	 iter
1020	 4.153648e-06	 1370	 iter
1021	 4.153648e-06	 1371	 iter
1022	 4.153648e-06	 1372	 iter
1023	 4.153648e-06	 1373	 iter
1024	 4.153648e-06	 1375	 iter
1025	 4.153648e-06	 1377	 iter
1026	 4.153648e-06	 1379	 iter
1027	 4.153648e-06	 1380	 iter
1028	 4.153648e-06	 1381	 iter
1029	 4.153631e-06	 1383	 iter
1030	 4.153631e-06	 1384	 iter
1031	 4.153135e-06	 1386	 iter
1032	 4.153135e-06	 1387	 iter
1033	 4.153135e-06	 1388	 iter
1034	 4.153135e-06	 1389	 iter
1035	 4.153135e-06	 1390	 iter
1036	 4.153135e-06	 1391	 iter
1037	 4.153135e-06	 1392	 iter
1038	 4.153135e-06	 1393	 iter
1039	 4.153135e-06	 1394	 iter
1040	 4.153135e-06	 1395	 iter
1041	 4.153135e-06	 1396	 iter
1042	 4.152717e-06	 1398	 iter
1043	 4.152717e-06	 1399	 iter
1044	 4.152717e-06	 1400	 iter
1045	 4.152717e-06	 1401	 iter
1046	 4.152717e-06	 1402	 iter
1047	 4.152717e-06	 1403	 iter
1048	 4.152717e-06	 1404	 iter
1049	 4.152717e-06	 1405	 iter
1050	 4.152717e-06	 1406	 iter
1051	 4.151972e-06	 1408	 iter
1052	 4.151972e-06	 1409	 iter
1053	 4.151972e-06	 1410	 iter
1054	 4.151972e-06	 1411	 iter
1055	 4.151972e-06	 1412	 iter
1056	 4.151972e-06	 1413	 iter
1057	 4.151972e-06	 1414	 iter
1058	 4.151972e-06	 1415	 iter
1059	 4.151972e-06	 1416	 iter
1060	 4.151972e-06	 1417	 iter
1061	 4.151972e-06	 1418	 iter
1062	 4.151725e-06	 1420	 iter
1063	 4.151725e-06	 1421	 iter
1064	 4.151170e-06	 1423	 iter
1065	 4.151170e-06	 1424	 iter
1066	 4.151170e-06	 1425	 iter
1067	 4.151170e-06	 1426	 iter
1068	 4.151170e-06	 1427	 iter
1069	 4.151170e-06	 1428	 iter
1070	 4.151170e-06	 1429	 iter
1071	 4.151116e-06	 1431	 iter
1072	 4.150391e-06	 1433	 iter
1073	 4.150391e-06	 1434	 iter
1074	 4.150391e-06	 1435	 iter
1075	 4.150391e-06	 1436	 iter
1076	 4.150391e-06	 1437	 iter
1077	 4.150391e-06	 1438	 iter
1078	 4.150391e-06	 1439	 iter
1079	 4.150082e-06	 1441	 iter
1080	 4.149918e-06	 1443	 iter
1081	 4.149918e-06	 1444	 iter
1082	 4.148877e-06	 1446	 iter
1083	 4.148877e-06	 1447	 iter
1084	 4.148877e-06	 1448	 iter
1085	 4.148394e-06	 1450	 iter
1086	 4.148394e-06	 1451	 iter
1087	 4.148394e-06	 1452	 iter
1088	 4.148394e-06	 1453	 iter
1089	 4.148394e-06	 1454	 iter
1090	 4.147762e-06	 1456	 iter
1091	 4.147762e-06	 1457	 iter
1092	 4.147626e-06	 1459	 iter
1093	 4.147098e-06	 1461	 iter
1094	 4.146418e-06	 1463	 iter
1095	 4.146418e-06	 1464	 iter
1096	 4.146418e-06	 1465	 iter
1097	 4.146418e-06	 1466	 iter
1098	 4.146418e-06	 1467	 iter
1099	 4.146418e-06	 1468	 iter
1100	 4.146418e-06	 1469	 iter
1101	 4.146418e-06	 1470	 iter
1102	 4.146418e-06	 1471	 iter
1103	 4.146418e-06	 1472	 iter
1104	 4.146418e-06	 1473	 iter
1105	 4.146418e-06	 1474	 iter
1106	 4.146418e-06	 1475	 iter
1107	 4.146418e-06	 1477	 iter
1108	 4.146418e-06	 1479	 iter
1109	 4.146418e-06	 1481	 iter
1110	 4.146418e-06	 1482	 iter
1111	 4.146418e-06	 1483	 iter
1112	 4.146418e-06	 1484	 iter
1113	 4.146090e-06	 1486	 iter
1114	 4.146090e-06	 1487	 iter
1115	 4.146090e-06	 1489	 iter
1116	 4.146090e-06	 1491	 iter
1117	 4.146090e-06	 1492	 iter
1118	 4.146090e-06	 1493	 iter
1119	 4.146090e-06	 1494	 iter
1120	 4.146090e-06	 1495	 iter
1121	 4.146090e-06	 1496	 iter
1122	 4.146090e-06	 1497	 iter
1123	 4.146090e-06	 1498	 iter
1124	 4.146090e-06	 1500	 iter
1125	 4.146090e-06	 1501	 iter
1126	 4.146090e-06	 1502	 iter
1127	 4.146090e-06	 1503	 iter
1128	 4.146090e-06	 1504	 iter
1129	 4.146090e-06	 1506	 iter
1130	 4.146090e-06	 1507	 iter
1131	 4.146090e-06	 1508	 iter
1132	 4.145776e-06	 1510	 iter
1133	 4.145776e-06	 1512	 iter
1134	 4.145776e-06	 1514	 iter
1135	 4.145776e-06	 1515	 iter
1136	 4.145776e-06	 1517	 iter
1137	 4.145776e-06	 1518	 iter
1138	 4.145776e-06	 1519	 iter
1139	 4.145776e-06	 1520	 iter
1140	 4.145776e-06	 1522	 iter
1141	 4.145776e-06	 1524	 iter
1142	 4.145776e-06	 1525	 iter
1143	 4.145776e-06	 1527	 iter
1144	 4.145776e-06	 1529	 iter
1145	 4.145776e-06	 1531	 iter
1146	 4.145776e-06	 1532	 iter
1147	 4.145776e-06	 1534	 iter
1148	 4.145776e-06	 1536	 iter
1149	 4.145776e-06	 1537	 iter
1150	 4.145776e-06	 1538	 iter
1151	 4.145776e-06	 1539	 iter
1152	 4.145776e-06	 1541	 iter
1153	 4.145630e-06	 1543	 iter
1154	 4.145630e-06	 1545	 iter
1155	 4.145630e-06	 1547	 iter
1156	 4.145630e-06	 1549	 iter
1157	 4.145630e-06	 1551	 iter
1158	 4.145630e-06	 1552	 iter
1159	 4.145630e-06	 1553	 iter
1160	 4.145630e-06	 1554	 iter
1161	 4.145630e-06	 1556	 iter
1162	 4.145630e-06	 1557	 iter
1163	 4.145630e-06	 1558	 iter
1164	 4.145630e-06	 1559	 iter
1165	 4.145630e-06	 1560	 iter
1166	 4.145630e-06	 1562	 iter
1167	 4.145630e-06	 1564	 iter
1168	 4.145630e-06	 1565	 iter
1169	 4.145630e-06	 1566	 iter
1170	 4.145630e-06	 1568	 iter
1171	 4.145598e-06	 1570	 iter
1172	 4.145598e-06	 1572	 iter
1173	 4.145598e-06	 1573	 iter
1174	 4.145598e-06	 1575	 iter
1175	 4.145574e-06	 1577	 iter
1176	 4.145574e-06	 1578	 iter
1177	 4.145446e-06	 1580	 iter
1178	 4.145446e-06	 1581	 iter
1179	 4.145446e-06	 1582	 iter
1180	 4.145446e-06	 1583	 iter
1181	 4.145446e-06	 1584	 iter
1182	 4.145446e-06	 1585	 iter
1183	 4.145446e-06	 1587	 iter
1184	 4.145446e-06	 1588	 iter
1185	 4.145446e-06	 1590	 iter
1186	 4.145446e-06	 1591	 iter
1187	 4.145446e-06	 1592	 iter
1188	 4.145446e-06	 1594	 iter
1189	 4.145446e-06	 1595	 iter
1190	 4.145446e-06	 1596	 iter
1191	 4.145446e-06	 1597	 iter
1192	 4.145398e-06	 1599	 iter
1193	 4.145398e-06	 1600	 iter
1194	 4.145398e-06	 1601	 iter
1195	 4.145398e-06	 1602	 iter
1196	 4.145398e-06	 1603	 iter
1197	 4.145398e-06	 1604	 iter
1198	 4.145398e-06	 1605	 iter
1199	 4.145398e-06	 1606	 iter
1200	 4.145398e-06	 1607	 iter
1201	 4.145398e-06	 1608	 iter
1202	 4.145398e-06	 1609	 iter
1203	 4.145398e-06	 1610	 iter
1204	 4.145398e-06	 1611	 iter
1205	 4.145398e-06	 1612	 iter
1206	 4.145398e-06	 1613	 iter
1207	 4.145398e-06	 1614	 iter
1208	 4.145398e-06	 1615	 iter
1209	 4.145398e-06	 1616	 iter
1210	 4.145384e-06	 1618	 iter
1211	 4.145335e-06	 1620	 iter
1212	 4.145335e-06	 1621	 iter
1213	 4.145324e-06	 1623	 iter
1214	 4.145324e-06	 1624	 iter
1215	 4.145324e-06	 1625	 iter
1216	 4.145324e-06	 1626	 iter
1217	 4.145324e-06	 1627	 iter
1218	 4.145324e-06	 1628	 iter
1219	 4.145324e-06	 1629	 iter
1220	 4.145268e-06	 1631	 iter
1221	 4.145268e-06	 1632	 iter
1222	 4.145268e-06	 1633	 iter
1223	 4.145268e-06	 1634	 iter
1224	 4.145268e-06	 1635	 iter
1225	 4.145268e-06	 1636	 iter
1226	 4.145268e-06	 1637	 iter
1227	 4.145268e-06	 1638	 iter
1228	 4.145268e-06	 1639	 iter
1229	 4.145268e-06	 1640	 iter
1230	 4.145268e-06	 1641	 iter
1231	 4.145220e-06	 1643	 iter
1232	 4.145220e-06	 1644	 iter
1233	 4.145220e-06	 1645	 iter
1234	 4.145220e-06	 1646	 iter
1235	 4.145220e-06	 1647	 iter
1236	 4.145220e-06	 1648	 iter
1237	 4.145220e-06	 1649	 iter
1238	 4.145220e-06	 1650	 iter
1239	 4.145220e-06	 1651	 iter
1240	 4.145220e-06	 1653	 iter
1241	 4.145180e-06	 1655	 iter
1242	 4.145180e-06	 1656	 iter
1243	 4.145172e-06	 1658	 iter
1244	 4.145172e-06	 1659	 iter
1245	 4.145172e-06	 1660	 iter
1246	 4.145172e-06	 1661	 iter
1247	 4.145172e-06	 1662	 iter
1248	 4.145172e-06	 1663	 iter
1249	 4.145169e-06	 1665	 iter
1250	 4.145169e-06	 1667	 iter
1251	 4.145169e-06	 1668	 iter
1252	 4.145169e-06	 1669	 iter
1253	 4.145169e-06	 1670	 iter
1254	 4.145169e-06	 1671	 iter
1255	 4.144981e-06	 1673	 iter
1256	 4.144981e-06	 1674	 iter
1257	 4.144981e-06	 1676	 iter
1258	 4.144981e-06	 1677	 iter
1259	 4.144981e-06	 1679	 iter
1260	 4.144981e-06	 1680	 iter
1261	 4.144981e-06	 1681	 iter
1262	 4.144981e-06	 1682	 iter
1263	 4.144981e-06	 1683	 iter
1264	 4.144981e-06	 1684	 iter
1265	 4.144981e-06	 1686	 iter
1266	 4.144981e-06	 1687	 iter
1267	 4.144981e-06	 1688	 iter
1268	 4.144981e-06	 1689	 iter
1269	 4.144981e-06	 1690	 iter
1270	 4.144981e-06	 1691	 iter
1271	 4.144981e-06	 1692	 iter
1272	 4.144981e-06	 1693	 iter
1273	 4.144981e-06	 1694	 iter
1274	 4.144981e-06	 1695	 iter
1275	 4.144981e-06	 1696	 iter
1276	 4.144803e-06	 1698	 iter
1277	 4.144803e-06	 1699	 iter
1278	 4.144803e-06	 1700	 iter
1279	 4.144803e-06	 1701	 iter
1280	 4.144803e-06	 1702	 iter
1281	 4.144803e-06	 1703	 iter
1282	 4.144803e-06	 1704	 iter
1283	 4.144803e-06	 1705	 iter
1284	 4.144803e-06	 1706	 iter
1285	 4.144803e-06	 1707	 iter
1286	 4.144803e-06	 1708	 iter
1287	 4.144803e-06	 1709	 iter
1288	 4.144803e-06	 1710	 iter
1289	 4.144803e-06	 1711	 iter
1290	 4.144741e-06	 1713	 iter
1291	 4.144741e-06	 1714	 iter
1292	 4.144741e-06	 1715	 iter
1293	 4.144741e-06	 1716	 iter
1294	 4.144741e-06	 1717	 iter
1295	 4.144741e-06	 1718	 iter
1296	 4.144659e-06	 1720	 iter
1297	 4.144659e-06	 1721	 iter
1298	 4.144573e-06	 1723	 iter
1299	 4.144573e-06	 1724	 iter
1300	 4.144376e-06	 1726	 iter
1301	 4.144376e-06	 1727	 iter
1302	 4.144376e-06	 1728	 iter
1303	 4.144376e-06	 1729	 iter
1304	 4.144376e-06	 1730	 iter
1305	 4.144376e-06	 1731	 iter
1306	 4.144376e-06	 1732	 iter
1307	 4.144376e-06	 1733	 iter
1308	 4.144376e-06	 1734	 iter
1309	 4.144376e-06	 1735	 iter
1310	 4.143940e-06	 1737	 iter
1311	 4.143940e-06	 1738	 iter
1312	 4.143940e-06	 1739	 iter
1313	 4.143940e-06	 1740	 iter
1314	 4.143940e-06	 1741	 iter
1315	 4.143940e-06	 1742	 iter
1316	 4.143940e-06	 1743	 iter
1317	 4.143940e-06	 1744	 iter
1318	 4.143940e-06	 1745	 iter
1319	 4.143940e-06	 1746	 iter
1320	 4.143808e-06	 1748	 iter
1321	 4.143808e-06	 1749	 iter
1322	 4.143581e-06	 1751	 iter
1323	 4.143581e-06	 1752	 iter
1324	 4.143581e-06	 1753	 iter
1325	 4.143581e-06	 1754	 iter
1326	 4.143370e-06	 1756	 iter
1327	 4.143370e-06	 1757	 iter
1328	 4.143013e-06	 1759	 iter
1329	 4.143013e-06	 1760	 iter
1330	 4.143013e-06	 1761	 iter
1331	 4.143013e-06	 1762	 iter
1332	 4.143013e-06	 1763	 iter
1333	 4.143013e-06	 1764	 iter
1334	 4.142444e-06	 1766	 iter
1335	 4.142444e-06	 1767	 iter
1336	 4.142444e-06	 1768	 iter
1337	 4.142444e-06	 1769	 iter
1338	 4.142444e-06	 1770	 iter
1339	 4.142444e-06	 1771	 iter
1340	 4.142444e-06	 1772	 iter
1341	 4.142444e-06	 1773	 iter
1342	 4.141579e-06	 1775	 iter
1343	 4.141579e-06	 1776	 iter
1344	 4.141579e-06	 1777	 iter
1345	 4.141579e-06	 1778	 iter
1346	 4.141579e-06	 1779	 iter
1347	 4.141579e-06	 1780	 iter
1348	 4.141579e-06	 1781	 iter
1349	 4.141054e-06	 1783	 iter
1350	 4.141054e-06	 1784	 iter
1351	 4.141054e-06	 1785	 iter
1352	 4.141054e-06	 1786	 iter
1353	 4.141054e-06	 1787	 iter
1354	 4.141054e-06	 1788	 iter
1355	 4.140384e-06	 1790	 iter
1356	 4.140384e-06	 1791	 iter
1357	 4.140384e-06	 1792	 iter
1358	 4.140384e-06	 1793	 iter
1359	 4.140384e-06	 1794	 iter
1360	 4.140384e-06	 1795	 iter
1361	 4.139583e-06	 1797	 iter
1362	 4.139583e-06	 1798	 iter
1363	 4.139583e-06	 1799	 iter
1364	 4.139583e-06	 1800	 iter
1365	 4.139583e-06	 1801	 iter
1366	 4.139583e-06	 1802	 iter
1367	 4.139583e-06	 1803	 iter
1368	 4.138104e-06	 1805	 iter
1369	 4.138104e-06	 1806	 iter
1370	 4.138104e-06	 1807	 iter
1371	 4.138104e-06	 1808	 iter
1372	 4.138104e-06	 1809	 iter
1373	 4.138104e-06	 1810	 iter
1374	 4.138104e-06	 1811	 iter
1375	 4.138104e-06	 1812	 iter
1376	 4.138104e-06	 1813	 iter
1377	 4.138104e-06	 1814	 iter
1378	 4.138104e-06	 1815	 iter
1379	 4.136934e-06	 1817	 iter
1380	 4.136934e-06	 1818	 iter
1381	 4.136934e-06	 1819	 iter
1382	 4.136934e-06	 1820	 iter
1383	 4.136934e-06	 1821	 iter
1384	 4.136483e-06	 1823	 iter
1385	 4.136483e-06	 1824	 iter
1386	 4.136483e-06	 1825	 iter
1387	 4.135583e-06	 1827	 iter
1388	 4.135583e-06	 1828	 iter
1389	 4.135583e-06	 1829	 iter
1390	 4.134427e-06	 1831	 iter
1391	 4.134427e-06	 1832	 iter
1392	 4.134427e-06	 1833	 iter
1393	 4.134427e-06	 1834	 iter
1394	 4.133347e-06	 1836	 iter
1395	 4.133347e-06	 1837	 iter
1396	 4.133347e-06	 1838	 iter
1397	 4.133347e-06	 1839	 iter
1398	 4.133347e-06	 1840	 iter
1399	 4.133347e-06	 1841	 iter
1400	 4.133048e-06	 1843	 iter
1401	 4.131169e-06	 1845	 iter
1402	 4.131169e-06	 1846	 iter
1403	 4.131169e-06	 1847	 iter
1404	 4.131169e-06	 1848	 iter
1405	 4.131169e-06	 1849	 iter
1406	 4.129553e-06	 1851	 iter
1407	 4.129553e-06	 1852	 iter
1408	 4.129553e-06	 1853	 iter
1409	 4.129553e-06	 1854	 iter
1410	 4.129553e-06	 1855	 iter
1411	 4.129553e-06	 1856	 iter
1412	 4.127853e-06	 1858	 iter
1413	 4.127853e-06	 1859	 iter
1414	 4.127853e-06	 1860	 iter
1415	 4.127853e-06	 1861	 iter
1416	 4.127853e-06	 1862	 iter
1417	 4.127853e-06	 1863	 iter
1418	 4.127853e-06	 1864	 iter
1419	 4.126005e-06	 1866	 iter
1420	 4.126005e-06	 1867	 iter
1421	 4.126005e-06	 1868	 iter
1422	 4.126005e-06	 1869	 iter
1423	 4.126005e-06	 1870	 iter
1424	 4.126005e-06	 1871	 iter
1425	 4.126005e-06	 1872	 iter
1426	 4.124939e-06	 1874	 iter
1427	 4.124939e-06	 1875	 iter
1428	 4.123600e-06	 1877	 iter
1429	 4.123600e-06	 1878	 iter
1430	 4.123600e-06	 1879	 iter
1431	 4.123600e-06	 1880	 iter
1432	 4.123600e-06	 1881	 iter
1433	 4.123600e-06	 1882	 iter
1434	 4.123600e-06	 1883	 iter
1435	 4.123600e-06	 1884	 iter
1436	 4.123600e-06	 1885	 iter
1437	 4.123600e-06	 1886	 iter
1438	 4.122335e-06	 1888	 iter
1439	 4.122335e-06	 1889	 iter
1440	 4.122335e-06	 1890	 iter
1441	 4.122335e-06	 1891	 iter
1442	 4.122335e-06	 1892	 iter
1443	 4.122335e-06	 1893	 iter
1444	 4.122335e-06	 1894	 iter
1445	 4.121157e-06	 1896	 iter
1446	 4.121157e-06	 1897	 iter
1447	 4.121157e-06	 1898	 iter
1448	 4.121157e-06	 1899	 iter
1449	 4.121157e-06	 1900	 iter
1450	 4.121157e-06	 1901	 iter
1451	 4.121157e-06	 1902	 iter
1452	 4.121157e-06	 1903	 iter
1453	 4.121157e-06	 1904	 iter
1454	 4.119235e-06	 1906	 iter
1455	 4.119235e-06	 1907	 iter
1456	 4.119235e-06	 1908	 iter
1457	 4.119235e-06	 1909	 iter
1458	 4.119235e-06	 1910	 iter
1459	 4.119235e-06	 1911	 iter
1460	 4.119235e-06	 1912	 iter
1461	 4.119235e-06	 1913	 iter
1462	 4.119235e-06	 1914	 iter
1463	 4.119235e-06	 1915	 iter
1464	 4.119199e-06	 1917	 iter
1465	 4.119199e-06	 1918	 iter
1466	 4.119082e-06	 1920	 iter
1467	 4.119082e-06	 1921	 iter
1468	 4.119082e-06	 1922	 iter
1469	 4.118246e-06	 1924	 iter
1470	 4.118246e-06	 1925	 iter
1471	 4.118246e-06	 1927	 iter
1472	 4.118246e-06	 1928	 iter
1473	 4.118246e-06	 1930	 iter
1474	 4.118246e-06	 1931	 iter
1475	 4.117737e-06	 1933	 iter
1476	 4.116221e-06	 1935	 iter
1477	 4.116221e-06	 1936	 iter
1478	 4.116221e-06	 1937	 iter
1479	 4.116221e-06	 1939	 iter
1480	 4.116221e-06	 1940	 iter
1481	 4.116221e-06	 1941	 iter
1482	 4.116221e-06	 1942	 iter
1483	 4.114777e-06	 1944	 iter
1484	 4.114777e-06	 1945	 iter
1485	 4.114777e-06	 1946	 iter
1486	 4.114777e-06	 1947	 iter
1487	 4.114777e-06	 1948	 iter
1488	 4.114777e-06	 1949	 iter
1489	 4.114777e-06	 1950	 iter
1490	 4.114777e-06	 1951	 iter
1491	 4.114777e-06	 1952	 iter
1492	 4.114777e-06	 1953	 iter
1493	 4.114777e-06	 1954	 iter
1494	 4.114777e-06	 1955	 iter
1495	 4.114030e-06	 1957	 iter
1496	 4.114030e-06	 1958	 iter
1497	 4.114030e-06	 1959	 iter
1498	 4.113449e-06	 1961	 iter
1499	 4.113449e-06	 1962	 iter
1500	 4.113449e-06	 1963	 iter
1501	 4.113449e-06	 1964	 iter
1502	 4.111236e-06	 1966	 iter
1503	 4.111236e-06	 1967	 iter
1504	 4.111236e-06	 1968	 iter
1505	 4.111236e-06	 1969	 iter
1506	 4.111236e-06	 1970	 iter
1507	 4.111236e-06	 1971	 iter
1508	 4.111236e-06	 1972	 iter
1509	 4.111236e-06	 1973	 iter
1510	 4.111236e-06	 1974	 iter
1511	 4.111236e-06	 1975	 iter
1512	 4.111236e-06	 1976	 iter
1513	 4.111236e-06	 1977	 iter
1514	 4.110672e-06	 1979	 iter
1515	 4.110288e-06	 1981	 iter
1516	 4.110288e-06	 1982	 iter
1517	 4.110288e-06	 1983	 iter
1518	 4.110288e-06	 1984	 iter
1519	 4.110288e-06	 1985	 iter
1520	 4.110288e-06	 1986	 iter
1521	 4.110288e-06	 1987	 iter
1522	 4.110288e-06	 1988	 iter
1523	 4.109507e-06	 1990	 iter
1524	 4.109507e-06	 1991	 iter
1525	 4.109052e-06	 1993	 iter
1526	 4.109052e-06	 1994	 iter
1527	 4.109052e-06	 1995	 iter
1528	 4.109052e-06	 1997	 iter
1529	 4.109052e-06	 1999	 iter
1530	 4.109052e-06	 2000	 iter
1531	 4.109052e-06	 2002	 iter
1532	 4.109052e-06	 2003	 iter
1533	 4.109052e-06	 2004	 iter
1534	 4.109052e-06	 2005	 iter
1535	 4.109052e-06	 2006	 iter
1536	 4.109052e-06	 2007	 iter
1537	 4.109052e-06	 2009	 iter
1538	 4.108589e-06	 2011	 iter
1539	 4.108589e-06	 2012	 iter
1540	 4.108381e-06	 2014	 iter
1541	 4.108381e-06	 2016	 iter
1542	 4.108381e-06	 2017	 iter
1543	 4.108381e-06	 2018	 iter
1544	 4.108381e-06	 2019	 iter
1545	 4.108381e-06	 2020	 iter
1546	 4.108381e-06	 2021	 iter
1547	 4.108381e-06	 2022	 iter
1548	 4.108381e-06	 2023	 iter
1549	 4.107667e-06	 2025	 iter
1550	 4.107667e-06	 2027	 iter
1551	 4.107667e-06	 2028	 iter
1552	 4.107467e-06	 2030	 iter
1553	 4.107467e-06	 2031	 iter
1554	 4.107467e-06	 2032	 iter
1555	 4.107467e-06	 2034	 iter
1556	 4.107467e-06	 2035	 iter
1557	 4.107467e-06	 2036	 iter
1558	 4.107467e-06	 2037	 iter
1559	 4.107467e-06	 2038	 iter
1560	 4.107467e-06	 2039	 iter
1561	 4.107467e-06	 2040	 iter
1562	 4.107444e-06	 2042	 iter
1563	 4.107444e-06	 2044	 iter
1564	 4.107089e-06	 2046	 iter
1565	 4.107089e-06	 2047	 iter
1566	 4.107089e-06	 2048	 iter
1567	 4.106879e-06	 2050	 iter
1568	 4.106833e-06	 2052	 iter
1569	 4.106833e-06	 2054	 iter
1570	 4.106833e-06	 2055	 iter
1571	 4.106833e-06	 2056	 iter
1572	 4.106833e-06	 2057	 iter
1573	 4.106833e-06	 2059	 iter
1574	 4.106833e-06	 2061	 iter
1575	 4.106833e-06	 2063	 iter
1576	 4.106833e-06	 2064	 iter
1577	 4.106833e-06	 2065	 iter
1578	 4.106833e-06	 2066	 iter
1579	 4.106833e-06	 2067	 iter
1580	 4.106833e-06	 2068	 iter
1581	 4.106833e-06	 2070	 iter
1582	 4.106695e-06	 2072	 iter
1583	 4.106695e-06	 2073	 iter
1584	 4.106695e-06	 2075	 iter
1585	 4.106695e-06	 2077	 iter
1586	 4.106695e-06	 2078	 iter
1587	 4.106567e-06	 2080	 iter
1588	 4.106567e-06	 2081	 iter
1589	 4.106567e-06	 2082	 iter
1590	 4.106567e-06	 2083	 iter
1591	 4.106567e-06	 2084	 iter
1592	 4.106567e-06	 2086	 iter
1593	 4.106567e-06	 2087	 iter
1594	 4.106567e-06	 2088	 iter
1595	 4.106567e-06	 2089	 iter
1596	 4.106567e-06	 2090	 iter
1597	 4.106567e-06	 2092	 iter
1598	 4.106567e-06	 2093	 iter
1599	 4.106567e-06	 2094	 iter
1600	 4.106567e-06	 2096	 iter
1601	 4.106567e-06	 2098	 iter
1602	 4.106567e-06	 2099	 iter
1603	 4.106567e-06	 2100	 iter
1604	 4.106567e-06	 2102	 iter
1605	 4.106567e-06	 2104	 iter
1606	 4.106567e-06	 2106	 iter
1607	 4.106567e-06	 2107	 iter
1608	 4.106567e-06	 2108	 iter
1609	 4.106567e-06	 2110	 iter
1610	 4.106567e-06	 2111	 iter
1611	 4.106567e-06	 2112	 iter
1612	 4.106567e-06	 2114	 iter
1613	 4.106567e-06	 2116	 iter
1614	 4.106567e-06	 2117	 iter
1615	 4.106561e-06	 2119	 iter
1616	 4.106561e-06	 2121	 iter
1617	 4.106519e-06	 2123	 iter
1618	 4.106519e-06	 2124	 iter
1619	 4.106519e-06	 2126	 iter
1620	 4.106519e-06	 2127	 iter
1621	 4.106519e-06	 2129	 iter
1622	 4.106519e-06	 2131	 iter
1623	 4.106519e-06	 2132	 iter
1624	 4.106519e-06	 2134	 iter
1625	 4.106519e-06	 2136	 iter
1626	 4.106519e-06	 2138	 iter
1627	 4.106519e-06	 2139	 iter
1628	 4.106519e-06	 2140	 iter
1629	 4.106499e-06	 2142	 iter
1630	 4.106499e-06	 2144	 iter
1631	 4.106499e-06	 2145	 iter
1632	 4.106499e-06	 2147	 iter
1633	 4.106499e-06	 2149	 iter
1634	 4.106499e-06	 2151	 iter
1635	 4.106499e-06	 2153	 iter
1636	 4.106499e-06	 2155	 iter
1637	 4.106499e-06	 2156	 iter
1638	 4.106479e-06	 2158	 iter
1639	 4.106479e-06	 2159	 iter
1640	 4.106479e-06	 2160	 iter
1641	 4.106479e-06	 2161	 iter
1642	 4.106474e-06	 2163	 iter
1643	 4.106474e-06	 2164	 iter
1644	 4.106471e-06	 2166	 iter
1645	 4.106471e-06	 2168	 iter
1646	 4.106471e-06	 2170	 iter
1647	 4.106471e-06	 2171	 iter
1648	 4.106471e-06	 2173	 iter
1649	 4.106471e-06	 2175	 iter
1650	 4.106471e-06	 2177	 iter
1651	 4.106471e-06	 2179	 iter
1652	 4.106449e-06	 2181	 iter
1653	 4.106449e-06	 2183	 iter
1654	 4.106448e-06	 2185	 iter
1655	 4.106448e-06	 2186	 iter
1656	 4.106448e-06	 2187	 iter
1657	 4.106448e-06	 2188	 iter
1658	 4.106448e-06	 2189	 iter
1659	 4.106448e-06	 2191	 iter
1660	 4.106448e-06	 2193	 iter
1661	 4.106447e-06	 2195	 iter
1662	 4.106447e-06	 2196	 iter
1663	 4.106447e-06	 2197	 iter
1664	 4.106437e-06	 2199	 iter
1665	 4.106437e-06	 2200	 iter
1666	 4.106433e-06	 2202	 iter
1667	 4.106422e-06	 2204	 iter
1668	 4.106422e-06	 2205	 iter
1669	 4.106422e-06	 2206	 iter
1670	 4.106422e-06	 2207	 iter
1671	 4.106421e-06	 2209	 iter
1672	 4.106421e-06	 2210	 iter
1673	 4.106421e-06	 2211	 iter
1674	 4.106421e-06	 2213	 iter
1675	 4.106421e-06	 2214	 iter
1676	 4.106414e-06	 2216	 iter
1677	 4.106414e-06	 2217	 iter
1678	 4.106414e-06	 2218	 iter
1679	 4.106414e-06	 2219	 iter
1680	 4.106414e-06	 2220	 iter
1681	 4.106414e-06	 2221	 iter
1682	 4.106410e-06	 2223	 iter
1683	 4.106410e-06	 2224	 iter
1684	 4.106410e-06	 2225	 iter
1685	 4.106399e-06	 2227	 iter
1686	 4.106399e-06	 2228	 iter
1687	 4.106386e-06	 2230	 iter
1688	 4.106386e-06	 2231	 iter
1689	 4.106386e-06	 2232	 iter
1690	 4.106386e-06	 2233	 iter
1691	 4.106386e-06	 2234	 iter
1692	 4.106386e-06	 2235	 iter
1693	 4.106386e-06	 2236	 iter
1694	 4.106386e-06	 2237	 iter
1695	 4.106386e-06	 2238	 iter
1696	 4.106385e-06	 2240	 iter
1697	 4.106377e-06	 2242	 iter
1698	 4.106349e-06	 2244	 iter
1699	 4.106349e-06	 2245	 iter
1700	 4.106349e-06	 2246	 iter
1701	 4.106349e-06	 2247	 iter
1702	 4.106349e-06	 2248	 iter
1703	 4.106349e-06	 2249	 iter
1704	 4.106349e-06	 2250	 iter
1705	 4.106349e-06	 2251	 iter
1706	 4.106349e-06	 2252	 iter
1707	 4.106349e-06	 2253	 iter
1708	 4.106349e-06	 2254	 iter
1709	 4.106349e-06	 2255	 iter
1710	 4.106349e-06	 2257	 iter
1711	 4.106335e-06	 2259	 iter
1712	 4.106335e-06	 2260	 iter
1713	 4.106335e-06	 2261	 iter
1714	 4.106335e-06	 2262	 iter
1715	 4.106335e-06	 2263	 iter
1716	 4.106293e-06	 2265	 iter
1717	 4.106293e-06	 2266	 iter
1718	 4.106293e-06	 2267	 iter
1719	 4.106293e-06	 2268	 iter
1720	 4.106293e-06	 2269	 iter
1721	 4.106293e-06	 2270	 iter
1722	 4.106281e-06	 2272	 iter
1723	 4.106281e-06	 2273	 iter
1724	 4.106281e-06	 2274	 iter
1725	 4.106281e-06	 2275	 iter
1726	 4.106281e-06	 2276	 iter
1727	 4.106281e-06	 2277	 iter
1728	 4.106235e-06	 2279	 iter
1729	 4.106185e-06	 2281	 iter
1730	 4.106185e-06	 2282	 iter
1731	 4.106185e-06	 2283	 iter
1732	 4.106185e-06	 2284	 iter
1733	 4.106185e-06	 2285	 iter
1734	 4.106185e-06	 2286	 iter
1735	 4.106185e-06	 2287	 iter
1736	 4.106185e-06	 2288	 iter
1737	 4.106142e-06	 2290	 iter
1738	 4.106142e-06	 2291	 iter
1739	 4.106142e-06	 2292	 iter
1740	 4.106142e-06	 2293	 iter
1741	 4.106091e-06	 2295	 iter
1742	 4.106091e-06	 2296	 iter
1743	 4.106091e-06	 2297	 iter
1744	 4.106091e-06	 2298	 iter
1745	 4.106091e-06	 2299	 iter
1746	 4.106091e-06	 2300	 iter
1747	 4.106091e-06	 2301	 iter
1748	 4.106084e-06	 2303	 iter
1749	 4.106084e-06	 2304	 iter
1750	 4.106015e-06	 2306	 iter
1751	 4.106015e-06	 2307	 iter
1752	 4.106015e-06	 2308	 iter
1753	 4.105957e-06	 2310	 iter
1754	 4.105957e-06	 2311	 iter
1755	 4.105957e-06	 2312	 iter
1756	 4.105957e-06	 2313	 iter
1757	 4.105957e-06	 2314	 iter
1758	 4.105880e-06	 2316	 iter
1759	 4.105880e-06	 2317	 iter
1760	 4.105880e-06	 2318	 iter
1761	 4.105798e-06	 2320	 iter
1762	 4.105798e-06	 2321	 iter
1763	 4.105798e-06	 2322	 iter
1764	 4.105798e-06	 2323	 iter
1765	 4.105798e-06	 2324	 iter
1766	 4.105747e-06	 2326	 iter
1767	 4.105652e-06	 2328	 iter
1768	 4.105652e-06	 2329	 iter
1769	 4.105652e-06	 2330	 iter
1770	 4.105652e-06	 2331	 iter
1771	 4.105652e-06	 2332	 iter
1772	 4.105652e-06	 2333	 iter
1773	 4.105498e-06	 2335	 iter
1774	 4.105498e-06	 2336	 iter
1775	 4.105498e-06	 2337	 iter
1776	 4.105498e-06	 2338	 iter
1777	 4.105498e-06	 2339	 iter
1778	 4.105341e-06	 2341	 iter
1779	 4.105341e-06	 2342	 iter
1780	 4.105341e-06	 2343	 iter
1781	 4.105341e-06	 2344	 iter
1782	 4.105341e-06	 2345	 iter
1783	 4.105341e-06	 2346	 iter
1784	 4.105055e-06	 2348	 iter
1785	 4.105055e-06	 2349	 iter
1786	 4.105055e-06	 2350	 iter
1787	 4.105055e-06	 2351	 iter
1788	 4.105055e-06	 2352	 iter
1789	 4.105055e-06	 2353	 iter
1790	 4.105055e-06	 2354	 iter
1791	 4.105055e-06	 2355	 iter
1792	 4.105055e-06	 2356	 iter
1793	 4.104812e-06	 2358	 iter
1794	 4.104812e-06	 2359	 iter
1795	 4.104812e-06	 2360	 iter
1796	 4.104812e-06	 2361	 iter
1797	 4.104812e-06	 2362	 iter
1798	 4.104812e-06	 2363	 iter
1799	 4.104812e-06	 2364	 iter
1800	 4.104728e-06	 2366	 iter
1801	 4.104728e-06	 2367	 iter
1802	 4.104728e-06	 2368	 iter
1803	 4.104478e-06	 2370	 iter
1804	 4.104478e-06	 2371	 iter
1805	 4.104478e-06	 2372	 iter
1806	 4.104478e-06	 2373	 iter
1807	 4.104086e-06	 2375	 iter
1808	 4.104086e-06	 2376	 iter
1809	 4.104086e-06	 2377	 iter
1810	 4.104086e-06	 2378	 iter
1811	 4.104086e-06	 2379	 iter
1812	 4.104086e-06	 2380	 iter
1813	 4.104086e-06	 2381	 iter
1814	 4.104086e-06	 2382	 iter
1815	 4.104086e-06	 2383	 iter
1816	 4.104086e-06	 2384	 iter
1817	 4.104086e-06	 2385	 iter
1818	 4.104086e-06	 2386	 iter
1819	 4.103983e-06	 2388	 iter
1820	 4.103983e-06	 2389	 iter
1821	 4.103983e-06	 2390	 iter
1822	 4.103983e-06	 2391	 iter
1823	 4.103983e-06	 2392	 iter
1824	 4.103839e-06	 2394	 iter
1825	 4.103839e-06	 2395	 iter
1826	 4.103767e-06	 2397	 iter
1827	 4.103767e-06	 2398	 iter
1828	 4.103743e-06	 2400	 iter
1829	 4.103743e-06	 2401	 iter
1830	 4.103727e-06	 2403	 iter
1831	 4.103727e-06	 2404	 iter
1832	 4.103470e-06	 2406	 iter
1833	 4.103470e-06	 2407	 iter
1834	 4.103164e-06	 2409	 iter
1835	 4.103164e-06	 2410	 iter
1836	 4.103164e-06	 2411	 iter
1837	 4.103164e-06	 2412	 iter
1838	 4.103164e-06	 2413	 iter
1839	 4.103164e-06	 2414	 iter
1840	 4.103164e-06	 2415	 iter
1841	 4.103164e-06	 2416	 iter
1842	 4.103164e-06	 2417	 iter
1843	 4.103164e-06	 2418	 iter
1844	 4.103164e-06	 2419	 iter
1845	 4.103164e-06	 2420	 iter
1846	 4.103164e-06	 2422	 iter
1847	 4.103164e-06	 2423	 iter
1848	 4.102983e-06	 2425	 iter
1849	 4.102983e-06	 2426	 iter
1850	 4.102775e-06	 2428	 iter
1851	 4.102775e-06	 2429	 iter
1852	 4.102775e-06	 2430	 iter
1853	 4.102775e-06	 2431	 iter
1854	 4.102775e-06	 2432	 iter
1855	 4.102775e-06	 2433	 iter
1856	 4.102738e-06	 2435	 iter
1857	 4.102714e-06	 2437	 iter
1858	 4.102714e-06	 2438	 iter
1859	 4.102388e-06	 2440	 iter
1860	 4.102388e-06	 2441	 iter
1861	 4.102388e-06	 2442	 iter
1862	 4.102381e-06	 2444	 iter
1863	 4.102381e-06	 2445	 iter
1864	 4.102200e-06	 2447	 iter
1865	 4.102200e-06	 2448	 iter
1866	 4.102069e-06	 2450	 iter
1867	 4.102069e-06	 2451	 iter
1868	 4.102069e-06	 2452	 iter
1869	 4.102069e-06	 2453	 iter
1870	 4.102069e-06	 2454	 iter
1871	 4.102069e-06	 2455	 iter
1872	 4.102069e-06	 2456	 iter
1873	 4.101990e-06	 2458	 iter
1874	 4.101990e-06	 2459	 iter
1875	 4.101794e-06	 2461	 iter
1876	 4.101350e-06	 2463	 iter
1877	 4.101350e-06	 2464	 iter
1878	 4.101350e-06	 2465	 iter
1879	 4.101350e-06	 2466	 iter
1880	 4.101350e-06	 2467	 iter
1881	 4.101079e-06	 2469	 iter
1882	 4.101079e-06	 2471	 iter
1883	 4.101079e-06	 2472	 iter
1884	 4.101079e-06	 2473	 iter
1885	 4.101079e-06	 2474	 iter
1886	 4.100739e-06	 2476	 iter
1887	 4.100739e-06	 2477	 iter
1888	 4.100739e-06	 2478	 iter
1889	 4.100739e-06	 2479	 iter
1890	 4.100739e-06	 2480	 iter
1891	 4.100220e-06	 2482	 iter
1892	 4.100220e-06	 2483	 iter
1893	 4.100220e-06	 2484	 iter
1894	 4.100220e-06	 2485	 iter
1895	 4.100220e-06	 2486	 iter
1896	 4.100220e-06	 2487	 iter
1897	 4.100220e-06	 2488	 iter
1898	 4.100220e-06	 2489	 iter
1899	 4.100220e-06	 2490	 iter
1900	 4.100126e-06	 2492	 iter
1901	 4.100076e-06	 2494	 iter
1902	 4.099632e-06	 2496	 iter
1903	 4.099632e-06	 2497	 iter
1904	 4.099632e-06	 2498	 iter
1905	 4.099632e-06	 2499	 iter
1906	 4.099632e-06	 2500	 iter
1907	 4.098486e-06	 2502	 iter
1908	 4.098486e-06	 2503	 iter
1909	 4.098486e-06	 2504	 iter
1910	 4.098486e-06	 2505	 iter
1911	 4.098486e-06	 2506	 iter
1912	 4.098486e-06	 2507	 iter
1913	 4.098486e-06	 2508	 iter
1914	 4.098486e-06	 2509	 iter
1915	 4.098486e-06	 2510	 iter
1916	 4.098486e-06	 2511	 iter
1917	 4.098486e-06	 2512	 iter
1918	 4.098486e-06	 2513	 iter
1919	 4.098486e-06	 2514	 iter
1920	 4.098486e-06	 2515	 iter
1921	 4.098486e-06	 2516	 iter
1922	 4.098236e-06	 2518	 iter
1923	 4.098236e-06	 2519	 iter
1924	 4.098117e-06	 2521	 iter
1925	 4.098014e-06	 2523	 iter
1926	 4.096880e-06	 2525	 iter
1927	 4.096880e-06	 2526	 iter
1928	 4.096880e-06	 2527	 iter
1929	 4.096880e-06	 2528	 iter
1930	 4.096880e-06	 2529	 iter
1931	 4.096880e-06	 2530	 iter
1932	 4.096880e-06	 2531	 iter
1933	 4.096880e-06	 2532	 iter
1934	 4.096880e-06	 2533	 iter
1935	 4.096880e-06	 2534	 iter
1936	 4.096826e-06	 2536	 iter
1937	 4.095706e-06	 2538	 iter
1938	 4.095706e-06	 2539	 iter
1939	 4.095706e-06	 2540	 iter
1940	 4.095706e-06	 2541	 iter
1941	 4.095706e-06	 2542	 iter
1942	 4.095706e-06	 2543	 iter
1943	 4.095706e-06	 2544	 iter
1944	 4.095706e-06	 2545	 iter
1945	 4.095706e-06	 2546	 iter
1946	 4.095706e-06	 2547	 iter
1947	 4.094283e-06	 2549	 iter
1948	 4.094283e-06	 2550	 iter
1949	 4.094283e-06	 2551	 iter
1950	 4.094283e-06	 2552	 iter
1951	 4.094283e-06	 2553	 iter
1952	 4.094283e-06	 2554	 iter
1953	 4.094283e-06	 2555	 iter
1954	 4.094283e-06	 2556	 iter
1955	 4.093811e-06	 2558	 iter
1956	 4.093811e-06	 2559	 iter
1957	 4.093811e-06	 2560	 iter
1958	 4.092611e-06	 2562	 iter
1959	 4.092611e-06	 2563	 iter
1960	 4.092611e-06	 2564	 iter
1961	 4.092611e-06	 2565	 iter
1962	 4.090731e-06	 2567	 iter
1963	 4.090731e-06	 2568	 iter
1964	 4.090731e-06	 2569	 iter
1965	 4.090731e-06	 2570	 iter
1966	 4.090731e-06	 2571	 iter
1967	 4.090731e-06	 2572	 iter
1968	 4.090731e-06	 2573	 iter
1969	 4.090731e-06	 2574	 iter
1970	 4.089593e-06	 2576	 iter
1971	 4.089593e-06	 2577	 iter
1972	 4.089593e-06	 2578	 iter
1973	 4.088177e-06	 2580	 iter
1974	 4.088177e-06	 2581	 iter
1975	 4.088177e-06	 2582	 iter
1976	 4.088177e-06	 2583	 iter
1977	 4.088177e-06	 2584	 iter
1978	 4.088177e-06	 2585	 iter
1979	 4.088177e-06	 2586	 iter
1980	 4.086252e-06	 2588	 iter
1981	 4.086252e-06	 2589	 iter
1982	 4.086252e-06	 2590	 iter
1983	 4.084864e-06	 2592	 iter
1984	 4.084864e-06	 2593	 iter
1985	 4.084864e-06	 2594	 iter
1986	 4.084864e-06	 2595	 iter
1987	 4.084864e-06	 2596	 iter
1988	 4.084864e-06	 2597	 iter
1989	 4.084864e-06	 2598	 iter
1990	 4.084864e-06	 2599	 iter
1991	 4.084662e-06	 2601	 iter
1992	 4.083837e-06	 2603	 iter
1993	 4.083837e-06	 2604	 iter
1994	 4.083837e-06	 2605	 iter
1995	 4.082088e-06	 2607	 iter
1996	 4.082088e-06	 2608	 iter
1997	 4.082088e-06	 2609	 iter
1998	 4.082088e-06	 2610	 iter
1999	 4.082088e-06	 2611	 iter
2000	 4.082088e-06	 2612	 iter
2001	 4.082088e-06	 2613	 iter
2002	 4.082088e-06	 2614	 iter
2003	 4.082048e-06	 2616	 iter
2004	 4.082048e-06	 2617	 iter
2005	 4.081706e-06	 2619	 iter
2006	 4.081706e-06	 2620	 iter
2007	 4.081706e-06	 2621	 iter
2008	 4.081692e-06	 2623	 iter
2009	 4.081692e-06	 2624	 iter
2010	 4.081692e-06	 2625	 iter
2011	 4.081408e-06	 2627	 iter
2012	 4.081408e-06	 2628	 iter
2013	 4.081002e-06	 2630	 iter
2014	 4.081002e-06	 2631	 iter
2015	 4.081002e-06	 2633	 iter
2016	 4.080312e-06	 2635	 iter
2017	 4.079866e-06	 2637	 iter
2018	 4.079866e-06	 2638	 iter
2019	 4.079866e-06	 2640	 iter
2020	 4.079866e-06	 2641	 iter
2021	 4.079866e-06	 2643	 iter
2022	 4.079866e-06	 2644	 iter
2023	 4.079866e-06	 2645	 iter
2024	 4.079733e-06	 2647	 iter
2025	 4.079733e-06	 2648	 iter
2026	 4.079365e-06	 2650	 iter
2027	 4.079365e-06	 2651	 iter
2028	 4.078331e-06	 2653	 iter
2029	 4.078331e-06	 2654	 iter
2030	 4.078331e-06	 2655	 iter
2031	 4.078331e-06	 2656	 iter
2032	 4.078331e-06	 2657	 iter
2033	 4.078331e-06	 2658	 iter
2034	 4.078321e-06	 2660	 iter
2035	 4.078321e-06	 2661	 iter
2036	 4.076199e-06	 2663	 iter
2037	 4.076199e-06	 2664	 iter
2038	 4.076199e-06	 2665	 iter
2039	 4.076199e-06	 2666	 iter
2040	 4.076199e-06	 2667	 iter
2041	 4.076199e-06	 2668	 iter
2042	 4.076199e-06	 2670	 iter
2043	 4.076199e-06	 2671	 iter
2044	 4.076199e-06	 2672	 iter
2045	 4.076199e-06	 2673	 iter
2046	 4.076199e-06	 2674	 iter
2047	 4.076199e-06	 2675	 iter
2048	 4.076199e-06	 2676	 iter
2049	 4.075631e-06	 2678	 iter
2050	 4.075631e-06	 2679	 iter
2051	 4.075631e-06	 2680	 iter
2052	 4.075631e-06	 2681	 iter
2053	 4.075631e-06	 2682	 iter
2054	 4.075631e-06	 2683	 iter
2055	 4.075631e-06	 2684	 iter
2056	 4.075631e-06	 2685	 iter
2057	 4.075302e-06	 2687	 iter
2058	 4.075302e-06	 2688	 iter
2059	 4.075302e-06	 2689	 iter
2060	 4.074966e-06	 2691	 iter
2061	 4.074864e-06	 2693	 iter
2062	 4.074864e-06	 2694	 iter
2063	 4.074528e-06	 2696	 iter
2064	 4.074415e-06	 2698	 iter
2065	 4.074415e-06	 2699	 iter
2066	 4.074415e-06	 2700	 iter
2067	 4.073867e-06	 2702	 iter
2068	 4.073867e-06	 2703	 iter
2069	 4.073693e-06	 2705	 iter
2070	 4.072892e-06	 2707	 iter
2071	 4.072409e-06	 2709	 iter
2072	 4.072409e-06	 2710	 iter
2073	 4.072409e-06	 2711	 iter
2074	 4.072409e-06	 2712	 iter
2075	 4.072409e-06	 2713	 iter
2076	 4.072409e-06	 2714	 iter
2077	 4.072383e-06	 2716	 iter
2078	 4.072301e-06	 2718	 iter
2079	 4.072301e-06	 2720	 iter
2080	 4.071676e-06	 2722	 iter
2081	 4.071676e-06	 2723	 iter
2082	 4.071676e-06	 2724	 iter
2083	 4.071676e-06	 2725	 iter
2084	 4.071676e-06	 2726	 iter
2085	 4.071418e-06	 2728	 iter
2086	 4.071418e-06	 2729	 iter
2087	 4.071141e-06	 2731	 iter
2088	 4.070063e-06	 2733	 iter
2089	 4.070030e-06	 2735	 iter
2090	 4.070030e-06	 2736	 iter
2091	 4.069620e-06	 2738	 iter
2092	 4.069620e-06	 2739	 iter
2093	 4.069620e-06	 2740	 iter
2094	 4.069001e-06	 2742	 iter
2095	 4.069001e-06	 2743	 iter
2096	 4.069001e-06	 2744	 iter
2097	 4.069001e-06	 2745	 iter
2098	 4.069001e-06	 2746	 iter
2099	 4.068426e-06	 2748	 iter
2100	 4.067878e-06	 2750	 iter
2101	 4.067874e-06	 2752	 iter
2102	 4.067874e-06	 2753	 iter
2103	 4.067874e-06	 2754	 iter
2104	 4.067874e-06	 2755	 iter
2105	 4.067874e-06	 2756	 iter
2106	 4.067567e-06	 2758	 iter
2107	 4.067567e-06	 2759	 iter
2108	 4.067567e-06	 2760	 iter
2109	 4.067172e-06	 2762	 iter
2110	 4.067172e-06	 2763	 iter
2111	 4.067172e-06	 2764	 iter
2112	 4.066549e-06	 2766	 iter
2113	 4.066332e-06	 2768	 iter
2114	 4.066332e-06	 2769	 iter
2115	 4.066327e-06	 2771	 iter
2116	 4.066327e-06	 2772	 iter
2117	 4.066327e-06	 2773	 iter
2118	 4.066327e-06	 2774	 iter
2119	 4.065935e-06	 2776	 iter
2120	 4.065935e-06	 2777	 iter
2121	 4.065935e-06	 2778	 iter
2122	 4.065935e-06	 2780	 iter
2123	 4.065935e-06	 2781	 iter
2124	 4.065935e-06	 2782	 iter
2125	 4.065935e-06	 2784	 iter
2126	 4.065869e-06	 2786	 iter
2127	 4.065869e-06	 2787	 iter
2128	 4.064139e-06	 2789	 iter
2129	 4.064139e-06	 2790	 iter
2130	 4.064139e-06	 2791	 iter
2131	 4.064139e-06	 2792	 iter
2132	 4.064139e-06	 2793	 iter
2133	 4.064139e-06	 2794	 iter
2134	 4.064139e-06	 2795	 iter
2135	 4.064139e-06	 2797	 iter
2136	 4.063156e-06	 2799	 iter
2137	 4.063156e-06	 2800	 iter
2138	 4.063156e-06	 2801	 iter
2139	 4.063156e-06	 2803	 iter
2140	 4.063156e-06	 2804	 iter
2141	 4.063156e-06	 2805	 iter
2142	 4.063156e-06	 2806	 iter
2143	 4.063156e-06	 2807	 iter
2144	 4.063156e-06	 2808	 iter
2145	 4.063156e-06	 2809	 iter
2146	 4.063156e-06	 2810	 iter
2147	 4.063156e-06	 2811	 iter
2148	 4.063046e-06	 2813	 iter
2149	 4.063046e-06	 2814	 iter
2150	 4.063046e-06	 2815	 iter
2151	 4.061919e-06	 2817	 iter
2152	 4.061919e-06	 2818	 iter
2153	 4.061919e-06	 2819	 iter
2154	 4.061919e-06	 2820	 iter
2155	 4.061919e-06	 2821	 iter
2156	 4.061919e-06	 2822	 iter
2157	 4.061919e-06	 2823	 iter
2158	 4.061919e-06	 2824	 iter
2159	 4.061919e-06	 2825	 iter
2160	 4.061919e-06	 2826	 iter
2161	 4.061232e-06	 2828	 iter
2162	 4.061232e-06	 2829	 iter
2163	 4.060857e-06	 2831	 iter
2164	 4.060857e-06	 2832	 iter
2165	 4.060857e-06	 2833	 iter
2166	 4.060857e-06	 2834	 iter
2167	 4.060857e-06	 2835	 iter
2168	 4.060857e-06	 2836	 iter
2169	 4.060857e-06	 2837	 iter
2170	 4.060857e-06	 2838	 iter
2171	 4.060857e-06	 2839	 iter
2172	 4.060857e-06	 2840	 iter
2173	 4.060857e-06	 2841	 iter
2174	 4.060855e-06	 2843	 iter
2175	 4.060855e-06	 2845	 iter
2176	 4.060855e-06	 2847	 iter
2177	 4.060128e-06	 2849	 iter
2178	 4.060128e-06	 2850	 iter
2179	 4.060128e-06	 2852	 iter
2180	 4.060128e-06	 2854	 iter
2181	 4.060128e-06	 2855	 iter
2182	 4.060128e-06	 2856	 iter
2183	 4.060128e-06	 2857	 iter
2184	 4.059688e-06	 2859	 iter
2185	 4.059688e-06	 2860	 iter
2186	 4.059688e-06	 2861	 iter
2187	 4.059688e-06	 2862	 iter
2188	 4.059688e-06	 2864	 iter
2189	 4.059688e-06	 2865	 iter
2190	 4.059673e-06	 2867	 iter
2191	 4.059602e-06	 2869	 iter
2192	 4.059602e-06	 2870	 iter
2193	 4.059602e-06	 2872	 iter
2194	 4.059602e-06	 2873	 iter
2195	 4.059602e-06	 2874	 iter
2196	 4.059199e-06	 2876	 iter
2197	 4.059199e-06	 2877	 iter
2198	 4.059199e-06	 2878	 iter
2199	 4.059199e-06	 2879	 iter
2200	 4.059199e-06	 2880	 iter
2201	 4.059199e-06	 2881	 iter
2202	 4.058868e-06	 2883	 iter
2203	 4.058868e-06	 2884	 iter
2204	 4.058868e-06	 2885	 iter
2205	 4.058746e-06	 2887	 iter
2206	 4.058746e-06	 2888	 iter
2207	 4.058683e-06	 2890	 iter
2208	 4.058683e-06	 2891	 iter
2209	 4.058683e-06	 2893	 iter
2210	 4.058683e-06	 2894	 iter
2211	 4.058683e-06	 2895	 iter
2212	 4.058683e-06	 2897	 iter
2213	 4.058494e-06	 2899	 iter
2214	 4.058218e-06	 2901	 iter
2215	 4.058218e-06	 2902	 iter
2216	 4.058218e-06	 2903	 iter
2217	 4.058194e-06	 2905	 iter
2218	 4.058194e-06	 2906	 iter
2219	 4.058194e-06	 2907	 iter
2220	 4.058194e-06	 2908	 iter
2221	 4.058194e-06	 2909	 iter
2222	 4.058194e-06	 2910	 iter
2223	 4.058194e-06	 2912	 iter
2224	 4.057562e-06	 2914	 iter
2225	 4.057562e-06	 2915	 iter
2226	 4.057562e-06	 2916	 iter
2227	 4.057562e-06	 2917	 iter
2228	 4.057562e-06	 2918	 iter
2229	 4.057562e-06	 2919	 iter
2230	 4.057562e-06	 2920	 iter
2231	 4.057467e-06	 2922	 iter
2232	 4.057467e-06	 2923	 iter
2233	 4.057467e-06	 2924	 iter
2234	 4.057467e-06	 2925	 iter
2235	 4.057467e-06	 2926	 iter
2236	 4.057467e-06	 2927	 iter
2237	 4.057467e-06	 2928	 iter
2238	 4.057467e-06	 2929	 iter
2239	 4.057467e-06	 2930	 iter
2240	 4.056918e-06	 2932	 iter
2241	 4.056918e-06	 2933	 iter
2242	 4.056759e-06	 2935	 iter
2243	 4.056759e-06	 2936	 iter
2244	 4.056639e-06	 2938	 iter
2245	 4.056639e-06	 2939	 iter
2246	 4.056639e-06	 2940	 iter
2247	 4.056639e-06	 2941	 iter
2248	 4.056639e-06	 2942	 iter
2249	 4.056639e-06	 2943	 iter
2250	 4.056639e-06	 2944	 iter
2251	 4.056639e-06	 2945	 iter
2252	 4.056639e-06	 2946	 iter
2253	 4.056639e-06	 2947	 iter
2254	 4.056639e-06	 2948	 iter
2255	 4.056639e-06	 2949	 iter
2256	 4.056310e-06	 2951	 iter
2257	 4.056292e-06	 2953	 iter
2258	 4.056292e-06	 2954	 iter
2259	 4.056168e-06	 2956	 iter
2260	 4.056168e-06	 2957	 iter
2261	 4.056168e-06	 2958	 iter
2262	 4.056168e-06	 2960	 iter
2263	 4.056168e-06	 2961	 iter
2264	 4.056168e-06	 2962	 iter
2265	 4.055977e-06	 2964	 iter
2266	 4.055977e-06	 2965	 iter
2267	 4.055977e-06	 2966	 iter
2268	 4.055977e-06	 2967	 iter
2269	 4.055977e-06	 2968	 iter
2270	 4.055977e-06	 2969	 iter
2271	 4.055843e-06	 2971	 iter
2272	 4.055754e-06	 2973	 iter
2273	 4.055754e-06	 2974	 iter
2274	 4.055326e-06	 2976	 iter
2275	 4.055326e-06	 2977	 iter
2276	 4.055326e-06	 2978	 iter
2277	 4.055326e-06	 2980	 iter
2278	 4.055326e-06	 2981	 iter
2279	 4.055326e-06	 2982	 iter
2280	 4.055326e-06	 2983	 iter
2281	 4.055326e-06	 2984	 iter
2282	 4.055326e-06	 2985	 iter
2283	 4.055326e-06	 2986	 iter
2284	 4.055326e-06	 2987	 iter
2285	 4.055326e-06	 2988	 iter
2286	 4.055326e-06	 2989	 iter
2287	 4.055217e-06	 2991	 iter
2288	 4.055217e-06	 2992	 iter
2289	 4.055217e-06	 2994	 iter
2290	 4.055102e-06	 2996	 iter
2291	 4.055092e-06	 2998	 iter
2292	 4.055092e-06	 2999	 iter
2293	 4.055092e-06	 3000	 iter
2294	 4.055092e-06	 3001	 iter
2295	 4.054854e-06	 3003	 iter
2296	 4.054854e-06	 3004	 iter
2297	 4.054854e-06	 3005	 iter
2298	 4.054854e-06	 3006	 iter
2299	 4.054854e-06	 3007	 iter
2300	 4.054854e-06	 3008	 iter
2301	 4.054854e-06	 3009	 iter
2302	 4.054854e-06	 3010	 iter
2303	 4.054854e-06	 3012	 iter
2304	 4.054806e-06	 3014	 iter
2305	 4.054806e-06	 3015	 iter
2306	 4.054806e-06	 3016	 iter
2307	 4.054707e-06	 3018	 iter
2308	 4.054707e-06	 3020	 iter
2309	 4.054707e-06	 3021	 iter
2310	 4.054650e-06	 3023	 iter
2311	 4.054484e-06	 3025	 iter
2312	 4.054484e-06	 3026	 iter
2313	 4.054484e-06	 3028	 iter
2314	 4.054484e-06	 3030	 iter
2315	 4.054484e-06	 3032	 iter
2316	 4.054484e-06	 3033	 iter
2317	 4.054484e-06	 3034	 iter
2318	 4.054484e-06	 3035	 iter
2319	 4.054484e-06	 3036	 iter
2320	 4.054484e-06	 3038	 iter
2321	 4.054484e-06	 3039	 iter
2322	 4.054299e-06	 3041	 iter
2323	 4.054299e-06	 3042	 iter
2324	 4.054299e-06	 3043	 iter
2325	 4.054299e-06	 3045	 iter
2326	 4.054299e-06	 3046	 iter
2327	 4.054299e-06	 3047	 iter
2328	 4.054299e-06	 3049	 iter
2329	 4.054299e-06	 3050	 iter
2330	 4.054299e-06	 3051	 iter
2331	 4.054299e-06	 3052	 iter
2332	 4.054299e-06	 3053	 iter
2333	 4.054299e-06	 3055	 iter
2334	 4.054299e-06	 3056	 iter
2335	 4.054299e-06	 3057	 iter
2336	 4.054299e-06	 3058	 iter
2337	 4.054299e-06	 3060	 iter
2338	 4.054299e-06	 3061	 iter
2339	 4.054299e-06	 3062	 iter
2340	 4.054299e-06	 3064	 iter
2341	 4.054219e-06	 3066	 iter
2342	 4.054219e-06	 3067	 iter
2343	 4.054219e-06	 3068	 iter
2344	 4.054219e-06	 3069	 iter
2345	 4.054219e-06	 3071	 iter
2346	 4.054219e-06	 3072	 iter
2347	 4.054122e-06	 3074	 iter
2348	 4.054122e-06	 3075	 iter
2349	 4.054109e-06	 3077	 iter
2350	 4.054109e-06	 3079	 iter
2351	 4.054107e-06	 3081	 iter
2352	 4.054107e-06	 3082	 iter
2353	 4.054107e-06	 3083	 iter
2354	 4.054107e-06	 3084	 iter
2355	 4.054096e-06	 3086	 iter
2356	 4.054096e-06	 3087	 iter
2357	 4.054096e-06	 3088	 iter
2358	 4.054096e-06	 3089	 iter
2359	 4.054045e-06	 3091	 iter
2360	 4.054040e-06	 3093	 iter
2361	 4.054040e-06	 3094	 iter
2362	 4.054040e-06	 3096	 iter
2363	 4.054040e-06	 3097	 iter
2364	 4.054040e-06	 3099	 iter
2365	 4.053965e-06	 3101	 iter
2366	 4.053951e-06	 3103	 iter
2367	 4.053951e-06	 3104	 iter
2368	 4.053951e-06	 3105	 iter
2369	 4.053951e-06	 3106	 iter
2370	 4.053947e-06	 3108	 iter
2371	 4.053947e-06	 3110	 iter
2372	 4.053947e-06	 3112	 iter
2373	 4.053947e-06	 3113	 iter
2374	 4.053947e-06	 3114	 iter
2375	 4.053947e-06	 3116	 iter
2376	 4.053933e-06	 3118	 iter
2377	 4.053933e-06	 3119	 iter
2378	 4.053876e-06	 3121	 iter
2379	 4.053858e-06	 3123	 iter
2380	 4.053822e-06	 3125	 iter
2381	 4.053822e-06	 3126	 iter
2382	 4.053822e-06	 3127	 iter
2383	 4.053822e-06	 3128	 iter
2384	 4.053822e-06	 3129	 iter
2385	 4.053822e-06	 3131	 iter
2386	 4.053822e-06	 3133	 iter
2387	 4.053822e-06	 3134	 iter
2388	 4.053822e-06	 3135	 iter
2389	 4.053822e-06	 3136	 iter
2390	 4.053771e-06	 3138	 iter
2391	 4.053771e-06	 3139	 iter
2392	 4.053771e-06	 3140	 iter
2393	 4.053771e-06	 3141	 iter
2394	 4.053771e-06	 3142	 iter
2395	 4.053766e-06	 3144	 iter
2396	 4.053766e-06	 3145	 iter
2397	 4.053766e-06	 3146	 iter
2398	 4.053757e-06	 3148	 iter
2399	 4.053730e-06	 3150	 iter
2400	 4.053730e-06	 3151	 iter
2401	 4.053730e-06	 3152	 iter
2402	 4.053730e-06	 3153	 iter
2403	 4.053698e-06	 3155	 iter
2404	 4.053698e-06	 3156	 iter
2405	 4.053698e-06	 3157	 iter
2406	 4.053698e-06	 3158	 iter
2407	 4.053672e-06	 3160	 iter
2408	 4.053672e-06	 3161	 iter
2409	 4.053672e-06	 3163	 iter
2410	 4.053672e-06	 3164	 iter
2411	 4.053672e-06	 3165	 iter
2412	 4.053672e-06	 3166	 iter
2413	 4.053667e-06	 3168	 iter
2414	 4.053667e-06	 3169	 iter
2415	 4.053623e-06	 3171	 iter
2416	 4.053623e-06	 3172	 iter
2417	 4.053623e-06	 3174	 iter
2418	 4.053623e-06	 3175	 iter
2419	 4.053623e-06	 3177	 iter
2420	 4.053623e-06	 3179	 iter
2421	 4.053623e-06	 3180	 iter
2422	 4.053623e-06	 3181	 iter
2423	 4.053623e-06	 3182	 iter
2424	 4.053603e-06	 3184	 iter
2425	 4.053603e-06	 3185	 iter
2426	 4.053603e-06	 3186	 iter
2427	 4.053603e-06	 3187	 iter
2428	 4.053603e-06	 3188	 iter
2429	 4.053603e-06	 3189	 iter
2430	 4.053578e-06	 3191	 iter
2431	 4.053561e-06	 3193	 iter
2432	 4.053561e-06	 3194	 iter
2433	 4.053519e-06	 3196	 iter
2434	 4.053519e-06	 3197	 iter
2435	 4.053519e-06	 3198	 iter
2436	 4.053519e-06	 3199	 iter
2437	 4.053519e-06	 3200	 iter
2438	 4.053512e-06	 3202	 iter
2439	 4.053512e-06	 3203	 iter
2440	 4.053512e-06	 3204	 iter
2441	 4.053512e-06	 3205	 iter
2442	 4.053470e-06	 3207	 iter
2443	 4.053470e-06	 3208	 iter
2444	 4.053468e-06	 3210	 iter
2445	 4.053468e-06	 3211	 iter
2446	 4.053365e-06	 3213	 iter
2447	 4.053365e-06	 3214	 iter
2448	 4.053365e-06	 3215	 iter
2449	 4.053365e-06	 3216	 iter
2450	 4.053365e-06	 3217	 iter
2451	 4.053365e-06	 3218	 iter
2452	 4.053365e-06	 3219	 iter
2453	 4.053365e-06	 3220	 iter
2454	 4.053365e-06	 3221	 iter
2455	 4.053365e-06	 3222	 iter
2456	 4.053365e-06	 3224	 iter
2457	 4.053365e-06	 3225	 iter
2458	 4.053365e-06	 3226	 iter
2459	 4.053357e-06	 3228	 iter
2460	 4.053357e-06	 3229	 iter
2461	 4.053318e-06	 3231	 iter
2462	 4.053318e-06	 3232	 iter
2463	 4.053291e-06	 3234	 iter
2464	 4.053279e-06	 3236	 iter
2465	 4.053279e-06	 3237	 iter
2466	 4.053263e-06	 3239	 iter
2467	 4.053263e-06	 3240	 iter
2468	 4.053263e-06	 3241	 iter
2469	 4.053263e-06	 3242	 iter
2470	 4.053263e-06	 3243	 iter
2471	 4.053261e-06	 3245	 iter
2472	 4.053252e-06	 3247	 iter
2473	 4.053252e-06	 3248	 iter
2474	 4.053244e-06	 3250	 iter
2475	 4.053183e-06	 3252	 iter
2476	 4.053183e-06	 3253	 iter
2477	 4.053174e-06	 3255	 iter
2478	 4.053174e-06	 3256	 iter
2479	 4.053174e-06	 3257	 iter
2480	 4.053174e-06	 3259	 iter
2481	 4.053174e-06	 3260	 iter
2482	 4.053174e-06	 3261	 iter
2483	 4.053174e-06	 3262	 iter
2484	 4.053174e-06	 3263	 iter
2485	 4.053174e-06	 3264	 iter
2486	 4.053168e-06	 3266	 iter
2487	 4.053139e-06	 3268	 iter
2488	 4.053139e-06	 3269	 iter
2489	 4.053126e-06	 3271	 iter
2490	 4.053126e-06	 3272	 iter
2491	 4.053126e-06	 3273	 iter
2492	 4.053118e-06	 3275	 iter
2493	 4.053118e-06	 3276	 iter
2494	 4.053072e-06	 3278	 iter
2495	 4.053072e-06	 3279	 iter
2496	 4.053072e-06	 3280	 iter
2497	 4.053072e-06	 3281	 iter
2498	 4.053072e-06	 3282	 iter
2499	 4.053072e-06	 3283	 iter
2500	 4.053072e-06	 3284	 iter
2501	 4.053072e-06	 3285	 iter
2502	 4.053072e-06	 3286	 iter
2503	 4.053056e-06	 3288	 iter
2504	 4.053019e-06	 3290	 iter
2505	 4.053019e-06	 3291	 iter
2506	 4.053019e-06	 3292	 iter
2507	 4.053019e-06	 3293	 iter
2508	 4.053019e-06	 3294	 iter
2509	 4.053019e-06	 3295	 iter
2510	 4.053019e-06	 3296	 iter
2511	 4.053011e-06	 3298	 iter
2512	 4.053011e-06	 3299	 iter
2513	 4.053011e-06	 3300	 iter
2514	 4.052987e-06	 3302	 iter
2515	 4.052987e-06	 3303	 iter
2516	 4.052987e-06	 3304	 iter
2517	 4.052987e-06	 3305	 iter
2518	 4.052987e-06	 3306	 iter
2519	 4.052987e-06	 3307	 iter
2520	 4.052948e-06	 3309	 iter
2521	 4.052934e-06	 3311	 iter
2522	 4.052934e-06	 3312	 iter
2523	 4.052934e-06	 3313	 iter
2524	 4.052934e-06	 3314	 iter
2525	 4.052934e-06	 3315	 iter
2526	 4.052934e-06	 3316	 iter
2527	 4.052934e-06	 3317	 iter
2528	 4.052934e-06	 3318	 iter
2529	 4.052934e-06	 3319	 iter
2530	 4.052934e-06	 3320	 iter
2531	 4.052898e-06	 3322	 iter
2532	 4.052898e-06	 3323	 iter
2533	 4.052897e-06	 3325	 iter
2534	 4.052897e-06	 3326	 iter
2535	 4.052897e-06	 3327	 iter
2536	 4.052893e-06	 3329	 iter
2537	 4.052893e-06	 3330	 iter
2538	 4.052893e-06	 3331	 iter
2539	 4.052893e-06	 3332	 iter
2540	 4.052893e-06	 3333	 iter
2541	 4.052873e-06	 3335	 iter
2542	 4.052873e-06	 3336	 iter
2543	 4.052873e-06	 3337	 iter
2544	 4.052873e-06	 3339	 iter
2545	 4.052873e-06	 3340	 iter
2546	 4.052872e-06	 3342	 iter
2547	 4.052872e-06	 3343	 iter
2548	 4.052829e-06	 3345	 iter
2549	 4.052829e-06	 3346	 iter
2550	 4.052829e-06	 3347	 iter
2551	 4.052829e-06	 3348	 iter
2552	 4.052829e-06	 3349	 iter
2553	 4.052816e-06	 3351	 iter
2554	 4.052816e-06	 3352	 iter
2555	 4.052816e-06	 3353	 iter
2556	 4.052816e-06	 3355	 iter
2557	 4.052816e-06	 3356	 iter
2558	 4.052816e-06	 3357	 iter
2559	 4.052816e-06	 3359	 iter
2560	 4.052808e-06	 3361	 iter
2561	 4.052764e-06	 3363	 iter
2562	 4.052764e-06	 3364	 iter
2563	 4.052764e-06	 3365	 iter
2564	 4.052764e-06	 3366	 iter
2565	 4.052764e-06	 3367	 iter
2566	 4.052764e-06	 3368	 iter
2567	 4.052764e-06	 3369	 iter
2568	 4.052764e-06	 3370	 iter
2569	 4.052764e-06	 3371	 iter
2570	 4.052764e-06	 3372	 iter
2571	 4.052747e-06	 3374	 iter
2572	 4.052652e-06	 3376	 iter
2573	 4.052652e-06	 3377	 iter
2574	 4.052652e-06	 3378	 iter
2575	 4.052652e-06	 3379	 iter
2576	 4.052652e-06	 3380	 iter
2577	 4.052652e-06	 3381	 iter
2578	 4.052652e-06	 3382	 iter
2579	 4.052652e-06	 3383	 iter
2580	 4.052642e-06	 3385	 iter
2581	 4.052642e-06	 3386	 iter
2582	 4.052642e-06	 3387	 iter
2583	 4.052642e-06	 3388	 iter
2584	 4.052626e-06	 3390	 iter
2585	 4.052620e-06	 3392	 iter
2586	 4.052620e-06	 3393	 iter
2587	 4.052620e-06	 3394	 iter
2588	 4.052561e-06	 3396	 iter
2589	 4.052561e-06	 3397	 iter
2590	 4.052561e-06	 3398	 iter
2591	 4.052539e-06	 3400	 iter
2592	 4.052539e-06	 3401	 iter
2593	 4.052539e-06	 3402	 iter
2594	 4.052440e-06	 3404	 iter
2595	 4.052440e-06	 3405	 iter
2596	 4.052440e-06	 3406	 iter
2597	 4.052440e-06	 3407	 iter
2598	 4.052440e-06	 3408	 iter
2599	 4.052440e-06	 3409	 iter
2600	 4.052334e-06	 3411	 iter
2601	 4.052334e-06	 3412	 iter
2602	 4.052334e-06	 3413	 iter
2603	 4.052334e-06	 3414	 iter
2604	 4.052254e-06	 3416	 iter
2605	 4.052254e-06	 3417	 iter
2606	 4.052254e-06	 3418	 iter
2607	 4.052254e-06	 3419	 iter
2608	 4.052254e-06	 3420	 iter
2609	 4.052254e-06	 3421	 iter
2610	 4.052237e-06	 3423	 iter
2611	 4.052169e-06	 3425	 iter
2612	 4.052169e-06	 3426	 iter
2613	 4.052169e-06	 3427	 iter
2614	 4.052169e-06	 3428	 iter
2615	 4.052112e-06	 3430	 iter
2616	 4.052112e-06	 3431	 iter
2617	 4.052045e-06	 3433	 iter
2618	 4.051909e-06	 3435	 iter
2619	 4.051909e-06	 3436	 iter
2620	 4.051909e-06	 3437	 iter
2621	 4.051909e-06	 3438	 iter
2622	 4.051909e-06	 3439	 iter
2623	 4.051909e-06	 3440	 iter
2624	 4.051755e-06	 3442	 iter
2625	 4.051755e-06	 3443	 iter
2626	 4.051755e-06	 3444	 iter
2627	 4.051755e-06	 3445	 iter
2628	 4.051755e-06	 3446	 iter
2629	 4.051755e-06	 3447	 iter
2630	 4.051578e-06	 3449	 iter
2631	 4.051578e-06	 3450	 iter
2632	 4.051578e-06	 3451	 iter
2633	 4.051545e-06	 3453	 iter
2634	 4.051545e-06	 3454	 iter
2635	 4.051545e-06	 3455	 iter
2636	 4.051540e-06	 3457	 iter
2637	 4.051080e-06	 3459	 iter
2638	 4.051080e-06	 3460	 iter
2639	 4.051080e-06	 3461	 iter
2640	 4.051080e-06	 3462	 iter
2641	 4.051080e-06	 3463	 iter
2642	 4.051080e-06	 3464	 iter
2643	 4.051080e-06	 3465	 iter
2644	 4.051080e-06	 3466	 iter
2645	 4.051080e-06	 3467	 iter
2646	 4.050786e-06	 3469	 iter
2647	 4.050786e-06	 3470	 iter
2648	 4.050786e-06	 3471	 iter
2649	 4.050786e-06	 3472	 iter
2650	 4.050786e-06	 3473	 iter
2651	 4.050786e-06	 3474	 iter
2652	 4.050786e-06	 3475	 iter
2653	 4.050786e-06	 3476	 iter
2654	 4.050786e-06	 3477	 iter
2655	 4.050688e-06	 3479	 iter
2656	 4.050477e-06	 3481	 iter
2657	 4.050232e-06	 3483	 iter
2658	 4.050232e-06	 3484	 iter
2659	 4.050232e-06	 3485	 iter
2660	 4.049962e-06	 3487	 iter
2661	 4.049962e-06	 3488	 iter
2662	 4.049962e-06	 3489	 iter
2663	 4.049962e-06	 3490	 iter
2664	 4.049962e-06	 3491	 iter
2665	 4.049962e-06	 3492	 iter
2666	 4.049962e-06	 3493	 iter
2667	 4.049962e-06	 3494	 iter
2668	 4.049781e-06	 3496	 iter
2669	 4.049218e-06	 3498	 iter
2670	 4.049218e-06	 3499	 iter
2671	 4.049218e-06	 3500	 iter
2672	 4.049218e-06	 3501	 iter
2673	 4.049218e-06	 3502	 iter
2674	 4.049218e-06	 3503	 iter
2675	 4.049218e-06	 3504	 iter
2676	 4.048775e-06	 3506	 iter
2677	 4.048775e-06	 3507	 iter
2678	 4.048775e-06	 3508	 iter
2679	 4.048775e-06	 3509	 iter
2680	 4.048775e-06	 3510	 iter
2681	 4.048281e-06	 3512	 iter
2682	 4.048281e-06	 3513	 iter
2683	 4.048281e-06	 3514	 iter
2684	 4.047918e-06	 3516	 iter
2685	 4.047918e-06	 3517	 iter
2686	 4.047918e-06	 3518	 iter
2687	 4.047741e-06	 3520	 iter
2688	 4.047741e-06	 3521	 iter
2689	 4.047741e-06	 3522	 iter
2690	 4.047728e-06	 3524	 iter
2691	 4.047103e-06	 3526	 iter
2692	 4.047103e-06	 3527	 iter
2693	 4.046852e-06	 3529	 iter
2694	 4.045691e-06	 3531	 iter
2695	 4.045691e-06	 3532	 iter
2696	 4.045691e-06	 3533	 iter
2697	 4.045691e-06	 3534	 iter
2698	 4.045691e-06	 3535	 iter
2699	 4.045691e-06	 3536	 iter
2700	 4.045691e-06	 3537	 iter
2701	 4.045691e-06	 3538	 iter
2702	 4.045486e-06	 3540	 iter
2703	 4.045486e-06	 3541	 iter
2704	 4.044743e-06	 3543	 iter
2705	 4.044743e-06	 3544	 iter
2706	 4.044743e-06	 3545	 iter
2707	 4.044743e-06	 3546	 iter
2708	 4.042808e-06	 3548	 iter
2709	 4.042808e-06	 3549	 iter
2710	 4.042808e-06	 3550	 iter
2711	 4.042808e-06	 3551	 iter
2712	 4.042808e-06	 3552	 iter
2713	 4.042808e-06	 3553	 iter
2714	 4.042808e-06	 3554	 iter
2715	 4.042808e-06	 3555	 iter
2716	 4.042808e-06	 3556	 iter
2717	 4.042808e-06	 3557	 iter
2718	 4.042808e-06	 3558	 iter
2719	 4.042808e-06	 3559	 iter
2720	 4.042808e-06	 3560	 iter
2721	 4.042808e-06	 3562	 iter
2722	 4.042808e-06	 3563	 iter
2723	 4.042808e-06	 3564	 iter
2724	 4.041957e-06	 3566	 iter
2725	 4.040983e-06	 3568	 iter
2726	 4.040983e-06	 3569	 iter
2727	 4.040983e-06	 3570	 iter
2728	 4.040983e-06	 3571	 iter
2729	 4.040983e-06	 3572	 iter
2730	 4.040983e-06	 3573	 iter
2731	 4.040983e-06	 3574	 iter
2732	 4.040983e-06	 3575	 iter
2733	 4.040983e-06	 3576	 iter
2734	 4.040983e-06	 3577	 iter
2735	 4.040910e-06	 3579	 iter
2736	 4.040910e-06	 3580	 iter
2737	 4.040609e-06	 3582	 iter
2738	 4.040609e-06	 3583	 iter
2739	 4.040452e-06	 3585	 iter
2740	 4.039844e-06	 3587	 iter
2741	 4.039844e-06	 3588	 iter
2742	 4.039844e-06	 3589	 iter
2743	 4.039844e-06	 3590	 iter
2744	 4.039368e-06	 3592	 iter
2745	 4.039368e-06	 3593	 iter
2746	 4.038483e-06	 3595	 iter
2747	 4.038483e-06	 3596	 iter
2748	 4.037020e-06	 3598	 iter
2749	 4.037020e-06	 3599	 iter
2750	 4.037020e-06	 3600	 iter
2751	 4.035479e-06	 3602	 iter
2752	 4.035479e-06	 3603	 iter
2753	 4.035479e-06	 3604	 iter
2754	 4.035479e-06	 3605	 iter
2755	 4.035479e-06	 3606	 iter
2756	 4.035479e-06	 3607	 iter
2757	 4.035479e-06	 3608	 iter
2758	 4.035479e-06	 3609	 iter
2759	 4.035479e-06	 3610	 iter
2760	 4.035479e-06	 3611	 iter
2761	 4.032477e-06	 3613	 iter
2762	 4.032477e-06	 3614	 iter
2763	 4.032477e-06	 3615	 iter
2764	 4.032477e-06	 3616	 iter
2765	 4.032477e-06	 3617	 iter
2766	 4.032477e-06	 3618	 iter
2767	 4.031428e-06	 3620	 iter
2768	 4.031428e-06	 3621	 iter
2769	 4.031428e-06	 3622	 iter
2770	 4.031428e-06	 3623	 iter
2771	 4.031428e-06	 3624	 iter
2772	 4.031428e-06	 3625	 iter
2773	 4.028842e-06	 3627	 iter
2774	 4.028842e-06	 3628	 iter
2775	 4.025863e-06	 3630	 iter
2776	 4.025863e-06	 3631	 iter
2777	 4.025863e-06	 3632	 iter
2778	 4.025863e-06	 3633	 iter
2779	 4.025863e-06	 3634	 iter
2780	 4.025863e-06	 3635	 iter
2781	 4.025863e-06	 3636	 iter
2782	 4.025863e-06	 3637	 iter
2783	 4.025863e-06	 3638	 iter
2784	 4.025863e-06	 3639	 iter
2785	 4.023223e-06	 3641	 iter
2786	 4.023223e-06	 3642	 iter
2787	 4.023223e-06	 3643	 iter
2788	 4.023223e-06	 3644	 iter
2789	 4.023223e-06	 3645	 iter
2790	 4.023223e-06	 3646	 iter
2791	 4.023204e-06	 3648	 iter
2792	 4.023204e-06	 3649	 iter
2793	 4.019040e-06	 3651	 iter
2794	 4.019040e-06	 3652	 iter
2795	 4.019040e-06	 3653	 iter
2796	 4.019040e-06	 3654	 iter
2797	 4.019040e-06	 3655	 iter
2798	 4.019040e-06	 3656	 iter
2799	 4.019040e-06	 3657	 iter
2800	 4.019040e-06	 3658	 iter
2801	 4.018998e-06	 3660	 iter
2802	 4.018998e-06	 3661	 iter
2803	 4.018416e-06	 3663	 iter
2804	 4.017442e-06	 3665	 iter
2805	 4.017442e-06	 3666	 iter
2806	 4.017442e-06	 3667	 iter
2807	 4.014230e-06	 3669	 iter
2808	 4.014230e-06	 3670	 iter
2809	 4.014230e-06	 3671	 iter
2810	 4.014230e-06	 3672	 iter
2811	 4.013728e-06	 3674	 iter
2812	 4.012762e-06	 3676	 iter
2813	 4.012178e-06	 3678	 iter
2814	 4.012178e-06	 3679	 iter
2815	 4.012178e-06	 3680	 iter
2816	 4.012178e-06	 3681	 iter
2817	 4.009256e-06	 3683	 iter
2818	 4.009256e-06	 3684	 iter
2819	 4.009256e-06	 3685	 iter
2820	 4.009256e-06	 3686	 iter
2821	 4.009256e-06	 3687	 iter
2822	 4.008975e-06	 3689	 iter
2823	 4.006382e-06	 3691	 iter
2824	 4.006382e-06	 3692	 iter
2825	 4.006382e-06	 3693	 iter
2826	 4.006382e-06	 3694	 iter
2827	 4.006382e-06	 3695	 iter
2828	 4.005224e-06	 3697	 iter
2829	 4.005224e-06	 3699	 iter
2830	 4.005224e-06	 3700	 iter
2831	 4.005224e-06	 3701	 iter
2832	 4.005224e-06	 3702	 iter
2833	 4.005224e-06	 3703	 iter
2834	 4.005224e-06	 3704	 iter
2835	 4.002865e-06	 3706	 iter
2836	 4.002865e-06	 3707	 iter
2837	 4.002865e-06	 3708	 iter
2838	 4.002446e-06	 3710	 iter
2839	 4.002446e-06	 3711	 iter
2840	 4.002446e-06	 3712	 iter
2841	 4.002446e-06	 3713	 iter
2842	 4.000533e-06	 3715	 iter
2843	 4.000533e-06	 3716	 iter
2844	 4.000533e-06	 3718	 iter
2845	 4.000533e-06	 3719	 iter
2846	 4.000533e-06	 3720	 iter
2847	 4.000533e-06	 3721	 iter
2848	 4.000533e-06	 3722	 iter
2849	 3.997492e-06	 3724	 iter
2850	 3.997492e-06	 3725	 iter
2851	 3.997492e-06	 3726	 iter
2852	 3.997492e-06	 3727	 iter
2853	 3.997492e-06	 3728	 iter
2854	 3.997492e-06	 3729	 iter
2855	 3.997492e-06	 3730	 iter
2856	 3.997492e-06	 3731	 iter
2857	 3.997492e-06	 3733	 iter
2858	 3.997297e-06	 3735	 iter
2859	 3.997297e-06	 3736	 iter
2860	 3.997297e-06	 3737	 iter
2861	 3.997297e-06	 3738	 iter
2862	 3.997297e-06	 3739	 iter
2863	 3.997297e-06	 3740	 iter
2864	 3.995094e-06	 3742	 iter
2865	 3.995094e-06	 3743	 iter
2866	 3.994541e-06	 3745	 iter
2867	 3.994541e-06	 3746	 iter
2868	 3.994541e-06	 3747	 iter
2869	 3.994541e-06	 3748	 iter
2870	 3.994541e-06	 3749	 iter
2871	 3.994197e-06	 3751	 iter
2872	 3.994197e-06	 3752	 iter
2873	 3.994197e-06	 3753	 iter
2874	 3.994197e-06	 3754	 iter
2875	 3.993240e-06	 3756	 iter
2876	 3.993240e-06	 3758	 iter
2877	 3.991401e-06	 3760	 iter
2878	 3.991401e-06	 3761	 iter
2879	 3.991401e-06	 3762	 iter
2880	 3.991401e-06	 3763	 iter
2881	 3.991401e-06	 3764	 iter
2882	 3.990240e-06	 3766	 iter
2883	 3.990240e-06	 3767	 iter
2884	 3.990240e-06	 3768	 iter
2885	 3.990240e-06	 3769	 iter
2886	 3.990240e-06	 3770	 iter
2887	 3.990240e-06	 3771	 iter
2888	 3.990240e-06	 3772	 iter
2889	 3.990240e-06	 3773	 iter
2890	 3.990240e-06	 3774	 iter
2891	 3.990240e-06	 3775	 iter
2892	 3.989387e-06	 3777	 iter
2893	 3.989387e-06	 3778	 iter
2894	 3.989387e-06	 3779	 iter
2895	 3.989387e-06	 3780	 iter
2896	 3.986960e-06	 3782	 iter
2897	 3.986960e-06	 3783	 iter
2898	 3.986960e-06	 3784	 iter
2899	 3.986960e-06	 3785	 iter
2900	 3.986960e-06	 3786	 iter
2901	 3.986960e-06	 3788	 iter
2902	 3.985995e-06	 3790	 iter
2903	 3.985995e-06	 3792	 iter
2904	 3.985995e-06	 3793	 iter
2905	 3.985995e-06	 3794	 iter
2906	 3.985995e-06	 3796	 iter
2907	 3.985995e-06	 3797	 iter
2908	 3.985995e-06	 3799	 iter
2909	 3.985995e-06	 3800	 iter
2910	 3.985995e-06	 3801	 iter
2911	 3.985995e-06	 3802	 iter
2912	 3.985995e-06	 3803	 iter
2913	 3.985995e-06	 3804	 iter
2914	 3.985187e-06	 3806	 iter
2915	 3.985187e-06	 3807	 iter
2916	 3.985187e-06	 3808	 iter
2917	 3.985187e-06	 3810	 iter
2918	 3.985187e-06	 3811	 iter
2919	 3.985187e-06	 3812	 iter
2920	 3.984673e-06	 3814	 iter
2921	 3.984673e-06	 3815	 iter
2922	 3.984574e-06	 3817	 iter
2923	 3.984574e-06	 3818	 iter
2924	 3.983077e-06	 3820	 iter
2925	 3.983077e-06	 3821	 iter
2926	 3.983077e-06	 3822	 iter
2927	 3.983077e-06	 3823	 iter
2928	 3.983077e-06	 3824	 iter
2929	 3.983077e-06	 3825	 iter
2930	 3.983077e-06	 3826	 iter
2931	 3.983077e-06	 3827	 iter
2932	 3.983077e-06	 3828	 iter
2933	 3.983077e-06	 3829	 iter
2934	 3.983077e-06	 3830	 iter
2935	 3.983077e-06	 3831	 iter
2936	 3.983077e-06	 3832	 iter
2937	 3.983077e-06	 3833	 iter
2938	 3.981544e-06	 3835	 iter
2939	 3.981544e-06	 3836	 iter
2940	 3.981544e-06	 3837	 iter
2941	 3.981544e-06	 3838	 iter
2942	 3.981544e-06	 3839	 iter
2943	 3.981507e-06	 3841	 iter
2944	 3.981507e-06	 3842	 iter
2945	 3.981507e-06	 3843	 iter
2946	 3.981507e-06	 3844	 iter
2947	 3.981507e-06	 3845	 iter
2948	 3.981507e-06	 3846	 iter
2949	 3.981507e-06	 3847	 iter
2950	 3.981507e-06	 3848	 iter
2951	 3.980932e-06	 3850	 iter
2952	 3.980932e-06	 3851	 iter
2953	 3.980932e-06	 3852	 iter
2954	 3.977443e-06	 3854	 iter
2955	 3.977443e-06	 3855	 iter
2956	 3.977443e-06	 3856	 iter
2957	 3.977443e-06	 3857	 iter
2958	 3.977443e-06	 3858	 iter
2959	 3.977443e-06	 3859	 iter
2960	 3.977443e-06	 3860	 iter
2961	 3.977443e-06	 3861	 iter
2962	 3.977443e-06	 3862	 iter
2963	 3.977443e-06	 3863	 iter
2964	 3.977443e-06	 3864	 iter
2965	 3.977443e-06	 3865	 iter
2966	 3.977443e-06	 3866	 iter
2967	 3.977443e-06	 3867	 iter
2968	 3.977443e-06	 3868	 iter
2969	 3.977443e-06	 3870	 iter
2970	 3.977443e-06	 3871	 iter
2971	 3.977443e-06	 3872	 iter
2972	 3.976569e-06	 3874	 iter
2973	 3.976569e-06	 3875	 iter
2974	 3.976569e-06	 3876	 iter
2975	 3.976569e-06	 3877	 iter
2976	 3.975779e-06	 3879	 iter
2977	 3.975779e-06	 3880	 iter
2978	 3.975779e-06	 3881	 iter
2979	 3.975779e-06	 3882	 iter
2980	 3.975779e-06	 3883	 iter
2981	 3.975779e-06	 3884	 iter
2982	 3.975359e-06	 3886	 iter
2983	 3.975359e-06	 3887	 iter
2984	 3.975359e-06	 3888	 iter
2985	 3.975359e-06	 3889	 iter
2986	 3.975359e-06	 3891	 iter
2987	 3.975359e-06	 3892	 iter
2988	 3.975359e-06	 3893	 iter
2989	 3.975359e-06	 3894	 iter
2990	 3.975359e-06	 3896	 iter
2991	 3.975359e-06	 3897	 iter
2992	 3.975359e-06	 3899	 iter
2993	 3.975359e-06	 3900	 iter
2994	 3.975359e-06	 3901	 iter
2995	 3.975359e-06	 3902	 iter
2996	 3.974469e-06	 3904	 iter
2997	 3.974469e-06	 3905	 iter
2998	 3.974469e-06	 3906	 iter
2999	 3.974469e-06	 3907	 iter
3000	 3.974469e-06	 3909	 iter
3001	 3.974469e-06	 3911	 iter
3002	 3.974469e-06	 3912	 iter
3003	 3.974351e-06	 3914	 iter
3004	 3.974351e-06	 3916	 iter
3005	 3.974351e-06	 3917	 iter
3006	 3.974170e-06	 3919	 iter
3007	 3.974170e-06	 3921	 iter
3008	 3.974170e-06	 3922	 iter
3009	 3.974170e-06	 3923	 iter
3010	 3.974170e-06	 3924	 iter
3011	 3.974170e-06	 3926	 iter
3012	 3.974170e-06	 3927	 iter
3013	 3.974170e-06	 3928	 iter
3014	 3.974170e-06	 3929	 iter
3015	 3.973604e-06	 3931	 iter
3016	 3.973604e-06	 3932	 iter
3017	 3.973604e-06	 3933	 iter
3018	 3.973604e-06	 3935	 iter
3019	 3.973604e-06	 3937	 iter
3020	 3.973604e-06	 3938	 iter
3021	 3.973517e-06	 3940	 iter
3022	 3.973517e-06	 3942	 iter
3023	 3.973517e-06	 3943	 iter
3024	 3.973517e-06	 3944	 iter
3025	 3.973517e-06	 3945	 iter
3026	 3.973517e-06	 3946	 iter
3027	 3.973517e-06	 3947	 iter
3028	 3.973517e-06	 3949	 iter
3029	 3.973315e-06	 3951	 iter
3030	 3.973315e-06	 3953	 iter
3031	 3.973315e-06	 3954	 iter
3032	 3.973292e-06	 3956	 iter
3033	 3.973292e-06	 3957	 iter
3034	 3.973292e-06	 3959	 iter
3035	 3.973133e-06	 3961	 iter
3036	 3.973133e-06	 3962	 iter
3037	 3.973023e-06	 3964	 iter
3038	 3.972972e-06	 3966	 iter
3039	 3.972972e-06	 3967	 iter
3040	 3.972972e-06	 3969	 iter
3041	 3.972972e-06	 3970	 iter
3042	 3.972972e-06	 3972	 iter
3043	 3.972934e-06	 3974	 iter
3044	 3.972934e-06	 3975	 iter
3045	 3.972934e-06	 3977	 iter
3046	 3.972677e-06	 3979	 iter
3047	 3.972677e-06	 3980	 iter
3048	 3.972677e-06	 3981	 iter
3049	 3.972677e-06	 3982	 iter
3050	 3.972677e-06	 3983	 iter
3051	 3.972677e-06	 3984	 iter
3052	 3.972677e-06	 3985	 iter
3053	 3.972677e-06	 3987	 iter
3054	 3.972656e-06	 3989	 iter
3055	 3.972656e-06	 3990	 iter
3056	 3.972656e-06	 3991	 iter
3057	 3.972656e-06	 3992	 iter
3058	 3.972656e-06	 3994	 iter
3059	 3.972603e-06	 3996	 iter
3060	 3.972603e-06	 3998	 iter
3061	 3.972533e-06	 4000	 iter
3062	 3.972533e-06	 4002	 iter
3063	 3.972533e-06	 4003	 iter
3064	 3.972533e-06	 4004	 iter
3065	 3.972533e-06	 4006	 iter
3066	 3.972533e-06	 4007	 iter
3067	 3.972533e-06	 4008	 iter
3068	 3.972533e-06	 4009	 iter
3069	 3.972533e-06	 4011	 iter
3070	 3.972533e-06	 4012	 iter
3071	 3.972533e-06	 4014	 iter
3072	 3.972533e-06	 4015	 iter
3073	 3.972533e-06	 4016	 iter
3074	 3.972533e-06	 4017	 iter
3075	 3.972533e-06	 4018	 iter
3076	 3.972416e-06	 4020	 iter
3077	 3.972416e-06	 4022	 iter
3078	 3.972416e-06	 4024	 iter
3079	 3.972416e-06	 4026	 iter
3080	 3.972416e-06	 4027	 iter
3081	 3.972391e-06	 4029	 iter
3082	 3.972391e-06	 4030	 iter
3083	 3.972391e-06	 4031	 iter
3084	 3.972391e-06	 4032	 iter
3085	 3.972391e-06	 4033	 iter
3086	 3.972391e-06	 4034	 iter
3087	 3.972391e-06	 4036	 iter
3088	 3.972391e-06	 4038	 iter
3089	 3.972391e-06	 4039	 iter
3090	 3.972307e-06	 4041	 iter
3091	 3.972307e-06	 4043	 iter
3092	 3.972307e-06	 4044	 iter
3093	 3.972307e-06	 4045	 iter
3094	 3.972307e-06	 4047	 iter
3095	 3.972307e-06	 4049	 iter
3096	 3.972307e-06	 4050	 iter
3097	 3.972307e-06	 4052	 iter
3098	 3.972307e-06	 4053	 iter
3099	 3.972307e-06	 4054	 iter
3100	 3.972307e-06	 4055	 iter
3101	 3.972307e-06	 4056	 iter
3102	 3.972307e-06	 4058	 iter
3103	 3.972307e-06	 4060	 iter
3104	 3.972286e-06	 4062	 iter
3105	 3.972255e-06	 4064	 iter
3106	 3.972255e-06	 4066	 iter
3107	 3.972255e-06	 4067	 iter
3108	 3.972255e-06	 4069	 iter
3109	 3.972255e-06	 4070	 iter
3110	 3.972255e-06	 4072	 iter
3111	 3.972255e-06	 4073	 iter
3112	 3.972255e-06	 4074	 iter
3113	 3.972255e-06	 4075	 iter
3114	 3.972255e-06	 4076	 iter
3115	 3.972255e-06	 4078	 iter
3116	 3.972225e-06	 4080	 iter
3117	 3.972225e-06	 4081	 iter
3118	 3.972225e-06	 4082	 iter
3119	 3.972225e-06	 4083	 iter
3120	 3.972225e-06	 4085	 iter
3121	 3.972222e-06	 4087	 iter
3122	 3.972222e-06	 4088	 iter
3123	 3.972222e-06	 4090	 iter
3124	 3.972222e-06	 4091	 iter
3125	 3.972222e-06	 4093	 iter
3126	 3.972222e-06	 4094	 iter
3127	 3.972211e-06	 4096	 iter
3128	 3.972211e-06	 4097	 iter
3129	 3.972211e-06	 4098	 iter
3130	 3.972211e-06	 4100	 iter
3131	 3.972211e-06	 4102	 iter
3132	 3.972211e-06	 4103	 iter
3133	 3.972211e-06	 4104	 iter
3134	 3.972211e-06	 4106	 iter
3135	 3.972191e-06	 4108	 iter
3136	 3.972191e-06	 4110	 iter
3137	 3.972191e-06	 4111	 iter
3138	 3.972191e-06	 4112	 iter
3139	 3.972191e-06	 4113	 iter
3140	 3.972191e-06	 4115	 iter
3141	 3.972191e-06	 4117	 iter
3142	 3.972170e-06	 4119	 iter
3143	 3.972170e-06	 4121	 iter
3144	 3.972170e-06	 4122	 iter
3145	 3.972161e-06	 4124	 iter
3146	 3.972161e-06	 4126	 iter
3147	 3.972161e-06	 4128	 iter
3148	 3.972161e-06	 4130	 iter
3149	 3.972161e-06	 4131	 iter
3150	 3.972161e-06	 4132	 iter
3151	 3.972161e-06	 4134	 iter
3152	 3.972161e-06	 4135	 iter
3153	 3.972161e-06	 4136	 iter
3154	 3.972161e-06	 4137	 iter
3155	 3.972161e-06	 4139	 iter
3156	 3.972161e-06	 4140	 iter
3157	 3.972161e-06	 4141	 iter
3158	 3.972161e-06	 4143	 iter
3159	 3.972161e-06	 4144	 iter
3160	 3.972161e-06	 4145	 iter
3161	 3.972161e-06	 4146	 iter
3162	 3.972161e-06	 4147	 iter
3163	 3.972161e-06	 4148	 iter
3164	 3.972151e-06	 4150	 iter
3165	 3.972151e-06	 4151	 iter
3166	 3.972145e-06	 4153	 iter
3167	 3.972145e-06	 4154	 iter
3168	 3.972145e-06	 4155	 iter
3169	 3.972145e-06	 4156	 iter
3170	 3.972145e-06	 4157	 iter
3171	 3.972145e-06	 4158	 iter
3172	 3.972142e-06	 4160	 iter
3173	 3.972142e-06	 4161	 iter
3174	 3.972142e-06	 4162	 iter
3175	 3.972142e-06	 4163	 iter
3176	 3.972142e-06	 4164	 iter
3177	 3.972142e-06	 4166	 iter
3178	 3.972142e-06	 4167	 iter
3179	 3.972141e-06	 4169	 iter
3180	 3.972141e-06	 4170	 iter
3181	 3.972141e-06	 4171	 iter
3182	 3.972141e-06	 4173	 iter
3183	 3.972141e-06	 4175	 iter
3184	 3.972141e-06	 4176	 iter
3185	 3.972141e-06	 4177	 iter
3186	 3.972141e-06	 4178	 iter
3187	 3.972141e-06	 4179	 iter
3188	 3.972140e-06	 4181	 iter
3189	 3.972140e-06	 4182	 iter
3190	 3.972137e-06	 4184	 iter
3191	 3.972137e-06	 4186	 iter
3192	 3.972129e-06	 4188	 iter
3193	 3.972129e-06	 4189	 iter
3194	 3.972129e-06	 4191	 iter
3195	 3.972129e-06	 4192	 iter
3196	 3.972129e-06	 4194	 iter
3197	 3.972129e-06	 4196	 iter
3198	 3.972127e-06	 4198	 iter
3199	 3.972127e-06	 4199	 iter
3200	 3.972127e-06	 4200	 iter
3201	 3.972127e-06	 4202	 iter
3202	 3.972127e-06	 4203	 iter
3203	 3.972127e-06	 4205	 iter
3204	 3.972127e-06	 4206	 iter
3205	 3.972127e-06	 4208	 iter
3206	 3.972127e-06	 4209	 iter
3207	 3.972123e-06	 4211	 iter
3208	 3.972123e-06	 4212	 iter
3209	 3.972123e-06	 4214	 iter
3210	 3.972123e-06	 4215	 iter
3211	 3.972122e-06	 4217	 iter
3212	 3.972122e-06	 4218	 iter
3213	 3.972122e-06	 4219	 iter
3214	 3.972122e-06	 4221	 iter
3215	 3.972122e-06	 4223	 iter
3216	 3.972118e-06	 4225	 iter
3217	 3.972118e-06	 4226	 iter
3218	 3.972118e-06	 4227	 iter
3219	 3.972118e-06	 4228	 iter
3220	 3.972118e-06	 4229	 iter
3221	 3.972118e-06	 4230	 iter
3222	 3.972118e-06	 4231	 iter
3223	 3.972118e-06	 4232	 iter
3224	 3.972118e-06	 4233	 iter
3225	 3.972118e-06	 4234	 iter
3226	 3.972118e-06	 4235	 iter
3227	 3.972118e-06	 4236	 iter
3228	 3.972118e-06	 4237	 iter
3229	 3.972118e-06	 4239	 iter
3230	 3.972118e-06	 4241	 iter
3231	 3.972118e-06	 4243	 iter
3232	 3.972116e-06	 4245	 iter
3233	 3.972116e-06	 4247	 iter
3233	 3.972116e-06	 4247	 done
