0	 1.725562e-04	 17	 init
0	 1.725562e-04	 17	 iter
1	 1.719945e-04	 34	 iter
2	 1.667651e-04	 51	 iter
3	 1.374838e-04	 68	 iter
4	 1.013578e-04	 85	 iter
5	 9.368082e-05	 104	 iter
6	 9.048565e-05	 121	 iter
7	 7.583443e-05	 138	 iter
8	 6.872258e-05	 156	 iter
9	 6.546993e-05	 174	 iter
10	 6.430157e-05	 191	 iter
11	 5.828646e-05	 208	 iter
12	 5.785747e-05	 226	 iter
13	 5.384410e-05	 244	 iter
14	 5.250154e-05	 261	 iter
15	 5.105912e-05	 278	 iter
16	 4.890328e-05	 297	 iter
17	 4.793276e-05	 314	 iter
18	 4.629679e-05	 331	 iter
19	 4.491601e-05	 350	 iter
20	 4.417372e-05	 367	 iter
21	 4.248022e-05	 384	 iter
22	 4.151706e-05	 403	 iter
23	 4.094833e-05	 420	 iter
24	 3.925774e-05	 437	 iter
25	 3.892552e-05	 455	 iter
26	 3.731497e-05	 473	 iter
27	 3.656791e-05	 490	 iter
28	 3.586272e-05	 507	 iter
29	 3.481837e-05	 526	 iter
30	 3.430006e-05	 543	 iter
31	 3.348535e-05	 560	 iter
32	 3.271056e-05	 579	 iter
33	 3.231372e-05	 596	 iter
34	 3.153178e-05	 613	 iter
35	 3.090615e-05	 632	 iter
36	 3.057610e-05	 649	 iter
37	 2.986252e-05	 666	 iter
38	 2.932377e-05	 685	 iter
39	 2.903295e-05	 702	 iter
40	 2.839688e-05	 719	 iter
41	 2.792093e-05	 738	 iter
42	 2.765684e-05	 755	 iter
43	 2.707342e-05	 772	 iter
44	 2.665264e-05	 791	 iter
45	 2.641202e-05	 808	 iter
46	 2.586430e-05	 825	 iter
47	 2.549746e-05	 844	 iter
48	 2.528039e-05	 861	 iter
49	 2.474598e-05	 878	 iter
50	 2.443332e-05	 897	 iter
51	 2.424110e-05	 914	 iter
52	 2.371254e-05	 931	 iter
53	 2.366435e-05	 949	 iter
54	 2.308413e-05	 967	 iter
55	 2.276014e-05	 984	 iter
56	 2.253082e-05	 1001	 iter
57	 2.213053e-05	 1020	 iter
58	 2.189264e-05	 1037	 iter
59	 2.155025e-05	 1054	 iter
60	 2.142570e-05	 1072	 iter
61	 2.126450e-05	 1089	 iter
62	 2.087303e-05	 1107	 iter
63	 2.036741e-05	 1124	 iter
64	 1.984920e-05	 1142	 iter
65	 1.933991e-05	 1159	 iter
66	 1.884636e-05	 1177	 iter
67	 1.836766e-05	 1194	 iter
68	 1.790595e-05	 1212	 iter
69	 1.745997e-05	 1229	 iter
70	 1.703143e-05	 1247	 iter
71	 1.661956e-05	 1264	 iter
72	 1.622585e-05	 1282	 iter
73	 1.584995e-05	 1299	 iter
74	 1.549303e-05	 1317	 iter
75	 1.515482e-05	 1334	 iter
76	 1.483581e-05	 1352	 iter
77	 1.453526e-05	 1369	 iter
78	 1.425262e-05	 1387	 iter
79	 1.398637e-05	 1404	 iter
80	 1.373504e-05	 1422	 iter
81	 1.349675e-05	 1439	 iter
82	 1.279842e-05	 1456	 iter
83	 1.159157e-05	 1475	 iter
84	 1.138112e-05	 1492	 iter
85	 1.122137e-05	 1510	 iter
86	 1.107498e-05	 1527	 iter
87	 9.920195e-06	 1544	 iter
88	 9.764689e-06	 1563	 iter
89	 9.659423e-06	 1580	 iter
90	 8.794306e-06	 1597	 iter
91	 8.698943e-06	 1616	 iter
92	 8.622330e-06	 1633	 iter
93	 7.949747e-06	 1650	 iter
94	 5.651014e-06	 1667	 iter
95	 5.187693e-06	 1687	 iter
96	 5.111676e-06	 1704	 iter
97	 5.087810e-06	 1722	 iter
98	 5.070435e-06	 1739	 iter
99	 4.917190e-06	 1756	 iter
100	 4.859189e-06	 1774	 iter
101	 4.771619e-06	 1792	 iter
102	 4.746647e-06	 1809	 iter
103	 4.665027e-06	 1826	 iter
104	 4.611561e-06	 1845	 iter
105	 4.592296e-06	 1862	 iter
106	 4.504831e-06	 1879	 iter
107	 4.467804e-06	 1898	 iter
108	 4.451828e-06	 1915	 iter
109	 4.365156e-06	 1932	 iter
110	 4.337049e-06	 1951	 iter
111	 4.323215e-06	 1968	 iter
112	 4.240148e-06	 1985	 iter
113	 4.217279e-06	 2004	 iter
114	 4.204946e-06	 2021	 iter
115	 4.126389e-06	 2038	 iter
116	 4.106868e-06	 2057	 iter
117	 4.095661e-06	 2074	 iter
118	 4.021967e-06	 2091	 iter
119	 4.004659e-06	 2110	 iter
120	 3.994319e-06	 2127	 iter
121	 3.925384e-06	 2144	 iter
122	 3.909616e-06	 2163	 iter
123	 3.899968e-06	 2180	 iter
124	 3.835676e-06	 2197	 iter
125	 3.820966e-06	 2216	 iter
126	 3.811866e-06	 2233	 iter
127	 3.751958e-06	 2250	 iter
128	 3.737985e-06	 2269	 iter
129	 3.729323e-06	 2286	 iter
130	 3.673633e-06	 2303	 iter
131	 3.660123e-06	 2322	 iter
132	 3.651802e-06	 2339	 iter
133	 3.600097e-06	 2356	 iter
134	 3.586850e-06	 2375	 iter
135	 3.578787e-06	 2392	 iter
136	 3.530944e-06	 2409	 iter
137	 3.517767e-06	 2428	 iter
138	 3.509882e-06	 2445	 iter
139	 3.465735e-06	 2462	 iter
140	 3.452471e-06	 2481	 iter
141	 3.444692e-06	 2498	 iter
142	 3.404180e-06	 2515	 iter
143	 3.390665e-06	 2534	 iter
144	 3.382920e-06	 2551	 iter
145	 3.345944e-06	 2568	 iter
146	 3.332039e-06	 2587	 iter
147	 3.324260e-06	 2604	 iter
148	 3.290813e-06	 2621	 iter
149	 3.276368e-06	 2640	 iter
150	 3.268483e-06	 2657	 iter
151	 3.238519e-06	 2674	 iter
152	 3.223404e-06	 2693	 iter
153	 3.215348e-06	 2710	 iter
154	 3.188898e-06	 2727	 iter
155	 3.172974e-06	 2746	 iter
156	 3.164677e-06	 2763	 iter
157	 3.141721e-06	 2780	 iter
158	 3.124874e-06	 2799	 iter
159	 3.116274e-06	 2816	 iter
160	 3.096848e-06	 2833	 iter
161	 3.078964e-06	 2852	 iter
162	 3.069999e-06	 2869	 iter
163	 3.054072e-06	 2886	 iter
164	 3.035068e-06	 2905	 iter
165	 3.025686e-06	 2922	 iter
166	 3.013261e-06	 2939	 iter
167	 2.993067e-06	 2958	 iter
168	 2.983221e-06	 2975	 iter
169	 2.974212e-06	 2992	 iter
170	 2.952799e-06	 3011	 iter
171	 2.942461e-06	 3028	 iter
172	 2.936790e-06	 3045	 iter
173	 2.914159e-06	 3064	 iter
174	 2.903309e-06	 3081	 iter
175	 2.900793e-06	 3098	 iter
176	 2.876993e-06	 3117	 iter
177	 2.865633e-06	 3134	 iter
178	 2.859210e-06	 3152	 iter
179	 2.854758e-06	 3169	 iter
180	 2.829069e-06	 3186	 iter
181	 2.822457e-06	 3205	 iter
182	 2.817975e-06	 3222	 iter
183	 2.793805e-06	 3239	 iter
184	 2.786998e-06	 3258	 iter
185	 2.782475e-06	 3275	 iter
186	 2.759768e-06	 3292	 iter
187	 2.752761e-06	 3311	 iter
188	 2.748189e-06	 3328	 iter
189	 2.726863e-06	 3345	 iter
190	 2.719663e-06	 3364	 iter
191	 2.715039e-06	 3381	 iter
192	 2.695024e-06	 3398	 iter
193	 2.687643e-06	 3417	 iter
194	 2.682967e-06	 3434	 iter
195	 2.664164e-06	 3451	 iter
196	 2.656624e-06	 3470	 iter
197	 2.651902e-06	 3487	 iter
198	 2.634224e-06	 3504	 iter
199	 2.626556e-06	 3523	 iter
200	 2.621795e-06	 3540	 iter
201	 2.605127e-06	 3557	 iter
202	 2.597369e-06	 3576	 iter
203	 2.592583e-06	 3593	 iter
204	 2.576823e-06	 3610	 iter
205	 2.569018e-06	 3629	 iter
206	 2.564225e-06	 3646	 iter
207	 2.549246e-06	 3663	 iter
208	 2.541446e-06	 3682	 iter
209	 2.536665e-06	 3699	 iter
210	 2.522358e-06	 3716	 iter
211	 2.514613e-06	 3735	 iter
212	 2.509866e-06	 3752	 iter
213	 2.496104e-06	 3769	 iter
214	 2.488471e-06	 3788	 iter
215	 2.483782e-06	 3805	 iter
216	 2.470459e-06	 3822	 iter
217	 2.462988e-06	 3841	 iter
218	 2.458383e-06	 3858	 iter
219	 2.445379e-06	 3875	 iter
220	 2.438125e-06	 3894	 iter
221	 2.433627e-06	 3911	 iter
222	 2.420852e-06	 3928	 iter
223	 2.413859e-06	 3947	 iter
224	 2.409490e-06	 3964	 iter
225	 2.396846e-06	 3981	 iter
226	 2.390156e-06	 4000	 iter
227	 2.385938e-06	 4017	 iter
228	 2.373356e-06	 4034	 iter
229	 2.367002e-06	 4053	 iter
230	 2.362951e-06	 4070	 iter
231	 2.350362e-06	 4087	 iter
232	 2.344370e-06	 4106	 iter
233	 2.340501e-06	 4123	 iter
234	 2.327862e-06	 4140	 iter
235	 2.322249e-06	 4159	 iter
236	 2.318573e-06	 4176	 iter
237	 2.305842e-06	 4193	 iter
238	 2.300618e-06	 4212	 iter
239	 2.297142e-06	 4229	 iter
240	 2.284304e-06	 4246	 iter
241	 2.282898e-06	 4264	 iter
242	 2.270401e-06	 4282	 iter
243	 2.263301e-06	 4299	 iter
244	 2.259991e-06	 4316	 iter
245	 2.249099e-06	 4335	 iter
246	 2.242785e-06	 4352	 iter
247	 2.237794e-06	 4369	 iter
248	 2.228338e-06	 4388	 iter
249	 2.222736e-06	 4405	 iter
250	 2.216292e-06	 4422	 iter
251	 2.208109e-06	 4441	 iter
252	 2.203147e-06	 4458	 iter
253	 2.195449e-06	 4475	 iter
254	 2.188389e-06	 4494	 iter
255	 2.183999e-06	 4511	 iter
256	 2.175246e-06	 4528	 iter
257	 2.169169e-06	 4547	 iter
258	 2.165286e-06	 4564	 iter
259	 2.155651e-06	 4581	 iter
260	 2.150427e-06	 4600	 iter
261	 2.146989e-06	 4617	 iter
262	 2.136640e-06	 4634	 iter
263	 2.134166e-06	 4652	 iter
264	 2.124164e-06	 4670	 iter
265	 2.118214e-06	 4687	 iter
266	 2.113325e-06	 4704	 iter
267	 2.105281e-06	 4723	 iter
268	 2.100352e-06	 4740	 iter
269	 2.093600e-06	 4757	 iter
270	 2.087105e-06	 4776	 iter
271	 2.082994e-06	 4793	 iter
272	 2.074826e-06	 4810	 iter
273	 2.074756e-06	 4828	 iter
274	 2.063505e-06	 4846	 iter
275	 2.056833e-06	 4863	 iter
276	 2.053424e-06	 4880	 iter
277	 2.044886e-06	 4899	 iter
278	 2.039660e-06	 4916	 iter
279	 2.033842e-06	 4933	 iter
280	 2.027295e-06	 4952	 iter
281	 2.023142e-06	 4969	 iter
282	 2.015604e-06	 4986	 iter
283	 2.014497e-06	 5004	 iter
284	 2.004458e-06	 5022	 iter
285	 1.998382e-06	 5039	 iter
286	 1.994040e-06	 5056	 iter
287	 1.986722e-06	 5075	 iter
288	 1.982130e-06	 5092	 iter
289	 1.975575e-06	 5109	 iter
290	 1.974913e-06	 5127	 iter
291	 1.964691e-06	 5145	 iter
292	 1.958475e-06	 5162	 iter
293	 1.954305e-06	 5179	 iter
294	 1.947142e-06	 5198	 iter
295	 1.942618e-06	 5215	 iter
296	 1.936152e-06	 5232	 iter
297	 1.934382e-06	 5250	 iter
298	 1.925248e-06	 5268	 iter
299	 1.919602e-06	 5285	 iter
300	 1.914648e-06	 5302	 iter
301	 1.914600e-06	 5320	 iter
302	 1.903835e-06	 5338	 iter
303	 1.897242e-06	 5355	 iter
304	 1.893322e-06	 5372	 iter
305	 1.886282e-06	 5391	 iter
306	 1.881795e-06	 5408	 iter
307	 1.875479e-06	 5425	 iter
308	 1.872338e-06	 5443	 iter
309	 1.864605e-06	 5461	 iter
310	 1.859707e-06	 5478	 iter
311	 1.853870e-06	 5495	 iter
312	 1.850920e-06	 5513	 iter
313	 1.842979e-06	 5531	 iter
314	 1.837944e-06	 5548	 iter
315	 1.832231e-06	 5565	 iter
316	 1.828974e-06	 5583	 iter
317	 1.828498e-06	 5600	 iter
318	 1.817178e-06	 5619	 iter
319	 1.810148e-06	 5636	 iter
320	 1.805954e-06	 5653	 iter
321	 1.803901e-06	 5671	 iter
322	 1.803667e-06	 5688	 iter
323	 1.790622e-06	 5707	 iter
324	 1.782538e-06	 5724	 iter
325	 1.778663e-06	 5741	 iter
326	 1.776268e-06	 5759	 iter
327	 1.774819e-06	 5776	 iter
328	 1.773380e-06	 5794	 iter
329	 1.770945e-06	 5811	 iter
330	 1.766904e-06	 5829	 iter
331	 1.761178e-06	 5846	 iter
332	 1.754076e-06	 5864	 iter
333	 1.745996e-06	 5881	 iter
334	 1.737303e-06	 5899	 iter
335	 1.728243e-06	 5916	 iter
336	 1.718994e-06	 5934	 iter
337	 1.709654e-06	 5951	 iter
338	 1.700296e-06	 5969	 iter
339	 1.690953e-06	 5986	 iter
340	 1.681656e-06	 6004	 iter
341	 1.672415e-06	 6021	 iter
342	 1.663248e-06	 6039	 iter
343	 1.654155e-06	 6056	 iter
344	 1.645148e-06	 6074	 iter
345	 1.636226e-06	 6091	 iter
346	 1.627399e-06	 6109	 iter
347	 1.618665e-06	 6126	 iter
348	 1.610032e-06	 6144	 iter
349	 1.601500e-06	 6161	 iter
350	 1.593077e-06	 6179	 iter
351	 1.584762e-06	 6196	 iter
352	 1.576564e-06	 6214	 iter
353	 1.568481e-06	 6231	 iter
354	 1.560522e-06	 6249	 iter
355	 1.552687e-06	 6266	 iter
356	 1.544982e-06	 6284	 iter
357	 1.537408e-06	 6301	 iter
358	 1.529969e-06	 6319	 iter
359	 1.522666e-06	 6336	 iter
360	 1.515501e-06	 6354	 iter
361	 1.508473e-06	 6371	 iter
362	 1.501583e-06	 6389	 iter
363	 1.494827e-06	 6406	 iter
364	 1.488203e-06	 6424	 iter
365	 1.481705e-06	 6441	 iter
366	 1.475331e-06	 6459	 iter
367	 1.469072e-06	 6476	 iter
368	 1.462922e-06	 6494	 iter
369	 1.456875e-06	 6511	 iter
370	 1.450923e-06	 6529	 iter
371	 1.445058e-06	 6546	 iter
372	 1.439276e-06	 6564	 iter
373	 1.433568e-06	 6581	 iter
374	 1.431461e-06	 6598	 iter
375	 1.395364e-06	 6617	 iter
376	 1.380423e-06	 6634	 iter
377	 1.370860e-06	 6652	 iter
378	 1.363539e-06	 6669	 iter
379	 1.357335e-06	 6687	 iter
380	 1.351741e-06	 6704	 iter
381	 1.346496e-06	 6722	 iter
382	 1.341462e-06	 6739	 iter
383	 1.336560e-06	 6757	 iter
384	 1.331748e-06	 6774	 iter
385	 1.300653e-06	 6791	 iter
386	 1.287490e-06	 6810	 iter
387	 1.280023e-06	 6827	 iter
388	 1.274495e-06	 6845	 iter
389	 1.269737e-06	 6862	 iter
390	 1.265308e-06	 6880	 iter
391	 1.261030e-06	 6897	 iter
392	 1.231797e-06	 6914	 iter
393	 1.220258e-06	 6933	 iter
394	 1.214253e-06	 6950	 iter
395	 1.209775e-06	 6968	 iter
396	 1.205779e-06	 6985	 iter
397	 1.186889e-06	 7002	 iter
398	 1.169674e-06	 7021	 iter
399	 1.163414e-06	 7038	 iter
400	 1.159290e-06	 7056	 iter
401	 1.155685e-06	 7073	 iter
402	 1.131430e-06	 7090	 iter
403	 1.120976e-06	 7109	 iter
404	 1.116528e-06	 7126	 iter
405	 1.113122e-06	 7144	 iter
406	 1.109928e-06	 7161	 iter
407	 1.081281e-06	 7178	 iter
408	 1.076934e-06	 7197	 iter
409	 1.073803e-06	 7214	 iter
410	 1.051043e-06	 7231	 iter
411	 1.043484e-06	 7250	 iter
412	 1.040234e-06	 7267	 iter
413	 1.023685e-06	 7284	 iter
414	 1.012162e-06	 7303	 iter
415	 1.008908e-06	 7320	 iter
416	 9.935799e-07	 7337	 iter
417	 9.824662e-07	 7356	 iter
418	 9.795556e-07	 7373	 iter
419	 9.612975e-07	 7390	 iter
420	 9.544451e-07	 7409	 iter
421	 9.519824e-07	 7426	 iter
422	 9.316922e-07	 7443	 iter
423	 9.282051e-07	 7462	 iter
424	 9.260445e-07	 7479	 iter
425	 9.058095e-07	 7496	 iter
426	 9.035968e-07	 7515	 iter
427	 9.016012e-07	 7532	 iter
428	 8.823087e-07	 7549	 iter
429	 8.725175e-07	 7566	 iter
430	 7.378102e-07	 7586	 iter
431	 7.325162e-07	 7603	 iter
432	 7.211780e-07	 7620	 iter
433	 7.189291e-07	 7639	 iter
434	 7.177115e-07	 7656	 iter
435	 7.058727e-07	 7673	 iter
436	 6.236056e-07	 7690	 iter
437	 6.098582e-07	 7710	 iter
438	 6.082217e-07	 7727	 iter
439	 6.019807e-07	 7744	 iter
440	 5.993113e-07	 7763	 iter
441	 5.982455e-07	 7780	 iter
442	 5.911578e-07	 7797	 iter
443	 5.896322e-07	 7816	 iter
444	 5.886326e-07	 7833	 iter
445	 5.817626e-07	 7850	 iter
446	 5.803407e-07	 7869	 iter
447	 5.793497e-07	 7886	 iter
448	 5.728169e-07	 7903	 iter
449	 5.713714e-07	 7922	 iter
450	 5.703777e-07	 7939	 iter
451	 5.641968e-07	 7956	 iter
452	 5.627046e-07	 7975	 iter
453	 5.617024e-07	 7992	 iter
454	 5.558741e-07	 8009	 iter
455	 5.543238e-07	 8028	 iter
456	 5.533085e-07	 8045	 iter
457	 5.478313e-07	 8062	 iter
458	 5.462169e-07	 8081	 iter
459	 5.451839e-07	 8098	 iter
460	 5.400552e-07	 8115	 iter
461	 5.383693e-07	 8134	 iter
462	 5.373149e-07	 8151	 iter
463	 5.325298e-07	 8168	 iter
464	 5.307700e-07	 8187	 iter
465	 5.296909e-07	 8204	 iter
466	 5.252428e-07	 8221	 iter
467	 5.234052e-07	 8240	 iter
468	 5.222990e-07	 8257	 iter
469	 5.181772e-07	 8274	 iter
470	 5.162646e-07	 8293	 iter
471	 5.151300e-07	 8310	 iter
472	 5.113212e-07	 8327	 iter
473	 5.093344e-07	 8346	 iter
474	 5.081713e-07	 8363	 iter
475	 5.046569e-07	 8380	 iter
476	 5.026049e-07	 8399	 iter
477	 5.014148e-07	 8416	 iter
478	 4.981731e-07	 8433	 iter
479	 4.960627e-07	 8452	 iter
480	 4.948482e-07	 8469	 iter
481	 4.918519e-07	 8486	 iter
482	 4.896985e-07	 8505	 iter
483	 4.884642e-07	 8522	 iter
484	 4.856840e-07	 8539	 iter
485	 4.834996e-07	 8558	 iter
486	 4.822512e-07	 8575	 iter
487	 4.796527e-07	 8592	 iter
488	 4.774581e-07	 8611	 iter
489	 4.762027e-07	 8628	 iter
490	 4.737516e-07	 8645	 iter
491	 4.715622e-07	 8664	 iter
492	 4.703078e-07	 8681	 iter
493	 4.679670e-07	 8698	 iter
494	 4.658058e-07	 8717	 iter
495	 4.645614e-07	 8734	 iter
496	 4.622960e-07	 8751	 iter
497	 4.601791e-07	 8770	 iter
498	 4.589534e-07	 8787	 iter
499	 4.567287e-07	 8804	 iter
500	 4.546780e-07	 8823	 iter
501	 4.534801e-07	 8840	 iter
502	 4.512656e-07	 8857	 iter
503	 4.492948e-07	 8876	 iter
504	 4.481330e-07	 8893	 iter
505	 4.459007e-07	 8910	 iter
506	 4.440274e-07	 8929	 iter
507	 4.429093e-07	 8946	 iter
508	 4.406370e-07	 8963	 iter
509	 4.388702e-07	 8982	 iter
510	 4.378021e-07	 8999	 iter
511	 4.354715e-07	 9016	 iter
512	 4.338225e-07	 9035	 iter
513	 4.328097e-07	 9052	 iter
514	 4.304082e-07	 9069	 iter
515	 4.288803e-07	 9088	 iter
516	 4.279264e-07	 9105	 iter
517	 4.254463e-07	 9122	 iter
518	 4.240438e-07	 9141	 iter
519	 4.231511e-07	 9158	 iter
520	 4.205892e-07	 9175	 iter
521	 4.193102e-07	 9194	 iter
522	 4.184793e-07	 9211	 iter
523	 4.158370e-07	 9228	 iter
524	 4.157917e-07	 9246	 iter
525	 4.128640e-07	 9264	 iter
526	 4.112018e-07	 9281	 iter
527	 4.105752e-07	 9298	 iter
528	 4.081175e-07	 9317	 iter
529	 4.066860e-07	 9334	 iter
530	 4.055752e-07	 9351	 iter
531	 4.035126e-07	 9370	 iter
532	 4.022794e-07	 9387	 iter
533	 4.007693e-07	 9404	 iter
534	 3.990445e-07	 9423	 iter
535	 3.979822e-07	 9440	 iter
536	 3.961460e-07	 9457	 iter
537	 3.947037e-07	 9476	 iter
538	 3.937874e-07	 9493	 iter
539	 3.916902e-07	 9510	 iter
540	 3.916239e-07	 9528	 iter
541	 3.889531e-07	 9546	 iter
542	 3.873866e-07	 9563	 iter
543	 3.865656e-07	 9580	 iter
544	 3.845047e-07	 9599	 iter
545	 3.832553e-07	 9616	 iter
546	 3.818770e-07	 9633	 iter
547	 3.802724e-07	 9652	 iter
548	 3.792646e-07	 9669	 iter
549	 3.774792e-07	 9686	 iter
550	 3.773722e-07	 9704	 iter
551	 3.748256e-07	 9722	 iter
552	 3.733043e-07	 9739	 iter
553	 3.723705e-07	 9756	 iter
554	 3.705184e-07	 9775	 iter
555	 3.693694e-07	 9792	 iter
556	 3.678677e-07	 9809	 iter
557	 3.678564e-07	 9827	 iter
558	 3.652588e-07	 9845	 iter
559	 3.636944e-07	 9862	 iter
560	 3.627734e-07	 9879	 iter
561	 3.609744e-07	 9898	 iter
562	 3.598481e-07	 9915	 iter
563	 3.583383e-07	 9932	 iter
564	 3.579747e-07	 9950	 iter
565	 3.556990e-07	 9968	 iter
566	 3.543111e-07	 9985	 iter
567	 3.531598e-07	 10002	 iter
568	 3.516220e-07	 10021	 iter
569	 3.506459e-07	 10038	 iter
570	 3.490059e-07	 10055	 iter
571	 3.486799e-07	 10073	 iter
572	 3.464946e-07	 10091	 iter
573	 3.452704e-07	 10108	 iter
574	 3.444080e-07	 10125	 iter
575	 3.427664e-07	 10144	 iter
576	 3.418568e-07	 10161	 iter
577	 3.407152e-07	 10178	 iter
578	 3.393794e-07	 10197	 iter
579	 3.386538e-07	 10214	 iter
580	 3.373971e-07	 10231	 iter
581	 3.362202e-07	 10250	 iter
582	 3.355988e-07	 10267	 iter
583	 3.343347e-07	 10284	 iter
584	 3.332246e-07	 10303	 iter
585	 3.326567e-07	 10320	 iter
586	 3.314579e-07	 10337	 iter
587	 3.303522e-07	 10356	 iter
588	 3.298048e-07	 10373	 iter
589	 3.287213e-07	 10390	 iter
590	 3.275778e-07	 10409	 iter
591	 3.270286e-07	 10426	 iter
592	 3.260984e-07	 10443	 iter
593	 3.248855e-07	 10462	 iter
594	 3.243185e-07	 10479	 iter
595	 3.235713e-07	 10496	 iter
596	 3.222647e-07	 10515	 iter
597	 3.216682e-07	 10532	 iter
598	 3.211306e-07	 10549	 iter
599	 3.197093e-07	 10568	 iter
600	 3.190735e-07	 10585	 iter
601	 3.187691e-07	 10602	 iter
602	 3.172147e-07	 10621	 iter
603	 3.165313e-07	 10638	 iter
604	 3.164841e-07	 10655	 iter
605	 3.147788e-07	 10674	 iter
606	 3.140400e-07	 10691	 iter
607	 3.136425e-07	 10709	 iter
608	 3.133662e-07	 10726	 iter
609	 3.115853e-07	 10743	 iter
610	 3.111666e-07	 10762	 iter
611	 3.108843e-07	 10779	 iter
612	 3.091784e-07	 10796	 iter
613	 3.087348e-07	 10815	 iter
614	 3.084448e-07	 10832	 iter
615	 3.068186e-07	 10849	 iter
616	 3.063460e-07	 10868	 iter
617	 3.060467e-07	 10885	 iter
618	 3.045055e-07	 10902	 iter
619	 3.039997e-07	 10921	 iter
620	 3.036892e-07	 10938	 iter
621	 3.022386e-07	 10955	 iter
622	 3.016951e-07	 10974	 iter
623	 3.013714e-07	 10991	 iter
624	 3.000178e-07	 11008	 iter
625	 2.994318e-07	 11027	 iter
626	 2.990927e-07	 11044	 iter
627	 2.978426e-07	 11061	 iter
628	 2.972090e-07	 11080	 iter
629	 2.968522e-07	 11097	 iter
630	 2.957130e-07	 11114	 iter
631	 2.950263e-07	 11133	 iter
632	 2.946494e-07	 11150	 iter
633	 2.936282e-07	 11167	 iter
634	 2.928831e-07	 11186	 iter
635	 2.924835e-07	 11203	 iter
636	 2.915879e-07	 11220	 iter
637	 2.907788e-07	 11239	 iter
638	 2.903540e-07	 11256	 iter
639	 2.895911e-07	 11273	 iter
640	 2.887126e-07	 11292	 iter
641	 2.882600e-07	 11309	 iter
642	 2.876372e-07	 11326	 iter
643	 2.866841e-07	 11345	 iter
644	 2.862011e-07	 11362	 iter
645	 2.857244e-07	 11379	 iter
646	 2.846920e-07	 11398	 iter
647	 2.841764e-07	 11415	 iter
648	 2.838517e-07	 11432	 iter
649	 2.827358e-07	 11451	 iter
650	 2.821852e-07	 11468	 iter
651	 2.820165e-07	 11485	 iter
652	 2.808139e-07	 11504	 iter
653	 2.802266e-07	 11521	 iter
654	 2.802170e-07	 11538	 iter
655	 2.789255e-07	 11557	 iter
656	 2.782998e-07	 11574	 iter
657	 2.779468e-07	 11592	 iter
658	 2.777059e-07	 11609	 iter
659	 2.763959e-07	 11626	 iter
660	 2.760260e-07	 11645	 iter
661	 2.757788e-07	 11662	 iter
662	 2.745223e-07	 11679	 iter
663	 2.741344e-07	 11698	 iter
664	 2.738804e-07	 11715	 iter
665	 2.726780e-07	 11732	 iter
666	 2.722713e-07	 11751	 iter
667	 2.720099e-07	 11768	 iter
668	 2.708624e-07	 11785	 iter
669	 2.704361e-07	 11804	 iter
670	 2.701669e-07	 11821	 iter
671	 2.690742e-07	 11838	 iter
672	 2.686279e-07	 11857	 iter
673	 2.683507e-07	 11874	 iter
674	 2.673128e-07	 11891	 iter
675	 2.668463e-07	 11910	 iter
676	 2.665606e-07	 11927	 iter
677	 2.655767e-07	 11944	 iter
678	 2.650901e-07	 11963	 iter
679	 2.647959e-07	 11980	 iter
680	 2.638652e-07	 11997	 iter
681	 2.633589e-07	 12016	 iter
682	 2.630562e-07	 12033	 iter
683	 2.621769e-07	 12050	 iter
684	 2.616515e-07	 12069	 iter
685	 2.613407e-07	 12086	 iter
686	 2.605109e-07	 12103	 iter
687	 2.599676e-07	 12122	 iter
688	 2.596487e-07	 12139	 iter
689	 2.588656e-07	 12156	 iter
690	 2.583059e-07	 12175	 iter
691	 2.579797e-07	 12192	 iter
692	 2.572404e-07	 12209	 iter
693	 2.566659e-07	 12228	 iter
694	 2.563330e-07	 12245	 iter
695	 2.556336e-07	 12262	 iter
696	 2.550466e-07	 12281	 iter
697	 2.547078e-07	 12298	 iter
698	 2.540446e-07	 12315	 iter
699	 2.534475e-07	 12334	 iter
700	 2.531038e-07	 12351	 iter
701	 2.524721e-07	 12368	 iter
702	 2.518675e-07	 12387	 iter
703	 2.515202e-07	 12404	 iter
704	 2.509154e-07	 12421	 iter
705	 2.503063e-07	 12440	 iter
706	 2.499564e-07	 12457	 iter
707	 2.493735e-07	 12474	 iter
708	 2.487628e-07	 12493	 iter
709	 2.484119e-07	 12510	 iter
710	 2.478460e-07	 12527	 iter
711	 2.472369e-07	 12546	 iter
712	 2.468862e-07	 12563	 iter
713	 2.463320e-07	 12580	 iter
714	 2.457276e-07	 12599	 iter
715	 2.453788e-07	 12616	 iter
716	 2.448315e-07	 12633	 iter
717	 2.442348e-07	 12652	 iter
718	 2.438892e-07	 12669	 iter
719	 2.433438e-07	 12686	 iter
720	 2.427579e-07	 12705	 iter
721	 2.424170e-07	 12722	 iter
722	 2.418692e-07	 12739	 iter
723	 2.412968e-07	 12758	 iter
724	 2.409618e-07	 12775	 iter
725	 2.404072e-07	 12792	 iter
726	 2.398510e-07	 12811	 iter
727	 2.395233e-07	 12828	 iter
728	 2.389584e-07	 12845	 iter
729	 2.384205e-07	 12864	 iter
730	 2.381013e-07	 12881	 iter
731	 2.375225e-07	 12898	 iter
732	 2.370050e-07	 12917	 iter
733	 2.366953e-07	 12934	 iter
734	 2.361000e-07	 12951	 iter
735	 2.356046e-07	 12970	 iter
736	 2.353053e-07	 12987	 iter
737	 2.346911e-07	 13004	 iter
738	 2.342190e-07	 13023	 iter
739	 2.339308e-07	 13040	 iter
740	 2.332962e-07	 13057	 iter
741	 2.328484e-07	 13076	 iter
742	 2.325720e-07	 13093	 iter
743	 2.319155e-07	 13110	 iter
744	 2.314927e-07	 13129	 iter
745	 2.312284e-07	 13146	 iter
746	 2.305496e-07	 13163	 iter
747	 2.301520e-07	 13182	 iter
748	 2.299000e-07	 13199	 iter
749	 2.291986e-07	 13216	 iter
750	 2.288261e-07	 13235	 iter
751	 2.285866e-07	 13252	 iter
752	 2.278630e-07	 13269	 iter
753	 2.275153e-07	 13288	 iter
754	 2.272882e-07	 13305	 iter
755	 2.265429e-07	 13322	 iter
756	 2.262194e-07	 13341	 iter
757	 2.260045e-07	 13358	 iter
758	 2.252387e-07	 13375	 iter
759	 2.251768e-07	 13393	 iter
760	 2.243972e-07	 13411	 iter
761	 2.239526e-07	 13428	 iter
762	 2.237744e-07	 13445	 iter
763	 2.230839e-07	 13464	 iter
764	 2.226835e-07	 13481	 iter
765	 2.224015e-07	 13498	 iter
766	 2.217913e-07	 13517	 iter
767	 2.214308e-07	 13534	 iter
768	 2.210572e-07	 13551	 iter
769	 2.205189e-07	 13570	 iter
770	 2.201946e-07	 13587	 iter
771	 2.197403e-07	 13604	 iter
772	 2.192661e-07	 13623	 iter
773	 2.189743e-07	 13640	 iter
774	 2.184498e-07	 13657	 iter
775	 2.180325e-07	 13676	 iter
776	 2.177697e-07	 13693	 iter
777	 2.171845e-07	 13710	 iter
778	 2.168175e-07	 13729	 iter
779	 2.165805e-07	 13746	 iter
780	 2.159436e-07	 13763	 iter
781	 2.156206e-07	 13782	 iter
782	 2.154065e-07	 13799	 iter
783	 2.147256e-07	 13816	 iter
784	 2.145812e-07	 13834	 iter
785	 2.139217e-07	 13852	 iter
786	 2.135315e-07	 13869	 iter
787	 2.132446e-07	 13886	 iter
788	 2.126936e-07	 13905	 iter
789	 2.123597e-07	 13922	 iter
790	 2.119570e-07	 13939	 iter
791	 2.114956e-07	 13958	 iter
792	 2.112084e-07	 13975	 iter
793	 2.107119e-07	 13992	 iter
794	 2.103244e-07	 14011	 iter
795	 2.100761e-07	 14028	 iter
796	 2.095045e-07	 14045	 iter
797	 2.095011e-07	 14063	 iter
798	 2.087642e-07	 14081	 iter
799	 2.083296e-07	 14098	 iter
800	 2.081327e-07	 14115	 iter
801	 2.075440e-07	 14134	 iter
802	 2.071877e-07	 14151	 iter
803	 2.068413e-07	 14168	 iter
804	 2.063682e-07	 14187	 iter
805	 2.060734e-07	 14204	 iter
806	 2.056123e-07	 14221	 iter
807	 2.052296e-07	 14240	 iter
808	 2.049831e-07	 14257	 iter
809	 2.044343e-07	 14274	 iter
810	 2.043524e-07	 14292	 iter
811	 2.036944e-07	 14310	 iter
812	 2.032984e-07	 14327	 iter
813	 2.030260e-07	 14344	 iter
814	 2.025171e-07	 14363	 iter
815	 2.022015e-07	 14380	 iter
816	 2.017888e-07	 14397	 iter
817	 2.013913e-07	 14416	 iter
818	 2.011361e-07	 14433	 iter
819	 2.006202e-07	 14450	 iter
820	 2.005219e-07	 14468	 iter
821	 1.998894e-07	 14486	 iter
822	 1.995048e-07	 14503	 iter
823	 1.992100e-07	 14520	 iter
824	 1.987349e-07	 14539	 iter
825	 1.984364e-07	 14556	 iter
826	 1.980021e-07	 14573	 iter
827	 1.976403e-07	 14592	 iter
828	 1.974040e-07	 14609	 iter
829	 1.968710e-07	 14626	 iter
830	 1.966573e-07	 14644	 iter
831	 1.961280e-07	 14662	 iter
832	 1.957983e-07	 14679	 iter
833	 1.954162e-07	 14696	 iter
834	 1.950258e-07	 14715	 iter
835	 1.947732e-07	 14732	 iter
836	 1.942756e-07	 14749	 iter
837	 1.940831e-07	 14767	 iter
838	 1.935436e-07	 14785	 iter
839	 1.932068e-07	 14802	 iter
840	 1.928352e-07	 14819	 iter
841	 1.924473e-07	 14838	 iter
842	 1.921954e-07	 14855	 iter
843	 1.917041e-07	 14872	 iter
844	 1.914776e-07	 14890	 iter
845	 1.909726e-07	 14908	 iter
846	 1.906540e-07	 14925	 iter
847	 1.902569e-07	 14942	 iter
848	 1.901732e-07	 14960	 iter
849	 1.895437e-07	 14978	 iter
850	 1.891535e-07	 14995	 iter
851	 1.888457e-07	 15012	 iter
852	 1.884171e-07	 15031	 iter
853	 1.881409e-07	 15048	 iter
854	 1.876903e-07	 15065	 iter
855	 1.874697e-07	 15083	 iter
856	 1.869650e-07	 15101	 iter
857	 1.866446e-07	 15118	 iter
858	 1.862481e-07	 15135	 iter
859	 1.860935e-07	 15153	 iter
860	 1.855261e-07	 15171	 iter
861	 1.851687e-07	 15188	 iter
862	 1.848117e-07	 15205	 iter
863	 1.846945e-07	 15223	 iter
864	 1.840863e-07	 15241	 iter
865	 1.837045e-07	 15258	 iter
866	 1.833689e-07	 15275	 iter
867	 1.832590e-07	 15293	 iter
868	 1.826368e-07	 15311	 iter
869	 1.822458e-07	 15328	 iter
870	 1.819134e-07	 15345	 iter
871	 1.817840e-07	 15363	 iter
872	 1.811748e-07	 15381	 iter
873	 1.807901e-07	 15398	 iter
874	 1.804454e-07	 15415	 iter
875	 1.802764e-07	 15433	 iter
876	 1.797029e-07	 15451	 iter
877	 1.793382e-07	 15468	 iter
878	 1.789700e-07	 15485	 iter
879	 1.787484e-07	 15503	 iter
880	 1.787059e-07	 15520	 iter
881	 1.779493e-07	 15539	 iter
882	 1.774751e-07	 15556	 iter
883	 1.771813e-07	 15573	 iter
884	 1.770284e-07	 15591	 iter
885	 1.770233e-07	 15608	 iter
886	 1.761544e-07	 15627	 iter
887	 1.756115e-07	 15644	 iter
888	 1.753438e-07	 15661	 iter
889	 1.751918e-07	 15679	 iter
890	 1.751473e-07	 15696	 iter
891	 1.742653e-07	 15715	 iter
892	 1.737122e-07	 15732	 iter
893	 1.734268e-07	 15749	 iter
894	 1.732280e-07	 15767	 iter
895	 1.731032e-07	 15784	 iter
896	 1.730211e-07	 15802	 iter
897	 1.729354e-07	 15819	 iter
898	 1.727989e-07	 15837	 iter
899	 1.725771e-07	 15854	 iter
900	 1.722577e-07	 15872	 iter
901	 1.718461e-07	 15889	 iter
902	 1.713593e-07	 15907	 iter
903	 1.708155e-07	 15924	 iter
904	 1.702321e-07	 15942	 iter
905	 1.696217e-07	 15959	 iter
906	 1.689944e-07	 15977	 iter
907	 1.683564e-07	 15994	 iter
908	 1.677128e-07	 16012	 iter
909	 1.670661e-07	 16029	 iter
910	 1.664190e-07	 16047	 iter
911	 1.657724e-07	 16064	 iter
912	 1.651278e-07	 16082	 iter
913	 1.644855e-07	 16099	 iter
914	 1.638463e-07	 16117	 iter
915	 1.632104e-07	 16134	 iter
916	 1.625785e-07	 16152	 iter
917	 1.619503e-07	 16169	 iter
918	 1.613266e-07	 16187	 iter
919	 1.607073e-07	 16204	 iter
920	 1.600928e-07	 16222	 iter
921	 1.594831e-07	 16239	 iter
922	 1.588787e-07	 16257	 iter
923	 1.582795e-07	 16274	 iter
924	 1.576860e-07	 16292	 iter
925	 1.570982e-07	 16309	 iter
926	 1.565165e-07	 16327	 iter
927	 1.559410e-07	 16344	 iter
928	 1.553720e-07	 16362	 iter
929	 1.548097e-07	 16379	 iter
930	 1.542543e-07	 16397	 iter
931	 1.537059e-07	 16414	 iter
932	 1.531649e-07	 16432	 iter
933	 1.526312e-07	 16449	 iter
934	 1.521050e-07	 16467	 iter
935	 1.515863e-07	 16484	 iter
936	 1.510753e-07	 16502	 iter
937	 1.505718e-07	 16519	 iter
938	 1.500759e-07	 16537	 iter
939	 1.495872e-07	 16554	 iter
940	 1.491059e-07	 16572	 iter
941	 1.486314e-07	 16589	 iter
942	 1.481637e-07	 16607	 iter
943	 1.477024e-07	 16624	 iter
944	 1.472471e-07	 16642	 iter
945	 1.467976e-07	 16659	 iter
946	 1.463534e-07	 16677	 iter
947	 1.459143e-07	 16694	 iter
948	 1.454797e-07	 16712	 iter
949	 1.450495e-07	 16729	 iter
950	 1.446233e-07	 16747	 iter
951	 1.442008e-07	 16764	 iter
952	 1.436923e-07	 16781	 iter
953	 1.415051e-07	 16800	 iter
954	 1.403683e-07	 16817	 iter
955	 1.395939e-07	 16835	 iter
956	 1.389897e-07	 16852	 iter
957	 1.384774e-07	 16870	 iter
958	 1.380189e-07	 16887	 iter
959	 1.375932e-07	 16905	 iter
960	 1.371881e-07	 16922	 iter
961	 1.367964e-07	 16940	 iter
962	 1.364137e-07	 16957	 iter
963	 1.363218e-07	 16974	 iter
964	 1.337841e-07	 16993	 iter
965	 1.327189e-07	 17010	 iter
966	 1.320677e-07	 17028	 iter
967	 1.315823e-07	 17045	 iter
968	 1.311725e-07	 17063	 iter
969	 1.307992e-07	 17080	 iter
970	 1.304443e-07	 17098	 iter
971	 1.300992e-07	 17115	 iter
972	 1.282446e-07	 17132	 iter
973	 1.270151e-07	 17151	 iter
974	 1.263912e-07	 17168	 iter
975	 1.259608e-07	 17186	 iter
976	 1.256026e-07	 17203	 iter
977	 1.252730e-07	 17221	 iter
978	 1.249554e-07	 17238	 iter
979	 1.227808e-07	 17255	 iter
980	 1.219038e-07	 17274	 iter
981	 1.214399e-07	 17291	 iter
982	 1.210951e-07	 17309	 iter
983	 1.207882e-07	 17326	 iter
984	 1.195090e-07	 17343	 iter
985	 1.180605e-07	 17362	 iter
986	 1.175258e-07	 17379	 iter
987	 1.171868e-07	 17397	 iter
988	 1.168984e-07	 17414	 iter
989	 1.154011e-07	 17431	 iter
990	 1.142368e-07	 17450	 iter
991	 1.138060e-07	 17467	 iter
992	 1.135136e-07	 17485	 iter
993	 1.132515e-07	 17502	 iter
994	 1.111677e-07	 17519	 iter
995	 1.106113e-07	 17538	 iter
996	 1.103161e-07	 17555	 iter
997	 1.099395e-07	 17572	 iter
998	 1.079883e-07	 17591	 iter
999	 1.075585e-07	 17608	 iter
1000	 1.073019e-07	 17626	 iter
1001	 1.070712e-07	 17643	 iter
1002	 1.049866e-07	 17660	 iter
1003	 1.046690e-07	 17679	 iter
1004	 1.044418e-07	 17696	 iter
1005	 1.026004e-07	 17713	 iter
1006	 1.021689e-07	 17732	 iter
1007	 1.019423e-07	 17749	 iter
1008	 1.002936e-07	 17766	 iter
1009	 9.978198e-08	 17785	 iter
1010	 9.956242e-08	 17802	 iter
1011	 9.795557e-08	 17819	 iter
1012	 9.749584e-08	 17838	 iter
1013	 9.729272e-08	 17855	 iter
1014	 9.563531e-08	 17872	 iter
1015	 9.531089e-08	 17891	 iter
1016	 9.512598e-08	 17908	 iter
1017	 9.344533e-08	 17925	 iter
1018	 9.322723e-08	 17944	 iter
1019	 9.305574e-08	 17961	 iter
1020	 9.141041e-08	 17978	 iter
1021	 9.087844e-08	 17996	 iter
1022	 8.967489e-08	 18014	 iter
1023	 8.949823e-08	 18031	 iter
1024	 8.802197e-08	 18048	 iter
1025	 8.781955e-08	 18067	 iter
1026	 8.766867e-08	 18084	 iter
1027	 8.620418e-08	 18101	 iter
1028	 8.494714e-08	 18119	 iter
1029	 8.464844e-08	 18137	 iter
1030	 8.450807e-08	 18154	 iter
1031	 8.314832e-08	 18171	 iter
1032	 8.035628e-08	 18188	 iter
1033	 7.211665e-08	 18208	 iter
1034	 7.183698e-08	 18225	 iter
1035	 7.092563e-08	 18242	 iter
1036	 7.076191e-08	 18261	 iter
1037	 7.066501e-08	 18278	 iter
1038	 6.971930e-08	 18295	 iter
1039	 6.369757e-08	 18312	 iter
1040	 6.185853e-08	 18332	 iter
1041	 6.162763e-08	 18349	 iter
1042	 6.145697e-08	 18366	 iter
1043	 6.095307e-08	 18385	 iter
1044	 6.077803e-08	 18402	 iter
1045	 6.054006e-08	 18419	 iter
1046	 6.013374e-08	 18438	 iter
1047	 5.995555e-08	 18455	 iter
1048	 5.976736e-08	 18472	 iter
1049	 5.934549e-08	 18491	 iter
1050	 5.915769e-08	 18508	 iter
1051	 5.903358e-08	 18525	 iter
1052	 5.858257e-08	 18544	 iter
1053	 5.838326e-08	 18561	 iter
1054	 5.832713e-08	 18578	 iter
1055	 5.784372e-08	 18597	 iter
1056	 5.763156e-08	 18614	 iter
1057	 5.751543e-08	 18632	 iter
1058	 5.743353e-08	 18649	 iter
1059	 5.689579e-08	 18666	 iter
1060	 5.677518e-08	 18685	 iter
1061	 5.669238e-08	 18702	 iter
1062	 5.618092e-08	 18719	 iter
1063	 5.605508e-08	 18738	 iter
1064	 5.597099e-08	 18755	 iter
1065	 5.548623e-08	 18772	 iter
1066	 5.535439e-08	 18791	 iter
1067	 5.526861e-08	 18808	 iter
1068	 5.481098e-08	 18825	 iter
1069	 5.467244e-08	 18844	 iter
1070	 5.458458e-08	 18861	 iter
1071	 5.415449e-08	 18878	 iter
1072	 5.400853e-08	 18897	 iter
1073	 5.391822e-08	 18914	 iter
1074	 5.351597e-08	 18931	 iter
1075	 5.336204e-08	 18950	 iter
1076	 5.326891e-08	 18967	 iter
1077	 5.289468e-08	 18984	 iter
1078	 5.273227e-08	 19003	 iter
1079	 5.263599e-08	 19020	 iter
1080	 5.228977e-08	 19037	 iter
1081	 5.211858e-08	 19056	 iter
1082	 5.201892e-08	 19073	 iter
1083	 5.170043e-08	 19090	 iter
1084	 5.152028e-08	 19109	 iter
1085	 5.141705e-08	 19126	 iter
1086	 5.112568e-08	 19143	 iter
1087	 5.093671e-08	 19162	 iter
1088	 5.082983e-08	 19179	 iter
1089	 5.056466e-08	 19196	 iter
1090	 5.036714e-08	 19215	 iter
1091	 5.025663e-08	 19232	 iter
1092	 5.001628e-08	 19249	 iter
1093	 4.981091e-08	 19268	 iter
1094	 4.969693e-08	 19285	 iter
1095	 4.947968e-08	 19302	 iter
1096	 4.926725e-08	 19321	 iter
1097	 4.915008e-08	 19338	 iter
1098	 4.895376e-08	 19355	 iter
1099	 4.873553e-08	 19374	 iter
1100	 4.861560e-08	 19391	 iter
1101	 4.843773e-08	 19408	 iter
1102	 4.821500e-08	 19427	 iter
1103	 4.809283e-08	 19444	 iter
1104	 4.793058e-08	 19461	 iter
1105	 4.770507e-08	 19480	 iter
1106	 4.758133e-08	 19497	 iter
1107	 4.743169e-08	 19514	 iter
1108	 4.720505e-08	 19533	 iter
1109	 4.708049e-08	 19550	 iter
1110	 4.694026e-08	 19567	 iter
1111	 4.671448e-08	 19586	 iter
1112	 4.658992e-08	 19603	 iter
1113	 4.645595e-08	 19620	 iter
1114	 4.623278e-08	 19639	 iter
1115	 4.610907e-08	 19656	 iter
1116	 4.597820e-08	 19673	 iter
1117	 4.575961e-08	 19692	 iter
1118	 4.563763e-08	 19709	 iter
1119	 4.550694e-08	 19726	 iter
1120	 4.529456e-08	 19745	 iter
1121	 4.517513e-08	 19762	 iter
1122	 4.504191e-08	 19779	 iter
1123	 4.483743e-08	 19798	 iter
1124	 4.472135e-08	 19815	 iter
1125	 4.458325e-08	 19832	 iter
1126	 4.438793e-08	 19851	 iter
1127	 4.427590e-08	 19868	 iter
1128	 4.413092e-08	 19885	 iter
1129	 4.394600e-08	 19904	 iter
1130	 4.383862e-08	 19921	 iter
1131	 4.368522e-08	 19938	 iter
1132	 4.351145e-08	 19957	 iter
1133	 4.340923e-08	 19974	 iter
1134	 4.324624e-08	 19991	 iter
1135	 4.308431e-08	 20010	 iter
1136	 4.298761e-08	 20027	 iter
1137	 4.281432e-08	 20044	 iter
1138	 4.266447e-08	 20063	 iter
1139	 4.257355e-08	 20080	 iter
1140	 4.238962e-08	 20097	 iter
1141	 4.225199e-08	 20116	 iter
1142	 4.216697e-08	 20133	 iter
1143	 4.197242e-08	 20150	 iter
1144	 4.184681e-08	 20169	 iter
1145	 4.176770e-08	 20186	 iter
1146	 4.156288e-08	 20203	 iter
1147	 4.144896e-08	 20222	 iter
1148	 4.137567e-08	 20239	 iter
1149	 4.116119e-08	 20256	 iter
1150	 4.105840e-08	 20275	 iter
1151	 4.099073e-08	 20292	 iter
1152	 4.076745e-08	 20309	 iter
1153	 4.073764e-08	 20327	 iter
1154	 4.051272e-08	 20345	 iter
1155	 4.038266e-08	 20362	 iter
1156	 4.030728e-08	 20379	 iter
1157	 4.011848e-08	 20398	 iter
1158	 4.000652e-08	 20415	 iter
1159	 3.989344e-08	 20432	 iter
1160	 3.973503e-08	 20451	 iter
1161	 3.963853e-08	 20468	 iter
1162	 3.949455e-08	 20485	 iter
1163	 3.936178e-08	 20504	 iter
1164	 3.927845e-08	 20521	 iter
1165	 3.910942e-08	 20538	 iter
1166	 3.899808e-08	 20557	 iter
1167	 3.892592e-08	 20574	 iter
1168	 3.873692e-08	 20591	 iter
1169	 3.870106e-08	 20609	 iter
1170	 3.849758e-08	 20627	 iter
1171	 3.837640e-08	 20644	 iter
1172	 3.828509e-08	 20661	 iter
1173	 3.812586e-08	 20680	 iter
1174	 3.802791e-08	 20697	 iter
1175	 3.789517e-08	 20714	 iter
1176	 3.776967e-08	 20733	 iter
1177	 3.768967e-08	 20750	 iter
1178	 3.752629e-08	 20767	 iter
1179	 3.749845e-08	 20785	 iter
1180	 3.729621e-08	 20803	 iter
1181	 3.717434e-08	 20820	 iter
1182	 3.708301e-08	 20837	 iter
1183	 3.693295e-08	 20856	 iter
1184	 3.683918e-08	 20873	 iter
1185	 3.670343e-08	 20890	 iter
1186	 3.669822e-08	 20908	 iter
1187	 3.648018e-08	 20926	 iter
1188	 3.634860e-08	 20943	 iter
1189	 3.626860e-08	 20960	 iter
1190	 3.611444e-08	 20979	 iter
1191	 3.601787e-08	 20996	 iter
1192	 3.588815e-08	 21013	 iter
1193	 3.586498e-08	 21031	 iter
1194	 3.566304e-08	 21049	 iter
1195	 3.553949e-08	 21066	 iter
1196	 3.544523e-08	 21083	 iter
1197	 3.530717e-08	 21102	 iter
1198	 3.521917e-08	 21119	 iter
1199	 3.507949e-08	 21136	 iter
1200	 3.502176e-08	 21154	 iter
1201	 3.485285e-08	 21172	 iter
1202	 3.474837e-08	 21189	 iter
1203	 3.463387e-08	 21206	 iter
1204	 3.451851e-08	 21225	 iter
1205	 3.444446e-08	 21242	 iter
1206	 3.429564e-08	 21259	 iter
1207	 3.427640e-08	 21277	 iter
1208	 3.408869e-08	 21295	 iter
1209	 3.398944e-08	 21312	 iter
1210	 3.393821e-08	 21329	 iter
1211	 3.378500e-08	 21348	 iter
1212	 3.370665e-08	 21365	 iter
1213	 3.364229e-08	 21382	 iter
1214	 3.350617e-08	 21401	 iter
1215	 3.343923e-08	 21418	 iter
1216	 3.337403e-08	 21435	 iter
1217	 3.324416e-08	 21454	 iter
1218	 3.318275e-08	 21471	 iter
1219	 3.312508e-08	 21488	 iter
1220	 3.299427e-08	 21507	 iter
1221	 3.293456e-08	 21524	 iter
1222	 3.289025e-08	 21541	 iter
1223	 3.275358e-08	 21560	 iter
1224	 3.269302e-08	 21577	 iter
1225	 3.266655e-08	 21594	 iter
1226	 3.252033e-08	 21613	 iter
1227	 3.245709e-08	 21630	 iter
1228	 3.245202e-08	 21647	 iter
1229	 3.229337e-08	 21666	 iter
1230	 3.222610e-08	 21683	 iter
1231	 3.219011e-08	 21701	 iter
1232	 3.216493e-08	 21718	 iter
1233	 3.199861e-08	 21735	 iter
1234	 3.196109e-08	 21754	 iter
1235	 3.193559e-08	 21771	 iter
1236	 3.177531e-08	 21788	 iter
1237	 3.173580e-08	 21807	 iter
1238	 3.170976e-08	 21824	 iter
1239	 3.155608e-08	 21841	 iter
1240	 3.151413e-08	 21860	 iter
1241	 3.148736e-08	 21877	 iter
1242	 3.134080e-08	 21894	 iter
1243	 3.129597e-08	 21913	 iter
1244	 3.126829e-08	 21930	 iter
1245	 3.112949e-08	 21947	 iter
1246	 3.108129e-08	 21966	 iter
1247	 3.105248e-08	 21983	 iter
1248	 3.092209e-08	 22000	 iter
1249	 3.087002e-08	 22019	 iter
1250	 3.083989e-08	 22036	 iter
1251	 3.071866e-08	 22053	 iter
1252	 3.066217e-08	 22072	 iter
1253	 3.063046e-08	 22089	 iter
1254	 3.051919e-08	 22106	 iter
1255	 3.045768e-08	 22125	 iter
1256	 3.042414e-08	 22142	 iter
1257	 3.032375e-08	 22159	 iter
1258	 3.025656e-08	 22178	 iter
1259	 3.022093e-08	 22195	 iter
1260	 3.013234e-08	 22212	 iter
1261	 3.005878e-08	 22231	 iter
1262	 3.002075e-08	 22248	 iter
1263	 2.994504e-08	 22265	 iter
1264	 2.986435e-08	 22284	 iter
1265	 2.982360e-08	 22301	 iter
1266	 2.976181e-08	 22318	 iter
1267	 2.967324e-08	 22337	 iter
1268	 2.962943e-08	 22354	 iter
1269	 2.958273e-08	 22371	 iter
1270	 2.948546e-08	 22390	 iter
1271	 2.943823e-08	 22407	 iter
1272	 2.940770e-08	 22424	 iter
1273	 2.930095e-08	 22443	 iter
1274	 2.924994e-08	 22460	 iter
1275	 2.923676e-08	 22477	 iter
1276	 2.911971e-08	 22496	 iter
1277	 2.906455e-08	 22513	 iter
1278	 2.903348e-08	 22531	 iter
1279	 2.901180e-08	 22548	 iter
1280	 2.888129e-08	 22565	 iter
1281	 2.884846e-08	 22584	 iter
1282	 2.882617e-08	 22601	 iter
1283	 2.870084e-08	 22618	 iter
1284	 2.866605e-08	 22637	 iter
1285	 2.864305e-08	 22654	 iter
1286	 2.852315e-08	 22671	 iter
1287	 2.848619e-08	 22690	 iter
1288	 2.846239e-08	 22707	 iter
1289	 2.834822e-08	 22724	 iter
1290	 2.830887e-08	 22743	 iter
1291	 2.828416e-08	 22760	 iter
1292	 2.817597e-08	 22777	 iter
1293	 2.813403e-08	 22796	 iter
1294	 2.810831e-08	 22813	 iter
1295	 2.800642e-08	 22830	 iter
1296	 2.796166e-08	 22849	 iter
1297	 2.793481e-08	 22866	 iter
1298	 2.783947e-08	 22883	 iter
1299	 2.779168e-08	 22902	 iter
1300	 2.776361e-08	 22919	 iter
1301	 2.767511e-08	 22936	 iter
1302	 2.762409e-08	 22955	 iter
1303	 2.759470e-08	 22972	 iter
1304	 2.751323e-08	 22989	 iter
1305	 2.745880e-08	 23008	 iter
1306	 2.742799e-08	 23025	 iter
1307	 2.735380e-08	 23042	 iter
1308	 2.729581e-08	 23061	 iter
1309	 2.726349e-08	 23078	 iter
1310	 2.719670e-08	 23095	 iter
1311	 2.713501e-08	 23114	 iter
1312	 2.710112e-08	 23131	 iter
1313	 2.704187e-08	 23148	 iter
1314	 2.697639e-08	 23167	 iter
1315	 2.694085e-08	 23184	 iter
1316	 2.688915e-08	 23201	 iter
1317	 2.681984e-08	 23220	 iter
1318	 2.678263e-08	 23237	 iter
1319	 2.673848e-08	 23254	 iter
1320	 2.666534e-08	 23273	 iter
1321	 2.662641e-08	 23290	 iter
1322	 2.658967e-08	 23307	 iter
1323	 2.651275e-08	 23326	 iter
1324	 2.647213e-08	 23343	 iter
1325	 2.644266e-08	 23360	 iter
1326	 2.636206e-08	 23379	 iter
1327	 2.631976e-08	 23396	 iter
1328	 2.629722e-08	 23413	 iter
1329	 2.621312e-08	 23432	 iter
1330	 2.616921e-08	 23449	 iter
1331	 2.615329e-08	 23466	 iter
1332	 2.606591e-08	 23485	 iter
1333	 2.602045e-08	 23502	 iter
1334	 2.601065e-08	 23519	 iter
1335	 2.592029e-08	 23538	 iter
1336	 2.587341e-08	 23555	 iter
1337	 2.586923e-08	 23572	 iter
1338	 2.577622e-08	 23591	 iter
1339	 2.572804e-08	 23608	 iter
1340	 2.569979e-08	 23626	 iter
1341	 2.568042e-08	 23643	 iter
1342	 2.558383e-08	 23660	 iter
1343	 2.555498e-08	 23679	 iter
1344	 2.553539e-08	 23696	 iter
1345	 2.544122e-08	 23713	 iter
1346	 2.541183e-08	 23732	 iter
1347	 2.539202e-08	 23749	 iter
1348	 2.530012e-08	 23766	 iter
1349	 2.527026e-08	 23785	 iter
1350	 2.525026e-08	 23802	 iter
1351	 2.516051e-08	 23819	 iter
1352	 2.513025e-08	 23838	 iter
1353	 2.511011e-08	 23855	 iter
1354	 2.502233e-08	 23872	 iter
1355	 2.499176e-08	 23891	 iter
1356	 2.497150e-08	 23908	 iter
1357	 2.488554e-08	 23925	 iter
1358	 2.485476e-08	 23944	 iter
1359	 2.483442e-08	 23961	 iter
1360	 2.475008e-08	 23978	 iter
1361	 2.471919e-08	 23997	 iter
1362	 2.469883e-08	 24014	 iter
1363	 2.461594e-08	 24031	 iter
1364	 2.458505e-08	 24050	 iter
1365	 2.456471e-08	 24067	 iter
1366	 2.448306e-08	 24084	 iter
1367	 2.445228e-08	 24103	 iter
1368	 2.443201e-08	 24120	 iter
1369	 2.435143e-08	 24137	 iter
1370	 2.432087e-08	 24156	 iter
1371	 2.430072e-08	 24173	 iter
1372	 2.422099e-08	 24190	 iter
1373	 2.419078e-08	 24209	 iter
1374	 2.417081e-08	 24226	 iter
1375	 2.409176e-08	 24243	 iter
1376	 2.406200e-08	 24262	 iter
1377	 2.404225e-08	 24279	 iter
1378	 2.396369e-08	 24296	 iter
1379	 2.393448e-08	 24315	 iter
1380	 2.391502e-08	 24332	 iter
1381	 2.383680e-08	 24349	 iter
1382	 2.380823e-08	 24368	 iter
1383	 2.378910e-08	 24385	 iter
1384	 2.371104e-08	 24402	 iter
1385	 2.368322e-08	 24421	 iter
1386	 2.366446e-08	 24438	 iter
1387	 2.358644e-08	 24455	 iter
1388	 2.358348e-08	 24473	 iter
1389	 2.350601e-08	 24491	 iter
1390	 2.346324e-08	 24508	 iter
1391	 2.345462e-08	 24525	 iter
1392	 2.338181e-08	 24544	 iter
1393	 2.334121e-08	 24561	 iter
1394	 2.332688e-08	 24578	 iter
1395	 2.325873e-08	 24597	 iter
1396	 2.322032e-08	 24614	 iter
1397	 2.320038e-08	 24631	 iter
1398	 2.313684e-08	 24650	 iter
1399	 2.310061e-08	 24667	 iter
1400	 2.307513e-08	 24684	 iter
1401	 2.301611e-08	 24703	 iter
1402	 2.298205e-08	 24720	 iter
1403	 2.295123e-08	 24737	 iter
1404	 2.289660e-08	 24756	 iter
1405	 2.286466e-08	 24773	 iter
1406	 2.282867e-08	 24790	 iter
1407	 2.277830e-08	 24809	 iter
1408	 2.274843e-08	 24826	 iter
1409	 2.270756e-08	 24843	 iter
1410	 2.266124e-08	 24862	 iter
1411	 2.263336e-08	 24879	 iter
1412	 2.258787e-08	 24896	 iter
1413	 2.254542e-08	 24915	 iter
1414	 2.251945e-08	 24932	 iter
1415	 2.246967e-08	 24949	 iter
1416	 2.243086e-08	 24968	 iter
1417	 2.240670e-08	 24985	 iter
1418	 2.235293e-08	 25002	 iter
1419	 2.231753e-08	 25021	 iter
1420	 2.229509e-08	 25038	 iter
1421	 2.223770e-08	 25055	 iter
1422	 2.220548e-08	 25074	 iter
1423	 2.218464e-08	 25091	 iter
1424	 2.212394e-08	 25108	 iter
1425	 2.209466e-08	 25127	 iter
1426	 2.207532e-08	 25144	 iter
1427	 2.201168e-08	 25161	 iter
1428	 2.200560e-08	 25179	 iter
1429	 2.193933e-08	 25197	 iter
1430	 2.190103e-08	 25214	 iter
1431	 2.188314e-08	 25231	 iter
1432	 2.182574e-08	 25250	 iter
1433	 2.179192e-08	 25267	 iter
1434	 2.176388e-08	 25284	 iter
1435	 2.171417e-08	 25303	 iter
1436	 2.168428e-08	 25320	 iter
1437	 2.164760e-08	 25337	 iter
1438	 2.160455e-08	 25356	 iter
1439	 2.157806e-08	 25373	 iter
1440	 2.153402e-08	 25390	 iter
1441	 2.149671e-08	 25409	 iter
1442	 2.147319e-08	 25426	 iter
1443	 2.142297e-08	 25443	 iter
1444	 2.139060e-08	 25462	 iter
1445	 2.136964e-08	 25479	 iter
1446	 2.131422e-08	 25496	 iter
1447	 2.131264e-08	 25514	 iter
1448	 2.124643e-08	 25532	 iter
1449	 2.120769e-08	 25549	 iter
1450	 2.119079e-08	 25566	 iter
1451	 2.113608e-08	 25585	 iter
1452	 2.110332e-08	 25602	 iter
1453	 2.107413e-08	 25619	 iter
1454	 2.102877e-08	 25638	 iter
1455	 2.100090e-08	 25655	 iter
1456	 2.096182e-08	 25672	 iter
1457	 2.092407e-08	 25691	 iter
1458	 2.090022e-08	 25708	 iter
1459	 2.085327e-08	 25725	 iter
1460	 2.082171e-08	 25744	 iter
1461	 2.080114e-08	 25761	 iter
1462	 2.074793e-08	 25778	 iter
1463	 2.073814e-08	 25796	 iter
1464	 2.068019e-08	 25814	 iter
1465	 2.064546e-08	 25831	 iter
1466	 2.062043e-08	 25848	 iter
1467	 2.057414e-08	 25867	 iter
1468	 2.054563e-08	 25884	 iter
1469	 2.050894e-08	 25901	 iter
1470	 2.047170e-08	 25920	 iter
1471	 2.044804e-08	 25937	 iter
1472	 2.040241e-08	 25954	 iter
1473	 2.037222e-08	 25973	 iter
1474	 2.035236e-08	 25990	 iter
1475	 2.029998e-08	 26007	 iter
1476	 2.028250e-08	 26025	 iter
1477	 2.023194e-08	 26043	 iter
1478	 2.020096e-08	 26060	 iter
1479	 2.016920e-08	 26077	 iter
1480	 2.012985e-08	 26096	 iter
1481	 2.010495e-08	 26113	 iter
1482	 2.006262e-08	 26130	 iter
1483	 2.003166e-08	 26149	 iter
1484	 2.001134e-08	 26166	 iter
1485	 1.996130e-08	 26183	 iter
1486	 1.994260e-08	 26201	 iter
1487	 1.989412e-08	 26219	 iter
1488	 1.986413e-08	 26236	 iter
1489	 1.983085e-08	 26253	 iter
1490	 1.979405e-08	 26272	 iter
1491	 1.977047e-08	 26289	 iter
1492	 1.972677e-08	 26306	 iter
1493	 1.971734e-08	 26324	 iter
1494	 1.966216e-08	 26342	 iter
1495	 1.962834e-08	 26359	 iter
1496	 1.960101e-08	 26376	 iter
1497	 1.956041e-08	 26395	 iter
1498	 1.953465e-08	 26412	 iter
1499	 1.949493e-08	 26429	 iter
1500	 1.948908e-08	 26447	 iter
1501	 1.943132e-08	 26465	 iter
1502	 1.939592e-08	 26482	 iter
1503	 1.937055e-08	 26499	 iter
1504	 1.932910e-08	 26518	 iter
1505	 1.930280e-08	 26535	 iter
1506	 1.926417e-08	 26552	 iter
1507	 1.925623e-08	 26570	 iter
1508	 1.920044e-08	 26588	 iter
1509	 1.916600e-08	 26605	 iter
1510	 1.913873e-08	 26622	 iter
1511	 1.909947e-08	 26641	 iter
1512	 1.907432e-08	 26658	 iter
1513	 1.903431e-08	 26675	 iter
1514	 1.901986e-08	 26693	 iter
1515	 1.896983e-08	 26711	 iter
1516	 1.893852e-08	 26728	 iter
1517	 1.890670e-08	 26745	 iter
1518	 1.890450e-08	 26763	 iter
1519	 1.884340e-08	 26781	 iter
1520	 1.880570e-08	 26798	 iter
1521	 1.878146e-08	 26815	 iter
1522	 1.874035e-08	 26834	 iter
1523	 1.871402e-08	 26851	 iter
1524	 1.867575e-08	 26868	 iter
1525	 1.865893e-08	 26886	 iter
1526	 1.861115e-08	 26904	 iter
1527	 1.858092e-08	 26921	 iter
1528	 1.854721e-08	 26938	 iter
1529	 1.853596e-08	 26956	 iter
1530	 1.848271e-08	 26974	 iter
1531	 1.844926e-08	 26991	 iter
1532	 1.841886e-08	 27008	 iter
1533	 1.841080e-08	 27026	 iter
1534	 1.835398e-08	 27044	 iter
1535	 1.831837e-08	 27061	 iter
1536	 1.828977e-08	 27078	 iter
1537	 1.828238e-08	 27096	 iter
1538	 1.822424e-08	 27114	 iter
1539	 1.818778e-08	 27131	 iter
1540	 1.815945e-08	 27148	 iter
1541	 1.815047e-08	 27166	 iter
1542	 1.809329e-08	 27184	 iter
1543	 1.805730e-08	 27201	 iter
1544	 1.802792e-08	 27218	 iter
1545	 1.801557e-08	 27236	 iter
1546	 1.796134e-08	 27254	 iter
1547	 1.792697e-08	 27271	 iter
1548	 1.789556e-08	 27288	 iter
1549	 1.787865e-08	 27306	 iter
1550	 1.782887e-08	 27324	 iter
1551	 1.779705e-08	 27341	 iter
1552	 1.776298e-08	 27358	 iter
1553	 1.774089e-08	 27376	 iter
1554	 1.773365e-08	 27393	 iter
1555	 1.766977e-08	 27412	 iter
1556	 1.762949e-08	 27429	 iter
1557	 1.760109e-08	 27446	 iter
1558	 1.758433e-08	 27464	 iter
1559	 1.758052e-08	 27481	 iter
1560	 1.750775e-08	 27500	 iter
1561	 1.746201e-08	 27517	 iter
1562	 1.743578e-08	 27534	 iter
1563	 1.741953e-08	 27552	 iter
1564	 1.741324e-08	 27569	 iter
1565	 1.733890e-08	 27588	 iter
1566	 1.729203e-08	 27605	 iter
1567	 1.726476e-08	 27622	 iter
1568	 1.724520e-08	 27640	 iter
1569	 1.723296e-08	 27657	 iter
1570	 1.722600e-08	 27675	 iter
1571	 1.722093e-08	 27692	 iter
1572	 1.721346e-08	 27710	 iter
1573	 1.719994e-08	 27727	 iter
1574	 1.717805e-08	 27745	 iter
1575	 1.714747e-08	 27762	 iter
1576	 1.710899e-08	 27780	 iter
1577	 1.706424e-08	 27797	 iter
1578	 1.701472e-08	 27815	 iter
1579	 1.696191e-08	 27832	 iter
1580	 1.690679e-08	 27850	 iter
1581	 1.685024e-08	 27867	 iter
1582	 1.679271e-08	 27885	 iter
1583	 1.673469e-08	 27902	 iter
1584	 1.667634e-08	 27920	 iter
1585	 1.661793e-08	 27937	 iter
1586	 1.655950e-08	 27955	 iter
1587	 1.650123e-08	 27972	 iter
1588	 1.644309e-08	 27990	 iter
1589	 1.638522e-08	 28007	 iter
1590	 1.632756e-08	 28025	 iter
1591	 1.627023e-08	 28042	 iter
1592	 1.621317e-08	 28060	 iter
1593	 1.615648e-08	 28077	 iter
1594	 1.610010e-08	 28095	 iter
1595	 1.604413e-08	 28112	 iter
1596	 1.598851e-08	 28130	 iter
1597	 1.593333e-08	 28147	 iter
1598	 1.587853e-08	 28165	 iter
1599	 1.582420e-08	 28182	 iter
1600	 1.577029e-08	 28200	 iter
1601	 1.571689e-08	 28217	 iter
1602	 1.566395e-08	 28235	 iter
1603	 1.561155e-08	 28252	 iter
1604	 1.555965e-08	 28270	 iter
1605	 1.550832e-08	 28287	 iter
1606	 1.545753e-08	 28305	 iter
1607	 1.540735e-08	 28322	 iter
1608	 1.535774e-08	 28340	 iter
1609	 1.530877e-08	 28357	 iter
1610	 1.526039e-08	 28375	 iter
1611	 1.521267e-08	 28392	 iter
1612	 1.516556e-08	 28410	 iter
1613	 1.511912e-08	 28427	 iter
1614	 1.507329e-08	 28445	 iter
1615	 1.502811e-08	 28462	 iter
1616	 1.498355e-08	 28480	 iter
1617	 1.493961e-08	 28497	 iter
1618	 1.489625e-08	 28515	 iter
1619	 1.485348e-08	 28532	 iter
1620	 1.481125e-08	 28550	 iter
1621	 1.476955e-08	 28567	 iter
1622	 1.472834e-08	 28585	 iter
1623	 1.468760e-08	 28602	 iter
1624	 1.464730e-08	 28620	 iter
1625	 1.460741e-08	 28637	 iter
1626	 1.456790e-08	 28655	 iter
1627	 1.452874e-08	 28672	 iter
1628	 1.448991e-08	 28690	 iter
1629	 1.445139e-08	 28707	 iter
1630	 1.441282e-08	 28724	 iter
1631	 1.421541e-08	 28743	 iter
1632	 1.410900e-08	 28760	 iter
1633	 1.403576e-08	 28778	 iter
1634	 1.397848e-08	 28795	 iter
1635	 1.393002e-08	 28813	 iter
1636	 1.388679e-08	 28830	 iter
1637	 1.384683e-08	 28848	 iter
1638	 1.380895e-08	 28865	 iter
1639	 1.377244e-08	 28883	 iter
1640	 1.373684e-08	 28900	 iter
1641	 1.370188e-08	 28918	 iter
1642	 1.366738e-08	 28935	 iter
1643	 1.349595e-08	 28952	 iter
1644	 1.337719e-08	 28971	 iter
1645	 1.330839e-08	 28988	 iter
1646	 1.325919e-08	 29006	 iter
1647	 1.321899e-08	 29023	 iter
1648	 1.318319e-08	 29041	 iter
1649	 1.314965e-08	 29058	 iter
1650	 1.311729e-08	 29076	 iter
1651	 1.308560e-08	 29093	 iter
1652	 1.288873e-08	 29110	 iter
1653	 1.279408e-08	 29129	 iter
1654	 1.274064e-08	 29146	 iter
1655	 1.270182e-08	 29164	 iter
1656	 1.266878e-08	 29181	 iter
1657	 1.263816e-08	 29199	 iter
1658	 1.260859e-08	 29216	 iter
1659	 1.241737e-08	 29233	 iter
1660	 1.232897e-08	 29252	 iter
1661	 1.228267e-08	 29269	 iter
1662	 1.224912e-08	 29287	 iter
1663	 1.221985e-08	 29304	 iter
1664	 1.217405e-08	 29321	 iter
1665	 1.198201e-08	 29340	 iter
1666	 1.191918e-08	 29357	 iter
1667	 1.188346e-08	 29375	 iter
1668	 1.185508e-08	 29392	 iter
1669	 1.182162e-08	 29409	 iter
1670	 1.162500e-08	 29428	 iter
1671	 1.156844e-08	 29445	 iter
1672	 1.153682e-08	 29463	 iter
1673	 1.151098e-08	 29480	 iter
1674	 1.137683e-08	 29497	 iter
1675	 1.127236e-08	 29516	 iter
1676	 1.123472e-08	 29533	 iter
1677	 1.120899e-08	 29551	 iter
1678	 1.118569e-08	 29568	 iter
1679	 1.098928e-08	 29585	 iter
1680	 1.094688e-08	 29604	 iter
1681	 1.092181e-08	 29621	 iter
1682	 1.082358e-08	 29638	 iter
1683	 1.070448e-08	 29657	 iter
1684	 1.067161e-08	 29674	 iter
1685	 1.064933e-08	 29692	 iter
1686	 1.062860e-08	 29709	 iter
1687	 1.043484e-08	 29726	 iter
1688	 1.040988e-08	 29745	 iter
1689	 1.038969e-08	 29762	 iter
1690	 1.021094e-08	 29779	 iter
1691	 1.018118e-08	 29798	 iter
1692	 1.016140e-08	 29815	 iter
1693	 9.994985e-09	 29832	 iter
1694	 9.962088e-09	 29851	 iter
1695	 9.942989e-09	 29868	 iter
1696	 9.782143e-09	 29885	 iter
1697	 9.751809e-09	 29904	 iter
1698	 9.733794e-09	 29921	 iter
1699	 9.574003e-09	 29938	 iter
1700	 9.550096e-09	 29957	 iter
1701	 9.533253e-09	 29974	 iter
1702	 9.375223e-09	 29991	 iter
1703	 9.356756e-09	 30010	 iter
1704	 9.340859e-09	 30027	 iter
1705	 9.187097e-09	 30044	 iter
1706	 9.104910e-09	 30062	 iter
1707	 9.024436e-09	 30080	 iter
1708	 9.008221e-09	 30097	 iter
1709	 8.869236e-09	 30114	 iter
1710	 8.850578e-09	 30133	 iter
1711	 8.836379e-09	 30150	 iter
1712	 8.698426e-09	 30167	 iter
1713	 8.583910e-09	 30185	 iter
1714	 8.551466e-09	 30203	 iter
1715	 8.538107e-09	 30220	 iter
1716	 8.409328e-09	 30237	 iter
1717	 8.303089e-09	 30255	 iter
1718	 8.271839e-09	 30273	 iter
1719	 8.259450e-09	 30290	 iter
1720	 8.138780e-09	 30307	 iter
1721	 7.397248e-09	 30324	 iter
1722	 7.126550e-09	 30344	 iter
1723	 7.114424e-09	 30361	 iter
1724	 7.026196e-09	 30378	 iter
1725	 7.021142e-09	 30396	 iter
1726	 6.930420e-09	 30414	 iter
1727	 6.920689e-09	 30431	 iter
1728	 6.836967e-09	 30448	 iter
1729	 6.801707e-09	 30466	 iter
1730	 6.747237e-09	 30484	 iter
1731	 6.737467e-09	 30501	 iter
1732	 6.661988e-09	 30518	 iter
1733	 6.650177e-09	 30537	 iter
1734	 6.641347e-09	 30554	 iter
1735	 6.567620e-09	 30571	 iter
1736	 6.545195e-09	 30589	 iter
1737	 6.496675e-09	 30607	 iter
1738	 6.477220e-09	 30624	 iter
1739	 6.459039e-09	 30641	 iter
1740	 6.409573e-09	 30660	 iter
1741	 6.389463e-09	 30677	 iter
1742	 6.376928e-09	 30694	 iter
1743	 6.325199e-09	 30713	 iter
1744	 6.304241e-09	 30730	 iter
1745	 6.297924e-09	 30747	 iter
1746	 6.243462e-09	 30766	 iter
1747	 6.221477e-09	 30783	 iter
1748	 6.209774e-09	 30801	 iter
1749	 6.201347e-09	 30818	 iter
1750	 6.140454e-09	 30835	 iter
1751	 6.128473e-09	 30854	 iter
1752	 6.120047e-09	 30871	 iter
1753	 6.061709e-09	 30888	 iter
1754	 6.049364e-09	 30907	 iter
1755	 6.040900e-09	 30924	 iter
1756	 5.985170e-09	 30941	 iter
1757	 5.972370e-09	 30960	 iter
1758	 5.963828e-09	 30977	 iter
1759	 5.910776e-09	 30994	 iter
1760	 5.897423e-09	 31013	 iter
1761	 5.888757e-09	 31030	 iter
1762	 5.838464e-09	 31047	 iter
1763	 5.824455e-09	 31066	 iter
1764	 5.815617e-09	 31083	 iter
1765	 5.768181e-09	 31100	 iter
1766	 5.753405e-09	 31119	 iter
1767	 5.744343e-09	 31136	 iter
1768	 5.699870e-09	 31153	 iter
1769	 5.684213e-09	 31172	 iter
1770	 5.674873e-09	 31189	 iter
1771	 5.633478e-09	 31206	 iter
1772	 5.616825e-09	 31225	 iter
1773	 5.607150e-09	 31242	 iter
1774	 5.568948e-09	 31259	 iter
1775	 5.551182e-09	 31278	 iter
1776	 5.541114e-09	 31295	 iter
1777	 5.506221e-09	 31312	 iter
1778	 5.487233e-09	 31331	 iter
1779	 5.476716e-09	 31348	 iter
1780	 5.445232e-09	 31365	 iter
1781	 5.424920e-09	 31384	 iter
1782	 5.413897e-09	 31401	 iter
1783	 5.385912e-09	 31418	 iter
1784	 5.364189e-09	 31437	 iter
1785	 5.352611e-09	 31454	 iter
1786	 5.328180e-09	 31471	 iter
1787	 5.304978e-09	 31490	 iter
1788	 5.292801e-09	 31507	 iter
1789	 5.271948e-09	 31524	 iter
1790	 5.247229e-09	 31543	 iter
1791	 5.234420e-09	 31560	 iter
1792	 5.217117e-09	 31577	 iter
1793	 5.190871e-09	 31596	 iter
1794	 5.177410e-09	 31613	 iter
1795	 5.163579e-09	 31630	 iter
1796	 5.135839e-09	 31649	 iter
1797	 5.121723e-09	 31666	 iter
1798	 5.111222e-09	 31683	 iter
1799	 5.082054e-09	 31702	 iter
1800	 5.067297e-09	 31719	 iter
1801	 5.059922e-09	 31736	 iter
1802	 5.029448e-09	 31755	 iter
1803	 5.014082e-09	 31772	 iter
1804	 5.009564e-09	 31789	 iter
1805	 4.977935e-09	 31808	 iter
1806	 4.962015e-09	 31825	 iter
1807	 4.960026e-09	 31842	 iter
1808	 4.927448e-09	 31861	 iter
1809	 4.911047e-09	 31878	 iter
1810	 4.901557e-09	 31896	 iter
1811	 4.895037e-09	 31913	 iter
1812	 4.860825e-09	 31930	 iter
1813	 4.851128e-09	 31949	 iter
1814	 4.844544e-09	 31966	 iter
1815	 4.811614e-09	 31983	 iter
1816	 4.801739e-09	 32002	 iter
1817	 4.795098e-09	 32019	 iter
1818	 4.763363e-09	 32036	 iter
1819	 4.753344e-09	 32055	 iter
1820	 4.746661e-09	 32072	 iter
1821	 4.716027e-09	 32089	 iter
1822	 4.705910e-09	 32108	 iter
1823	 4.699200e-09	 32125	 iter
1824	 4.669559e-09	 32142	 iter
1825	 4.659393e-09	 32161	 iter
1826	 4.652678e-09	 32178	 iter
1827	 4.623920e-09	 32195	 iter
1828	 4.613763e-09	 32214	 iter
1829	 4.607064e-09	 32231	 iter
1830	 4.579071e-09	 32248	 iter
1831	 4.568980e-09	 32267	 iter
1832	 4.562325e-09	 32284	 iter
1833	 4.534981e-09	 32301	 iter
1834	 4.525018e-09	 32320	 iter
1835	 4.518434e-09	 32337	 iter
1836	 4.491618e-09	 32354	 iter
1837	 4.481844e-09	 32373	 iter
1838	 4.475359e-09	 32390	 iter
1839	 4.448962e-09	 32407	 iter
1840	 4.439435e-09	 32426	 iter
1841	 4.433078e-09	 32443	 iter
1842	 4.406992e-09	 32460	 iter
1843	 4.397766e-09	 32479	 iter
1844	 4.391563e-09	 32496	 iter
1845	 4.365697e-09	 32513	 iter
1846	 4.364139e-09	 32531	 iter
1847	 4.339058e-09	 32549	 iter
1848	 4.325220e-09	 32566	 iter
1849	 4.321209e-09	 32583	 iter
1850	 4.298263e-09	 32602	 iter
1851	 4.285409e-09	 32619	 iter
1852	 4.278989e-09	 32636	 iter
1853	 4.258129e-09	 32655	 iter
1854	 4.246252e-09	 32672	 iter
1855	 4.237516e-09	 32689	 iter
1856	 4.218671e-09	 32708	 iter
1857	 4.207751e-09	 32725	 iter
1858	 4.196818e-09	 32742	 iter
1859	 4.179891e-09	 32761	 iter
1860	 4.169896e-09	 32778	 iter
1861	 4.156920e-09	 32795	 iter
1862	 4.141799e-09	 32814	 iter
1863	 4.132687e-09	 32831	 iter
1864	 4.117833e-09	 32848	 iter
1865	 4.104394e-09	 32867	 iter
1866	 4.096115e-09	 32884	 iter
1867	 4.079572e-09	 32901	 iter
1868	 4.067681e-09	 32920	 iter
1869	 4.060177e-09	 32937	 iter
1870	 4.042136e-09	 32954	 iter
1871	 4.031652e-09	 32973	 iter
1872	 4.024864e-09	 32990	 iter
1873	 4.005524e-09	 33007	 iter
1874	 4.004530e-09	 33025	 iter
1875	 3.982522e-09	 33043	 iter
1876	 3.969766e-09	 33060	 iter
1877	 3.963727e-09	 33077	 iter
1878	 3.945652e-09	 33096	 iter
1879	 3.934899e-09	 33113	 iter
1880	 3.924813e-09	 33130	 iter
1881	 3.909945e-09	 33149	 iter
1882	 3.900845e-09	 33166	 iter
1883	 3.887540e-09	 33183	 iter
1884	 3.875291e-09	 33202	 iter
1885	 3.867555e-09	 33219	 iter
1886	 3.851708e-09	 33236	 iter
1887	 3.841591e-09	 33255	 iter
1888	 3.834978e-09	 33272	 iter
1889	 3.817162e-09	 33289	 iter
1890	 3.812047e-09	 33307	 iter
1891	 3.794441e-09	 33325	 iter
1892	 3.783802e-09	 33342	 iter
1893	 3.773758e-09	 33359	 iter
1894	 3.760108e-09	 33378	 iter
1895	 3.751573e-09	 33395	 iter
1896	 3.737907e-09	 33412	 iter
1897	 3.727230e-09	 33431	 iter
1898	 3.720295e-09	 33448	 iter
1899	 3.704001e-09	 33465	 iter
1900	 3.698289e-09	 33483	 iter
1901	 3.681814e-09	 33501	 iter
1902	 3.671688e-09	 33518	 iter
1903	 3.660840e-09	 33535	 iter
1904	 3.648624e-09	 33554	 iter
1905	 3.640818e-09	 33571	 iter
1906	 3.626417e-09	 33588	 iter
1907	 3.621959e-09	 33606	 iter
1908	 3.604780e-09	 33624	 iter
1909	 3.594195e-09	 33641	 iter
1910	 3.583950e-09	 33658	 iter
1911	 3.571741e-09	 33677	 iter
1912	 3.563905e-09	 33694	 iter
1913	 3.549845e-09	 33711	 iter
1914	 3.543782e-09	 33729	 iter
1915	 3.528177e-09	 33747	 iter
1916	 3.518407e-09	 33764	 iter
1917	 3.506979e-09	 33781	 iter
1918	 3.504120e-09	 33799	 iter
1919	 3.485550e-09	 33817	 iter
1920	 3.474098e-09	 33834	 iter
1921	 3.464655e-09	 33851	 iter
1922	 3.452336e-09	 33870	 iter
1923	 3.444420e-09	 33887	 iter
1924	 3.430926e-09	 33904	 iter
1925	 3.425054e-09	 33922	 iter
1926	 3.409869e-09	 33940	 iter
1927	 3.400749e-09	 33957	 iter
1928	 3.390539e-09	 33974	 iter
1929	 3.379727e-09	 33993	 iter
1930	 3.373153e-09	 34010	 iter
1931	 3.360546e-09	 34027	 iter
1932	 3.352257e-09	 34046	 iter
1933	 3.347192e-09	 34063	 iter
1934	 3.333419e-09	 34080	 iter
1935	 3.326539e-09	 34099	 iter
1936	 3.322356e-09	 34116	 iter
1937	 3.308195e-09	 34133	 iter
1938	 3.302031e-09	 34152	 iter
1939	 3.298343e-09	 34169	 iter
1940	 3.284305e-09	 34186	 iter
1941	 3.278411e-09	 34205	 iter
1942	 3.274969e-09	 34222	 iter
1943	 3.261385e-09	 34239	 iter
1944	 3.255468e-09	 34258	 iter
1945	 3.252113e-09	 34275	 iter
1946	 3.239230e-09	 34292	 iter
1947	 3.233080e-09	 34311	 iter
1948	 3.229703e-09	 34328	 iter
1949	 3.217695e-09	 34345	 iter
1950	 3.211162e-09	 34364	 iter
1951	 3.207686e-09	 34381	 iter
1952	 3.196716e-09	 34398	 iter
1953	 3.189671e-09	 34417	 iter
1954	 3.186035e-09	 34434	 iter
1955	 3.176236e-09	 34451	 iter
1956	 3.168570e-09	 34470	 iter
1957	 3.164726e-09	 34487	 iter
1958	 3.156251e-09	 34504	 iter
1959	 3.147852e-09	 34523	 iter
1960	 3.143751e-09	 34540	 iter
1961	 3.136735e-09	 34557	 iter
1962	 3.127498e-09	 34576	 iter
1963	 3.123096e-09	 34593	 iter
1964	 3.117708e-09	 34610	 iter
1965	 3.107514e-09	 34629	 iter
1966	 3.102762e-09	 34646	 iter
1967	 3.099154e-09	 34663	 iter
1968	 3.087889e-09	 34682	 iter
1969	 3.082739e-09	 34699	 iter
1970	 3.081100e-09	 34716	 iter
1971	 3.068633e-09	 34735	 iter
1972	 3.063031e-09	 34752	 iter
1973	 3.059928e-09	 34770	 iter
1974	 3.057741e-09	 34787	 iter
1974	 3.057741e-09	 34787	 done
