0	 9.362636e-33	 1	 init
0	 9.362636e-33	 1	 iter
1	 9.362636e-33	 17	 iter
2	 9.362636e-33	 19	 iter
3	 9.362636e-33	 21	 iter
4	 9.362636e-33	 23	 iter
5	 9.362636e-33	 25	 iter
6	 9.362636e-33	 27	 iter
7	 9.362636e-33	 28	 iter
8	 9.362636e-33	 30	 iter
9	 9.362636e-33	 32	 iter
10	 9.362636e-33	 34	 iter
11	 9.362636e-33	 36	 iter
12	 9.362636e-33	 38	 iter
13	 9.362636e-33	 40	 iter
14	 9.362636e-33	 42	 iter
15	 9.362636e-33	 44	 iter
16	 9.362636e-33	 46	 iter
17	 9.362636e-33	 48	 iter
18	 9.362636e-33	 49	 iter
19	 9.362636e-33	 51	 iter
20	 9.362636e-33	 53	 iter
21	 9.362636e-33	 55	 iter
22	 9.362636e-33	 57	 iter
23	 9.362636e-33	 59	 iter
24	 9.362636e-33	 61	 iter
25	 9.362636e-33	 63	 iter
26	 9.362636e-33	 65	 iter
27	 9.362636e-33	 67	 iter
28	 9.362636e-33	 69	 iter
29	 9.362636e-33	 71	 iter
30	 9.362636e-33	 73	 iter
31	 9.362636e-33	 75	 iter
32	 9.362636e-33	 77	 iter
33	 9.362636e-33	 79	 iter
34	 9.362636e-33	 81	 iter
35	 9.362636e-33	 83	 iter
36	 9.362636e-33	 85	 iter
37	 9.362636e-33	 86	 iter
38	 9.362636e-33	 88	 iter
39	 9.362636e-33	 90	 iter
40	 9.362636e-33	 92	 iter
41	 9.362636e-33	 93	 iter
42	 9.362636e-33	 94	 iter
43	 9.362636e-33	 96	 iter
44	 9.362636e-33	 97	 iter
45	 9.362636e-33	 99	 iter
46	 9.362636e-33	 100	 iter
47	 9.362636e-33	 102	 iter
48	 9.362636e-33	 104	 iter
49	 9.362636e-33	 106	 iter
50	 9.362636e-33	 108	 iter
51	 9.362636e-33	 109	 iter
52	 9.362636e-33	 111	 iter
53	 9.362636e-33	 113	 iter
54	 9.362636e-33	 115	 iter
55	 9.362636e-33	 116	 iter
56	 9.362636e-33	 118	 iter
57	 9.362636e-33	 120	 iter
58	 9.362636e-33	 121	 iter
59	 9.362636e-33	 123	 iter
60	 9.362636e-33	 124	 iter
61	 9.362636e-33	 125	 iter
62	 9.362636e-33	 126	 iter
63	 9.362636e-33	 128	 iter
64	 9.362636e-33	 130	 iter
65	 9.362636e-33	 131	 iter
66	 9.362636e-33	 132	 iter
67	 9.362636e-33	 133	 iter
68	 9.362636e-33	 135	 iter
69	 9.362636e-33	 136	 iter
70	 9.362636e-33	 138	 iter
71	 9.362636e-33	 139	 iter
72	 9.362636e-33	 141	 iter
73	 9.362636e-33	 143	 iter
74	 9.362636e-33	 145	 iter
75	 9.362636e-33	 146	 iter
76	 9.362636e-33	 148	 iter
77	 9.362636e-33	 149	 iter
78	 9.362636e-33	 151	 iter
79	 9.362636e-33	 153	 iter
80	 9.362636e-33	 155	 iter
81	 9.362636e-33	 156	 iter
82	 9.362636e-33	 157	 iter
83	 9.362636e-33	 159	 iter
84	 9.362636e-33	 161	 iter
85	 9.362636e-33	 162	 iter
86	 9.362636e-33	 163	 iter
87	 9.362636e-33	 165	 iter
88	 9.362636e-33	 166	 iter
89	 9.362636e-33	 167	 iter
90	 9.362636e-33	 168	 iter
91	 9.362636e-33	 169	 iter
92	 9.362636e-33	 170	 iter
93	 9.362636e-33	 172	 iter
94	 9.362636e-33	 173	 iter
95	 9.362636e-33	 175	 iter
96	 9.362636e-33	 176	 iter
97	 9.362636e-33	 178	 iter
98	 9.362636e-33	 180	 iter
99	 9.362636e-33	 181	 iter
100	 9.362636e-33	 183	 iter
101	 9.362636e-33	 185	 iter
102	 9.362636e-33	 186	 iter
103	 9.362636e-33	 188	 iter
104	 9.362636e-33	 190	 iter
105	 9.362636e-33	 192	 iter
106	 9.362636e-33	 194	 iter
107	 9.362636e-33	 195	 iter
108	 9.362636e-33	 197	 iter
109	 9.362636e-33	 199	 iter
110	 9.362636e-33	 200	 iter
111	 9.362636e-33	 202	 iter
112	 9.362636e-33	 203	 iter
113	 9.362636e-33	 204	 iter
114	 9.362636e-33	 205	 iter
115	 9.362636e-33	 207	 iter
116	 9.362636e-33	 209	 iter
117	 9.362636e-33	 210	 iter
118	 9.362636e-33	 212	 iter
119	 9.362636e-33	 213	 iter
120	 9.362636e-33	 214	 iter
121	 9.362636e-33	 215	 iter
122	 9.362636e-33	 217	 iter
123	 9.362636e-33	 218	 iter
124	 9.362636e-33	 219	 iter
125	 9.362636e-33	 220	 iter
126	 9.362636e-33	 221	 iter
127	 9.362636e-33	 222	 iter
128	 9.362636e-33	 224	 iter
129	 9.362636e-33	 225	 iter
130	 9.362636e-33	 227	 iter
131	 9.362636e-33	 229	 iter
132	 9.362636e-33	 231	 iter
133	 9.362636e-33	 233	 iter
134	 9.362636e-33	 234	 iter
135	 9.362636e-33	 235	 iter
136	 9.362636e-33	 237	 iter
137	 9.362636e-33	 239	 iter
138	 9.362636e-33	 241	 iter
139	 9.362636e-33	 243	 iter
140	 9.362636e-33	 245	 iter
141	 9.362636e-33	 247	 iter
142	 9.362636e-33	 249	 iter
143	 9.362636e-33	 251	 iter
144	 9.362636e-33	 252	 iter
145	 9.362636e-33	 254	 iter
146	 9.362636e-33	 255	 iter
147	 9.362636e-33	 257	 iter
148	 9.362636e-33	 259	 iter
149	 9.362636e-33	 261	 iter
150	 9.362636e-33	 262	 iter
151	 9.362636e-33	 264	 iter
152	 9.362636e-33	 265	 iter
153	 9.362636e-33	 267	 iter
154	 9.362636e-33	 268	 iter
155	 9.362636e-33	 270	 iter
156	 9.362636e-33	 271	 iter
157	 9.362636e-33	 273	 iter
158	 9.362636e-33	 275	 iter
159	 9.362636e-33	 277	 iter
160	 9.362636e-33	 279	 iter
161	 9.362636e-33	 280	 iter
162	 9.362636e-33	 282	 iter
163	 9.362636e-33	 284	 iter
164	 9.362636e-33	 285	 iter
165	 9.362636e-33	 286	 iter
166	 9.362636e-33	 288	 iter
167	 9.362636e-33	 290	 iter
168	 9.362636e-33	 292	 iter
169	 9.362636e-33	 294	 iter
170	 9.362636e-33	 296	 iter
171	 9.362636e-33	 297	 iter
172	 9.362636e-33	 299	 iter
173	 9.362636e-33	 300	 iter
174	 9.362636e-33	 301	 iter
175	 9.362636e-33	 303	 iter
176	 9.362636e-33	 304	 iter
176	 9.362636e-33	 304	 done
