0	 1.876706e-04	 1	 init
0	 1.876706e-04	 1	 iter
1	 1.846417e-04	 17	 iter
2	 1.846417e-04	 18	 iter
3	 1.846417e-04	 20	 iter
4	 1.846417e-04	 22	 iter
5	 1.704407e-04	 24	 iter
6	 1.704407e-04	 26	 iter
7	 1.704407e-04	 28	 iter
8	 1.704407e-04	 29	 iter
9	 1.704407e-04	 30	 iter
10	 1.607337e-04	 32	 iter
11	 1.607337e-04	 33	 iter
12	 1.607337e-04	 34	 iter
13	 1.607337e-04	 35	 iter
14	 1.607337e-04	 36	 iter
15	 1.607337e-04	 37	 iter
16	 1.607337e-04	 38	 iter
17	 1.607337e-04	 39	 iter
18	 1.607337e-04	 40	 iter
19	 1.607337e-04	 41	 iter
20	 1.607337e-04	 42	 iter
21	 1.607337e-04	 44	 iter
22	 1.607337e-04	 45	 iter
23	 1.552332e-04	 47	 iter
24	 1.552332e-04	 48	 iter
25	 1.552332e-04	 49	 iter
26	 1.447555e-04	 51	 iter
27	 1.447555e-04	 52	 iter
28	 1.447555e-04	 53	 iter
29	 1.447555e-04	 54	 iter
30	 1.447555e-04	 55	 iter
31	 1.447555e-04	 56	 iter
32	 1.447555e-04	 57	 iter
33	 1.447555e-04	 58	 iter
34	 1.447555e-04	 59	 iter
35	 1.344806e-04	 61	 iter
36	 1.344806e-04	 62	 iter
37	 1.344806e-04	 63	 iter
38	 1.344806e-04	 64	 iter
39	 1.232493e-04	 66	 iter
40	 1.232493e-04	 67	 iter
41	 1.232493e-04	 68	 iter
42	 1.232493e-04	 69	 iter
43	 1.232493e-04	 70	 iter
44	 1.117412e-04	 72	 iter
45	 1.117412e-04	 73	 iter
46	 1.117412e-04	 74	 iter
47	 1.117412e-04	 75	 iter
48	 1.117412e-04	 76	 iter
49	 1.117412e-04	 77	 iter
50	 1.117412e-04	 78	 iter
51	 1.117412e-04	 79	 iter
52	 1.117412e-04	 80	 iter
53	 1.070049e-04	 82	 iter
54	 1.070049e-04	 84	 iter
55	 1.070049e-04	 85	 iter
56	 1.070049e-04	 86	 iter
57	 1.035528e-04	 88	 iter
58	 1.035528e-04	 89	 iter
59	 1.035528e-04	 90	 iter
60	 1.035528e-04	 91	 iter
61	 1.005740e-04	 93	 iter
62	 9.898697e-05	 95	 iter
63	 9.898697e-05	 96	 iter
64	 9.898697e-05	 97	 iter
65	 9.616053e-05	 99	 iter
66	 9.616053e-05	 100	 iter
67	 9.616053e-05	 101	 iter
68	 9.616053e-05	 102	 iter
69	 9.616053e-05	 104	 iter
70	 9.490168e-05	 106	 iter
71	 9.490168e-05	 107	 iter
72	 9.172470e-05	 109	 iter
73	 9.172470e-05	 110	 iter
74	 9.172470e-05	 111	 iter
75	 9.172470e-05	 112	 iter
76	 9.172470e-05	 114	 iter
77	 9.172470e-05	 116	 iter
78	 9.021281e-05	 118	 iter
79	 9.021281e-05	 119	 iter
80	 9.021281e-05	 121	 iter
81	 9.021281e-05	 122	 iter
82	 8.028188e-05	 124	 iter
83	 8.028188e-05	 125	 iter
84	 8.028188e-05	 126	 iter
85	 8.028188e-05	 128	 iter
86	 8.028188e-05	 129	 iter
87	 8.028188e-05	 130	 iter
88	 8.028188e-05	 131	 iter
89	 8.028188e-05	 132	 iter
90	 8.028188e-05	 133	 iter
91	 8.028188e-05	 134	 iter
92	 8.028188e-05	 135	 iter
93	 8.028188e-05	 136	 iter
94	 8.028188e-05	 137	 iter
95	 8.028188e-05	 138	 iter
96	 8.028188e-05	 139	 iter
97	 8.028188e-05	 141	 iter
98	 8.028188e-05	 142	 iter
99	 7.532445e-05	 144	 iter
100	 7.532445e-05	 145	 iter
101	 7.532445e-05	 146	 iter
102	 7.532445e-05	 147	 iter
103	 7.532445e-05	 148	 iter
104	 7.532445e-05	 149	 iter
105	 7.532445e-05	 150	 iter
106	 7.532445e-05	 151	 iter
107	 7.532445e-05	 152	 iter
108	 7.344538e-05	 154	 iter
109	 7.237678e-05	 156	 iter
110	 7.237678e-05	 157	 iter
111	 7.237678e-05	 158	 iter
112	 7.137418e-05	 160	 iter
113	 7.137418e-05	 161	 iter
114	 7.137418e-05	 162	 iter
115	 7.137418e-05	 163	 iter
116	 7.137418e-05	 164	 iter
117	 7.009976e-05	 166	 iter
118	 7.009976e-05	 167	 iter
119	 7.009976e-05	 168	 iter
120	 7.009976e-05	 169	 iter
121	 7.009976e-05	 170	 iter
122	 6.999807e-05	 172	 iter
123	 6.999807e-05	 174	 iter
124	 6.764833e-05	 176	 iter
125	 6.764833e-05	 178	 iter
126	 6.764833e-05	 179	 iter
127	 6.764833e-05	 180	 iter
128	 6.764833e-05	 181	 iter
129	 6.355455e-05	 183	 iter
130	 6.355455e-05	 184	 iter
131	 6.355455e-05	 185	 iter
132	 6.355455e-05	 186	 iter
133	 6.355455e-05	 188	 iter
134	 6.355455e-05	 190	 iter
135	 6.355455e-05	 191	 iter
136	 6.355455e-05	 193	 iter
137	 6.355455e-05	 194	 iter
138	 6.040783e-05	 196	 iter
139	 6.040783e-05	 197	 iter
140	 6.040783e-05	 198	 iter
141	 6.040783e-05	 199	 iter
142	 6.040783e-05	 200	 iter
143	 6.040783e-05	 201	 iter
144	 6.040783e-05	 202	 iter
145	 6.040783e-05	 203	 iter
146	 6.040783e-05	 204	 iter
147	 6.040783e-05	 205	 iter
148	 6.040783e-05	 206	 iter
149	 5.677809e-05	 208	 iter
150	 5.677809e-05	 209	 iter
151	 5.677809e-05	 210	 iter
152	 5.131467e-05	 212	 iter
153	 5.131467e-05	 213	 iter
154	 5.131467e-05	 214	 iter
155	 5.131467e-05	 215	 iter
156	 5.131467e-05	 216	 iter
157	 5.131467e-05	 217	 iter
158	 5.131467e-05	 218	 iter
159	 5.131467e-05	 219	 iter
160	 5.131467e-05	 220	 iter
161	 5.131467e-05	 221	 iter
162	 5.066409e-05	 223	 iter
163	 5.066409e-05	 224	 iter
164	 3.971237e-05	 226	 iter
165	 3.971237e-05	 227	 iter
166	 3.971237e-05	 228	 iter
167	 3.971237e-05	 229	 iter
168	 3.971237e-05	 230	 iter
169	 3.971237e-05	 231	 iter
170	 3.971237e-05	 232	 iter
171	 3.971237e-05	 233	 iter
172	 3.971237e-05	 234	 iter
173	 3.971237e-05	 235	 iter
174	 3.971237e-05	 236	 iter
175	 3.971237e-05	 237	 iter
176	 3.551247e-05	 239	 iter
177	 3.551247e-05	 240	 iter
178	 3.551247e-05	 241	 iter
179	 3.551247e-05	 242	 iter
180	 3.551247e-05	 243	 iter
181	 3.551247e-05	 244	 iter
182	 3.551247e-05	 246	 iter
183	 3.551247e-05	 247	 iter
184	 3.551247e-05	 248	 iter
185	 3.551247e-05	 249	 iter
186	 3.551247e-05	 250	 iter
187	 3.551247e-05	 251	 iter
188	 3.551247e-05	 252	 iter
189	 3.551247e-05	 253	 iter
190	 3.366377e-05	 255	 iter
191	 3.366377e-05	 256	 iter
192	 3.366377e-05	 258	 iter
193	 3.355551e-05	 260	 iter
194	 3.355551e-05	 261	 iter
195	 3.355551e-05	 262	 iter
196	 3.355551e-05	 264	 iter
197	 3.355551e-05	 265	 iter
198	 3.293636e-05	 267	 iter
199	 3.293636e-05	 269	 iter
200	 3.293636e-05	 271	 iter
201	 3.293636e-05	 272	 iter
202	 3.293636e-05	 273	 iter
203	 3.293636e-05	 274	 iter
204	 3.293636e-05	 276	 iter
205	 3.293636e-05	 277	 iter
206	 3.293636e-05	 278	 iter
207	 3.293636e-05	 279	 iter
208	 3.293636e-05	 281	 iter
209	 3.293636e-05	 282	 iter
210	 3.293636e-05	 283	 iter
211	 3.293636e-05	 284	 iter
212	 3.293636e-05	 285	 iter
213	 3.293636e-05	 286	 iter
214	 3.291296e-05	 288	 iter
215	 3.291296e-05	 290	 iter
216	 3.291296e-05	 291	 iter
217	 3.287717e-05	 293	 iter
218	 3.287717e-05	 295	 iter
219	 3.243547e-05	 297	 iter
220	 3.243547e-05	 298	 iter
221	 3.243547e-05	 299	 iter
222	 3.243547e-05	 301	 iter
223	 3.243547e-05	 302	 iter
224	 3.243547e-05	 304	 iter
225	 3.243547e-05	 305	 iter
226	 3.243547e-05	 307	 iter
227	 3.243547e-05	 309	 iter
228	 3.207276e-05	 311	 iter
229	 3.097953e-05	 313	 iter
230	 3.097953e-05	 315	 iter
231	 3.097953e-05	 317	 iter
232	 3.097953e-05	 318	 iter
233	 3.097953e-05	 319	 iter
234	 3.097953e-05	 320	 iter
235	 3.087415e-05	 322	 iter
236	 3.087415e-05	 324	 iter
237	 3.087415e-05	 325	 iter
238	 3.087415e-05	 326	 iter
239	 3.087415e-05	 327	 iter
240	 3.042258e-05	 329	 iter
241	 3.040237e-05	 331	 iter
242	 3.040237e-05	 332	 iter
243	 2.996037e-05	 334	 iter
244	 2.996037e-05	 335	 iter
245	 2.960845e-05	 337	 iter
246	 2.960845e-05	 338	 iter
247	 2.960845e-05	 339	 iter
248	 2.960845e-05	 340	 iter
249	 2.960845e-05	 341	 iter
250	 2.951656e-05	 343	 iter
251	 2.951656e-05	 345	 iter
252	 2.951656e-05	 346	 iter
253	 2.951656e-05	 347	 iter
254	 2.951656e-05	 348	 iter
255	 2.951656e-05	 349	 iter
256	 2.951656e-05	 350	 iter
257	 2.899124e-05	 352	 iter
258	 2.899124e-05	 354	 iter
259	 2.838357e-05	 356	 iter
260	 2.838357e-05	 357	 iter
261	 2.838357e-05	 358	 iter
262	 2.838357e-05	 359	 iter
263	 2.838357e-05	 360	 iter
264	 2.838357e-05	 361	 iter
265	 2.838357e-05	 363	 iter
266	 2.838357e-05	 364	 iter
267	 2.838357e-05	 365	 iter
268	 2.838357e-05	 366	 iter
269	 2.838357e-05	 367	 iter
270	 2.838357e-05	 368	 iter
271	 2.838357e-05	 369	 iter
272	 2.838357e-05	 371	 iter
273	 2.838357e-05	 373	 iter
274	 2.838357e-05	 374	 iter
275	 2.833526e-05	 376	 iter
276	 2.777962e-05	 378	 iter
277	 2.777962e-05	 379	 iter
278	 2.777962e-05	 380	 iter
279	 2.777962e-05	 381	 iter
280	 2.777962e-05	 383	 iter
281	 2.767001e-05	 385	 iter
282	 2.767001e-05	 386	 iter
283	 2.767001e-05	 387	 iter
284	 2.767001e-05	 388	 iter
285	 2.767001e-05	 389	 iter
286	 2.720104e-05	 391	 iter
287	 2.720104e-05	 392	 iter
288	 2.720104e-05	 393	 iter
289	 2.720104e-05	 394	 iter
290	 2.711918e-05	 396	 iter
291	 2.711918e-05	 397	 iter
292	 2.711918e-05	 398	 iter
293	 2.711918e-05	 399	 iter
294	 2.711918e-05	 401	 iter
295	 2.711918e-05	 403	 iter
296	 2.711918e-05	 404	 iter
297	 2.711918e-05	 405	 iter
298	 2.632977e-05	 407	 iter
299	 2.632977e-05	 408	 iter
300	 2.632977e-05	 410	 iter
301	 2.632977e-05	 411	 iter
302	 2.632977e-05	 412	 iter
303	 2.632977e-05	 413	 iter
304	 2.632977e-05	 415	 iter
305	 2.632977e-05	 416	 iter
306	 2.632977e-05	 417	 iter
307	 2.632977e-05	 418	 iter
308	 2.632977e-05	 419	 iter
309	 2.632977e-05	 420	 iter
310	 2.632977e-05	 421	 iter
311	 2.632977e-05	 422	 iter
312	 2.632977e-05	 423	 iter
313	 2.595737e-05	 425	 iter
314	 2.595737e-05	 426	 iter
315	 2.595737e-05	 427	 iter
316	 2.595737e-05	 428	 iter
317	 2.595737e-05	 429	 iter
318	 2.580818e-05	 431	 iter
319	 2.580818e-05	 433	 iter
320	 2.580818e-05	 434	 iter
321	 2.580818e-05	 435	 iter
322	 2.580818e-05	 436	 iter
323	 2.575959e-05	 438	 iter
324	 2.575959e-05	 439	 iter
325	 2.575959e-05	 440	 iter
326	 2.575959e-05	 441	 iter
327	 2.575959e-05	 442	 iter
328	 2.575959e-05	 443	 iter
329	 2.575959e-05	 444	 iter
330	 2.575959e-05	 446	 iter
331	 2.575959e-05	 448	 iter
332	 2.575959e-05	 450	 iter
333	 2.575959e-05	 452	 iter
334	 2.575959e-05	 453	 iter
335	 2.549354e-05	 455	 iter
336	 2.533545e-05	 457	 iter
337	 2.533545e-05	 458	 iter
338	 2.520577e-05	 460	 iter
339	 2.520577e-05	 461	 iter
340	 2.520577e-05	 463	 iter
341	 2.520577e-05	 464	 iter
342	 2.520577e-05	 466	 iter
343	 2.520577e-05	 467	 iter
344	 2.520577e-05	 468	 iter
345	 2.520577e-05	 469	 iter
346	 2.479517e-05	 471	 iter
347	 2.479517e-05	 472	 iter
348	 2.479517e-05	 473	 iter
349	 2.479517e-05	 474	 iter
350	 2.479517e-05	 475	 iter
351	 2.479517e-05	 476	 iter
352	 2.479517e-05	 477	 iter
353	 2.479517e-05	 478	 iter
354	 2.479517e-05	 479	 iter
355	 2.479517e-05	 480	 iter
356	 2.468199e-05	 482	 iter
357	 2.468199e-05	 484	 iter
358	 2.468199e-05	 485	 iter
359	 2.456439e-05	 487	 iter
360	 2.456439e-05	 488	 iter
361	 2.456439e-05	 489	 iter
362	 2.456439e-05	 490	 iter
363	 2.456439e-05	 491	 iter
364	 2.456439e-05	 492	 iter
365	 2.456439e-05	 493	 iter
366	 2.456439e-05	 494	 iter
367	 2.456439e-05	 495	 iter
368	 2.456439e-05	 496	 iter
369	 2.456439e-05	 498	 iter
370	 2.456439e-05	 499	 iter
371	 2.421970e-05	 501	 iter
372	 2.421970e-05	 503	 iter
373	 2.421970e-05	 505	 iter
374	 2.421970e-05	 507	 iter
375	 2.421970e-05	 508	 iter
376	 2.421970e-05	 509	 iter
377	 2.421970e-05	 511	 iter
378	 2.421970e-05	 512	 iter
379	 2.421970e-05	 514	 iter
380	 2.421970e-05	 515	 iter
381	 2.421970e-05	 516	 iter
382	 2.421970e-05	 517	 iter
383	 2.421970e-05	 518	 iter
384	 2.421970e-05	 519	 iter
385	 2.421970e-05	 520	 iter
386	 2.415309e-05	 522	 iter
387	 2.415309e-05	 523	 iter
388	 2.415309e-05	 524	 iter
389	 2.413963e-05	 526	 iter
390	 2.413963e-05	 527	 iter
391	 2.413963e-05	 528	 iter
392	 2.413963e-05	 529	 iter
393	 2.389160e-05	 531	 iter
394	 2.389160e-05	 532	 iter
395	 2.389160e-05	 534	 iter
396	 2.389160e-05	 535	 iter
397	 2.389160e-05	 536	 iter
398	 2.389160e-05	 537	 iter
399	 2.389160e-05	 539	 iter
400	 2.389160e-05	 541	 iter
401	 2.389160e-05	 542	 iter
402	 2.389160e-05	 543	 iter
403	 2.389160e-05	 545	 iter
404	 2.389160e-05	 546	 iter
405	 2.389160e-05	 547	 iter
406	 2.389160e-05	 548	 iter
407	 2.389160e-05	 550	 iter
408	 2.389160e-05	 552	 iter
409	 2.389160e-05	 553	 iter
410	 2.389160e-05	 554	 iter
411	 2.389160e-05	 555	 iter
412	 2.389160e-05	 557	 iter
413	 2.389160e-05	 559	 iter
414	 2.389160e-05	 560	 iter
415	 2.387308e-05	 562	 iter
416	 2.387308e-05	 564	 iter
417	 2.387308e-05	 566	 iter
418	 2.383584e-05	 568	 iter
419	 2.383584e-05	 569	 iter
420	 2.383584e-05	 570	 iter
421	 2.383584e-05	 571	 iter
422	 2.377927e-05	 573	 iter
423	 2.377927e-05	 574	 iter
424	 2.377927e-05	 575	 iter
425	 2.377927e-05	 577	 iter
426	 2.377927e-05	 578	 iter
427	 2.377927e-05	 580	 iter
428	 2.377927e-05	 581	 iter
429	 2.361947e-05	 583	 iter
430	 2.361947e-05	 584	 iter
431	 2.361947e-05	 585	 iter
432	 2.361947e-05	 586	 iter
433	 2.361947e-05	 588	 iter
434	 2.361947e-05	 589	 iter
435	 2.361947e-05	 590	 iter
436	 2.361947e-05	 591	 iter
437	 2.361947e-05	 592	 iter
438	 2.361947e-05	 593	 iter
439	 2.361947e-05	 594	 iter
440	 2.361947e-05	 595	 iter
441	 2.361947e-05	 596	 iter
442	 2.347793e-05	 598	 iter
443	 2.347793e-05	 599	 iter
444	 2.347793e-05	 600	 iter
445	 2.347793e-05	 601	 iter
446	 2.347793e-05	 602	 iter
447	 2.347793e-05	 603	 iter
448	 2.347793e-05	 604	 iter
449	 2.347793e-05	 605	 iter
450	 2.347793e-05	 606	 iter
451	 2.347793e-05	 607	 iter
452	 2.347793e-05	 608	 iter
453	 2.347793e-05	 609	 iter
454	 2.347780e-05	 611	 iter
455	 2.330152e-05	 613	 iter
456	 2.330152e-05	 614	 iter
457	 2.330152e-05	 615	 iter
458	 2.330152e-05	 616	 iter
459	 2.330152e-05	 617	 iter
460	 2.330152e-05	 618	 iter
461	 2.330152e-05	 619	 iter
462	 2.330152e-05	 620	 iter
463	 2.330152e-05	 621	 iter
464	 2.330152e-05	 622	 iter
465	 2.330152e-05	 624	 iter
466	 2.330152e-05	 625	 iter
467	 2.327832e-05	 627	 iter
468	 2.314627e-05	 629	 iter
469	 2.314627e-05	 630	 iter
470	 2.314627e-05	 631	 iter
471	 2.314627e-05	 632	 iter
472	 2.314627e-05	 633	 iter
473	 2.299205e-05	 635	 iter
474	 2.299205e-05	 636	 iter
475	 2.299205e-05	 637	 iter
476	 2.299205e-05	 638	 iter
477	 2.299205e-05	 639	 iter
478	 2.299205e-05	 641	 iter
479	 2.299205e-05	 642	 iter
480	 2.299205e-05	 643	 iter
481	 2.299205e-05	 644	 iter
482	 2.299205e-05	 645	 iter
483	 2.298473e-05	 647	 iter
484	 2.298473e-05	 648	 iter
485	 2.298473e-05	 649	 iter
486	 2.293045e-05	 651	 iter
487	 2.293045e-05	 652	 iter
488	 2.293045e-05	 653	 iter
489	 2.293045e-05	 654	 iter
490	 2.293045e-05	 655	 iter
491	 2.292119e-05	 657	 iter
492	 2.292119e-05	 658	 iter
493	 2.286704e-05	 660	 iter
494	 2.286704e-05	 662	 iter
495	 2.286704e-05	 663	 iter
496	 2.285053e-05	 665	 iter
497	 2.285053e-05	 666	 iter
498	 2.275741e-05	 668	 iter
499	 2.275741e-05	 670	 iter
500	 2.275741e-05	 671	 iter
501	 2.275741e-05	 672	 iter
502	 2.275741e-05	 673	 iter
503	 2.275741e-05	 674	 iter
504	 2.275741e-05	 675	 iter
505	 2.275741e-05	 676	 iter
506	 2.275741e-05	 678	 iter
507	 2.273460e-05	 680	 iter
508	 2.273460e-05	 681	 iter
509	 2.273460e-05	 682	 iter
510	 2.273460e-05	 683	 iter
511	 2.273460e-05	 684	 iter
512	 2.273460e-05	 685	 iter
513	 2.273460e-05	 687	 iter
514	 2.273460e-05	 688	 iter
515	 2.273460e-05	 690	 iter
516	 2.266949e-05	 692	 iter
517	 2.266949e-05	 693	 iter
518	 2.266949e-05	 694	 iter
519	 2.266949e-05	 695	 iter
520	 2.266949e-05	 696	 iter
521	 2.266949e-05	 698	 iter
522	 2.266949e-05	 699	 iter
523	 2.266214e-05	 701	 iter
524	 2.266214e-05	 702	 iter
525	 2.266214e-05	 703	 iter
526	 2.266214e-05	 704	 iter
527	 2.266214e-05	 705	 iter
528	 2.266214e-05	 706	 iter
529	 2.266214e-05	 707	 iter
530	 2.266214e-05	 708	 iter
531	 2.258119e-05	 710	 iter
532	 2.258119e-05	 711	 iter
533	 2.258119e-05	 712	 iter
534	 2.258119e-05	 713	 iter
535	 2.258119e-05	 715	 iter
536	 2.258119e-05	 717	 iter
537	 2.258119e-05	 718	 iter
538	 2.258119e-05	 719	 iter
539	 2.258119e-05	 720	 iter
540	 2.258119e-05	 722	 iter
541	 2.258119e-05	 723	 iter
542	 2.258119e-05	 724	 iter
543	 2.258119e-05	 725	 iter
544	 2.258119e-05	 726	 iter
545	 2.258119e-05	 727	 iter
546	 2.258119e-05	 729	 iter
547	 2.258119e-05	 730	 iter
548	 2.258119e-05	 731	 iter
549	 2.258119e-05	 732	 iter
550	 2.258119e-05	 734	 iter
551	 2.257255e-05	 736	 iter
552	 2.251420e-05	 738	 iter
553	 2.251420e-05	 739	 iter
554	 2.251420e-05	 740	 iter
555	 2.251420e-05	 741	 iter
556	 2.251420e-05	 742	 iter
557	 2.251420e-05	 743	 iter
558	 2.251420e-05	 744	 iter
559	 2.251420e-05	 745	 iter
560	 2.251420e-05	 746	 iter
561	 2.247718e-05	 748	 iter
562	 2.247718e-05	 749	 iter
563	 2.247718e-05	 750	 iter
564	 2.246795e-05	 752	 iter
565	 2.246795e-05	 753	 iter
566	 2.246795e-05	 754	 iter
567	 2.246795e-05	 755	 iter
568	 2.246795e-05	 756	 iter
569	 2.246795e-05	 757	 iter
570	 2.245812e-05	 759	 iter
571	 2.245259e-05	 761	 iter
572	 2.233841e-05	 763	 iter
573	 2.224352e-05	 765	 iter
574	 2.224352e-05	 766	 iter
575	 2.224352e-05	 767	 iter
576	 2.224352e-05	 768	 iter
577	 2.224352e-05	 769	 iter
578	 2.224352e-05	 770	 iter
579	 2.224352e-05	 771	 iter
580	 2.224352e-05	 772	 iter
581	 2.224352e-05	 773	 iter
582	 2.224352e-05	 774	 iter
583	 2.224352e-05	 775	 iter
584	 2.224352e-05	 776	 iter
585	 2.224352e-05	 777	 iter
586	 2.224352e-05	 778	 iter
587	 2.218701e-05	 780	 iter
588	 2.203007e-05	 782	 iter
589	 2.203007e-05	 783	 iter
590	 2.203007e-05	 784	 iter
591	 2.203007e-05	 785	 iter
592	 2.203007e-05	 786	 iter
593	 2.203007e-05	 787	 iter
594	 2.203007e-05	 788	 iter
595	 2.203007e-05	 789	 iter
596	 2.203007e-05	 790	 iter
597	 2.188021e-05	 792	 iter
598	 2.188021e-05	 793	 iter
599	 2.188021e-05	 794	 iter
600	 2.188021e-05	 795	 iter
601	 2.188021e-05	 796	 iter
602	 2.170511e-05	 798	 iter
603	 2.170511e-05	 799	 iter
604	 2.170511e-05	 800	 iter
605	 2.170511e-05	 801	 iter
606	 2.170511e-05	 802	 iter
607	 2.170511e-05	 803	 iter
608	 2.170511e-05	 804	 iter
609	 2.170511e-05	 805	 iter
610	 2.148486e-05	 807	 iter
611	 2.148486e-05	 808	 iter
612	 2.148486e-05	 809	 iter
613	 2.148486e-05	 810	 iter
614	 2.148486e-05	 811	 iter
615	 2.148486e-05	 812	 iter
616	 2.148486e-05	 813	 iter
617	 2.148486e-05	 814	 iter
618	 2.148486e-05	 815	 iter
619	 2.148486e-05	 816	 iter
620	 2.148014e-05	 818	 iter
621	 2.134153e-05	 820	 iter
622	 2.134153e-05	 821	 iter
623	 2.111233e-05	 823	 iter
624	 2.111233e-05	 824	 iter
625	 2.111233e-05	 825	 iter
626	 2.111233e-05	 826	 iter
627	 2.084396e-05	 828	 iter
628	 2.084396e-05	 829	 iter
629	 2.084396e-05	 830	 iter
630	 2.084396e-05	 831	 iter
631	 2.084396e-05	 832	 iter
632	 2.084396e-05	 833	 iter
633	 2.084396e-05	 834	 iter
634	 2.084396e-05	 835	 iter
635	 2.068982e-05	 837	 iter
636	 2.044742e-05	 839	 iter
637	 2.044742e-05	 840	 iter
638	 2.044742e-05	 841	 iter
639	 2.044742e-05	 842	 iter
640	 2.044742e-05	 843	 iter
641	 2.044742e-05	 844	 iter
642	 2.043371e-05	 846	 iter
643	 2.005389e-05	 848	 iter
644	 2.005389e-05	 849	 iter
645	 2.005389e-05	 850	 iter
646	 2.005389e-05	 851	 iter
647	 2.005389e-05	 852	 iter
648	 1.962458e-05	 854	 iter
649	 1.962458e-05	 855	 iter
650	 1.962458e-05	 856	 iter
651	 1.962458e-05	 857	 iter
652	 1.962458e-05	 858	 iter
653	 1.925013e-05	 860	 iter
654	 1.925013e-05	 861	 iter
655	 1.925013e-05	 862	 iter
656	 1.925013e-05	 863	 iter
657	 1.925013e-05	 864	 iter
658	 1.925013e-05	 865	 iter
659	 1.925013e-05	 866	 iter
660	 1.925013e-05	 867	 iter
661	 1.925013e-05	 868	 iter
662	 1.925013e-05	 869	 iter
663	 1.925013e-05	 871	 iter
664	 1.925013e-05	 872	 iter
665	 1.925013e-05	 873	 iter
666	 1.919684e-05	 875	 iter
667	 1.872049e-05	 877	 iter
668	 1.872049e-05	 878	 iter
669	 1.872049e-05	 879	 iter
670	 1.872049e-05	 880	 iter
671	 1.872049e-05	 881	 iter
672	 1.872049e-05	 882	 iter
673	 1.850121e-05	 884	 iter
674	 1.850121e-05	 885	 iter
675	 1.850121e-05	 886	 iter
676	 1.850121e-05	 887	 iter
677	 1.850121e-05	 888	 iter
678	 1.850121e-05	 889	 iter
679	 1.840352e-05	 891	 iter
680	 1.830059e-05	 893	 iter
681	 1.830059e-05	 894	 iter
682	 1.827535e-05	 896	 iter
683	 1.822132e-05	 898	 iter
684	 1.822132e-05	 899	 iter
685	 1.815580e-05	 901	 iter
686	 1.815580e-05	 902	 iter
687	 1.815580e-05	 903	 iter
688	 1.815580e-05	 904	 iter
689	 1.815580e-05	 905	 iter
690	 1.815580e-05	 906	 iter
691	 1.804244e-05	 908	 iter
692	 1.804244e-05	 909	 iter
693	 1.804244e-05	 910	 iter
694	 1.804244e-05	 911	 iter
695	 1.804244e-05	 912	 iter
696	 1.794425e-05	 914	 iter
697	 1.794425e-05	 915	 iter
698	 1.794425e-05	 916	 iter
699	 1.794425e-05	 918	 iter
700	 1.794425e-05	 919	 iter
701	 1.794425e-05	 920	 iter
702	 1.794425e-05	 921	 iter
703	 1.788335e-05	 923	 iter
704	 1.788335e-05	 924	 iter
705	 1.788335e-05	 925	 iter
706	 1.788335e-05	 927	 iter
707	 1.788335e-05	 929	 iter
708	 1.788335e-05	 931	 iter
709	 1.788335e-05	 932	 iter
710	 1.788335e-05	 933	 iter
711	 1.779992e-05	 935	 iter
712	 1.779992e-05	 936	 iter
713	 1.779992e-05	 937	 iter
714	 1.779023e-05	 939	 iter
715	 1.779023e-05	 940	 iter
716	 1.779023e-05	 941	 iter
717	 1.779023e-05	 942	 iter
718	 1.777467e-05	 944	 iter
719	 1.777467e-05	 945	 iter
720	 1.772228e-05	 947	 iter
721	 1.772228e-05	 949	 iter
722	 1.772228e-05	 951	 iter
723	 1.772228e-05	 952	 iter
724	 1.772228e-05	 953	 iter
725	 1.772228e-05	 954	 iter
726	 1.772228e-05	 955	 iter
727	 1.772228e-05	 956	 iter
728	 1.772228e-05	 957	 iter
729	 1.772228e-05	 958	 iter
730	 1.772228e-05	 960	 iter
731	 1.772228e-05	 962	 iter
732	 1.772228e-05	 963	 iter
733	 1.772228e-05	 965	 iter
734	 1.772228e-05	 966	 iter
735	 1.772228e-05	 968	 iter
736	 1.772228e-05	 969	 iter
737	 1.772228e-05	 971	 iter
738	 1.772228e-05	 973	 iter
739	 1.772228e-05	 974	 iter
740	 1.772202e-05	 976	 iter
741	 1.772202e-05	 977	 iter
742	 1.771503e-05	 979	 iter
743	 1.771503e-05	 981	 iter
744	 1.771503e-05	 983	 iter
745	 1.771503e-05	 984	 iter
746	 1.771503e-05	 986	 iter
747	 1.769398e-05	 988	 iter
748	 1.769398e-05	 990	 iter
749	 1.769398e-05	 991	 iter
750	 1.769398e-05	 992	 iter
751	 1.769398e-05	 994	 iter
752	 1.769398e-05	 995	 iter
753	 1.769398e-05	 996	 iter
754	 1.769398e-05	 997	 iter
755	 1.769398e-05	 998	 iter
756	 1.769398e-05	 1000	 iter
757	 1.769398e-05	 1002	 iter
758	 1.769398e-05	 1004	 iter
759	 1.769398e-05	 1006	 iter
760	 1.769398e-05	 1008	 iter
761	 1.769398e-05	 1010	 iter
762	 1.769011e-05	 1012	 iter
763	 1.769011e-05	 1013	 iter
764	 1.769011e-05	 1014	 iter
765	 1.769011e-05	 1016	 iter
766	 1.767648e-05	 1018	 iter
767	 1.767648e-05	 1020	 iter
768	 1.767648e-05	 1021	 iter
769	 1.767648e-05	 1023	 iter
770	 1.767648e-05	 1024	 iter
771	 1.767648e-05	 1025	 iter
772	 1.767648e-05	 1026	 iter
773	 1.767648e-05	 1028	 iter
774	 1.767648e-05	 1030	 iter
775	 1.767648e-05	 1032	 iter
776	 1.767648e-05	 1033	 iter
777	 1.767648e-05	 1034	 iter
778	 1.767648e-05	 1035	 iter
779	 1.767648e-05	 1036	 iter
780	 1.766037e-05	 1038	 iter
781	 1.766037e-05	 1040	 iter
782	 1.766037e-05	 1041	 iter
783	 1.766037e-05	 1042	 iter
784	 1.766037e-05	 1044	 iter
785	 1.766037e-05	 1045	 iter
786	 1.766037e-05	 1046	 iter
787	 1.766037e-05	 1047	 iter
788	 1.766037e-05	 1049	 iter
789	 1.766037e-05	 1050	 iter
790	 1.766037e-05	 1052	 iter
791	 1.766037e-05	 1053	 iter
792	 1.766037e-05	 1054	 iter
793	 1.766037e-05	 1055	 iter
794	 1.766037e-05	 1056	 iter
795	 1.766037e-05	 1057	 iter
796	 1.766037e-05	 1059	 iter
797	 1.766037e-05	 1061	 iter
798	 1.766037e-05	 1063	 iter
799	 1.766037e-05	 1064	 iter
800	 1.766037e-05	 1065	 iter
801	 1.766037e-05	 1066	 iter
802	 1.766037e-05	 1068	 iter
803	 1.766037e-05	 1069	 iter
804	 1.766037e-05	 1070	 iter
805	 1.766037e-05	 1071	 iter
806	 1.766037e-05	 1072	 iter
807	 1.766037e-05	 1073	 iter
808	 1.766037e-05	 1074	 iter
809	 1.766037e-05	 1076	 iter
810	 1.766037e-05	 1078	 iter
811	 1.766037e-05	 1080	 iter
812	 1.766037e-05	 1082	 iter
813	 1.765353e-05	 1084	 iter
814	 1.765353e-05	 1085	 iter
815	 1.765353e-05	 1086	 iter
816	 1.765353e-05	 1088	 iter
817	 1.765353e-05	 1089	 iter
818	 1.765353e-05	 1090	 iter
819	 1.765338e-05	 1092	 iter
820	 1.765338e-05	 1093	 iter
821	 1.765338e-05	 1094	 iter
822	 1.765312e-05	 1096	 iter
823	 1.765312e-05	 1097	 iter
824	 1.765312e-05	 1098	 iter
825	 1.765168e-05	 1100	 iter
826	 1.765168e-05	 1101	 iter
827	 1.765168e-05	 1102	 iter
828	 1.765086e-05	 1104	 iter
829	 1.765086e-05	 1105	 iter
830	 1.765086e-05	 1106	 iter
831	 1.765086e-05	 1107	 iter
832	 1.764117e-05	 1109	 iter
833	 1.764117e-05	 1110	 iter
834	 1.764117e-05	 1111	 iter
835	 1.764117e-05	 1112	 iter
836	 1.764117e-05	 1113	 iter
837	 1.764117e-05	 1114	 iter
838	 1.764117e-05	 1115	 iter
839	 1.764117e-05	 1116	 iter
840	 1.764117e-05	 1117	 iter
841	 1.764117e-05	 1118	 iter
842	 1.764117e-05	 1119	 iter
843	 1.764117e-05	 1120	 iter
844	 1.763537e-05	 1122	 iter
845	 1.763537e-05	 1123	 iter
846	 1.762996e-05	 1125	 iter
847	 1.762996e-05	 1126	 iter
848	 1.762996e-05	 1127	 iter
849	 1.762996e-05	 1128	 iter
850	 1.762996e-05	 1129	 iter
851	 1.762996e-05	 1130	 iter
852	 1.761444e-05	 1132	 iter
853	 1.761444e-05	 1133	 iter
854	 1.761444e-05	 1134	 iter
855	 1.761444e-05	 1135	 iter
856	 1.761444e-05	 1136	 iter
857	 1.761444e-05	 1137	 iter
858	 1.761444e-05	 1138	 iter
859	 1.760911e-05	 1140	 iter
860	 1.760911e-05	 1141	 iter
861	 1.760911e-05	 1142	 iter
862	 1.759901e-05	 1144	 iter
863	 1.759901e-05	 1145	 iter
864	 1.759901e-05	 1146	 iter
865	 1.759901e-05	 1147	 iter
866	 1.759901e-05	 1148	 iter
867	 1.759359e-05	 1150	 iter
868	 1.758488e-05	 1152	 iter
869	 1.758488e-05	 1153	 iter
870	 1.758488e-05	 1154	 iter
871	 1.758488e-05	 1155	 iter
872	 1.757894e-05	 1157	 iter
873	 1.756994e-05	 1159	 iter
874	 1.756716e-05	 1161	 iter
875	 1.756168e-05	 1163	 iter
876	 1.754615e-05	 1165	 iter
877	 1.752022e-05	 1167	 iter
878	 1.752022e-05	 1168	 iter
879	 1.752022e-05	 1169	 iter
880	 1.752022e-05	 1170	 iter
881	 1.752022e-05	 1171	 iter
882	 1.752022e-05	 1172	 iter
883	 1.752022e-05	 1173	 iter
884	 1.748986e-05	 1175	 iter
885	 1.748986e-05	 1176	 iter
886	 1.748986e-05	 1177	 iter
887	 1.745530e-05	 1179	 iter
888	 1.745530e-05	 1180	 iter
889	 1.745530e-05	 1181	 iter
890	 1.745530e-05	 1182	 iter
891	 1.745530e-05	 1183	 iter
892	 1.745530e-05	 1184	 iter
893	 1.745530e-05	 1185	 iter
894	 1.745530e-05	 1186	 iter
895	 1.745530e-05	 1187	 iter
896	 1.745197e-05	 1189	 iter
897	 1.745197e-05	 1190	 iter
898	 1.745140e-05	 1192	 iter
899	 1.745140e-05	 1193	 iter
900	 1.743985e-05	 1195	 iter
901	 1.743609e-05	 1197	 iter
902	 1.743609e-05	 1198	 iter
903	 1.743168e-05	 1200	 iter
904	 1.743168e-05	 1201	 iter
905	 1.743168e-05	 1202	 iter
906	 1.743168e-05	 1203	 iter
907	 1.742393e-05	 1205	 iter
908	 1.742393e-05	 1207	 iter
909	 1.742393e-05	 1209	 iter
910	 1.742393e-05	 1210	 iter
911	 1.742393e-05	 1212	 iter
912	 1.742393e-05	 1213	 iter
913	 1.742393e-05	 1214	 iter
914	 1.742393e-05	 1216	 iter
915	 1.742279e-05	 1218	 iter
916	 1.741731e-05	 1220	 iter
917	 1.741731e-05	 1221	 iter
918	 1.741731e-05	 1222	 iter
919	 1.741731e-05	 1223	 iter
920	 1.741731e-05	 1224	 iter
921	 1.741731e-05	 1226	 iter
922	 1.741731e-05	 1227	 iter
923	 1.741731e-05	 1228	 iter
924	 1.741731e-05	 1230	 iter
925	 1.741731e-05	 1232	 iter
926	 1.741731e-05	 1233	 iter
927	 1.741731e-05	 1234	 iter
928	 1.741731e-05	 1235	 iter
929	 1.741731e-05	 1236	 iter
930	 1.741731e-05	 1237	 iter
931	 1.741731e-05	 1238	 iter
932	 1.741726e-05	 1240	 iter
933	 1.741726e-05	 1242	 iter
934	 1.741726e-05	 1243	 iter
935	 1.741726e-05	 1244	 iter
936	 1.741528e-05	 1246	 iter
937	 1.741528e-05	 1247	 iter
938	 1.741528e-05	 1249	 iter
939	 1.741262e-05	 1251	 iter
940	 1.741262e-05	 1252	 iter
941	 1.741262e-05	 1253	 iter
942	 1.741262e-05	 1254	 iter
943	 1.741262e-05	 1256	 iter
944	 1.741262e-05	 1258	 iter
945	 1.741262e-05	 1259	 iter
946	 1.741262e-05	 1261	 iter
947	 1.741262e-05	 1262	 iter
948	 1.740758e-05	 1264	 iter
949	 1.740758e-05	 1266	 iter
950	 1.740758e-05	 1267	 iter
951	 1.740758e-05	 1268	 iter
952	 1.740758e-05	 1270	 iter
953	 1.740758e-05	 1272	 iter
954	 1.740758e-05	 1273	 iter
955	 1.740758e-05	 1274	 iter
956	 1.740758e-05	 1276	 iter
957	 1.740758e-05	 1277	 iter
958	 1.740758e-05	 1279	 iter
959	 1.740758e-05	 1281	 iter
960	 1.740758e-05	 1282	 iter
961	 1.740758e-05	 1283	 iter
962	 1.740758e-05	 1285	 iter
963	 1.740674e-05	 1287	 iter
964	 1.740674e-05	 1288	 iter
965	 1.740674e-05	 1289	 iter
966	 1.740674e-05	 1290	 iter
967	 1.740674e-05	 1292	 iter
968	 1.740674e-05	 1293	 iter
969	 1.740674e-05	 1294	 iter
970	 1.740674e-05	 1295	 iter
971	 1.740674e-05	 1297	 iter
972	 1.740674e-05	 1298	 iter
973	 1.740674e-05	 1299	 iter
974	 1.740674e-05	 1300	 iter
975	 1.740674e-05	 1301	 iter
976	 1.740674e-05	 1302	 iter
977	 1.740568e-05	 1304	 iter
978	 1.740568e-05	 1305	 iter
979	 1.740568e-05	 1306	 iter
980	 1.740568e-05	 1307	 iter
981	 1.740568e-05	 1308	 iter
982	 1.740568e-05	 1310	 iter
983	 1.740568e-05	 1312	 iter
984	 1.740568e-05	 1314	 iter
985	 1.740568e-05	 1315	 iter
986	 1.740568e-05	 1316	 iter
987	 1.740568e-05	 1317	 iter
988	 1.740568e-05	 1319	 iter
989	 1.740558e-05	 1321	 iter
990	 1.740558e-05	 1323	 iter
991	 1.740558e-05	 1325	 iter
992	 1.740528e-05	 1327	 iter
993	 1.740528e-05	 1329	 iter
994	 1.740528e-05	 1330	 iter
995	 1.740528e-05	 1332	 iter
996	 1.740528e-05	 1333	 iter
997	 1.740528e-05	 1334	 iter
998	 1.740528e-05	 1336	 iter
999	 1.740432e-05	 1338	 iter
1000	 1.740432e-05	 1339	 iter
1001	 1.740388e-05	 1341	 iter
1002	 1.740388e-05	 1343	 iter
1003	 1.740388e-05	 1345	 iter
1004	 1.740388e-05	 1347	 iter
1005	 1.740388e-05	 1348	 iter
1006	 1.740388e-05	 1349	 iter
1007	 1.740388e-05	 1350	 iter
1008	 1.740289e-05	 1352	 iter
1009	 1.740289e-05	 1353	 iter
1010	 1.740289e-05	 1354	 iter
1011	 1.740289e-05	 1355	 iter
1012	 1.740289e-05	 1356	 iter
1013	 1.740289e-05	 1357	 iter
1014	 1.740289e-05	 1358	 iter
1015	 1.740264e-05	 1360	 iter
1016	 1.740264e-05	 1361	 iter
1017	 1.740264e-05	 1362	 iter
1018	 1.740140e-05	 1364	 iter
1019	 1.740140e-05	 1365	 iter
1020	 1.740140e-05	 1366	 iter
1021	 1.740140e-05	 1367	 iter
1022	 1.740140e-05	 1368	 iter
1023	 1.740140e-05	 1369	 iter
1024	 1.740140e-05	 1370	 iter
1025	 1.740140e-05	 1371	 iter
1026	 1.740048e-05	 1373	 iter
1027	 1.740048e-05	 1374	 iter
1028	 1.740048e-05	 1375	 iter
1029	 1.740048e-05	 1376	 iter
1030	 1.739834e-05	 1378	 iter
1031	 1.739834e-05	 1379	 iter
1032	 1.739834e-05	 1380	 iter
1033	 1.739834e-05	 1381	 iter
1034	 1.739834e-05	 1382	 iter
1035	 1.739834e-05	 1384	 iter
1036	 1.739834e-05	 1385	 iter
1037	 1.739834e-05	 1386	 iter
1038	 1.739536e-05	 1388	 iter
1039	 1.739536e-05	 1389	 iter
1040	 1.739536e-05	 1390	 iter
1041	 1.739536e-05	 1391	 iter
1042	 1.739536e-05	 1392	 iter
1043	 1.739536e-05	 1393	 iter
1044	 1.739536e-05	 1394	 iter
1045	 1.739536e-05	 1395	 iter
1046	 1.739536e-05	 1396	 iter
1047	 1.739536e-05	 1397	 iter
1048	 1.739536e-05	 1398	 iter
1049	 1.739536e-05	 1399	 iter
1050	 1.739536e-05	 1400	 iter
1051	 1.739333e-05	 1402	 iter
1052	 1.739333e-05	 1403	 iter
1053	 1.739333e-05	 1404	 iter
1054	 1.739333e-05	 1405	 iter
1055	 1.739333e-05	 1406	 iter
1056	 1.739333e-05	 1407	 iter
1057	 1.739333e-05	 1408	 iter
1058	 1.738868e-05	 1410	 iter
1059	 1.738868e-05	 1411	 iter
1060	 1.738868e-05	 1412	 iter
1061	 1.738868e-05	 1413	 iter
1062	 1.738868e-05	 1414	 iter
1063	 1.738868e-05	 1415	 iter
1064	 1.738868e-05	 1416	 iter
1065	 1.738868e-05	 1417	 iter
1066	 1.738868e-05	 1418	 iter
1067	 1.738509e-05	 1420	 iter
1068	 1.738509e-05	 1421	 iter
1069	 1.738509e-05	 1422	 iter
1070	 1.738509e-05	 1423	 iter
1071	 1.738509e-05	 1424	 iter
1072	 1.738509e-05	 1425	 iter
1073	 1.738509e-05	 1426	 iter
1074	 1.737961e-05	 1428	 iter
1075	 1.737961e-05	 1429	 iter
1076	 1.737961e-05	 1430	 iter
1077	 1.737961e-05	 1431	 iter
1078	 1.737961e-05	 1432	 iter
1079	 1.737961e-05	 1433	 iter
1080	 1.737961e-05	 1434	 iter
1081	 1.737961e-05	 1435	 iter
1082	 1.737961e-05	 1436	 iter
1083	 1.737961e-05	 1437	 iter
1084	 1.737644e-05	 1439	 iter
1085	 1.737644e-05	 1440	 iter
1086	 1.737644e-05	 1441	 iter
1087	 1.737644e-05	 1442	 iter
1088	 1.737644e-05	 1443	 iter
1089	 1.737040e-05	 1445	 iter
1090	 1.737040e-05	 1446	 iter
1091	 1.737040e-05	 1447	 iter
1092	 1.737040e-05	 1448	 iter
1093	 1.737040e-05	 1449	 iter
1094	 1.736294e-05	 1451	 iter
1095	 1.736294e-05	 1452	 iter
1096	 1.736294e-05	 1453	 iter
1097	 1.736294e-05	 1454	 iter
1098	 1.736294e-05	 1455	 iter
1099	 1.736294e-05	 1456	 iter
1100	 1.736294e-05	 1457	 iter
1101	 1.736294e-05	 1458	 iter
1102	 1.736294e-05	 1459	 iter
1103	 1.735999e-05	 1461	 iter
1104	 1.735290e-05	 1463	 iter
1105	 1.735290e-05	 1464	 iter
1106	 1.735290e-05	 1465	 iter
1107	 1.735290e-05	 1466	 iter
1108	 1.735290e-05	 1467	 iter
1109	 1.735290e-05	 1468	 iter
1110	 1.735290e-05	 1469	 iter
1111	 1.735290e-05	 1470	 iter
1112	 1.734899e-05	 1472	 iter
1113	 1.733726e-05	 1474	 iter
1114	 1.733726e-05	 1475	 iter
1115	 1.733726e-05	 1476	 iter
1116	 1.733726e-05	 1477	 iter
1117	 1.733726e-05	 1478	 iter
1118	 1.733726e-05	 1479	 iter
1119	 1.733726e-05	 1480	 iter
1120	 1.733726e-05	 1481	 iter
1121	 1.733040e-05	 1483	 iter
1122	 1.733040e-05	 1484	 iter
1123	 1.733040e-05	 1485	 iter
1124	 1.732534e-05	 1487	 iter
1125	 1.731507e-05	 1489	 iter
1126	 1.731507e-05	 1490	 iter
1127	 1.731507e-05	 1491	 iter
1128	 1.731507e-05	 1492	 iter
1129	 1.731507e-05	 1493	 iter
1130	 1.731507e-05	 1494	 iter
1131	 1.730024e-05	 1496	 iter
1132	 1.730024e-05	 1497	 iter
1133	 1.730024e-05	 1498	 iter
1134	 1.730024e-05	 1499	 iter
1135	 1.730024e-05	 1500	 iter
1136	 1.730024e-05	 1501	 iter
1137	 1.730024e-05	 1502	 iter
1138	 1.729096e-05	 1504	 iter
1139	 1.729096e-05	 1505	 iter
1140	 1.729096e-05	 1506	 iter
1141	 1.729096e-05	 1507	 iter
1142	 1.726716e-05	 1509	 iter
1143	 1.726716e-05	 1510	 iter
1144	 1.726716e-05	 1511	 iter
1145	 1.726716e-05	 1512	 iter
1146	 1.726716e-05	 1513	 iter
1147	 1.726716e-05	 1514	 iter
1148	 1.726716e-05	 1515	 iter
1149	 1.726716e-05	 1516	 iter
1150	 1.726716e-05	 1517	 iter
1151	 1.726716e-05	 1518	 iter
1152	 1.726716e-05	 1519	 iter
1153	 1.726716e-05	 1520	 iter
1154	 1.726716e-05	 1521	 iter
1155	 1.724568e-05	 1523	 iter
1156	 1.724568e-05	 1524	 iter
1157	 1.724568e-05	 1525	 iter
1158	 1.724568e-05	 1526	 iter
1159	 1.724568e-05	 1527	 iter
1160	 1.724568e-05	 1528	 iter
1161	 1.724568e-05	 1529	 iter
1162	 1.723151e-05	 1531	 iter
1163	 1.723151e-05	 1532	 iter
1164	 1.723151e-05	 1533	 iter
1165	 1.723151e-05	 1534	 iter
1166	 1.721943e-05	 1536	 iter
1167	 1.721943e-05	 1537	 iter
1168	 1.719822e-05	 1539	 iter
1169	 1.719822e-05	 1540	 iter
1170	 1.719822e-05	 1541	 iter
1171	 1.719822e-05	 1542	 iter
1172	 1.719822e-05	 1543	 iter
1173	 1.717390e-05	 1545	 iter
1174	 1.717390e-05	 1546	 iter
1175	 1.717390e-05	 1547	 iter
1176	 1.717390e-05	 1548	 iter
1177	 1.717390e-05	 1549	 iter
1178	 1.717390e-05	 1550	 iter
1179	 1.714953e-05	 1552	 iter
1180	 1.714953e-05	 1553	 iter
1181	 1.714953e-05	 1554	 iter
1182	 1.714953e-05	 1555	 iter
1183	 1.714953e-05	 1556	 iter
1184	 1.714953e-05	 1557	 iter
1185	 1.714953e-05	 1558	 iter
1186	 1.711778e-05	 1560	 iter
1187	 1.711778e-05	 1561	 iter
1188	 1.711778e-05	 1562	 iter
1189	 1.711778e-05	 1563	 iter
1190	 1.711778e-05	 1564	 iter
1191	 1.711107e-05	 1566	 iter
1192	 1.708608e-05	 1568	 iter
1193	 1.703828e-05	 1570	 iter
1194	 1.703828e-05	 1571	 iter
1195	 1.703828e-05	 1572	 iter
1196	 1.703828e-05	 1573	 iter
1197	 1.703828e-05	 1574	 iter
1198	 1.703828e-05	 1575	 iter
1199	 1.703828e-05	 1576	 iter
1200	 1.703828e-05	 1577	 iter
1201	 1.703828e-05	 1578	 iter
1202	 1.703828e-05	 1579	 iter
1203	 1.703828e-05	 1580	 iter
1204	 1.700992e-05	 1582	 iter
1205	 1.700992e-05	 1583	 iter
1206	 1.700992e-05	 1584	 iter
1207	 1.700992e-05	 1585	 iter
1208	 1.700992e-05	 1586	 iter
1209	 1.698401e-05	 1588	 iter
1210	 1.698401e-05	 1589	 iter
1211	 1.698401e-05	 1590	 iter
1212	 1.698401e-05	 1591	 iter
1213	 1.698401e-05	 1592	 iter
1214	 1.698401e-05	 1593	 iter
1215	 1.698401e-05	 1594	 iter
1216	 1.698401e-05	 1595	 iter
1217	 1.698401e-05	 1596	 iter
1218	 1.697927e-05	 1598	 iter
1219	 1.697927e-05	 1599	 iter
1220	 1.693592e-05	 1601	 iter
1221	 1.693592e-05	 1602	 iter
1222	 1.693592e-05	 1603	 iter
1223	 1.693592e-05	 1604	 iter
1224	 1.693592e-05	 1605	 iter
1225	 1.693592e-05	 1606	 iter
1226	 1.693592e-05	 1607	 iter
1227	 1.693592e-05	 1608	 iter
1228	 1.692565e-05	 1610	 iter
1229	 1.692565e-05	 1611	 iter
1230	 1.692565e-05	 1612	 iter
1231	 1.692055e-05	 1614	 iter
1232	 1.692055e-05	 1615	 iter
1233	 1.687820e-05	 1617	 iter
1234	 1.687820e-05	 1618	 iter
1235	 1.687820e-05	 1619	 iter
1236	 1.685931e-05	 1621	 iter
1237	 1.685931e-05	 1622	 iter
1238	 1.685931e-05	 1623	 iter
1239	 1.685931e-05	 1624	 iter
1240	 1.685931e-05	 1625	 iter
1241	 1.685931e-05	 1626	 iter
1242	 1.685931e-05	 1627	 iter
1243	 1.685931e-05	 1628	 iter
1244	 1.685414e-05	 1630	 iter
1245	 1.683784e-05	 1632	 iter
1246	 1.683784e-05	 1633	 iter
1247	 1.683784e-05	 1634	 iter
1248	 1.683784e-05	 1635	 iter
1249	 1.683784e-05	 1636	 iter
1250	 1.683784e-05	 1637	 iter
1251	 1.682546e-05	 1639	 iter
1252	 1.682546e-05	 1640	 iter
1253	 1.682546e-05	 1642	 iter
1254	 1.682546e-05	 1643	 iter
1255	 1.682546e-05	 1644	 iter
1256	 1.682546e-05	 1646	 iter
1257	 1.681922e-05	 1648	 iter
1258	 1.681922e-05	 1649	 iter
1259	 1.681579e-05	 1651	 iter
1260	 1.681579e-05	 1652	 iter
1261	 1.681579e-05	 1653	 iter
1262	 1.681316e-05	 1655	 iter
1263	 1.680614e-05	 1657	 iter
1264	 1.680614e-05	 1658	 iter
1265	 1.679008e-05	 1660	 iter
1266	 1.679008e-05	 1661	 iter
1267	 1.679008e-05	 1662	 iter
1268	 1.679008e-05	 1663	 iter
1269	 1.679008e-05	 1664	 iter
1270	 1.678133e-05	 1666	 iter
1271	 1.678133e-05	 1667	 iter
1272	 1.678133e-05	 1668	 iter
1273	 1.677574e-05	 1670	 iter
1274	 1.677574e-05	 1672	 iter
1275	 1.677574e-05	 1673	 iter
1276	 1.677574e-05	 1675	 iter
1277	 1.676411e-05	 1677	 iter
1278	 1.676411e-05	 1678	 iter
1279	 1.676411e-05	 1679	 iter
1280	 1.676321e-05	 1681	 iter
1281	 1.676321e-05	 1682	 iter
1282	 1.676321e-05	 1684	 iter
1283	 1.676321e-05	 1685	 iter
1284	 1.676321e-05	 1686	 iter
1285	 1.676321e-05	 1687	 iter
1286	 1.676321e-05	 1688	 iter
1287	 1.676321e-05	 1689	 iter
1288	 1.675462e-05	 1691	 iter
1289	 1.675335e-05	 1693	 iter
1290	 1.675335e-05	 1694	 iter
1291	 1.673683e-05	 1696	 iter
1292	 1.673683e-05	 1697	 iter
1293	 1.673683e-05	 1698	 iter
1294	 1.673683e-05	 1699	 iter
1295	 1.673683e-05	 1700	 iter
1296	 1.673683e-05	 1701	 iter
1297	 1.673127e-05	 1703	 iter
1298	 1.673127e-05	 1704	 iter
1299	 1.673127e-05	 1705	 iter
1300	 1.672445e-05	 1707	 iter
1301	 1.672445e-05	 1708	 iter
1302	 1.672445e-05	 1709	 iter
1303	 1.672445e-05	 1710	 iter
1304	 1.672445e-05	 1711	 iter
1305	 1.672445e-05	 1712	 iter
1306	 1.672445e-05	 1714	 iter
1307	 1.672445e-05	 1715	 iter
1308	 1.672445e-05	 1716	 iter
1309	 1.672445e-05	 1718	 iter
1310	 1.672445e-05	 1719	 iter
1311	 1.669827e-05	 1721	 iter
1312	 1.669827e-05	 1722	 iter
1313	 1.669827e-05	 1723	 iter
1314	 1.669827e-05	 1724	 iter
1315	 1.668206e-05	 1726	 iter
1316	 1.668206e-05	 1727	 iter
1317	 1.668206e-05	 1728	 iter
1318	 1.668206e-05	 1729	 iter
1319	 1.668206e-05	 1730	 iter
1320	 1.668206e-05	 1731	 iter
1321	 1.668206e-05	 1732	 iter
1322	 1.668206e-05	 1733	 iter
1323	 1.666580e-05	 1735	 iter
1324	 1.666580e-05	 1736	 iter
1325	 1.666580e-05	 1737	 iter
1326	 1.666580e-05	 1738	 iter
1327	 1.666526e-05	 1740	 iter
1328	 1.663999e-05	 1742	 iter
1329	 1.663999e-05	 1743	 iter
1330	 1.663999e-05	 1744	 iter
1331	 1.663999e-05	 1745	 iter
1332	 1.663999e-05	 1746	 iter
1333	 1.663999e-05	 1747	 iter
1334	 1.663364e-05	 1749	 iter
1335	 1.662296e-05	 1751	 iter
1336	 1.662296e-05	 1752	 iter
1337	 1.661220e-05	 1754	 iter
1338	 1.661220e-05	 1755	 iter
1339	 1.661220e-05	 1756	 iter
1340	 1.660544e-05	 1758	 iter
1341	 1.660544e-05	 1759	 iter
1342	 1.660544e-05	 1760	 iter
1343	 1.659220e-05	 1762	 iter
1344	 1.659220e-05	 1763	 iter
1345	 1.659220e-05	 1764	 iter
1346	 1.658663e-05	 1766	 iter
1347	 1.658663e-05	 1767	 iter
1348	 1.657602e-05	 1769	 iter
1349	 1.657602e-05	 1770	 iter
1350	 1.657602e-05	 1771	 iter
1351	 1.657602e-05	 1772	 iter
1352	 1.657455e-05	 1774	 iter
1353	 1.657455e-05	 1775	 iter
1354	 1.657455e-05	 1776	 iter
1355	 1.654748e-05	 1778	 iter
1356	 1.654748e-05	 1780	 iter
1357	 1.654748e-05	 1781	 iter
1358	 1.654748e-05	 1782	 iter
1359	 1.654748e-05	 1783	 iter
1360	 1.654748e-05	 1784	 iter
1361	 1.654748e-05	 1786	 iter
1362	 1.654748e-05	 1787	 iter
1363	 1.654748e-05	 1788	 iter
1364	 1.654748e-05	 1789	 iter
1365	 1.649903e-05	 1791	 iter
1366	 1.649903e-05	 1792	 iter
1367	 1.649903e-05	 1793	 iter
1368	 1.649903e-05	 1794	 iter
1369	 1.649903e-05	 1795	 iter
1370	 1.649903e-05	 1796	 iter
1371	 1.649903e-05	 1797	 iter
1372	 1.649903e-05	 1798	 iter
1373	 1.647678e-05	 1800	 iter
1374	 1.647678e-05	 1801	 iter
1375	 1.647678e-05	 1802	 iter
1376	 1.647678e-05	 1803	 iter
1377	 1.647678e-05	 1804	 iter
1378	 1.647378e-05	 1806	 iter
1379	 1.647378e-05	 1807	 iter
1380	 1.647378e-05	 1808	 iter
1381	 1.642367e-05	 1810	 iter
1382	 1.642367e-05	 1811	 iter
1383	 1.642367e-05	 1812	 iter
1384	 1.642367e-05	 1813	 iter
1385	 1.638437e-05	 1815	 iter
1386	 1.638437e-05	 1816	 iter
1387	 1.638437e-05	 1817	 iter
1388	 1.638437e-05	 1818	 iter
1389	 1.638437e-05	 1819	 iter
1390	 1.638437e-05	 1820	 iter
1391	 1.638437e-05	 1821	 iter
1392	 1.638437e-05	 1822	 iter
1393	 1.638437e-05	 1823	 iter
1394	 1.638437e-05	 1824	 iter
1395	 1.638437e-05	 1825	 iter
1396	 1.637065e-05	 1827	 iter
1397	 1.637065e-05	 1828	 iter
1398	 1.636542e-05	 1830	 iter
1399	 1.636542e-05	 1831	 iter
1400	 1.634722e-05	 1833	 iter
1401	 1.634722e-05	 1834	 iter
1402	 1.634722e-05	 1835	 iter
1403	 1.632393e-05	 1837	 iter
1404	 1.632393e-05	 1838	 iter
1405	 1.632393e-05	 1839	 iter
1406	 1.632393e-05	 1840	 iter
1407	 1.632393e-05	 1842	 iter
1408	 1.632393e-05	 1843	 iter
1409	 1.632393e-05	 1844	 iter
1410	 1.632393e-05	 1845	 iter
1411	 1.632262e-05	 1847	 iter
1412	 1.632262e-05	 1848	 iter
1413	 1.632262e-05	 1849	 iter
1414	 1.631235e-05	 1851	 iter
1415	 1.631235e-05	 1852	 iter
1416	 1.630157e-05	 1854	 iter
1417	 1.630157e-05	 1855	 iter
1418	 1.630157e-05	 1856	 iter
1419	 1.629640e-05	 1858	 iter
1420	 1.629640e-05	 1859	 iter
1421	 1.629640e-05	 1860	 iter
1422	 1.629640e-05	 1861	 iter
1423	 1.629640e-05	 1862	 iter
1424	 1.628340e-05	 1864	 iter
1425	 1.628340e-05	 1865	 iter
1426	 1.628265e-05	 1867	 iter
1427	 1.628265e-05	 1868	 iter
1428	 1.628265e-05	 1869	 iter
1429	 1.628265e-05	 1870	 iter
1430	 1.628265e-05	 1872	 iter
1431	 1.627609e-05	 1874	 iter
1432	 1.627609e-05	 1875	 iter
1433	 1.627609e-05	 1876	 iter
1434	 1.627609e-05	 1877	 iter
1435	 1.627391e-05	 1879	 iter
1436	 1.627391e-05	 1881	 iter
1437	 1.625816e-05	 1883	 iter
1438	 1.625816e-05	 1884	 iter
1439	 1.625816e-05	 1885	 iter
1440	 1.625816e-05	 1886	 iter
1441	 1.625816e-05	 1887	 iter
1442	 1.625816e-05	 1888	 iter
1443	 1.625816e-05	 1889	 iter
1444	 1.624365e-05	 1891	 iter
1445	 1.624365e-05	 1893	 iter
1446	 1.624365e-05	 1894	 iter
1447	 1.624365e-05	 1895	 iter
1448	 1.624365e-05	 1896	 iter
1449	 1.624365e-05	 1897	 iter
1450	 1.624365e-05	 1899	 iter
1451	 1.624365e-05	 1900	 iter
1452	 1.623810e-05	 1902	 iter
1453	 1.623810e-05	 1903	 iter
1454	 1.623810e-05	 1904	 iter
1455	 1.623810e-05	 1905	 iter
1456	 1.623810e-05	 1906	 iter
1457	 1.623810e-05	 1907	 iter
1458	 1.623810e-05	 1908	 iter
1459	 1.623810e-05	 1910	 iter
1460	 1.623753e-05	 1912	 iter
1461	 1.623753e-05	 1913	 iter
1462	 1.623753e-05	 1914	 iter
1463	 1.623753e-05	 1915	 iter
1464	 1.623753e-05	 1917	 iter
1465	 1.622229e-05	 1919	 iter
1466	 1.622229e-05	 1920	 iter
1467	 1.622229e-05	 1921	 iter
1468	 1.622229e-05	 1922	 iter
1469	 1.622229e-05	 1923	 iter
1470	 1.622229e-05	 1924	 iter
1471	 1.622229e-05	 1925	 iter
1472	 1.622229e-05	 1926	 iter
1473	 1.622229e-05	 1928	 iter
1474	 1.622229e-05	 1929	 iter
1475	 1.622229e-05	 1931	 iter
1476	 1.622229e-05	 1932	 iter
1477	 1.621981e-05	 1934	 iter
1478	 1.621981e-05	 1936	 iter
1479	 1.621981e-05	 1937	 iter
1480	 1.621981e-05	 1938	 iter
1481	 1.621981e-05	 1939	 iter
1482	 1.621981e-05	 1940	 iter
1483	 1.621981e-05	 1941	 iter
1484	 1.621981e-05	 1943	 iter
1485	 1.621981e-05	 1945	 iter
1486	 1.621981e-05	 1947	 iter
1487	 1.621617e-05	 1949	 iter
1488	 1.621617e-05	 1950	 iter
1489	 1.621524e-05	 1952	 iter
1490	 1.621524e-05	 1953	 iter
1491	 1.621524e-05	 1954	 iter
1492	 1.621524e-05	 1956	 iter
1493	 1.621524e-05	 1957	 iter
1494	 1.621524e-05	 1959	 iter
1495	 1.621524e-05	 1960	 iter
1496	 1.621524e-05	 1961	 iter
1497	 1.621524e-05	 1962	 iter
1498	 1.621524e-05	 1964	 iter
1499	 1.621524e-05	 1966	 iter
1500	 1.621524e-05	 1967	 iter
1501	 1.621524e-05	 1968	 iter
1502	 1.621524e-05	 1969	 iter
1503	 1.621524e-05	 1970	 iter
1504	 1.621388e-05	 1972	 iter
1505	 1.621388e-05	 1973	 iter
1506	 1.621388e-05	 1974	 iter
1507	 1.621388e-05	 1975	 iter
1508	 1.621388e-05	 1976	 iter
1509	 1.621388e-05	 1978	 iter
1510	 1.621377e-05	 1980	 iter
1511	 1.621377e-05	 1982	 iter
1512	 1.621377e-05	 1983	 iter
1513	 1.621348e-05	 1985	 iter
1514	 1.621348e-05	 1986	 iter
1515	 1.621290e-05	 1988	 iter
1516	 1.621290e-05	 1989	 iter
1517	 1.621267e-05	 1991	 iter
1518	 1.621267e-05	 1992	 iter
1519	 1.621267e-05	 1993	 iter
1520	 1.621233e-05	 1995	 iter
1521	 1.621223e-05	 1997	 iter
1522	 1.621223e-05	 1998	 iter
1523	 1.621223e-05	 2000	 iter
1524	 1.621207e-05	 2002	 iter
1525	 1.621189e-05	 2004	 iter
1526	 1.621189e-05	 2005	 iter
1527	 1.621189e-05	 2007	 iter
1528	 1.621189e-05	 2009	 iter
1529	 1.621189e-05	 2010	 iter
1530	 1.621157e-05	 2012	 iter
1531	 1.621147e-05	 2014	 iter
1532	 1.621147e-05	 2015	 iter
1533	 1.621147e-05	 2017	 iter
1534	 1.621147e-05	 2019	 iter
1535	 1.621147e-05	 2020	 iter
1536	 1.621114e-05	 2022	 iter
1537	 1.621114e-05	 2023	 iter
1538	 1.621114e-05	 2024	 iter
1539	 1.621102e-05	 2026	 iter
1540	 1.621102e-05	 2027	 iter
1541	 1.621102e-05	 2028	 iter
1542	 1.621102e-05	 2029	 iter
1543	 1.621099e-05	 2031	 iter
1544	 1.621091e-05	 2033	 iter
1545	 1.621088e-05	 2035	 iter
1546	 1.621088e-05	 2036	 iter
1547	 1.621041e-05	 2038	 iter
1548	 1.621041e-05	 2039	 iter
1549	 1.621041e-05	 2041	 iter
1550	 1.621041e-05	 2042	 iter
1551	 1.621041e-05	 2044	 iter
1552	 1.621041e-05	 2046	 iter
1553	 1.621041e-05	 2047	 iter
1554	 1.621041e-05	 2049	 iter
1555	 1.621035e-05	 2051	 iter
1556	 1.621035e-05	 2053	 iter
1557	 1.621035e-05	 2054	 iter
1558	 1.621035e-05	 2056	 iter
1559	 1.621035e-05	 2057	 iter
1560	 1.621035e-05	 2058	 iter
1561	 1.621024e-05	 2060	 iter
1562	 1.621024e-05	 2062	 iter
1563	 1.621020e-05	 2064	 iter
1564	 1.621020e-05	 2066	 iter
1565	 1.621020e-05	 2068	 iter
1566	 1.620959e-05	 2070	 iter
1567	 1.620959e-05	 2071	 iter
1568	 1.620959e-05	 2072	 iter
1569	 1.620959e-05	 2073	 iter
1570	 1.620959e-05	 2074	 iter
1571	 1.620959e-05	 2075	 iter
1572	 1.620958e-05	 2077	 iter
1573	 1.620909e-05	 2079	 iter
1574	 1.620909e-05	 2080	 iter
1575	 1.620909e-05	 2081	 iter
1576	 1.620909e-05	 2083	 iter
1577	 1.620909e-05	 2085	 iter
1578	 1.620909e-05	 2086	 iter
1579	 1.620909e-05	 2087	 iter
1580	 1.620909e-05	 2088	 iter
1581	 1.620890e-05	 2090	 iter
1582	 1.620890e-05	 2091	 iter
1583	 1.620890e-05	 2092	 iter
1584	 1.620815e-05	 2094	 iter
1585	 1.620815e-05	 2095	 iter
1586	 1.620815e-05	 2096	 iter
1587	 1.620815e-05	 2097	 iter
1588	 1.620716e-05	 2099	 iter
1589	 1.620716e-05	 2100	 iter
1590	 1.620716e-05	 2101	 iter
1591	 1.620716e-05	 2102	 iter
1592	 1.620716e-05	 2103	 iter
1593	 1.620716e-05	 2104	 iter
1594	 1.620716e-05	 2105	 iter
1595	 1.620716e-05	 2106	 iter
1596	 1.620716e-05	 2107	 iter
1597	 1.620654e-05	 2109	 iter
1598	 1.620654e-05	 2110	 iter
1599	 1.620654e-05	 2111	 iter
1600	 1.620520e-05	 2113	 iter
1601	 1.620520e-05	 2114	 iter
1602	 1.620520e-05	 2115	 iter
1603	 1.620520e-05	 2116	 iter
1604	 1.620520e-05	 2117	 iter
1605	 1.620520e-05	 2118	 iter
1606	 1.620520e-05	 2119	 iter
1607	 1.620520e-05	 2120	 iter
1608	 1.620520e-05	 2121	 iter
1609	 1.620376e-05	 2123	 iter
1610	 1.620376e-05	 2124	 iter
1611	 1.620376e-05	 2125	 iter
1612	 1.620376e-05	 2126	 iter
1613	 1.620376e-05	 2127	 iter
1614	 1.620274e-05	 2129	 iter
1615	 1.620274e-05	 2130	 iter
1616	 1.620274e-05	 2131	 iter
1617	 1.620274e-05	 2132	 iter
1618	 1.620274e-05	 2133	 iter
1619	 1.620182e-05	 2135	 iter
1620	 1.620092e-05	 2137	 iter
1621	 1.620092e-05	 2138	 iter
1622	 1.620092e-05	 2139	 iter
1623	 1.619855e-05	 2141	 iter
1624	 1.619855e-05	 2142	 iter
1625	 1.619855e-05	 2143	 iter
1626	 1.619855e-05	 2144	 iter
1627	 1.619855e-05	 2145	 iter
1628	 1.619855e-05	 2146	 iter
1629	 1.619687e-05	 2148	 iter
1630	 1.619687e-05	 2149	 iter
1631	 1.619687e-05	 2150	 iter
1632	 1.619687e-05	 2151	 iter
1633	 1.619687e-05	 2152	 iter
1634	 1.619687e-05	 2153	 iter
1635	 1.619597e-05	 2155	 iter
1636	 1.619500e-05	 2157	 iter
1637	 1.619500e-05	 2158	 iter
1638	 1.619500e-05	 2159	 iter
1639	 1.619115e-05	 2161	 iter
1640	 1.619115e-05	 2162	 iter
1641	 1.619115e-05	 2163	 iter
1642	 1.619115e-05	 2164	 iter
1643	 1.619115e-05	 2165	 iter
1644	 1.619115e-05	 2166	 iter
1645	 1.619115e-05	 2167	 iter
1646	 1.619115e-05	 2168	 iter
1647	 1.619115e-05	 2169	 iter
1648	 1.619057e-05	 2171	 iter
1649	 1.618727e-05	 2173	 iter
1650	 1.618727e-05	 2174	 iter
1651	 1.618116e-05	 2176	 iter
1652	 1.618116e-05	 2177	 iter
1653	 1.618116e-05	 2178	 iter
1654	 1.618116e-05	 2179	 iter
1655	 1.618116e-05	 2180	 iter
1656	 1.618116e-05	 2181	 iter
1657	 1.618116e-05	 2182	 iter
1658	 1.618116e-05	 2183	 iter
1659	 1.618116e-05	 2184	 iter
1660	 1.618116e-05	 2185	 iter
1661	 1.617937e-05	 2187	 iter
1662	 1.617604e-05	 2189	 iter
1663	 1.617604e-05	 2190	 iter
1664	 1.617604e-05	 2191	 iter
1665	 1.617604e-05	 2192	 iter
1666	 1.616866e-05	 2194	 iter
1667	 1.616866e-05	 2195	 iter
1668	 1.616866e-05	 2196	 iter
1669	 1.616866e-05	 2197	 iter
1670	 1.616866e-05	 2198	 iter
1671	 1.616866e-05	 2199	 iter
1672	 1.616866e-05	 2200	 iter
1673	 1.616861e-05	 2202	 iter
1674	 1.615751e-05	 2204	 iter
1675	 1.615751e-05	 2205	 iter
1676	 1.615751e-05	 2206	 iter
1677	 1.615751e-05	 2207	 iter
1678	 1.615751e-05	 2208	 iter
1679	 1.615751e-05	 2209	 iter
1680	 1.615751e-05	 2210	 iter
1681	 1.615751e-05	 2211	 iter
1682	 1.615224e-05	 2213	 iter
1683	 1.615224e-05	 2214	 iter
1684	 1.615224e-05	 2215	 iter
1685	 1.615224e-05	 2216	 iter
1686	 1.615224e-05	 2217	 iter
1687	 1.614439e-05	 2219	 iter
1688	 1.614439e-05	 2220	 iter
1689	 1.614439e-05	 2221	 iter
1690	 1.613659e-05	 2223	 iter
1691	 1.613659e-05	 2224	 iter
1692	 1.613659e-05	 2225	 iter
1693	 1.613659e-05	 2226	 iter
1694	 1.613659e-05	 2227	 iter
1695	 1.613659e-05	 2228	 iter
1696	 1.613659e-05	 2229	 iter
1697	 1.613659e-05	 2230	 iter
1698	 1.613389e-05	 2232	 iter
1699	 1.613005e-05	 2234	 iter
1700	 1.613005e-05	 2235	 iter
1701	 1.613005e-05	 2236	 iter
1702	 1.613005e-05	 2237	 iter
1703	 1.612877e-05	 2239	 iter
1704	 1.612877e-05	 2240	 iter
1705	 1.612877e-05	 2241	 iter
1706	 1.612877e-05	 2242	 iter
1707	 1.612877e-05	 2243	 iter
1708	 1.612713e-05	 2245	 iter
1709	 1.612713e-05	 2246	 iter
1710	 1.611217e-05	 2248	 iter
1711	 1.611217e-05	 2249	 iter
1712	 1.611217e-05	 2251	 iter
1713	 1.611217e-05	 2252	 iter
1714	 1.611217e-05	 2253	 iter
1715	 1.611217e-05	 2254	 iter
1716	 1.611217e-05	 2255	 iter
1717	 1.611217e-05	 2256	 iter
1718	 1.611217e-05	 2257	 iter
1719	 1.611217e-05	 2258	 iter
1720	 1.611217e-05	 2259	 iter
1721	 1.611217e-05	 2260	 iter
1722	 1.611217e-05	 2261	 iter
1723	 1.611217e-05	 2262	 iter
1724	 1.611217e-05	 2263	 iter
1725	 1.611217e-05	 2264	 iter
1726	 1.611217e-05	 2265	 iter
1727	 1.610209e-05	 2267	 iter
1728	 1.610209e-05	 2268	 iter
1729	 1.610209e-05	 2269	 iter
1730	 1.610209e-05	 2270	 iter
1731	 1.610209e-05	 2271	 iter
1732	 1.610209e-05	 2272	 iter
1733	 1.610209e-05	 2273	 iter
1734	 1.610209e-05	 2274	 iter
1735	 1.610209e-05	 2275	 iter
1736	 1.610209e-05	 2276	 iter
1737	 1.610209e-05	 2277	 iter
1738	 1.610209e-05	 2278	 iter
1739	 1.610209e-05	 2279	 iter
1740	 1.610209e-05	 2280	 iter
1741	 1.610209e-05	 2281	 iter
1742	 1.610209e-05	 2282	 iter
1743	 1.610193e-05	 2284	 iter
1744	 1.610193e-05	 2285	 iter
1745	 1.610193e-05	 2286	 iter
1746	 1.609809e-05	 2288	 iter
1747	 1.609809e-05	 2289	 iter
1748	 1.609809e-05	 2290	 iter
1749	 1.608967e-05	 2292	 iter
1750	 1.608967e-05	 2293	 iter
1751	 1.608967e-05	 2294	 iter
1752	 1.608967e-05	 2295	 iter
1753	 1.608967e-05	 2296	 iter
1754	 1.608967e-05	 2297	 iter
1755	 1.608967e-05	 2298	 iter
1756	 1.608967e-05	 2299	 iter
1757	 1.608967e-05	 2300	 iter
1758	 1.608967e-05	 2301	 iter
1759	 1.608455e-05	 2303	 iter
1760	 1.608455e-05	 2304	 iter
1761	 1.608455e-05	 2305	 iter
1762	 1.608455e-05	 2306	 iter
1763	 1.608455e-05	 2307	 iter
1764	 1.608455e-05	 2308	 iter
1765	 1.608455e-05	 2309	 iter
1766	 1.608455e-05	 2310	 iter
1767	 1.608455e-05	 2311	 iter
1768	 1.608455e-05	 2312	 iter
1769	 1.608455e-05	 2313	 iter
1770	 1.608115e-05	 2315	 iter
1771	 1.608115e-05	 2316	 iter
1772	 1.608115e-05	 2317	 iter
1773	 1.607924e-05	 2319	 iter
1774	 1.607924e-05	 2320	 iter
1775	 1.607866e-05	 2322	 iter
1776	 1.607866e-05	 2323	 iter
1777	 1.607866e-05	 2324	 iter
1778	 1.607866e-05	 2325	 iter
1779	 1.607866e-05	 2326	 iter
1780	 1.607866e-05	 2327	 iter
1781	 1.607433e-05	 2329	 iter
1782	 1.607433e-05	 2331	 iter
1783	 1.607433e-05	 2332	 iter
1784	 1.607007e-05	 2334	 iter
1785	 1.607007e-05	 2335	 iter
1786	 1.607007e-05	 2336	 iter
1787	 1.607007e-05	 2338	 iter
1788	 1.607007e-05	 2339	 iter
1789	 1.607007e-05	 2340	 iter
1790	 1.607007e-05	 2341	 iter
1791	 1.607007e-05	 2342	 iter
1792	 1.607007e-05	 2343	 iter
1793	 1.607007e-05	 2344	 iter
1794	 1.607007e-05	 2345	 iter
1795	 1.607007e-05	 2346	 iter
1796	 1.607007e-05	 2348	 iter
1797	 1.607007e-05	 2349	 iter
1798	 1.607007e-05	 2350	 iter
1799	 1.607007e-05	 2351	 iter
1800	 1.607007e-05	 2353	 iter
1801	 1.606444e-05	 2355	 iter
1802	 1.606444e-05	 2356	 iter
1803	 1.606444e-05	 2357	 iter
1804	 1.606444e-05	 2358	 iter
1805	 1.606444e-05	 2359	 iter
1806	 1.606390e-05	 2361	 iter
1807	 1.606390e-05	 2363	 iter
1808	 1.606390e-05	 2364	 iter
1809	 1.606390e-05	 2365	 iter
1810	 1.606390e-05	 2366	 iter
1811	 1.606390e-05	 2367	 iter
1812	 1.606390e-05	 2368	 iter
1813	 1.606390e-05	 2369	 iter
1814	 1.606390e-05	 2370	 iter
1815	 1.606390e-05	 2371	 iter
1816	 1.605713e-05	 2373	 iter
1817	 1.605713e-05	 2374	 iter
1818	 1.605713e-05	 2375	 iter
1819	 1.605713e-05	 2376	 iter
1820	 1.605713e-05	 2377	 iter
1821	 1.605713e-05	 2378	 iter
1822	 1.605713e-05	 2379	 iter
1823	 1.605713e-05	 2380	 iter
1824	 1.605713e-05	 2381	 iter
1825	 1.605713e-05	 2382	 iter
1826	 1.605713e-05	 2383	 iter
1827	 1.605713e-05	 2384	 iter
1828	 1.605713e-05	 2385	 iter
1829	 1.605651e-05	 2387	 iter
1830	 1.605651e-05	 2388	 iter
1831	 1.605651e-05	 2389	 iter
1832	 1.605651e-05	 2390	 iter
1833	 1.605651e-05	 2392	 iter
1834	 1.605571e-05	 2394	 iter
1835	 1.605571e-05	 2396	 iter
1836	 1.605571e-05	 2398	 iter
1837	 1.605306e-05	 2400	 iter
1838	 1.605306e-05	 2401	 iter
1839	 1.605272e-05	 2403	 iter
1840	 1.605272e-05	 2404	 iter
1841	 1.605272e-05	 2405	 iter
1842	 1.605272e-05	 2406	 iter
1843	 1.605272e-05	 2407	 iter
1844	 1.605272e-05	 2409	 iter
1845	 1.605272e-05	 2410	 iter
1846	 1.605144e-05	 2412	 iter
1847	 1.605144e-05	 2414	 iter
1848	 1.605144e-05	 2415	 iter
1849	 1.605110e-05	 2417	 iter
1850	 1.605110e-05	 2418	 iter
1851	 1.605008e-05	 2420	 iter
1852	 1.604966e-05	 2422	 iter
1853	 1.604966e-05	 2423	 iter
1854	 1.604966e-05	 2424	 iter
1855	 1.604966e-05	 2425	 iter
1856	 1.604966e-05	 2426	 iter
1857	 1.604966e-05	 2427	 iter
1858	 1.604966e-05	 2428	 iter
1859	 1.604966e-05	 2429	 iter
1860	 1.604966e-05	 2430	 iter
1861	 1.604966e-05	 2431	 iter
1862	 1.604966e-05	 2432	 iter
1863	 1.604966e-05	 2433	 iter
1864	 1.604966e-05	 2434	 iter
1865	 1.604808e-05	 2436	 iter
1866	 1.604808e-05	 2437	 iter
1867	 1.604808e-05	 2439	 iter
1868	 1.604808e-05	 2441	 iter
1869	 1.604808e-05	 2442	 iter
1870	 1.604648e-05	 2444	 iter
1871	 1.604648e-05	 2445	 iter
1872	 1.604648e-05	 2446	 iter
1873	 1.604648e-05	 2447	 iter
1874	 1.604648e-05	 2448	 iter
1875	 1.604648e-05	 2450	 iter
1876	 1.604648e-05	 2452	 iter
1877	 1.604648e-05	 2453	 iter
1878	 1.604648e-05	 2454	 iter
1879	 1.604648e-05	 2455	 iter
1880	 1.604648e-05	 2457	 iter
1881	 1.604648e-05	 2458	 iter
1882	 1.604648e-05	 2459	 iter
1883	 1.604648e-05	 2460	 iter
1884	 1.604648e-05	 2461	 iter
1885	 1.604648e-05	 2463	 iter
1886	 1.604597e-05	 2465	 iter
1887	 1.604597e-05	 2467	 iter
1888	 1.604564e-05	 2469	 iter
1889	 1.604564e-05	 2470	 iter
1890	 1.604564e-05	 2472	 iter
1891	 1.604564e-05	 2473	 iter
1892	 1.604557e-05	 2475	 iter
1893	 1.604557e-05	 2477	 iter
1894	 1.604557e-05	 2478	 iter
1895	 1.604557e-05	 2480	 iter
1896	 1.604557e-05	 2481	 iter
1897	 1.604541e-05	 2483	 iter
1898	 1.604541e-05	 2484	 iter
1899	 1.604541e-05	 2485	 iter
1900	 1.604465e-05	 2487	 iter
1901	 1.604465e-05	 2488	 iter
1902	 1.604465e-05	 2489	 iter
1903	 1.604465e-05	 2490	 iter
1904	 1.604465e-05	 2491	 iter
1905	 1.604441e-05	 2493	 iter
1906	 1.604441e-05	 2495	 iter
1907	 1.604441e-05	 2496	 iter
1908	 1.604441e-05	 2497	 iter
1909	 1.604441e-05	 2498	 iter
1910	 1.604441e-05	 2500	 iter
1911	 1.604412e-05	 2502	 iter
1912	 1.604412e-05	 2504	 iter
1913	 1.604412e-05	 2505	 iter
1914	 1.604412e-05	 2506	 iter
1915	 1.604412e-05	 2508	 iter
1916	 1.604411e-05	 2510	 iter
1917	 1.604411e-05	 2511	 iter
1918	 1.604398e-05	 2513	 iter
1919	 1.604398e-05	 2514	 iter
1920	 1.604398e-05	 2515	 iter
1921	 1.604398e-05	 2516	 iter
1922	 1.604398e-05	 2517	 iter
1923	 1.604398e-05	 2518	 iter
1924	 1.604398e-05	 2519	 iter
1925	 1.604398e-05	 2520	 iter
1926	 1.604398e-05	 2522	 iter
1927	 1.604390e-05	 2524	 iter
1928	 1.604390e-05	 2525	 iter
1929	 1.604390e-05	 2527	 iter
1930	 1.604390e-05	 2528	 iter
1931	 1.604390e-05	 2529	 iter
1932	 1.604390e-05	 2530	 iter
1933	 1.604390e-05	 2531	 iter
1934	 1.604390e-05	 2532	 iter
1935	 1.604390e-05	 2534	 iter
1936	 1.604390e-05	 2536	 iter
1937	 1.604390e-05	 2538	 iter
1938	 1.604387e-05	 2540	 iter
1939	 1.604387e-05	 2542	 iter
1940	 1.604385e-05	 2544	 iter
1941	 1.604385e-05	 2545	 iter
1942	 1.604385e-05	 2546	 iter
1943	 1.604385e-05	 2547	 iter
1944	 1.604375e-05	 2549	 iter
1945	 1.604375e-05	 2550	 iter
1946	 1.604375e-05	 2551	 iter
1947	 1.604370e-05	 2553	 iter
1948	 1.604370e-05	 2555	 iter
1949	 1.604370e-05	 2557	 iter
1950	 1.604362e-05	 2559	 iter
1951	 1.604362e-05	 2561	 iter
1952	 1.604362e-05	 2562	 iter
1953	 1.604362e-05	 2563	 iter
1954	 1.604357e-05	 2565	 iter
1955	 1.604357e-05	 2567	 iter
1956	 1.604357e-05	 2568	 iter
1957	 1.604357e-05	 2569	 iter
1958	 1.604357e-05	 2570	 iter
1959	 1.604357e-05	 2571	 iter
1960	 1.604357e-05	 2573	 iter
1961	 1.604357e-05	 2575	 iter
1962	 1.604352e-05	 2577	 iter
1963	 1.604352e-05	 2578	 iter
1964	 1.604350e-05	 2580	 iter
1965	 1.604349e-05	 2582	 iter
1966	 1.604349e-05	 2583	 iter
1967	 1.604349e-05	 2585	 iter
1968	 1.604349e-05	 2586	 iter
1969	 1.604345e-05	 2588	 iter
1970	 1.604345e-05	 2589	 iter
1971	 1.604345e-05	 2591	 iter
1972	 1.604329e-05	 2593	 iter
1973	 1.604329e-05	 2594	 iter
1974	 1.604329e-05	 2595	 iter
1975	 1.604329e-05	 2596	 iter
1976	 1.604329e-05	 2598	 iter
1977	 1.604329e-05	 2599	 iter
1978	 1.604329e-05	 2601	 iter
1979	 1.604329e-05	 2603	 iter
1980	 1.604329e-05	 2604	 iter
1981	 1.604329e-05	 2605	 iter
1982	 1.604329e-05	 2606	 iter
1983	 1.604329e-05	 2607	 iter
1984	 1.604329e-05	 2609	 iter
1985	 1.604329e-05	 2610	 iter
1986	 1.604329e-05	 2612	 iter
1987	 1.604326e-05	 2614	 iter
1988	 1.604326e-05	 2616	 iter
1989	 1.604322e-05	 2618	 iter
1990	 1.604322e-05	 2619	 iter
1991	 1.604322e-05	 2620	 iter
1992	 1.604322e-05	 2621	 iter
1993	 1.604322e-05	 2622	 iter
1994	 1.604322e-05	 2624	 iter
1995	 1.604322e-05	 2625	 iter
1996	 1.604322e-05	 2626	 iter
1997	 1.604322e-05	 2627	 iter
1998	 1.604312e-05	 2629	 iter
1999	 1.604312e-05	 2630	 iter
2000	 1.604312e-05	 2632	 iter
2001	 1.604312e-05	 2633	 iter
2002	 1.604312e-05	 2634	 iter
2003	 1.604305e-05	 2636	 iter
2004	 1.604305e-05	 2637	 iter
2005	 1.604305e-05	 2639	 iter
2006	 1.604305e-05	 2640	 iter
2007	 1.604305e-05	 2641	 iter
2008	 1.604303e-05	 2643	 iter
2009	 1.604303e-05	 2644	 iter
2010	 1.604303e-05	 2645	 iter
2011	 1.604303e-05	 2646	 iter
2012	 1.604303e-05	 2647	 iter
2013	 1.604301e-05	 2649	 iter
2014	 1.604301e-05	 2650	 iter
2015	 1.604290e-05	 2652	 iter
2016	 1.604290e-05	 2653	 iter
2017	 1.604290e-05	 2654	 iter
2018	 1.604290e-05	 2655	 iter
2019	 1.604290e-05	 2656	 iter
2020	 1.604288e-05	 2658	 iter
2021	 1.604288e-05	 2659	 iter
2022	 1.604286e-05	 2661	 iter
2023	 1.604286e-05	 2662	 iter
2024	 1.604276e-05	 2664	 iter
2025	 1.604276e-05	 2665	 iter
2026	 1.604276e-05	 2666	 iter
2027	 1.604266e-05	 2668	 iter
2028	 1.604266e-05	 2669	 iter
2029	 1.604266e-05	 2670	 iter
2030	 1.604266e-05	 2671	 iter
2031	 1.604266e-05	 2672	 iter
2032	 1.604261e-05	 2674	 iter
2033	 1.604261e-05	 2675	 iter
2034	 1.604261e-05	 2676	 iter
2035	 1.604259e-05	 2678	 iter
2036	 1.604258e-05	 2680	 iter
2037	 1.604255e-05	 2682	 iter
2038	 1.604255e-05	 2683	 iter
2039	 1.604255e-05	 2684	 iter
2040	 1.604254e-05	 2686	 iter
2041	 1.604250e-05	 2688	 iter
2042	 1.604233e-05	 2690	 iter
2043	 1.604233e-05	 2691	 iter
2044	 1.604229e-05	 2693	 iter
2045	 1.604229e-05	 2694	 iter
2046	 1.604224e-05	 2696	 iter
2047	 1.604224e-05	 2697	 iter
2048	 1.604224e-05	 2698	 iter
2049	 1.604224e-05	 2699	 iter
2050	 1.604219e-05	 2701	 iter
2051	 1.604219e-05	 2702	 iter
2052	 1.604219e-05	 2703	 iter
2053	 1.604205e-05	 2705	 iter
2054	 1.604205e-05	 2706	 iter
2055	 1.604205e-05	 2707	 iter
2056	 1.604205e-05	 2708	 iter
2057	 1.604205e-05	 2709	 iter
2058	 1.604196e-05	 2711	 iter
2059	 1.604196e-05	 2712	 iter
2060	 1.604196e-05	 2713	 iter
2061	 1.604196e-05	 2714	 iter
2062	 1.604180e-05	 2716	 iter
2063	 1.604180e-05	 2717	 iter
2064	 1.604177e-05	 2719	 iter
2065	 1.604177e-05	 2720	 iter
2066	 1.604177e-05	 2721	 iter
2067	 1.604175e-05	 2723	 iter
2068	 1.604175e-05	 2724	 iter
2069	 1.604172e-05	 2726	 iter
2070	 1.604171e-05	 2728	 iter
2071	 1.604159e-05	 2730	 iter
2072	 1.604159e-05	 2731	 iter
2073	 1.604154e-05	 2733	 iter
2074	 1.604154e-05	 2734	 iter
2075	 1.604152e-05	 2736	 iter
2076	 1.604142e-05	 2738	 iter
2077	 1.604142e-05	 2739	 iter
2078	 1.604133e-05	 2741	 iter
2079	 1.604104e-05	 2743	 iter
2080	 1.604104e-05	 2744	 iter
2081	 1.604104e-05	 2745	 iter
2082	 1.604104e-05	 2746	 iter
2083	 1.604104e-05	 2747	 iter
2084	 1.604104e-05	 2748	 iter
2085	 1.604104e-05	 2749	 iter
2086	 1.604104e-05	 2750	 iter
2087	 1.604100e-05	 2752	 iter
2088	 1.604100e-05	 2753	 iter
2089	 1.604098e-05	 2755	 iter
2090	 1.604098e-05	 2756	 iter
2091	 1.604098e-05	 2757	 iter
2092	 1.604089e-05	 2759	 iter
2093	 1.604089e-05	 2760	 iter
2094	 1.604089e-05	 2761	 iter
2095	 1.604060e-05	 2763	 iter
2096	 1.604060e-05	 2764	 iter
2097	 1.604060e-05	 2765	 iter
2098	 1.604060e-05	 2766	 iter
2099	 1.604060e-05	 2767	 iter
2100	 1.604055e-05	 2769	 iter
2101	 1.604055e-05	 2770	 iter
2102	 1.604039e-05	 2772	 iter
2103	 1.604039e-05	 2773	 iter
2104	 1.604039e-05	 2774	 iter
2105	 1.604039e-05	 2775	 iter
2106	 1.604039e-05	 2776	 iter
2107	 1.604021e-05	 2778	 iter
2108	 1.604011e-05	 2780	 iter
2109	 1.604011e-05	 2781	 iter
2110	 1.604010e-05	 2783	 iter
2111	 1.603951e-05	 2785	 iter
2112	 1.603951e-05	 2786	 iter
2113	 1.603951e-05	 2787	 iter
2114	 1.603951e-05	 2788	 iter
2115	 1.603951e-05	 2789	 iter
2116	 1.603951e-05	 2790	 iter
2117	 1.603951e-05	 2791	 iter
2118	 1.603951e-05	 2792	 iter
2119	 1.603939e-05	 2794	 iter
2120	 1.603882e-05	 2796	 iter
2121	 1.603882e-05	 2797	 iter
2122	 1.603882e-05	 2798	 iter
2123	 1.603882e-05	 2799	 iter
2124	 1.603812e-05	 2801	 iter
2125	 1.603812e-05	 2802	 iter
2126	 1.603812e-05	 2803	 iter
2127	 1.603812e-05	 2804	 iter
2128	 1.603812e-05	 2805	 iter
2129	 1.603812e-05	 2806	 iter
2130	 1.603812e-05	 2807	 iter
2131	 1.603751e-05	 2809	 iter
2132	 1.603751e-05	 2810	 iter
2133	 1.603751e-05	 2811	 iter
2134	 1.603751e-05	 2812	 iter
2135	 1.603751e-05	 2813	 iter
2136	 1.603751e-05	 2814	 iter
2137	 1.603657e-05	 2816	 iter
2138	 1.603657e-05	 2817	 iter
2139	 1.603657e-05	 2818	 iter
2140	 1.603657e-05	 2819	 iter
2141	 1.603657e-05	 2820	 iter
2142	 1.603657e-05	 2821	 iter
2143	 1.603657e-05	 2822	 iter
2144	 1.603657e-05	 2823	 iter
2145	 1.603609e-05	 2825	 iter
2146	 1.603609e-05	 2826	 iter
2147	 1.603609e-05	 2827	 iter
2148	 1.603524e-05	 2829	 iter
2149	 1.603524e-05	 2830	 iter
2150	 1.603524e-05	 2831	 iter
2151	 1.603452e-05	 2833	 iter
2152	 1.603452e-05	 2834	 iter
2153	 1.603452e-05	 2835	 iter
2154	 1.603452e-05	 2836	 iter
2155	 1.603271e-05	 2838	 iter
2156	 1.603271e-05	 2839	 iter
2157	 1.603271e-05	 2840	 iter
2158	 1.603271e-05	 2841	 iter
2159	 1.603271e-05	 2842	 iter
2160	 1.603271e-05	 2843	 iter
2161	 1.603271e-05	 2844	 iter
2162	 1.603271e-05	 2845	 iter
2163	 1.603202e-05	 2847	 iter
2164	 1.603202e-05	 2848	 iter
2165	 1.602957e-05	 2850	 iter
2166	 1.602957e-05	 2851	 iter
2167	 1.602957e-05	 2852	 iter
2168	 1.602957e-05	 2853	 iter
2169	 1.602957e-05	 2854	 iter
2170	 1.602957e-05	 2855	 iter
2171	 1.602825e-05	 2857	 iter
2172	 1.602825e-05	 2858	 iter
2173	 1.602825e-05	 2859	 iter
2174	 1.602825e-05	 2860	 iter
2175	 1.602825e-05	 2861	 iter
2176	 1.602817e-05	 2863	 iter
2177	 1.602480e-05	 2865	 iter
2178	 1.602480e-05	 2866	 iter
2179	 1.602480e-05	 2867	 iter
2180	 1.602480e-05	 2868	 iter
2181	 1.602480e-05	 2869	 iter
2182	 1.602480e-05	 2870	 iter
2183	 1.602360e-05	 2872	 iter
2184	 1.602097e-05	 2874	 iter
2185	 1.602097e-05	 2875	 iter
2186	 1.602097e-05	 2876	 iter
2187	 1.602097e-05	 2877	 iter
2188	 1.602097e-05	 2878	 iter
2189	 1.601899e-05	 2880	 iter
2190	 1.601899e-05	 2881	 iter
2191	 1.601227e-05	 2883	 iter
2192	 1.601227e-05	 2884	 iter
2193	 1.601227e-05	 2885	 iter
2194	 1.601227e-05	 2886	 iter
2195	 1.601227e-05	 2887	 iter
2196	 1.601227e-05	 2888	 iter
2197	 1.601227e-05	 2889	 iter
2198	 1.601227e-05	 2890	 iter
2199	 1.601227e-05	 2891	 iter
2200	 1.601227e-05	 2892	 iter
2201	 1.600956e-05	 2894	 iter
2202	 1.600384e-05	 2896	 iter
2203	 1.600384e-05	 2897	 iter
2204	 1.600384e-05	 2898	 iter
2205	 1.600384e-05	 2899	 iter
2206	 1.600384e-05	 2900	 iter
2207	 1.600384e-05	 2901	 iter
2208	 1.599810e-05	 2903	 iter
2209	 1.599810e-05	 2904	 iter
2210	 1.599810e-05	 2905	 iter
2211	 1.599810e-05	 2906	 iter
2212	 1.599810e-05	 2907	 iter
2213	 1.599120e-05	 2909	 iter
2214	 1.599120e-05	 2910	 iter
2215	 1.599120e-05	 2911	 iter
2216	 1.599120e-05	 2912	 iter
2217	 1.599120e-05	 2913	 iter
2218	 1.599120e-05	 2914	 iter
2219	 1.598419e-05	 2916	 iter
2220	 1.598419e-05	 2917	 iter
2221	 1.597390e-05	 2919	 iter
2222	 1.597390e-05	 2920	 iter
2223	 1.597390e-05	 2921	 iter
2224	 1.597390e-05	 2922	 iter
2225	 1.597390e-05	 2923	 iter
2226	 1.597390e-05	 2924	 iter
2227	 1.596417e-05	 2926	 iter
2228	 1.596417e-05	 2927	 iter
2229	 1.596417e-05	 2928	 iter
2230	 1.596417e-05	 2929	 iter
2231	 1.596417e-05	 2930	 iter
2232	 1.596417e-05	 2931	 iter
2233	 1.595061e-05	 2933	 iter
2234	 1.595061e-05	 2934	 iter
2235	 1.595061e-05	 2935	 iter
2236	 1.595061e-05	 2936	 iter
2237	 1.595061e-05	 2937	 iter
2238	 1.595061e-05	 2938	 iter
2239	 1.593285e-05	 2940	 iter
2240	 1.593285e-05	 2941	 iter
2241	 1.593285e-05	 2942	 iter
2242	 1.593285e-05	 2943	 iter
2243	 1.593285e-05	 2944	 iter
2244	 1.593285e-05	 2945	 iter
2245	 1.593285e-05	 2946	 iter
2246	 1.591214e-05	 2948	 iter
2247	 1.591214e-05	 2949	 iter
2248	 1.591214e-05	 2950	 iter
2249	 1.591214e-05	 2951	 iter
2250	 1.591214e-05	 2952	 iter
2251	 1.591214e-05	 2953	 iter
2252	 1.589395e-05	 2955	 iter
2253	 1.589395e-05	 2956	 iter
2254	 1.589395e-05	 2957	 iter
2255	 1.589395e-05	 2958	 iter
2256	 1.589395e-05	 2959	 iter
2257	 1.589395e-05	 2960	 iter
2258	 1.589395e-05	 2961	 iter
2259	 1.589395e-05	 2962	 iter
2260	 1.588830e-05	 2964	 iter
2261	 1.587347e-05	 2966	 iter
2262	 1.587347e-05	 2967	 iter
2263	 1.587347e-05	 2968	 iter
2264	 1.587347e-05	 2969	 iter
2265	 1.586027e-05	 2971	 iter
2266	 1.586027e-05	 2972	 iter
2267	 1.586027e-05	 2973	 iter
2268	 1.586027e-05	 2974	 iter
2269	 1.584207e-05	 2976	 iter
2270	 1.584207e-05	 2977	 iter
2271	 1.584207e-05	 2978	 iter
2272	 1.584207e-05	 2979	 iter
2273	 1.584207e-05	 2980	 iter
2274	 1.584207e-05	 2981	 iter
2275	 1.584207e-05	 2982	 iter
2276	 1.584207e-05	 2983	 iter
2277	 1.584207e-05	 2984	 iter
2278	 1.584207e-05	 2985	 iter
2279	 1.583453e-05	 2987	 iter
2280	 1.583453e-05	 2988	 iter
2281	 1.583453e-05	 2989	 iter
2282	 1.582726e-05	 2991	 iter
2283	 1.582460e-05	 2993	 iter
2284	 1.582460e-05	 2994	 iter
2285	 1.582432e-05	 2996	 iter
2286	 1.582432e-05	 2997	 iter
2287	 1.582432e-05	 2998	 iter
2288	 1.581955e-05	 3000	 iter
2289	 1.581955e-05	 3001	 iter
2290	 1.581955e-05	 3002	 iter
2291	 1.581955e-05	 3003	 iter
2292	 1.581955e-05	 3005	 iter
2293	 1.581955e-05	 3006	 iter
2294	 1.581955e-05	 3007	 iter
2295	 1.581457e-05	 3009	 iter
2296	 1.581457e-05	 3010	 iter
2297	 1.581457e-05	 3011	 iter
2298	 1.581457e-05	 3012	 iter
2299	 1.581457e-05	 3014	 iter
2300	 1.581457e-05	 3015	 iter
2301	 1.581457e-05	 3017	 iter
2302	 1.581238e-05	 3019	 iter
2303	 1.581200e-05	 3021	 iter
2304	 1.580832e-05	 3023	 iter
2305	 1.580832e-05	 3024	 iter
2306	 1.580832e-05	 3025	 iter
2307	 1.580832e-05	 3026	 iter
2308	 1.580832e-05	 3027	 iter
2309	 1.580832e-05	 3029	 iter
2310	 1.580756e-05	 3031	 iter
2311	 1.580756e-05	 3032	 iter
2312	 1.580756e-05	 3033	 iter
2313	 1.580459e-05	 3035	 iter
2314	 1.580110e-05	 3037	 iter
2315	 1.580110e-05	 3038	 iter
2316	 1.580110e-05	 3039	 iter
2317	 1.580110e-05	 3041	 iter
2318	 1.580110e-05	 3042	 iter
2319	 1.579225e-05	 3044	 iter
2320	 1.579225e-05	 3045	 iter
2321	 1.579225e-05	 3046	 iter
2322	 1.579225e-05	 3047	 iter
2323	 1.578789e-05	 3049	 iter
2324	 1.578789e-05	 3050	 iter
2325	 1.578789e-05	 3051	 iter
2326	 1.578789e-05	 3052	 iter
2327	 1.578789e-05	 3053	 iter
2328	 1.578288e-05	 3055	 iter
2329	 1.577865e-05	 3057	 iter
2330	 1.577865e-05	 3058	 iter
2331	 1.577865e-05	 3059	 iter
2332	 1.577865e-05	 3060	 iter
2333	 1.577011e-05	 3062	 iter
2334	 1.577011e-05	 3063	 iter
2335	 1.577011e-05	 3064	 iter
2336	 1.577011e-05	 3065	 iter
2337	 1.577011e-05	 3066	 iter
2338	 1.576555e-05	 3068	 iter
2339	 1.576120e-05	 3070	 iter
2340	 1.576120e-05	 3071	 iter
2341	 1.574546e-05	 3073	 iter
2342	 1.574546e-05	 3074	 iter
2343	 1.574546e-05	 3075	 iter
2344	 1.574546e-05	 3076	 iter
2345	 1.574234e-05	 3078	 iter
2346	 1.574234e-05	 3079	 iter
2347	 1.574234e-05	 3080	 iter
2348	 1.574234e-05	 3081	 iter
2349	 1.574234e-05	 3082	 iter
2350	 1.574234e-05	 3083	 iter
2351	 1.573411e-05	 3085	 iter
2352	 1.573411e-05	 3086	 iter
2353	 1.573411e-05	 3087	 iter
2354	 1.573411e-05	 3088	 iter
2355	 1.570660e-05	 3090	 iter
2356	 1.570660e-05	 3091	 iter
2357	 1.570660e-05	 3092	 iter
2358	 1.570660e-05	 3093	 iter
2359	 1.570660e-05	 3094	 iter
2360	 1.570660e-05	 3095	 iter
2361	 1.570660e-05	 3096	 iter
2362	 1.570660e-05	 3097	 iter
2363	 1.570660e-05	 3098	 iter
2364	 1.570660e-05	 3099	 iter
2365	 1.570660e-05	 3100	 iter
2366	 1.570660e-05	 3101	 iter
2367	 1.570660e-05	 3102	 iter
2368	 1.570660e-05	 3103	 iter
2369	 1.570660e-05	 3104	 iter
2370	 1.570660e-05	 3105	 iter
2371	 1.570660e-05	 3106	 iter
2372	 1.570660e-05	 3107	 iter
2373	 1.570660e-05	 3108	 iter
2374	 1.570252e-05	 3110	 iter
2375	 1.570252e-05	 3111	 iter
2376	 1.570213e-05	 3113	 iter
2377	 1.570213e-05	 3114	 iter
2378	 1.570213e-05	 3115	 iter
2379	 1.570213e-05	 3116	 iter
2380	 1.569056e-05	 3118	 iter
2381	 1.569056e-05	 3119	 iter
2382	 1.569056e-05	 3120	 iter
2383	 1.569056e-05	 3121	 iter
2384	 1.569056e-05	 3122	 iter
2385	 1.569056e-05	 3123	 iter
2386	 1.569056e-05	 3124	 iter
2387	 1.568544e-05	 3126	 iter
2388	 1.568544e-05	 3127	 iter
2389	 1.568544e-05	 3128	 iter
2390	 1.568544e-05	 3130	 iter
2391	 1.568544e-05	 3131	 iter
2392	 1.568544e-05	 3132	 iter
2393	 1.568544e-05	 3133	 iter
2394	 1.568544e-05	 3134	 iter
2395	 1.568544e-05	 3135	 iter
2396	 1.568544e-05	 3136	 iter
2397	 1.568544e-05	 3137	 iter
2398	 1.568544e-05	 3138	 iter
2399	 1.568544e-05	 3139	 iter
2400	 1.567924e-05	 3141	 iter
2401	 1.567924e-05	 3142	 iter
2402	 1.567924e-05	 3143	 iter
2403	 1.567924e-05	 3144	 iter
2404	 1.567924e-05	 3146	 iter
2405	 1.567924e-05	 3148	 iter
2406	 1.567924e-05	 3149	 iter
2407	 1.567924e-05	 3150	 iter
2408	 1.567775e-05	 3152	 iter
2409	 1.567025e-05	 3154	 iter
2410	 1.567025e-05	 3155	 iter
2411	 1.567025e-05	 3156	 iter
2412	 1.567025e-05	 3157	 iter
2413	 1.566949e-05	 3159	 iter
2414	 1.566949e-05	 3160	 iter
2415	 1.566949e-05	 3161	 iter
2416	 1.566949e-05	 3162	 iter
2417	 1.566949e-05	 3163	 iter
2418	 1.566671e-05	 3165	 iter
2419	 1.566671e-05	 3167	 iter
2420	 1.566671e-05	 3168	 iter
2421	 1.566491e-05	 3170	 iter
2422	 1.565943e-05	 3172	 iter
2423	 1.565943e-05	 3173	 iter
2424	 1.565943e-05	 3174	 iter
2425	 1.565943e-05	 3175	 iter
2426	 1.565462e-05	 3177	 iter
2427	 1.565462e-05	 3178	 iter
2428	 1.565462e-05	 3179	 iter
2429	 1.565462e-05	 3181	 iter
2430	 1.564561e-05	 3183	 iter
2431	 1.564561e-05	 3184	 iter
2432	 1.564561e-05	 3185	 iter
2433	 1.564561e-05	 3186	 iter
2434	 1.562514e-05	 3188	 iter
2435	 1.562514e-05	 3189	 iter
2436	 1.562514e-05	 3190	 iter
2437	 1.562514e-05	 3191	 iter
2438	 1.562514e-05	 3192	 iter
2439	 1.562514e-05	 3193	 iter
2440	 1.562514e-05	 3194	 iter
2441	 1.562514e-05	 3195	 iter
2442	 1.562315e-05	 3197	 iter
2443	 1.562315e-05	 3198	 iter
2444	 1.562315e-05	 3199	 iter
2445	 1.562104e-05	 3201	 iter
2446	 1.562104e-05	 3202	 iter
2447	 1.562104e-05	 3203	 iter
2448	 1.559314e-05	 3205	 iter
2449	 1.559314e-05	 3206	 iter
2450	 1.559314e-05	 3207	 iter
2451	 1.559314e-05	 3208	 iter
2452	 1.559314e-05	 3209	 iter
2453	 1.559314e-05	 3210	 iter
2454	 1.559314e-05	 3211	 iter
2455	 1.559314e-05	 3212	 iter
2456	 1.559314e-05	 3213	 iter
2457	 1.559312e-05	 3215	 iter
2458	 1.559115e-05	 3217	 iter
2459	 1.559115e-05	 3218	 iter
2460	 1.558814e-05	 3220	 iter
2461	 1.558814e-05	 3221	 iter
2462	 1.558490e-05	 3223	 iter
2463	 1.558023e-05	 3225	 iter
2464	 1.557795e-05	 3227	 iter
2465	 1.555992e-05	 3229	 iter
2466	 1.555992e-05	 3230	 iter
2467	 1.555992e-05	 3231	 iter
2468	 1.555992e-05	 3232	 iter
2469	 1.554616e-05	 3234	 iter
2470	 1.554616e-05	 3235	 iter
2471	 1.554616e-05	 3236	 iter
2472	 1.554616e-05	 3237	 iter
2473	 1.554616e-05	 3238	 iter
2474	 1.554616e-05	 3239	 iter
2475	 1.552737e-05	 3241	 iter
2476	 1.552737e-05	 3242	 iter
2477	 1.552737e-05	 3243	 iter
2478	 1.548739e-05	 3245	 iter
2479	 1.548739e-05	 3246	 iter
2480	 1.548739e-05	 3247	 iter
2481	 1.548739e-05	 3248	 iter
2482	 1.548739e-05	 3249	 iter
2483	 1.548739e-05	 3250	 iter
2484	 1.548739e-05	 3251	 iter
2485	 1.548739e-05	 3252	 iter
2486	 1.547874e-05	 3254	 iter
2487	 1.547874e-05	 3255	 iter
2488	 1.547874e-05	 3256	 iter
2489	 1.546012e-05	 3258	 iter
2490	 1.541599e-05	 3260	 iter
2491	 1.541599e-05	 3261	 iter
2492	 1.541599e-05	 3262	 iter
2493	 1.541599e-05	 3263	 iter
2494	 1.541599e-05	 3264	 iter
2495	 1.541599e-05	 3265	 iter
2496	 1.540691e-05	 3267	 iter
2497	 1.540691e-05	 3268	 iter
2498	 1.540465e-05	 3270	 iter
2499	 1.540465e-05	 3271	 iter
2500	 1.533849e-05	 3273	 iter
2501	 1.533849e-05	 3274	 iter
2502	 1.533849e-05	 3275	 iter
2503	 1.533849e-05	 3276	 iter
2504	 1.533849e-05	 3277	 iter
2505	 1.529996e-05	 3279	 iter
2506	 1.529996e-05	 3280	 iter
2507	 1.529996e-05	 3281	 iter
2508	 1.529996e-05	 3282	 iter
2509	 1.529996e-05	 3283	 iter
2510	 1.529312e-05	 3285	 iter
2511	 1.529312e-05	 3286	 iter
2512	 1.529312e-05	 3287	 iter
2513	 1.528319e-05	 3289	 iter
2514	 1.528319e-05	 3290	 iter
2515	 1.528319e-05	 3291	 iter
2516	 1.526044e-05	 3293	 iter
2517	 1.526044e-05	 3294	 iter
2518	 1.526044e-05	 3295	 iter
2519	 1.526044e-05	 3296	 iter
2520	 1.526044e-05	 3297	 iter
2521	 1.525128e-05	 3299	 iter
2522	 1.525128e-05	 3300	 iter
2523	 1.525128e-05	 3301	 iter
2524	 1.524122e-05	 3303	 iter
2525	 1.524122e-05	 3304	 iter
2526	 1.524122e-05	 3306	 iter
2527	 1.524122e-05	 3308	 iter
2528	 1.524122e-05	 3309	 iter
2529	 1.524122e-05	 3311	 iter
2530	 1.524122e-05	 3312	 iter
2531	 1.524122e-05	 3313	 iter
2532	 1.524122e-05	 3314	 iter
2533	 1.524122e-05	 3315	 iter
2534	 1.524122e-05	 3317	 iter
2535	 1.524122e-05	 3318	 iter
2536	 1.524062e-05	 3320	 iter
2537	 1.523868e-05	 3322	 iter
2538	 1.523868e-05	 3323	 iter
2539	 1.523094e-05	 3325	 iter
2540	 1.523094e-05	 3326	 iter
2541	 1.523094e-05	 3327	 iter
2542	 1.523094e-05	 3328	 iter
2543	 1.521949e-05	 3330	 iter
2544	 1.521949e-05	 3332	 iter
2545	 1.521552e-05	 3334	 iter
2546	 1.521552e-05	 3335	 iter
2547	 1.521552e-05	 3336	 iter
2548	 1.521102e-05	 3338	 iter
2549	 1.521102e-05	 3339	 iter
2550	 1.521102e-05	 3340	 iter
2551	 1.521102e-05	 3341	 iter
2552	 1.520639e-05	 3343	 iter
2553	 1.520639e-05	 3344	 iter
2554	 1.520639e-05	 3346	 iter
2555	 1.520639e-05	 3347	 iter
2556	 1.520639e-05	 3348	 iter
2557	 1.520639e-05	 3349	 iter
2558	 1.520639e-05	 3350	 iter
2559	 1.520639e-05	 3351	 iter
2560	 1.519918e-05	 3353	 iter
2561	 1.519918e-05	 3354	 iter
2562	 1.519918e-05	 3355	 iter
2563	 1.519918e-05	 3356	 iter
2564	 1.518932e-05	 3358	 iter
2565	 1.518932e-05	 3359	 iter
2566	 1.518932e-05	 3360	 iter
2567	 1.518932e-05	 3361	 iter
2568	 1.518932e-05	 3362	 iter
2569	 1.518932e-05	 3363	 iter
2570	 1.518932e-05	 3364	 iter
2571	 1.518932e-05	 3365	 iter
2572	 1.518932e-05	 3366	 iter
2573	 1.518932e-05	 3368	 iter
2574	 1.518932e-05	 3369	 iter
2575	 1.518932e-05	 3370	 iter
2576	 1.518932e-05	 3371	 iter
2577	 1.518932e-05	 3372	 iter
2578	 1.518932e-05	 3373	 iter
2579	 1.518932e-05	 3374	 iter
2580	 1.518932e-05	 3375	 iter
2581	 1.518932e-05	 3377	 iter
2582	 1.518932e-05	 3378	 iter
2583	 1.518932e-05	 3380	 iter
2584	 1.518932e-05	 3381	 iter
2585	 1.518239e-05	 3383	 iter
2586	 1.518239e-05	 3385	 iter
2587	 1.518239e-05	 3386	 iter
2588	 1.517654e-05	 3388	 iter
2589	 1.517654e-05	 3390	 iter
2590	 1.517654e-05	 3392	 iter
2591	 1.517654e-05	 3393	 iter
2592	 1.517654e-05	 3395	 iter
2593	 1.517654e-05	 3396	 iter
2594	 1.517654e-05	 3397	 iter
2595	 1.517654e-05	 3398	 iter
2596	 1.517654e-05	 3400	 iter
2597	 1.517654e-05	 3402	 iter
2598	 1.517654e-05	 3404	 iter
2599	 1.517654e-05	 3406	 iter
2600	 1.517654e-05	 3407	 iter
2601	 1.517563e-05	 3409	 iter
2602	 1.517563e-05	 3410	 iter
2603	 1.517563e-05	 3411	 iter
2604	 1.517563e-05	 3412	 iter
2605	 1.517563e-05	 3413	 iter
2606	 1.517563e-05	 3414	 iter
2607	 1.517363e-05	 3416	 iter
2608	 1.516920e-05	 3418	 iter
2609	 1.516920e-05	 3419	 iter
2610	 1.516920e-05	 3420	 iter
2611	 1.516920e-05	 3421	 iter
2612	 1.516842e-05	 3423	 iter
2613	 1.516761e-05	 3425	 iter
2614	 1.516649e-05	 3427	 iter
2615	 1.516649e-05	 3428	 iter
2616	 1.516541e-05	 3430	 iter
2617	 1.516541e-05	 3431	 iter
2618	 1.516541e-05	 3432	 iter
2619	 1.516541e-05	 3433	 iter
2620	 1.516527e-05	 3435	 iter
2621	 1.516527e-05	 3436	 iter
2622	 1.516527e-05	 3437	 iter
2623	 1.516527e-05	 3438	 iter
2624	 1.516430e-05	 3440	 iter
2625	 1.515953e-05	 3442	 iter
2626	 1.515953e-05	 3443	 iter
2627	 1.515793e-05	 3445	 iter
2628	 1.515793e-05	 3447	 iter
2629	 1.515579e-05	 3449	 iter
2630	 1.515579e-05	 3450	 iter
2631	 1.515579e-05	 3451	 iter
2632	 1.515579e-05	 3452	 iter
2633	 1.515579e-05	 3453	 iter
2634	 1.515579e-05	 3454	 iter
2635	 1.515579e-05	 3455	 iter
2636	 1.515579e-05	 3456	 iter
2637	 1.515579e-05	 3457	 iter
2638	 1.515579e-05	 3459	 iter
2639	 1.515452e-05	 3461	 iter
2640	 1.515452e-05	 3463	 iter
2641	 1.515452e-05	 3464	 iter
2642	 1.515452e-05	 3465	 iter
2643	 1.515360e-05	 3467	 iter
2644	 1.515360e-05	 3468	 iter
2645	 1.515360e-05	 3469	 iter
2646	 1.515068e-05	 3471	 iter
2647	 1.515068e-05	 3473	 iter
2648	 1.515068e-05	 3474	 iter
2649	 1.515068e-05	 3475	 iter
2650	 1.515068e-05	 3477	 iter
2651	 1.515068e-05	 3479	 iter
2652	 1.515068e-05	 3480	 iter
2653	 1.515068e-05	 3481	 iter
2654	 1.515068e-05	 3482	 iter
2655	 1.515068e-05	 3483	 iter
2656	 1.515068e-05	 3485	 iter
2657	 1.515068e-05	 3486	 iter
2658	 1.515068e-05	 3487	 iter
2659	 1.515068e-05	 3488	 iter
2660	 1.515068e-05	 3489	 iter
2661	 1.515068e-05	 3490	 iter
2662	 1.515068e-05	 3492	 iter
2663	 1.515068e-05	 3493	 iter
2664	 1.515068e-05	 3495	 iter
2665	 1.514994e-05	 3497	 iter
2666	 1.514994e-05	 3499	 iter
2667	 1.514994e-05	 3500	 iter
2668	 1.514994e-05	 3501	 iter
2669	 1.514994e-05	 3502	 iter
2670	 1.514994e-05	 3503	 iter
2671	 1.514994e-05	 3504	 iter
2672	 1.514994e-05	 3506	 iter
2673	 1.514994e-05	 3507	 iter
2674	 1.514994e-05	 3508	 iter
2675	 1.514994e-05	 3510	 iter
2676	 1.514994e-05	 3511	 iter
2677	 1.514994e-05	 3513	 iter
2678	 1.514857e-05	 3515	 iter
2679	 1.514857e-05	 3516	 iter
2680	 1.514857e-05	 3518	 iter
2681	 1.514857e-05	 3519	 iter
2682	 1.514857e-05	 3520	 iter
2683	 1.514857e-05	 3522	 iter
2684	 1.514857e-05	 3523	 iter
2685	 1.514857e-05	 3525	 iter
2686	 1.514857e-05	 3527	 iter
2687	 1.514857e-05	 3529	 iter
2688	 1.514857e-05	 3530	 iter
2689	 1.514857e-05	 3531	 iter
2690	 1.514857e-05	 3532	 iter
2691	 1.514857e-05	 3533	 iter
2692	 1.514857e-05	 3534	 iter
2693	 1.514857e-05	 3535	 iter
2694	 1.514857e-05	 3536	 iter
2695	 1.514857e-05	 3537	 iter
2696	 1.514836e-05	 3539	 iter
2697	 1.514833e-05	 3541	 iter
2698	 1.514819e-05	 3543	 iter
2699	 1.514819e-05	 3545	 iter
2700	 1.514819e-05	 3546	 iter
2701	 1.514815e-05	 3548	 iter
2702	 1.514813e-05	 3550	 iter
2703	 1.514808e-05	 3552	 iter
2704	 1.514808e-05	 3553	 iter
2705	 1.514808e-05	 3555	 iter
2706	 1.514808e-05	 3557	 iter
2707	 1.514807e-05	 3559	 iter
2708	 1.514807e-05	 3560	 iter
2709	 1.514806e-05	 3562	 iter
2710	 1.514802e-05	 3564	 iter
2711	 1.514802e-05	 3566	 iter
2712	 1.514802e-05	 3567	 iter
2713	 1.514800e-05	 3569	 iter
2714	 1.514798e-05	 3571	 iter
2715	 1.514795e-05	 3573	 iter
2716	 1.514795e-05	 3574	 iter
2717	 1.514795e-05	 3575	 iter
2718	 1.514788e-05	 3577	 iter
2719	 1.514788e-05	 3579	 iter
2720	 1.514787e-05	 3581	 iter
2721	 1.514781e-05	 3583	 iter
2722	 1.514781e-05	 3585	 iter
2723	 1.514781e-05	 3587	 iter
2724	 1.514781e-05	 3588	 iter
2725	 1.514781e-05	 3589	 iter
2726	 1.514781e-05	 3591	 iter
2727	 1.514779e-05	 3593	 iter
2728	 1.514779e-05	 3594	 iter
2729	 1.514779e-05	 3595	 iter
2730	 1.514779e-05	 3596	 iter
2731	 1.514779e-05	 3598	 iter
2732	 1.514779e-05	 3600	 iter
2733	 1.514778e-05	 3602	 iter
2734	 1.514778e-05	 3603	 iter
2735	 1.514778e-05	 3604	 iter
2736	 1.514775e-05	 3606	 iter
2737	 1.514775e-05	 3608	 iter
2738	 1.514775e-05	 3610	 iter
2739	 1.514775e-05	 3611	 iter
2740	 1.514775e-05	 3612	 iter
2741	 1.514775e-05	 3614	 iter
2742	 1.514775e-05	 3615	 iter
2743	 1.514773e-05	 3617	 iter
2744	 1.514771e-05	 3619	 iter
2745	 1.514771e-05	 3621	 iter
2746	 1.514771e-05	 3622	 iter
2747	 1.514771e-05	 3624	 iter
2748	 1.514771e-05	 3626	 iter
2749	 1.514771e-05	 3628	 iter
2750	 1.514771e-05	 3630	 iter
2751	 1.514771e-05	 3631	 iter
2752	 1.514771e-05	 3633	 iter
2753	 1.514771e-05	 3634	 iter
2754	 1.514771e-05	 3635	 iter
2755	 1.514771e-05	 3637	 iter
2756	 1.514771e-05	 3638	 iter
2757	 1.514771e-05	 3640	 iter
2758	 1.514771e-05	 3642	 iter
2759	 1.514771e-05	 3643	 iter
2760	 1.514771e-05	 3644	 iter
2761	 1.514770e-05	 3646	 iter
2762	 1.514770e-05	 3648	 iter
2763	 1.514770e-05	 3649	 iter
2764	 1.514770e-05	 3650	 iter
2765	 1.514770e-05	 3651	 iter
2766	 1.514770e-05	 3653	 iter
2767	 1.514770e-05	 3655	 iter
2768	 1.514770e-05	 3657	 iter
2769	 1.514769e-05	 3659	 iter
2770	 1.514769e-05	 3660	 iter
2771	 1.514769e-05	 3662	 iter
2772	 1.514769e-05	 3663	 iter
2773	 1.514769e-05	 3665	 iter
2774	 1.514769e-05	 3667	 iter
2775	 1.514769e-05	 3668	 iter
2776	 1.514769e-05	 3669	 iter
2777	 1.514769e-05	 3671	 iter
2778	 1.514769e-05	 3673	 iter
2779	 1.514768e-05	 3675	 iter
2780	 1.514768e-05	 3676	 iter
2781	 1.514768e-05	 3678	 iter
2782	 1.514768e-05	 3680	 iter
2783	 1.514768e-05	 3682	 iter
2784	 1.514768e-05	 3684	 iter
2785	 1.514768e-05	 3685	 iter
2786	 1.514768e-05	 3687	 iter
2787	 1.514768e-05	 3689	 iter
2788	 1.514768e-05	 3690	 iter
2789	 1.514768e-05	 3691	 iter
2790	 1.514768e-05	 3693	 iter
2791	 1.514768e-05	 3694	 iter
2792	 1.514768e-05	 3695	 iter
2793	 1.514768e-05	 3697	 iter
2794	 1.514768e-05	 3698	 iter
2795	 1.514768e-05	 3700	 iter
2796	 1.514767e-05	 3702	 iter
2797	 1.514767e-05	 3704	 iter
2798	 1.514767e-05	 3706	 iter
2799	 1.514767e-05	 3708	 iter
2800	 1.514767e-05	 3710	 iter
2801	 1.514767e-05	 3711	 iter
2802	 1.514766e-05	 3713	 iter
2803	 1.514766e-05	 3714	 iter
2804	 1.514766e-05	 3715	 iter
2805	 1.514766e-05	 3716	 iter
2806	 1.514766e-05	 3718	 iter
2807	 1.514766e-05	 3719	 iter
2808	 1.514766e-05	 3720	 iter
2809	 1.514766e-05	 3721	 iter
2810	 1.514766e-05	 3722	 iter
2811	 1.514766e-05	 3724	 iter
2812	 1.514766e-05	 3725	 iter
2813	 1.514766e-05	 3726	 iter
2814	 1.514766e-05	 3727	 iter
2815	 1.514766e-05	 3728	 iter
2816	 1.514766e-05	 3729	 iter
2817	 1.514766e-05	 3730	 iter
2818	 1.514766e-05	 3731	 iter
2819	 1.514766e-05	 3732	 iter
2820	 1.514766e-05	 3733	 iter
2821	 1.514766e-05	 3734	 iter
2822	 1.514766e-05	 3735	 iter
2823	 1.514766e-05	 3736	 iter
2824	 1.514766e-05	 3738	 iter
2825	 1.514766e-05	 3740	 iter
2826	 1.514766e-05	 3742	 iter
2827	 1.514766e-05	 3743	 iter
2828	 1.514765e-05	 3745	 iter
2829	 1.514765e-05	 3746	 iter
2830	 1.514765e-05	 3747	 iter
2831	 1.514765e-05	 3748	 iter
2832	 1.514765e-05	 3749	 iter
2833	 1.514765e-05	 3751	 iter
2834	 1.514765e-05	 3752	 iter
2835	 1.514765e-05	 3753	 iter
2836	 1.514765e-05	 3754	 iter
2837	 1.514765e-05	 3755	 iter
2838	 1.514765e-05	 3757	 iter
2839	 1.514765e-05	 3758	 iter
2840	 1.514764e-05	 3760	 iter
2841	 1.514764e-05	 3762	 iter
2842	 1.514764e-05	 3763	 iter
2843	 1.514764e-05	 3764	 iter
2844	 1.514764e-05	 3765	 iter
2845	 1.514764e-05	 3767	 iter
2846	 1.514764e-05	 3768	 iter
2847	 1.514764e-05	 3769	 iter
2848	 1.514764e-05	 3771	 iter
2849	 1.514763e-05	 3773	 iter
2850	 1.514762e-05	 3775	 iter
2851	 1.514762e-05	 3776	 iter
2852	 1.514762e-05	 3777	 iter
2853	 1.514762e-05	 3778	 iter
2854	 1.514762e-05	 3779	 iter
2855	 1.514762e-05	 3780	 iter
2856	 1.514762e-05	 3781	 iter
2857	 1.514762e-05	 3782	 iter
2858	 1.514762e-05	 3783	 iter
2859	 1.514762e-05	 3784	 iter
2860	 1.514762e-05	 3785	 iter
2861	 1.514762e-05	 3787	 iter
2862	 1.514762e-05	 3788	 iter
2863	 1.514761e-05	 3790	 iter
2864	 1.514760e-05	 3792	 iter
2865	 1.514760e-05	 3793	 iter
2866	 1.514760e-05	 3794	 iter
2867	 1.514760e-05	 3795	 iter
2868	 1.514760e-05	 3796	 iter
2869	 1.514760e-05	 3797	 iter
2870	 1.514760e-05	 3798	 iter
2871	 1.514760e-05	 3799	 iter
2872	 1.514760e-05	 3800	 iter
2873	 1.514760e-05	 3801	 iter
2874	 1.514759e-05	 3803	 iter
2875	 1.514759e-05	 3804	 iter
2876	 1.514759e-05	 3805	 iter
2877	 1.514759e-05	 3807	 iter
2878	 1.514759e-05	 3808	 iter
2879	 1.514758e-05	 3810	 iter
2880	 1.514758e-05	 3811	 iter
2881	 1.514758e-05	 3812	 iter
2882	 1.514758e-05	 3813	 iter
2883	 1.514758e-05	 3815	 iter
2884	 1.514758e-05	 3817	 iter
2885	 1.514757e-05	 3819	 iter
2886	 1.514757e-05	 3820	 iter
2887	 1.514757e-05	 3821	 iter
2888	 1.514757e-05	 3822	 iter
2889	 1.514757e-05	 3823	 iter
2890	 1.514757e-05	 3825	 iter
2891	 1.514757e-05	 3826	 iter
2892	 1.514757e-05	 3827	 iter
2893	 1.514757e-05	 3828	 iter
2894	 1.514756e-05	 3830	 iter
2895	 1.514756e-05	 3831	 iter
2896	 1.514756e-05	 3832	 iter
2897	 1.514756e-05	 3833	 iter
2898	 1.514756e-05	 3834	 iter
2899	 1.514756e-05	 3835	 iter
2900	 1.514756e-05	 3836	 iter
2901	 1.514755e-05	 3838	 iter
2902	 1.514755e-05	 3840	 iter
2903	 1.514755e-05	 3841	 iter
2904	 1.514755e-05	 3842	 iter
2905	 1.514755e-05	 3843	 iter
2906	 1.514755e-05	 3844	 iter
2907	 1.514754e-05	 3846	 iter
2908	 1.514754e-05	 3847	 iter
2909	 1.514754e-05	 3848	 iter
2910	 1.514754e-05	 3849	 iter
2911	 1.514754e-05	 3850	 iter
2912	 1.514754e-05	 3851	 iter
2913	 1.514754e-05	 3852	 iter
2914	 1.514754e-05	 3853	 iter
2915	 1.514754e-05	 3855	 iter
2916	 1.514754e-05	 3856	 iter
2917	 1.514754e-05	 3857	 iter
2918	 1.514754e-05	 3859	 iter
2919	 1.514754e-05	 3860	 iter
2920	 1.514754e-05	 3861	 iter
2921	 1.514754e-05	 3862	 iter
2922	 1.514754e-05	 3864	 iter
2923	 1.514753e-05	 3866	 iter
2924	 1.514753e-05	 3867	 iter
2925	 1.514752e-05	 3869	 iter
2926	 1.514752e-05	 3870	 iter
2927	 1.514752e-05	 3871	 iter
2928	 1.514752e-05	 3872	 iter
2929	 1.514752e-05	 3873	 iter
2930	 1.514752e-05	 3874	 iter
2931	 1.514752e-05	 3875	 iter
2932	 1.514752e-05	 3876	 iter
2933	 1.514752e-05	 3877	 iter
2934	 1.514752e-05	 3878	 iter
2935	 1.514752e-05	 3879	 iter
2936	 1.514752e-05	 3880	 iter
2937	 1.514752e-05	 3881	 iter
2938	 1.514752e-05	 3882	 iter
2939	 1.514752e-05	 3883	 iter
2940	 1.514752e-05	 3885	 iter
2941	 1.514752e-05	 3886	 iter
2942	 1.514752e-05	 3888	 iter
2943	 1.514752e-05	 3889	 iter
2944	 1.514752e-05	 3890	 iter
2945	 1.514752e-05	 3891	 iter
2946	 1.514752e-05	 3892	 iter
2947	 1.514752e-05	 3893	 iter
2948	 1.514752e-05	 3894	 iter
2949	 1.514752e-05	 3895	 iter
2950	 1.514751e-05	 3897	 iter
2951	 1.514751e-05	 3898	 iter
2952	 1.514751e-05	 3899	 iter
2953	 1.514751e-05	 3900	 iter
2954	 1.514751e-05	 3901	 iter
2955	 1.514751e-05	 3902	 iter
2956	 1.514751e-05	 3904	 iter
2957	 1.514751e-05	 3905	 iter
2958	 1.514751e-05	 3907	 iter
2959	 1.514751e-05	 3908	 iter
2960	 1.514751e-05	 3909	 iter
2961	 1.514751e-05	 3910	 iter
2962	 1.514751e-05	 3912	 iter
2963	 1.514750e-05	 3914	 iter
2964	 1.514750e-05	 3916	 iter
2965	 1.514750e-05	 3917	 iter
2966	 1.514750e-05	 3918	 iter
2967	 1.514750e-05	 3919	 iter
2968	 1.514750e-05	 3920	 iter
2969	 1.514750e-05	 3921	 iter
2970	 1.514750e-05	 3922	 iter
2971	 1.514749e-05	 3924	 iter
2972	 1.514749e-05	 3925	 iter
2973	 1.514749e-05	 3927	 iter
2974	 1.514749e-05	 3928	 iter
2975	 1.514749e-05	 3929	 iter
2976	 1.514749e-05	 3930	 iter
2977	 1.514749e-05	 3932	 iter
2978	 1.514749e-05	 3933	 iter
2979	 1.514749e-05	 3935	 iter
2980	 1.514749e-05	 3937	 iter
2981	 1.514749e-05	 3939	 iter
2982	 1.514749e-05	 3940	 iter
2983	 1.514749e-05	 3941	 iter
2984	 1.514749e-05	 3942	 iter
2985	 1.514749e-05	 3944	 iter
2986	 1.514749e-05	 3945	 iter
2987	 1.514749e-05	 3946	 iter
2988	 1.514749e-05	 3947	 iter
2989	 1.514749e-05	 3949	 iter
2990	 1.514749e-05	 3950	 iter
2991	 1.514748e-05	 3952	 iter
2992	 1.514748e-05	 3953	 iter
2993	 1.514748e-05	 3954	 iter
2994	 1.514748e-05	 3955	 iter
2995	 1.514748e-05	 3956	 iter
2996	 1.514748e-05	 3957	 iter
2997	 1.514748e-05	 3958	 iter
2998	 1.514748e-05	 3959	 iter
2999	 1.514748e-05	 3960	 iter
3000	 1.514748e-05	 3961	 iter
3001	 1.514748e-05	 3962	 iter
3002	 1.514748e-05	 3963	 iter
3003	 1.514748e-05	 3965	 iter
3004	 1.514747e-05	 3967	 iter
3005	 1.514747e-05	 3968	 iter
3006	 1.514747e-05	 3969	 iter
3007	 1.514747e-05	 3970	 iter
3008	 1.514747e-05	 3972	 iter
3009	 1.514747e-05	 3973	 iter
3010	 1.514747e-05	 3974	 iter
3011	 1.514747e-05	 3975	 iter
3012	 1.514747e-05	 3977	 iter
3013	 1.514747e-05	 3978	 iter
3014	 1.514747e-05	 3980	 iter
3015	 1.514747e-05	 3981	 iter
3016	 1.514747e-05	 3982	 iter
3017	 1.514747e-05	 3984	 iter
3018	 1.514747e-05	 3985	 iter
3019	 1.514747e-05	 3986	 iter
3020	 1.514747e-05	 3987	 iter
3021	 1.514747e-05	 3988	 iter
3022	 1.514747e-05	 3989	 iter
3023	 1.514747e-05	 3991	 iter
3024	 1.514746e-05	 3993	 iter
3025	 1.514746e-05	 3994	 iter
3026	 1.514746e-05	 3995	 iter
3027	 1.514746e-05	 3996	 iter
3028	 1.514746e-05	 3997	 iter
3029	 1.514746e-05	 3998	 iter
3030	 1.514746e-05	 3999	 iter
3031	 1.514746e-05	 4000	 iter
3032	 1.514746e-05	 4001	 iter
3033	 1.514746e-05	 4002	 iter
3034	 1.514746e-05	 4003	 iter
3035	 1.514746e-05	 4004	 iter
3036	 1.514746e-05	 4006	 iter
3037	 1.514746e-05	 4007	 iter
3038	 1.514746e-05	 4009	 iter
3039	 1.514746e-05	 4010	 iter
3040	 1.514746e-05	 4012	 iter
3041	 1.514746e-05	 4013	 iter
3042	 1.514746e-05	 4014	 iter
3043	 1.514746e-05	 4015	 iter
3044	 1.514746e-05	 4017	 iter
3045	 1.514746e-05	 4018	 iter
3046	 1.514746e-05	 4019	 iter
3047	 1.514746e-05	 4020	 iter
3048	 1.514746e-05	 4021	 iter
3049	 1.514746e-05	 4022	 iter
3050	 1.514746e-05	 4023	 iter
3051	 1.514746e-05	 4024	 iter
3052	 1.514746e-05	 4025	 iter
3053	 1.514746e-05	 4026	 iter
3054	 1.514746e-05	 4028	 iter
3055	 1.514746e-05	 4030	 iter
3056	 1.514746e-05	 4031	 iter
3057	 1.514746e-05	 4032	 iter
3058	 1.514745e-05	 4034	 iter
3059	 1.514745e-05	 4035	 iter
3060	 1.514745e-05	 4037	 iter
3061	 1.514745e-05	 4038	 iter
3062	 1.514745e-05	 4039	 iter
3063	 1.514745e-05	 4040	 iter
3064	 1.514745e-05	 4041	 iter
3065	 1.514745e-05	 4042	 iter
3066	 1.514745e-05	 4043	 iter
3067	 1.514745e-05	 4045	 iter
3067	 1.514745e-05	 4045	 done
