0	 7.703710e-33	 1	 init
0	 7.703710e-33	 1	 iter
1	 7.703710e-33	 17	 iter
2	 7.703710e-33	 19	 iter
3	 7.703710e-33	 21	 iter
4	 7.703710e-33	 23	 iter
5	 7.703710e-33	 25	 iter
6	 7.703710e-33	 27	 iter
7	 7.703710e-33	 29	 iter
8	 7.703710e-33	 31	 iter
9	 7.703710e-33	 32	 iter
10	 7.703710e-33	 33	 iter
11	 7.703710e-33	 35	 iter
12	 7.703710e-33	 37	 iter
13	 7.703710e-33	 39	 iter
14	 7.703710e-33	 40	 iter
15	 7.703710e-33	 42	 iter
16	 7.703710e-33	 44	 iter
17	 7.703710e-33	 46	 iter
18	 7.703710e-33	 48	 iter
19	 7.703710e-33	 50	 iter
20	 7.703710e-33	 52	 iter
21	 7.703710e-33	 54	 iter
22	 7.703710e-33	 56	 iter
23	 7.703710e-33	 58	 iter
24	 7.703710e-33	 60	 iter
25	 7.703710e-33	 62	 iter
26	 7.703710e-33	 63	 iter
27	 7.703710e-33	 65	 iter
28	 7.703710e-33	 67	 iter
29	 7.703710e-33	 69	 iter
30	 7.703710e-33	 71	 iter
31	 7.703710e-33	 73	 iter
32	 7.703710e-33	 75	 iter
33	 7.703710e-33	 77	 iter
34	 7.703710e-33	 79	 iter
35	 7.703710e-33	 80	 iter
36	 7.703710e-33	 82	 iter
37	 7.703710e-33	 84	 iter
38	 7.703710e-33	 85	 iter
39	 7.703710e-33	 87	 iter
40	 7.703710e-33	 89	 iter
41	 7.703710e-33	 91	 iter
42	 7.703710e-33	 93	 iter
43	 7.703710e-33	 95	 iter
44	 7.703710e-33	 97	 iter
45	 7.703710e-33	 99	 iter
46	 7.703710e-33	 101	 iter
47	 7.703710e-33	 103	 iter
48	 7.703710e-33	 105	 iter
49	 7.703710e-33	 107	 iter
50	 7.703710e-33	 109	 iter
51	 7.703710e-33	 111	 iter
52	 7.703710e-33	 113	 iter
53	 7.703710e-33	 115	 iter
54	 7.703710e-33	 117	 iter
55	 7.703710e-33	 119	 iter
56	 7.703710e-33	 120	 iter
57	 7.703710e-33	 122	 iter
58	 7.703710e-33	 124	 iter
59	 7.703710e-33	 126	 iter
60	 7.703710e-33	 128	 iter
61	 7.703710e-33	 129	 iter
62	 7.703710e-33	 130	 iter
63	 7.703710e-33	 132	 iter
64	 7.703710e-33	 134	 iter
65	 7.703710e-33	 136	 iter
66	 7.703710e-33	 138	 iter
67	 7.703710e-33	 140	 iter
68	 7.703710e-33	 142	 iter
69	 7.703710e-33	 144	 iter
70	 7.703710e-33	 146	 iter
71	 7.703710e-33	 148	 iter
72	 7.703710e-33	 150	 iter
73	 7.703710e-33	 152	 iter
74	 7.703710e-33	 154	 iter
75	 7.703710e-33	 156	 iter
76	 7.703710e-33	 158	 iter
77	 7.703710e-33	 159	 iter
78	 7.703710e-33	 161	 iter
79	 7.703710e-33	 163	 iter
80	 7.703710e-33	 164	 iter
81	 7.703710e-33	 166	 iter
82	 7.703710e-33	 167	 iter
83	 7.703710e-33	 168	 iter
84	 7.703710e-33	 170	 iter
85	 7.703710e-33	 172	 iter
86	 7.703710e-33	 174	 iter
87	 7.703710e-33	 175	 iter
88	 7.703710e-33	 177	 iter
89	 7.703710e-33	 179	 iter
90	 7.703710e-33	 181	 iter
91	 7.703710e-33	 183	 iter
92	 7.703710e-33	 184	 iter
93	 7.703710e-33	 185	 iter
94	 7.703710e-33	 187	 iter
95	 7.703710e-33	 189	 iter
96	 7.703710e-33	 191	 iter
97	 7.703710e-33	 193	 iter
98	 7.703710e-33	 194	 iter
99	 7.703710e-33	 195	 iter
100	 7.703710e-33	 197	 iter
101	 7.703710e-33	 199	 iter
102	 7.703710e-33	 200	 iter
103	 7.703710e-33	 202	 iter
104	 7.703710e-33	 204	 iter
105	 7.703710e-33	 205	 iter
106	 7.703710e-33	 206	 iter
107	 7.703710e-33	 208	 iter
108	 7.703710e-33	 209	 iter
109	 7.703710e-33	 210	 iter
110	 7.703710e-33	 211	 iter
111	 7.703710e-33	 212	 iter
112	 7.703710e-33	 214	 iter
113	 7.703710e-33	 215	 iter
114	 7.703710e-33	 217	 iter
115	 7.703710e-33	 219	 iter
116	 7.703710e-33	 220	 iter
117	 7.703710e-33	 221	 iter
118	 7.703710e-33	 222	 iter
119	 7.703710e-33	 224	 iter
120	 7.703710e-33	 226	 iter
121	 7.703710e-33	 228	 iter
122	 7.703710e-33	 229	 iter
123	 7.703710e-33	 231	 iter
124	 7.703710e-33	 232	 iter
125	 7.703710e-33	 234	 iter
126	 7.703710e-33	 235	 iter
127	 7.703710e-33	 236	 iter
128	 7.703710e-33	 237	 iter
129	 7.703710e-33	 238	 iter
130	 7.703710e-33	 239	 iter
131	 7.703710e-33	 241	 iter
132	 7.703710e-33	 243	 iter
133	 7.703710e-33	 244	 iter
134	 7.703710e-33	 245	 iter
135	 7.703710e-33	 247	 iter
136	 7.703710e-33	 249	 iter
137	 7.703710e-33	 250	 iter
138	 7.703710e-33	 251	 iter
139	 7.703710e-33	 252	 iter
140	 7.703710e-33	 253	 iter
141	 7.703710e-33	 255	 iter
141	 7.703710e-33	 255	 done
