0	 1.888648e-04	 1	 init
0	 1.888648e-04	 1	 iter
1	 1.663782e-04	 17	 iter
2	 1.663782e-04	 19	 iter
3	 1.663782e-04	 21	 iter
4	 1.663782e-04	 23	 iter
5	 1.663782e-04	 25	 iter
6	 1.663782e-04	 26	 iter
7	 1.663782e-04	 27	 iter
8	 1.663782e-04	 28	 iter
9	 1.663782e-04	 29	 iter
10	 1.663782e-04	 30	 iter
11	 1.663782e-04	 31	 iter
12	 1.663782e-04	 32	 iter
13	 1.663782e-04	 33	 iter
14	 1.663782e-04	 34	 iter
15	 1.663782e-04	 35	 iter
16	 1.663782e-04	 36	 iter
17	 1.492548e-04	 38	 iter
18	 1.492548e-04	 39	 iter
19	 1.492548e-04	 40	 iter
20	 1.492548e-04	 41	 iter
21	 1.492548e-04	 43	 iter
22	 1.492548e-04	 44	 iter
23	 1.492548e-04	 45	 iter
24	 1.492548e-04	 46	 iter
25	 1.492548e-04	 48	 iter
26	 1.492548e-04	 49	 iter
27	 1.492548e-04	 50	 iter
28	 1.492548e-04	 51	 iter
29	 1.492548e-04	 52	 iter
30	 1.492548e-04	 53	 iter
31	 1.492548e-04	 54	 iter
32	 1.395823e-04	 56	 iter
33	 1.395823e-04	 57	 iter
34	 1.395823e-04	 58	 iter
35	 1.395823e-04	 59	 iter
36	 1.395823e-04	 60	 iter
37	 1.395823e-04	 61	 iter
38	 1.395823e-04	 62	 iter
39	 1.395823e-04	 63	 iter
40	 1.348537e-04	 65	 iter
41	 1.348537e-04	 66	 iter
42	 1.348537e-04	 67	 iter
43	 1.348537e-04	 68	 iter
44	 1.264620e-04	 70	 iter
45	 1.264620e-04	 71	 iter
46	 1.264620e-04	 72	 iter
47	 1.121161e-04	 74	 iter
48	 1.121161e-04	 75	 iter
49	 1.121161e-04	 76	 iter
50	 1.121161e-04	 77	 iter
51	 1.121161e-04	 78	 iter
52	 1.121161e-04	 79	 iter
53	 1.121161e-04	 80	 iter
54	 1.121161e-04	 81	 iter
55	 1.053726e-04	 83	 iter
56	 1.053726e-04	 84	 iter
57	 1.053726e-04	 85	 iter
58	 1.053726e-04	 86	 iter
59	 1.053726e-04	 87	 iter
60	 1.053726e-04	 88	 iter
61	 1.053726e-04	 89	 iter
62	 1.033467e-04	 91	 iter
63	 1.033467e-04	 92	 iter
64	 1.033467e-04	 93	 iter
65	 1.011613e-04	 95	 iter
66	 1.011613e-04	 96	 iter
67	 1.011613e-04	 97	 iter
68	 9.808261e-05	 99	 iter
69	 9.808261e-05	 101	 iter
70	 9.808261e-05	 102	 iter
71	 9.808261e-05	 103	 iter
72	 9.808261e-05	 104	 iter
73	 9.808261e-05	 105	 iter
74	 9.808261e-05	 107	 iter
75	 9.808261e-05	 108	 iter
76	 9.808261e-05	 110	 iter
77	 9.808261e-05	 112	 iter
78	 9.808261e-05	 113	 iter
79	 9.808261e-05	 114	 iter
80	 9.808261e-05	 115	 iter
81	 9.808261e-05	 117	 iter
82	 9.808261e-05	 118	 iter
83	 9.808261e-05	 120	 iter
84	 9.808261e-05	 122	 iter
85	 9.808261e-05	 123	 iter
86	 9.808261e-05	 125	 iter
87	 9.808261e-05	 126	 iter
88	 9.808261e-05	 127	 iter
89	 9.714206e-05	 129	 iter
90	 9.714206e-05	 130	 iter
91	 9.714206e-05	 132	 iter
92	 9.714206e-05	 133	 iter
93	 9.519360e-05	 135	 iter
94	 9.519360e-05	 136	 iter
95	 9.519360e-05	 138	 iter
96	 9.519360e-05	 140	 iter
97	 9.519360e-05	 141	 iter
98	 9.519360e-05	 142	 iter
99	 9.481649e-05	 144	 iter
100	 9.481649e-05	 145	 iter
101	 9.481649e-05	 146	 iter
102	 9.450253e-05	 148	 iter
103	 9.450253e-05	 149	 iter
104	 9.450253e-05	 150	 iter
105	 9.450253e-05	 152	 iter
106	 9.427653e-05	 154	 iter
107	 9.427653e-05	 156	 iter
108	 9.427653e-05	 158	 iter
109	 9.427653e-05	 159	 iter
110	 9.427653e-05	 160	 iter
111	 9.404519e-05	 162	 iter
112	 9.404519e-05	 163	 iter
113	 9.404519e-05	 164	 iter
114	 9.404519e-05	 165	 iter
115	 9.404519e-05	 166	 iter
116	 9.404519e-05	 167	 iter
117	 9.404519e-05	 168	 iter
118	 9.404519e-05	 170	 iter
119	 9.398645e-05	 172	 iter
120	 9.398645e-05	 174	 iter
121	 9.289530e-05	 176	 iter
122	 9.289530e-05	 177	 iter
123	 9.289530e-05	 178	 iter
124	 9.289530e-05	 179	 iter
125	 9.289530e-05	 180	 iter
126	 9.289530e-05	 181	 iter
127	 9.289530e-05	 183	 iter
128	 9.289530e-05	 185	 iter
129	 9.289530e-05	 186	 iter
130	 9.284010e-05	 188	 iter
131	 9.284010e-05	 189	 iter
132	 9.284010e-05	 191	 iter
133	 9.284010e-05	 192	 iter
134	 9.284010e-05	 193	 iter
135	 9.284010e-05	 194	 iter
136	 9.260854e-05	 196	 iter
137	 9.260854e-05	 198	 iter
138	 9.260854e-05	 200	 iter
139	 9.260854e-05	 202	 iter
140	 9.260854e-05	 204	 iter
141	 9.260854e-05	 205	 iter
142	 9.067905e-05	 207	 iter
143	 9.067905e-05	 208	 iter
144	 9.067905e-05	 209	 iter
145	 9.067905e-05	 210	 iter
146	 9.067905e-05	 212	 iter
147	 9.067905e-05	 213	 iter
148	 9.067905e-05	 214	 iter
149	 9.067905e-05	 215	 iter
150	 9.067905e-05	 216	 iter
151	 9.067905e-05	 218	 iter
152	 9.067905e-05	 219	 iter
153	 9.067905e-05	 220	 iter
154	 9.067905e-05	 221	 iter
155	 9.067905e-05	 223	 iter
156	 9.067905e-05	 224	 iter
157	 9.067905e-05	 225	 iter
158	 9.067905e-05	 226	 iter
159	 9.067905e-05	 227	 iter
160	 9.067905e-05	 228	 iter
161	 9.067905e-05	 229	 iter
162	 8.997801e-05	 231	 iter
163	 8.997801e-05	 232	 iter
164	 8.997801e-05	 233	 iter
165	 8.997801e-05	 234	 iter
166	 8.907066e-05	 236	 iter
167	 8.907066e-05	 237	 iter
168	 8.907066e-05	 238	 iter
169	 8.907066e-05	 239	 iter
170	 8.907066e-05	 240	 iter
171	 8.907066e-05	 241	 iter
172	 8.735305e-05	 243	 iter
173	 8.735305e-05	 244	 iter
174	 8.735305e-05	 245	 iter
175	 8.735305e-05	 246	 iter
176	 8.735305e-05	 247	 iter
177	 8.735305e-05	 248	 iter
178	 8.735305e-05	 249	 iter
179	 8.735305e-05	 250	 iter
180	 8.574193e-05	 252	 iter
181	 8.574193e-05	 253	 iter
182	 8.574193e-05	 254	 iter
183	 8.574193e-05	 255	 iter
184	 8.574193e-05	 256	 iter
185	 8.574193e-05	 257	 iter
186	 8.574193e-05	 258	 iter
187	 8.515112e-05	 260	 iter
188	 8.515112e-05	 261	 iter
189	 8.335974e-05	 263	 iter
190	 8.335974e-05	 264	 iter
191	 8.335974e-05	 265	 iter
192	 8.335974e-05	 266	 iter
193	 8.335974e-05	 267	 iter
194	 8.335974e-05	 268	 iter
195	 8.262994e-05	 270	 iter
196	 8.262994e-05	 271	 iter
197	 8.262994e-05	 272	 iter
198	 7.994200e-05	 274	 iter
199	 7.994200e-05	 275	 iter
200	 7.994200e-05	 276	 iter
201	 7.994200e-05	 277	 iter
202	 7.994200e-05	 278	 iter
203	 7.994200e-05	 279	 iter
204	 7.994200e-05	 280	 iter
205	 7.914010e-05	 282	 iter
206	 7.914010e-05	 283	 iter
207	 7.914010e-05	 284	 iter
208	 7.825857e-05	 286	 iter
209	 7.825857e-05	 287	 iter
210	 7.825857e-05	 288	 iter
211	 7.809689e-05	 290	 iter
212	 7.809689e-05	 291	 iter
213	 7.809689e-05	 292	 iter
214	 7.778633e-05	 294	 iter
215	 7.778633e-05	 295	 iter
216	 7.778633e-05	 296	 iter
217	 7.778633e-05	 297	 iter
218	 7.778633e-05	 299	 iter
219	 7.650625e-05	 301	 iter
220	 7.650625e-05	 303	 iter
221	 7.650625e-05	 304	 iter
222	 7.650625e-05	 305	 iter
223	 7.650625e-05	 306	 iter
224	 7.650625e-05	 307	 iter
225	 7.650625e-05	 308	 iter
226	 7.650625e-05	 310	 iter
227	 7.650625e-05	 312	 iter
228	 7.650625e-05	 313	 iter
229	 7.650625e-05	 314	 iter
230	 7.650625e-05	 315	 iter
231	 7.650625e-05	 316	 iter
232	 7.650625e-05	 317	 iter
233	 7.509184e-05	 319	 iter
234	 7.509184e-05	 320	 iter
235	 7.509184e-05	 321	 iter
236	 7.509184e-05	 322	 iter
237	 7.509184e-05	 323	 iter
238	 7.509184e-05	 324	 iter
239	 7.509184e-05	 325	 iter
240	 7.509184e-05	 326	 iter
241	 7.509184e-05	 327	 iter
242	 7.509184e-05	 328	 iter
243	 7.509184e-05	 329	 iter
244	 7.509184e-05	 330	 iter
245	 7.509184e-05	 331	 iter
246	 7.509184e-05	 332	 iter
247	 7.509184e-05	 333	 iter
248	 7.509184e-05	 334	 iter
249	 7.509184e-05	 336	 iter
250	 7.509184e-05	 337	 iter
251	 7.507779e-05	 339	 iter
252	 7.507779e-05	 341	 iter
253	 7.507779e-05	 342	 iter
254	 7.507779e-05	 343	 iter
255	 7.357737e-05	 345	 iter
256	 7.357737e-05	 346	 iter
257	 7.357737e-05	 347	 iter
258	 7.357737e-05	 348	 iter
259	 7.357737e-05	 349	 iter
260	 7.357737e-05	 350	 iter
261	 7.357737e-05	 351	 iter
262	 7.357737e-05	 352	 iter
263	 7.319913e-05	 354	 iter
264	 7.319913e-05	 355	 iter
265	 7.319913e-05	 356	 iter
266	 7.319913e-05	 357	 iter
267	 7.319913e-05	 358	 iter
268	 7.319913e-05	 359	 iter
269	 7.319913e-05	 360	 iter
270	 7.319913e-05	 361	 iter
271	 7.319913e-05	 362	 iter
272	 7.237977e-05	 364	 iter
273	 7.237977e-05	 365	 iter
274	 7.053998e-05	 367	 iter
275	 7.053998e-05	 368	 iter
276	 7.053998e-05	 369	 iter
277	 7.053998e-05	 370	 iter
278	 7.053998e-05	 371	 iter
279	 7.053998e-05	 372	 iter
280	 7.053998e-05	 373	 iter
281	 7.053998e-05	 374	 iter
282	 7.053998e-05	 376	 iter
283	 7.053998e-05	 377	 iter
284	 7.053998e-05	 378	 iter
285	 7.053998e-05	 379	 iter
286	 7.053998e-05	 380	 iter
287	 7.053998e-05	 381	 iter
288	 7.053998e-05	 382	 iter
289	 7.020470e-05	 384	 iter
290	 7.020470e-05	 386	 iter
291	 7.020470e-05	 387	 iter
292	 7.020470e-05	 388	 iter
293	 7.020470e-05	 389	 iter
294	 6.984244e-05	 391	 iter
295	 6.984244e-05	 392	 iter
296	 6.984244e-05	 393	 iter
297	 6.908172e-05	 395	 iter
298	 6.908172e-05	 396	 iter
299	 6.901321e-05	 398	 iter
300	 6.901321e-05	 399	 iter
301	 6.748524e-05	 401	 iter
302	 6.748524e-05	 402	 iter
303	 6.748524e-05	 403	 iter
304	 6.748524e-05	 404	 iter
305	 6.748524e-05	 405	 iter
306	 6.479242e-05	 407	 iter
307	 6.479242e-05	 408	 iter
308	 6.479242e-05	 409	 iter
309	 6.479242e-05	 410	 iter
310	 6.479242e-05	 411	 iter
311	 6.479242e-05	 412	 iter
312	 6.479242e-05	 413	 iter
313	 6.479242e-05	 414	 iter
314	 6.479242e-05	 415	 iter
315	 6.479242e-05	 416	 iter
316	 6.479242e-05	 417	 iter
317	 6.479242e-05	 418	 iter
318	 6.479242e-05	 419	 iter
319	 6.479242e-05	 420	 iter
320	 6.467182e-05	 422	 iter
321	 6.411786e-05	 424	 iter
322	 6.411786e-05	 425	 iter
323	 6.388276e-05	 427	 iter
324	 6.388276e-05	 428	 iter
325	 6.334728e-05	 430	 iter
326	 6.334728e-05	 431	 iter
327	 6.160005e-05	 433	 iter
328	 6.160005e-05	 434	 iter
329	 6.160005e-05	 435	 iter
330	 6.160005e-05	 436	 iter
331	 6.160005e-05	 437	 iter
332	 6.160005e-05	 438	 iter
333	 6.160005e-05	 439	 iter
334	 6.160005e-05	 440	 iter
335	 6.160005e-05	 441	 iter
336	 6.160005e-05	 443	 iter
337	 6.015087e-05	 445	 iter
338	 5.946726e-05	 447	 iter
339	 5.946726e-05	 448	 iter
340	 5.946726e-05	 449	 iter
341	 5.917902e-05	 451	 iter
342	 5.917902e-05	 452	 iter
343	 5.778596e-05	 454	 iter
344	 5.778596e-05	 455	 iter
345	 5.778596e-05	 456	 iter
346	 5.778596e-05	 457	 iter
347	 5.778596e-05	 458	 iter
348	 5.778596e-05	 459	 iter
349	 5.778596e-05	 460	 iter
350	 5.778596e-05	 461	 iter
351	 5.778596e-05	 462	 iter
352	 5.778596e-05	 463	 iter
353	 5.778596e-05	 464	 iter
354	 5.778596e-05	 466	 iter
355	 5.778596e-05	 467	 iter
356	 5.778596e-05	 468	 iter
357	 5.778596e-05	 469	 iter
358	 5.778596e-05	 470	 iter
359	 5.778596e-05	 471	 iter
360	 5.710473e-05	 473	 iter
361	 5.710473e-05	 474	 iter
362	 5.710473e-05	 476	 iter
363	 5.710473e-05	 477	 iter
364	 5.710473e-05	 479	 iter
365	 5.710473e-05	 481	 iter
366	 5.710473e-05	 483	 iter
367	 5.710473e-05	 484	 iter
368	 5.625473e-05	 486	 iter
369	 5.625473e-05	 488	 iter
370	 5.625473e-05	 489	 iter
371	 5.625473e-05	 490	 iter
372	 5.625473e-05	 491	 iter
373	 5.625473e-05	 492	 iter
374	 5.625473e-05	 493	 iter
375	 5.625473e-05	 495	 iter
376	 5.625473e-05	 497	 iter
377	 5.625473e-05	 499	 iter
378	 5.625473e-05	 500	 iter
379	 5.625473e-05	 502	 iter
380	 5.625473e-05	 504	 iter
381	 5.625473e-05	 505	 iter
382	 5.625473e-05	 506	 iter
383	 5.625473e-05	 508	 iter
384	 5.625473e-05	 509	 iter
385	 5.545819e-05	 511	 iter
386	 5.545819e-05	 512	 iter
387	 5.545819e-05	 514	 iter
388	 5.545819e-05	 515	 iter
389	 5.545819e-05	 516	 iter
390	 5.545819e-05	 517	 iter
391	 5.545819e-05	 518	 iter
392	 5.545819e-05	 519	 iter
393	 5.545819e-05	 520	 iter
394	 5.545819e-05	 521	 iter
395	 5.545819e-05	 522	 iter
396	 5.511655e-05	 524	 iter
397	 5.511655e-05	 525	 iter
398	 5.511655e-05	 526	 iter
399	 5.511655e-05	 527	 iter
400	 5.511655e-05	 528	 iter
401	 5.511655e-05	 529	 iter
402	 5.511655e-05	 530	 iter
403	 5.430132e-05	 532	 iter
404	 5.430132e-05	 533	 iter
405	 5.430132e-05	 534	 iter
406	 5.430132e-05	 535	 iter
407	 5.430132e-05	 536	 iter
408	 5.430132e-05	 537	 iter
409	 5.430132e-05	 538	 iter
410	 5.430132e-05	 540	 iter
411	 5.361625e-05	 542	 iter
412	 5.361625e-05	 543	 iter
413	 5.361625e-05	 544	 iter
414	 5.361625e-05	 545	 iter
415	 5.361625e-05	 546	 iter
416	 5.361625e-05	 547	 iter
417	 5.361625e-05	 548	 iter
418	 5.361625e-05	 549	 iter
419	 5.361625e-05	 550	 iter
420	 5.361625e-05	 551	 iter
421	 5.361625e-05	 552	 iter
422	 5.290136e-05	 554	 iter
423	 5.290136e-05	 555	 iter
424	 5.290136e-05	 556	 iter
425	 5.290136e-05	 557	 iter
426	 5.286423e-05	 559	 iter
427	 5.286423e-05	 560	 iter
428	 5.286423e-05	 562	 iter
429	 5.272454e-05	 564	 iter
430	 5.272454e-05	 565	 iter
431	 5.272454e-05	 566	 iter
432	 5.272454e-05	 567	 iter
433	 5.245564e-05	 569	 iter
434	 5.245564e-05	 570	 iter
435	 5.245564e-05	 571	 iter
436	 5.245564e-05	 572	 iter
437	 5.245564e-05	 573	 iter
438	 5.245564e-05	 574	 iter
439	 5.245564e-05	 575	 iter
440	 5.174335e-05	 577	 iter
441	 5.174335e-05	 578	 iter
442	 5.152192e-05	 580	 iter
443	 5.152192e-05	 581	 iter
444	 5.152192e-05	 582	 iter
445	 5.152064e-05	 584	 iter
446	 5.152064e-05	 585	 iter
447	 5.152064e-05	 586	 iter
448	 5.152064e-05	 587	 iter
449	 5.152064e-05	 589	 iter
450	 5.152064e-05	 590	 iter
451	 5.152064e-05	 591	 iter
452	 5.126353e-05	 593	 iter
453	 5.126353e-05	 594	 iter
454	 5.126353e-05	 596	 iter
455	 5.101935e-05	 598	 iter
456	 5.101935e-05	 599	 iter
457	 5.101935e-05	 600	 iter
458	 5.074308e-05	 602	 iter
459	 5.074308e-05	 603	 iter
460	 5.074308e-05	 604	 iter
461	 5.074308e-05	 605	 iter
462	 5.074308e-05	 606	 iter
463	 5.074308e-05	 607	 iter
464	 5.074308e-05	 608	 iter
465	 5.074308e-05	 610	 iter
466	 5.056723e-05	 612	 iter
467	 5.056723e-05	 614	 iter
468	 5.056723e-05	 615	 iter
469	 4.993684e-05	 617	 iter
470	 4.993684e-05	 618	 iter
471	 4.993684e-05	 620	 iter
472	 4.993684e-05	 621	 iter
473	 4.993684e-05	 622	 iter
474	 4.952536e-05	 624	 iter
475	 4.952536e-05	 625	 iter
476	 4.952536e-05	 626	 iter
477	 4.952536e-05	 627	 iter
478	 4.952536e-05	 628	 iter
479	 4.952536e-05	 629	 iter
480	 4.913769e-05	 631	 iter
481	 4.913769e-05	 632	 iter
482	 4.913769e-05	 633	 iter
483	 4.913769e-05	 634	 iter
484	 4.913769e-05	 635	 iter
485	 4.913769e-05	 636	 iter
486	 4.890480e-05	 638	 iter
487	 4.890480e-05	 639	 iter
488	 4.890480e-05	 640	 iter
489	 4.885976e-05	 642	 iter
490	 4.885976e-05	 643	 iter
491	 4.885976e-05	 644	 iter
492	 4.885976e-05	 646	 iter
493	 4.885976e-05	 647	 iter
494	 4.885976e-05	 648	 iter
495	 4.885976e-05	 649	 iter
496	 4.810886e-05	 651	 iter
497	 4.810886e-05	 652	 iter
498	 4.810886e-05	 653	 iter
499	 4.810886e-05	 654	 iter
500	 4.810886e-05	 655	 iter
501	 4.810886e-05	 656	 iter
502	 4.810886e-05	 657	 iter
503	 4.810886e-05	 658	 iter
504	 4.810886e-05	 659	 iter
505	 4.810886e-05	 660	 iter
506	 4.810886e-05	 661	 iter
507	 4.810886e-05	 663	 iter
508	 4.810886e-05	 664	 iter
509	 4.798951e-05	 666	 iter
510	 4.798951e-05	 667	 iter
511	 4.798951e-05	 668	 iter
512	 4.798951e-05	 669	 iter
513	 4.798951e-05	 670	 iter
514	 4.798951e-05	 671	 iter
515	 4.798951e-05	 672	 iter
516	 4.798951e-05	 674	 iter
517	 4.798951e-05	 675	 iter
518	 4.762250e-05	 677	 iter
519	 4.762250e-05	 678	 iter
520	 4.762250e-05	 679	 iter
521	 4.746744e-05	 681	 iter
522	 4.746744e-05	 682	 iter
523	 4.746744e-05	 683	 iter
524	 4.746744e-05	 685	 iter
525	 4.746744e-05	 686	 iter
526	 4.746744e-05	 687	 iter
527	 4.746744e-05	 688	 iter
528	 4.746744e-05	 690	 iter
529	 4.746744e-05	 692	 iter
530	 4.746744e-05	 693	 iter
531	 4.746744e-05	 694	 iter
532	 4.702756e-05	 696	 iter
533	 4.702756e-05	 697	 iter
534	 4.702756e-05	 699	 iter
535	 4.702756e-05	 700	 iter
536	 4.702756e-05	 701	 iter
537	 4.702756e-05	 702	 iter
538	 4.702756e-05	 703	 iter
539	 4.702756e-05	 704	 iter
540	 4.702756e-05	 705	 iter
541	 4.702756e-05	 706	 iter
542	 4.702756e-05	 707	 iter
543	 4.702756e-05	 708	 iter
544	 4.702756e-05	 709	 iter
545	 4.702756e-05	 710	 iter
546	 4.702756e-05	 711	 iter
547	 4.702756e-05	 712	 iter
548	 4.702756e-05	 713	 iter
549	 4.680256e-05	 715	 iter
550	 4.657056e-05	 717	 iter
551	 4.657056e-05	 718	 iter
552	 4.647768e-05	 720	 iter
553	 4.647768e-05	 721	 iter
554	 4.647768e-05	 722	 iter
555	 4.647768e-05	 723	 iter
556	 4.628869e-05	 725	 iter
557	 4.561783e-05	 727	 iter
558	 4.561783e-05	 728	 iter
559	 4.561783e-05	 729	 iter
560	 4.561783e-05	 730	 iter
561	 4.561783e-05	 731	 iter
562	 4.561783e-05	 732	 iter
563	 4.561783e-05	 733	 iter
564	 4.541151e-05	 735	 iter
565	 4.541151e-05	 736	 iter
566	 4.520517e-05	 738	 iter
567	 4.520517e-05	 739	 iter
568	 4.520517e-05	 740	 iter
569	 4.458116e-05	 742	 iter
570	 4.458116e-05	 743	 iter
571	 4.458116e-05	 744	 iter
572	 4.425188e-05	 746	 iter
573	 4.425188e-05	 747	 iter
574	 4.425188e-05	 748	 iter
575	 4.425188e-05	 749	 iter
576	 4.287121e-05	 751	 iter
577	 4.287121e-05	 752	 iter
578	 4.287121e-05	 753	 iter
579	 4.287121e-05	 754	 iter
580	 4.287121e-05	 755	 iter
581	 4.287121e-05	 756	 iter
582	 4.287121e-05	 757	 iter
583	 4.173634e-05	 759	 iter
584	 4.173634e-05	 760	 iter
585	 4.173634e-05	 761	 iter
586	 4.173634e-05	 762	 iter
587	 4.173634e-05	 763	 iter
588	 4.173634e-05	 764	 iter
589	 4.159111e-05	 766	 iter
590	 4.159111e-05	 767	 iter
591	 4.159111e-05	 768	 iter
592	 4.144180e-05	 770	 iter
593	 4.144180e-05	 771	 iter
594	 4.132774e-05	 773	 iter
595	 4.062155e-05	 775	 iter
596	 4.062155e-05	 776	 iter
597	 4.043259e-05	 778	 iter
598	 3.965099e-05	 780	 iter
599	 3.965099e-05	 781	 iter
600	 3.965099e-05	 782	 iter
601	 3.965099e-05	 783	 iter
602	 3.965099e-05	 784	 iter
603	 3.965099e-05	 785	 iter
604	 3.965099e-05	 786	 iter
605	 3.954855e-05	 788	 iter
606	 3.917308e-05	 790	 iter
607	 3.917308e-05	 791	 iter
608	 3.917308e-05	 793	 iter
609	 3.917308e-05	 794	 iter
610	 3.886911e-05	 796	 iter
611	 3.886911e-05	 797	 iter
612	 3.886911e-05	 798	 iter
613	 3.886911e-05	 799	 iter
614	 3.824510e-05	 801	 iter
615	 3.824510e-05	 802	 iter
616	 3.824510e-05	 803	 iter
617	 3.815235e-05	 805	 iter
618	 3.815235e-05	 806	 iter
619	 3.791692e-05	 808	 iter
620	 3.791692e-05	 809	 iter
621	 3.791692e-05	 810	 iter
622	 3.791692e-05	 811	 iter
623	 3.791692e-05	 812	 iter
624	 3.791692e-05	 813	 iter
625	 3.791692e-05	 814	 iter
626	 3.750484e-05	 816	 iter
627	 3.750484e-05	 817	 iter
628	 3.748934e-05	 819	 iter
629	 3.745986e-05	 821	 iter
630	 3.745986e-05	 822	 iter
631	 3.745986e-05	 824	 iter
632	 3.745986e-05	 825	 iter
633	 3.745986e-05	 826	 iter
634	 3.695917e-05	 828	 iter
635	 3.695917e-05	 829	 iter
636	 3.695917e-05	 830	 iter
637	 3.695917e-05	 831	 iter
638	 3.695917e-05	 833	 iter
639	 3.695917e-05	 834	 iter
640	 3.695917e-05	 836	 iter
641	 3.695917e-05	 838	 iter
642	 3.695917e-05	 839	 iter
643	 3.695917e-05	 840	 iter
644	 3.695917e-05	 842	 iter
645	 3.695917e-05	 843	 iter
646	 3.695917e-05	 844	 iter
647	 3.695917e-05	 845	 iter
648	 3.695917e-05	 847	 iter
649	 3.695917e-05	 849	 iter
650	 3.695917e-05	 850	 iter
651	 3.695917e-05	 851	 iter
652	 3.673105e-05	 853	 iter
653	 3.673105e-05	 854	 iter
654	 3.673105e-05	 855	 iter
655	 3.673105e-05	 856	 iter
656	 3.660808e-05	 858	 iter
657	 3.660808e-05	 859	 iter
658	 3.660808e-05	 860	 iter
659	 3.660808e-05	 861	 iter
660	 3.660808e-05	 862	 iter
661	 3.660212e-05	 864	 iter
662	 3.660212e-05	 865	 iter
663	 3.660212e-05	 866	 iter
664	 3.640279e-05	 868	 iter
665	 3.640279e-05	 869	 iter
666	 3.640279e-05	 870	 iter
667	 3.633284e-05	 872	 iter
668	 3.633284e-05	 873	 iter
669	 3.633284e-05	 874	 iter
670	 3.626115e-05	 876	 iter
671	 3.626115e-05	 877	 iter
672	 3.614542e-05	 879	 iter
673	 3.614542e-05	 880	 iter
674	 3.605044e-05	 882	 iter
675	 3.605044e-05	 883	 iter
676	 3.593548e-05	 885	 iter
677	 3.593548e-05	 887	 iter
678	 3.593548e-05	 888	 iter
679	 3.593548e-05	 889	 iter
680	 3.589523e-05	 891	 iter
681	 3.589523e-05	 892	 iter
682	 3.589523e-05	 893	 iter
683	 3.589523e-05	 894	 iter
684	 3.589523e-05	 895	 iter
685	 3.589523e-05	 897	 iter
686	 3.576911e-05	 899	 iter
687	 3.576911e-05	 900	 iter
688	 3.571765e-05	 902	 iter
689	 3.571765e-05	 903	 iter
690	 3.571765e-05	 904	 iter
691	 3.571765e-05	 906	 iter
692	 3.571765e-05	 907	 iter
693	 3.568965e-05	 909	 iter
694	 3.568965e-05	 911	 iter
695	 3.568965e-05	 912	 iter
696	 3.568965e-05	 914	 iter
697	 3.568965e-05	 915	 iter
698	 3.568965e-05	 916	 iter
699	 3.568965e-05	 917	 iter
700	 3.568965e-05	 918	 iter
701	 3.527683e-05	 920	 iter
702	 3.527683e-05	 921	 iter
703	 3.527683e-05	 922	 iter
704	 3.527683e-05	 923	 iter
705	 3.527683e-05	 924	 iter
706	 3.527683e-05	 925	 iter
707	 3.527683e-05	 926	 iter
708	 3.527683e-05	 927	 iter
709	 3.527683e-05	 928	 iter
710	 3.527683e-05	 929	 iter
711	 3.527683e-05	 930	 iter
712	 3.511731e-05	 932	 iter
713	 3.511731e-05	 933	 iter
714	 3.511731e-05	 934	 iter
715	 3.497960e-05	 936	 iter
716	 3.497960e-05	 937	 iter
717	 3.497960e-05	 938	 iter
718	 3.497960e-05	 939	 iter
719	 3.497960e-05	 940	 iter
720	 3.497960e-05	 941	 iter
721	 3.497960e-05	 942	 iter
722	 3.481093e-05	 944	 iter
723	 3.416920e-05	 946	 iter
724	 3.416920e-05	 947	 iter
725	 3.416920e-05	 948	 iter
726	 3.416920e-05	 949	 iter
727	 3.416920e-05	 950	 iter
728	 3.416920e-05	 951	 iter
729	 3.416920e-05	 952	 iter
730	 3.416920e-05	 953	 iter
731	 3.416920e-05	 954	 iter
732	 3.375744e-05	 956	 iter
733	 3.375744e-05	 957	 iter
734	 3.375744e-05	 958	 iter
735	 3.375744e-05	 959	 iter
736	 3.375744e-05	 960	 iter
737	 3.375744e-05	 961	 iter
738	 3.375744e-05	 962	 iter
739	 3.375744e-05	 963	 iter
740	 3.375744e-05	 964	 iter
741	 3.375744e-05	 965	 iter
742	 3.362783e-05	 967	 iter
743	 3.351542e-05	 969	 iter
744	 3.329313e-05	 971	 iter
745	 3.329313e-05	 972	 iter
746	 3.329313e-05	 973	 iter
747	 3.323383e-05	 975	 iter
748	 3.323383e-05	 976	 iter
749	 3.323383e-05	 977	 iter
750	 3.278131e-05	 979	 iter
751	 3.278131e-05	 980	 iter
752	 3.278131e-05	 981	 iter
753	 3.278131e-05	 982	 iter
754	 3.278131e-05	 983	 iter
755	 3.277772e-05	 985	 iter
756	 3.233072e-05	 987	 iter
757	 3.233072e-05	 988	 iter
758	 3.233072e-05	 989	 iter
759	 3.191743e-05	 991	 iter
760	 3.191743e-05	 992	 iter
761	 3.191743e-05	 993	 iter
762	 3.191743e-05	 994	 iter
763	 3.191743e-05	 995	 iter
764	 3.191743e-05	 996	 iter
765	 3.191743e-05	 997	 iter
766	 3.191743e-05	 998	 iter
767	 3.191743e-05	 1000	 iter
768	 3.191070e-05	 1002	 iter
769	 3.191070e-05	 1003	 iter
770	 3.189663e-05	 1005	 iter
771	 3.189663e-05	 1006	 iter
772	 3.179975e-05	 1008	 iter
773	 3.151201e-05	 1010	 iter
774	 3.151201e-05	 1011	 iter
775	 3.151201e-05	 1012	 iter
776	 3.151201e-05	 1013	 iter
777	 3.140886e-05	 1015	 iter
778	 3.140886e-05	 1017	 iter
779	 3.140886e-05	 1018	 iter
780	 3.140886e-05	 1019	 iter
781	 3.140886e-05	 1020	 iter
782	 3.140886e-05	 1021	 iter
783	 3.114692e-05	 1023	 iter
784	 3.114692e-05	 1024	 iter
785	 3.114692e-05	 1025	 iter
786	 3.114692e-05	 1026	 iter
787	 3.114692e-05	 1027	 iter
788	 3.114692e-05	 1028	 iter
789	 3.114692e-05	 1029	 iter
790	 3.114692e-05	 1030	 iter
791	 3.110988e-05	 1032	 iter
792	 3.110988e-05	 1034	 iter
793	 3.110988e-05	 1035	 iter
794	 3.103877e-05	 1037	 iter
795	 3.103877e-05	 1039	 iter
796	 3.103877e-05	 1040	 iter
797	 3.103877e-05	 1041	 iter
798	 3.097252e-05	 1043	 iter
799	 3.097252e-05	 1045	 iter
800	 3.097252e-05	 1047	 iter
801	 3.097252e-05	 1048	 iter
802	 3.097252e-05	 1049	 iter
803	 3.097252e-05	 1051	 iter
804	 3.097252e-05	 1052	 iter
805	 3.097252e-05	 1053	 iter
806	 3.097252e-05	 1054	 iter
807	 3.093984e-05	 1056	 iter
808	 3.093984e-05	 1057	 iter
809	 3.093984e-05	 1059	 iter
810	 3.093984e-05	 1061	 iter
811	 3.093984e-05	 1062	 iter
812	 3.093984e-05	 1064	 iter
813	 3.093984e-05	 1065	 iter
814	 3.093984e-05	 1067	 iter
815	 3.085140e-05	 1069	 iter
816	 3.085140e-05	 1070	 iter
817	 3.085140e-05	 1072	 iter
818	 3.085140e-05	 1073	 iter
819	 3.085140e-05	 1075	 iter
820	 3.085140e-05	 1076	 iter
821	 3.085140e-05	 1077	 iter
822	 3.084081e-05	 1079	 iter
823	 3.084081e-05	 1080	 iter
824	 3.077438e-05	 1082	 iter
825	 3.077438e-05	 1083	 iter
826	 3.077438e-05	 1085	 iter
827	 3.077438e-05	 1086	 iter
828	 3.076919e-05	 1088	 iter
829	 3.075901e-05	 1090	 iter
830	 3.075901e-05	 1091	 iter
831	 3.075901e-05	 1092	 iter
832	 3.069680e-05	 1094	 iter
833	 3.069680e-05	 1095	 iter
834	 3.069680e-05	 1097	 iter
835	 3.066468e-05	 1099	 iter
836	 3.066468e-05	 1101	 iter
837	 3.066468e-05	 1103	 iter
838	 3.066078e-05	 1105	 iter
839	 3.066078e-05	 1106	 iter
840	 3.066078e-05	 1107	 iter
841	 3.066078e-05	 1108	 iter
842	 3.066078e-05	 1109	 iter
843	 3.066078e-05	 1110	 iter
844	 3.066078e-05	 1111	 iter
845	 3.061992e-05	 1113	 iter
846	 3.061992e-05	 1114	 iter
847	 3.061992e-05	 1116	 iter
848	 3.061992e-05	 1118	 iter
849	 3.061992e-05	 1119	 iter
850	 3.061992e-05	 1120	 iter
851	 3.061992e-05	 1122	 iter
852	 3.061992e-05	 1123	 iter
853	 3.061992e-05	 1124	 iter
854	 3.058634e-05	 1126	 iter
855	 3.058634e-05	 1127	 iter
856	 3.058634e-05	 1128	 iter
857	 3.058634e-05	 1129	 iter
858	 3.058634e-05	 1130	 iter
859	 3.054577e-05	 1132	 iter
860	 3.054577e-05	 1133	 iter
861	 3.054577e-05	 1134	 iter
862	 3.054577e-05	 1135	 iter
863	 3.054577e-05	 1137	 iter
864	 3.054577e-05	 1138	 iter
865	 3.054577e-05	 1139	 iter
866	 3.054577e-05	 1140	 iter
867	 3.054577e-05	 1141	 iter
868	 3.053982e-05	 1143	 iter
869	 3.053982e-05	 1144	 iter
870	 3.053982e-05	 1145	 iter
871	 3.053982e-05	 1146	 iter
872	 3.053982e-05	 1147	 iter
873	 3.053982e-05	 1149	 iter
874	 3.053982e-05	 1150	 iter
875	 3.053982e-05	 1151	 iter
876	 3.053982e-05	 1153	 iter
877	 3.052109e-05	 1155	 iter
878	 3.052109e-05	 1156	 iter
879	 3.052109e-05	 1157	 iter
880	 3.052109e-05	 1158	 iter
881	 3.052109e-05	 1159	 iter
882	 3.052109e-05	 1160	 iter
883	 3.052109e-05	 1162	 iter
884	 3.052109e-05	 1164	 iter
885	 3.048160e-05	 1166	 iter
886	 3.048160e-05	 1168	 iter
887	 3.048160e-05	 1169	 iter
888	 3.048160e-05	 1170	 iter
889	 3.048160e-05	 1171	 iter
890	 3.048160e-05	 1172	 iter
891	 3.048160e-05	 1174	 iter
892	 3.047390e-05	 1176	 iter
893	 3.047390e-05	 1177	 iter
894	 3.047390e-05	 1179	 iter
895	 3.047390e-05	 1180	 iter
896	 3.047390e-05	 1181	 iter
897	 3.047390e-05	 1182	 iter
898	 3.047390e-05	 1183	 iter
899	 3.047390e-05	 1184	 iter
900	 3.047390e-05	 1186	 iter
901	 3.043042e-05	 1188	 iter
902	 3.043042e-05	 1189	 iter
903	 3.043042e-05	 1190	 iter
904	 3.043042e-05	 1191	 iter
905	 3.043042e-05	 1192	 iter
906	 3.042375e-05	 1194	 iter
907	 3.042375e-05	 1195	 iter
908	 3.041251e-05	 1197	 iter
909	 3.041251e-05	 1198	 iter
910	 3.041251e-05	 1199	 iter
911	 3.041251e-05	 1201	 iter
912	 3.041251e-05	 1202	 iter
913	 3.041251e-05	 1203	 iter
914	 3.039610e-05	 1205	 iter
915	 3.039610e-05	 1206	 iter
916	 3.039610e-05	 1207	 iter
917	 3.039610e-05	 1208	 iter
918	 3.037038e-05	 1210	 iter
919	 3.037038e-05	 1211	 iter
920	 3.037038e-05	 1212	 iter
921	 3.037038e-05	 1213	 iter
922	 3.037038e-05	 1214	 iter
923	 3.037038e-05	 1215	 iter
924	 3.037038e-05	 1216	 iter
925	 3.037038e-05	 1217	 iter
926	 3.035896e-05	 1219	 iter
927	 3.035896e-05	 1220	 iter
928	 3.035896e-05	 1221	 iter
929	 3.035896e-05	 1222	 iter
930	 3.035896e-05	 1224	 iter
931	 3.034284e-05	 1226	 iter
932	 3.034284e-05	 1227	 iter
933	 3.033691e-05	 1229	 iter
934	 3.033691e-05	 1230	 iter
935	 3.033691e-05	 1231	 iter
936	 3.032052e-05	 1233	 iter
937	 3.032052e-05	 1235	 iter
938	 3.032052e-05	 1236	 iter
939	 3.030624e-05	 1238	 iter
940	 3.030624e-05	 1239	 iter
941	 3.028506e-05	 1241	 iter
942	 3.028506e-05	 1242	 iter
943	 3.028506e-05	 1243	 iter
944	 3.028506e-05	 1244	 iter
945	 3.028506e-05	 1245	 iter
946	 3.028007e-05	 1247	 iter
947	 3.028007e-05	 1248	 iter
948	 3.028007e-05	 1249	 iter
949	 3.028007e-05	 1250	 iter
950	 3.025932e-05	 1252	 iter
951	 3.025932e-05	 1253	 iter
952	 3.024968e-05	 1255	 iter
953	 3.023610e-05	 1257	 iter
954	 3.014779e-05	 1259	 iter
955	 3.014779e-05	 1260	 iter
956	 3.014779e-05	 1261	 iter
957	 3.014779e-05	 1262	 iter
958	 3.014779e-05	 1263	 iter
959	 3.014779e-05	 1264	 iter
960	 3.014779e-05	 1265	 iter
961	 3.014779e-05	 1266	 iter
962	 3.009504e-05	 1268	 iter
963	 3.009504e-05	 1269	 iter
964	 3.009504e-05	 1270	 iter
965	 3.006179e-05	 1272	 iter
966	 3.006179e-05	 1273	 iter
967	 2.999833e-05	 1275	 iter
968	 2.999833e-05	 1276	 iter
969	 2.999833e-05	 1277	 iter
970	 2.997716e-05	 1279	 iter
971	 2.997716e-05	 1280	 iter
972	 2.997716e-05	 1281	 iter
973	 2.997716e-05	 1282	 iter
974	 2.992438e-05	 1284	 iter
975	 2.979614e-05	 1286	 iter
976	 2.979614e-05	 1287	 iter
977	 2.956933e-05	 1289	 iter
978	 2.956933e-05	 1290	 iter
979	 2.956933e-05	 1291	 iter
980	 2.956933e-05	 1292	 iter
981	 2.956933e-05	 1293	 iter
982	 2.956933e-05	 1294	 iter
983	 2.956933e-05	 1295	 iter
984	 2.956933e-05	 1296	 iter
985	 2.956933e-05	 1297	 iter
986	 2.951181e-05	 1299	 iter
987	 2.935114e-05	 1301	 iter
988	 2.935114e-05	 1302	 iter
989	 2.935114e-05	 1303	 iter
990	 2.935114e-05	 1304	 iter
991	 2.908632e-05	 1306	 iter
992	 2.908632e-05	 1307	 iter
993	 2.908632e-05	 1308	 iter
994	 2.908632e-05	 1309	 iter
995	 2.908632e-05	 1310	 iter
996	 2.908632e-05	 1311	 iter
997	 2.908632e-05	 1312	 iter
998	 2.865351e-05	 1314	 iter
999	 2.865351e-05	 1315	 iter
1000	 2.865351e-05	 1316	 iter
1001	 2.865351e-05	 1317	 iter
1002	 2.865351e-05	 1318	 iter
1003	 2.865351e-05	 1319	 iter
1004	 2.865351e-05	 1320	 iter
1005	 2.811706e-05	 1322	 iter
1006	 2.811706e-05	 1323	 iter
1007	 2.811706e-05	 1324	 iter
1008	 2.811706e-05	 1325	 iter
1009	 2.811706e-05	 1326	 iter
1010	 2.761891e-05	 1328	 iter
1011	 2.761891e-05	 1329	 iter
1012	 2.761891e-05	 1330	 iter
1013	 2.761891e-05	 1331	 iter
1014	 2.761891e-05	 1332	 iter
1015	 2.761891e-05	 1333	 iter
1016	 2.761891e-05	 1334	 iter
1017	 2.726952e-05	 1336	 iter
1018	 2.726952e-05	 1337	 iter
1019	 2.726952e-05	 1338	 iter
1020	 2.726952e-05	 1339	 iter
1021	 2.658604e-05	 1341	 iter
1022	 2.658604e-05	 1342	 iter
1023	 2.658604e-05	 1343	 iter
1024	 2.658604e-05	 1344	 iter
1025	 2.580235e-05	 1346	 iter
1026	 2.580235e-05	 1347	 iter
1027	 2.580235e-05	 1348	 iter
1028	 2.580235e-05	 1349	 iter
1029	 2.580235e-05	 1350	 iter
1030	 2.580235e-05	 1351	 iter
1031	 2.580235e-05	 1352	 iter
1032	 2.580235e-05	 1353	 iter
1033	 2.469233e-05	 1355	 iter
1034	 2.469233e-05	 1356	 iter
1035	 2.469233e-05	 1357	 iter
1036	 2.469233e-05	 1358	 iter
1037	 2.469233e-05	 1359	 iter
1038	 2.469233e-05	 1360	 iter
1039	 2.469233e-05	 1361	 iter
1040	 2.469233e-05	 1362	 iter
1041	 2.399098e-05	 1364	 iter
1042	 2.399098e-05	 1365	 iter
1043	 2.399098e-05	 1366	 iter
1044	 2.399098e-05	 1367	 iter
1045	 2.364411e-05	 1369	 iter
1046	 2.364411e-05	 1370	 iter
1047	 2.295726e-05	 1372	 iter
1048	 2.160653e-05	 1374	 iter
1049	 2.160653e-05	 1375	 iter
1050	 2.160653e-05	 1376	 iter
1051	 2.160653e-05	 1377	 iter
1052	 2.160653e-05	 1378	 iter
1053	 2.160653e-05	 1379	 iter
1054	 2.061375e-05	 1381	 iter
1055	 2.061375e-05	 1382	 iter
1056	 2.061375e-05	 1383	 iter
1057	 2.061375e-05	 1384	 iter
1058	 1.945543e-05	 1386	 iter
1059	 1.945543e-05	 1387	 iter
1060	 1.945543e-05	 1388	 iter
1061	 1.945543e-05	 1389	 iter
1062	 1.945543e-05	 1390	 iter
1063	 1.927022e-05	 1392	 iter
1064	 1.927022e-05	 1394	 iter
1065	 1.927022e-05	 1395	 iter
1066	 1.883045e-05	 1397	 iter
1067	 1.843624e-05	 1399	 iter
1068	 1.843624e-05	 1400	 iter
1069	 1.843624e-05	 1401	 iter
1070	 1.809887e-05	 1403	 iter
1071	 1.782693e-05	 1405	 iter
1072	 1.782693e-05	 1406	 iter
1073	 1.782693e-05	 1407	 iter
1074	 1.782693e-05	 1408	 iter
1075	 1.782693e-05	 1409	 iter
1076	 1.782693e-05	 1410	 iter
1077	 1.782693e-05	 1412	 iter
1078	 1.782693e-05	 1413	 iter
1079	 1.782693e-05	 1414	 iter
1080	 1.782693e-05	 1415	 iter
1081	 1.700861e-05	 1417	 iter
1082	 1.700861e-05	 1418	 iter
1083	 1.700861e-05	 1419	 iter
1084	 1.700861e-05	 1421	 iter
1085	 1.700861e-05	 1423	 iter
1086	 1.700861e-05	 1424	 iter
1087	 1.700861e-05	 1426	 iter
1088	 1.700861e-05	 1427	 iter
1089	 1.643791e-05	 1429	 iter
1090	 1.643791e-05	 1430	 iter
1091	 1.643791e-05	 1431	 iter
1092	 1.643791e-05	 1433	 iter
1093	 1.643791e-05	 1434	 iter
1094	 1.643791e-05	 1435	 iter
1095	 1.643791e-05	 1437	 iter
1096	 1.643791e-05	 1438	 iter
1097	 1.643791e-05	 1439	 iter
1098	 1.643791e-05	 1441	 iter
1099	 1.643791e-05	 1442	 iter
1100	 1.643791e-05	 1443	 iter
1101	 1.643791e-05	 1444	 iter
1102	 1.643791e-05	 1446	 iter
1103	 1.615804e-05	 1448	 iter
1104	 1.615804e-05	 1450	 iter
1105	 1.615804e-05	 1451	 iter
1106	 1.615804e-05	 1452	 iter
1107	 1.615804e-05	 1453	 iter
1108	 1.615804e-05	 1454	 iter
1109	 1.615804e-05	 1456	 iter
1110	 1.602404e-05	 1458	 iter
1111	 1.602404e-05	 1459	 iter
1112	 1.535631e-05	 1461	 iter
1113	 1.535631e-05	 1463	 iter
1114	 1.535631e-05	 1464	 iter
1115	 1.535631e-05	 1465	 iter
1116	 1.535631e-05	 1466	 iter
1117	 1.535631e-05	 1467	 iter
1118	 1.535631e-05	 1468	 iter
1119	 1.535631e-05	 1469	 iter
1120	 1.535631e-05	 1470	 iter
1121	 1.535631e-05	 1471	 iter
1122	 1.535631e-05	 1472	 iter
1123	 1.535631e-05	 1473	 iter
1124	 1.535631e-05	 1474	 iter
1125	 1.515813e-05	 1476	 iter
1126	 1.515813e-05	 1477	 iter
1127	 1.515813e-05	 1479	 iter
1128	 1.515813e-05	 1480	 iter
1129	 1.515813e-05	 1481	 iter
1130	 1.515813e-05	 1482	 iter
1131	 1.515813e-05	 1483	 iter
1132	 1.515813e-05	 1484	 iter
1133	 1.515813e-05	 1485	 iter
1134	 1.514215e-05	 1487	 iter
1135	 1.514215e-05	 1489	 iter
1136	 1.514215e-05	 1490	 iter
1137	 1.514215e-05	 1491	 iter
1138	 1.500006e-05	 1493	 iter
1139	 1.500006e-05	 1494	 iter
1140	 1.500006e-05	 1495	 iter
1141	 1.500006e-05	 1496	 iter
1142	 1.500006e-05	 1497	 iter
1143	 1.500006e-05	 1498	 iter
1144	 1.500006e-05	 1500	 iter
1145	 1.500006e-05	 1502	 iter
1146	 1.498744e-05	 1504	 iter
1147	 1.498744e-05	 1506	 iter
1148	 1.498744e-05	 1507	 iter
1149	 1.466547e-05	 1509	 iter
1150	 1.466547e-05	 1511	 iter
1151	 1.466547e-05	 1512	 iter
1152	 1.466547e-05	 1513	 iter
1153	 1.466547e-05	 1514	 iter
1154	 1.466547e-05	 1516	 iter
1155	 1.466547e-05	 1517	 iter
1156	 1.466547e-05	 1519	 iter
1157	 1.466547e-05	 1520	 iter
1158	 1.466547e-05	 1521	 iter
1159	 1.466547e-05	 1522	 iter
1160	 1.466547e-05	 1524	 iter
1161	 1.466547e-05	 1526	 iter
1162	 1.466547e-05	 1528	 iter
1163	 1.466547e-05	 1529	 iter
1164	 1.466547e-05	 1531	 iter
1165	 1.466547e-05	 1532	 iter
1166	 1.466547e-05	 1533	 iter
1167	 1.466547e-05	 1534	 iter
1168	 1.466547e-05	 1535	 iter
1169	 1.466547e-05	 1536	 iter
1170	 1.466547e-05	 1538	 iter
1171	 1.466547e-05	 1540	 iter
1172	 1.466547e-05	 1541	 iter
1173	 1.466547e-05	 1543	 iter
1174	 1.466547e-05	 1544	 iter
1175	 1.466547e-05	 1546	 iter
1176	 1.466547e-05	 1548	 iter
1177	 1.466547e-05	 1550	 iter
1178	 1.466547e-05	 1551	 iter
1179	 1.466547e-05	 1552	 iter
1180	 1.466547e-05	 1553	 iter
1181	 1.466547e-05	 1555	 iter
1182	 1.466547e-05	 1557	 iter
1183	 1.466547e-05	 1558	 iter
1184	 1.466547e-05	 1559	 iter
1185	 1.466547e-05	 1560	 iter
1186	 1.466547e-05	 1561	 iter
1187	 1.466547e-05	 1563	 iter
1188	 1.466547e-05	 1565	 iter
1189	 1.465907e-05	 1567	 iter
1190	 1.465907e-05	 1568	 iter
1191	 1.465907e-05	 1569	 iter
1192	 1.465907e-05	 1570	 iter
1193	 1.465907e-05	 1571	 iter
1194	 1.465907e-05	 1573	 iter
1195	 1.465907e-05	 1574	 iter
1196	 1.465907e-05	 1575	 iter
1197	 1.465573e-05	 1577	 iter
1198	 1.465573e-05	 1578	 iter
1199	 1.465259e-05	 1580	 iter
1200	 1.465010e-05	 1582	 iter
1201	 1.465010e-05	 1583	 iter
1202	 1.465010e-05	 1584	 iter
1203	 1.465010e-05	 1585	 iter
1204	 1.463592e-05	 1587	 iter
1205	 1.460316e-05	 1589	 iter
1206	 1.460316e-05	 1590	 iter
1207	 1.460316e-05	 1592	 iter
1208	 1.460316e-05	 1594	 iter
1209	 1.460316e-05	 1596	 iter
1210	 1.460316e-05	 1597	 iter
1211	 1.460316e-05	 1599	 iter
1212	 1.460316e-05	 1601	 iter
1213	 1.460316e-05	 1603	 iter
1214	 1.460316e-05	 1605	 iter
1215	 1.460316e-05	 1607	 iter
1216	 1.460316e-05	 1608	 iter
1217	 1.460316e-05	 1609	 iter
1218	 1.460316e-05	 1610	 iter
1219	 1.460316e-05	 1611	 iter
1220	 1.460316e-05	 1612	 iter
1221	 1.460316e-05	 1613	 iter
1222	 1.460316e-05	 1615	 iter
1223	 1.460316e-05	 1616	 iter
1224	 1.460316e-05	 1617	 iter
1225	 1.460316e-05	 1619	 iter
1226	 1.460138e-05	 1621	 iter
1227	 1.460138e-05	 1622	 iter
1228	 1.460138e-05	 1623	 iter
1229	 1.459609e-05	 1625	 iter
1230	 1.459609e-05	 1626	 iter
1231	 1.459609e-05	 1627	 iter
1232	 1.459609e-05	 1628	 iter
1233	 1.459609e-05	 1629	 iter
1234	 1.459609e-05	 1630	 iter
1235	 1.459609e-05	 1631	 iter
1236	 1.459609e-05	 1632	 iter
1237	 1.459609e-05	 1633	 iter
1238	 1.459609e-05	 1634	 iter
1239	 1.457686e-05	 1636	 iter
1240	 1.457686e-05	 1637	 iter
1241	 1.457686e-05	 1638	 iter
1242	 1.457686e-05	 1640	 iter
1243	 1.457686e-05	 1642	 iter
1244	 1.457686e-05	 1643	 iter
1245	 1.456924e-05	 1645	 iter
1246	 1.456924e-05	 1647	 iter
1247	 1.456924e-05	 1648	 iter
1248	 1.456924e-05	 1649	 iter
1249	 1.456924e-05	 1651	 iter
1250	 1.456924e-05	 1652	 iter
1251	 1.456215e-05	 1654	 iter
1252	 1.456215e-05	 1655	 iter
1253	 1.456215e-05	 1656	 iter
1254	 1.456215e-05	 1657	 iter
1255	 1.456215e-05	 1658	 iter
1256	 1.456215e-05	 1659	 iter
1257	 1.455903e-05	 1661	 iter
1258	 1.454163e-05	 1663	 iter
1259	 1.454163e-05	 1664	 iter
1260	 1.454163e-05	 1665	 iter
1261	 1.454163e-05	 1666	 iter
1262	 1.454163e-05	 1667	 iter
1263	 1.454163e-05	 1668	 iter
1264	 1.454163e-05	 1669	 iter
1265	 1.454163e-05	 1670	 iter
1266	 1.454163e-05	 1671	 iter
1267	 1.454163e-05	 1672	 iter
1268	 1.454163e-05	 1673	 iter
1269	 1.454163e-05	 1674	 iter
1270	 1.454163e-05	 1675	 iter
1271	 1.454163e-05	 1676	 iter
1272	 1.454163e-05	 1677	 iter
1273	 1.454163e-05	 1678	 iter
1274	 1.453682e-05	 1680	 iter
1275	 1.453682e-05	 1681	 iter
1276	 1.453682e-05	 1682	 iter
1277	 1.453682e-05	 1683	 iter
1278	 1.453407e-05	 1685	 iter
1279	 1.453407e-05	 1686	 iter
1280	 1.453407e-05	 1687	 iter
1281	 1.453407e-05	 1688	 iter
1282	 1.453263e-05	 1690	 iter
1283	 1.453263e-05	 1691	 iter
1284	 1.453263e-05	 1692	 iter
1285	 1.453228e-05	 1694	 iter
1286	 1.452195e-05	 1696	 iter
1287	 1.452101e-05	 1698	 iter
1288	 1.452101e-05	 1700	 iter
1289	 1.451936e-05	 1702	 iter
1290	 1.451936e-05	 1704	 iter
1291	 1.451936e-05	 1705	 iter
1292	 1.451936e-05	 1707	 iter
1293	 1.451936e-05	 1708	 iter
1294	 1.451936e-05	 1709	 iter
1295	 1.451936e-05	 1710	 iter
1296	 1.451936e-05	 1711	 iter
1297	 1.451936e-05	 1712	 iter
1298	 1.451936e-05	 1713	 iter
1299	 1.451779e-05	 1715	 iter
1300	 1.451779e-05	 1717	 iter
1301	 1.451779e-05	 1718	 iter
1302	 1.451779e-05	 1720	 iter
1303	 1.451779e-05	 1721	 iter
1304	 1.451779e-05	 1722	 iter
1305	 1.451779e-05	 1723	 iter
1306	 1.451107e-05	 1725	 iter
1307	 1.450890e-05	 1727	 iter
1308	 1.450890e-05	 1728	 iter
1309	 1.450890e-05	 1729	 iter
1310	 1.450890e-05	 1730	 iter
1311	 1.450419e-05	 1732	 iter
1312	 1.450419e-05	 1733	 iter
1313	 1.450419e-05	 1734	 iter
1314	 1.450419e-05	 1736	 iter
1315	 1.450419e-05	 1737	 iter
1316	 1.450419e-05	 1739	 iter
1317	 1.450227e-05	 1741	 iter
1318	 1.450227e-05	 1742	 iter
1319	 1.450227e-05	 1743	 iter
1320	 1.450227e-05	 1744	 iter
1321	 1.450141e-05	 1746	 iter
1322	 1.450141e-05	 1747	 iter
1323	 1.449552e-05	 1749	 iter
1324	 1.449552e-05	 1750	 iter
1325	 1.449552e-05	 1751	 iter
1326	 1.449552e-05	 1752	 iter
1327	 1.449552e-05	 1753	 iter
1328	 1.448853e-05	 1755	 iter
1329	 1.448853e-05	 1756	 iter
1330	 1.448853e-05	 1757	 iter
1331	 1.448853e-05	 1758	 iter
1332	 1.448853e-05	 1759	 iter
1333	 1.448853e-05	 1760	 iter
1334	 1.448763e-05	 1762	 iter
1335	 1.448763e-05	 1763	 iter
1336	 1.448400e-05	 1765	 iter
1337	 1.447879e-05	 1767	 iter
1338	 1.447879e-05	 1768	 iter
1339	 1.447785e-05	 1770	 iter
1340	 1.447785e-05	 1771	 iter
1341	 1.447785e-05	 1772	 iter
1342	 1.447785e-05	 1773	 iter
1343	 1.447785e-05	 1774	 iter
1344	 1.447785e-05	 1775	 iter
1345	 1.447785e-05	 1776	 iter
1346	 1.447785e-05	 1777	 iter
1347	 1.447785e-05	 1778	 iter
1348	 1.447565e-05	 1780	 iter
1349	 1.447552e-05	 1782	 iter
1350	 1.447552e-05	 1783	 iter
1351	 1.446411e-05	 1785	 iter
1352	 1.446411e-05	 1786	 iter
1353	 1.446411e-05	 1787	 iter
1354	 1.446357e-05	 1789	 iter
1355	 1.446357e-05	 1790	 iter
1356	 1.446357e-05	 1791	 iter
1357	 1.446357e-05	 1792	 iter
1358	 1.446357e-05	 1793	 iter
1359	 1.446357e-05	 1794	 iter
1360	 1.446357e-05	 1796	 iter
1361	 1.446357e-05	 1797	 iter
1362	 1.446327e-05	 1799	 iter
1363	 1.446327e-05	 1800	 iter
1364	 1.446327e-05	 1801	 iter
1365	 1.446327e-05	 1802	 iter
1366	 1.446327e-05	 1803	 iter
1367	 1.446327e-05	 1804	 iter
1368	 1.445067e-05	 1806	 iter
1369	 1.445067e-05	 1807	 iter
1370	 1.444078e-05	 1809	 iter
1371	 1.444078e-05	 1810	 iter
1372	 1.444078e-05	 1811	 iter
1373	 1.444078e-05	 1812	 iter
1374	 1.444078e-05	 1813	 iter
1375	 1.444078e-05	 1814	 iter
1376	 1.444078e-05	 1815	 iter
1377	 1.444078e-05	 1816	 iter
1378	 1.444078e-05	 1817	 iter
1379	 1.444078e-05	 1818	 iter
1380	 1.444078e-05	 1819	 iter
1381	 1.444078e-05	 1820	 iter
1382	 1.442868e-05	 1822	 iter
1383	 1.442868e-05	 1823	 iter
1384	 1.442868e-05	 1824	 iter
1385	 1.442868e-05	 1825	 iter
1386	 1.442868e-05	 1826	 iter
1387	 1.442868e-05	 1827	 iter
1388	 1.442417e-05	 1829	 iter
1389	 1.442417e-05	 1830	 iter
1390	 1.442417e-05	 1831	 iter
1391	 1.442417e-05	 1832	 iter
1392	 1.442417e-05	 1833	 iter
1393	 1.442417e-05	 1834	 iter
1394	 1.442284e-05	 1836	 iter
1395	 1.441586e-05	 1838	 iter
1396	 1.441447e-05	 1840	 iter
1397	 1.441355e-05	 1842	 iter
1398	 1.440810e-05	 1844	 iter
1399	 1.440810e-05	 1845	 iter
1400	 1.440810e-05	 1847	 iter
1401	 1.440810e-05	 1848	 iter
1402	 1.440810e-05	 1849	 iter
1403	 1.440810e-05	 1850	 iter
1404	 1.440810e-05	 1851	 iter
1405	 1.440613e-05	 1853	 iter
1406	 1.440175e-05	 1855	 iter
1407	 1.438771e-05	 1857	 iter
1408	 1.438771e-05	 1858	 iter
1409	 1.438771e-05	 1859	 iter
1410	 1.438771e-05	 1860	 iter
1411	 1.438771e-05	 1861	 iter
1412	 1.438771e-05	 1862	 iter
1413	 1.438757e-05	 1864	 iter
1414	 1.438757e-05	 1865	 iter
1415	 1.438757e-05	 1866	 iter
1416	 1.438757e-05	 1867	 iter
1417	 1.438757e-05	 1868	 iter
1418	 1.438274e-05	 1870	 iter
1419	 1.437627e-05	 1872	 iter
1420	 1.437627e-05	 1873	 iter
1421	 1.437627e-05	 1874	 iter
1422	 1.437627e-05	 1875	 iter
1423	 1.435580e-05	 1877	 iter
1424	 1.435580e-05	 1878	 iter
1425	 1.435580e-05	 1879	 iter
1426	 1.435580e-05	 1880	 iter
1427	 1.435580e-05	 1881	 iter
1428	 1.435580e-05	 1882	 iter
1429	 1.435580e-05	 1883	 iter
1430	 1.435580e-05	 1884	 iter
1431	 1.435580e-05	 1885	 iter
1432	 1.435580e-05	 1886	 iter
1433	 1.435580e-05	 1887	 iter
1434	 1.435351e-05	 1889	 iter
1435	 1.435351e-05	 1890	 iter
1436	 1.435120e-05	 1892	 iter
1437	 1.435053e-05	 1894	 iter
1438	 1.434154e-05	 1896	 iter
1439	 1.434154e-05	 1897	 iter
1440	 1.433849e-05	 1899	 iter
1441	 1.433849e-05	 1900	 iter
1442	 1.431493e-05	 1902	 iter
1443	 1.431493e-05	 1903	 iter
1444	 1.431493e-05	 1904	 iter
1445	 1.431493e-05	 1905	 iter
1446	 1.431493e-05	 1906	 iter
1447	 1.431493e-05	 1907	 iter
1448	 1.431493e-05	 1908	 iter
1449	 1.431493e-05	 1909	 iter
1450	 1.430477e-05	 1911	 iter
1451	 1.430477e-05	 1912	 iter
1452	 1.430477e-05	 1913	 iter
1453	 1.430477e-05	 1914	 iter
1454	 1.430477e-05	 1915	 iter
1455	 1.428762e-05	 1917	 iter
1456	 1.428762e-05	 1918	 iter
1457	 1.428762e-05	 1919	 iter
1458	 1.428762e-05	 1920	 iter
1459	 1.428762e-05	 1921	 iter
1460	 1.428511e-05	 1923	 iter
1461	 1.424644e-05	 1925	 iter
1462	 1.424644e-05	 1926	 iter
1463	 1.424644e-05	 1927	 iter
1464	 1.424644e-05	 1928	 iter
1465	 1.424644e-05	 1929	 iter
1466	 1.424644e-05	 1930	 iter
1467	 1.424644e-05	 1931	 iter
1468	 1.424644e-05	 1932	 iter
1469	 1.424644e-05	 1933	 iter
1470	 1.423163e-05	 1935	 iter
1471	 1.423163e-05	 1936	 iter
1472	 1.422990e-05	 1938	 iter
1473	 1.422990e-05	 1939	 iter
1474	 1.420268e-05	 1941	 iter
1475	 1.420268e-05	 1942	 iter
1476	 1.420268e-05	 1943	 iter
1477	 1.418988e-05	 1945	 iter
1478	 1.418988e-05	 1946	 iter
1479	 1.415777e-05	 1948	 iter
1480	 1.415777e-05	 1949	 iter
1481	 1.415777e-05	 1950	 iter
1482	 1.415777e-05	 1951	 iter
1483	 1.415777e-05	 1952	 iter
1484	 1.415777e-05	 1953	 iter
1485	 1.415777e-05	 1954	 iter
1486	 1.415777e-05	 1955	 iter
1487	 1.412486e-05	 1957	 iter
1488	 1.411500e-05	 1959	 iter
1489	 1.411500e-05	 1960	 iter
1490	 1.411500e-05	 1961	 iter
1491	 1.408639e-05	 1963	 iter
1492	 1.408036e-05	 1965	 iter
1493	 1.408036e-05	 1966	 iter
1494	 1.408036e-05	 1967	 iter
1495	 1.407564e-05	 1969	 iter
1496	 1.404935e-05	 1971	 iter
1497	 1.404935e-05	 1972	 iter
1498	 1.404935e-05	 1973	 iter
1499	 1.399383e-05	 1975	 iter
1500	 1.399383e-05	 1976	 iter
1501	 1.399383e-05	 1977	 iter
1502	 1.399383e-05	 1978	 iter
1503	 1.399383e-05	 1979	 iter
1504	 1.399383e-05	 1980	 iter
1505	 1.399383e-05	 1981	 iter
1506	 1.399383e-05	 1982	 iter
1507	 1.399383e-05	 1983	 iter
1508	 1.398619e-05	 1985	 iter
1509	 1.394026e-05	 1987	 iter
1510	 1.394026e-05	 1988	 iter
1511	 1.394026e-05	 1989	 iter
1512	 1.394026e-05	 1990	 iter
1513	 1.394026e-05	 1991	 iter
1514	 1.394026e-05	 1992	 iter
1515	 1.391421e-05	 1994	 iter
1516	 1.391421e-05	 1995	 iter
1517	 1.391421e-05	 1996	 iter
1518	 1.391421e-05	 1997	 iter
1519	 1.391421e-05	 1998	 iter
1520	 1.391421e-05	 1999	 iter
1521	 1.391421e-05	 2001	 iter
1522	 1.391421e-05	 2002	 iter
1523	 1.391421e-05	 2003	 iter
1524	 1.391421e-05	 2004	 iter
1525	 1.389118e-05	 2006	 iter
1526	 1.389118e-05	 2007	 iter
1527	 1.389118e-05	 2008	 iter
1528	 1.389118e-05	 2009	 iter
1529	 1.385469e-05	 2011	 iter
1530	 1.385469e-05	 2012	 iter
1531	 1.385469e-05	 2013	 iter
1532	 1.385469e-05	 2014	 iter
1533	 1.385191e-05	 2016	 iter
1534	 1.385191e-05	 2017	 iter
1535	 1.385043e-05	 2019	 iter
1536	 1.383268e-05	 2021	 iter
1537	 1.375804e-05	 2023	 iter
1538	 1.375804e-05	 2024	 iter
1539	 1.375804e-05	 2025	 iter
1540	 1.375804e-05	 2026	 iter
1541	 1.375804e-05	 2027	 iter
1542	 1.375804e-05	 2028	 iter
1543	 1.375804e-05	 2029	 iter
1544	 1.375804e-05	 2030	 iter
1545	 1.370277e-05	 2032	 iter
1546	 1.369146e-05	 2034	 iter
1547	 1.369146e-05	 2035	 iter
1548	 1.369146e-05	 2036	 iter
1549	 1.361404e-05	 2038	 iter
1550	 1.361404e-05	 2039	 iter
1551	 1.361404e-05	 2040	 iter
1552	 1.361404e-05	 2041	 iter
1553	 1.361404e-05	 2042	 iter
1554	 1.361404e-05	 2043	 iter
1555	 1.361404e-05	 2044	 iter
1556	 1.361404e-05	 2045	 iter
1557	 1.361404e-05	 2046	 iter
1558	 1.361404e-05	 2047	 iter
1559	 1.361404e-05	 2048	 iter
1560	 1.355222e-05	 2050	 iter
1561	 1.355222e-05	 2051	 iter
1562	 1.355222e-05	 2052	 iter
1563	 1.350792e-05	 2054	 iter
1564	 1.350792e-05	 2055	 iter
1565	 1.350792e-05	 2056	 iter
1566	 1.350792e-05	 2057	 iter
1567	 1.350792e-05	 2058	 iter
1568	 1.350792e-05	 2059	 iter
1569	 1.350792e-05	 2060	 iter
1570	 1.350792e-05	 2061	 iter
1571	 1.350792e-05	 2062	 iter
1572	 1.350792e-05	 2063	 iter
1573	 1.350792e-05	 2064	 iter
1574	 1.348682e-05	 2066	 iter
1575	 1.348682e-05	 2067	 iter
1576	 1.348682e-05	 2068	 iter
1577	 1.348682e-05	 2069	 iter
1578	 1.348682e-05	 2070	 iter
1579	 1.347891e-05	 2072	 iter
1580	 1.347891e-05	 2073	 iter
1581	 1.347891e-05	 2074	 iter
1582	 1.347274e-05	 2076	 iter
1583	 1.347274e-05	 2077	 iter
1584	 1.347274e-05	 2078	 iter
1585	 1.347274e-05	 2079	 iter
1586	 1.347274e-05	 2080	 iter
1587	 1.347274e-05	 2082	 iter
1588	 1.341112e-05	 2084	 iter
1589	 1.341112e-05	 2085	 iter
1590	 1.341112e-05	 2087	 iter
1591	 1.341112e-05	 2088	 iter
1592	 1.341112e-05	 2090	 iter
1593	 1.341112e-05	 2091	 iter
1594	 1.341112e-05	 2092	 iter
1595	 1.341112e-05	 2093	 iter
1596	 1.341112e-05	 2095	 iter
1597	 1.341112e-05	 2097	 iter
1598	 1.341112e-05	 2098	 iter
1599	 1.341112e-05	 2099	 iter
1600	 1.341112e-05	 2101	 iter
1601	 1.341112e-05	 2102	 iter
1602	 1.341112e-05	 2103	 iter
1603	 1.341112e-05	 2104	 iter
1604	 1.341112e-05	 2106	 iter
1605	 1.341112e-05	 2107	 iter
1606	 1.341112e-05	 2109	 iter
1607	 1.339882e-05	 2111	 iter
1608	 1.339882e-05	 2113	 iter
1609	 1.339882e-05	 2115	 iter
1610	 1.339882e-05	 2116	 iter
1611	 1.339882e-05	 2117	 iter
1612	 1.339882e-05	 2119	 iter
1613	 1.339882e-05	 2120	 iter
1614	 1.339882e-05	 2121	 iter
1615	 1.339882e-05	 2122	 iter
1616	 1.338631e-05	 2124	 iter
1617	 1.337719e-05	 2126	 iter
1618	 1.337719e-05	 2128	 iter
1619	 1.337719e-05	 2130	 iter
1620	 1.337719e-05	 2131	 iter
1621	 1.337719e-05	 2132	 iter
1622	 1.337719e-05	 2133	 iter
1623	 1.337719e-05	 2134	 iter
1624	 1.337719e-05	 2135	 iter
1625	 1.336473e-05	 2137	 iter
1626	 1.336473e-05	 2138	 iter
1627	 1.336316e-05	 2140	 iter
1628	 1.336316e-05	 2141	 iter
1629	 1.336316e-05	 2142	 iter
1630	 1.336316e-05	 2143	 iter
1631	 1.336316e-05	 2144	 iter
1632	 1.335500e-05	 2146	 iter
1633	 1.333790e-05	 2148	 iter
1634	 1.333790e-05	 2149	 iter
1635	 1.333790e-05	 2150	 iter
1636	 1.333790e-05	 2151	 iter
1637	 1.333790e-05	 2152	 iter
1638	 1.333790e-05	 2153	 iter
1639	 1.333790e-05	 2154	 iter
1640	 1.333790e-05	 2155	 iter
1641	 1.333790e-05	 2156	 iter
1642	 1.333732e-05	 2158	 iter
1643	 1.333732e-05	 2159	 iter
1644	 1.332983e-05	 2161	 iter
1645	 1.332983e-05	 2163	 iter
1646	 1.332541e-05	 2165	 iter
1647	 1.332541e-05	 2166	 iter
1648	 1.332541e-05	 2167	 iter
1649	 1.332541e-05	 2168	 iter
1650	 1.332541e-05	 2169	 iter
1651	 1.332541e-05	 2170	 iter
1652	 1.332541e-05	 2172	 iter
1653	 1.332293e-05	 2174	 iter
1654	 1.332293e-05	 2175	 iter
1655	 1.332293e-05	 2176	 iter
1656	 1.332293e-05	 2178	 iter
1657	 1.332293e-05	 2179	 iter
1658	 1.332293e-05	 2180	 iter
1659	 1.332241e-05	 2182	 iter
1660	 1.332241e-05	 2183	 iter
1661	 1.332241e-05	 2184	 iter
1662	 1.332241e-05	 2185	 iter
1663	 1.330845e-05	 2187	 iter
1664	 1.330845e-05	 2189	 iter
1665	 1.330845e-05	 2190	 iter
1666	 1.330845e-05	 2191	 iter
1667	 1.330845e-05	 2192	 iter
1668	 1.330845e-05	 2193	 iter
1669	 1.330845e-05	 2194	 iter
1670	 1.330845e-05	 2195	 iter
1671	 1.330845e-05	 2196	 iter
1672	 1.330845e-05	 2197	 iter
1673	 1.330845e-05	 2199	 iter
1674	 1.330845e-05	 2201	 iter
1675	 1.330845e-05	 2202	 iter
1676	 1.330845e-05	 2204	 iter
1677	 1.330845e-05	 2206	 iter
1678	 1.330845e-05	 2207	 iter
1679	 1.330845e-05	 2209	 iter
1680	 1.330845e-05	 2210	 iter
1681	 1.330845e-05	 2211	 iter
1682	 1.330845e-05	 2213	 iter
1683	 1.330845e-05	 2214	 iter
1684	 1.330845e-05	 2216	 iter
1685	 1.330845e-05	 2217	 iter
1686	 1.330845e-05	 2218	 iter
1687	 1.330094e-05	 2220	 iter
1688	 1.330094e-05	 2221	 iter
1689	 1.330094e-05	 2223	 iter
1690	 1.330094e-05	 2225	 iter
1691	 1.330094e-05	 2226	 iter
1692	 1.330094e-05	 2227	 iter
1693	 1.330067e-05	 2229	 iter
1694	 1.330067e-05	 2230	 iter
1695	 1.330067e-05	 2232	 iter
1696	 1.330067e-05	 2234	 iter
1697	 1.330067e-05	 2235	 iter
1698	 1.330067e-05	 2236	 iter
1699	 1.330067e-05	 2237	 iter
1700	 1.330067e-05	 2238	 iter
1701	 1.329937e-05	 2240	 iter
1702	 1.329937e-05	 2241	 iter
1703	 1.329937e-05	 2243	 iter
1704	 1.329937e-05	 2244	 iter
1705	 1.329937e-05	 2246	 iter
1706	 1.329937e-05	 2247	 iter
1707	 1.329629e-05	 2249	 iter
1708	 1.329629e-05	 2250	 iter
1709	 1.329629e-05	 2252	 iter
1710	 1.329629e-05	 2253	 iter
1711	 1.329629e-05	 2254	 iter
1712	 1.329629e-05	 2255	 iter
1713	 1.329629e-05	 2257	 iter
1714	 1.329629e-05	 2258	 iter
1715	 1.329629e-05	 2259	 iter
1716	 1.329629e-05	 2260	 iter
1717	 1.329629e-05	 2261	 iter
1718	 1.329629e-05	 2262	 iter
1719	 1.329629e-05	 2263	 iter
1720	 1.329629e-05	 2265	 iter
1721	 1.329629e-05	 2267	 iter
1722	 1.329629e-05	 2268	 iter
1723	 1.329629e-05	 2270	 iter
1724	 1.329629e-05	 2272	 iter
1725	 1.329629e-05	 2273	 iter
1726	 1.329629e-05	 2275	 iter
1727	 1.329629e-05	 2276	 iter
1728	 1.329629e-05	 2277	 iter
1729	 1.329629e-05	 2278	 iter
1730	 1.329629e-05	 2280	 iter
1731	 1.329629e-05	 2281	 iter
1732	 1.329629e-05	 2282	 iter
1733	 1.329629e-05	 2284	 iter
1734	 1.329629e-05	 2286	 iter
1735	 1.329629e-05	 2287	 iter
1736	 1.329623e-05	 2289	 iter
1737	 1.329537e-05	 2291	 iter
1738	 1.329537e-05	 2292	 iter
1739	 1.329537e-05	 2294	 iter
1740	 1.329537e-05	 2295	 iter
1741	 1.329537e-05	 2297	 iter
1742	 1.329537e-05	 2299	 iter
1743	 1.329537e-05	 2301	 iter
1744	 1.329537e-05	 2303	 iter
1745	 1.329534e-05	 2305	 iter
1746	 1.329534e-05	 2307	 iter
1747	 1.329534e-05	 2309	 iter
1748	 1.329534e-05	 2310	 iter
1749	 1.329534e-05	 2311	 iter
1750	 1.329534e-05	 2312	 iter
1751	 1.329528e-05	 2314	 iter
1752	 1.329528e-05	 2315	 iter
1753	 1.329528e-05	 2316	 iter
1754	 1.329528e-05	 2317	 iter
1755	 1.329495e-05	 2319	 iter
1756	 1.329478e-05	 2321	 iter
1757	 1.329478e-05	 2323	 iter
1758	 1.329478e-05	 2324	 iter
1759	 1.329478e-05	 2325	 iter
1760	 1.329478e-05	 2327	 iter
1761	 1.329478e-05	 2329	 iter
1762	 1.329478e-05	 2330	 iter
1763	 1.329437e-05	 2332	 iter
1764	 1.329426e-05	 2334	 iter
1765	 1.329426e-05	 2335	 iter
1766	 1.329426e-05	 2336	 iter
1767	 1.329426e-05	 2337	 iter
1768	 1.329426e-05	 2338	 iter
1769	 1.329426e-05	 2340	 iter
1770	 1.329426e-05	 2341	 iter
1771	 1.329426e-05	 2343	 iter
1772	 1.329426e-05	 2344	 iter
1773	 1.329426e-05	 2346	 iter
1774	 1.329383e-05	 2348	 iter
1775	 1.329383e-05	 2350	 iter
1776	 1.329383e-05	 2351	 iter
1777	 1.329383e-05	 2353	 iter
1778	 1.329383e-05	 2354	 iter
1779	 1.329383e-05	 2356	 iter
1780	 1.329383e-05	 2357	 iter
1781	 1.329383e-05	 2359	 iter
1782	 1.329383e-05	 2361	 iter
1783	 1.329383e-05	 2362	 iter
1784	 1.329383e-05	 2364	 iter
1785	 1.329383e-05	 2365	 iter
1786	 1.329383e-05	 2367	 iter
1787	 1.329383e-05	 2369	 iter
1788	 1.329383e-05	 2370	 iter
1789	 1.329383e-05	 2371	 iter
1790	 1.329383e-05	 2373	 iter
1791	 1.329383e-05	 2374	 iter
1792	 1.329383e-05	 2375	 iter
1793	 1.329383e-05	 2376	 iter
1794	 1.329383e-05	 2377	 iter
1795	 1.329383e-05	 2378	 iter
1796	 1.329375e-05	 2380	 iter
1797	 1.329375e-05	 2382	 iter
1798	 1.329375e-05	 2383	 iter
1799	 1.329375e-05	 2384	 iter
1800	 1.329375e-05	 2386	 iter
1801	 1.329375e-05	 2387	 iter
1802	 1.329375e-05	 2388	 iter
1803	 1.329375e-05	 2389	 iter
1804	 1.329375e-05	 2390	 iter
1805	 1.329375e-05	 2391	 iter
1806	 1.329373e-05	 2393	 iter
1807	 1.329373e-05	 2394	 iter
1808	 1.329373e-05	 2395	 iter
1809	 1.329373e-05	 2396	 iter
1810	 1.329373e-05	 2397	 iter
1811	 1.329372e-05	 2399	 iter
1812	 1.329368e-05	 2401	 iter
1813	 1.329368e-05	 2402	 iter
1814	 1.329368e-05	 2403	 iter
1815	 1.329368e-05	 2405	 iter
1816	 1.329368e-05	 2406	 iter
1817	 1.329365e-05	 2408	 iter
1818	 1.329365e-05	 2409	 iter
1819	 1.329365e-05	 2410	 iter
1820	 1.329365e-05	 2411	 iter
1821	 1.329365e-05	 2412	 iter
1822	 1.329364e-05	 2414	 iter
1823	 1.329364e-05	 2416	 iter
1824	 1.329364e-05	 2417	 iter
1825	 1.329357e-05	 2419	 iter
1826	 1.329357e-05	 2420	 iter
1827	 1.329357e-05	 2421	 iter
1828	 1.329357e-05	 2423	 iter
1829	 1.329357e-05	 2424	 iter
1830	 1.329357e-05	 2425	 iter
1831	 1.329357e-05	 2426	 iter
1832	 1.329357e-05	 2428	 iter
1833	 1.329357e-05	 2429	 iter
1834	 1.329357e-05	 2431	 iter
1835	 1.329357e-05	 2433	 iter
1836	 1.329357e-05	 2435	 iter
1837	 1.329357e-05	 2437	 iter
1838	 1.329357e-05	 2439	 iter
1839	 1.329357e-05	 2440	 iter
1840	 1.329357e-05	 2441	 iter
1841	 1.329357e-05	 2442	 iter
1842	 1.329356e-05	 2444	 iter
1843	 1.329356e-05	 2446	 iter
1844	 1.329356e-05	 2447	 iter
1845	 1.329356e-05	 2449	 iter
1846	 1.329356e-05	 2450	 iter
1847	 1.329355e-05	 2452	 iter
1848	 1.329351e-05	 2454	 iter
1849	 1.329351e-05	 2456	 iter
1850	 1.329351e-05	 2457	 iter
1851	 1.329351e-05	 2458	 iter
1852	 1.329351e-05	 2459	 iter
1853	 1.329351e-05	 2460	 iter
1854	 1.329348e-05	 2462	 iter
1855	 1.329348e-05	 2463	 iter
1856	 1.329348e-05	 2464	 iter
1857	 1.329348e-05	 2465	 iter
1858	 1.329348e-05	 2466	 iter
1859	 1.329348e-05	 2468	 iter
1860	 1.329348e-05	 2469	 iter
1861	 1.329348e-05	 2470	 iter
1862	 1.329348e-05	 2472	 iter
1863	 1.329348e-05	 2474	 iter
1864	 1.329348e-05	 2475	 iter
1865	 1.329348e-05	 2477	 iter
1866	 1.329348e-05	 2479	 iter
1867	 1.329348e-05	 2480	 iter
1868	 1.329348e-05	 2481	 iter
1869	 1.329348e-05	 2482	 iter
1870	 1.329348e-05	 2483	 iter
1871	 1.329348e-05	 2484	 iter
1872	 1.329348e-05	 2486	 iter
1873	 1.329348e-05	 2488	 iter
1874	 1.329348e-05	 2490	 iter
1875	 1.329348e-05	 2492	 iter
1876	 1.329348e-05	 2494	 iter
1877	 1.329347e-05	 2496	 iter
1878	 1.329347e-05	 2498	 iter
1879	 1.329347e-05	 2500	 iter
1880	 1.329347e-05	 2501	 iter
1881	 1.329347e-05	 2502	 iter
1882	 1.329347e-05	 2504	 iter
1883	 1.329347e-05	 2505	 iter
1884	 1.329347e-05	 2507	 iter
1884	 1.329347e-05	 2507	 done
