0	 1.926025e-33	 1	 init
0	 1.926025e-33	 1	 iter
1	 1.926025e-33	 17	 iter
2	 1.926025e-33	 19	 iter
3	 1.926025e-33	 21	 iter
4	 1.926025e-33	 23	 iter
5	 1.926025e-33	 25	 iter
6	 1.926025e-33	 27	 iter
7	 1.926025e-33	 29	 iter
8	 1.926025e-33	 31	 iter
9	 1.926025e-33	 32	 iter
10	 1.926025e-33	 33	 iter
11	 1.926025e-33	 35	 iter
12	 1.926025e-33	 37	 iter
13	 1.926025e-33	 39	 iter
14	 1.926025e-33	 41	 iter
15	 1.926025e-33	 43	 iter
16	 1.926025e-33	 45	 iter
17	 1.926025e-33	 47	 iter
18	 1.926025e-33	 49	 iter
19	 1.926025e-33	 51	 iter
20	 1.926025e-33	 53	 iter
21	 1.926025e-33	 55	 iter
22	 1.926025e-33	 57	 iter
23	 1.926025e-33	 59	 iter
24	 1.926025e-33	 61	 iter
25	 1.926025e-33	 63	 iter
26	 1.926025e-33	 65	 iter
27	 1.926025e-33	 67	 iter
28	 1.926025e-33	 68	 iter
29	 1.926025e-33	 70	 iter
30	 1.926025e-33	 72	 iter
31	 1.926025e-33	 74	 iter
32	 1.926025e-33	 76	 iter
33	 1.926025e-33	 78	 iter
34	 1.926025e-33	 80	 iter
35	 1.926025e-33	 81	 iter
36	 1.926025e-33	 83	 iter
37	 1.926025e-33	 85	 iter
38	 1.926025e-33	 87	 iter
39	 1.926025e-33	 88	 iter
40	 1.926025e-33	 90	 iter
41	 1.926025e-33	 92	 iter
42	 1.926025e-33	 93	 iter
43	 1.926025e-33	 95	 iter
44	 1.926025e-33	 97	 iter
45	 1.926025e-33	 99	 iter
46	 1.926025e-33	 101	 iter
47	 1.926025e-33	 103	 iter
48	 1.926025e-33	 105	 iter
49	 1.926025e-33	 107	 iter
50	 1.926025e-33	 108	 iter
51	 1.926025e-33	 109	 iter
52	 1.926025e-33	 111	 iter
53	 1.926025e-33	 113	 iter
54	 1.926025e-33	 115	 iter
55	 1.926025e-33	 116	 iter
56	 1.926025e-33	 118	 iter
57	 1.926025e-33	 119	 iter
58	 1.926025e-33	 121	 iter
59	 1.926025e-33	 123	 iter
60	 1.926025e-33	 124	 iter
61	 1.926025e-33	 126	 iter
62	 1.926025e-33	 127	 iter
63	 1.926025e-33	 129	 iter
64	 1.926025e-33	 131	 iter
65	 1.926025e-33	 133	 iter
66	 1.926025e-33	 134	 iter
67	 1.926025e-33	 136	 iter
68	 1.926025e-33	 138	 iter
69	 1.926025e-33	 140	 iter
70	 1.926025e-33	 141	 iter
71	 1.926025e-33	 143	 iter
72	 1.926025e-33	 145	 iter
73	 1.926025e-33	 147	 iter
74	 1.926025e-33	 148	 iter
75	 1.926025e-33	 150	 iter
76	 1.926025e-33	 152	 iter
77	 1.926025e-33	 154	 iter
78	 1.926025e-33	 156	 iter
79	 1.926025e-33	 157	 iter
80	 1.926025e-33	 159	 iter
81	 1.926025e-33	 161	 iter
82	 1.926025e-33	 163	 iter
83	 1.926025e-33	 165	 iter
84	 1.926025e-33	 166	 iter
85	 1.926025e-33	 168	 iter
86	 1.926025e-33	 169	 iter
87	 1.926025e-33	 170	 iter
88	 1.926025e-33	 172	 iter
89	 1.926025e-33	 174	 iter
90	 1.926025e-33	 176	 iter
91	 1.926025e-33	 178	 iter
92	 1.926025e-33	 180	 iter
93	 1.926025e-33	 182	 iter
94	 1.926025e-33	 183	 iter
95	 1.926025e-33	 185	 iter
96	 1.926025e-33	 187	 iter
97	 1.926025e-33	 189	 iter
98	 1.926025e-33	 190	 iter
99	 1.926025e-33	 192	 iter
100	 1.926025e-33	 193	 iter
101	 1.926025e-33	 195	 iter
102	 1.926025e-33	 197	 iter
103	 1.926025e-33	 199	 iter
104	 1.926025e-33	 200	 iter
105	 1.926025e-33	 201	 iter
106	 1.926025e-33	 203	 iter
107	 1.926025e-33	 205	 iter
108	 1.926025e-33	 207	 iter
109	 1.926025e-33	 208	 iter
110	 1.926025e-33	 210	 iter
111	 1.926025e-33	 211	 iter
112	 1.926025e-33	 213	 iter
113	 1.926025e-33	 215	 iter
114	 1.926025e-33	 216	 iter
115	 1.926025e-33	 218	 iter
116	 1.926025e-33	 220	 iter
117	 1.926025e-33	 222	 iter
118	 1.926025e-33	 224	 iter
119	 1.926025e-33	 226	 iter
120	 1.926025e-33	 228	 iter
121	 1.926025e-33	 230	 iter
122	 1.926025e-33	 231	 iter
123	 1.926025e-33	 232	 iter
124	 1.926025e-33	 233	 iter
125	 1.926025e-33	 234	 iter
126	 1.926025e-33	 236	 iter
127	 1.926025e-33	 238	 iter
127	 1.926025e-33	 238	 done
