0	 3.249379e-04	 1	 init
0	 3.249379e-04	 1	 iter
1	 3.232166e-04	 17	 iter
2	 3.158197e-04	 19	 iter
3	 2.977388e-04	 21	 iter
4	 2.723120e-04	 23	 iter
5	 2.723120e-04	 24	 iter
6	 2.723120e-04	 25	 iter
7	 2.723120e-04	 26	 iter
8	 2.723120e-04	 27	 iter
9	 2.723120e-04	 28	 iter
10	 2.723120e-04	 29	 iter
11	 2.723120e-04	 30	 iter
12	 2.723120e-04	 31	 iter
13	 2.723120e-04	 32	 iter
14	 2.723120e-04	 33	 iter
15	 2.723120e-04	 34	 iter
16	 2.723120e-04	 35	 iter
17	 2.723120e-04	 36	 iter
18	 2.723120e-04	 38	 iter
19	 2.723120e-04	 40	 iter
20	 2.679175e-04	 42	 iter
21	 2.679175e-04	 44	 iter
22	 2.679175e-04	 45	 iter
23	 2.679175e-04	 46	 iter
24	 2.679175e-04	 48	 iter
25	 2.679175e-04	 50	 iter
26	 2.679175e-04	 51	 iter
27	 2.679175e-04	 52	 iter
28	 2.679175e-04	 53	 iter
29	 2.679175e-04	 54	 iter
30	 2.679175e-04	 55	 iter
31	 2.679175e-04	 56	 iter
32	 2.590012e-04	 58	 iter
33	 2.590012e-04	 59	 iter
34	 2.481184e-04	 61	 iter
35	 2.481184e-04	 62	 iter
36	 2.481184e-04	 63	 iter
37	 2.481184e-04	 64	 iter
38	 2.481184e-04	 65	 iter
39	 2.481184e-04	 66	 iter
40	 2.481184e-04	 67	 iter
41	 2.481184e-04	 68	 iter
42	 2.460375e-04	 70	 iter
43	 2.388640e-04	 72	 iter
44	 2.388640e-04	 73	 iter
45	 2.388640e-04	 74	 iter
46	 2.359799e-04	 76	 iter
47	 2.238074e-04	 78	 iter
48	 2.238074e-04	 79	 iter
49	 2.238074e-04	 80	 iter
50	 2.238074e-04	 81	 iter
51	 2.177390e-04	 83	 iter
52	 2.177390e-04	 84	 iter
53	 2.177390e-04	 85	 iter
54	 2.177390e-04	 86	 iter
55	 1.980486e-04	 88	 iter
56	 1.980486e-04	 89	 iter
57	 1.980486e-04	 90	 iter
58	 1.980486e-04	 91	 iter
59	 1.980486e-04	 92	 iter
60	 1.980486e-04	 93	 iter
61	 1.980486e-04	 94	 iter
62	 1.980486e-04	 95	 iter
63	 1.980486e-04	 96	 iter
64	 1.980486e-04	 97	 iter
65	 1.792053e-04	 99	 iter
66	 1.792053e-04	 100	 iter
67	 1.792053e-04	 101	 iter
68	 1.792053e-04	 102	 iter
69	 1.792053e-04	 103	 iter
70	 1.792053e-04	 104	 iter
71	 1.792053e-04	 105	 iter
72	 1.792053e-04	 106	 iter
73	 1.792053e-04	 107	 iter
74	 1.792053e-04	 108	 iter
75	 1.792053e-04	 110	 iter
76	 1.792053e-04	 112	 iter
77	 1.792053e-04	 113	 iter
78	 1.792053e-04	 114	 iter
79	 1.792053e-04	 115	 iter
80	 1.792053e-04	 117	 iter
81	 1.701344e-04	 119	 iter
82	 1.701344e-04	 120	 iter
83	 1.701344e-04	 121	 iter
84	 1.701344e-04	 122	 iter
85	 1.701344e-04	 123	 iter
86	 1.701344e-04	 124	 iter
87	 1.701344e-04	 125	 iter
88	 1.685803e-04	 127	 iter
89	 1.685803e-04	 128	 iter
90	 1.572565e-04	 130	 iter
91	 1.572565e-04	 131	 iter
92	 1.572565e-04	 132	 iter
93	 1.543950e-04	 134	 iter
94	 1.543950e-04	 135	 iter
95	 1.543950e-04	 136	 iter
96	 1.543950e-04	 137	 iter
97	 1.425431e-04	 139	 iter
98	 1.425431e-04	 140	 iter
99	 1.425431e-04	 141	 iter
100	 1.425431e-04	 142	 iter
101	 1.425431e-04	 143	 iter
102	 1.425431e-04	 144	 iter
103	 1.425431e-04	 146	 iter
104	 1.425431e-04	 147	 iter
105	 1.425431e-04	 148	 iter
106	 1.425431e-04	 149	 iter
107	 1.425431e-04	 150	 iter
108	 1.425431e-04	 151	 iter
109	 1.425431e-04	 152	 iter
110	 1.425431e-04	 154	 iter
111	 1.425431e-04	 156	 iter
112	 1.425431e-04	 158	 iter
113	 1.425431e-04	 159	 iter
114	 1.425431e-04	 160	 iter
115	 1.425431e-04	 161	 iter
116	 1.425431e-04	 163	 iter
117	 1.425431e-04	 164	 iter
118	 1.425431e-04	 165	 iter
119	 1.425431e-04	 167	 iter
120	 1.425431e-04	 168	 iter
121	 1.425431e-04	 170	 iter
122	 1.425431e-04	 171	 iter
123	 1.425431e-04	 172	 iter
124	 1.425431e-04	 174	 iter
125	 1.425431e-04	 175	 iter
126	 1.425431e-04	 176	 iter
127	 1.409905e-04	 178	 iter
128	 1.409905e-04	 179	 iter
129	 1.409905e-04	 181	 iter
130	 1.409905e-04	 182	 iter
131	 1.405356e-04	 184	 iter
132	 1.405356e-04	 186	 iter
133	 1.396560e-04	 188	 iter
134	 1.396560e-04	 190	 iter
135	 1.396560e-04	 191	 iter
136	 1.396560e-04	 192	 iter
137	 1.396560e-04	 193	 iter
138	 1.396560e-04	 194	 iter
139	 1.396560e-04	 195	 iter
140	 1.396560e-04	 196	 iter
141	 1.396560e-04	 198	 iter
142	 1.396560e-04	 199	 iter
143	 1.396560e-04	 200	 iter
144	 1.396560e-04	 202	 iter
145	 1.396560e-04	 204	 iter
146	 1.396560e-04	 206	 iter
147	 1.386056e-04	 208	 iter
148	 1.386056e-04	 209	 iter
149	 1.382705e-04	 211	 iter
150	 1.382705e-04	 212	 iter
151	 1.382705e-04	 213	 iter
152	 1.382705e-04	 215	 iter
153	 1.382705e-04	 217	 iter
154	 1.382705e-04	 218	 iter
155	 1.382705e-04	 219	 iter
156	 1.382705e-04	 221	 iter
157	 1.377279e-04	 223	 iter
158	 1.377279e-04	 225	 iter
159	 1.377279e-04	 226	 iter
160	 1.377279e-04	 228	 iter
161	 1.377279e-04	 229	 iter
162	 1.377279e-04	 230	 iter
163	 1.377279e-04	 232	 iter
164	 1.377279e-04	 234	 iter
165	 1.376234e-04	 236	 iter
166	 1.376234e-04	 237	 iter
167	 1.376234e-04	 238	 iter
168	 1.376234e-04	 240	 iter
169	 1.376234e-04	 241	 iter
170	 1.376234e-04	 242	 iter
171	 1.371805e-04	 244	 iter
172	 1.371805e-04	 245	 iter
173	 1.371805e-04	 246	 iter
174	 1.363238e-04	 248	 iter
175	 1.363238e-04	 249	 iter
176	 1.363238e-04	 250	 iter
177	 1.363238e-04	 251	 iter
178	 1.363238e-04	 252	 iter
179	 1.361411e-04	 254	 iter
180	 1.361411e-04	 255	 iter
181	 1.361411e-04	 257	 iter
182	 1.361411e-04	 258	 iter
183	 1.361411e-04	 260	 iter
184	 1.361411e-04	 261	 iter
185	 1.359940e-04	 263	 iter
186	 1.359940e-04	 265	 iter
187	 1.359940e-04	 267	 iter
188	 1.359940e-04	 268	 iter
189	 1.359807e-04	 270	 iter
190	 1.359807e-04	 271	 iter
191	 1.359807e-04	 272	 iter
192	 1.359807e-04	 273	 iter
193	 1.359807e-04	 274	 iter
194	 1.359807e-04	 275	 iter
195	 1.359807e-04	 277	 iter
196	 1.359807e-04	 278	 iter
197	 1.359807e-04	 280	 iter
198	 1.359807e-04	 281	 iter
199	 1.355523e-04	 283	 iter
200	 1.355523e-04	 284	 iter
201	 1.346726e-04	 286	 iter
202	 1.346726e-04	 288	 iter
203	 1.346726e-04	 289	 iter
204	 1.346726e-04	 290	 iter
205	 1.346726e-04	 291	 iter
206	 1.346726e-04	 292	 iter
207	 1.346726e-04	 293	 iter
208	 1.346726e-04	 294	 iter
209	 1.346726e-04	 295	 iter
210	 1.346726e-04	 296	 iter
211	 1.346726e-04	 297	 iter
212	 1.346726e-04	 298	 iter
213	 1.346726e-04	 299	 iter
214	 1.346726e-04	 300	 iter
215	 1.337700e-04	 302	 iter
216	 1.337700e-04	 303	 iter
217	 1.337700e-04	 304	 iter
218	 1.337700e-04	 305	 iter
219	 1.337700e-04	 306	 iter
220	 1.337700e-04	 307	 iter
221	 1.337700e-04	 308	 iter
222	 1.337700e-04	 310	 iter
223	 1.336202e-04	 312	 iter
224	 1.336202e-04	 313	 iter
225	 1.336202e-04	 314	 iter
226	 1.336202e-04	 315	 iter
227	 1.336202e-04	 316	 iter
228	 1.336202e-04	 317	 iter
229	 1.336000e-04	 319	 iter
230	 1.336000e-04	 320	 iter
231	 1.336000e-04	 322	 iter
232	 1.327511e-04	 324	 iter
233	 1.327511e-04	 325	 iter
234	 1.327511e-04	 326	 iter
235	 1.317436e-04	 328	 iter
236	 1.317436e-04	 329	 iter
237	 1.317436e-04	 330	 iter
238	 1.317436e-04	 331	 iter
239	 1.317436e-04	 332	 iter
240	 1.317436e-04	 333	 iter
241	 1.317436e-04	 334	 iter
242	 1.317436e-04	 336	 iter
243	 1.317436e-04	 337	 iter
244	 1.317436e-04	 338	 iter
245	 1.311564e-04	 340	 iter
246	 1.311564e-04	 341	 iter
247	 1.302203e-04	 343	 iter
248	 1.284566e-04	 345	 iter
249	 1.284566e-04	 346	 iter
250	 1.284566e-04	 347	 iter
251	 1.284566e-04	 348	 iter
252	 1.284566e-04	 349	 iter
253	 1.284566e-04	 350	 iter
254	 1.284566e-04	 351	 iter
255	 1.284566e-04	 353	 iter
256	 1.284566e-04	 354	 iter
257	 1.284566e-04	 355	 iter
258	 1.260478e-04	 357	 iter
259	 1.260478e-04	 358	 iter
260	 1.260478e-04	 359	 iter
261	 1.260478e-04	 360	 iter
262	 1.260478e-04	 361	 iter
263	 1.260478e-04	 362	 iter
264	 1.260478e-04	 363	 iter
265	 1.260478e-04	 364	 iter
266	 1.260478e-04	 365	 iter
267	 1.260478e-04	 366	 iter
268	 1.237397e-04	 368	 iter
269	 1.237397e-04	 369	 iter
270	 1.237397e-04	 370	 iter
271	 1.237397e-04	 371	 iter
272	 1.237397e-04	 372	 iter
273	 1.237397e-04	 373	 iter
274	 1.231346e-04	 375	 iter
275	 1.231346e-04	 376	 iter
276	 1.231346e-04	 377	 iter
277	 1.231346e-04	 378	 iter
278	 1.215257e-04	 380	 iter
279	 1.200675e-04	 382	 iter
280	 1.200675e-04	 383	 iter
281	 1.200675e-04	 384	 iter
282	 1.200675e-04	 386	 iter
283	 1.200675e-04	 387	 iter
284	 1.177917e-04	 389	 iter
285	 1.177917e-04	 390	 iter
286	 1.177917e-04	 391	 iter
287	 1.177917e-04	 392	 iter
288	 1.148908e-04	 394	 iter
289	 1.148908e-04	 395	 iter
290	 1.148908e-04	 396	 iter
291	 1.148908e-04	 397	 iter
292	 1.147916e-04	 399	 iter
293	 1.147916e-04	 400	 iter
294	 1.147916e-04	 401	 iter
295	 1.147916e-04	 402	 iter
296	 1.084012e-04	 404	 iter
297	 1.084012e-04	 405	 iter
298	 1.084012e-04	 407	 iter
299	 1.084012e-04	 408	 iter
300	 1.084012e-04	 409	 iter
301	 1.084012e-04	 410	 iter
302	 1.084012e-04	 411	 iter
303	 1.084012e-04	 412	 iter
304	 1.084012e-04	 413	 iter
305	 1.084012e-04	 414	 iter
306	 1.054547e-04	 416	 iter
307	 1.054547e-04	 418	 iter
308	 1.054547e-04	 419	 iter
309	 1.054547e-04	 420	 iter
310	 1.054547e-04	 421	 iter
311	 1.054547e-04	 422	 iter
312	 1.054547e-04	 423	 iter
313	 1.054547e-04	 424	 iter
314	 1.054547e-04	 425	 iter
315	 1.054547e-04	 426	 iter
316	 1.015400e-04	 428	 iter
317	 1.015400e-04	 429	 iter
318	 1.015400e-04	 430	 iter
319	 1.015400e-04	 431	 iter
320	 1.015400e-04	 432	 iter
321	 1.015400e-04	 433	 iter
322	 1.015400e-04	 434	 iter
323	 1.015400e-04	 435	 iter
324	 1.015400e-04	 436	 iter
325	 9.928011e-05	 438	 iter
326	 9.928011e-05	 440	 iter
327	 9.928011e-05	 441	 iter
328	 9.928011e-05	 442	 iter
329	 9.928011e-05	 444	 iter
330	 9.928011e-05	 445	 iter
331	 9.928011e-05	 446	 iter
332	 9.928011e-05	 447	 iter
333	 9.928011e-05	 449	 iter
334	 9.928011e-05	 451	 iter
335	 9.928011e-05	 452	 iter
336	 9.829086e-05	 454	 iter
337	 9.829086e-05	 455	 iter
338	 9.829086e-05	 457	 iter
339	 9.829086e-05	 459	 iter
340	 9.829086e-05	 460	 iter
341	 9.829086e-05	 461	 iter
342	 9.829086e-05	 462	 iter
343	 9.829086e-05	 463	 iter
344	 9.829086e-05	 464	 iter
345	 9.829086e-05	 465	 iter
346	 9.829086e-05	 466	 iter
347	 9.769647e-05	 468	 iter
348	 9.769647e-05	 469	 iter
349	 9.769647e-05	 470	 iter
350	 9.682980e-05	 472	 iter
351	 9.682980e-05	 473	 iter
352	 9.682980e-05	 474	 iter
353	 9.682980e-05	 475	 iter
354	 9.682980e-05	 476	 iter
355	 9.682980e-05	 477	 iter
356	 9.682980e-05	 479	 iter
357	 9.682980e-05	 481	 iter
358	 9.669385e-05	 483	 iter
359	 9.651753e-05	 485	 iter
360	 9.651753e-05	 487	 iter
361	 9.651753e-05	 489	 iter
362	 9.651753e-05	 490	 iter
363	 9.651753e-05	 492	 iter
364	 9.651753e-05	 493	 iter
365	 9.651753e-05	 494	 iter
366	 9.651753e-05	 496	 iter
367	 9.651753e-05	 497	 iter
368	 9.651753e-05	 498	 iter
369	 9.648030e-05	 500	 iter
370	 9.648030e-05	 501	 iter
371	 9.573008e-05	 503	 iter
372	 9.573008e-05	 504	 iter
373	 9.448610e-05	 506	 iter
374	 9.448610e-05	 508	 iter
375	 9.448610e-05	 510	 iter
376	 9.448610e-05	 511	 iter
377	 9.448610e-05	 512	 iter
378	 9.448610e-05	 513	 iter
379	 9.448610e-05	 514	 iter
380	 9.448610e-05	 515	 iter
381	 9.448610e-05	 516	 iter
382	 9.448610e-05	 517	 iter
383	 9.448610e-05	 518	 iter
384	 9.448610e-05	 519	 iter
385	 9.448610e-05	 520	 iter
386	 9.448610e-05	 522	 iter
387	 9.448610e-05	 523	 iter
388	 9.448610e-05	 525	 iter
389	 9.448610e-05	 526	 iter
390	 9.419094e-05	 528	 iter
391	 9.419094e-05	 529	 iter
392	 9.419094e-05	 530	 iter
393	 9.419094e-05	 531	 iter
394	 9.419094e-05	 532	 iter
395	 9.419094e-05	 534	 iter
396	 9.419094e-05	 535	 iter
397	 9.403964e-05	 537	 iter
398	 9.403964e-05	 538	 iter
399	 9.403964e-05	 539	 iter
400	 9.344613e-05	 541	 iter
401	 9.344613e-05	 542	 iter
402	 9.344613e-05	 543	 iter
403	 9.344613e-05	 545	 iter
404	 9.344613e-05	 546	 iter
405	 9.344613e-05	 547	 iter
406	 9.344613e-05	 548	 iter
407	 9.344613e-05	 549	 iter
408	 9.324345e-05	 551	 iter
409	 9.324345e-05	 552	 iter
410	 9.324345e-05	 553	 iter
411	 9.324345e-05	 554	 iter
412	 9.324345e-05	 555	 iter
413	 9.324345e-05	 557	 iter
414	 9.324345e-05	 558	 iter
415	 9.324345e-05	 560	 iter
416	 9.324345e-05	 561	 iter
417	 9.324345e-05	 562	 iter
418	 9.324345e-05	 563	 iter
419	 9.324345e-05	 564	 iter
420	 9.324345e-05	 565	 iter
421	 9.324345e-05	 566	 iter
422	 9.324345e-05	 568	 iter
423	 9.324345e-05	 569	 iter
424	 9.324345e-05	 570	 iter
425	 9.324345e-05	 571	 iter
426	 9.324345e-05	 573	 iter
427	 9.324345e-05	 574	 iter
428	 9.324345e-05	 575	 iter
429	 9.324345e-05	 577	 iter
430	 9.324345e-05	 579	 iter
431	 9.323749e-05	 581	 iter
432	 9.323564e-05	 583	 iter
433	 9.323564e-05	 585	 iter
434	 9.320511e-05	 587	 iter
435	 9.320511e-05	 588	 iter
436	 9.279050e-05	 590	 iter
437	 9.279050e-05	 591	 iter
438	 9.279050e-05	 592	 iter
439	 9.279050e-05	 594	 iter
440	 9.279050e-05	 595	 iter
441	 9.279050e-05	 597	 iter
442	 9.279050e-05	 599	 iter
443	 9.279050e-05	 601	 iter
444	 9.279050e-05	 602	 iter
445	 9.279050e-05	 604	 iter
446	 9.279050e-05	 605	 iter
447	 9.279050e-05	 607	 iter
448	 9.279050e-05	 608	 iter
449	 9.279050e-05	 609	 iter
450	 9.279050e-05	 610	 iter
451	 9.279050e-05	 611	 iter
452	 9.279050e-05	 612	 iter
453	 9.279050e-05	 613	 iter
454	 9.279050e-05	 614	 iter
455	 9.279050e-05	 615	 iter
456	 9.279050e-05	 616	 iter
457	 9.279050e-05	 618	 iter
458	 9.279050e-05	 619	 iter
459	 9.279050e-05	 620	 iter
460	 9.279050e-05	 621	 iter
461	 9.273442e-05	 623	 iter
462	 9.273442e-05	 624	 iter
463	 9.273442e-05	 626	 iter
464	 9.273442e-05	 627	 iter
465	 9.251903e-05	 629	 iter
466	 9.251903e-05	 630	 iter
467	 9.251903e-05	 631	 iter
468	 9.251903e-05	 632	 iter
469	 9.251903e-05	 633	 iter
470	 9.251903e-05	 634	 iter
471	 9.251903e-05	 635	 iter
472	 9.251903e-05	 636	 iter
473	 9.251903e-05	 637	 iter
474	 9.251903e-05	 638	 iter
475	 9.251903e-05	 639	 iter
476	 9.251903e-05	 640	 iter
477	 9.249579e-05	 642	 iter
478	 9.249579e-05	 643	 iter
479	 9.249579e-05	 644	 iter
480	 9.249579e-05	 645	 iter
481	 9.222782e-05	 647	 iter
482	 9.222782e-05	 649	 iter
483	 9.222782e-05	 650	 iter
484	 9.222782e-05	 651	 iter
485	 9.222782e-05	 652	 iter
486	 9.222782e-05	 653	 iter
487	 9.222782e-05	 654	 iter
488	 9.222782e-05	 655	 iter
489	 9.222782e-05	 656	 iter
490	 9.222782e-05	 657	 iter
491	 9.222782e-05	 658	 iter
492	 9.222782e-05	 659	 iter
493	 9.200300e-05	 661	 iter
494	 9.200300e-05	 662	 iter
495	 9.200300e-05	 663	 iter
496	 9.200300e-05	 664	 iter
497	 9.200300e-05	 665	 iter
498	 9.197876e-05	 667	 iter
499	 9.197876e-05	 668	 iter
500	 9.160684e-05	 670	 iter
501	 9.160684e-05	 671	 iter
502	 9.160684e-05	 672	 iter
503	 9.160684e-05	 673	 iter
504	 9.160684e-05	 674	 iter
505	 9.160684e-05	 675	 iter
506	 9.141369e-05	 677	 iter
507	 9.141369e-05	 678	 iter
508	 9.141369e-05	 679	 iter
509	 9.141369e-05	 680	 iter
510	 9.141369e-05	 681	 iter
511	 9.129868e-05	 683	 iter
512	 9.129798e-05	 685	 iter
513	 9.060470e-05	 687	 iter
514	 9.060470e-05	 688	 iter
515	 9.060470e-05	 689	 iter
516	 9.060470e-05	 690	 iter
517	 9.060470e-05	 691	 iter
518	 9.060470e-05	 692	 iter
519	 9.060470e-05	 693	 iter
520	 9.060470e-05	 694	 iter
521	 9.060470e-05	 695	 iter
522	 9.060470e-05	 696	 iter
523	 8.982978e-05	 698	 iter
524	 8.982978e-05	 699	 iter
525	 8.982978e-05	 700	 iter
526	 8.982978e-05	 701	 iter
527	 8.982978e-05	 702	 iter
528	 8.982978e-05	 703	 iter
529	 8.982978e-05	 704	 iter
530	 8.982978e-05	 705	 iter
531	 8.982978e-05	 706	 iter
532	 8.963613e-05	 708	 iter
533	 8.963613e-05	 709	 iter
534	 8.963613e-05	 710	 iter
535	 8.876195e-05	 712	 iter
536	 8.876195e-05	 713	 iter
537	 8.876195e-05	 714	 iter
538	 8.876195e-05	 715	 iter
539	 8.876195e-05	 716	 iter
540	 8.731985e-05	 718	 iter
541	 8.731985e-05	 719	 iter
542	 8.731985e-05	 720	 iter
543	 8.731985e-05	 721	 iter
544	 8.731985e-05	 722	 iter
545	 8.731985e-05	 723	 iter
546	 8.731985e-05	 724	 iter
547	 8.731985e-05	 725	 iter
548	 8.603211e-05	 727	 iter
549	 8.603211e-05	 728	 iter
550	 8.603211e-05	 729	 iter
551	 8.603211e-05	 730	 iter
552	 8.603211e-05	 731	 iter
553	 8.603211e-05	 732	 iter
554	 8.603211e-05	 733	 iter
555	 8.496854e-05	 735	 iter
556	 8.496854e-05	 736	 iter
557	 8.496854e-05	 737	 iter
558	 8.496854e-05	 738	 iter
559	 8.496854e-05	 739	 iter
560	 8.496854e-05	 740	 iter
561	 8.351044e-05	 742	 iter
562	 8.351044e-05	 743	 iter
563	 8.351044e-05	 744	 iter
564	 8.351044e-05	 745	 iter
565	 8.351044e-05	 746	 iter
566	 8.351044e-05	 747	 iter
567	 8.351044e-05	 748	 iter
568	 8.351044e-05	 749	 iter
569	 8.295705e-05	 751	 iter
570	 8.295705e-05	 753	 iter
571	 8.138569e-05	 755	 iter
572	 8.138569e-05	 756	 iter
573	 8.138569e-05	 757	 iter
574	 8.138569e-05	 758	 iter
575	 8.138569e-05	 759	 iter
576	 8.091882e-05	 761	 iter
577	 8.080943e-05	 763	 iter
578	 8.080943e-05	 764	 iter
579	 8.080943e-05	 765	 iter
580	 8.065740e-05	 767	 iter
581	 8.065740e-05	 768	 iter
582	 7.762282e-05	 770	 iter
583	 7.762282e-05	 771	 iter
584	 7.762282e-05	 772	 iter
585	 7.762282e-05	 773	 iter
586	 7.762282e-05	 774	 iter
587	 7.762282e-05	 775	 iter
588	 7.762282e-05	 776	 iter
589	 7.762282e-05	 778	 iter
590	 7.762282e-05	 779	 iter
591	 7.762282e-05	 780	 iter
592	 7.762282e-05	 781	 iter
593	 7.762282e-05	 783	 iter
594	 7.762282e-05	 784	 iter
595	 7.762282e-05	 785	 iter
596	 7.762282e-05	 786	 iter
597	 7.762282e-05	 787	 iter
598	 7.762282e-05	 788	 iter
599	 7.762282e-05	 789	 iter
600	 7.762282e-05	 790	 iter
601	 7.748440e-05	 792	 iter
602	 7.727106e-05	 794	 iter
603	 7.727106e-05	 795	 iter
604	 7.662228e-05	 797	 iter
605	 7.643951e-05	 799	 iter
606	 7.643951e-05	 800	 iter
607	 7.643951e-05	 801	 iter
608	 7.643951e-05	 802	 iter
609	 7.643951e-05	 803	 iter
610	 7.643951e-05	 804	 iter
611	 7.643951e-05	 806	 iter
612	 7.643951e-05	 807	 iter
613	 7.643951e-05	 809	 iter
614	 7.612425e-05	 811	 iter
615	 7.402928e-05	 813	 iter
616	 7.402928e-05	 814	 iter
617	 7.402928e-05	 815	 iter
618	 7.402928e-05	 816	 iter
619	 7.402928e-05	 817	 iter
620	 7.402928e-05	 818	 iter
621	 7.402928e-05	 819	 iter
622	 7.402928e-05	 820	 iter
623	 7.402928e-05	 821	 iter
624	 7.402928e-05	 822	 iter
625	 7.402928e-05	 823	 iter
626	 7.402928e-05	 824	 iter
627	 7.402928e-05	 825	 iter
628	 7.402928e-05	 826	 iter
629	 7.402928e-05	 828	 iter
630	 7.402928e-05	 829	 iter
631	 7.402928e-05	 830	 iter
632	 7.402928e-05	 831	 iter
633	 7.402928e-05	 833	 iter
634	 7.402928e-05	 834	 iter
635	 7.402928e-05	 835	 iter
636	 7.402928e-05	 836	 iter
637	 7.402928e-05	 837	 iter
638	 7.402928e-05	 838	 iter
639	 7.393700e-05	 840	 iter
640	 7.393700e-05	 841	 iter
641	 7.393700e-05	 842	 iter
642	 7.393700e-05	 844	 iter
643	 7.393700e-05	 846	 iter
644	 7.332222e-05	 848	 iter
645	 7.332222e-05	 849	 iter
646	 7.332222e-05	 850	 iter
647	 7.332222e-05	 852	 iter
648	 7.332222e-05	 853	 iter
649	 7.332222e-05	 854	 iter
650	 7.332222e-05	 855	 iter
651	 7.332222e-05	 856	 iter
652	 7.332222e-05	 858	 iter
653	 7.332222e-05	 859	 iter
654	 7.327385e-05	 861	 iter
655	 7.284486e-05	 863	 iter
656	 7.284486e-05	 864	 iter
657	 7.284486e-05	 865	 iter
658	 7.284486e-05	 866	 iter
659	 7.218660e-05	 868	 iter
660	 7.156612e-05	 870	 iter
661	 7.156612e-05	 871	 iter
662	 7.156612e-05	 872	 iter
663	 7.156612e-05	 873	 iter
664	 7.156612e-05	 874	 iter
665	 7.096368e-05	 876	 iter
666	 7.096368e-05	 877	 iter
667	 7.096368e-05	 878	 iter
668	 7.096368e-05	 879	 iter
669	 6.971854e-05	 881	 iter
670	 6.971854e-05	 882	 iter
671	 6.971854e-05	 883	 iter
672	 6.971854e-05	 884	 iter
673	 6.971854e-05	 885	 iter
674	 6.971854e-05	 886	 iter
675	 6.971854e-05	 887	 iter
676	 6.971854e-05	 888	 iter
677	 6.971854e-05	 889	 iter
678	 6.971854e-05	 890	 iter
679	 6.971854e-05	 891	 iter
680	 6.971854e-05	 892	 iter
681	 6.971854e-05	 894	 iter
682	 6.971854e-05	 895	 iter
683	 6.866958e-05	 897	 iter
684	 6.866958e-05	 898	 iter
685	 6.866958e-05	 900	 iter
686	 6.866958e-05	 901	 iter
687	 6.866958e-05	 902	 iter
688	 6.866958e-05	 903	 iter
689	 6.866958e-05	 905	 iter
690	 6.866958e-05	 906	 iter
691	 6.866958e-05	 907	 iter
692	 6.866958e-05	 909	 iter
693	 6.866958e-05	 910	 iter
694	 6.866958e-05	 911	 iter
695	 6.866958e-05	 912	 iter
696	 6.866958e-05	 913	 iter
697	 6.866958e-05	 914	 iter
698	 6.866958e-05	 915	 iter
699	 6.866958e-05	 916	 iter
700	 6.866958e-05	 918	 iter
701	 6.866958e-05	 919	 iter
702	 6.866532e-05	 921	 iter
703	 6.866532e-05	 923	 iter
704	 6.866532e-05	 925	 iter
705	 6.866532e-05	 927	 iter
706	 6.838575e-05	 929	 iter
707	 6.838575e-05	 931	 iter
708	 6.838575e-05	 933	 iter
709	 6.838575e-05	 934	 iter
710	 6.838575e-05	 935	 iter
711	 6.838575e-05	 936	 iter
712	 6.838575e-05	 937	 iter
713	 6.838575e-05	 938	 iter
714	 6.838575e-05	 939	 iter
715	 6.838575e-05	 940	 iter
716	 6.838575e-05	 942	 iter
717	 6.838575e-05	 944	 iter
718	 6.838575e-05	 946	 iter
719	 6.838575e-05	 948	 iter
720	 6.838575e-05	 949	 iter
721	 6.829524e-05	 951	 iter
722	 6.829524e-05	 953	 iter
723	 6.829524e-05	 955	 iter
724	 6.829524e-05	 957	 iter
725	 6.811573e-05	 959	 iter
726	 6.811573e-05	 960	 iter
727	 6.801844e-05	 962	 iter
728	 6.801844e-05	 964	 iter
729	 6.801844e-05	 966	 iter
730	 6.758734e-05	 968	 iter
731	 6.758734e-05	 970	 iter
732	 6.758734e-05	 971	 iter
733	 6.758734e-05	 972	 iter
734	 6.758734e-05	 973	 iter
735	 6.758734e-05	 974	 iter
736	 6.758734e-05	 975	 iter
737	 6.758734e-05	 976	 iter
738	 6.758734e-05	 977	 iter
739	 6.758734e-05	 978	 iter
740	 6.758734e-05	 980	 iter
741	 6.758734e-05	 981	 iter
742	 6.758734e-05	 982	 iter
743	 6.758734e-05	 983	 iter
744	 6.758734e-05	 984	 iter
745	 6.758734e-05	 985	 iter
746	 6.749290e-05	 987	 iter
747	 6.749290e-05	 988	 iter
748	 6.749290e-05	 989	 iter
749	 6.749290e-05	 990	 iter
750	 6.749290e-05	 991	 iter
751	 6.749290e-05	 992	 iter
752	 6.749290e-05	 993	 iter
753	 6.749290e-05	 994	 iter
754	 6.749290e-05	 995	 iter
755	 6.738734e-05	 997	 iter
756	 6.738734e-05	 998	 iter
757	 6.738734e-05	 999	 iter
758	 6.738734e-05	 1000	 iter
759	 6.707184e-05	 1002	 iter
760	 6.707184e-05	 1003	 iter
761	 6.707184e-05	 1004	 iter
762	 6.707184e-05	 1005	 iter
763	 6.707184e-05	 1006	 iter
764	 6.707184e-05	 1007	 iter
765	 6.700477e-05	 1009	 iter
766	 6.700477e-05	 1011	 iter
767	 6.700477e-05	 1012	 iter
768	 6.699530e-05	 1014	 iter
769	 6.699530e-05	 1015	 iter
770	 6.699530e-05	 1017	 iter
771	 6.699423e-05	 1019	 iter
772	 6.643116e-05	 1021	 iter
773	 6.643116e-05	 1022	 iter
774	 6.643116e-05	 1023	 iter
775	 6.643116e-05	 1024	 iter
776	 6.643116e-05	 1025	 iter
777	 6.643116e-05	 1026	 iter
778	 6.643116e-05	 1027	 iter
779	 6.643116e-05	 1028	 iter
780	 6.643116e-05	 1029	 iter
781	 6.643116e-05	 1030	 iter
782	 6.643116e-05	 1031	 iter
783	 6.643116e-05	 1032	 iter
784	 6.643116e-05	 1033	 iter
785	 6.643116e-05	 1034	 iter
786	 6.643116e-05	 1035	 iter
787	 6.643116e-05	 1036	 iter
788	 6.642700e-05	 1038	 iter
789	 6.641331e-05	 1040	 iter
790	 6.632852e-05	 1042	 iter
791	 6.632852e-05	 1043	 iter
792	 6.618229e-05	 1045	 iter
793	 6.618229e-05	 1046	 iter
794	 6.618229e-05	 1047	 iter
795	 6.618229e-05	 1048	 iter
796	 6.618229e-05	 1049	 iter
797	 6.618229e-05	 1050	 iter
798	 6.618229e-05	 1051	 iter
799	 6.614122e-05	 1053	 iter
800	 6.614122e-05	 1054	 iter
801	 6.614122e-05	 1056	 iter
802	 6.614122e-05	 1057	 iter
803	 6.614122e-05	 1059	 iter
804	 6.614122e-05	 1060	 iter
805	 6.593926e-05	 1062	 iter
806	 6.575915e-05	 1064	 iter
807	 6.575915e-05	 1065	 iter
808	 6.575915e-05	 1066	 iter
809	 6.575915e-05	 1067	 iter
810	 6.575915e-05	 1069	 iter
811	 6.575915e-05	 1070	 iter
812	 6.575915e-05	 1071	 iter
813	 6.575915e-05	 1072	 iter
814	 6.575915e-05	 1074	 iter
815	 6.575915e-05	 1075	 iter
816	 6.542443e-05	 1077	 iter
817	 6.542443e-05	 1078	 iter
818	 6.542443e-05	 1079	 iter
819	 6.542443e-05	 1081	 iter
820	 6.542443e-05	 1082	 iter
821	 6.542443e-05	 1083	 iter
822	 6.542443e-05	 1084	 iter
823	 6.542443e-05	 1085	 iter
824	 6.542443e-05	 1087	 iter
825	 6.542443e-05	 1088	 iter
826	 6.542443e-05	 1089	 iter
827	 6.542443e-05	 1090	 iter
828	 6.497684e-05	 1092	 iter
829	 6.497684e-05	 1093	 iter
830	 6.497684e-05	 1094	 iter
831	 6.497684e-05	 1095	 iter
832	 6.497684e-05	 1096	 iter
833	 6.497684e-05	 1097	 iter
834	 6.497684e-05	 1098	 iter
835	 6.497684e-05	 1099	 iter
836	 6.497684e-05	 1100	 iter
837	 6.497684e-05	 1101	 iter
838	 6.470907e-05	 1103	 iter
839	 6.470907e-05	 1104	 iter
840	 6.427936e-05	 1106	 iter
841	 6.427936e-05	 1107	 iter
842	 6.427936e-05	 1108	 iter
843	 6.427936e-05	 1109	 iter
844	 6.427936e-05	 1110	 iter
845	 6.427936e-05	 1111	 iter
846	 6.427936e-05	 1112	 iter
847	 6.427936e-05	 1113	 iter
848	 6.406922e-05	 1115	 iter
849	 6.406922e-05	 1116	 iter
850	 6.406922e-05	 1117	 iter
851	 6.406922e-05	 1118	 iter
852	 6.405735e-05	 1120	 iter
853	 6.397784e-05	 1122	 iter
854	 6.371764e-05	 1124	 iter
855	 6.328553e-05	 1126	 iter
856	 6.328553e-05	 1127	 iter
857	 6.328553e-05	 1128	 iter
858	 6.328553e-05	 1129	 iter
859	 6.328553e-05	 1130	 iter
860	 6.328553e-05	 1131	 iter
861	 6.328553e-05	 1132	 iter
862	 6.295953e-05	 1134	 iter
863	 6.295953e-05	 1135	 iter
864	 6.295953e-05	 1137	 iter
865	 6.295953e-05	 1138	 iter
866	 6.295953e-05	 1139	 iter
867	 6.234955e-05	 1141	 iter
868	 6.234955e-05	 1142	 iter
869	 6.234955e-05	 1143	 iter
870	 6.234955e-05	 1144	 iter
871	 6.234955e-05	 1145	 iter
872	 6.234955e-05	 1146	 iter
873	 6.234955e-05	 1147	 iter
874	 6.234955e-05	 1148	 iter
875	 6.234955e-05	 1149	 iter
876	 6.234955e-05	 1150	 iter
877	 6.218802e-05	 1152	 iter
878	 6.214665e-05	 1154	 iter
879	 6.214665e-05	 1155	 iter
880	 6.214665e-05	 1156	 iter
881	 6.214665e-05	 1157	 iter
882	 6.214665e-05	 1158	 iter
883	 6.174884e-05	 1160	 iter
884	 6.174884e-05	 1161	 iter
885	 6.174884e-05	 1162	 iter
886	 6.174884e-05	 1163	 iter
887	 6.174884e-05	 1164	 iter
888	 6.109283e-05	 1166	 iter
889	 6.109283e-05	 1167	 iter
890	 6.109283e-05	 1168	 iter
891	 6.109283e-05	 1169	 iter
892	 6.109283e-05	 1170	 iter
893	 6.109283e-05	 1171	 iter
894	 6.069538e-05	 1173	 iter
895	 6.069538e-05	 1174	 iter
896	 6.069538e-05	 1175	 iter
897	 6.069538e-05	 1176	 iter
898	 6.069538e-05	 1177	 iter
899	 6.069538e-05	 1178	 iter
900	 6.069538e-05	 1179	 iter
901	 6.069538e-05	 1180	 iter
902	 6.050688e-05	 1182	 iter
903	 6.048754e-05	 1184	 iter
904	 6.048754e-05	 1185	 iter
905	 6.048754e-05	 1186	 iter
906	 6.048754e-05	 1187	 iter
907	 6.048754e-05	 1188	 iter
908	 6.048754e-05	 1189	 iter
909	 6.048754e-05	 1190	 iter
910	 6.048754e-05	 1191	 iter
911	 6.048486e-05	 1193	 iter
912	 6.048486e-05	 1194	 iter
913	 6.002545e-05	 1196	 iter
914	 6.002545e-05	 1198	 iter
915	 6.002545e-05	 1199	 iter
916	 6.002545e-05	 1200	 iter
917	 6.002545e-05	 1201	 iter
918	 6.002545e-05	 1202	 iter
919	 6.002545e-05	 1203	 iter
920	 6.002545e-05	 1204	 iter
921	 6.002545e-05	 1205	 iter
922	 6.002545e-05	 1207	 iter
923	 6.002545e-05	 1208	 iter
924	 6.002545e-05	 1209	 iter
925	 6.002545e-05	 1210	 iter
926	 6.002545e-05	 1211	 iter
927	 6.002545e-05	 1212	 iter
928	 6.002545e-05	 1213	 iter
929	 6.002545e-05	 1215	 iter
930	 6.002545e-05	 1216	 iter
931	 6.002545e-05	 1217	 iter
932	 5.985188e-05	 1219	 iter
933	 5.985188e-05	 1220	 iter
934	 5.985188e-05	 1221	 iter
935	 5.985188e-05	 1222	 iter
936	 5.985188e-05	 1224	 iter
937	 5.985188e-05	 1225	 iter
938	 5.955758e-05	 1227	 iter
939	 5.955758e-05	 1228	 iter
940	 5.955758e-05	 1229	 iter
941	 5.955758e-05	 1231	 iter
942	 5.955758e-05	 1232	 iter
943	 5.955758e-05	 1234	 iter
944	 5.955758e-05	 1236	 iter
945	 5.955758e-05	 1237	 iter
946	 5.955758e-05	 1238	 iter
947	 5.955758e-05	 1239	 iter
948	 5.955758e-05	 1240	 iter
949	 5.955758e-05	 1241	 iter
950	 5.955758e-05	 1242	 iter
951	 5.955758e-05	 1243	 iter
952	 5.955758e-05	 1244	 iter
953	 5.955758e-05	 1246	 iter
954	 5.955758e-05	 1247	 iter
955	 5.955758e-05	 1249	 iter
956	 5.955112e-05	 1251	 iter
957	 5.955112e-05	 1252	 iter
958	 5.955112e-05	 1253	 iter
959	 5.955112e-05	 1254	 iter
960	 5.955112e-05	 1256	 iter
961	 5.955112e-05	 1257	 iter
962	 5.955112e-05	 1258	 iter
963	 5.955112e-05	 1259	 iter
964	 5.955112e-05	 1261	 iter
965	 5.955112e-05	 1263	 iter
966	 5.955112e-05	 1265	 iter
967	 5.945802e-05	 1267	 iter
968	 5.945802e-05	 1269	 iter
969	 5.941320e-05	 1271	 iter
970	 5.941320e-05	 1272	 iter
971	 5.941320e-05	 1274	 iter
972	 5.941320e-05	 1276	 iter
973	 5.941320e-05	 1277	 iter
974	 5.941320e-05	 1279	 iter
975	 5.941320e-05	 1281	 iter
976	 5.941320e-05	 1282	 iter
977	 5.941320e-05	 1283	 iter
978	 5.941320e-05	 1285	 iter
979	 5.935121e-05	 1287	 iter
980	 5.935121e-05	 1288	 iter
981	 5.933976e-05	 1290	 iter
982	 5.933976e-05	 1291	 iter
983	 5.933976e-05	 1293	 iter
984	 5.932643e-05	 1295	 iter
985	 5.932643e-05	 1296	 iter
986	 5.932643e-05	 1298	 iter
987	 5.932643e-05	 1299	 iter
988	 5.925477e-05	 1301	 iter
989	 5.925477e-05	 1303	 iter
990	 5.925477e-05	 1304	 iter
991	 5.925477e-05	 1305	 iter
992	 5.925477e-05	 1306	 iter
993	 5.925477e-05	 1308	 iter
994	 5.925477e-05	 1309	 iter
995	 5.925477e-05	 1310	 iter
996	 5.925477e-05	 1311	 iter
997	 5.925477e-05	 1312	 iter
998	 5.925477e-05	 1313	 iter
999	 5.921059e-05	 1315	 iter
1000	 5.921059e-05	 1316	 iter
1001	 5.921059e-05	 1317	 iter
1002	 5.921059e-05	 1319	 iter
1003	 5.921059e-05	 1320	 iter
1004	 5.921059e-05	 1321	 iter
1005	 5.921059e-05	 1322	 iter
1006	 5.921059e-05	 1323	 iter
1007	 5.921059e-05	 1324	 iter
1008	 5.916605e-05	 1326	 iter
1009	 5.916605e-05	 1327	 iter
1010	 5.916605e-05	 1328	 iter
1011	 5.916605e-05	 1329	 iter
1012	 5.916605e-05	 1331	 iter
1013	 5.916605e-05	 1332	 iter
1014	 5.916605e-05	 1333	 iter
1015	 5.916605e-05	 1334	 iter
1016	 5.916605e-05	 1335	 iter
1017	 5.899087e-05	 1337	 iter
1018	 5.899087e-05	 1338	 iter
1019	 5.899087e-05	 1339	 iter
1020	 5.899087e-05	 1340	 iter
1021	 5.899087e-05	 1341	 iter
1022	 5.899087e-05	 1342	 iter
1023	 5.899087e-05	 1343	 iter
1024	 5.899087e-05	 1344	 iter
1025	 5.899087e-05	 1346	 iter
1026	 5.899087e-05	 1347	 iter
1027	 5.899087e-05	 1348	 iter
1028	 5.899087e-05	 1349	 iter
1029	 5.899087e-05	 1350	 iter
1030	 5.899087e-05	 1351	 iter
1031	 5.899087e-05	 1352	 iter
1032	 5.899087e-05	 1353	 iter
1033	 5.899087e-05	 1354	 iter
1034	 5.894454e-05	 1356	 iter
1035	 5.894454e-05	 1357	 iter
1036	 5.894454e-05	 1358	 iter
1037	 5.894454e-05	 1359	 iter
1038	 5.873513e-05	 1361	 iter
1039	 5.873513e-05	 1362	 iter
1040	 5.873513e-05	 1363	 iter
1041	 5.873513e-05	 1364	 iter
1042	 5.873513e-05	 1365	 iter
1043	 5.873513e-05	 1366	 iter
1044	 5.873513e-05	 1367	 iter
1045	 5.873513e-05	 1368	 iter
1046	 5.873513e-05	 1369	 iter
1047	 5.873513e-05	 1371	 iter
1048	 5.873513e-05	 1372	 iter
1049	 5.873513e-05	 1373	 iter
1050	 5.873513e-05	 1374	 iter
1051	 5.873513e-05	 1375	 iter
1052	 5.871366e-05	 1377	 iter
1053	 5.847348e-05	 1379	 iter
1054	 5.847348e-05	 1380	 iter
1055	 5.847348e-05	 1381	 iter
1056	 5.847348e-05	 1382	 iter
1057	 5.847348e-05	 1383	 iter
1058	 5.847348e-05	 1384	 iter
1059	 5.847348e-05	 1385	 iter
1060	 5.834402e-05	 1387	 iter
1061	 5.834402e-05	 1388	 iter
1062	 5.834402e-05	 1389	 iter
1063	 5.834402e-05	 1390	 iter
1064	 5.834402e-05	 1391	 iter
1065	 5.834402e-05	 1392	 iter
1066	 5.827703e-05	 1394	 iter
1067	 5.827703e-05	 1395	 iter
1068	 5.809913e-05	 1397	 iter
1069	 5.809913e-05	 1398	 iter
1070	 5.809913e-05	 1399	 iter
1071	 5.809913e-05	 1400	 iter
1072	 5.809913e-05	 1401	 iter
1073	 5.781572e-05	 1403	 iter
1074	 5.781572e-05	 1404	 iter
1075	 5.781572e-05	 1405	 iter
1076	 5.781572e-05	 1406	 iter
1077	 5.781572e-05	 1407	 iter
1078	 5.766883e-05	 1409	 iter
1079	 5.766883e-05	 1410	 iter
1080	 5.766883e-05	 1411	 iter
1081	 5.766883e-05	 1412	 iter
1082	 5.749384e-05	 1414	 iter
1083	 5.749384e-05	 1415	 iter
1084	 5.749384e-05	 1416	 iter
1085	 5.749384e-05	 1417	 iter
1086	 5.745743e-05	 1419	 iter
1087	 5.722235e-05	 1421	 iter
1088	 5.722235e-05	 1422	 iter
1089	 5.695524e-05	 1424	 iter
1090	 5.695524e-05	 1425	 iter
1091	 5.695524e-05	 1426	 iter
1092	 5.695524e-05	 1427	 iter
1093	 5.695524e-05	 1428	 iter
1094	 5.695524e-05	 1429	 iter
1095	 5.695524e-05	 1430	 iter
1096	 5.636708e-05	 1432	 iter
1097	 5.636708e-05	 1433	 iter
1098	 5.636708e-05	 1434	 iter
1099	 5.636708e-05	 1435	 iter
1100	 5.636708e-05	 1436	 iter
1101	 5.636708e-05	 1437	 iter
1102	 5.636708e-05	 1438	 iter
1103	 5.636708e-05	 1439	 iter
1104	 5.636708e-05	 1440	 iter
1105	 5.616358e-05	 1442	 iter
1106	 5.616358e-05	 1443	 iter
1107	 5.616358e-05	 1444	 iter
1108	 5.616358e-05	 1445	 iter
1109	 5.616358e-05	 1446	 iter
1110	 5.587366e-05	 1448	 iter
1111	 5.587366e-05	 1449	 iter
1112	 5.587366e-05	 1450	 iter
1113	 5.587366e-05	 1451	 iter
1114	 5.587366e-05	 1452	 iter
1115	 5.551788e-05	 1454	 iter
1116	 5.551788e-05	 1455	 iter
1117	 5.551788e-05	 1456	 iter
1118	 5.551788e-05	 1457	 iter
1119	 5.551788e-05	 1458	 iter
1120	 5.551788e-05	 1459	 iter
1121	 5.551788e-05	 1460	 iter
1122	 5.546087e-05	 1462	 iter
1123	 5.543457e-05	 1464	 iter
1124	 5.543457e-05	 1465	 iter
1125	 5.543457e-05	 1466	 iter
1126	 5.543457e-05	 1467	 iter
1127	 5.528702e-05	 1469	 iter
1128	 5.528702e-05	 1470	 iter
1129	 5.515486e-05	 1472	 iter
1130	 5.515486e-05	 1473	 iter
1131	 5.515486e-05	 1474	 iter
1132	 5.515486e-05	 1475	 iter
1133	 5.515486e-05	 1476	 iter
1134	 5.515486e-05	 1477	 iter
1135	 5.514402e-05	 1479	 iter
1136	 5.514402e-05	 1480	 iter
1137	 5.514402e-05	 1481	 iter
1138	 5.514402e-05	 1483	 iter
1139	 5.514402e-05	 1484	 iter
1140	 5.514402e-05	 1485	 iter
1141	 5.514402e-05	 1486	 iter
1142	 5.514402e-05	 1487	 iter
1143	 5.514402e-05	 1488	 iter
1144	 5.514402e-05	 1489	 iter
1145	 5.514402e-05	 1490	 iter
1146	 5.514402e-05	 1491	 iter
1147	 5.514402e-05	 1492	 iter
1148	 5.514402e-05	 1493	 iter
1149	 5.507355e-05	 1495	 iter
1150	 5.507355e-05	 1497	 iter
1151	 5.507355e-05	 1498	 iter
1152	 5.507355e-05	 1500	 iter
1153	 5.507355e-05	 1502	 iter
1154	 5.507355e-05	 1503	 iter
1155	 5.507355e-05	 1505	 iter
1156	 5.507355e-05	 1506	 iter
1157	 5.507355e-05	 1507	 iter
1158	 5.506910e-05	 1509	 iter
1159	 5.506910e-05	 1511	 iter
1160	 5.506910e-05	 1513	 iter
1161	 5.506910e-05	 1514	 iter
1162	 5.506910e-05	 1515	 iter
1163	 5.505736e-05	 1517	 iter
1164	 5.505736e-05	 1519	 iter
1165	 5.504585e-05	 1521	 iter
1166	 5.504585e-05	 1522	 iter
1167	 5.504475e-05	 1524	 iter
1168	 5.504165e-05	 1526	 iter
1169	 5.504165e-05	 1528	 iter
1170	 5.504165e-05	 1529	 iter
1171	 5.504084e-05	 1531	 iter
1172	 5.504084e-05	 1532	 iter
1173	 5.504084e-05	 1533	 iter
1174	 5.502520e-05	 1535	 iter
1175	 5.502520e-05	 1536	 iter
1176	 5.502520e-05	 1538	 iter
1177	 5.502483e-05	 1540	 iter
1178	 5.502360e-05	 1542	 iter
1179	 5.502360e-05	 1544	 iter
1180	 5.502123e-05	 1546	 iter
1181	 5.502123e-05	 1548	 iter
1182	 5.502123e-05	 1549	 iter
1183	 5.502123e-05	 1550	 iter
1184	 5.501732e-05	 1552	 iter
1185	 5.501461e-05	 1554	 iter
1186	 5.501461e-05	 1556	 iter
1187	 5.501461e-05	 1558	 iter
1188	 5.501455e-05	 1560	 iter
1189	 5.501455e-05	 1561	 iter
1190	 5.500925e-05	 1563	 iter
1191	 5.500925e-05	 1564	 iter
1192	 5.500925e-05	 1566	 iter
1193	 5.500678e-05	 1568	 iter
1194	 5.500678e-05	 1570	 iter
1195	 5.500627e-05	 1572	 iter
1196	 5.500627e-05	 1573	 iter
1197	 5.500627e-05	 1575	 iter
1198	 5.500627e-05	 1576	 iter
1199	 5.500555e-05	 1578	 iter
1200	 5.500555e-05	 1579	 iter
1201	 5.500555e-05	 1580	 iter
1202	 5.500419e-05	 1582	 iter
1203	 5.500380e-05	 1584	 iter
1204	 5.500369e-05	 1586	 iter
1205	 5.500369e-05	 1587	 iter
1206	 5.500369e-05	 1588	 iter
1207	 5.500369e-05	 1589	 iter
1208	 5.500152e-05	 1591	 iter
1209	 5.500150e-05	 1593	 iter
1210	 5.499974e-05	 1595	 iter
1211	 5.498965e-05	 1597	 iter
1212	 5.498965e-05	 1598	 iter
1213	 5.498965e-05	 1599	 iter
1214	 5.498965e-05	 1601	 iter
1215	 5.498965e-05	 1603	 iter
1216	 5.498965e-05	 1605	 iter
1217	 5.498965e-05	 1607	 iter
1218	 5.498965e-05	 1608	 iter
1219	 5.498965e-05	 1610	 iter
1220	 5.498965e-05	 1612	 iter
1221	 5.498965e-05	 1613	 iter
1222	 5.498965e-05	 1614	 iter
1223	 5.498965e-05	 1616	 iter
1224	 5.498965e-05	 1617	 iter
1225	 5.498965e-05	 1618	 iter
1226	 5.498965e-05	 1619	 iter
1227	 5.498589e-05	 1621	 iter
1228	 5.498589e-05	 1623	 iter
1229	 5.498589e-05	 1624	 iter
1230	 5.498589e-05	 1625	 iter
1231	 5.498589e-05	 1626	 iter
1232	 5.498362e-05	 1628	 iter
1233	 5.498362e-05	 1629	 iter
1234	 5.498362e-05	 1630	 iter
1235	 5.497809e-05	 1632	 iter
1236	 5.497809e-05	 1633	 iter
1237	 5.497536e-05	 1635	 iter
1238	 5.497536e-05	 1636	 iter
1239	 5.497536e-05	 1637	 iter
1240	 5.497536e-05	 1638	 iter
1241	 5.496451e-05	 1640	 iter
1242	 5.496451e-05	 1641	 iter
1243	 5.496451e-05	 1642	 iter
1244	 5.496451e-05	 1643	 iter
1245	 5.496451e-05	 1644	 iter
1246	 5.496451e-05	 1645	 iter
1247	 5.496451e-05	 1646	 iter
1248	 5.496451e-05	 1647	 iter
1249	 5.496451e-05	 1648	 iter
1250	 5.496371e-05	 1650	 iter
1251	 5.496371e-05	 1651	 iter
1252	 5.495004e-05	 1653	 iter
1253	 5.495004e-05	 1654	 iter
1254	 5.493494e-05	 1656	 iter
1255	 5.493494e-05	 1657	 iter
1256	 5.493494e-05	 1658	 iter
1257	 5.493494e-05	 1659	 iter
1258	 5.493494e-05	 1660	 iter
1259	 5.493494e-05	 1661	 iter
1260	 5.493494e-05	 1662	 iter
1261	 5.493494e-05	 1663	 iter
1262	 5.493494e-05	 1664	 iter
1263	 5.493494e-05	 1665	 iter
1264	 5.493494e-05	 1666	 iter
1265	 5.491981e-05	 1668	 iter
1266	 5.491981e-05	 1669	 iter
1267	 5.491981e-05	 1670	 iter
1268	 5.491981e-05	 1671	 iter
1269	 5.491981e-05	 1672	 iter
1270	 5.491981e-05	 1673	 iter
1271	 5.491981e-05	 1674	 iter
1272	 5.491981e-05	 1675	 iter
1273	 5.489329e-05	 1677	 iter
1274	 5.489329e-05	 1678	 iter
1275	 5.489329e-05	 1679	 iter
1276	 5.489329e-05	 1680	 iter
1277	 5.489329e-05	 1681	 iter
1278	 5.489329e-05	 1682	 iter
1279	 5.489329e-05	 1683	 iter
1280	 5.489329e-05	 1684	 iter
1281	 5.489329e-05	 1685	 iter
1282	 5.489329e-05	 1686	 iter
1283	 5.488080e-05	 1688	 iter
1284	 5.488080e-05	 1689	 iter
1285	 5.488080e-05	 1690	 iter
1286	 5.486185e-05	 1692	 iter
1287	 5.486185e-05	 1693	 iter
1288	 5.486185e-05	 1694	 iter
1289	 5.486185e-05	 1695	 iter
1290	 5.486185e-05	 1696	 iter
1291	 5.486185e-05	 1697	 iter
1292	 5.486185e-05	 1698	 iter
1293	 5.486185e-05	 1699	 iter
1294	 5.482254e-05	 1701	 iter
1295	 5.482254e-05	 1702	 iter
1296	 5.482254e-05	 1703	 iter
1297	 5.478002e-05	 1705	 iter
1298	 5.478002e-05	 1706	 iter
1299	 5.478002e-05	 1707	 iter
1300	 5.478002e-05	 1708	 iter
1301	 5.478002e-05	 1709	 iter
1302	 5.478002e-05	 1710	 iter
1303	 5.478002e-05	 1711	 iter
1304	 5.478002e-05	 1712	 iter
1305	 5.473954e-05	 1714	 iter
1306	 5.473954e-05	 1715	 iter
1307	 5.473954e-05	 1716	 iter
1308	 5.473954e-05	 1717	 iter
1309	 5.468356e-05	 1719	 iter
1310	 5.468356e-05	 1720	 iter
1311	 5.468356e-05	 1721	 iter
1312	 5.468356e-05	 1722	 iter
1313	 5.468356e-05	 1723	 iter
1314	 5.468356e-05	 1724	 iter
1315	 5.468356e-05	 1725	 iter
1316	 5.461190e-05	 1727	 iter
1317	 5.461190e-05	 1728	 iter
1318	 5.461190e-05	 1729	 iter
1319	 5.461190e-05	 1730	 iter
1320	 5.461190e-05	 1731	 iter
1321	 5.461190e-05	 1732	 iter
1322	 5.461190e-05	 1733	 iter
1323	 5.461190e-05	 1734	 iter
1324	 5.453894e-05	 1736	 iter
1325	 5.453894e-05	 1737	 iter
1326	 5.453894e-05	 1738	 iter
1327	 5.453894e-05	 1739	 iter
1328	 5.446070e-05	 1741	 iter
1329	 5.446070e-05	 1742	 iter
1330	 5.446070e-05	 1743	 iter
1331	 5.446070e-05	 1744	 iter
1332	 5.446070e-05	 1745	 iter
1333	 5.435468e-05	 1747	 iter
1334	 5.435468e-05	 1748	 iter
1335	 5.435468e-05	 1749	 iter
1336	 5.435468e-05	 1750	 iter
1337	 5.435468e-05	 1751	 iter
1338	 5.435468e-05	 1752	 iter
1339	 5.435468e-05	 1753	 iter
1340	 5.435468e-05	 1754	 iter
1341	 5.423026e-05	 1756	 iter
1342	 5.423026e-05	 1757	 iter
1343	 5.423026e-05	 1758	 iter
1344	 5.423026e-05	 1759	 iter
1345	 5.423026e-05	 1760	 iter
1346	 5.423026e-05	 1761	 iter
1347	 5.408591e-05	 1763	 iter
1348	 5.408591e-05	 1764	 iter
1349	 5.408591e-05	 1765	 iter
1350	 5.408591e-05	 1766	 iter
1351	 5.408591e-05	 1767	 iter
1352	 5.408591e-05	 1768	 iter
1353	 5.408591e-05	 1769	 iter
1354	 5.391043e-05	 1771	 iter
1355	 5.391043e-05	 1772	 iter
1356	 5.391043e-05	 1773	 iter
1357	 5.391043e-05	 1774	 iter
1358	 5.391043e-05	 1775	 iter
1359	 5.391043e-05	 1776	 iter
1360	 5.391043e-05	 1777	 iter
1361	 5.391043e-05	 1778	 iter
1362	 5.382300e-05	 1780	 iter
1363	 5.382300e-05	 1781	 iter
1364	 5.382300e-05	 1782	 iter
1365	 5.361518e-05	 1784	 iter
1366	 5.361518e-05	 1785	 iter
1367	 5.361518e-05	 1786	 iter
1368	 5.361518e-05	 1787	 iter
1369	 5.339767e-05	 1789	 iter
1370	 5.339767e-05	 1790	 iter
1371	 5.339767e-05	 1791	 iter
1372	 5.339767e-05	 1792	 iter
1373	 5.339767e-05	 1793	 iter
1374	 5.339767e-05	 1794	 iter
1375	 5.339767e-05	 1795	 iter
1376	 5.339767e-05	 1796	 iter
1377	 5.339767e-05	 1797	 iter
1378	 5.339767e-05	 1798	 iter
1379	 5.307346e-05	 1800	 iter
1380	 5.307346e-05	 1801	 iter
1381	 5.307346e-05	 1802	 iter
1382	 5.307346e-05	 1803	 iter
1383	 5.307346e-05	 1804	 iter
1384	 5.307346e-05	 1805	 iter
1385	 5.307346e-05	 1806	 iter
1386	 5.307346e-05	 1807	 iter
1387	 5.282112e-05	 1809	 iter
1388	 5.282112e-05	 1810	 iter
1389	 5.282112e-05	 1811	 iter
1390	 5.282112e-05	 1812	 iter
1391	 5.282112e-05	 1813	 iter
1392	 5.282112e-05	 1814	 iter
1393	 5.264160e-05	 1816	 iter
1394	 5.264160e-05	 1817	 iter
1395	 5.264160e-05	 1818	 iter
1396	 5.264160e-05	 1819	 iter
1397	 5.231221e-05	 1821	 iter
1398	 5.231221e-05	 1822	 iter
1399	 5.231221e-05	 1823	 iter
1400	 5.231221e-05	 1824	 iter
1401	 5.231221e-05	 1825	 iter
1402	 5.231221e-05	 1826	 iter
1403	 5.231221e-05	 1827	 iter
1404	 5.231221e-05	 1828	 iter
1405	 5.214010e-05	 1830	 iter
1406	 5.214010e-05	 1831	 iter
1407	 5.214010e-05	 1832	 iter
1408	 5.214010e-05	 1833	 iter
1409	 5.208063e-05	 1835	 iter
1410	 5.172387e-05	 1837	 iter
1411	 5.172387e-05	 1838	 iter
1412	 5.172387e-05	 1839	 iter
1413	 5.172387e-05	 1840	 iter
1414	 5.172387e-05	 1841	 iter
1415	 5.172387e-05	 1842	 iter
1416	 5.149022e-05	 1844	 iter
1417	 5.149022e-05	 1845	 iter
1418	 5.149022e-05	 1846	 iter
1419	 5.149022e-05	 1847	 iter
1420	 5.149022e-05	 1848	 iter
1421	 5.149022e-05	 1849	 iter
1422	 5.149022e-05	 1850	 iter
1423	 5.149022e-05	 1851	 iter
1424	 5.118960e-05	 1853	 iter
1425	 5.083385e-05	 1855	 iter
1426	 5.083385e-05	 1856	 iter
1427	 5.083385e-05	 1857	 iter
1428	 5.083385e-05	 1858	 iter
1429	 5.083385e-05	 1859	 iter
1430	 5.083385e-05	 1860	 iter
1431	 5.083385e-05	 1861	 iter
1432	 5.083385e-05	 1862	 iter
1433	 5.083385e-05	 1863	 iter
1434	 5.075823e-05	 1865	 iter
1435	 5.065561e-05	 1867	 iter
1436	 5.011618e-05	 1869	 iter
1437	 5.011618e-05	 1870	 iter
1438	 5.011618e-05	 1871	 iter
1439	 5.011618e-05	 1872	 iter
1440	 5.011618e-05	 1873	 iter
1441	 4.969471e-05	 1875	 iter
1442	 4.969471e-05	 1876	 iter
1443	 4.969471e-05	 1877	 iter
1444	 4.969471e-05	 1879	 iter
1445	 4.969471e-05	 1880	 iter
1446	 4.902056e-05	 1882	 iter
1447	 4.902056e-05	 1883	 iter
1448	 4.902056e-05	 1884	 iter
1449	 4.902056e-05	 1885	 iter
1450	 4.902056e-05	 1886	 iter
1451	 4.902056e-05	 1887	 iter
1452	 4.902056e-05	 1888	 iter
1453	 4.902056e-05	 1889	 iter
1454	 4.902056e-05	 1890	 iter
1455	 4.902056e-05	 1891	 iter
1456	 4.819924e-05	 1893	 iter
1457	 4.819924e-05	 1894	 iter
1458	 4.819924e-05	 1895	 iter
1459	 4.819924e-05	 1896	 iter
1460	 4.819924e-05	 1897	 iter
1461	 4.819924e-05	 1898	 iter
1462	 4.768530e-05	 1900	 iter
1463	 4.768530e-05	 1901	 iter
1464	 4.768530e-05	 1902	 iter
1465	 4.768530e-05	 1903	 iter
1466	 4.768530e-05	 1904	 iter
1467	 4.768530e-05	 1905	 iter
1468	 4.696262e-05	 1907	 iter
1469	 4.696262e-05	 1908	 iter
1470	 4.696262e-05	 1909	 iter
1471	 4.637036e-05	 1911	 iter
1472	 4.637036e-05	 1912	 iter
1473	 4.637036e-05	 1913	 iter
1474	 4.637036e-05	 1914	 iter
1475	 4.637036e-05	 1915	 iter
1476	 4.637036e-05	 1916	 iter
1477	 4.637036e-05	 1917	 iter
1478	 4.637036e-05	 1918	 iter
1479	 4.637036e-05	 1919	 iter
1480	 4.589144e-05	 1921	 iter
1481	 4.589144e-05	 1922	 iter
1482	 4.589144e-05	 1923	 iter
1483	 4.589144e-05	 1924	 iter
1484	 4.589144e-05	 1925	 iter
1485	 4.589144e-05	 1926	 iter
1486	 4.589144e-05	 1927	 iter
1487	 4.589144e-05	 1928	 iter
1488	 4.589144e-05	 1929	 iter
1489	 4.589144e-05	 1930	 iter
1490	 4.589144e-05	 1931	 iter
1491	 4.589144e-05	 1933	 iter
1492	 4.589144e-05	 1934	 iter
1493	 4.529896e-05	 1936	 iter
1494	 4.529896e-05	 1937	 iter
1495	 4.529896e-05	 1938	 iter
1496	 4.529896e-05	 1939	 iter
1497	 4.529896e-05	 1940	 iter
1498	 4.529896e-05	 1941	 iter
1499	 4.529896e-05	 1942	 iter
1500	 4.529896e-05	 1943	 iter
1501	 4.529896e-05	 1944	 iter
1502	 4.444031e-05	 1946	 iter
1503	 4.444031e-05	 1947	 iter
1504	 4.444031e-05	 1948	 iter
1505	 4.444031e-05	 1949	 iter
1506	 4.444031e-05	 1950	 iter
1507	 4.444031e-05	 1951	 iter
1508	 4.444031e-05	 1952	 iter
1509	 4.444031e-05	 1953	 iter
1510	 4.444031e-05	 1954	 iter
1511	 4.444031e-05	 1956	 iter
1512	 4.444031e-05	 1957	 iter
1513	 4.444031e-05	 1958	 iter
1514	 4.444031e-05	 1959	 iter
1515	 4.444031e-05	 1960	 iter
1516	 4.444031e-05	 1961	 iter
1517	 4.444031e-05	 1962	 iter
1518	 4.444031e-05	 1963	 iter
1519	 4.444031e-05	 1964	 iter
1520	 4.444031e-05	 1965	 iter
1521	 4.444031e-05	 1967	 iter
1522	 4.386234e-05	 1969	 iter
1523	 4.386234e-05	 1970	 iter
1524	 4.386234e-05	 1971	 iter
1525	 4.386234e-05	 1972	 iter
1526	 4.386234e-05	 1973	 iter
1527	 4.386234e-05	 1974	 iter
1528	 4.386234e-05	 1975	 iter
1529	 4.386234e-05	 1976	 iter
1530	 4.386234e-05	 1977	 iter
1531	 4.386234e-05	 1978	 iter
1532	 4.386234e-05	 1979	 iter
1533	 4.381179e-05	 1981	 iter
1534	 4.381179e-05	 1982	 iter
1535	 4.369561e-05	 1984	 iter
1536	 4.369561e-05	 1985	 iter
1537	 4.354787e-05	 1987	 iter
1538	 4.343566e-05	 1989	 iter
1539	 4.343566e-05	 1990	 iter
1540	 4.343566e-05	 1991	 iter
1541	 4.343566e-05	 1992	 iter
1542	 4.343566e-05	 1993	 iter
1543	 4.343566e-05	 1994	 iter
1544	 4.343566e-05	 1995	 iter
1545	 4.343566e-05	 1996	 iter
1546	 4.337639e-05	 1998	 iter
1547	 4.337639e-05	 1999	 iter
1548	 4.337639e-05	 2000	 iter
1549	 4.328714e-05	 2002	 iter
1550	 4.328714e-05	 2004	 iter
1551	 4.328714e-05	 2005	 iter
1552	 4.328714e-05	 2006	 iter
1553	 4.328714e-05	 2007	 iter
1554	 4.328714e-05	 2009	 iter
1555	 4.326495e-05	 2011	 iter
1556	 4.319576e-05	 2013	 iter
1557	 4.319576e-05	 2014	 iter
1558	 4.319576e-05	 2015	 iter
1559	 4.319576e-05	 2016	 iter
1560	 4.319576e-05	 2017	 iter
1561	 4.319576e-05	 2019	 iter
1562	 4.319576e-05	 2021	 iter
1563	 4.319576e-05	 2022	 iter
1564	 4.319576e-05	 2023	 iter
1565	 4.319576e-05	 2024	 iter
1566	 4.319576e-05	 2026	 iter
1567	 4.319576e-05	 2028	 iter
1568	 4.319576e-05	 2030	 iter
1569	 4.290552e-05	 2032	 iter
1570	 4.290552e-05	 2033	 iter
1571	 4.290552e-05	 2034	 iter
1572	 4.290552e-05	 2035	 iter
1573	 4.284959e-05	 2037	 iter
1574	 4.284959e-05	 2038	 iter
1575	 4.284959e-05	 2040	 iter
1576	 4.284959e-05	 2041	 iter
1577	 4.284959e-05	 2042	 iter
1578	 4.284959e-05	 2043	 iter
1579	 4.284959e-05	 2044	 iter
1580	 4.265065e-05	 2046	 iter
1581	 4.248833e-05	 2048	 iter
1582	 4.248833e-05	 2049	 iter
1583	 4.248833e-05	 2050	 iter
1584	 4.248833e-05	 2051	 iter
1585	 4.248833e-05	 2052	 iter
1586	 4.248833e-05	 2053	 iter
1587	 4.248833e-05	 2054	 iter
1588	 4.248833e-05	 2055	 iter
1589	 4.226050e-05	 2057	 iter
1590	 4.226050e-05	 2058	 iter
1591	 4.226050e-05	 2059	 iter
1592	 4.226050e-05	 2060	 iter
1593	 4.226050e-05	 2061	 iter
1594	 4.226050e-05	 2062	 iter
1595	 4.226050e-05	 2063	 iter
1596	 4.226050e-05	 2064	 iter
1597	 4.226050e-05	 2065	 iter
1598	 4.226050e-05	 2066	 iter
1599	 4.226050e-05	 2067	 iter
1600	 4.210980e-05	 2069	 iter
1601	 4.210980e-05	 2070	 iter
1602	 4.210980e-05	 2071	 iter
1603	 4.210980e-05	 2072	 iter
1604	 4.210980e-05	 2073	 iter
1605	 4.210980e-05	 2074	 iter
1606	 4.210980e-05	 2075	 iter
1607	 4.210980e-05	 2076	 iter
1608	 4.210980e-05	 2077	 iter
1609	 4.210980e-05	 2078	 iter
1610	 4.210980e-05	 2079	 iter
1611	 4.210980e-05	 2080	 iter
1612	 4.210980e-05	 2081	 iter
1613	 4.203609e-05	 2083	 iter
1614	 4.203609e-05	 2084	 iter
1615	 4.203609e-05	 2085	 iter
1616	 4.203609e-05	 2087	 iter
1617	 4.203609e-05	 2089	 iter
1618	 4.203609e-05	 2090	 iter
1619	 4.203609e-05	 2092	 iter
1620	 4.203609e-05	 2094	 iter
1621	 4.203609e-05	 2096	 iter
1622	 4.202744e-05	 2098	 iter
1623	 4.202744e-05	 2100	 iter
1624	 4.202744e-05	 2101	 iter
1625	 4.202744e-05	 2102	 iter
1626	 4.202095e-05	 2104	 iter
1627	 4.202095e-05	 2106	 iter
1628	 4.202095e-05	 2107	 iter
1629	 4.202095e-05	 2109	 iter
1630	 4.202095e-05	 2111	 iter
1631	 4.201907e-05	 2113	 iter
1632	 4.201825e-05	 2115	 iter
1633	 4.201825e-05	 2116	 iter
1634	 4.201825e-05	 2117	 iter
1635	 4.201825e-05	 2118	 iter
1636	 4.197918e-05	 2120	 iter
1637	 4.197918e-05	 2122	 iter
1638	 4.197918e-05	 2123	 iter
1639	 4.197918e-05	 2124	 iter
1640	 4.197918e-05	 2125	 iter
1641	 4.197918e-05	 2126	 iter
1642	 4.197918e-05	 2127	 iter
1643	 4.195350e-05	 2129	 iter
1644	 4.195350e-05	 2131	 iter
1645	 4.195350e-05	 2132	 iter
1646	 4.195350e-05	 2133	 iter
1647	 4.195350e-05	 2134	 iter
1648	 4.195350e-05	 2135	 iter
1649	 4.194520e-05	 2137	 iter
1650	 4.194520e-05	 2138	 iter
1651	 4.194520e-05	 2140	 iter
1652	 4.194130e-05	 2142	 iter
1653	 4.194130e-05	 2144	 iter
1654	 4.194130e-05	 2145	 iter
1655	 4.194130e-05	 2146	 iter
1656	 4.194130e-05	 2147	 iter
1657	 4.194130e-05	 2148	 iter
1658	 4.194130e-05	 2150	 iter
1659	 4.194077e-05	 2152	 iter
1660	 4.193862e-05	 2154	 iter
1661	 4.193862e-05	 2155	 iter
1662	 4.193862e-05	 2156	 iter
1663	 4.192880e-05	 2158	 iter
1664	 4.190996e-05	 2160	 iter
1665	 4.190996e-05	 2161	 iter
1666	 4.190996e-05	 2162	 iter
1667	 4.190996e-05	 2164	 iter
1668	 4.190996e-05	 2165	 iter
1669	 4.190996e-05	 2167	 iter
1670	 4.190996e-05	 2169	 iter
1671	 4.190996e-05	 2171	 iter
1672	 4.190996e-05	 2173	 iter
1673	 4.190996e-05	 2174	 iter
1674	 4.190996e-05	 2175	 iter
1675	 4.190996e-05	 2177	 iter
1676	 4.190996e-05	 2179	 iter
1677	 4.190996e-05	 2180	 iter
1678	 4.190996e-05	 2181	 iter
1679	 4.190996e-05	 2182	 iter
1680	 4.190996e-05	 2183	 iter
1681	 4.190996e-05	 2184	 iter
1682	 4.190996e-05	 2185	 iter
1683	 4.190996e-05	 2186	 iter
1684	 4.190774e-05	 2188	 iter
1685	 4.190774e-05	 2189	 iter
1686	 4.190574e-05	 2191	 iter
1687	 4.190574e-05	 2192	 iter
1688	 4.190491e-05	 2194	 iter
1689	 4.190491e-05	 2196	 iter
1690	 4.190365e-05	 2198	 iter
1691	 4.190365e-05	 2199	 iter
1692	 4.190365e-05	 2200	 iter
1693	 4.190284e-05	 2202	 iter
1694	 4.190284e-05	 2204	 iter
1695	 4.190128e-05	 2206	 iter
1696	 4.190128e-05	 2207	 iter
1697	 4.190128e-05	 2209	 iter
1698	 4.190128e-05	 2210	 iter
1699	 4.190128e-05	 2212	 iter
1700	 4.190128e-05	 2214	 iter
1701	 4.190128e-05	 2216	 iter
1702	 4.190128e-05	 2217	 iter
1703	 4.190061e-05	 2219	 iter
1704	 4.190061e-05	 2221	 iter
1705	 4.190061e-05	 2223	 iter
1706	 4.189912e-05	 2225	 iter
1707	 4.189912e-05	 2226	 iter
1708	 4.189893e-05	 2228	 iter
1709	 4.189893e-05	 2230	 iter
1710	 4.189893e-05	 2231	 iter
1711	 4.189893e-05	 2232	 iter
1712	 4.189805e-05	 2234	 iter
1713	 4.189757e-05	 2236	 iter
1714	 4.189757e-05	 2238	 iter
1715	 4.189757e-05	 2239	 iter
1716	 4.189757e-05	 2240	 iter
1717	 4.189757e-05	 2241	 iter
1718	 4.189753e-05	 2243	 iter
1719	 4.189753e-05	 2244	 iter
1720	 4.189701e-05	 2246	 iter
1721	 4.189701e-05	 2248	 iter
1722	 4.189701e-05	 2249	 iter
1723	 4.189690e-05	 2251	 iter
1724	 4.189690e-05	 2253	 iter
1725	 4.189690e-05	 2254	 iter
1726	 4.189690e-05	 2255	 iter
1727	 4.189682e-05	 2257	 iter
1728	 4.189664e-05	 2259	 iter
1729	 4.189664e-05	 2261	 iter
1730	 4.189664e-05	 2263	 iter
1731	 4.189664e-05	 2264	 iter
1732	 4.189626e-05	 2266	 iter
1733	 4.189605e-05	 2268	 iter
1734	 4.189498e-05	 2270	 iter
1735	 4.189498e-05	 2272	 iter
1736	 4.189498e-05	 2273	 iter
1737	 4.189498e-05	 2275	 iter
1738	 4.189498e-05	 2277	 iter
1739	 4.189498e-05	 2279	 iter
1740	 4.189473e-05	 2281	 iter
1741	 4.189473e-05	 2283	 iter
1742	 4.189473e-05	 2284	 iter
1743	 4.189473e-05	 2285	 iter
1744	 4.189473e-05	 2286	 iter
1745	 4.189453e-05	 2288	 iter
1746	 4.189453e-05	 2289	 iter
1747	 4.189453e-05	 2290	 iter
1748	 4.189453e-05	 2291	 iter
1749	 4.189453e-05	 2292	 iter
1750	 4.189453e-05	 2294	 iter
1751	 4.189370e-05	 2296	 iter
1752	 4.189370e-05	 2297	 iter
1753	 4.189370e-05	 2298	 iter
1754	 4.189370e-05	 2300	 iter
1755	 4.189370e-05	 2301	 iter
1756	 4.189296e-05	 2303	 iter
1757	 4.189296e-05	 2304	 iter
1758	 4.189296e-05	 2305	 iter
1759	 4.189248e-05	 2307	 iter
1760	 4.189248e-05	 2308	 iter
1761	 4.189248e-05	 2309	 iter
1762	 4.189248e-05	 2310	 iter
1763	 4.189248e-05	 2311	 iter
1764	 4.189248e-05	 2312	 iter
1765	 4.189248e-05	 2313	 iter
1766	 4.189248e-05	 2314	 iter
1767	 4.189248e-05	 2315	 iter
1768	 4.189248e-05	 2316	 iter
1769	 4.189248e-05	 2317	 iter
1770	 4.189248e-05	 2318	 iter
1771	 4.189048e-05	 2320	 iter
1772	 4.189048e-05	 2321	 iter
1773	 4.189048e-05	 2322	 iter
1774	 4.189048e-05	 2323	 iter
1775	 4.189048e-05	 2324	 iter
1776	 4.189048e-05	 2325	 iter
1777	 4.189048e-05	 2326	 iter
1778	 4.189048e-05	 2327	 iter
1779	 4.189036e-05	 2329	 iter
1780	 4.189036e-05	 2330	 iter
1781	 4.189036e-05	 2331	 iter
1782	 4.189036e-05	 2332	 iter
1783	 4.189022e-05	 2334	 iter
1784	 4.189022e-05	 2335	 iter
1785	 4.189022e-05	 2337	 iter
1786	 4.189022e-05	 2338	 iter
1787	 4.188908e-05	 2340	 iter
1788	 4.188908e-05	 2341	 iter
1789	 4.188908e-05	 2342	 iter
1790	 4.188908e-05	 2343	 iter
1791	 4.188908e-05	 2344	 iter
1792	 4.188908e-05	 2345	 iter
1793	 4.188908e-05	 2346	 iter
1794	 4.188908e-05	 2347	 iter
1795	 4.188892e-05	 2349	 iter
1796	 4.188892e-05	 2350	 iter
1797	 4.188881e-05	 2352	 iter
1798	 4.188881e-05	 2353	 iter
1799	 4.188881e-05	 2354	 iter
1800	 4.188718e-05	 2356	 iter
1801	 4.188718e-05	 2357	 iter
1802	 4.188718e-05	 2358	 iter
1803	 4.188718e-05	 2359	 iter
1804	 4.188718e-05	 2360	 iter
1805	 4.188700e-05	 2362	 iter
1806	 4.188700e-05	 2363	 iter
1807	 4.188700e-05	 2364	 iter
1808	 4.188700e-05	 2365	 iter
1809	 4.188700e-05	 2366	 iter
1810	 4.188700e-05	 2367	 iter
1811	 4.188700e-05	 2368	 iter
1812	 4.188700e-05	 2369	 iter
1813	 4.188700e-05	 2370	 iter
1814	 4.188624e-05	 2372	 iter
1815	 4.188605e-05	 2374	 iter
1816	 4.188596e-05	 2376	 iter
1817	 4.188596e-05	 2378	 iter
1818	 4.188596e-05	 2379	 iter
1819	 4.188596e-05	 2380	 iter
1820	 4.188596e-05	 2381	 iter
1821	 4.188596e-05	 2382	 iter
1822	 4.188596e-05	 2383	 iter
1823	 4.188596e-05	 2384	 iter
1824	 4.188596e-05	 2385	 iter
1825	 4.188596e-05	 2386	 iter
1826	 4.188288e-05	 2388	 iter
1827	 4.188288e-05	 2389	 iter
1828	 4.188288e-05	 2390	 iter
1829	 4.188288e-05	 2391	 iter
1830	 4.188288e-05	 2392	 iter
1831	 4.188288e-05	 2393	 iter
1832	 4.188288e-05	 2394	 iter
1833	 4.188288e-05	 2395	 iter
1834	 4.188288e-05	 2396	 iter
1835	 4.188288e-05	 2397	 iter
1836	 4.188288e-05	 2398	 iter
1837	 4.188288e-05	 2399	 iter
1838	 4.188288e-05	 2400	 iter
1839	 4.188284e-05	 2402	 iter
1840	 4.188284e-05	 2403	 iter
1841	 4.188226e-05	 2405	 iter
1842	 4.187973e-05	 2407	 iter
1843	 4.187973e-05	 2408	 iter
1844	 4.187973e-05	 2409	 iter
1845	 4.187973e-05	 2410	 iter
1846	 4.187973e-05	 2411	 iter
1847	 4.187973e-05	 2412	 iter
1848	 4.187973e-05	 2413	 iter
1849	 4.187973e-05	 2414	 iter
1850	 4.187844e-05	 2416	 iter
1851	 4.187844e-05	 2417	 iter
1852	 4.187844e-05	 2418	 iter
1853	 4.187844e-05	 2419	 iter
1854	 4.187844e-05	 2420	 iter
1855	 4.187844e-05	 2421	 iter
1856	 4.187844e-05	 2422	 iter
1857	 4.187450e-05	 2424	 iter
1858	 4.187450e-05	 2425	 iter
1859	 4.187450e-05	 2426	 iter
1860	 4.187450e-05	 2427	 iter
1861	 4.187450e-05	 2428	 iter
1862	 4.187450e-05	 2429	 iter
1863	 4.187450e-05	 2430	 iter
1864	 4.187305e-05	 2432	 iter
1865	 4.187305e-05	 2433	 iter
1866	 4.187305e-05	 2434	 iter
1867	 4.187305e-05	 2435	 iter
1868	 4.187255e-05	 2437	 iter
1869	 4.187255e-05	 2438	 iter
1870	 4.187148e-05	 2440	 iter
1871	 4.186836e-05	 2442	 iter
1872	 4.186232e-05	 2444	 iter
1873	 4.186232e-05	 2445	 iter
1874	 4.186232e-05	 2446	 iter
1875	 4.186232e-05	 2447	 iter
1876	 4.186232e-05	 2448	 iter
1877	 4.186232e-05	 2449	 iter
1878	 4.186232e-05	 2450	 iter
1879	 4.186232e-05	 2451	 iter
1880	 4.186232e-05	 2452	 iter
1881	 4.185727e-05	 2454	 iter
1882	 4.185727e-05	 2455	 iter
1883	 4.185727e-05	 2456	 iter
1884	 4.185727e-05	 2457	 iter
1885	 4.185224e-05	 2459	 iter
1886	 4.185224e-05	 2460	 iter
1887	 4.185224e-05	 2461	 iter
1888	 4.185224e-05	 2462	 iter
1889	 4.185224e-05	 2463	 iter
1890	 4.185015e-05	 2465	 iter
1891	 4.185015e-05	 2466	 iter
1892	 4.183799e-05	 2468	 iter
1893	 4.183799e-05	 2469	 iter
1894	 4.183799e-05	 2470	 iter
1895	 4.183799e-05	 2471	 iter
1896	 4.183799e-05	 2472	 iter
1897	 4.183799e-05	 2473	 iter
1898	 4.182996e-05	 2475	 iter
1899	 4.182996e-05	 2476	 iter
1900	 4.182996e-05	 2477	 iter
1901	 4.182996e-05	 2478	 iter
1902	 4.182996e-05	 2479	 iter
1903	 4.182996e-05	 2480	 iter
1904	 4.182194e-05	 2482	 iter
1905	 4.182194e-05	 2483	 iter
1906	 4.182194e-05	 2484	 iter
1907	 4.181718e-05	 2486	 iter
1908	 4.180699e-05	 2488	 iter
1909	 4.180699e-05	 2489	 iter
1910	 4.180699e-05	 2490	 iter
1911	 4.180699e-05	 2491	 iter
1912	 4.180699e-05	 2492	 iter
1913	 4.179658e-05	 2494	 iter
1914	 4.179658e-05	 2495	 iter
1915	 4.179658e-05	 2496	 iter
1916	 4.179658e-05	 2497	 iter
1917	 4.176792e-05	 2499	 iter
1918	 4.176792e-05	 2500	 iter
1919	 4.176792e-05	 2501	 iter
1920	 4.176792e-05	 2502	 iter
1921	 4.176792e-05	 2503	 iter
1922	 4.176792e-05	 2504	 iter
1923	 4.176792e-05	 2505	 iter
1924	 4.176792e-05	 2506	 iter
1925	 4.176792e-05	 2507	 iter
1926	 4.175770e-05	 2509	 iter
1927	 4.172987e-05	 2511	 iter
1928	 4.172987e-05	 2512	 iter
1929	 4.172987e-05	 2513	 iter
1930	 4.172987e-05	 2514	 iter
1931	 4.172987e-05	 2515	 iter
1932	 4.172987e-05	 2516	 iter
1933	 4.169489e-05	 2518	 iter
1934	 4.169489e-05	 2519	 iter
1935	 4.169489e-05	 2520	 iter
1936	 4.169489e-05	 2521	 iter
1937	 4.169489e-05	 2522	 iter
1938	 4.169489e-05	 2523	 iter
1939	 4.169489e-05	 2524	 iter
1940	 4.169489e-05	 2525	 iter
1941	 4.169489e-05	 2526	 iter
1942	 4.169489e-05	 2527	 iter
1943	 4.169489e-05	 2528	 iter
1944	 4.166564e-05	 2530	 iter
1945	 4.166564e-05	 2531	 iter
1946	 4.166564e-05	 2532	 iter
1947	 4.166564e-05	 2533	 iter
1948	 4.166564e-05	 2534	 iter
1949	 4.164998e-05	 2536	 iter
1950	 4.164998e-05	 2537	 iter
1951	 4.164998e-05	 2538	 iter
1952	 4.162576e-05	 2540	 iter
1953	 4.162576e-05	 2541	 iter
1954	 4.162576e-05	 2542	 iter
1955	 4.162576e-05	 2543	 iter
1956	 4.159343e-05	 2545	 iter
1957	 4.159343e-05	 2546	 iter
1958	 4.159343e-05	 2547	 iter
1959	 4.159343e-05	 2548	 iter
1960	 4.159343e-05	 2549	 iter
1961	 4.159343e-05	 2550	 iter
1962	 4.155805e-05	 2552	 iter
1963	 4.155805e-05	 2553	 iter
1964	 4.155805e-05	 2554	 iter
1965	 4.155805e-05	 2555	 iter
1966	 4.153511e-05	 2557	 iter
1967	 4.153511e-05	 2558	 iter
1968	 4.150568e-05	 2560	 iter
1969	 4.150568e-05	 2561	 iter
1970	 4.150568e-05	 2562	 iter
1971	 4.150568e-05	 2563	 iter
1972	 4.147519e-05	 2565	 iter
1973	 4.147519e-05	 2566	 iter
1974	 4.147519e-05	 2567	 iter
1975	 4.147519e-05	 2568	 iter
1976	 4.147519e-05	 2569	 iter
1977	 4.147519e-05	 2570	 iter
1978	 4.145825e-05	 2572	 iter
1979	 4.145825e-05	 2573	 iter
1980	 4.145825e-05	 2574	 iter
1981	 4.145825e-05	 2575	 iter
1982	 4.142162e-05	 2577	 iter
1983	 4.142162e-05	 2578	 iter
1984	 4.136562e-05	 2580	 iter
1985	 4.136562e-05	 2581	 iter
1986	 4.136562e-05	 2582	 iter
1987	 4.136562e-05	 2583	 iter
1988	 4.136562e-05	 2584	 iter
1989	 4.136562e-05	 2585	 iter
1990	 4.136562e-05	 2586	 iter
1991	 4.136562e-05	 2587	 iter
1992	 4.136562e-05	 2588	 iter
1993	 4.136562e-05	 2589	 iter
1994	 4.135460e-05	 2591	 iter
1995	 4.133025e-05	 2593	 iter
1996	 4.130869e-05	 2595	 iter
1997	 4.130869e-05	 2596	 iter
1998	 4.130241e-05	 2598	 iter
1999	 4.124706e-05	 2600	 iter
2000	 4.124706e-05	 2601	 iter
2001	 4.124706e-05	 2602	 iter
2002	 4.124706e-05	 2603	 iter
2003	 4.124706e-05	 2604	 iter
2004	 4.124706e-05	 2605	 iter
2005	 4.114599e-05	 2607	 iter
2006	 4.114599e-05	 2608	 iter
2007	 4.114599e-05	 2609	 iter
2008	 4.114599e-05	 2610	 iter
2009	 4.114599e-05	 2611	 iter
2010	 4.114599e-05	 2612	 iter
2011	 4.114599e-05	 2613	 iter
2012	 4.114599e-05	 2614	 iter
2013	 4.114599e-05	 2615	 iter
2014	 4.114599e-05	 2616	 iter
2015	 4.114599e-05	 2617	 iter
2016	 4.114599e-05	 2618	 iter
2017	 4.106088e-05	 2620	 iter
2018	 4.106088e-05	 2621	 iter
2019	 4.106088e-05	 2622	 iter
2020	 4.092360e-05	 2624	 iter
2021	 4.092360e-05	 2625	 iter
2022	 4.092360e-05	 2626	 iter
2023	 4.092360e-05	 2627	 iter
2024	 4.092360e-05	 2628	 iter
2025	 4.092360e-05	 2629	 iter
2026	 4.092360e-05	 2630	 iter
2027	 4.092360e-05	 2631	 iter
2028	 4.092360e-05	 2632	 iter
2029	 4.092360e-05	 2633	 iter
2030	 4.092360e-05	 2634	 iter
2031	 4.092360e-05	 2635	 iter
2032	 4.092360e-05	 2636	 iter
2033	 4.092360e-05	 2637	 iter
2034	 4.083632e-05	 2639	 iter
2035	 4.083632e-05	 2640	 iter
2036	 4.083632e-05	 2641	 iter
2037	 4.083632e-05	 2642	 iter
2038	 4.066811e-05	 2644	 iter
2039	 4.066811e-05	 2645	 iter
2040	 4.066811e-05	 2646	 iter
2041	 4.066811e-05	 2647	 iter
2042	 4.066811e-05	 2648	 iter
2043	 4.066811e-05	 2649	 iter
2044	 4.066811e-05	 2650	 iter
2045	 4.066811e-05	 2651	 iter
2046	 4.066811e-05	 2652	 iter
2047	 4.066811e-05	 2653	 iter
2048	 4.066811e-05	 2654	 iter
2049	 4.058191e-05	 2656	 iter
2050	 4.058191e-05	 2657	 iter
2051	 4.058191e-05	 2658	 iter
2052	 4.058191e-05	 2659	 iter
2053	 4.058191e-05	 2660	 iter
2054	 4.054284e-05	 2662	 iter
2055	 4.054284e-05	 2663	 iter
2056	 4.024160e-05	 2665	 iter
2057	 4.024160e-05	 2666	 iter
2058	 4.024160e-05	 2667	 iter
2059	 4.024160e-05	 2668	 iter
2060	 4.024160e-05	 2669	 iter
2061	 4.024160e-05	 2670	 iter
2062	 4.024160e-05	 2671	 iter
2063	 4.024160e-05	 2672	 iter
2064	 4.024160e-05	 2673	 iter
2065	 4.024160e-05	 2674	 iter
2066	 4.024160e-05	 2675	 iter
2067	 4.024160e-05	 2676	 iter
2068	 4.011642e-05	 2678	 iter
2069	 4.011642e-05	 2679	 iter
2070	 4.011642e-05	 2680	 iter
2071	 4.011642e-05	 2681	 iter
2072	 4.011642e-05	 2682	 iter
2073	 4.011642e-05	 2683	 iter
2074	 4.011642e-05	 2684	 iter
2075	 4.011642e-05	 2685	 iter
2076	 4.011642e-05	 2686	 iter
2077	 4.004692e-05	 2688	 iter
2078	 4.004692e-05	 2689	 iter
2079	 3.981921e-05	 2691	 iter
2080	 3.981921e-05	 2692	 iter
2081	 3.981921e-05	 2693	 iter
2082	 3.981921e-05	 2694	 iter
2083	 3.956254e-05	 2696	 iter
2084	 3.956254e-05	 2697	 iter
2085	 3.956254e-05	 2698	 iter
2086	 3.956254e-05	 2699	 iter
2087	 3.956254e-05	 2700	 iter
2088	 3.956254e-05	 2701	 iter
2089	 3.956254e-05	 2702	 iter
2090	 3.936538e-05	 2704	 iter
2091	 3.936538e-05	 2705	 iter
2092	 3.936538e-05	 2706	 iter
2093	 3.936538e-05	 2707	 iter
2094	 3.915908e-05	 2709	 iter
2095	 3.915908e-05	 2710	 iter
2096	 3.915908e-05	 2711	 iter
2097	 3.915908e-05	 2712	 iter
2098	 3.915908e-05	 2713	 iter
2099	 3.915908e-05	 2714	 iter
2100	 3.915908e-05	 2715	 iter
2101	 3.915908e-05	 2716	 iter
2102	 3.894913e-05	 2718	 iter
2103	 3.859460e-05	 2720	 iter
2104	 3.859460e-05	 2721	 iter
2105	 3.859460e-05	 2722	 iter
2106	 3.859460e-05	 2723	 iter
2107	 3.859460e-05	 2724	 iter
2108	 3.822028e-05	 2726	 iter
2109	 3.822028e-05	 2727	 iter
2110	 3.822028e-05	 2728	 iter
2111	 3.822028e-05	 2729	 iter
2112	 3.822028e-05	 2730	 iter
2113	 3.822028e-05	 2731	 iter
2114	 3.822028e-05	 2732	 iter
2115	 3.822028e-05	 2733	 iter
2116	 3.822028e-05	 2734	 iter
2117	 3.744153e-05	 2736	 iter
2118	 3.744153e-05	 2737	 iter
2119	 3.744153e-05	 2738	 iter
2120	 3.744153e-05	 2739	 iter
2121	 3.744153e-05	 2740	 iter
2122	 3.744153e-05	 2741	 iter
2123	 3.744153e-05	 2742	 iter
2124	 3.744153e-05	 2743	 iter
2125	 3.744153e-05	 2744	 iter
2126	 3.744153e-05	 2745	 iter
2127	 3.744153e-05	 2746	 iter
2128	 3.744153e-05	 2747	 iter
2129	 3.720059e-05	 2749	 iter
2130	 3.720059e-05	 2750	 iter
2131	 3.720059e-05	 2751	 iter
2132	 3.720059e-05	 2752	 iter
2133	 3.720059e-05	 2753	 iter
2134	 3.720059e-05	 2754	 iter
2135	 3.720059e-05	 2755	 iter
2136	 3.706717e-05	 2757	 iter
2137	 3.675809e-05	 2759	 iter
2138	 3.639966e-05	 2761	 iter
2139	 3.639966e-05	 2762	 iter
2140	 3.639966e-05	 2763	 iter
2141	 3.639966e-05	 2764	 iter
2142	 3.639966e-05	 2765	 iter
2143	 3.639966e-05	 2766	 iter
2144	 3.639966e-05	 2767	 iter
2145	 3.639966e-05	 2768	 iter
2146	 3.622429e-05	 2770	 iter
2147	 3.622429e-05	 2771	 iter
2148	 3.616673e-05	 2773	 iter
2149	 3.583983e-05	 2775	 iter
2150	 3.583983e-05	 2776	 iter
2151	 3.583983e-05	 2777	 iter
2152	 3.578817e-05	 2779	 iter
2153	 3.556061e-05	 2781	 iter
2154	 3.556061e-05	 2782	 iter
2155	 3.550281e-05	 2784	 iter
2156	 3.550281e-05	 2785	 iter
2157	 3.550281e-05	 2786	 iter
2158	 3.550281e-05	 2787	 iter
2159	 3.550281e-05	 2788	 iter
2160	 3.550281e-05	 2789	 iter
2161	 3.550281e-05	 2790	 iter
2162	 3.550281e-05	 2791	 iter
2163	 3.514692e-05	 2793	 iter
2164	 3.514692e-05	 2794	 iter
2165	 3.514692e-05	 2795	 iter
2166	 3.514692e-05	 2796	 iter
2167	 3.499799e-05	 2798	 iter
2168	 3.499799e-05	 2799	 iter
2169	 3.499799e-05	 2800	 iter
2170	 3.499799e-05	 2801	 iter
2171	 3.499799e-05	 2802	 iter
2172	 3.471161e-05	 2804	 iter
2173	 3.471161e-05	 2805	 iter
2174	 3.471161e-05	 2806	 iter
2175	 3.471161e-05	 2807	 iter
2176	 3.471161e-05	 2808	 iter
2177	 3.445456e-05	 2810	 iter
2178	 3.445456e-05	 2811	 iter
2179	 3.445456e-05	 2812	 iter
2180	 3.445456e-05	 2814	 iter
2181	 3.445456e-05	 2815	 iter
2182	 3.445456e-05	 2816	 iter
2183	 3.445456e-05	 2817	 iter
2184	 3.445456e-05	 2818	 iter
2185	 3.445456e-05	 2819	 iter
2186	 3.445456e-05	 2820	 iter
2187	 3.413973e-05	 2822	 iter
2188	 3.407037e-05	 2824	 iter
2189	 3.407037e-05	 2825	 iter
2190	 3.407037e-05	 2826	 iter
2191	 3.407037e-05	 2827	 iter
2192	 3.407037e-05	 2828	 iter
2193	 3.407037e-05	 2829	 iter
2194	 3.407037e-05	 2831	 iter
2195	 3.407037e-05	 2833	 iter
2196	 3.407037e-05	 2834	 iter
2197	 3.407037e-05	 2835	 iter
2198	 3.388792e-05	 2837	 iter
2199	 3.388792e-05	 2839	 iter
2200	 3.388792e-05	 2840	 iter
2201	 3.388792e-05	 2841	 iter
2202	 3.388792e-05	 2842	 iter
2203	 3.388792e-05	 2844	 iter
2204	 3.388792e-05	 2846	 iter
2205	 3.388792e-05	 2847	 iter
2206	 3.388792e-05	 2848	 iter
2207	 3.388792e-05	 2850	 iter
2208	 3.388792e-05	 2851	 iter
2209	 3.388792e-05	 2853	 iter
2210	 3.388792e-05	 2855	 iter
2211	 3.388792e-05	 2857	 iter
2212	 3.388792e-05	 2858	 iter
2213	 3.388792e-05	 2860	 iter
2214	 3.388792e-05	 2861	 iter
2215	 3.388792e-05	 2862	 iter
2216	 3.388792e-05	 2863	 iter
2217	 3.388792e-05	 2864	 iter
2218	 3.388792e-05	 2865	 iter
2219	 3.388792e-05	 2867	 iter
2220	 3.388792e-05	 2868	 iter
2221	 3.388792e-05	 2870	 iter
2222	 3.388792e-05	 2871	 iter
2223	 3.388792e-05	 2872	 iter
2224	 3.388792e-05	 2874	 iter
2225	 3.388792e-05	 2876	 iter
2226	 3.385395e-05	 2878	 iter
2227	 3.380772e-05	 2880	 iter
2228	 3.380772e-05	 2881	 iter
2229	 3.380772e-05	 2882	 iter
2230	 3.380772e-05	 2883	 iter
2231	 3.380772e-05	 2884	 iter
2232	 3.375271e-05	 2886	 iter
2233	 3.375271e-05	 2887	 iter
2234	 3.375271e-05	 2888	 iter
2235	 3.375271e-05	 2890	 iter
2236	 3.375271e-05	 2891	 iter
2237	 3.375271e-05	 2892	 iter
2238	 3.375271e-05	 2893	 iter
2239	 3.372867e-05	 2895	 iter
2240	 3.370300e-05	 2897	 iter
2241	 3.370300e-05	 2899	 iter
2242	 3.370300e-05	 2900	 iter
2243	 3.370300e-05	 2901	 iter
2244	 3.370300e-05	 2903	 iter
2245	 3.366173e-05	 2905	 iter
2246	 3.366173e-05	 2906	 iter
2247	 3.366173e-05	 2907	 iter
2248	 3.366173e-05	 2908	 iter
2249	 3.366173e-05	 2909	 iter
2250	 3.366173e-05	 2910	 iter
2251	 3.366173e-05	 2911	 iter
2252	 3.366173e-05	 2912	 iter
2253	 3.366173e-05	 2913	 iter
2254	 3.366173e-05	 2914	 iter
2255	 3.366173e-05	 2915	 iter
2256	 3.366173e-05	 2917	 iter
2257	 3.366173e-05	 2918	 iter
2258	 3.361256e-05	 2920	 iter
2259	 3.361256e-05	 2921	 iter
2260	 3.356678e-05	 2923	 iter
2261	 3.356678e-05	 2925	 iter
2262	 3.356678e-05	 2926	 iter
2263	 3.356678e-05	 2927	 iter
2264	 3.356678e-05	 2928	 iter
2265	 3.356678e-05	 2930	 iter
2266	 3.356678e-05	 2931	 iter
2267	 3.356678e-05	 2932	 iter
2268	 3.356678e-05	 2934	 iter
2269	 3.356678e-05	 2935	 iter
2270	 3.356678e-05	 2937	 iter
2271	 3.356678e-05	 2938	 iter
2272	 3.354947e-05	 2940	 iter
2273	 3.354947e-05	 2941	 iter
2274	 3.354947e-05	 2942	 iter
2275	 3.354947e-05	 2943	 iter
2276	 3.354947e-05	 2944	 iter
2277	 3.354947e-05	 2945	 iter
2278	 3.354947e-05	 2946	 iter
2279	 3.351325e-05	 2948	 iter
2280	 3.351325e-05	 2949	 iter
2281	 3.341849e-05	 2951	 iter
2282	 3.341849e-05	 2952	 iter
2283	 3.341849e-05	 2953	 iter
2284	 3.341849e-05	 2954	 iter
2285	 3.341849e-05	 2955	 iter
2286	 3.341849e-05	 2956	 iter
2287	 3.341849e-05	 2957	 iter
2288	 3.341849e-05	 2958	 iter
2289	 3.341849e-05	 2959	 iter
2290	 3.341849e-05	 2961	 iter
2291	 3.341849e-05	 2962	 iter
2292	 3.341849e-05	 2963	 iter
2293	 3.341849e-05	 2964	 iter
2294	 3.341849e-05	 2965	 iter
2295	 3.341849e-05	 2966	 iter
2296	 3.341849e-05	 2967	 iter
2297	 3.341849e-05	 2968	 iter
2298	 3.340787e-05	 2970	 iter
2299	 3.340787e-05	 2971	 iter
2300	 3.335574e-05	 2973	 iter
2301	 3.335574e-05	 2974	 iter
2302	 3.335574e-05	 2975	 iter
2303	 3.332748e-05	 2977	 iter
2304	 3.329450e-05	 2979	 iter
2305	 3.329450e-05	 2980	 iter
2306	 3.329450e-05	 2981	 iter
2307	 3.327418e-05	 2983	 iter
2308	 3.326513e-05	 2985	 iter
2309	 3.326513e-05	 2986	 iter
2310	 3.326513e-05	 2987	 iter
2311	 3.323995e-05	 2989	 iter
2312	 3.323995e-05	 2990	 iter
2313	 3.323137e-05	 2992	 iter
2314	 3.323137e-05	 2993	 iter
2315	 3.320999e-05	 2995	 iter
2316	 3.320999e-05	 2996	 iter
2317	 3.308965e-05	 2998	 iter
2318	 3.308965e-05	 2999	 iter
2319	 3.308965e-05	 3000	 iter
2320	 3.308965e-05	 3001	 iter
2321	 3.308965e-05	 3002	 iter
2322	 3.308965e-05	 3003	 iter
2323	 3.308965e-05	 3004	 iter
2324	 3.288559e-05	 3006	 iter
2325	 3.288559e-05	 3007	 iter
2326	 3.288559e-05	 3008	 iter
2327	 3.288559e-05	 3009	 iter
2328	 3.288559e-05	 3010	 iter
2329	 3.288559e-05	 3011	 iter
2330	 3.288559e-05	 3012	 iter
2331	 3.288559e-05	 3013	 iter
2332	 3.288559e-05	 3014	 iter
2333	 3.288559e-05	 3015	 iter
2334	 3.288559e-05	 3016	 iter
2335	 3.288559e-05	 3017	 iter
2336	 3.288559e-05	 3018	 iter
2337	 3.288559e-05	 3019	 iter
2338	 3.288559e-05	 3020	 iter
2339	 3.287400e-05	 3022	 iter
2340	 3.285018e-05	 3024	 iter
2341	 3.284277e-05	 3026	 iter
2342	 3.276479e-05	 3028	 iter
2343	 3.276479e-05	 3029	 iter
2344	 3.256275e-05	 3031	 iter
2345	 3.256275e-05	 3032	 iter
2346	 3.256275e-05	 3033	 iter
2347	 3.256275e-05	 3034	 iter
2348	 3.256275e-05	 3035	 iter
2349	 3.256275e-05	 3036	 iter
2350	 3.256275e-05	 3037	 iter
2351	 3.256275e-05	 3038	 iter
2352	 3.256275e-05	 3039	 iter
2353	 3.254749e-05	 3041	 iter
2354	 3.237571e-05	 3043	 iter
2355	 3.237571e-05	 3044	 iter
2356	 3.237571e-05	 3045	 iter
2357	 3.221437e-05	 3047	 iter
2358	 3.221437e-05	 3048	 iter
2359	 3.221437e-05	 3049	 iter
2360	 3.202151e-05	 3051	 iter
2361	 3.202151e-05	 3052	 iter
2362	 3.202151e-05	 3053	 iter
2363	 3.202151e-05	 3054	 iter
2364	 3.202151e-05	 3055	 iter
2365	 3.202151e-05	 3056	 iter
2366	 3.202151e-05	 3057	 iter
2367	 3.175517e-05	 3059	 iter
2368	 3.175517e-05	 3060	 iter
2369	 3.175517e-05	 3061	 iter
2370	 3.175517e-05	 3062	 iter
2371	 3.137964e-05	 3064	 iter
2372	 3.137964e-05	 3065	 iter
2373	 3.137964e-05	 3066	 iter
2374	 3.137964e-05	 3067	 iter
2375	 3.137964e-05	 3068	 iter
2376	 3.137964e-05	 3069	 iter
2377	 3.137964e-05	 3070	 iter
2378	 3.137964e-05	 3071	 iter
2379	 3.105394e-05	 3073	 iter
2380	 3.105394e-05	 3074	 iter
2381	 3.105394e-05	 3075	 iter
2382	 3.105394e-05	 3076	 iter
2383	 3.105394e-05	 3077	 iter
2384	 3.105394e-05	 3078	 iter
2385	 3.047009e-05	 3080	 iter
2386	 3.047009e-05	 3081	 iter
2387	 3.047009e-05	 3082	 iter
2388	 3.047009e-05	 3083	 iter
2389	 3.047009e-05	 3084	 iter
2390	 3.047009e-05	 3085	 iter
2391	 3.047009e-05	 3086	 iter
2392	 3.047009e-05	 3087	 iter
2393	 3.047009e-05	 3088	 iter
2394	 2.971885e-05	 3090	 iter
2395	 2.971885e-05	 3091	 iter
2396	 2.971885e-05	 3092	 iter
2397	 2.971885e-05	 3093	 iter
2398	 2.971885e-05	 3094	 iter
2399	 2.971885e-05	 3095	 iter
2400	 2.971885e-05	 3096	 iter
2401	 2.971885e-05	 3097	 iter
2402	 2.971885e-05	 3098	 iter
2403	 2.966171e-05	 3100	 iter
2404	 2.966171e-05	 3101	 iter
2405	 2.966171e-05	 3102	 iter
2406	 2.966171e-05	 3103	 iter
2407	 2.966171e-05	 3104	 iter
2408	 2.966171e-05	 3105	 iter
2409	 2.966046e-05	 3107	 iter
2410	 2.953475e-05	 3109	 iter
2411	 2.953475e-05	 3110	 iter
2412	 2.949286e-05	 3112	 iter
2413	 2.941520e-05	 3114	 iter
2414	 2.929636e-05	 3116	 iter
2415	 2.929636e-05	 3117	 iter
2416	 2.929636e-05	 3118	 iter
2417	 2.924898e-05	 3120	 iter
2418	 2.924898e-05	 3121	 iter
2419	 2.921937e-05	 3123	 iter
2420	 2.921937e-05	 3124	 iter
2421	 2.921937e-05	 3125	 iter
2422	 2.915510e-05	 3127	 iter
2423	 2.915510e-05	 3128	 iter
2424	 2.915510e-05	 3129	 iter
2425	 2.915510e-05	 3130	 iter
2426	 2.915510e-05	 3131	 iter
2427	 2.914767e-05	 3133	 iter
2428	 2.914767e-05	 3134	 iter
2429	 2.894134e-05	 3136	 iter
2430	 2.894134e-05	 3137	 iter
2431	 2.894134e-05	 3138	 iter
2432	 2.894134e-05	 3140	 iter
2433	 2.894134e-05	 3141	 iter
2434	 2.894134e-05	 3142	 iter
2435	 2.894134e-05	 3143	 iter
2436	 2.894134e-05	 3144	 iter
2437	 2.894134e-05	 3146	 iter
2438	 2.890611e-05	 3148	 iter
2439	 2.890611e-05	 3149	 iter
2440	 2.890611e-05	 3150	 iter
2441	 2.890611e-05	 3151	 iter
2442	 2.890611e-05	 3152	 iter
2443	 2.890611e-05	 3154	 iter
2444	 2.890611e-05	 3155	 iter
2445	 2.890611e-05	 3156	 iter
2446	 2.890611e-05	 3158	 iter
2447	 2.885099e-05	 3160	 iter
2448	 2.885099e-05	 3161	 iter
2449	 2.885099e-05	 3163	 iter
2450	 2.885099e-05	 3164	 iter
2451	 2.885099e-05	 3166	 iter
2452	 2.885099e-05	 3167	 iter
2453	 2.879311e-05	 3169	 iter
2454	 2.879311e-05	 3171	 iter
2455	 2.879311e-05	 3172	 iter
2456	 2.879311e-05	 3173	 iter
2457	 2.879311e-05	 3174	 iter
2458	 2.879311e-05	 3175	 iter
2459	 2.879311e-05	 3176	 iter
2460	 2.879311e-05	 3178	 iter
2461	 2.879311e-05	 3179	 iter
2462	 2.879311e-05	 3181	 iter
2463	 2.879311e-05	 3182	 iter
2464	 2.878278e-05	 3184	 iter
2465	 2.878278e-05	 3186	 iter
2466	 2.878278e-05	 3187	 iter
2467	 2.878278e-05	 3188	 iter
2468	 2.878278e-05	 3189	 iter
2469	 2.876833e-05	 3191	 iter
2470	 2.874040e-05	 3193	 iter
2471	 2.874040e-05	 3194	 iter
2472	 2.871113e-05	 3196	 iter
2473	 2.871113e-05	 3197	 iter
2474	 2.871113e-05	 3198	 iter
2475	 2.871113e-05	 3199	 iter
2476	 2.871113e-05	 3201	 iter
2477	 2.871113e-05	 3203	 iter
2478	 2.871113e-05	 3204	 iter
2479	 2.871113e-05	 3205	 iter
2480	 2.871113e-05	 3206	 iter
2481	 2.871113e-05	 3207	 iter
2482	 2.869512e-05	 3209	 iter
2483	 2.865349e-05	 3211	 iter
2484	 2.865349e-05	 3213	 iter
2485	 2.865349e-05	 3214	 iter
2486	 2.865349e-05	 3215	 iter
2487	 2.865349e-05	 3216	 iter
2488	 2.865349e-05	 3217	 iter
2489	 2.865349e-05	 3218	 iter
2490	 2.865349e-05	 3219	 iter
2491	 2.865349e-05	 3221	 iter
2492	 2.865349e-05	 3222	 iter
2493	 2.865349e-05	 3224	 iter
2494	 2.865349e-05	 3225	 iter
2495	 2.865349e-05	 3226	 iter
2496	 2.863093e-05	 3228	 iter
2497	 2.863093e-05	 3229	 iter
2498	 2.863093e-05	 3231	 iter
2499	 2.863093e-05	 3232	 iter
2500	 2.863093e-05	 3233	 iter
2501	 2.863093e-05	 3235	 iter
2502	 2.863093e-05	 3236	 iter
2503	 2.863093e-05	 3238	 iter
2504	 2.860368e-05	 3240	 iter
2505	 2.860368e-05	 3242	 iter
2506	 2.860368e-05	 3243	 iter
2507	 2.860368e-05	 3244	 iter
2508	 2.860368e-05	 3246	 iter
2509	 2.860368e-05	 3248	 iter
2510	 2.860368e-05	 3249	 iter
2511	 2.860368e-05	 3251	 iter
2512	 2.860368e-05	 3252	 iter
2513	 2.860368e-05	 3254	 iter
2514	 2.860368e-05	 3255	 iter
2515	 2.860010e-05	 3257	 iter
2516	 2.860010e-05	 3258	 iter
2517	 2.860010e-05	 3260	 iter
2518	 2.860010e-05	 3261	 iter
2519	 2.860010e-05	 3263	 iter
2520	 2.860010e-05	 3265	 iter
2521	 2.860010e-05	 3266	 iter
2522	 2.860010e-05	 3267	 iter
2523	 2.860010e-05	 3269	 iter
2524	 2.859933e-05	 3271	 iter
2525	 2.859444e-05	 3273	 iter
2526	 2.859444e-05	 3274	 iter
2527	 2.859003e-05	 3276	 iter
2528	 2.859003e-05	 3277	 iter
2529	 2.859003e-05	 3278	 iter
2530	 2.859003e-05	 3279	 iter
2531	 2.857528e-05	 3281	 iter
2532	 2.857149e-05	 3283	 iter
2533	 2.857149e-05	 3284	 iter
2534	 2.856651e-05	 3286	 iter
2535	 2.856651e-05	 3287	 iter
2536	 2.856651e-05	 3288	 iter
2537	 2.856651e-05	 3289	 iter
2538	 2.856587e-05	 3291	 iter
2539	 2.856587e-05	 3292	 iter
2540	 2.856587e-05	 3293	 iter
2541	 2.855335e-05	 3295	 iter
2542	 2.855335e-05	 3296	 iter
2543	 2.855324e-05	 3298	 iter
2544	 2.855324e-05	 3299	 iter
2545	 2.855324e-05	 3300	 iter
2546	 2.854843e-05	 3302	 iter
2547	 2.854843e-05	 3303	 iter
2548	 2.854843e-05	 3304	 iter
2549	 2.854843e-05	 3305	 iter
2550	 2.854843e-05	 3306	 iter
2551	 2.854843e-05	 3307	 iter
2552	 2.854843e-05	 3308	 iter
2553	 2.854843e-05	 3310	 iter
2554	 2.854843e-05	 3311	 iter
2555	 2.854843e-05	 3313	 iter
2556	 2.854403e-05	 3315	 iter
2557	 2.854403e-05	 3317	 iter
2558	 2.854403e-05	 3319	 iter
2559	 2.854319e-05	 3321	 iter
2560	 2.853549e-05	 3323	 iter
2561	 2.853549e-05	 3325	 iter
2562	 2.853549e-05	 3326	 iter
2563	 2.853549e-05	 3327	 iter
2564	 2.853549e-05	 3328	 iter
2565	 2.853549e-05	 3330	 iter
2566	 2.853549e-05	 3331	 iter
2567	 2.853549e-05	 3332	 iter
2568	 2.853549e-05	 3333	 iter
2569	 2.853549e-05	 3334	 iter
2570	 2.853549e-05	 3335	 iter
2571	 2.853549e-05	 3336	 iter
2572	 2.853549e-05	 3337	 iter
2573	 2.853549e-05	 3338	 iter
2574	 2.853549e-05	 3339	 iter
2575	 2.853549e-05	 3340	 iter
2576	 2.853522e-05	 3342	 iter
2577	 2.853522e-05	 3343	 iter
2578	 2.853507e-05	 3345	 iter
2579	 2.853507e-05	 3346	 iter
2580	 2.853503e-05	 3348	 iter
2581	 2.853445e-05	 3350	 iter
2582	 2.853255e-05	 3352	 iter
2583	 2.853255e-05	 3353	 iter
2584	 2.853255e-05	 3354	 iter
2585	 2.853255e-05	 3355	 iter
2586	 2.853255e-05	 3356	 iter
2587	 2.853255e-05	 3357	 iter
2588	 2.853140e-05	 3359	 iter
2589	 2.853140e-05	 3360	 iter
2590	 2.853093e-05	 3362	 iter
2591	 2.853093e-05	 3363	 iter
2592	 2.853022e-05	 3365	 iter
2593	 2.853022e-05	 3366	 iter
2594	 2.853022e-05	 3368	 iter
2595	 2.853022e-05	 3369	 iter
2596	 2.853022e-05	 3371	 iter
2597	 2.853019e-05	 3373	 iter
2598	 2.853019e-05	 3374	 iter
2599	 2.852998e-05	 3376	 iter
2600	 2.852965e-05	 3378	 iter
2601	 2.852965e-05	 3379	 iter
2602	 2.852965e-05	 3380	 iter
2603	 2.852965e-05	 3381	 iter
2604	 2.852965e-05	 3382	 iter
2605	 2.852927e-05	 3384	 iter
2606	 2.852927e-05	 3386	 iter
2607	 2.852927e-05	 3388	 iter
2608	 2.852927e-05	 3389	 iter
2609	 2.852927e-05	 3391	 iter
2610	 2.852927e-05	 3393	 iter
2611	 2.852927e-05	 3395	 iter
2612	 2.852927e-05	 3396	 iter
2613	 2.852870e-05	 3398	 iter
2614	 2.852870e-05	 3400	 iter
2615	 2.852870e-05	 3401	 iter
2616	 2.852856e-05	 3403	 iter
2617	 2.852853e-05	 3405	 iter
2618	 2.852853e-05	 3407	 iter
2619	 2.852847e-05	 3409	 iter
2620	 2.852840e-05	 3411	 iter
2621	 2.852840e-05	 3412	 iter
2622	 2.852840e-05	 3413	 iter
2623	 2.852840e-05	 3414	 iter
2624	 2.852833e-05	 3416	 iter
2625	 2.852828e-05	 3418	 iter
2626	 2.852814e-05	 3420	 iter
2627	 2.852814e-05	 3422	 iter
2628	 2.852814e-05	 3423	 iter
2629	 2.852814e-05	 3424	 iter
2630	 2.852814e-05	 3426	 iter
2631	 2.852814e-05	 3427	 iter
2632	 2.852804e-05	 3429	 iter
2633	 2.852804e-05	 3430	 iter
2634	 2.852804e-05	 3431	 iter
2635	 2.852801e-05	 3433	 iter
2636	 2.852794e-05	 3435	 iter
2637	 2.852794e-05	 3437	 iter
2638	 2.852789e-05	 3439	 iter
2639	 2.852789e-05	 3441	 iter
2640	 2.852789e-05	 3443	 iter
2641	 2.852789e-05	 3445	 iter
2642	 2.852782e-05	 3447	 iter
2643	 2.852782e-05	 3449	 iter
2644	 2.852782e-05	 3450	 iter
2645	 2.852782e-05	 3451	 iter
2646	 2.852782e-05	 3452	 iter
2647	 2.852779e-05	 3454	 iter
2648	 2.852779e-05	 3455	 iter
2649	 2.852779e-05	 3456	 iter
2650	 2.852779e-05	 3457	 iter
2651	 2.852774e-05	 3459	 iter
2652	 2.852770e-05	 3461	 iter
2653	 2.852770e-05	 3463	 iter
2654	 2.852770e-05	 3465	 iter
2655	 2.852770e-05	 3466	 iter
2656	 2.852770e-05	 3467	 iter
2657	 2.852768e-05	 3469	 iter
2658	 2.852768e-05	 3471	 iter
2659	 2.852768e-05	 3472	 iter
2660	 2.852768e-05	 3473	 iter
2661	 2.852766e-05	 3475	 iter
2662	 2.852766e-05	 3476	 iter
2663	 2.852766e-05	 3477	 iter
2664	 2.852762e-05	 3479	 iter
2665	 2.852762e-05	 3481	 iter
2666	 2.852762e-05	 3482	 iter
2667	 2.852762e-05	 3484	 iter
2668	 2.852760e-05	 3486	 iter
2669	 2.852760e-05	 3487	 iter
2670	 2.852760e-05	 3489	 iter
2671	 2.852758e-05	 3491	 iter
2672	 2.852758e-05	 3493	 iter
2673	 2.852758e-05	 3495	 iter
2674	 2.852758e-05	 3496	 iter
2675	 2.852753e-05	 3498	 iter
2676	 2.852753e-05	 3500	 iter
2677	 2.852753e-05	 3501	 iter
2678	 2.852753e-05	 3503	 iter
2679	 2.852752e-05	 3505	 iter
2680	 2.852745e-05	 3507	 iter
2681	 2.852745e-05	 3509	 iter
2682	 2.852745e-05	 3511	 iter
2683	 2.852745e-05	 3513	 iter
2684	 2.852745e-05	 3514	 iter
2685	 2.852745e-05	 3515	 iter
2686	 2.852745e-05	 3517	 iter
2687	 2.852745e-05	 3518	 iter
2688	 2.852745e-05	 3519	 iter
2689	 2.852745e-05	 3520	 iter
2690	 2.852745e-05	 3521	 iter
2691	 2.852745e-05	 3522	 iter
2692	 2.852745e-05	 3523	 iter
2693	 2.852742e-05	 3525	 iter
2694	 2.852742e-05	 3526	 iter
2695	 2.852742e-05	 3528	 iter
2696	 2.852742e-05	 3529	 iter
2697	 2.852742e-05	 3531	 iter
2698	 2.852742e-05	 3533	 iter
2699	 2.852742e-05	 3534	 iter
2700	 2.852742e-05	 3535	 iter
2701	 2.852742e-05	 3537	 iter
2702	 2.852742e-05	 3538	 iter
2703	 2.852742e-05	 3539	 iter
2704	 2.852742e-05	 3540	 iter
2705	 2.852742e-05	 3542	 iter
2706	 2.852741e-05	 3544	 iter
2707	 2.852741e-05	 3545	 iter
2708	 2.852741e-05	 3547	 iter
2709	 2.852741e-05	 3548	 iter
2710	 2.852741e-05	 3550	 iter
2711	 2.852741e-05	 3551	 iter
2712	 2.852741e-05	 3553	 iter
2713	 2.852741e-05	 3555	 iter
2714	 2.852741e-05	 3557	 iter
2715	 2.852739e-05	 3559	 iter
2716	 2.852739e-05	 3561	 iter
2717	 2.852739e-05	 3562	 iter
2718	 2.852739e-05	 3563	 iter
2719	 2.852739e-05	 3564	 iter
2720	 2.852739e-05	 3566	 iter
2721	 2.852739e-05	 3567	 iter
2722	 2.852738e-05	 3569	 iter
2723	 2.852738e-05	 3570	 iter
2724	 2.852738e-05	 3571	 iter
2725	 2.852738e-05	 3572	 iter
2726	 2.852738e-05	 3573	 iter
2727	 2.852735e-05	 3575	 iter
2728	 2.852735e-05	 3576	 iter
2729	 2.852735e-05	 3578	 iter
2730	 2.852735e-05	 3579	 iter
2731	 2.852735e-05	 3580	 iter
2732	 2.852735e-05	 3581	 iter
2733	 2.852735e-05	 3582	 iter
2734	 2.852735e-05	 3583	 iter
2735	 2.852735e-05	 3585	 iter
2736	 2.852735e-05	 3586	 iter
2737	 2.852735e-05	 3588	 iter
2738	 2.852735e-05	 3590	 iter
2739	 2.852735e-05	 3591	 iter
2740	 2.852735e-05	 3592	 iter
2741	 2.852735e-05	 3593	 iter
2742	 2.852734e-05	 3595	 iter
2742	 2.852734e-05	 3595	 done
