0	 1.225182e-32	 1	 init
0	 1.225182e-32	 1	 iter
1	 1.225182e-32	 17	 iter
2	 1.225182e-32	 19	 iter
3	 1.225182e-32	 21	 iter
4	 1.225182e-32	 23	 iter
5	 1.225182e-32	 25	 iter
6	 1.225182e-32	 27	 iter
7	 1.225182e-32	 29	 iter
8	 1.225182e-32	 31	 iter
9	 1.225182e-32	 33	 iter
10	 1.225182e-32	 35	 iter
11	 1.225182e-32	 36	 iter
12	 1.225182e-32	 38	 iter
13	 1.225182e-32	 40	 iter
14	 1.225182e-32	 42	 iter
15	 1.225182e-32	 44	 iter
16	 1.225182e-32	 46	 iter
17	 1.225182e-32	 48	 iter
18	 1.225182e-32	 50	 iter
19	 1.225182e-32	 52	 iter
20	 1.225182e-32	 54	 iter
21	 1.225182e-32	 56	 iter
22	 1.225182e-32	 58	 iter
23	 1.225182e-32	 59	 iter
24	 1.225182e-32	 60	 iter
25	 1.225182e-32	 61	 iter
26	 1.225182e-32	 63	 iter
27	 1.225182e-32	 65	 iter
28	 1.225182e-32	 67	 iter
29	 1.225182e-32	 69	 iter
30	 1.225182e-32	 71	 iter
31	 1.225182e-32	 73	 iter
32	 1.225182e-32	 75	 iter
33	 1.225182e-32	 77	 iter
34	 1.225182e-32	 78	 iter
35	 1.225182e-32	 80	 iter
36	 1.225182e-32	 82	 iter
37	 1.225182e-32	 84	 iter
38	 1.225182e-32	 85	 iter
39	 1.225182e-32	 87	 iter
40	 1.225182e-32	 89	 iter
41	 1.225182e-32	 91	 iter
42	 1.225182e-32	 93	 iter
43	 1.225182e-32	 95	 iter
44	 1.225182e-32	 97	 iter
45	 1.225182e-32	 99	 iter
46	 1.225182e-32	 101	 iter
47	 1.225182e-32	 103	 iter
48	 1.225182e-32	 105	 iter
49	 1.225182e-32	 106	 iter
50	 1.225182e-32	 108	 iter
51	 1.225182e-32	 110	 iter
52	 1.225182e-32	 112	 iter
53	 1.225182e-32	 114	 iter
54	 1.225182e-32	 115	 iter
55	 1.225182e-32	 117	 iter
56	 1.225182e-32	 119	 iter
57	 1.225182e-32	 121	 iter
58	 1.225182e-32	 122	 iter
59	 1.225182e-32	 124	 iter
60	 1.225182e-32	 126	 iter
61	 1.225182e-32	 128	 iter
62	 1.225182e-32	 129	 iter
63	 1.225182e-32	 131	 iter
64	 1.225182e-32	 133	 iter
65	 1.225182e-32	 135	 iter
66	 1.225182e-32	 137	 iter
67	 1.225182e-32	 139	 iter
68	 1.225182e-32	 141	 iter
69	 1.225182e-32	 142	 iter
70	 1.225182e-32	 143	 iter
71	 1.225182e-32	 145	 iter
72	 1.225182e-32	 146	 iter
73	 1.225182e-32	 147	 iter
74	 1.225182e-32	 148	 iter
75	 1.225182e-32	 150	 iter
76	 1.225182e-32	 152	 iter
77	 1.225182e-32	 153	 iter
78	 1.225182e-32	 155	 iter
79	 1.225182e-32	 157	 iter
80	 1.225182e-32	 158	 iter
81	 1.225182e-32	 159	 iter
82	 1.225182e-32	 161	 iter
83	 1.225182e-32	 163	 iter
84	 1.225182e-32	 165	 iter
85	 1.225182e-32	 167	 iter
86	 1.225182e-32	 169	 iter
87	 1.225182e-32	 170	 iter
88	 1.225182e-32	 172	 iter
89	 1.225182e-32	 174	 iter
90	 1.225182e-32	 175	 iter
91	 1.225182e-32	 177	 iter
92	 1.225182e-32	 178	 iter
93	 1.225182e-32	 180	 iter
94	 1.225182e-32	 182	 iter
95	 1.225182e-32	 183	 iter
96	 1.225182e-32	 184	 iter
97	 1.225182e-32	 185	 iter
98	 1.225182e-32	 186	 iter
99	 1.225182e-32	 187	 iter
100	 1.225182e-32	 188	 iter
101	 1.225182e-32	 189	 iter
102	 1.225182e-32	 191	 iter
103	 1.225182e-32	 193	 iter
104	 1.225182e-32	 195	 iter
105	 1.225182e-32	 196	 iter
106	 1.225182e-32	 197	 iter
107	 1.225182e-32	 199	 iter
108	 1.225182e-32	 201	 iter
109	 1.225182e-32	 203	 iter
110	 1.225182e-32	 204	 iter
111	 1.225182e-32	 206	 iter
112	 1.225182e-32	 208	 iter
113	 1.225182e-32	 209	 iter
114	 1.225182e-32	 211	 iter
115	 1.225182e-32	 213	 iter
116	 1.225182e-32	 215	 iter
117	 1.225182e-32	 217	 iter
118	 1.225182e-32	 219	 iter
119	 1.225182e-32	 220	 iter
120	 1.225182e-32	 222	 iter
121	 1.225182e-32	 224	 iter
122	 1.225182e-32	 226	 iter
123	 1.225182e-32	 228	 iter
124	 1.225182e-32	 229	 iter
125	 1.225182e-32	 230	 iter
126	 1.225182e-32	 232	 iter
127	 1.225182e-32	 233	 iter
128	 1.225182e-32	 234	 iter
129	 1.225182e-32	 235	 iter
130	 1.225182e-32	 236	 iter
131	 1.225182e-32	 238	 iter
132	 1.225182e-32	 239	 iter
133	 1.225182e-32	 240	 iter
134	 1.225182e-32	 242	 iter
135	 1.225182e-32	 244	 iter
136	 1.225182e-32	 246	 iter
137	 1.225182e-32	 248	 iter
138	 1.225182e-32	 249	 iter
139	 1.225182e-32	 251	 iter
140	 1.225182e-32	 252	 iter
141	 1.225182e-32	 254	 iter
142	 1.225182e-32	 256	 iter
142	 1.225182e-32	 256	 done
