0	 2.935386e-33	 1	 init
0	 2.935386e-33	 1	 iter
1	 2.935386e-33	 17	 iter
2	 2.935386e-33	 19	 iter
3	 2.935386e-33	 21	 iter
4	 2.935386e-33	 23	 iter
5	 2.935386e-33	 25	 iter
6	 2.935386e-33	 27	 iter
7	 2.935386e-33	 28	 iter
8	 2.935386e-33	 30	 iter
9	 2.935386e-33	 32	 iter
10	 2.935386e-33	 34	 iter
11	 2.935386e-33	 36	 iter
12	 2.935386e-33	 38	 iter
13	 2.935386e-33	 39	 iter
14	 2.935386e-33	 41	 iter
15	 2.935386e-33	 43	 iter
16	 2.935386e-33	 45	 iter
17	 2.935386e-33	 47	 iter
18	 2.935386e-33	 49	 iter
19	 2.935386e-33	 51	 iter
20	 2.935386e-33	 53	 iter
21	 2.935386e-33	 55	 iter
22	 2.935386e-33	 57	 iter
23	 2.935386e-33	 59	 iter
24	 2.935386e-33	 61	 iter
25	 2.935386e-33	 63	 iter
26	 2.935386e-33	 65	 iter
27	 2.935386e-33	 67	 iter
28	 2.935386e-33	 69	 iter
29	 2.935386e-33	 71	 iter
30	 2.935386e-33	 73	 iter
31	 2.935386e-33	 75	 iter
32	 2.935386e-33	 77	 iter
33	 2.935386e-33	 78	 iter
34	 2.935386e-33	 80	 iter
35	 2.935386e-33	 82	 iter
36	 2.935386e-33	 83	 iter
37	 2.935386e-33	 85	 iter
38	 2.935386e-33	 87	 iter
39	 2.935386e-33	 88	 iter
40	 2.935386e-33	 90	 iter
41	 2.935386e-33	 92	 iter
42	 2.935386e-33	 94	 iter
43	 2.935386e-33	 96	 iter
44	 2.935386e-33	 98	 iter
45	 2.935386e-33	 99	 iter
46	 2.935386e-33	 101	 iter
47	 2.935386e-33	 103	 iter
48	 2.935386e-33	 105	 iter
49	 2.935386e-33	 106	 iter
50	 2.935386e-33	 108	 iter
51	 2.935386e-33	 110	 iter
52	 2.935386e-33	 111	 iter
53	 2.935386e-33	 113	 iter
54	 2.935386e-33	 115	 iter
55	 2.935386e-33	 117	 iter
56	 2.935386e-33	 119	 iter
57	 2.935386e-33	 121	 iter
58	 2.935386e-33	 122	 iter
59	 2.935386e-33	 124	 iter
60	 2.935386e-33	 126	 iter
61	 2.935386e-33	 128	 iter
62	 2.935386e-33	 129	 iter
63	 2.935386e-33	 131	 iter
64	 2.935386e-33	 133	 iter
65	 2.935386e-33	 135	 iter
66	 2.935386e-33	 137	 iter
67	 2.935386e-33	 139	 iter
68	 2.935386e-33	 141	 iter
69	 2.935386e-33	 143	 iter
70	 2.935386e-33	 145	 iter
71	 2.935386e-33	 146	 iter
72	 2.935386e-33	 148	 iter
73	 2.935386e-33	 150	 iter
74	 2.935386e-33	 152	 iter
75	 2.935386e-33	 154	 iter
76	 2.935386e-33	 156	 iter
77	 2.935386e-33	 157	 iter
78	 2.935386e-33	 158	 iter
79	 2.935386e-33	 159	 iter
80	 2.935386e-33	 161	 iter
81	 2.935386e-33	 162	 iter
82	 2.935386e-33	 164	 iter
83	 2.935386e-33	 166	 iter
84	 2.935386e-33	 168	 iter
85	 2.935386e-33	 170	 iter
86	 2.935386e-33	 171	 iter
87	 2.935386e-33	 173	 iter
88	 2.935386e-33	 175	 iter
89	 2.935386e-33	 177	 iter
90	 2.935386e-33	 179	 iter
91	 2.935386e-33	 180	 iter
92	 2.935386e-33	 181	 iter
93	 2.935386e-33	 182	 iter
94	 2.935386e-33	 183	 iter
95	 2.935386e-33	 185	 iter
96	 2.935386e-33	 186	 iter
97	 2.935386e-33	 188	 iter
98	 2.935386e-33	 190	 iter
99	 2.935386e-33	 192	 iter
100	 2.935386e-33	 193	 iter
101	 2.935386e-33	 194	 iter
102	 2.935386e-33	 196	 iter
103	 2.935386e-33	 197	 iter
104	 2.935386e-33	 198	 iter
105	 2.935386e-33	 200	 iter
106	 2.935386e-33	 201	 iter
107	 2.935386e-33	 202	 iter
108	 2.935386e-33	 204	 iter
109	 2.935386e-33	 205	 iter
110	 2.935386e-33	 207	 iter
111	 2.935386e-33	 208	 iter
112	 2.935386e-33	 210	 iter
113	 2.935386e-33	 211	 iter
114	 2.935386e-33	 212	 iter
115	 2.935386e-33	 214	 iter
116	 2.935386e-33	 215	 iter
117	 2.935386e-33	 216	 iter
118	 2.935386e-33	 218	 iter
119	 2.935386e-33	 220	 iter
120	 2.935386e-33	 222	 iter
121	 2.935386e-33	 224	 iter
122	 2.935386e-33	 225	 iter
123	 2.935386e-33	 226	 iter
124	 2.935386e-33	 227	 iter
125	 2.935386e-33	 228	 iter
126	 2.935386e-33	 229	 iter
127	 2.935386e-33	 230	 iter
128	 2.935386e-33	 231	 iter
129	 2.935386e-33	 232	 iter
130	 2.935386e-33	 233	 iter
131	 2.935386e-33	 235	 iter
132	 2.935386e-33	 237	 iter
133	 2.935386e-33	 238	 iter
134	 2.935386e-33	 239	 iter
135	 2.935386e-33	 240	 iter
136	 2.935386e-33	 241	 iter
137	 2.935386e-33	 242	 iter
138	 2.935386e-33	 244	 iter
139	 2.935386e-33	 246	 iter
140	 2.935386e-33	 247	 iter
141	 2.935386e-33	 248	 iter
142	 2.935386e-33	 250	 iter
143	 2.935386e-33	 252	 iter
144	 2.935386e-33	 253	 iter
145	 2.935386e-33	 254	 iter
146	 2.935386e-33	 256	 iter
147	 2.935386e-33	 257	 iter
148	 2.935386e-33	 259	 iter
149	 2.935386e-33	 260	 iter
150	 2.935386e-33	 262	 iter
151	 2.935386e-33	 264	 iter
152	 2.935386e-33	 266	 iter
153	 2.935386e-33	 267	 iter
154	 2.935386e-33	 269	 iter
154	 2.935386e-33	 269	 done
