0	 2.292610e-32	 1	 init
0	 2.292610e-32	 1	 iter
1	 2.292610e-32	 17	 iter
2	 2.292610e-32	 19	 iter
3	 2.292610e-32	 21	 iter
4	 2.292610e-32	 23	 iter
5	 2.292610e-32	 25	 iter
6	 2.292610e-32	 27	 iter
7	 2.292610e-32	 29	 iter
8	 2.292610e-32	 31	 iter
9	 2.292610e-32	 32	 iter
10	 2.292610e-32	 34	 iter
11	 2.292610e-32	 36	 iter
12	 2.292610e-32	 38	 iter
13	 2.292610e-32	 40	 iter
14	 2.292610e-32	 42	 iter
15	 2.292610e-32	 44	 iter
16	 2.292610e-32	 46	 iter
17	 2.292610e-32	 48	 iter
18	 2.292610e-32	 50	 iter
19	 2.292610e-32	 52	 iter
20	 2.292610e-32	 54	 iter
21	 2.292610e-32	 56	 iter
22	 2.292610e-32	 58	 iter
23	 2.292610e-32	 60	 iter
24	 2.292610e-32	 62	 iter
25	 2.292610e-32	 64	 iter
26	 2.292610e-32	 66	 iter
27	 2.292610e-32	 68	 iter
28	 2.292610e-32	 70	 iter
29	 2.292610e-32	 72	 iter
30	 2.292610e-32	 74	 iter
31	 2.292610e-32	 76	 iter
32	 2.292610e-32	 78	 iter
33	 2.292610e-32	 80	 iter
34	 2.292610e-32	 82	 iter
35	 2.292610e-32	 84	 iter
36	 2.292610e-32	 86	 iter
37	 2.292610e-32	 88	 iter
38	 2.292610e-32	 90	 iter
39	 2.292610e-32	 92	 iter
40	 2.292610e-32	 94	 iter
41	 2.292610e-32	 96	 iter
42	 2.292610e-32	 98	 iter
43	 2.292610e-32	 99	 iter
44	 2.292610e-32	 101	 iter
45	 2.292610e-32	 103	 iter
46	 2.292610e-32	 105	 iter
47	 2.292610e-32	 107	 iter
48	 2.292610e-32	 109	 iter
49	 2.292610e-32	 110	 iter
50	 2.292610e-32	 112	 iter
51	 2.292610e-32	 114	 iter
52	 2.292610e-32	 116	 iter
53	 2.292610e-32	 118	 iter
54	 2.292610e-32	 120	 iter
55	 2.292610e-32	 122	 iter
56	 2.292610e-32	 124	 iter
57	 2.292610e-32	 126	 iter
58	 2.292610e-32	 127	 iter
59	 2.292610e-32	 129	 iter
60	 2.292610e-32	 131	 iter
61	 2.292610e-32	 132	 iter
62	 2.292610e-32	 134	 iter
63	 2.292610e-32	 136	 iter
64	 2.292610e-32	 138	 iter
65	 2.292610e-32	 139	 iter
66	 2.292610e-32	 140	 iter
67	 2.292610e-32	 142	 iter
68	 2.292610e-32	 144	 iter
69	 2.292610e-32	 146	 iter
70	 2.292610e-32	 148	 iter
71	 2.292610e-32	 150	 iter
72	 2.292610e-32	 151	 iter
73	 2.292610e-32	 153	 iter
74	 2.292610e-32	 155	 iter
75	 2.292610e-32	 157	 iter
76	 2.292610e-32	 159	 iter
77	 2.292610e-32	 160	 iter
78	 2.292610e-32	 162	 iter
79	 2.292610e-32	 164	 iter
80	 2.292610e-32	 165	 iter
81	 2.292610e-32	 167	 iter
82	 2.292610e-32	 169	 iter
83	 2.292610e-32	 171	 iter
84	 2.292610e-32	 173	 iter
85	 2.292610e-32	 174	 iter
86	 2.292610e-32	 176	 iter
87	 2.292610e-32	 177	 iter
88	 2.292610e-32	 178	 iter
89	 2.292610e-32	 180	 iter
90	 2.292610e-32	 182	 iter
91	 2.292610e-32	 183	 iter
92	 2.292610e-32	 185	 iter
93	 2.292610e-32	 186	 iter
94	 2.292610e-32	 187	 iter
95	 2.292610e-32	 189	 iter
96	 2.292610e-32	 190	 iter
97	 2.292610e-32	 191	 iter
98	 2.292610e-32	 193	 iter
99	 2.292610e-32	 195	 iter
100	 2.292610e-32	 197	 iter
101	 2.292610e-32	 199	 iter
102	 2.292610e-32	 201	 iter
103	 2.292610e-32	 203	 iter
104	 2.292610e-32	 205	 iter
105	 2.292610e-32	 206	 iter
106	 2.292610e-32	 208	 iter
107	 2.292610e-32	 210	 iter
108	 2.292610e-32	 212	 iter
109	 2.292610e-32	 213	 iter
110	 2.292610e-32	 214	 iter
111	 2.292610e-32	 216	 iter
112	 2.292610e-32	 218	 iter
113	 2.292610e-32	 219	 iter
114	 2.292610e-32	 221	 iter
115	 2.292610e-32	 223	 iter
116	 2.292610e-32	 225	 iter
117	 2.292610e-32	 227	 iter
118	 2.292610e-32	 228	 iter
119	 2.292610e-32	 229	 iter
120	 2.292610e-32	 230	 iter
120	 2.292610e-32	 230	 done
