0	 4.940973e-33	 1	 init
0	 4.940973e-33	 1	 iter
1	 4.940973e-33	 17	 iter
2	 4.940973e-33	 19	 iter
3	 4.940973e-33	 21	 iter
4	 4.940973e-33	 23	 iter
5	 4.940973e-33	 25	 iter
6	 4.940973e-33	 27	 iter
7	 4.940973e-33	 28	 iter
8	 4.940973e-33	 30	 iter
9	 4.940973e-33	 32	 iter
10	 4.940973e-33	 34	 iter
11	 4.940973e-33	 36	 iter
12	 4.940973e-33	 38	 iter
13	 4.940973e-33	 40	 iter
14	 4.940973e-33	 42	 iter
15	 4.940973e-33	 44	 iter
16	 4.940973e-33	 46	 iter
17	 4.940973e-33	 48	 iter
18	 4.940973e-33	 50	 iter
19	 4.940973e-33	 52	 iter
20	 4.940973e-33	 54	 iter
21	 4.940973e-33	 56	 iter
22	 4.940973e-33	 58	 iter
23	 4.940973e-33	 60	 iter
24	 4.940973e-33	 62	 iter
25	 4.940973e-33	 64	 iter
26	 4.940973e-33	 66	 iter
27	 4.940973e-33	 68	 iter
28	 4.940973e-33	 69	 iter
29	 4.940973e-33	 71	 iter
30	 4.940973e-33	 73	 iter
31	 4.940973e-33	 74	 iter
32	 4.940973e-33	 75	 iter
33	 4.940973e-33	 77	 iter
34	 4.940973e-33	 79	 iter
35	 4.940973e-33	 81	 iter
36	 4.940973e-33	 83	 iter
37	 4.940973e-33	 85	 iter
38	 4.940973e-33	 87	 iter
39	 4.940973e-33	 89	 iter
40	 4.940973e-33	 91	 iter
41	 4.940973e-33	 93	 iter
42	 4.940973e-33	 95	 iter
43	 4.940973e-33	 97	 iter
44	 4.940973e-33	 98	 iter
45	 4.940973e-33	 100	 iter
46	 4.940973e-33	 102	 iter
47	 4.940973e-33	 104	 iter
48	 4.940973e-33	 106	 iter
49	 4.940973e-33	 108	 iter
50	 4.940973e-33	 110	 iter
51	 4.940973e-33	 112	 iter
52	 4.940973e-33	 113	 iter
53	 4.940973e-33	 114	 iter
54	 4.940973e-33	 116	 iter
55	 4.940973e-33	 118	 iter
56	 4.940973e-33	 120	 iter
57	 4.940973e-33	 122	 iter
58	 4.940973e-33	 124	 iter
59	 4.940973e-33	 126	 iter
60	 4.940973e-33	 128	 iter
61	 4.940973e-33	 129	 iter
62	 4.940973e-33	 130	 iter
63	 4.940973e-33	 132	 iter
64	 4.940973e-33	 134	 iter
65	 4.940973e-33	 136	 iter
66	 4.940973e-33	 138	 iter
67	 4.940973e-33	 140	 iter
68	 4.940973e-33	 142	 iter
69	 4.940973e-33	 144	 iter
70	 4.940973e-33	 146	 iter
71	 4.940973e-33	 148	 iter
72	 4.940973e-33	 150	 iter
73	 4.940973e-33	 152	 iter
74	 4.940973e-33	 154	 iter
75	 4.940973e-33	 156	 iter
76	 4.940973e-33	 157	 iter
77	 4.940973e-33	 159	 iter
78	 4.940973e-33	 161	 iter
79	 4.940973e-33	 163	 iter
80	 4.940973e-33	 165	 iter
81	 4.940973e-33	 166	 iter
82	 4.940973e-33	 167	 iter
83	 4.940973e-33	 168	 iter
84	 4.940973e-33	 169	 iter
85	 4.940973e-33	 171	 iter
86	 4.940973e-33	 173	 iter
87	 4.940973e-33	 175	 iter
88	 4.940973e-33	 177	 iter
89	 4.940973e-33	 179	 iter
90	 4.940973e-33	 181	 iter
91	 4.940973e-33	 182	 iter
92	 4.940973e-33	 183	 iter
93	 4.940973e-33	 184	 iter
94	 4.940973e-33	 186	 iter
95	 4.940973e-33	 188	 iter
96	 4.940973e-33	 189	 iter
97	 4.940973e-33	 191	 iter
98	 4.940973e-33	 193	 iter
99	 4.940973e-33	 194	 iter
100	 4.940973e-33	 195	 iter
101	 4.940973e-33	 196	 iter
102	 4.940973e-33	 197	 iter
103	 4.940973e-33	 199	 iter
104	 4.940973e-33	 200	 iter
105	 4.940973e-33	 202	 iter
106	 4.940973e-33	 203	 iter
107	 4.940973e-33	 205	 iter
108	 4.940973e-33	 206	 iter
109	 4.940973e-33	 208	 iter
110	 4.940973e-33	 210	 iter
111	 4.940973e-33	 212	 iter
112	 4.940973e-33	 214	 iter
113	 4.940973e-33	 215	 iter
114	 4.940973e-33	 216	 iter
115	 4.940973e-33	 218	 iter
116	 4.940973e-33	 220	 iter
117	 4.940973e-33	 222	 iter
118	 4.940973e-33	 223	 iter
119	 4.940973e-33	 224	 iter
120	 4.940973e-33	 225	 iter
121	 4.940973e-33	 227	 iter
122	 4.940973e-33	 228	 iter
123	 4.940973e-33	 229	 iter
124	 4.940973e-33	 231	 iter
125	 4.940973e-33	 233	 iter
126	 4.940973e-33	 235	 iter
127	 4.940973e-33	 237	 iter
128	 4.940973e-33	 238	 iter
129	 4.940973e-33	 239	 iter
130	 4.940973e-33	 240	 iter
131	 4.940973e-33	 242	 iter
132	 4.940973e-33	 244	 iter
133	 4.940973e-33	 246	 iter
134	 4.940973e-33	 247	 iter
135	 4.940973e-33	 249	 iter
136	 4.940973e-33	 250	 iter
137	 4.940973e-33	 251	 iter
138	 4.940973e-33	 252	 iter
139	 4.940973e-33	 253	 iter
140	 4.940973e-33	 254	 iter
141	 4.940973e-33	 256	 iter
142	 4.940973e-33	 257	 iter
143	 4.940973e-33	 259	 iter
144	 4.940973e-33	 261	 iter
145	 4.940973e-33	 263	 iter
146	 4.940973e-33	 265	 iter
147	 4.940973e-33	 266	 iter
148	 4.940973e-33	 268	 iter
148	 4.940973e-33	 268	 done
