0	 3.277420e-33	 1	 init
0	 3.277420e-33	 1	 iter
1	 3.277420e-33	 17	 iter
2	 3.277420e-33	 19	 iter
3	 3.277420e-33	 21	 iter
4	 3.277420e-33	 23	 iter
5	 3.277420e-33	 25	 iter
6	 3.277420e-33	 27	 iter
7	 3.277420e-33	 29	 iter
8	 3.277420e-33	 31	 iter
9	 3.277420e-33	 33	 iter
10	 3.277420e-33	 35	 iter
11	 3.277420e-33	 37	 iter
12	 3.277420e-33	 38	 iter
13	 3.277420e-33	 40	 iter
14	 3.277420e-33	 42	 iter
15	 3.277420e-33	 43	 iter
16	 3.277420e-33	 44	 iter
17	 3.277420e-33	 46	 iter
18	 3.277420e-33	 48	 iter
19	 3.277420e-33	 50	 iter
20	 3.277420e-33	 52	 iter
21	 3.277420e-33	 54	 iter
22	 3.277420e-33	 56	 iter
23	 3.277420e-33	 58	 iter
24	 3.277420e-33	 60	 iter
25	 3.277420e-33	 62	 iter
26	 3.277420e-33	 64	 iter
27	 3.277420e-33	 66	 iter
28	 3.277420e-33	 68	 iter
29	 3.277420e-33	 70	 iter
30	 3.277420e-33	 72	 iter
31	 3.277420e-33	 74	 iter
32	 3.277420e-33	 76	 iter
33	 3.277420e-33	 78	 iter
34	 3.277420e-33	 80	 iter
35	 3.277420e-33	 82	 iter
36	 3.277420e-33	 84	 iter
37	 3.277420e-33	 86	 iter
38	 3.277420e-33	 88	 iter
39	 3.277420e-33	 90	 iter
40	 3.277420e-33	 92	 iter
41	 3.277420e-33	 94	 iter
42	 3.277420e-33	 96	 iter
43	 3.277420e-33	 98	 iter
44	 3.277420e-33	 100	 iter
45	 3.277420e-33	 102	 iter
46	 3.277420e-33	 104	 iter
47	 3.277420e-33	 106	 iter
48	 3.277420e-33	 108	 iter
49	 3.277420e-33	 110	 iter
50	 3.277420e-33	 112	 iter
51	 3.277420e-33	 114	 iter
52	 3.277420e-33	 115	 iter
53	 3.277420e-33	 117	 iter
54	 3.277420e-33	 119	 iter
55	 3.277420e-33	 121	 iter
56	 3.277420e-33	 123	 iter
57	 3.277420e-33	 125	 iter
58	 3.277420e-33	 127	 iter
59	 3.277420e-33	 129	 iter
60	 3.277420e-33	 131	 iter
61	 3.277420e-33	 133	 iter
62	 3.277420e-33	 134	 iter
63	 3.277420e-33	 136	 iter
64	 3.277420e-33	 138	 iter
65	 3.277420e-33	 140	 iter
66	 3.277420e-33	 142	 iter
67	 3.277420e-33	 144	 iter
68	 3.277420e-33	 146	 iter
69	 3.277420e-33	 148	 iter
70	 3.277420e-33	 150	 iter
71	 3.277420e-33	 152	 iter
72	 3.277420e-33	 153	 iter
73	 3.277420e-33	 155	 iter
74	 3.277420e-33	 157	 iter
75	 3.277420e-33	 158	 iter
76	 3.277420e-33	 160	 iter
77	 3.277420e-33	 161	 iter
78	 3.277420e-33	 162	 iter
79	 3.277420e-33	 164	 iter
80	 3.277420e-33	 166	 iter
81	 3.277420e-33	 168	 iter
82	 3.277420e-33	 170	 iter
83	 3.277420e-33	 171	 iter
84	 3.277420e-33	 173	 iter
85	 3.277420e-33	 175	 iter
86	 3.277420e-33	 176	 iter
87	 3.277420e-33	 177	 iter
88	 3.277420e-33	 178	 iter
89	 3.277420e-33	 179	 iter
90	 3.277420e-33	 181	 iter
91	 3.277420e-33	 183	 iter
92	 3.277420e-33	 185	 iter
93	 3.277420e-33	 187	 iter
94	 3.277420e-33	 188	 iter
95	 3.277420e-33	 190	 iter
96	 3.277420e-33	 191	 iter
97	 3.277420e-33	 192	 iter
98	 3.277420e-33	 194	 iter
99	 3.277420e-33	 195	 iter
100	 3.277420e-33	 196	 iter
101	 3.277420e-33	 197	 iter
102	 3.277420e-33	 199	 iter
103	 3.277420e-33	 200	 iter
104	 3.277420e-33	 201	 iter
105	 3.277420e-33	 202	 iter
106	 3.277420e-33	 204	 iter
107	 3.277420e-33	 206	 iter
108	 3.277420e-33	 207	 iter
109	 3.277420e-33	 209	 iter
110	 3.277420e-33	 211	 iter
111	 3.277420e-33	 213	 iter
112	 3.277420e-33	 215	 iter
113	 3.277420e-33	 217	 iter
114	 3.277420e-33	 219	 iter
115	 3.277420e-33	 220	 iter
116	 3.277420e-33	 222	 iter
117	 3.277420e-33	 223	 iter
118	 3.277420e-33	 224	 iter
119	 3.277420e-33	 226	 iter
120	 3.277420e-33	 228	 iter
121	 3.277420e-33	 229	 iter
122	 3.277420e-33	 231	 iter
123	 3.277420e-33	 233	 iter
124	 3.277420e-33	 234	 iter
125	 3.277420e-33	 236	 iter
126	 3.277420e-33	 237	 iter
126	 3.277420e-33	 237	 done
