0	 5.240943e-33	 1	 init
0	 5.240943e-33	 1	 iter
1	 5.240943e-33	 17	 iter
2	 5.240943e-33	 19	 iter
3	 5.240943e-33	 21	 iter
4	 5.240943e-33	 23	 iter
5	 5.240943e-33	 25	 iter
6	 5.240943e-33	 27	 iter
7	 5.240943e-33	 29	 iter
8	 5.240943e-33	 31	 iter
9	 5.240943e-33	 33	 iter
10	 5.240943e-33	 35	 iter
11	 5.240943e-33	 37	 iter
12	 5.240943e-33	 38	 iter
13	 5.240943e-33	 40	 iter
14	 5.240943e-33	 42	 iter
15	 5.240943e-33	 44	 iter
16	 5.240943e-33	 46	 iter
17	 5.240943e-33	 48	 iter
18	 5.240943e-33	 50	 iter
19	 5.240943e-33	 52	 iter
20	 5.240943e-33	 54	 iter
21	 5.240943e-33	 56	 iter
22	 5.240943e-33	 58	 iter
23	 5.240943e-33	 60	 iter
24	 5.240943e-33	 62	 iter
25	 5.240943e-33	 64	 iter
26	 5.240943e-33	 66	 iter
27	 5.240943e-33	 68	 iter
28	 5.240943e-33	 70	 iter
29	 5.240943e-33	 72	 iter
30	 5.240943e-33	 74	 iter
31	 5.240943e-33	 76	 iter
32	 5.240943e-33	 78	 iter
33	 5.240943e-33	 80	 iter
34	 5.240943e-33	 81	 iter
35	 5.240943e-33	 83	 iter
36	 5.240943e-33	 85	 iter
37	 5.240943e-33	 87	 iter
38	 5.240943e-33	 89	 iter
39	 5.240943e-33	 91	 iter
40	 5.240943e-33	 93	 iter
41	 5.240943e-33	 95	 iter
42	 5.240943e-33	 97	 iter
43	 5.240943e-33	 99	 iter
44	 5.240943e-33	 100	 iter
45	 5.240943e-33	 102	 iter
46	 5.240943e-33	 104	 iter
47	 5.240943e-33	 106	 iter
48	 5.240943e-33	 108	 iter
49	 5.240943e-33	 110	 iter
50	 5.240943e-33	 112	 iter
51	 5.240943e-33	 114	 iter
52	 5.240943e-33	 116	 iter
53	 5.240943e-33	 118	 iter
54	 5.240943e-33	 120	 iter
55	 5.240943e-33	 122	 iter
56	 5.240943e-33	 123	 iter
57	 5.240943e-33	 125	 iter
58	 5.240943e-33	 127	 iter
59	 5.240943e-33	 129	 iter
60	 5.240943e-33	 130	 iter
61	 5.240943e-33	 132	 iter
62	 5.240943e-33	 134	 iter
63	 5.240943e-33	 136	 iter
64	 5.240943e-33	 138	 iter
65	 5.240943e-33	 140	 iter
66	 5.240943e-33	 142	 iter
67	 5.240943e-33	 143	 iter
68	 5.240943e-33	 145	 iter
69	 5.240943e-33	 147	 iter
70	 5.240943e-33	 148	 iter
71	 5.240943e-33	 150	 iter
72	 5.240943e-33	 152	 iter
73	 5.240943e-33	 153	 iter
74	 5.240943e-33	 155	 iter
75	 5.240943e-33	 157	 iter
76	 5.240943e-33	 159	 iter
77	 5.240943e-33	 160	 iter
78	 5.240943e-33	 161	 iter
79	 5.240943e-33	 162	 iter
80	 5.240943e-33	 163	 iter
81	 5.240943e-33	 165	 iter
82	 5.240943e-33	 166	 iter
83	 5.240943e-33	 167	 iter
84	 5.240943e-33	 169	 iter
85	 5.240943e-33	 170	 iter
86	 5.240943e-33	 172	 iter
87	 5.240943e-33	 173	 iter
88	 5.240943e-33	 175	 iter
89	 5.240943e-33	 177	 iter
90	 5.240943e-33	 179	 iter
91	 5.240943e-33	 180	 iter
92	 5.240943e-33	 182	 iter
93	 5.240943e-33	 183	 iter
94	 5.240943e-33	 185	 iter
95	 5.240943e-33	 187	 iter
96	 5.240943e-33	 188	 iter
97	 5.240943e-33	 189	 iter
98	 5.240943e-33	 190	 iter
99	 5.240943e-33	 191	 iter
100	 5.240943e-33	 192	 iter
101	 5.240943e-33	 193	 iter
102	 5.240943e-33	 195	 iter
103	 5.240943e-33	 197	 iter
104	 5.240943e-33	 199	 iter
105	 5.240943e-33	 200	 iter
106	 5.240943e-33	 202	 iter
107	 5.240943e-33	 204	 iter
108	 5.240943e-33	 205	 iter
109	 5.240943e-33	 207	 iter
110	 5.240943e-33	 208	 iter
111	 5.240943e-33	 209	 iter
112	 5.240943e-33	 210	 iter
113	 5.240943e-33	 211	 iter
114	 5.240943e-33	 212	 iter
115	 5.240943e-33	 213	 iter
116	 5.240943e-33	 214	 iter
117	 5.240943e-33	 215	 iter
118	 5.240943e-33	 216	 iter
119	 5.240943e-33	 217	 iter
120	 5.240943e-33	 218	 iter
121	 5.240943e-33	 220	 iter
122	 5.240943e-33	 222	 iter
123	 5.240943e-33	 223	 iter
124	 5.240943e-33	 224	 iter
125	 5.240943e-33	 226	 iter
126	 5.240943e-33	 227	 iter
127	 5.240943e-33	 229	 iter
128	 5.240943e-33	 230	 iter
129	 5.240943e-33	 232	 iter
130	 5.240943e-33	 233	 iter
131	 5.240943e-33	 234	 iter
132	 5.240943e-33	 235	 iter
133	 5.240943e-33	 236	 iter
134	 5.240943e-33	 238	 iter
135	 5.240943e-33	 240	 iter
136	 5.240943e-33	 242	 iter
137	 5.240943e-33	 244	 iter
138	 5.240943e-33	 245	 iter
139	 5.240943e-33	 246	 iter
140	 5.240943e-33	 247	 iter
141	 5.240943e-33	 249	 iter
142	 5.240943e-33	 251	 iter
143	 5.240943e-33	 253	 iter
144	 5.240943e-33	 254	 iter
145	 5.240943e-33	 255	 iter
146	 5.240943e-33	 257	 iter
147	 5.240943e-33	 259	 iter
148	 5.240943e-33	 260	 iter
149	 5.240943e-33	 262	 iter
150	 5.240943e-33	 263	 iter
151	 5.240943e-33	 265	 iter
152	 5.240943e-33	 267	 iter
153	 5.240943e-33	 269	 iter
154	 5.240943e-33	 270	 iter
155	 5.240943e-33	 271	 iter
156	 5.240943e-33	 272	 iter
157	 5.240943e-33	 274	 iter
158	 5.240943e-33	 275	 iter
159	 5.240943e-33	 277	 iter
160	 5.240943e-33	 278	 iter
161	 5.240943e-33	 279	 iter
162	 5.240943e-33	 281	 iter
163	 5.240943e-33	 283	 iter
164	 5.240943e-33	 284	 iter
165	 5.240943e-33	 286	 iter
166	 5.240943e-33	 287	 iter
167	 5.240943e-33	 288	 iter
168	 5.240943e-33	 290	 iter
169	 5.240943e-33	 292	 iter
170	 5.240943e-33	 294	 iter
171	 5.240943e-33	 296	 iter
172	 5.240943e-33	 298	 iter
172	 5.240943e-33	 298	 done
