0	 3.537500e-33	 1	 init
0	 3.537500e-33	 1	 iter
1	 3.537500e-33	 17	 iter
2	 3.537500e-33	 19	 iter
3	 3.537500e-33	 21	 iter
4	 3.537500e-33	 23	 iter
5	 3.537500e-33	 25	 iter
6	 3.537500e-33	 27	 iter
7	 3.537500e-33	 29	 iter
8	 3.537500e-33	 31	 iter
9	 3.537500e-33	 33	 iter
10	 3.537500e-33	 35	 iter
11	 3.537500e-33	 37	 iter
12	 3.537500e-33	 39	 iter
13	 3.537500e-33	 41	 iter
14	 3.537500e-33	 42	 iter
15	 3.537500e-33	 43	 iter
16	 3.537500e-33	 45	 iter
17	 3.537500e-33	 47	 iter
18	 3.537500e-33	 49	 iter
19	 3.537500e-33	 51	 iter
20	 3.537500e-33	 53	 iter
21	 3.537500e-33	 55	 iter
22	 3.537500e-33	 57	 iter
23	 3.537500e-33	 59	 iter
24	 3.537500e-33	 61	 iter
25	 3.537500e-33	 63	 iter
26	 3.537500e-33	 65	 iter
27	 3.537500e-33	 67	 iter
28	 3.537500e-33	 69	 iter
29	 3.537500e-33	 71	 iter
30	 3.537500e-33	 73	 iter
31	 3.537500e-33	 74	 iter
32	 3.537500e-33	 76	 iter
33	 3.537500e-33	 78	 iter
34	 3.537500e-33	 80	 iter
35	 3.537500e-33	 82	 iter
36	 3.537500e-33	 84	 iter
37	 3.537500e-33	 86	 iter
38	 3.537500e-33	 88	 iter
39	 3.537500e-33	 90	 iter
40	 3.537500e-33	 92	 iter
41	 3.537500e-33	 94	 iter
42	 3.537500e-33	 96	 iter
43	 3.537500e-33	 98	 iter
44	 3.537500e-33	 100	 iter
45	 3.537500e-33	 102	 iter
46	 3.537500e-33	 104	 iter
47	 3.537500e-33	 106	 iter
48	 3.537500e-33	 108	 iter
49	 3.537500e-33	 110	 iter
50	 3.537500e-33	 111	 iter
51	 3.537500e-33	 113	 iter
52	 3.537500e-33	 115	 iter
53	 3.537500e-33	 116	 iter
54	 3.537500e-33	 117	 iter
55	 3.537500e-33	 119	 iter
56	 3.537500e-33	 120	 iter
57	 3.537500e-33	 122	 iter
58	 3.537500e-33	 124	 iter
59	 3.537500e-33	 126	 iter
60	 3.537500e-33	 128	 iter
61	 3.537500e-33	 130	 iter
62	 3.537500e-33	 132	 iter
63	 3.537500e-33	 133	 iter
64	 3.537500e-33	 134	 iter
65	 3.537500e-33	 136	 iter
66	 3.537500e-33	 138	 iter
67	 3.537500e-33	 140	 iter
68	 3.537500e-33	 142	 iter
69	 3.537500e-33	 144	 iter
70	 3.537500e-33	 145	 iter
71	 3.537500e-33	 147	 iter
72	 3.537500e-33	 149	 iter
73	 3.537500e-33	 150	 iter
74	 3.537500e-33	 152	 iter
75	 3.537500e-33	 154	 iter
76	 3.537500e-33	 156	 iter
77	 3.537500e-33	 157	 iter
78	 3.537500e-33	 159	 iter
79	 3.537500e-33	 161	 iter
80	 3.537500e-33	 163	 iter
81	 3.537500e-33	 165	 iter
82	 3.537500e-33	 167	 iter
83	 3.537500e-33	 168	 iter
84	 3.537500e-33	 169	 iter
85	 3.537500e-33	 170	 iter
86	 3.537500e-33	 172	 iter
87	 3.537500e-33	 174	 iter
88	 3.537500e-33	 176	 iter
89	 3.537500e-33	 178	 iter
90	 3.537500e-33	 180	 iter
91	 3.537500e-33	 181	 iter
92	 3.537500e-33	 183	 iter
93	 3.537500e-33	 184	 iter
94	 3.537500e-33	 186	 iter
95	 3.537500e-33	 187	 iter
96	 3.537500e-33	 189	 iter
97	 3.537500e-33	 191	 iter
98	 3.537500e-33	 192	 iter
99	 3.537500e-33	 193	 iter
100	 3.537500e-33	 194	 iter
101	 3.537500e-33	 196	 iter
102	 3.537500e-33	 198	 iter
103	 3.537500e-33	 200	 iter
104	 3.537500e-33	 201	 iter
105	 3.537500e-33	 203	 iter
106	 3.537500e-33	 204	 iter
107	 3.537500e-33	 206	 iter
108	 3.537500e-33	 208	 iter
109	 3.537500e-33	 209	 iter
110	 3.537500e-33	 210	 iter
111	 3.537500e-33	 212	 iter
112	 3.537500e-33	 213	 iter
113	 3.537500e-33	 214	 iter
114	 3.537500e-33	 216	 iter
115	 3.537500e-33	 217	 iter
116	 3.537500e-33	 218	 iter
117	 3.537500e-33	 220	 iter
118	 3.537500e-33	 222	 iter
119	 3.537500e-33	 223	 iter
120	 3.537500e-33	 224	 iter
120	 3.537500e-33	 224	 done
