0	 6.342668e-33	 1	 init
0	 6.342668e-33	 1	 iter
1	 6.342668e-33	 17	 iter
2	 6.342668e-33	 19	 iter
3	 6.342668e-33	 21	 iter
4	 6.342668e-33	 23	 iter
5	 6.342668e-33	 25	 iter
6	 6.342668e-33	 27	 iter
7	 6.342668e-33	 29	 iter
8	 6.342668e-33	 31	 iter
9	 6.342668e-33	 33	 iter
10	 6.342668e-33	 35	 iter
11	 6.342668e-33	 37	 iter
12	 6.342668e-33	 39	 iter
13	 6.342668e-33	 41	 iter
14	 6.342668e-33	 43	 iter
15	 6.342668e-33	 45	 iter
16	 6.342668e-33	 47	 iter
17	 6.342668e-33	 49	 iter
18	 6.342668e-33	 51	 iter
19	 6.342668e-33	 53	 iter
20	 6.342668e-33	 55	 iter
21	 6.342668e-33	 57	 iter
22	 6.342668e-33	 59	 iter
23	 6.342668e-33	 61	 iter
24	 6.342668e-33	 63	 iter
25	 6.342668e-33	 65	 iter
26	 6.342668e-33	 67	 iter
27	 6.342668e-33	 69	 iter
28	 6.342668e-33	 71	 iter
29	 6.342668e-33	 73	 iter
30	 6.342668e-33	 75	 iter
31	 6.342668e-33	 77	 iter
32	 6.342668e-33	 79	 iter
33	 6.342668e-33	 81	 iter
34	 6.342668e-33	 83	 iter
35	 6.342668e-33	 85	 iter
36	 6.342668e-33	 87	 iter
37	 6.342668e-33	 89	 iter
38	 6.342668e-33	 91	 iter
39	 6.342668e-33	 93	 iter
40	 6.342668e-33	 95	 iter
41	 6.342668e-33	 97	 iter
42	 6.342668e-33	 99	 iter
43	 6.342668e-33	 101	 iter
44	 6.342668e-33	 103	 iter
45	 6.342668e-33	 105	 iter
46	 6.342668e-33	 107	 iter
47	 6.342668e-33	 109	 iter
48	 6.342668e-33	 110	 iter
49	 6.342668e-33	 112	 iter
50	 6.342668e-33	 114	 iter
51	 6.342668e-33	 116	 iter
52	 6.342668e-33	 118	 iter
53	 6.342668e-33	 120	 iter
54	 6.342668e-33	 122	 iter
55	 6.342668e-33	 123	 iter
56	 6.342668e-33	 125	 iter
57	 6.342668e-33	 127	 iter
58	 6.342668e-33	 128	 iter
59	 6.342668e-33	 130	 iter
60	 6.342668e-33	 132	 iter
61	 6.342668e-33	 134	 iter
62	 6.342668e-33	 136	 iter
63	 6.342668e-33	 137	 iter
64	 6.342668e-33	 138	 iter
65	 6.342668e-33	 140	 iter
66	 6.342668e-33	 142	 iter
67	 6.342668e-33	 144	 iter
68	 6.342668e-33	 145	 iter
69	 6.342668e-33	 147	 iter
70	 6.342668e-33	 149	 iter
71	 6.342668e-33	 151	 iter
72	 6.342668e-33	 153	 iter
73	 6.342668e-33	 155	 iter
74	 6.342668e-33	 157	 iter
75	 6.342668e-33	 158	 iter
76	 6.342668e-33	 159	 iter
77	 6.342668e-33	 161	 iter
78	 6.342668e-33	 163	 iter
79	 6.342668e-33	 165	 iter
80	 6.342668e-33	 166	 iter
81	 6.342668e-33	 168	 iter
82	 6.342668e-33	 170	 iter
83	 6.342668e-33	 171	 iter
84	 6.342668e-33	 172	 iter
85	 6.342668e-33	 174	 iter
86	 6.342668e-33	 175	 iter
87	 6.342668e-33	 177	 iter
88	 6.342668e-33	 178	 iter
89	 6.342668e-33	 179	 iter
90	 6.342668e-33	 181	 iter
91	 6.342668e-33	 182	 iter
92	 6.342668e-33	 183	 iter
93	 6.342668e-33	 184	 iter
94	 6.342668e-33	 186	 iter
95	 6.342668e-33	 188	 iter
95	 6.342668e-33	 188	 done
