0	 4.654610e-33	 1	 init
0	 4.654610e-33	 1	 iter
1	 4.654610e-33	 17	 iter
2	 4.654610e-33	 19	 iter
3	 4.654610e-33	 21	 iter
4	 4.654610e-33	 23	 iter
5	 4.654610e-33	 25	 iter
6	 4.654610e-33	 27	 iter
7	 4.654610e-33	 29	 iter
8	 4.654610e-33	 30	 iter
9	 4.654610e-33	 32	 iter
10	 4.654610e-33	 34	 iter
11	 4.654610e-33	 36	 iter
12	 4.654610e-33	 38	 iter
13	 4.654610e-33	 40	 iter
14	 4.654610e-33	 42	 iter
15	 4.654610e-33	 44	 iter
16	 4.654610e-33	 46	 iter
17	 4.654610e-33	 48	 iter
18	 4.654610e-33	 50	 iter
19	 4.654610e-33	 52	 iter
20	 4.654610e-33	 54	 iter
21	 4.654610e-33	 55	 iter
22	 4.654610e-33	 57	 iter
23	 4.654610e-33	 59	 iter
24	 4.654610e-33	 61	 iter
25	 4.654610e-33	 63	 iter
26	 4.654610e-33	 65	 iter
27	 4.654610e-33	 67	 iter
28	 4.654610e-33	 69	 iter
29	 4.654610e-33	 71	 iter
30	 4.654610e-33	 73	 iter
31	 4.654610e-33	 74	 iter
32	 4.654610e-33	 76	 iter
33	 4.654610e-33	 78	 iter
34	 4.654610e-33	 80	 iter
35	 4.654610e-33	 81	 iter
36	 4.654610e-33	 83	 iter
37	 4.654610e-33	 85	 iter
38	 4.654610e-33	 87	 iter
39	 4.654610e-33	 89	 iter
40	 4.654610e-33	 91	 iter
41	 4.654610e-33	 92	 iter
42	 4.654610e-33	 94	 iter
43	 4.654610e-33	 96	 iter
44	 4.654610e-33	 98	 iter
45	 4.654610e-33	 100	 iter
46	 4.654610e-33	 102	 iter
47	 4.654610e-33	 103	 iter
48	 4.654610e-33	 105	 iter
49	 4.654610e-33	 106	 iter
50	 4.654610e-33	 108	 iter
51	 4.654610e-33	 109	 iter
52	 4.654610e-33	 111	 iter
53	 4.654610e-33	 112	 iter
54	 4.654610e-33	 114	 iter
55	 4.654610e-33	 116	 iter
56	 4.654610e-33	 118	 iter
57	 4.654610e-33	 120	 iter
58	 4.654610e-33	 122	 iter
59	 4.654610e-33	 124	 iter
60	 4.654610e-33	 126	 iter
61	 4.654610e-33	 128	 iter
62	 4.654610e-33	 130	 iter
63	 4.654610e-33	 132	 iter
64	 4.654610e-33	 134	 iter
65	 4.654610e-33	 136	 iter
66	 4.654610e-33	 137	 iter
67	 4.654610e-33	 138	 iter
68	 4.654610e-33	 139	 iter
69	 4.654610e-33	 141	 iter
70	 4.654610e-33	 143	 iter
71	 4.654610e-33	 145	 iter
72	 4.654610e-33	 147	 iter
73	 4.654610e-33	 149	 iter
74	 4.654610e-33	 151	 iter
75	 4.654610e-33	 153	 iter
76	 4.654610e-33	 155	 iter
77	 4.654610e-33	 157	 iter
78	 4.654610e-33	 159	 iter
79	 4.654610e-33	 160	 iter
80	 4.654610e-33	 161	 iter
81	 4.654610e-33	 163	 iter
82	 4.654610e-33	 165	 iter
83	 4.654610e-33	 167	 iter
84	 4.654610e-33	 169	 iter
85	 4.654610e-33	 170	 iter
86	 4.654610e-33	 172	 iter
87	 4.654610e-33	 173	 iter
88	 4.654610e-33	 175	 iter
89	 4.654610e-33	 176	 iter
90	 4.654610e-33	 177	 iter
91	 4.654610e-33	 178	 iter
92	 4.654610e-33	 180	 iter
93	 4.654610e-33	 181	 iter
94	 4.654610e-33	 183	 iter
95	 4.654610e-33	 185	 iter
96	 4.654610e-33	 187	 iter
97	 4.654610e-33	 188	 iter
98	 4.654610e-33	 190	 iter
99	 4.654610e-33	 191	 iter
100	 4.654610e-33	 192	 iter
101	 4.654610e-33	 194	 iter
102	 4.654610e-33	 196	 iter
103	 4.654610e-33	 197	 iter
104	 4.654610e-33	 199	 iter
105	 4.654610e-33	 200	 iter
106	 4.654610e-33	 202	 iter
107	 4.654610e-33	 204	 iter
108	 4.654610e-33	 205	 iter
109	 4.654610e-33	 207	 iter
110	 4.654610e-33	 208	 iter
111	 4.654610e-33	 209	 iter
112	 4.654610e-33	 211	 iter
113	 4.654610e-33	 213	 iter
114	 4.654610e-33	 214	 iter
115	 4.654610e-33	 215	 iter
116	 4.654610e-33	 216	 iter
117	 4.654610e-33	 217	 iter
118	 4.654610e-33	 219	 iter
119	 4.654610e-33	 221	 iter
120	 4.654610e-33	 222	 iter
121	 4.654610e-33	 223	 iter
122	 4.654610e-33	 225	 iter
123	 4.654610e-33	 227	 iter
124	 4.654610e-33	 229	 iter
125	 4.654610e-33	 230	 iter
126	 4.654610e-33	 232	 iter
127	 4.654610e-33	 233	 iter
128	 4.654610e-33	 234	 iter
129	 4.654610e-33	 235	 iter
130	 4.654610e-33	 237	 iter
131	 4.654610e-33	 238	 iter
132	 4.654610e-33	 240	 iter
133	 4.654610e-33	 241	 iter
134	 4.654610e-33	 242	 iter
135	 4.654610e-33	 243	 iter
136	 4.654610e-33	 245	 iter
137	 4.654610e-33	 247	 iter
138	 4.654610e-33	 249	 iter
139	 4.654610e-33	 251	 iter
140	 4.654610e-33	 253	 iter
141	 4.654610e-33	 254	 iter
142	 4.654610e-33	 256	 iter
143	 4.654610e-33	 257	 iter
144	 4.654610e-33	 259	 iter
145	 4.654610e-33	 260	 iter
146	 4.654610e-33	 262	 iter
147	 4.654610e-33	 264	 iter
148	 4.654610e-33	 266	 iter
149	 4.654610e-33	 267	 iter
150	 4.654610e-33	 269	 iter
151	 4.654610e-33	 271	 iter
152	 4.654610e-33	 272	 iter
153	 4.654610e-33	 273	 iter
154	 4.654610e-33	 274	 iter
155	 4.654610e-33	 275	 iter
156	 4.654610e-33	 276	 iter
157	 4.654610e-33	 277	 iter
158	 4.654610e-33	 278	 iter
159	 4.654610e-33	 279	 iter
160	 4.654610e-33	 280	 iter
161	 4.654610e-33	 281	 iter
162	 4.654610e-33	 282	 iter
163	 4.654610e-33	 284	 iter
164	 4.654610e-33	 285	 iter
165	 4.654610e-33	 286	 iter
166	 4.654610e-33	 287	 iter
167	 4.654610e-33	 288	 iter
168	 4.654610e-33	 289	 iter
169	 4.654610e-33	 290	 iter
169	 4.654610e-33	 290	 done
