0	 4.428028e-33	 1	 init
0	 4.428028e-33	 1	 iter
1	 4.428028e-33	 17	 iter
2	 4.428028e-33	 19	 iter
3	 4.428028e-33	 21	 iter
4	 4.428028e-33	 23	 iter
5	 4.428028e-33	 25	 iter
6	 4.428028e-33	 27	 iter
7	 4.428028e-33	 29	 iter
8	 4.428028e-33	 30	 iter
9	 4.428028e-33	 32	 iter
10	 4.428028e-33	 34	 iter
11	 4.428028e-33	 36	 iter
12	 4.428028e-33	 38	 iter
13	 4.428028e-33	 40	 iter
14	 4.428028e-33	 42	 iter
15	 4.428028e-33	 44	 iter
16	 4.428028e-33	 46	 iter
17	 4.428028e-33	 48	 iter
18	 4.428028e-33	 50	 iter
19	 4.428028e-33	 52	 iter
20	 4.428028e-33	 53	 iter
21	 4.428028e-33	 55	 iter
22	 4.428028e-33	 57	 iter
23	 4.428028e-33	 59	 iter
24	 4.428028e-33	 61	 iter
25	 4.428028e-33	 63	 iter
26	 4.428028e-33	 65	 iter
27	 4.428028e-33	 67	 iter
28	 4.428028e-33	 68	 iter
29	 4.428028e-33	 70	 iter
30	 4.428028e-33	 72	 iter
31	 4.428028e-33	 74	 iter
32	 4.428028e-33	 76	 iter
33	 4.428028e-33	 78	 iter
34	 4.428028e-33	 79	 iter
35	 4.428028e-33	 81	 iter
36	 4.428028e-33	 83	 iter
37	 4.428028e-33	 85	 iter
38	 4.428028e-33	 87	 iter
39	 4.428028e-33	 89	 iter
40	 4.428028e-33	 91	 iter
41	 4.428028e-33	 93	 iter
42	 4.428028e-33	 95	 iter
43	 4.428028e-33	 96	 iter
44	 4.428028e-33	 97	 iter
45	 4.428028e-33	 99	 iter
46	 4.428028e-33	 101	 iter
47	 4.428028e-33	 102	 iter
48	 4.428028e-33	 104	 iter
49	 4.428028e-33	 106	 iter
50	 4.428028e-33	 108	 iter
51	 4.428028e-33	 110	 iter
52	 4.428028e-33	 111	 iter
53	 4.428028e-33	 112	 iter
54	 4.428028e-33	 114	 iter
55	 4.428028e-33	 115	 iter
56	 4.428028e-33	 116	 iter
57	 4.428028e-33	 118	 iter
58	 4.428028e-33	 120	 iter
59	 4.428028e-33	 121	 iter
60	 4.428028e-33	 123	 iter
61	 4.428028e-33	 125	 iter
62	 4.428028e-33	 126	 iter
63	 4.428028e-33	 127	 iter
64	 4.428028e-33	 129	 iter
65	 4.428028e-33	 131	 iter
66	 4.428028e-33	 132	 iter
67	 4.428028e-33	 134	 iter
68	 4.428028e-33	 136	 iter
69	 4.428028e-33	 137	 iter
70	 4.428028e-33	 138	 iter
71	 4.428028e-33	 139	 iter
72	 4.428028e-33	 141	 iter
73	 4.428028e-33	 143	 iter
74	 4.428028e-33	 145	 iter
75	 4.428028e-33	 147	 iter
76	 4.428028e-33	 149	 iter
77	 4.428028e-33	 151	 iter
78	 4.428028e-33	 153	 iter
79	 4.428028e-33	 155	 iter
80	 4.428028e-33	 156	 iter
81	 4.428028e-33	 158	 iter
82	 4.428028e-33	 160	 iter
83	 4.428028e-33	 161	 iter
84	 4.428028e-33	 163	 iter
85	 4.428028e-33	 165	 iter
86	 4.428028e-33	 167	 iter
87	 4.428028e-33	 169	 iter
88	 4.428028e-33	 171	 iter
89	 4.428028e-33	 172	 iter
90	 4.428028e-33	 173	 iter
91	 4.428028e-33	 175	 iter
92	 4.428028e-33	 177	 iter
93	 4.428028e-33	 178	 iter
94	 4.428028e-33	 179	 iter
95	 4.428028e-33	 181	 iter
96	 4.428028e-33	 183	 iter
97	 4.428028e-33	 185	 iter
98	 4.428028e-33	 187	 iter
99	 4.428028e-33	 189	 iter
100	 4.428028e-33	 190	 iter
101	 4.428028e-33	 192	 iter
102	 4.428028e-33	 194	 iter
103	 4.428028e-33	 195	 iter
104	 4.428028e-33	 197	 iter
105	 4.428028e-33	 198	 iter
106	 4.428028e-33	 200	 iter
107	 4.428028e-33	 201	 iter
108	 4.428028e-33	 203	 iter
109	 4.428028e-33	 205	 iter
110	 4.428028e-33	 206	 iter
111	 4.428028e-33	 207	 iter
112	 4.428028e-33	 208	 iter
113	 4.428028e-33	 210	 iter
114	 4.428028e-33	 212	 iter
115	 4.428028e-33	 213	 iter
116	 4.428028e-33	 214	 iter
117	 4.428028e-33	 216	 iter
118	 4.428028e-33	 218	 iter
119	 4.428028e-33	 220	 iter
120	 4.428028e-33	 222	 iter
121	 4.428028e-33	 224	 iter
122	 4.428028e-33	 225	 iter
123	 4.428028e-33	 227	 iter
124	 4.428028e-33	 229	 iter
125	 4.428028e-33	 231	 iter
126	 4.428028e-33	 232	 iter
126	 4.428028e-33	 232	 done
