0	 2.378883e-33	 1	 init
0	 2.378883e-33	 1	 iter
1	 2.378883e-33	 17	 iter
2	 2.378883e-33	 19	 iter
3	 2.378883e-33	 20	 iter
4	 2.378883e-33	 22	 iter
5	 2.378883e-33	 24	 iter
6	 2.378883e-33	 26	 iter
7	 2.378883e-33	 28	 iter
8	 2.378883e-33	 30	 iter
9	 2.378883e-33	 31	 iter
10	 2.378883e-33	 33	 iter
11	 2.378883e-33	 35	 iter
12	 2.378883e-33	 37	 iter
13	 2.378883e-33	 39	 iter
14	 2.378883e-33	 41	 iter
15	 2.378883e-33	 43	 iter
16	 2.378883e-33	 45	 iter
17	 2.378883e-33	 47	 iter
18	 2.378883e-33	 49	 iter
19	 2.378883e-33	 51	 iter
20	 2.378883e-33	 53	 iter
21	 2.378883e-33	 55	 iter
22	 2.378883e-33	 57	 iter
23	 2.378883e-33	 59	 iter
24	 2.378883e-33	 61	 iter
25	 2.378883e-33	 63	 iter
26	 2.378883e-33	 65	 iter
27	 2.378883e-33	 67	 iter
28	 2.378883e-33	 69	 iter
29	 2.378883e-33	 71	 iter
30	 2.378883e-33	 73	 iter
31	 2.378883e-33	 75	 iter
32	 2.378883e-33	 77	 iter
33	 2.378883e-33	 79	 iter
34	 2.378883e-33	 81	 iter
35	 2.378883e-33	 83	 iter
36	 2.378883e-33	 85	 iter
37	 2.378883e-33	 87	 iter
38	 2.378883e-33	 89	 iter
39	 2.378883e-33	 91	 iter
40	 2.378883e-33	 93	 iter
41	 2.378883e-33	 95	 iter
42	 2.378883e-33	 97	 iter
43	 2.378883e-33	 99	 iter
44	 2.378883e-33	 101	 iter
45	 2.378883e-33	 103	 iter
46	 2.378883e-33	 104	 iter
47	 2.378883e-33	 106	 iter
48	 2.378883e-33	 108	 iter
49	 2.378883e-33	 109	 iter
50	 2.378883e-33	 111	 iter
51	 2.378883e-33	 113	 iter
52	 2.378883e-33	 115	 iter
53	 2.378883e-33	 117	 iter
54	 2.378883e-33	 118	 iter
55	 2.378883e-33	 120	 iter
56	 2.378883e-33	 122	 iter
57	 2.378883e-33	 123	 iter
58	 2.378883e-33	 125	 iter
59	 2.378883e-33	 127	 iter
60	 2.378883e-33	 129	 iter
61	 2.378883e-33	 131	 iter
62	 2.378883e-33	 133	 iter
63	 2.378883e-33	 135	 iter
64	 2.378883e-33	 137	 iter
65	 2.378883e-33	 138	 iter
66	 2.378883e-33	 140	 iter
67	 2.378883e-33	 142	 iter
68	 2.378883e-33	 144	 iter
69	 2.378883e-33	 145	 iter
70	 2.378883e-33	 147	 iter
71	 2.378883e-33	 148	 iter
72	 2.378883e-33	 150	 iter
73	 2.378883e-33	 152	 iter
74	 2.378883e-33	 154	 iter
75	 2.378883e-33	 156	 iter
76	 2.378883e-33	 158	 iter
77	 2.378883e-33	 160	 iter
78	 2.378883e-33	 161	 iter
79	 2.378883e-33	 163	 iter
80	 2.378883e-33	 164	 iter
81	 2.378883e-33	 166	 iter
82	 2.378883e-33	 167	 iter
83	 2.378883e-33	 169	 iter
84	 2.378883e-33	 171	 iter
85	 2.378883e-33	 173	 iter
86	 2.378883e-33	 174	 iter
87	 2.378883e-33	 176	 iter
88	 2.378883e-33	 177	 iter
89	 2.378883e-33	 179	 iter
90	 2.378883e-33	 181	 iter
91	 2.378883e-33	 182	 iter
92	 2.378883e-33	 184	 iter
93	 2.378883e-33	 185	 iter
94	 2.378883e-33	 186	 iter
95	 2.378883e-33	 187	 iter
96	 2.378883e-33	 188	 iter
97	 2.378883e-33	 189	 iter
98	 2.378883e-33	 191	 iter
99	 2.378883e-33	 192	 iter
100	 2.378883e-33	 194	 iter
101	 2.378883e-33	 196	 iter
102	 2.378883e-33	 197	 iter
103	 2.378883e-33	 199	 iter
104	 2.378883e-33	 200	 iter
105	 2.378883e-33	 202	 iter
106	 2.378883e-33	 203	 iter
107	 2.378883e-33	 205	 iter
108	 2.378883e-33	 207	 iter
109	 2.378883e-33	 209	 iter
110	 2.378883e-33	 210	 iter
111	 2.378883e-33	 211	 iter
112	 2.378883e-33	 213	 iter
113	 2.378883e-33	 214	 iter
114	 2.378883e-33	 216	 iter
115	 2.378883e-33	 217	 iter
116	 2.378883e-33	 219	 iter
117	 2.378883e-33	 221	 iter
118	 2.378883e-33	 222	 iter
119	 2.378883e-33	 224	 iter
120	 2.378883e-33	 225	 iter
121	 2.378883e-33	 226	 iter
122	 2.378883e-33	 227	 iter
123	 2.378883e-33	 228	 iter
124	 2.378883e-33	 229	 iter
125	 2.378883e-33	 231	 iter
126	 2.378883e-33	 232	 iter
127	 2.378883e-33	 233	 iter
128	 2.378883e-33	 234	 iter
129	 2.378883e-33	 235	 iter
130	 2.378883e-33	 236	 iter
131	 2.378883e-33	 237	 iter
132	 2.378883e-33	 238	 iter
133	 2.378883e-33	 239	 iter
134	 2.378883e-33	 241	 iter
135	 2.378883e-33	 243	 iter
136	 2.378883e-33	 245	 iter
137	 2.378883e-33	 246	 iter
138	 2.378883e-33	 247	 iter
139	 2.378883e-33	 248	 iter
140	 2.378883e-33	 249	 iter
141	 2.378883e-33	 250	 iter
142	 2.378883e-33	 252	 iter
143	 2.378883e-33	 253	 iter
144	 2.378883e-33	 255	 iter
145	 2.378883e-33	 257	 iter
146	 2.378883e-33	 259	 iter
147	 2.378883e-33	 261	 iter
148	 2.378883e-33	 263	 iter
149	 2.378883e-33	 265	 iter
150	 2.378883e-33	 266	 iter
151	 2.378883e-33	 267	 iter
152	 2.378883e-33	 269	 iter
153	 2.378883e-33	 270	 iter
154	 2.378883e-33	 271	 iter
155	 2.378883e-33	 272	 iter
156	 2.378883e-33	 273	 iter
157	 2.378883e-33	 274	 iter
158	 2.378883e-33	 276	 iter
158	 2.378883e-33	 276	 done
