0	 9.086284e-04	 1	 init
0	 9.086284e-04	 1	 iter
1	 7.974766e-04	 17	 iter
2	 7.974766e-04	 18	 iter
3	 7.974766e-04	 19	 iter
4	 7.974766e-04	 20	 iter
5	 7.974766e-04	 21	 iter
6	 7.712020e-04	 23	 iter
7	 7.712020e-04	 24	 iter
8	 7.712020e-04	 25	 iter
9	 7.712020e-04	 26	 iter
10	 7.712020e-04	 27	 iter
11	 7.712020e-04	 28	 iter
12	 7.712020e-04	 29	 iter
13	 7.712020e-04	 30	 iter
14	 7.712020e-04	 31	 iter
15	 7.712020e-04	 32	 iter
16	 7.712020e-04	 34	 iter
17	 7.712020e-04	 36	 iter
18	 7.712020e-04	 37	 iter
19	 7.712020e-04	 39	 iter
20	 7.712020e-04	 41	 iter
21	 7.712020e-04	 43	 iter
22	 7.712020e-04	 44	 iter
23	 7.712020e-04	 45	 iter
24	 7.712020e-04	 47	 iter
25	 7.712020e-04	 49	 iter
26	 7.712020e-04	 50	 iter
27	 7.712020e-04	 51	 iter
28	 7.712020e-04	 52	 iter
29	 7.712020e-04	 53	 iter
30	 7.712020e-04	 54	 iter
31	 7.712020e-04	 55	 iter
32	 7.712020e-04	 56	 iter
33	 7.712020e-04	 58	 iter
34	 7.712020e-04	 59	 iter
35	 7.712020e-04	 61	 iter
36	 7.710551e-04	 63	 iter
37	 7.710551e-04	 65	 iter
38	 7.710551e-04	 66	 iter
39	 7.710551e-04	 68	 iter
40	 7.708880e-04	 70	 iter
41	 7.708615e-04	 72	 iter
42	 7.708615e-04	 73	 iter
43	 7.682409e-04	 75	 iter
44	 7.682409e-04	 76	 iter
45	 7.682409e-04	 78	 iter
46	 7.682409e-04	 80	 iter
47	 7.682409e-04	 81	 iter
48	 7.651071e-04	 83	 iter
49	 7.651071e-04	 85	 iter
50	 7.651071e-04	 86	 iter
51	 7.651071e-04	 87	 iter
52	 7.651071e-04	 88	 iter
53	 7.651071e-04	 90	 iter
54	 7.590854e-04	 92	 iter
55	 7.590854e-04	 93	 iter
56	 7.590854e-04	 94	 iter
57	 7.590854e-04	 96	 iter
58	 7.590854e-04	 98	 iter
59	 7.590854e-04	 99	 iter
60	 7.590854e-04	 100	 iter
61	 7.590854e-04	 101	 iter
62	 7.590854e-04	 102	 iter
63	 7.572023e-04	 104	 iter
64	 7.572023e-04	 105	 iter
65	 7.572023e-04	 107	 iter
66	 7.572023e-04	 108	 iter
67	 7.572023e-04	 109	 iter
68	 7.542286e-04	 111	 iter
69	 7.542286e-04	 112	 iter
70	 7.542286e-04	 113	 iter
71	 7.542286e-04	 114	 iter
72	 7.542286e-04	 115	 iter
73	 7.542286e-04	 116	 iter
74	 7.542286e-04	 117	 iter
75	 7.476103e-04	 119	 iter
76	 7.476103e-04	 120	 iter
77	 7.476103e-04	 121	 iter
78	 7.476103e-04	 122	 iter
79	 7.368259e-04	 124	 iter
80	 7.368259e-04	 125	 iter
81	 7.368259e-04	 126	 iter
82	 7.368259e-04	 127	 iter
83	 7.368259e-04	 128	 iter
84	 7.368259e-04	 129	 iter
85	 7.368259e-04	 130	 iter
86	 7.368259e-04	 131	 iter
87	 7.278375e-04	 133	 iter
88	 7.278375e-04	 134	 iter
89	 7.278375e-04	 135	 iter
90	 7.278375e-04	 136	 iter
91	 7.278375e-04	 137	 iter
92	 7.144731e-04	 139	 iter
93	 7.144731e-04	 140	 iter
94	 7.144731e-04	 141	 iter
95	 7.144731e-04	 142	 iter
96	 7.144731e-04	 143	 iter
97	 7.144731e-04	 144	 iter
98	 7.144731e-04	 145	 iter
99	 7.144731e-04	 146	 iter
100	 7.144731e-04	 147	 iter
101	 7.144731e-04	 148	 iter
102	 6.999307e-04	 150	 iter
103	 6.999307e-04	 151	 iter
104	 6.999307e-04	 152	 iter
105	 6.999307e-04	 153	 iter
106	 6.999307e-04	 154	 iter
107	 6.999307e-04	 155	 iter
108	 6.879205e-04	 157	 iter
109	 6.879205e-04	 158	 iter
110	 6.879205e-04	 159	 iter
111	 6.879205e-04	 160	 iter
112	 6.879205e-04	 161	 iter
113	 6.879205e-04	 162	 iter
114	 6.688719e-04	 164	 iter
115	 6.688719e-04	 165	 iter
116	 6.688719e-04	 166	 iter
117	 6.688719e-04	 167	 iter
118	 6.688719e-04	 168	 iter
119	 6.688719e-04	 169	 iter
120	 6.688719e-04	 170	 iter
121	 6.570698e-04	 172	 iter
122	 6.570698e-04	 173	 iter
123	 6.379369e-04	 175	 iter
124	 6.379369e-04	 176	 iter
125	 6.379369e-04	 177	 iter
126	 6.379369e-04	 178	 iter
127	 6.379369e-04	 179	 iter
128	 6.379369e-04	 180	 iter
129	 6.379369e-04	 181	 iter
130	 6.379369e-04	 182	 iter
131	 6.379369e-04	 183	 iter
132	 6.373213e-04	 185	 iter
133	 6.030387e-04	 187	 iter
134	 6.030387e-04	 188	 iter
135	 6.030387e-04	 189	 iter
136	 6.030387e-04	 190	 iter
137	 6.030387e-04	 191	 iter
138	 6.030387e-04	 192	 iter
139	 6.030387e-04	 193	 iter
140	 6.030387e-04	 194	 iter
141	 6.030387e-04	 195	 iter
142	 6.030387e-04	 196	 iter
143	 5.828430e-04	 198	 iter
144	 5.828430e-04	 199	 iter
145	 5.828430e-04	 200	 iter
146	 5.828430e-04	 201	 iter
147	 5.828430e-04	 202	 iter
148	 5.828430e-04	 203	 iter
149	 5.828430e-04	 204	 iter
150	 5.828430e-04	 205	 iter
151	 5.828430e-04	 206	 iter
152	 5.828430e-04	 207	 iter
153	 5.828430e-04	 208	 iter
154	 5.828430e-04	 209	 iter
155	 5.747070e-04	 211	 iter
156	 5.747070e-04	 212	 iter
157	 5.747070e-04	 213	 iter
158	 5.747070e-04	 214	 iter
159	 5.747070e-04	 215	 iter
160	 5.747070e-04	 216	 iter
161	 5.479312e-04	 218	 iter
162	 5.479312e-04	 219	 iter
163	 5.479312e-04	 220	 iter
164	 5.479312e-04	 221	 iter
165	 5.479312e-04	 222	 iter
166	 5.479312e-04	 223	 iter
167	 5.479312e-04	 224	 iter
168	 5.479312e-04	 225	 iter
169	 5.479312e-04	 226	 iter
170	 5.479312e-04	 227	 iter
171	 5.479312e-04	 228	 iter
172	 5.479312e-04	 229	 iter
173	 5.381230e-04	 231	 iter
174	 5.381230e-04	 232	 iter
175	 5.381230e-04	 233	 iter
176	 5.381230e-04	 234	 iter
177	 5.381230e-04	 235	 iter
178	 5.381230e-04	 236	 iter
179	 5.381230e-04	 237	 iter
180	 5.381230e-04	 238	 iter
181	 5.381230e-04	 239	 iter
182	 5.148297e-04	 241	 iter
183	 5.148297e-04	 242	 iter
184	 5.148297e-04	 243	 iter
185	 5.148297e-04	 244	 iter
186	 5.148297e-04	 245	 iter
187	 5.148297e-04	 246	 iter
188	 5.148297e-04	 247	 iter
189	 5.148297e-04	 248	 iter
190	 5.148297e-04	 249	 iter
191	 5.148297e-04	 250	 iter
192	 5.148297e-04	 251	 iter
193	 5.148297e-04	 253	 iter
194	 5.148297e-04	 254	 iter
195	 5.148297e-04	 255	 iter
196	 5.148297e-04	 256	 iter
197	 5.148297e-04	 257	 iter
198	 5.148297e-04	 258	 iter
199	 5.148297e-04	 259	 iter
200	 5.148297e-04	 260	 iter
201	 5.141661e-04	 262	 iter
202	 5.141661e-04	 264	 iter
203	 5.141661e-04	 265	 iter
204	 5.077740e-04	 267	 iter
205	 5.077740e-04	 268	 iter
206	 5.061573e-04	 270	 iter
207	 5.061573e-04	 271	 iter
208	 5.061573e-04	 272	 iter
209	 5.061573e-04	 273	 iter
210	 5.061573e-04	 274	 iter
211	 5.061573e-04	 275	 iter
212	 5.061573e-04	 276	 iter
213	 5.061573e-04	 277	 iter
214	 5.061573e-04	 279	 iter
215	 5.061573e-04	 280	 iter
216	 5.061573e-04	 281	 iter
217	 5.033114e-04	 283	 iter
218	 5.033114e-04	 285	 iter
219	 5.017621e-04	 287	 iter
220	 5.017621e-04	 288	 iter
221	 5.017621e-04	 289	 iter
222	 5.017621e-04	 290	 iter
223	 5.017621e-04	 291	 iter
224	 4.812560e-04	 293	 iter
225	 4.812560e-04	 294	 iter
226	 4.812560e-04	 295	 iter
227	 4.812560e-04	 296	 iter
228	 4.812560e-04	 297	 iter
229	 4.812560e-04	 298	 iter
230	 4.812560e-04	 299	 iter
231	 4.812560e-04	 300	 iter
232	 4.812560e-04	 301	 iter
233	 4.812560e-04	 302	 iter
234	 4.812560e-04	 303	 iter
235	 4.812560e-04	 304	 iter
236	 4.773515e-04	 306	 iter
237	 4.773515e-04	 307	 iter
238	 4.773515e-04	 308	 iter
239	 4.773515e-04	 310	 iter
240	 4.773515e-04	 311	 iter
241	 4.773515e-04	 312	 iter
242	 4.506104e-04	 314	 iter
243	 4.506104e-04	 315	 iter
244	 4.506104e-04	 316	 iter
245	 4.506104e-04	 317	 iter
246	 4.506104e-04	 318	 iter
247	 4.506104e-04	 319	 iter
248	 4.506104e-04	 320	 iter
249	 4.506104e-04	 321	 iter
250	 4.506104e-04	 322	 iter
251	 4.506104e-04	 323	 iter
252	 4.506104e-04	 324	 iter
253	 4.506104e-04	 325	 iter
254	 4.506104e-04	 326	 iter
255	 4.431909e-04	 328	 iter
256	 4.431909e-04	 329	 iter
257	 4.431909e-04	 330	 iter
258	 4.128410e-04	 332	 iter
259	 4.128410e-04	 333	 iter
260	 4.128410e-04	 334	 iter
261	 4.128410e-04	 335	 iter
262	 4.128410e-04	 336	 iter
263	 4.128410e-04	 337	 iter
264	 4.128410e-04	 338	 iter
265	 4.128410e-04	 339	 iter
266	 4.128410e-04	 340	 iter
267	 4.128410e-04	 341	 iter
268	 4.062991e-04	 343	 iter
269	 4.062991e-04	 344	 iter
270	 4.062478e-04	 346	 iter
271	 4.062478e-04	 347	 iter
272	 4.062478e-04	 348	 iter
273	 3.776233e-04	 350	 iter
274	 3.776233e-04	 351	 iter
275	 3.776233e-04	 352	 iter
276	 3.776233e-04	 353	 iter
277	 3.776233e-04	 354	 iter
278	 3.776233e-04	 355	 iter
279	 3.700067e-04	 357	 iter
280	 3.694118e-04	 359	 iter
281	 3.682344e-04	 361	 iter
282	 3.544920e-04	 363	 iter
283	 3.544920e-04	 364	 iter
284	 3.544920e-04	 365	 iter
285	 3.544920e-04	 366	 iter
286	 3.544920e-04	 367	 iter
287	 3.496860e-04	 369	 iter
288	 3.496860e-04	 370	 iter
289	 3.381843e-04	 372	 iter
290	 3.298481e-04	 374	 iter
291	 3.298481e-04	 375	 iter
292	 3.298481e-04	 376	 iter
293	 3.298481e-04	 377	 iter
294	 3.298481e-04	 378	 iter
295	 3.298481e-04	 379	 iter
296	 3.298481e-04	 381	 iter
297	 3.205869e-04	 383	 iter
298	 3.205869e-04	 384	 iter
299	 3.205869e-04	 385	 iter
300	 3.205869e-04	 386	 iter
301	 3.205869e-04	 387	 iter
302	 3.078339e-04	 389	 iter
303	 3.078339e-04	 390	 iter
304	 3.078339e-04	 392	 iter
305	 3.078339e-04	 393	 iter
306	 3.078339e-04	 395	 iter
307	 3.078339e-04	 396	 iter
308	 3.078339e-04	 398	 iter
309	 3.078339e-04	 400	 iter
310	 3.078339e-04	 401	 iter
311	 3.078339e-04	 402	 iter
312	 3.067499e-04	 404	 iter
313	 3.067499e-04	 406	 iter
314	 3.067499e-04	 407	 iter
315	 3.067499e-04	 408	 iter
316	 3.067499e-04	 409	 iter
317	 3.067499e-04	 410	 iter
318	 3.017057e-04	 412	 iter
319	 3.017057e-04	 413	 iter
320	 3.017057e-04	 414	 iter
321	 2.927785e-04	 416	 iter
322	 2.927785e-04	 417	 iter
323	 2.927785e-04	 418	 iter
324	 2.927785e-04	 419	 iter
325	 2.927785e-04	 420	 iter
326	 2.841730e-04	 422	 iter
327	 2.841730e-04	 423	 iter
328	 2.841730e-04	 424	 iter
329	 2.830641e-04	 426	 iter
330	 2.808547e-04	 428	 iter
331	 2.808547e-04	 429	 iter
332	 2.808547e-04	 430	 iter
333	 2.808547e-04	 431	 iter
334	 2.808547e-04	 432	 iter
335	 2.808547e-04	 434	 iter
336	 2.808547e-04	 435	 iter
337	 2.808547e-04	 436	 iter
338	 2.808547e-04	 437	 iter
339	 2.808547e-04	 438	 iter
340	 2.808547e-04	 439	 iter
341	 2.808547e-04	 440	 iter
342	 2.649322e-04	 442	 iter
343	 2.408798e-04	 444	 iter
344	 2.408798e-04	 445	 iter
345	 2.408798e-04	 447	 iter
346	 2.408798e-04	 448	 iter
347	 2.408798e-04	 449	 iter
348	 2.408798e-04	 450	 iter
349	 2.408798e-04	 451	 iter
350	 2.408798e-04	 453	 iter
351	 2.408798e-04	 455	 iter
352	 2.408798e-04	 456	 iter
353	 2.408798e-04	 457	 iter
354	 2.408798e-04	 458	 iter
355	 2.408798e-04	 459	 iter
356	 2.408798e-04	 460	 iter
357	 2.408798e-04	 461	 iter
358	 2.408798e-04	 462	 iter
359	 2.408798e-04	 463	 iter
360	 2.408798e-04	 464	 iter
361	 2.377329e-04	 466	 iter
362	 2.377329e-04	 467	 iter
363	 2.377329e-04	 468	 iter
364	 2.377329e-04	 469	 iter
365	 2.377329e-04	 470	 iter
366	 2.377329e-04	 471	 iter
367	 2.377329e-04	 472	 iter
368	 2.315079e-04	 474	 iter
369	 2.315079e-04	 475	 iter
370	 2.315079e-04	 476	 iter
371	 2.289484e-04	 478	 iter
372	 2.289484e-04	 480	 iter
373	 2.224603e-04	 482	 iter
374	 2.224603e-04	 483	 iter
375	 2.224603e-04	 484	 iter
376	 2.224603e-04	 485	 iter
377	 2.224603e-04	 486	 iter
378	 2.224603e-04	 487	 iter
379	 2.224603e-04	 488	 iter
380	 2.224603e-04	 489	 iter
381	 2.224603e-04	 490	 iter
382	 2.224603e-04	 492	 iter
383	 2.224603e-04	 494	 iter
384	 2.224603e-04	 495	 iter
385	 2.188899e-04	 497	 iter
386	 2.161720e-04	 499	 iter
387	 2.161720e-04	 500	 iter
388	 2.161720e-04	 502	 iter
389	 2.161720e-04	 503	 iter
390	 2.161720e-04	 504	 iter
391	 2.161720e-04	 505	 iter
392	 2.161720e-04	 507	 iter
393	 2.161720e-04	 508	 iter
394	 2.105009e-04	 510	 iter
395	 2.105009e-04	 512	 iter
396	 2.105009e-04	 513	 iter
397	 2.105009e-04	 514	 iter
398	 2.105009e-04	 515	 iter
399	 2.105009e-04	 516	 iter
400	 2.105009e-04	 517	 iter
401	 2.105009e-04	 518	 iter
402	 2.105009e-04	 519	 iter
403	 2.105009e-04	 520	 iter
404	 2.089053e-04	 522	 iter
405	 2.089053e-04	 523	 iter
406	 2.089053e-04	 524	 iter
407	 2.089053e-04	 525	 iter
408	 2.089053e-04	 526	 iter
409	 2.089053e-04	 527	 iter
410	 2.089053e-04	 528	 iter
411	 2.089053e-04	 529	 iter
412	 2.089053e-04	 530	 iter
413	 2.089053e-04	 532	 iter
414	 2.089053e-04	 534	 iter
415	 2.051628e-04	 536	 iter
416	 2.051628e-04	 537	 iter
417	 2.051628e-04	 539	 iter
418	 2.051628e-04	 540	 iter
419	 2.039027e-04	 542	 iter
420	 2.039027e-04	 544	 iter
421	 2.039027e-04	 546	 iter
422	 2.039027e-04	 547	 iter
423	 2.039027e-04	 549	 iter
424	 2.039027e-04	 550	 iter
425	 2.039027e-04	 551	 iter
426	 2.039027e-04	 553	 iter
427	 2.039027e-04	 554	 iter
428	 2.039027e-04	 555	 iter
429	 2.039027e-04	 557	 iter
430	 2.039027e-04	 559	 iter
431	 2.039027e-04	 561	 iter
432	 2.039027e-04	 562	 iter
433	 2.039027e-04	 563	 iter
434	 2.039027e-04	 564	 iter
435	 2.028473e-04	 566	 iter
436	 2.028473e-04	 568	 iter
437	 2.028473e-04	 569	 iter
438	 2.028473e-04	 570	 iter
439	 2.028473e-04	 571	 iter
440	 2.028473e-04	 572	 iter
441	 2.028473e-04	 573	 iter
442	 2.028473e-04	 574	 iter
443	 2.028473e-04	 576	 iter
444	 2.022588e-04	 578	 iter
445	 2.022588e-04	 579	 iter
446	 2.022588e-04	 580	 iter
447	 2.022588e-04	 581	 iter
448	 2.022588e-04	 582	 iter
449	 2.022588e-04	 583	 iter
450	 2.015149e-04	 585	 iter
451	 2.015149e-04	 586	 iter
452	 2.015149e-04	 587	 iter
453	 2.009259e-04	 589	 iter
454	 2.009259e-04	 591	 iter
455	 2.009259e-04	 592	 iter
456	 2.009259e-04	 594	 iter
457	 2.009259e-04	 596	 iter
458	 2.009259e-04	 597	 iter
459	 2.009259e-04	 598	 iter
460	 2.009259e-04	 599	 iter
461	 2.009259e-04	 600	 iter
462	 2.009259e-04	 601	 iter
463	 2.009259e-04	 603	 iter
464	 2.009259e-04	 605	 iter
465	 2.009259e-04	 607	 iter
466	 2.005411e-04	 609	 iter
467	 2.005411e-04	 611	 iter
468	 1.994143e-04	 613	 iter
469	 1.994143e-04	 614	 iter
470	 1.994143e-04	 615	 iter
471	 1.994143e-04	 616	 iter
472	 1.994143e-04	 618	 iter
473	 1.994143e-04	 619	 iter
474	 1.994143e-04	 620	 iter
475	 1.994143e-04	 621	 iter
476	 1.994143e-04	 622	 iter
477	 1.994143e-04	 623	 iter
478	 1.994143e-04	 624	 iter
479	 1.989213e-04	 626	 iter
480	 1.989213e-04	 627	 iter
481	 1.988636e-04	 629	 iter
482	 1.975657e-04	 631	 iter
483	 1.975657e-04	 632	 iter
484	 1.975657e-04	 633	 iter
485	 1.975657e-04	 634	 iter
486	 1.975657e-04	 636	 iter
487	 1.975657e-04	 637	 iter
488	 1.975657e-04	 639	 iter
489	 1.975657e-04	 640	 iter
490	 1.975657e-04	 641	 iter
491	 1.975657e-04	 642	 iter
492	 1.975657e-04	 644	 iter
493	 1.965451e-04	 646	 iter
494	 1.965451e-04	 647	 iter
495	 1.965451e-04	 648	 iter
496	 1.965451e-04	 649	 iter
497	 1.965451e-04	 650	 iter
498	 1.965451e-04	 651	 iter
499	 1.965451e-04	 652	 iter
500	 1.965451e-04	 653	 iter
501	 1.965451e-04	 654	 iter
502	 1.965451e-04	 655	 iter
503	 1.965451e-04	 656	 iter
504	 1.965451e-04	 657	 iter
505	 1.965451e-04	 658	 iter
506	 1.937623e-04	 660	 iter
507	 1.937623e-04	 661	 iter
508	 1.937623e-04	 662	 iter
509	 1.937623e-04	 663	 iter
510	 1.937623e-04	 664	 iter
511	 1.937623e-04	 665	 iter
512	 1.937623e-04	 666	 iter
513	 1.937623e-04	 667	 iter
514	 1.937623e-04	 668	 iter
515	 1.937623e-04	 669	 iter
516	 1.937623e-04	 670	 iter
517	 1.937623e-04	 671	 iter
518	 1.937623e-04	 672	 iter
519	 1.936752e-04	 674	 iter
520	 1.936752e-04	 675	 iter
521	 1.919619e-04	 677	 iter
522	 1.919619e-04	 678	 iter
523	 1.919619e-04	 679	 iter
524	 1.919619e-04	 680	 iter
525	 1.919619e-04	 681	 iter
526	 1.919619e-04	 682	 iter
527	 1.919619e-04	 683	 iter
528	 1.919619e-04	 684	 iter
529	 1.900560e-04	 686	 iter
530	 1.900560e-04	 687	 iter
531	 1.900560e-04	 688	 iter
532	 1.900560e-04	 689	 iter
533	 1.900560e-04	 690	 iter
534	 1.900560e-04	 691	 iter
535	 1.900560e-04	 692	 iter
536	 1.900560e-04	 693	 iter
537	 1.900135e-04	 695	 iter
538	 1.900135e-04	 696	 iter
539	 1.877913e-04	 698	 iter
540	 1.877913e-04	 699	 iter
541	 1.877913e-04	 700	 iter
542	 1.877913e-04	 701	 iter
543	 1.877913e-04	 702	 iter
544	 1.877913e-04	 703	 iter
545	 1.877913e-04	 704	 iter
546	 1.871993e-04	 706	 iter
547	 1.871993e-04	 707	 iter
548	 1.871993e-04	 708	 iter
549	 1.851831e-04	 710	 iter
550	 1.851831e-04	 711	 iter
551	 1.851831e-04	 712	 iter
552	 1.851831e-04	 713	 iter
553	 1.851831e-04	 714	 iter
554	 1.851831e-04	 715	 iter
555	 1.851831e-04	 716	 iter
556	 1.851831e-04	 717	 iter
557	 1.848516e-04	 719	 iter
558	 1.848516e-04	 720	 iter
559	 1.848516e-04	 721	 iter
560	 1.848516e-04	 722	 iter
561	 1.845469e-04	 724	 iter
562	 1.845469e-04	 725	 iter
563	 1.843541e-04	 727	 iter
564	 1.826834e-04	 729	 iter
565	 1.826834e-04	 730	 iter
566	 1.826834e-04	 731	 iter
567	 1.826834e-04	 732	 iter
568	 1.826834e-04	 733	 iter
569	 1.826834e-04	 734	 iter
570	 1.826834e-04	 735	 iter
571	 1.826834e-04	 736	 iter
572	 1.826834e-04	 737	 iter
573	 1.826834e-04	 738	 iter
574	 1.826834e-04	 740	 iter
575	 1.822979e-04	 742	 iter
576	 1.822979e-04	 743	 iter
577	 1.817707e-04	 745	 iter
578	 1.817707e-04	 746	 iter
579	 1.817707e-04	 748	 iter
580	 1.812711e-04	 750	 iter
581	 1.812711e-04	 752	 iter
582	 1.812711e-04	 753	 iter
583	 1.812711e-04	 754	 iter
584	 1.812711e-04	 755	 iter
585	 1.812711e-04	 756	 iter
586	 1.812711e-04	 757	 iter
587	 1.812711e-04	 758	 iter
588	 1.797176e-04	 760	 iter
589	 1.797176e-04	 761	 iter
590	 1.797176e-04	 762	 iter
591	 1.797176e-04	 763	 iter
592	 1.797176e-04	 764	 iter
593	 1.797176e-04	 765	 iter
594	 1.797176e-04	 766	 iter
595	 1.797176e-04	 767	 iter
596	 1.785442e-04	 769	 iter
597	 1.785442e-04	 770	 iter
598	 1.785442e-04	 771	 iter
599	 1.785442e-04	 772	 iter
600	 1.785442e-04	 773	 iter
601	 1.785442e-04	 774	 iter
602	 1.785442e-04	 776	 iter
603	 1.785442e-04	 778	 iter
604	 1.785442e-04	 779	 iter
605	 1.785442e-04	 780	 iter
606	 1.785442e-04	 781	 iter
607	 1.785442e-04	 782	 iter
608	 1.785442e-04	 783	 iter
609	 1.785442e-04	 784	 iter
610	 1.785442e-04	 785	 iter
611	 1.779169e-04	 787	 iter
612	 1.779169e-04	 788	 iter
613	 1.779169e-04	 789	 iter
614	 1.779169e-04	 790	 iter
615	 1.779169e-04	 792	 iter
616	 1.779169e-04	 793	 iter
617	 1.779169e-04	 794	 iter
618	 1.779169e-04	 796	 iter
619	 1.779169e-04	 797	 iter
620	 1.779169e-04	 799	 iter
621	 1.777879e-04	 801	 iter
622	 1.777879e-04	 802	 iter
623	 1.777879e-04	 804	 iter
624	 1.777879e-04	 806	 iter
625	 1.777879e-04	 807	 iter
626	 1.777879e-04	 808	 iter
627	 1.777879e-04	 809	 iter
628	 1.777879e-04	 811	 iter
629	 1.777879e-04	 812	 iter
630	 1.777674e-04	 814	 iter
631	 1.776792e-04	 816	 iter
632	 1.776792e-04	 818	 iter
633	 1.773077e-04	 820	 iter
634	 1.773077e-04	 821	 iter
635	 1.770129e-04	 823	 iter
636	 1.770129e-04	 824	 iter
637	 1.770129e-04	 825	 iter
638	 1.770129e-04	 827	 iter
639	 1.770129e-04	 829	 iter
640	 1.770129e-04	 830	 iter
641	 1.770129e-04	 831	 iter
642	 1.770129e-04	 832	 iter
643	 1.768903e-04	 834	 iter
644	 1.768903e-04	 835	 iter
645	 1.768903e-04	 837	 iter
646	 1.768903e-04	 838	 iter
647	 1.768903e-04	 840	 iter
648	 1.768903e-04	 841	 iter
649	 1.768903e-04	 843	 iter
650	 1.768903e-04	 844	 iter
651	 1.768324e-04	 846	 iter
652	 1.768324e-04	 847	 iter
653	 1.768324e-04	 848	 iter
654	 1.768324e-04	 849	 iter
655	 1.768324e-04	 850	 iter
656	 1.768324e-04	 851	 iter
657	 1.768324e-04	 853	 iter
658	 1.768324e-04	 855	 iter
659	 1.766174e-04	 857	 iter
660	 1.765931e-04	 859	 iter
661	 1.765931e-04	 860	 iter
662	 1.765931e-04	 861	 iter
663	 1.765931e-04	 862	 iter
664	 1.763803e-04	 864	 iter
665	 1.763803e-04	 865	 iter
666	 1.763781e-04	 867	 iter
667	 1.763781e-04	 869	 iter
668	 1.763781e-04	 870	 iter
669	 1.763781e-04	 871	 iter
670	 1.763781e-04	 872	 iter
671	 1.763781e-04	 873	 iter
672	 1.763781e-04	 874	 iter
673	 1.757957e-04	 876	 iter
674	 1.757957e-04	 877	 iter
675	 1.757957e-04	 878	 iter
676	 1.757957e-04	 879	 iter
677	 1.757957e-04	 880	 iter
678	 1.757957e-04	 881	 iter
679	 1.757957e-04	 882	 iter
680	 1.757957e-04	 883	 iter
681	 1.757567e-04	 885	 iter
682	 1.757567e-04	 886	 iter
683	 1.757039e-04	 888	 iter
684	 1.757039e-04	 889	 iter
685	 1.757039e-04	 890	 iter
686	 1.757039e-04	 891	 iter
687	 1.757039e-04	 892	 iter
688	 1.755855e-04	 894	 iter
689	 1.755855e-04	 895	 iter
690	 1.754627e-04	 897	 iter
691	 1.754627e-04	 899	 iter
692	 1.754627e-04	 900	 iter
693	 1.754627e-04	 901	 iter
694	 1.754627e-04	 902	 iter
695	 1.753615e-04	 904	 iter
696	 1.753615e-04	 905	 iter
697	 1.753615e-04	 906	 iter
698	 1.752327e-04	 908	 iter
699	 1.752327e-04	 909	 iter
700	 1.752327e-04	 910	 iter
701	 1.752327e-04	 911	 iter
702	 1.752245e-04	 913	 iter
703	 1.752245e-04	 914	 iter
704	 1.752245e-04	 915	 iter
705	 1.752245e-04	 916	 iter
706	 1.749712e-04	 918	 iter
707	 1.749518e-04	 920	 iter
708	 1.749518e-04	 921	 iter
709	 1.749518e-04	 923	 iter
710	 1.749151e-04	 925	 iter
711	 1.749151e-04	 926	 iter
712	 1.749151e-04	 927	 iter
713	 1.749151e-04	 928	 iter
714	 1.749151e-04	 929	 iter
715	 1.748452e-04	 931	 iter
716	 1.748452e-04	 932	 iter
717	 1.748452e-04	 933	 iter
718	 1.745132e-04	 935	 iter
719	 1.745132e-04	 936	 iter
720	 1.745132e-04	 937	 iter
721	 1.745132e-04	 938	 iter
722	 1.745132e-04	 939	 iter
723	 1.745132e-04	 941	 iter
724	 1.740803e-04	 943	 iter
725	 1.740803e-04	 944	 iter
726	 1.740803e-04	 946	 iter
727	 1.737202e-04	 948	 iter
728	 1.737202e-04	 949	 iter
729	 1.737202e-04	 950	 iter
730	 1.737202e-04	 951	 iter
731	 1.737202e-04	 952	 iter
732	 1.737202e-04	 953	 iter
733	 1.737202e-04	 954	 iter
734	 1.737202e-04	 955	 iter
735	 1.737202e-04	 956	 iter
736	 1.735856e-04	 958	 iter
737	 1.735239e-04	 960	 iter
738	 1.735239e-04	 961	 iter
739	 1.735239e-04	 962	 iter
740	 1.732115e-04	 964	 iter
741	 1.732115e-04	 965	 iter
742	 1.732115e-04	 966	 iter
743	 1.732115e-04	 967	 iter
744	 1.730580e-04	 969	 iter
745	 1.725798e-04	 971	 iter
746	 1.725798e-04	 972	 iter
747	 1.725798e-04	 973	 iter
748	 1.723773e-04	 975	 iter
749	 1.720557e-04	 977	 iter
750	 1.720557e-04	 978	 iter
751	 1.720557e-04	 979	 iter
752	 1.720557e-04	 980	 iter
753	 1.719797e-04	 982	 iter
754	 1.719797e-04	 983	 iter
755	 1.717879e-04	 985	 iter
756	 1.717879e-04	 986	 iter
757	 1.709995e-04	 988	 iter
758	 1.709995e-04	 989	 iter
759	 1.703867e-04	 991	 iter
760	 1.703867e-04	 992	 iter
761	 1.703867e-04	 993	 iter
762	 1.703867e-04	 994	 iter
763	 1.698925e-04	 996	 iter
764	 1.698925e-04	 997	 iter
765	 1.698925e-04	 998	 iter
766	 1.698925e-04	 999	 iter
767	 1.698925e-04	 1000	 iter
768	 1.698925e-04	 1001	 iter
769	 1.698925e-04	 1002	 iter
770	 1.693393e-04	 1004	 iter
771	 1.693393e-04	 1005	 iter
772	 1.693393e-04	 1006	 iter
773	 1.693393e-04	 1007	 iter
774	 1.691071e-04	 1009	 iter
775	 1.688207e-04	 1011	 iter
776	 1.688207e-04	 1012	 iter
777	 1.688207e-04	 1013	 iter
778	 1.688207e-04	 1014	 iter
779	 1.688207e-04	 1015	 iter
780	 1.682378e-04	 1017	 iter
781	 1.682378e-04	 1018	 iter
782	 1.682378e-04	 1020	 iter
783	 1.682378e-04	 1021	 iter
784	 1.682378e-04	 1022	 iter
785	 1.682378e-04	 1023	 iter
786	 1.682378e-04	 1024	 iter
787	 1.682378e-04	 1025	 iter
788	 1.679882e-04	 1027	 iter
789	 1.679882e-04	 1028	 iter
790	 1.676672e-04	 1030	 iter
791	 1.676672e-04	 1032	 iter
792	 1.676672e-04	 1033	 iter
793	 1.675223e-04	 1035	 iter
794	 1.675223e-04	 1036	 iter
795	 1.675223e-04	 1037	 iter
796	 1.670777e-04	 1039	 iter
797	 1.670777e-04	 1040	 iter
798	 1.670777e-04	 1041	 iter
799	 1.670777e-04	 1042	 iter
800	 1.670777e-04	 1043	 iter
801	 1.670777e-04	 1045	 iter
802	 1.668626e-04	 1047	 iter
803	 1.668626e-04	 1048	 iter
804	 1.668626e-04	 1049	 iter
805	 1.668626e-04	 1050	 iter
806	 1.667381e-04	 1052	 iter
807	 1.667381e-04	 1053	 iter
808	 1.667381e-04	 1054	 iter
809	 1.667381e-04	 1055	 iter
810	 1.667381e-04	 1056	 iter
811	 1.667381e-04	 1057	 iter
812	 1.656011e-04	 1059	 iter
813	 1.656011e-04	 1060	 iter
814	 1.656011e-04	 1061	 iter
815	 1.656011e-04	 1062	 iter
816	 1.656011e-04	 1063	 iter
817	 1.656011e-04	 1064	 iter
818	 1.656011e-04	 1066	 iter
819	 1.656011e-04	 1067	 iter
820	 1.656011e-04	 1068	 iter
821	 1.656011e-04	 1070	 iter
822	 1.656011e-04	 1072	 iter
823	 1.656011e-04	 1073	 iter
824	 1.656011e-04	 1074	 iter
825	 1.656011e-04	 1075	 iter
826	 1.656011e-04	 1076	 iter
827	 1.656011e-04	 1077	 iter
828	 1.656011e-04	 1079	 iter
829	 1.653404e-04	 1081	 iter
830	 1.653404e-04	 1082	 iter
831	 1.652882e-04	 1084	 iter
832	 1.652882e-04	 1085	 iter
833	 1.652882e-04	 1086	 iter
834	 1.652882e-04	 1087	 iter
835	 1.652882e-04	 1088	 iter
836	 1.652882e-04	 1089	 iter
837	 1.652882e-04	 1090	 iter
838	 1.652882e-04	 1091	 iter
839	 1.652882e-04	 1092	 iter
840	 1.648289e-04	 1094	 iter
841	 1.648289e-04	 1095	 iter
842	 1.648289e-04	 1097	 iter
843	 1.648289e-04	 1098	 iter
844	 1.648289e-04	 1099	 iter
845	 1.648289e-04	 1100	 iter
846	 1.648289e-04	 1102	 iter
847	 1.648289e-04	 1103	 iter
848	 1.648289e-04	 1104	 iter
849	 1.648289e-04	 1105	 iter
850	 1.648289e-04	 1106	 iter
851	 1.648289e-04	 1107	 iter
852	 1.648289e-04	 1108	 iter
853	 1.648289e-04	 1109	 iter
854	 1.648289e-04	 1111	 iter
855	 1.647878e-04	 1113	 iter
856	 1.647878e-04	 1115	 iter
857	 1.647878e-04	 1117	 iter
858	 1.647878e-04	 1118	 iter
859	 1.647878e-04	 1120	 iter
860	 1.647878e-04	 1121	 iter
861	 1.647878e-04	 1122	 iter
862	 1.647878e-04	 1124	 iter
863	 1.647878e-04	 1125	 iter
864	 1.647878e-04	 1127	 iter
865	 1.647445e-04	 1129	 iter
866	 1.647445e-04	 1131	 iter
867	 1.647205e-04	 1133	 iter
868	 1.644579e-04	 1135	 iter
869	 1.644579e-04	 1137	 iter
870	 1.644579e-04	 1138	 iter
871	 1.644579e-04	 1139	 iter
872	 1.644579e-04	 1141	 iter
873	 1.644579e-04	 1142	 iter
874	 1.644579e-04	 1143	 iter
875	 1.643889e-04	 1145	 iter
876	 1.643101e-04	 1147	 iter
877	 1.642189e-04	 1149	 iter
878	 1.642189e-04	 1150	 iter
879	 1.642189e-04	 1151	 iter
880	 1.641137e-04	 1153	 iter
881	 1.641137e-04	 1154	 iter
882	 1.640644e-04	 1156	 iter
883	 1.640644e-04	 1157	 iter
884	 1.640644e-04	 1158	 iter
885	 1.640644e-04	 1159	 iter
886	 1.640644e-04	 1160	 iter
887	 1.634418e-04	 1162	 iter
888	 1.634418e-04	 1163	 iter
889	 1.634418e-04	 1164	 iter
890	 1.634418e-04	 1165	 iter
891	 1.634418e-04	 1166	 iter
892	 1.634418e-04	 1167	 iter
893	 1.634418e-04	 1168	 iter
894	 1.634418e-04	 1169	 iter
895	 1.634418e-04	 1170	 iter
896	 1.634418e-04	 1171	 iter
897	 1.634418e-04	 1172	 iter
898	 1.634418e-04	 1173	 iter
899	 1.634387e-04	 1175	 iter
900	 1.634387e-04	 1176	 iter
901	 1.634387e-04	 1177	 iter
902	 1.627075e-04	 1179	 iter
903	 1.627075e-04	 1180	 iter
904	 1.627075e-04	 1181	 iter
905	 1.627075e-04	 1182	 iter
906	 1.627075e-04	 1183	 iter
907	 1.627075e-04	 1184	 iter
908	 1.627075e-04	 1185	 iter
909	 1.627075e-04	 1186	 iter
910	 1.627075e-04	 1187	 iter
911	 1.627075e-04	 1188	 iter
912	 1.627075e-04	 1189	 iter
913	 1.627075e-04	 1190	 iter
914	 1.627075e-04	 1191	 iter
915	 1.626640e-04	 1193	 iter
916	 1.624977e-04	 1195	 iter
917	 1.624977e-04	 1196	 iter
918	 1.623680e-04	 1198	 iter
919	 1.623680e-04	 1199	 iter
920	 1.623680e-04	 1200	 iter
921	 1.622827e-04	 1202	 iter
922	 1.622827e-04	 1203	 iter
923	 1.622827e-04	 1204	 iter
924	 1.622827e-04	 1205	 iter
925	 1.620497e-04	 1207	 iter
926	 1.620497e-04	 1208	 iter
927	 1.619523e-04	 1210	 iter
928	 1.619523e-04	 1211	 iter
929	 1.613181e-04	 1213	 iter
930	 1.613181e-04	 1214	 iter
931	 1.613181e-04	 1215	 iter
932	 1.613181e-04	 1216	 iter
933	 1.613181e-04	 1217	 iter
934	 1.613181e-04	 1218	 iter
935	 1.613181e-04	 1219	 iter
936	 1.613181e-04	 1220	 iter
937	 1.613181e-04	 1221	 iter
938	 1.613181e-04	 1222	 iter
939	 1.613181e-04	 1223	 iter
940	 1.613181e-04	 1224	 iter
941	 1.613181e-04	 1225	 iter
942	 1.613181e-04	 1226	 iter
943	 1.612716e-04	 1228	 iter
944	 1.612716e-04	 1229	 iter
945	 1.612716e-04	 1230	 iter
946	 1.612716e-04	 1231	 iter
947	 1.612716e-04	 1232	 iter
948	 1.612716e-04	 1233	 iter
949	 1.612716e-04	 1234	 iter
950	 1.608746e-04	 1236	 iter
951	 1.608197e-04	 1238	 iter
952	 1.607566e-04	 1240	 iter
953	 1.607562e-04	 1242	 iter
954	 1.607562e-04	 1243	 iter
955	 1.607562e-04	 1244	 iter
956	 1.607562e-04	 1245	 iter
957	 1.607562e-04	 1246	 iter
958	 1.607562e-04	 1247	 iter
959	 1.607562e-04	 1248	 iter
960	 1.607562e-04	 1249	 iter
961	 1.607562e-04	 1250	 iter
962	 1.604429e-04	 1252	 iter
963	 1.604429e-04	 1253	 iter
964	 1.604429e-04	 1254	 iter
965	 1.604429e-04	 1255	 iter
966	 1.604429e-04	 1256	 iter
967	 1.604429e-04	 1257	 iter
968	 1.595770e-04	 1259	 iter
969	 1.595770e-04	 1260	 iter
970	 1.595770e-04	 1261	 iter
971	 1.595770e-04	 1262	 iter
972	 1.595770e-04	 1263	 iter
973	 1.595770e-04	 1264	 iter
974	 1.595770e-04	 1265	 iter
975	 1.595770e-04	 1266	 iter
976	 1.595770e-04	 1267	 iter
977	 1.595770e-04	 1269	 iter
978	 1.595770e-04	 1270	 iter
979	 1.595770e-04	 1271	 iter
980	 1.595770e-04	 1272	 iter
981	 1.595770e-04	 1273	 iter
982	 1.594747e-04	 1275	 iter
983	 1.594747e-04	 1276	 iter
984	 1.594747e-04	 1277	 iter
985	 1.594747e-04	 1278	 iter
986	 1.594747e-04	 1279	 iter
987	 1.594747e-04	 1280	 iter
988	 1.594747e-04	 1281	 iter
989	 1.594747e-04	 1282	 iter
990	 1.594418e-04	 1284	 iter
991	 1.594418e-04	 1285	 iter
992	 1.588975e-04	 1287	 iter
993	 1.588904e-04	 1289	 iter
994	 1.584222e-04	 1291	 iter
995	 1.584222e-04	 1292	 iter
996	 1.584222e-04	 1293	 iter
997	 1.584222e-04	 1294	 iter
998	 1.584222e-04	 1295	 iter
999	 1.584222e-04	 1296	 iter
1000	 1.584222e-04	 1297	 iter
1001	 1.579309e-04	 1299	 iter
1002	 1.579309e-04	 1300	 iter
1003	 1.579127e-04	 1302	 iter
1004	 1.579127e-04	 1303	 iter
1005	 1.575051e-04	 1305	 iter
1006	 1.575051e-04	 1306	 iter
1007	 1.575051e-04	 1307	 iter
1008	 1.573347e-04	 1309	 iter
1009	 1.573347e-04	 1310	 iter
1010	 1.573347e-04	 1311	 iter
1011	 1.573347e-04	 1312	 iter
1012	 1.572375e-04	 1314	 iter
1013	 1.572375e-04	 1315	 iter
1014	 1.562334e-04	 1317	 iter
1015	 1.562334e-04	 1318	 iter
1016	 1.562334e-04	 1319	 iter
1017	 1.562334e-04	 1320	 iter
1018	 1.562334e-04	 1321	 iter
1019	 1.562334e-04	 1322	 iter
1020	 1.556741e-04	 1324	 iter
1021	 1.556741e-04	 1325	 iter
1022	 1.556741e-04	 1326	 iter
1023	 1.556741e-04	 1327	 iter
1024	 1.556741e-04	 1328	 iter
1025	 1.556741e-04	 1329	 iter
1026	 1.556741e-04	 1330	 iter
1027	 1.556741e-04	 1331	 iter
1028	 1.556741e-04	 1332	 iter
1029	 1.556741e-04	 1333	 iter
1030	 1.554283e-04	 1335	 iter
1031	 1.553518e-04	 1337	 iter
1032	 1.553518e-04	 1338	 iter
1033	 1.553518e-04	 1339	 iter
1034	 1.553518e-04	 1341	 iter
1035	 1.553518e-04	 1342	 iter
1036	 1.553518e-04	 1343	 iter
1037	 1.541060e-04	 1345	 iter
1038	 1.541060e-04	 1346	 iter
1039	 1.541060e-04	 1347	 iter
1040	 1.541060e-04	 1348	 iter
1041	 1.541060e-04	 1349	 iter
1042	 1.541060e-04	 1350	 iter
1043	 1.541060e-04	 1352	 iter
1044	 1.539295e-04	 1354	 iter
1045	 1.539295e-04	 1355	 iter
1046	 1.539295e-04	 1356	 iter
1047	 1.539295e-04	 1357	 iter
1048	 1.539295e-04	 1358	 iter
1049	 1.539295e-04	 1359	 iter
1050	 1.532804e-04	 1361	 iter
1051	 1.532804e-04	 1362	 iter
1052	 1.532804e-04	 1363	 iter
1053	 1.532804e-04	 1364	 iter
1054	 1.532804e-04	 1365	 iter
1055	 1.532804e-04	 1366	 iter
1056	 1.528249e-04	 1368	 iter
1057	 1.528249e-04	 1369	 iter
1058	 1.528249e-04	 1370	 iter
1059	 1.528249e-04	 1371	 iter
1060	 1.528249e-04	 1372	 iter
1061	 1.527560e-04	 1374	 iter
1062	 1.525000e-04	 1376	 iter
1063	 1.524993e-04	 1378	 iter
1064	 1.521594e-04	 1380	 iter
1065	 1.521594e-04	 1381	 iter
1066	 1.521594e-04	 1382	 iter
1067	 1.521594e-04	 1383	 iter
1068	 1.521594e-04	 1384	 iter
1069	 1.521594e-04	 1385	 iter
1070	 1.521594e-04	 1386	 iter
1071	 1.521594e-04	 1387	 iter
1072	 1.521594e-04	 1388	 iter
1073	 1.516827e-04	 1390	 iter
1074	 1.516827e-04	 1391	 iter
1075	 1.516827e-04	 1392	 iter
1076	 1.516827e-04	 1393	 iter
1077	 1.516827e-04	 1394	 iter
1078	 1.516827e-04	 1395	 iter
1079	 1.516827e-04	 1396	 iter
1080	 1.516827e-04	 1397	 iter
1081	 1.516827e-04	 1399	 iter
1082	 1.516827e-04	 1400	 iter
1083	 1.516827e-04	 1402	 iter
1084	 1.507467e-04	 1404	 iter
1085	 1.507467e-04	 1405	 iter
1086	 1.507467e-04	 1406	 iter
1087	 1.507467e-04	 1407	 iter
1088	 1.507467e-04	 1408	 iter
1089	 1.507467e-04	 1409	 iter
1090	 1.507467e-04	 1410	 iter
1091	 1.507467e-04	 1411	 iter
1092	 1.505860e-04	 1413	 iter
1093	 1.505860e-04	 1414	 iter
1094	 1.505063e-04	 1416	 iter
1095	 1.505063e-04	 1417	 iter
1096	 1.504293e-04	 1419	 iter
1097	 1.504293e-04	 1420	 iter
1098	 1.504293e-04	 1421	 iter
1099	 1.501165e-04	 1423	 iter
1100	 1.501165e-04	 1424	 iter
1101	 1.498496e-04	 1426	 iter
1102	 1.498496e-04	 1427	 iter
1103	 1.498496e-04	 1428	 iter
1104	 1.498496e-04	 1429	 iter
1105	 1.498496e-04	 1430	 iter
1106	 1.498496e-04	 1432	 iter
1107	 1.498496e-04	 1433	 iter
1108	 1.495702e-04	 1435	 iter
1109	 1.495702e-04	 1437	 iter
1110	 1.495702e-04	 1438	 iter
1111	 1.495702e-04	 1439	 iter
1112	 1.495702e-04	 1440	 iter
1113	 1.495702e-04	 1441	 iter
1114	 1.495702e-04	 1442	 iter
1115	 1.495702e-04	 1443	 iter
1116	 1.495702e-04	 1444	 iter
1117	 1.495702e-04	 1445	 iter
1118	 1.495702e-04	 1446	 iter
1119	 1.494651e-04	 1448	 iter
1120	 1.491439e-04	 1450	 iter
1121	 1.491439e-04	 1451	 iter
1122	 1.491439e-04	 1452	 iter
1123	 1.490856e-04	 1454	 iter
1124	 1.490856e-04	 1455	 iter
1125	 1.490856e-04	 1456	 iter
1126	 1.490856e-04	 1457	 iter
1127	 1.490856e-04	 1458	 iter
1128	 1.490435e-04	 1460	 iter
1129	 1.490435e-04	 1461	 iter
1130	 1.490435e-04	 1462	 iter
1131	 1.490435e-04	 1463	 iter
1132	 1.490435e-04	 1464	 iter
1133	 1.490435e-04	 1465	 iter
1134	 1.490435e-04	 1466	 iter
1135	 1.489292e-04	 1468	 iter
1136	 1.489292e-04	 1470	 iter
1137	 1.489292e-04	 1471	 iter
1138	 1.489292e-04	 1473	 iter
1139	 1.489292e-04	 1474	 iter
1140	 1.488597e-04	 1476	 iter
1141	 1.488597e-04	 1477	 iter
1142	 1.488597e-04	 1478	 iter
1143	 1.488445e-04	 1480	 iter
1144	 1.488445e-04	 1481	 iter
1145	 1.488445e-04	 1483	 iter
1146	 1.485870e-04	 1485	 iter
1147	 1.485870e-04	 1486	 iter
1148	 1.485870e-04	 1488	 iter
1149	 1.485727e-04	 1490	 iter
1150	 1.485727e-04	 1491	 iter
1151	 1.485727e-04	 1492	 iter
1152	 1.485727e-04	 1493	 iter
1153	 1.485727e-04	 1495	 iter
1154	 1.485675e-04	 1497	 iter
1155	 1.485675e-04	 1498	 iter
1156	 1.483163e-04	 1500	 iter
1157	 1.483163e-04	 1502	 iter
1158	 1.483163e-04	 1503	 iter
1159	 1.483163e-04	 1504	 iter
1160	 1.483163e-04	 1506	 iter
1161	 1.482124e-04	 1508	 iter
1162	 1.482124e-04	 1509	 iter
1163	 1.482124e-04	 1510	 iter
1164	 1.482124e-04	 1512	 iter
1165	 1.481921e-04	 1514	 iter
1166	 1.481921e-04	 1515	 iter
1167	 1.481921e-04	 1516	 iter
1168	 1.478728e-04	 1518	 iter
1169	 1.478728e-04	 1519	 iter
1170	 1.478728e-04	 1520	 iter
1171	 1.478728e-04	 1521	 iter
1172	 1.478728e-04	 1522	 iter
1173	 1.478728e-04	 1524	 iter
1174	 1.478728e-04	 1525	 iter
1175	 1.476065e-04	 1527	 iter
1176	 1.473845e-04	 1529	 iter
1177	 1.473845e-04	 1530	 iter
1178	 1.473845e-04	 1531	 iter
1179	 1.473845e-04	 1532	 iter
1180	 1.473845e-04	 1533	 iter
1181	 1.473845e-04	 1534	 iter
1182	 1.473845e-04	 1535	 iter
1183	 1.473807e-04	 1537	 iter
1184	 1.472151e-04	 1539	 iter
1185	 1.472151e-04	 1540	 iter
1186	 1.472151e-04	 1541	 iter
1187	 1.472151e-04	 1542	 iter
1188	 1.472151e-04	 1543	 iter
1189	 1.472151e-04	 1544	 iter
1190	 1.472151e-04	 1545	 iter
1191	 1.472151e-04	 1546	 iter
1192	 1.472151e-04	 1548	 iter
1193	 1.472151e-04	 1549	 iter
1194	 1.472151e-04	 1550	 iter
1195	 1.472151e-04	 1551	 iter
1196	 1.472151e-04	 1552	 iter
1197	 1.472151e-04	 1553	 iter
1198	 1.471532e-04	 1555	 iter
1199	 1.471532e-04	 1556	 iter
1200	 1.471532e-04	 1557	 iter
1201	 1.471532e-04	 1558	 iter
1202	 1.471532e-04	 1559	 iter
1203	 1.471532e-04	 1560	 iter
1204	 1.471121e-04	 1562	 iter
1205	 1.471121e-04	 1563	 iter
1206	 1.471121e-04	 1564	 iter
1207	 1.470881e-04	 1566	 iter
1208	 1.470881e-04	 1568	 iter
1209	 1.469871e-04	 1570	 iter
1210	 1.469871e-04	 1571	 iter
1211	 1.469871e-04	 1573	 iter
1212	 1.469871e-04	 1574	 iter
1213	 1.469871e-04	 1576	 iter
1214	 1.469871e-04	 1578	 iter
1215	 1.469871e-04	 1579	 iter
1216	 1.469871e-04	 1581	 iter
1217	 1.469871e-04	 1582	 iter
1218	 1.469011e-04	 1584	 iter
1219	 1.469011e-04	 1585	 iter
1220	 1.469011e-04	 1587	 iter
1221	 1.469011e-04	 1589	 iter
1222	 1.469011e-04	 1591	 iter
1223	 1.469011e-04	 1593	 iter
1224	 1.469011e-04	 1594	 iter
1225	 1.469011e-04	 1596	 iter
1226	 1.469011e-04	 1597	 iter
1227	 1.469011e-04	 1599	 iter
1228	 1.468981e-04	 1601	 iter
1229	 1.468487e-04	 1603	 iter
1230	 1.468487e-04	 1605	 iter
1231	 1.468487e-04	 1606	 iter
1232	 1.468487e-04	 1607	 iter
1233	 1.468487e-04	 1608	 iter
1234	 1.468487e-04	 1609	 iter
1235	 1.468487e-04	 1611	 iter
1236	 1.468449e-04	 1613	 iter
1237	 1.468449e-04	 1615	 iter
1238	 1.468449e-04	 1616	 iter
1239	 1.468449e-04	 1617	 iter
1240	 1.468449e-04	 1618	 iter
1241	 1.468449e-04	 1619	 iter
1242	 1.468449e-04	 1620	 iter
1243	 1.468217e-04	 1622	 iter
1244	 1.468217e-04	 1623	 iter
1245	 1.468217e-04	 1624	 iter
1246	 1.468217e-04	 1625	 iter
1247	 1.468217e-04	 1627	 iter
1248	 1.468217e-04	 1629	 iter
1249	 1.468217e-04	 1631	 iter
1250	 1.468217e-04	 1632	 iter
1251	 1.468118e-04	 1634	 iter
1252	 1.468118e-04	 1635	 iter
1253	 1.468118e-04	 1636	 iter
1254	 1.468118e-04	 1637	 iter
1255	 1.468118e-04	 1638	 iter
1256	 1.468118e-04	 1639	 iter
1257	 1.468118e-04	 1640	 iter
1258	 1.467535e-04	 1642	 iter
1259	 1.467268e-04	 1644	 iter
1260	 1.467268e-04	 1646	 iter
1261	 1.467268e-04	 1647	 iter
1262	 1.467268e-04	 1649	 iter
1263	 1.467268e-04	 1650	 iter
1264	 1.467268e-04	 1651	 iter
1265	 1.467268e-04	 1653	 iter
1266	 1.467268e-04	 1654	 iter
1267	 1.467268e-04	 1655	 iter
1268	 1.467268e-04	 1656	 iter
1269	 1.467268e-04	 1657	 iter
1270	 1.467268e-04	 1658	 iter
1271	 1.467268e-04	 1659	 iter
1272	 1.467268e-04	 1660	 iter
1273	 1.467175e-04	 1662	 iter
1274	 1.467175e-04	 1663	 iter
1275	 1.467175e-04	 1664	 iter
1276	 1.467175e-04	 1665	 iter
1277	 1.467175e-04	 1667	 iter
1278	 1.467175e-04	 1668	 iter
1279	 1.467175e-04	 1669	 iter
1280	 1.467175e-04	 1670	 iter
1281	 1.467175e-04	 1672	 iter
1282	 1.467175e-04	 1673	 iter
1283	 1.467175e-04	 1674	 iter
1284	 1.467175e-04	 1675	 iter
1285	 1.467175e-04	 1677	 iter
1286	 1.467175e-04	 1678	 iter
1287	 1.467175e-04	 1680	 iter
1288	 1.467175e-04	 1682	 iter
1289	 1.467142e-04	 1684	 iter
1290	 1.466356e-04	 1686	 iter
1291	 1.466356e-04	 1687	 iter
1292	 1.466356e-04	 1689	 iter
1293	 1.466356e-04	 1690	 iter
1294	 1.466356e-04	 1691	 iter
1295	 1.466356e-04	 1692	 iter
1296	 1.466356e-04	 1693	 iter
1297	 1.466356e-04	 1694	 iter
1298	 1.466356e-04	 1695	 iter
1299	 1.466356e-04	 1696	 iter
1300	 1.466356e-04	 1697	 iter
1301	 1.466356e-04	 1698	 iter
1302	 1.466356e-04	 1699	 iter
1303	 1.466332e-04	 1701	 iter
1304	 1.466332e-04	 1702	 iter
1305	 1.466332e-04	 1703	 iter
1306	 1.466332e-04	 1704	 iter
1307	 1.466332e-04	 1705	 iter
1308	 1.465943e-04	 1707	 iter
1309	 1.465943e-04	 1708	 iter
1310	 1.465234e-04	 1710	 iter
1311	 1.465234e-04	 1711	 iter
1312	 1.465234e-04	 1712	 iter
1313	 1.465234e-04	 1713	 iter
1314	 1.465234e-04	 1714	 iter
1315	 1.465234e-04	 1715	 iter
1316	 1.465234e-04	 1716	 iter
1317	 1.465234e-04	 1717	 iter
1318	 1.465234e-04	 1718	 iter
1319	 1.465234e-04	 1719	 iter
1320	 1.465234e-04	 1720	 iter
1321	 1.465232e-04	 1722	 iter
1322	 1.464059e-04	 1724	 iter
1323	 1.464059e-04	 1725	 iter
1324	 1.464059e-04	 1726	 iter
1325	 1.464059e-04	 1727	 iter
1326	 1.464059e-04	 1728	 iter
1327	 1.464059e-04	 1729	 iter
1328	 1.464059e-04	 1730	 iter
1329	 1.464059e-04	 1731	 iter
1330	 1.464059e-04	 1732	 iter
1331	 1.464059e-04	 1733	 iter
1332	 1.464059e-04	 1734	 iter
1333	 1.464059e-04	 1735	 iter
1334	 1.463290e-04	 1737	 iter
1335	 1.463290e-04	 1738	 iter
1336	 1.463290e-04	 1739	 iter
1337	 1.463290e-04	 1740	 iter
1338	 1.462549e-04	 1742	 iter
1339	 1.462549e-04	 1743	 iter
1340	 1.462549e-04	 1744	 iter
1341	 1.462549e-04	 1745	 iter
1342	 1.462549e-04	 1746	 iter
1343	 1.461956e-04	 1748	 iter
1344	 1.461956e-04	 1749	 iter
1345	 1.461956e-04	 1750	 iter
1346	 1.461956e-04	 1751	 iter
1347	 1.460677e-04	 1753	 iter
1348	 1.460677e-04	 1754	 iter
1349	 1.460677e-04	 1755	 iter
1350	 1.459464e-04	 1757	 iter
1351	 1.459464e-04	 1758	 iter
1352	 1.459464e-04	 1759	 iter
1353	 1.459464e-04	 1760	 iter
1354	 1.459464e-04	 1761	 iter
1355	 1.459464e-04	 1762	 iter
1356	 1.459464e-04	 1763	 iter
1357	 1.459464e-04	 1764	 iter
1358	 1.459464e-04	 1765	 iter
1359	 1.459464e-04	 1766	 iter
1360	 1.457444e-04	 1768	 iter
1361	 1.457444e-04	 1769	 iter
1362	 1.457444e-04	 1770	 iter
1363	 1.457444e-04	 1771	 iter
1364	 1.457444e-04	 1772	 iter
1365	 1.457444e-04	 1773	 iter
1366	 1.457444e-04	 1774	 iter
1367	 1.454815e-04	 1776	 iter
1368	 1.454815e-04	 1777	 iter
1369	 1.454815e-04	 1778	 iter
1370	 1.454815e-04	 1779	 iter
1371	 1.454815e-04	 1780	 iter
1372	 1.454815e-04	 1781	 iter
1373	 1.454815e-04	 1782	 iter
1374	 1.454815e-04	 1783	 iter
1375	 1.454815e-04	 1784	 iter
1376	 1.452448e-04	 1786	 iter
1377	 1.452448e-04	 1787	 iter
1378	 1.452448e-04	 1788	 iter
1379	 1.452448e-04	 1789	 iter
1380	 1.452448e-04	 1790	 iter
1381	 1.452448e-04	 1791	 iter
1382	 1.452448e-04	 1792	 iter
1383	 1.452448e-04	 1793	 iter
1384	 1.452448e-04	 1794	 iter
1385	 1.452448e-04	 1795	 iter
1386	 1.451685e-04	 1797	 iter
1387	 1.450464e-04	 1799	 iter
1388	 1.450464e-04	 1800	 iter
1389	 1.450464e-04	 1801	 iter
1390	 1.450464e-04	 1802	 iter
1391	 1.450464e-04	 1803	 iter
1392	 1.445734e-04	 1805	 iter
1393	 1.445734e-04	 1806	 iter
1394	 1.445734e-04	 1807	 iter
1395	 1.445734e-04	 1808	 iter
1396	 1.445734e-04	 1809	 iter
1397	 1.445734e-04	 1810	 iter
1398	 1.445734e-04	 1811	 iter
1399	 1.445734e-04	 1812	 iter
1400	 1.445734e-04	 1813	 iter
1401	 1.441311e-04	 1815	 iter
1402	 1.441311e-04	 1816	 iter
1403	 1.441311e-04	 1817	 iter
1404	 1.441311e-04	 1818	 iter
1405	 1.441311e-04	 1819	 iter
1406	 1.441311e-04	 1820	 iter
1407	 1.441311e-04	 1821	 iter
1408	 1.441311e-04	 1822	 iter
1409	 1.439128e-04	 1824	 iter
1410	 1.439128e-04	 1825	 iter
1411	 1.439128e-04	 1826	 iter
1412	 1.439128e-04	 1827	 iter
1413	 1.434419e-04	 1829	 iter
1414	 1.434419e-04	 1830	 iter
1415	 1.434419e-04	 1831	 iter
1416	 1.434419e-04	 1832	 iter
1417	 1.434419e-04	 1833	 iter
1418	 1.434419e-04	 1834	 iter
1419	 1.434419e-04	 1835	 iter
1420	 1.430888e-04	 1837	 iter
1421	 1.430888e-04	 1838	 iter
1422	 1.430888e-04	 1839	 iter
1423	 1.430888e-04	 1840	 iter
1424	 1.430888e-04	 1841	 iter
1425	 1.427009e-04	 1843	 iter
1426	 1.427009e-04	 1844	 iter
1427	 1.427009e-04	 1845	 iter
1428	 1.427009e-04	 1846	 iter
1429	 1.427009e-04	 1847	 iter
1430	 1.421403e-04	 1849	 iter
1431	 1.421403e-04	 1850	 iter
1432	 1.421403e-04	 1851	 iter
1433	 1.421403e-04	 1852	 iter
1434	 1.421403e-04	 1853	 iter
1435	 1.421403e-04	 1854	 iter
1436	 1.421403e-04	 1855	 iter
1437	 1.421403e-04	 1856	 iter
1438	 1.421305e-04	 1858	 iter
1439	 1.420441e-04	 1860	 iter
1440	 1.418290e-04	 1862	 iter
1441	 1.418290e-04	 1863	 iter
1442	 1.409891e-04	 1865	 iter
1443	 1.409891e-04	 1866	 iter
1444	 1.409891e-04	 1867	 iter
1445	 1.409891e-04	 1868	 iter
1446	 1.409891e-04	 1869	 iter
1447	 1.409891e-04	 1870	 iter
1448	 1.409891e-04	 1871	 iter
1449	 1.409891e-04	 1872	 iter
1450	 1.409891e-04	 1873	 iter
1451	 1.409891e-04	 1874	 iter
1452	 1.409891e-04	 1875	 iter
1453	 1.409891e-04	 1876	 iter
1454	 1.409891e-04	 1877	 iter
1455	 1.409891e-04	 1878	 iter
1456	 1.406879e-04	 1880	 iter
1457	 1.406879e-04	 1881	 iter
1458	 1.404508e-04	 1883	 iter
1459	 1.393463e-04	 1885	 iter
1460	 1.393463e-04	 1886	 iter
1461	 1.393463e-04	 1887	 iter
1462	 1.393463e-04	 1888	 iter
1463	 1.393463e-04	 1889	 iter
1464	 1.393463e-04	 1890	 iter
1465	 1.393463e-04	 1891	 iter
1466	 1.393463e-04	 1892	 iter
1467	 1.393463e-04	 1893	 iter
1468	 1.393463e-04	 1894	 iter
1469	 1.393463e-04	 1895	 iter
1470	 1.393463e-04	 1896	 iter
1471	 1.393463e-04	 1897	 iter
1472	 1.393463e-04	 1898	 iter
1473	 1.388336e-04	 1900	 iter
1474	 1.379697e-04	 1902	 iter
1475	 1.379697e-04	 1903	 iter
1476	 1.379697e-04	 1904	 iter
1477	 1.379697e-04	 1905	 iter
1478	 1.379697e-04	 1906	 iter
1479	 1.379697e-04	 1907	 iter
1480	 1.379697e-04	 1908	 iter
1481	 1.379697e-04	 1909	 iter
1482	 1.379697e-04	 1910	 iter
1483	 1.370047e-04	 1912	 iter
1484	 1.370047e-04	 1913	 iter
1485	 1.370047e-04	 1914	 iter
1486	 1.370047e-04	 1915	 iter
1487	 1.370047e-04	 1916	 iter
1488	 1.370047e-04	 1917	 iter
1489	 1.370047e-04	 1918	 iter
1490	 1.370047e-04	 1919	 iter
1491	 1.370047e-04	 1920	 iter
1492	 1.370047e-04	 1921	 iter
1493	 1.370047e-04	 1922	 iter
1494	 1.368295e-04	 1924	 iter
1495	 1.368295e-04	 1925	 iter
1496	 1.368295e-04	 1926	 iter
1497	 1.368295e-04	 1927	 iter
1498	 1.362766e-04	 1929	 iter
1499	 1.362766e-04	 1930	 iter
1500	 1.362766e-04	 1931	 iter
1501	 1.359403e-04	 1933	 iter
1502	 1.359403e-04	 1935	 iter
1503	 1.358732e-04	 1937	 iter
1504	 1.358641e-04	 1939	 iter
1505	 1.357202e-04	 1941	 iter
1506	 1.355554e-04	 1943	 iter
1507	 1.355554e-04	 1944	 iter
1508	 1.355554e-04	 1945	 iter
1509	 1.355554e-04	 1946	 iter
1510	 1.355554e-04	 1947	 iter
1511	 1.355554e-04	 1948	 iter
1512	 1.355554e-04	 1949	 iter
1513	 1.355554e-04	 1950	 iter
1514	 1.355554e-04	 1951	 iter
1515	 1.355554e-04	 1952	 iter
1516	 1.355520e-04	 1954	 iter
1517	 1.355520e-04	 1955	 iter
1518	 1.355520e-04	 1956	 iter
1519	 1.355520e-04	 1957	 iter
1520	 1.352778e-04	 1959	 iter
1521	 1.352778e-04	 1960	 iter
1522	 1.352548e-04	 1962	 iter
1523	 1.352548e-04	 1963	 iter
1524	 1.351517e-04	 1965	 iter
1525	 1.351517e-04	 1966	 iter
1526	 1.351517e-04	 1967	 iter
1527	 1.351139e-04	 1969	 iter
1528	 1.351139e-04	 1970	 iter
1529	 1.347364e-04	 1972	 iter
1530	 1.347364e-04	 1973	 iter
1531	 1.347364e-04	 1974	 iter
1532	 1.347364e-04	 1976	 iter
1533	 1.347364e-04	 1977	 iter
1534	 1.340046e-04	 1979	 iter
1535	 1.340046e-04	 1980	 iter
1536	 1.340046e-04	 1981	 iter
1537	 1.340046e-04	 1982	 iter
1538	 1.340046e-04	 1983	 iter
1539	 1.340046e-04	 1984	 iter
1540	 1.340046e-04	 1985	 iter
1541	 1.340046e-04	 1986	 iter
1542	 1.340046e-04	 1987	 iter
1543	 1.340046e-04	 1988	 iter
1544	 1.340046e-04	 1989	 iter
1545	 1.340046e-04	 1990	 iter
1546	 1.340046e-04	 1991	 iter
1547	 1.340046e-04	 1993	 iter
1548	 1.340046e-04	 1994	 iter
1549	 1.340046e-04	 1995	 iter
1550	 1.340046e-04	 1996	 iter
1551	 1.340046e-04	 1997	 iter
1552	 1.340046e-04	 1998	 iter
1553	 1.332053e-04	 2000	 iter
1554	 1.332053e-04	 2001	 iter
1555	 1.332053e-04	 2002	 iter
1556	 1.332053e-04	 2003	 iter
1557	 1.332053e-04	 2004	 iter
1558	 1.332053e-04	 2005	 iter
1559	 1.332053e-04	 2006	 iter
1560	 1.332053e-04	 2007	 iter
1561	 1.332053e-04	 2008	 iter
1562	 1.332053e-04	 2009	 iter
1563	 1.332053e-04	 2010	 iter
1564	 1.332053e-04	 2012	 iter
1565	 1.332053e-04	 2013	 iter
1566	 1.332053e-04	 2015	 iter
1567	 1.332053e-04	 2016	 iter
1568	 1.332053e-04	 2017	 iter
1569	 1.332053e-04	 2018	 iter
1570	 1.332053e-04	 2019	 iter
1571	 1.332053e-04	 2020	 iter
1572	 1.332053e-04	 2021	 iter
1573	 1.332053e-04	 2022	 iter
1574	 1.332053e-04	 2023	 iter
1575	 1.331585e-04	 2025	 iter
1576	 1.328886e-04	 2027	 iter
1577	 1.328886e-04	 2028	 iter
1578	 1.328886e-04	 2029	 iter
1579	 1.328886e-04	 2030	 iter
1580	 1.328886e-04	 2031	 iter
1581	 1.328886e-04	 2032	 iter
1582	 1.327750e-04	 2034	 iter
1583	 1.323252e-04	 2036	 iter
1584	 1.323252e-04	 2037	 iter
1585	 1.323252e-04	 2038	 iter
1586	 1.323252e-04	 2039	 iter
1587	 1.323252e-04	 2040	 iter
1588	 1.322411e-04	 2042	 iter
1589	 1.322411e-04	 2043	 iter
1590	 1.322411e-04	 2044	 iter
1591	 1.322411e-04	 2045	 iter
1592	 1.322411e-04	 2046	 iter
1593	 1.322411e-04	 2047	 iter
1594	 1.320149e-04	 2049	 iter
1595	 1.320149e-04	 2050	 iter
1596	 1.320149e-04	 2051	 iter
1597	 1.320149e-04	 2052	 iter
1598	 1.318584e-04	 2054	 iter
1599	 1.318584e-04	 2055	 iter
1600	 1.318584e-04	 2056	 iter
1601	 1.318584e-04	 2057	 iter
1602	 1.318584e-04	 2058	 iter
1603	 1.318584e-04	 2059	 iter
1604	 1.318584e-04	 2060	 iter
1605	 1.318584e-04	 2062	 iter
1606	 1.317471e-04	 2064	 iter
1607	 1.317471e-04	 2065	 iter
1608	 1.316544e-04	 2067	 iter
1609	 1.316544e-04	 2068	 iter
1610	 1.316544e-04	 2069	 iter
1611	 1.314991e-04	 2071	 iter
1612	 1.313437e-04	 2073	 iter
1613	 1.313437e-04	 2074	 iter
1614	 1.313437e-04	 2076	 iter
1615	 1.313437e-04	 2077	 iter
1616	 1.313437e-04	 2078	 iter
1617	 1.313437e-04	 2079	 iter
1618	 1.313437e-04	 2080	 iter
1619	 1.312871e-04	 2082	 iter
1620	 1.311280e-04	 2084	 iter
1621	 1.311280e-04	 2085	 iter
1622	 1.311280e-04	 2086	 iter
1623	 1.311280e-04	 2087	 iter
1624	 1.311280e-04	 2088	 iter
1625	 1.311280e-04	 2089	 iter
1626	 1.311280e-04	 2090	 iter
1627	 1.311280e-04	 2091	 iter
1628	 1.311280e-04	 2092	 iter
1629	 1.309685e-04	 2094	 iter
1630	 1.309685e-04	 2095	 iter
1631	 1.308006e-04	 2097	 iter
1632	 1.308006e-04	 2099	 iter
1633	 1.308006e-04	 2100	 iter
1634	 1.308006e-04	 2102	 iter
1635	 1.308006e-04	 2103	 iter
1636	 1.308006e-04	 2104	 iter
1637	 1.308006e-04	 2105	 iter
1638	 1.308006e-04	 2106	 iter
1639	 1.308006e-04	 2107	 iter
1640	 1.308006e-04	 2108	 iter
1641	 1.307609e-04	 2110	 iter
1642	 1.307609e-04	 2111	 iter
1643	 1.307609e-04	 2112	 iter
1644	 1.304971e-04	 2114	 iter
1645	 1.304971e-04	 2115	 iter
1646	 1.304971e-04	 2116	 iter
1647	 1.304971e-04	 2117	 iter
1648	 1.304971e-04	 2119	 iter
1649	 1.304971e-04	 2120	 iter
1650	 1.304971e-04	 2121	 iter
1651	 1.304206e-04	 2123	 iter
1652	 1.302440e-04	 2125	 iter
1653	 1.302440e-04	 2126	 iter
1654	 1.302440e-04	 2127	 iter
1655	 1.302440e-04	 2128	 iter
1656	 1.302440e-04	 2129	 iter
1657	 1.302440e-04	 2130	 iter
1658	 1.302440e-04	 2131	 iter
1659	 1.302440e-04	 2132	 iter
1660	 1.302440e-04	 2133	 iter
1661	 1.302440e-04	 2134	 iter
1662	 1.302440e-04	 2135	 iter
1663	 1.301366e-04	 2137	 iter
1664	 1.299584e-04	 2139	 iter
1665	 1.299584e-04	 2140	 iter
1666	 1.299584e-04	 2141	 iter
1667	 1.299584e-04	 2142	 iter
1668	 1.299584e-04	 2143	 iter
1669	 1.299584e-04	 2144	 iter
1670	 1.299584e-04	 2145	 iter
1671	 1.299584e-04	 2146	 iter
1672	 1.299584e-04	 2147	 iter
1673	 1.299584e-04	 2148	 iter
1674	 1.298796e-04	 2150	 iter
1675	 1.298796e-04	 2151	 iter
1676	 1.298111e-04	 2153	 iter
1677	 1.298111e-04	 2154	 iter
1678	 1.298111e-04	 2155	 iter
1679	 1.298111e-04	 2156	 iter
1680	 1.298111e-04	 2157	 iter
1681	 1.297700e-04	 2159	 iter
1682	 1.297700e-04	 2160	 iter
1683	 1.295142e-04	 2162	 iter
1684	 1.295142e-04	 2163	 iter
1685	 1.295142e-04	 2164	 iter
1686	 1.295142e-04	 2165	 iter
1687	 1.295142e-04	 2166	 iter
1688	 1.295142e-04	 2167	 iter
1689	 1.295142e-04	 2168	 iter
1690	 1.295142e-04	 2169	 iter
1691	 1.295142e-04	 2170	 iter
1692	 1.295142e-04	 2171	 iter
1693	 1.295142e-04	 2172	 iter
1694	 1.295142e-04	 2173	 iter
1695	 1.295142e-04	 2174	 iter
1696	 1.295142e-04	 2175	 iter
1697	 1.293654e-04	 2177	 iter
1698	 1.293654e-04	 2178	 iter
1699	 1.293654e-04	 2179	 iter
1700	 1.293654e-04	 2180	 iter
1701	 1.293654e-04	 2181	 iter
1702	 1.293225e-04	 2183	 iter
1703	 1.293225e-04	 2184	 iter
1704	 1.293225e-04	 2185	 iter
1705	 1.293225e-04	 2186	 iter
1706	 1.293225e-04	 2187	 iter
1707	 1.291429e-04	 2189	 iter
1708	 1.291429e-04	 2190	 iter
1709	 1.291429e-04	 2191	 iter
1710	 1.291429e-04	 2193	 iter
1711	 1.291429e-04	 2195	 iter
1712	 1.291429e-04	 2196	 iter
1713	 1.291429e-04	 2197	 iter
1714	 1.291429e-04	 2198	 iter
1715	 1.291429e-04	 2200	 iter
1716	 1.291429e-04	 2201	 iter
1717	 1.291429e-04	 2202	 iter
1718	 1.291429e-04	 2204	 iter
1719	 1.291429e-04	 2205	 iter
1720	 1.291429e-04	 2206	 iter
1721	 1.291429e-04	 2207	 iter
1722	 1.291429e-04	 2208	 iter
1723	 1.291429e-04	 2210	 iter
1724	 1.291429e-04	 2211	 iter
1725	 1.290182e-04	 2213	 iter
1726	 1.290182e-04	 2214	 iter
1727	 1.290182e-04	 2215	 iter
1728	 1.290182e-04	 2217	 iter
1729	 1.290182e-04	 2219	 iter
1730	 1.290182e-04	 2221	 iter
1731	 1.290182e-04	 2222	 iter
1732	 1.290182e-04	 2223	 iter
1733	 1.290182e-04	 2224	 iter
1734	 1.290182e-04	 2225	 iter
1735	 1.290182e-04	 2227	 iter
1736	 1.290182e-04	 2228	 iter
1737	 1.290182e-04	 2229	 iter
1738	 1.289796e-04	 2231	 iter
1739	 1.289796e-04	 2233	 iter
1740	 1.289796e-04	 2234	 iter
1741	 1.289796e-04	 2236	 iter
1742	 1.289232e-04	 2238	 iter
1743	 1.289232e-04	 2239	 iter
1744	 1.288597e-04	 2241	 iter
1745	 1.288597e-04	 2242	 iter
1746	 1.288597e-04	 2244	 iter
1747	 1.288597e-04	 2245	 iter
1748	 1.288597e-04	 2246	 iter
1749	 1.288597e-04	 2247	 iter
1750	 1.288167e-04	 2249	 iter
1751	 1.288167e-04	 2250	 iter
1752	 1.288167e-04	 2251	 iter
1753	 1.287939e-04	 2253	 iter
1754	 1.287939e-04	 2255	 iter
1755	 1.287939e-04	 2256	 iter
1756	 1.287471e-04	 2258	 iter
1757	 1.287471e-04	 2259	 iter
1758	 1.287471e-04	 2260	 iter
1759	 1.287471e-04	 2261	 iter
1760	 1.287471e-04	 2262	 iter
1761	 1.287471e-04	 2263	 iter
1762	 1.287471e-04	 2265	 iter
1763	 1.287471e-04	 2266	 iter
1764	 1.287471e-04	 2267	 iter
1765	 1.287471e-04	 2268	 iter
1766	 1.287471e-04	 2269	 iter
1767	 1.287471e-04	 2270	 iter
1768	 1.287471e-04	 2272	 iter
1769	 1.287471e-04	 2273	 iter
1770	 1.287242e-04	 2275	 iter
1771	 1.287063e-04	 2277	 iter
1772	 1.286982e-04	 2279	 iter
1773	 1.286982e-04	 2280	 iter
1774	 1.286982e-04	 2281	 iter
1775	 1.286982e-04	 2282	 iter
1776	 1.286982e-04	 2284	 iter
1777	 1.286982e-04	 2285	 iter
1778	 1.286982e-04	 2286	 iter
1779	 1.286549e-04	 2288	 iter
1780	 1.286549e-04	 2290	 iter
1781	 1.286549e-04	 2291	 iter
1782	 1.286549e-04	 2292	 iter
1783	 1.286549e-04	 2293	 iter
1784	 1.286549e-04	 2294	 iter
1785	 1.286129e-04	 2296	 iter
1786	 1.286129e-04	 2297	 iter
1787	 1.286129e-04	 2298	 iter
1788	 1.286129e-04	 2300	 iter
1789	 1.286129e-04	 2301	 iter
1790	 1.286129e-04	 2302	 iter
1791	 1.286129e-04	 2303	 iter
1792	 1.285749e-04	 2305	 iter
1793	 1.285749e-04	 2306	 iter
1794	 1.285749e-04	 2307	 iter
1795	 1.285749e-04	 2308	 iter
1796	 1.285749e-04	 2309	 iter
1797	 1.285749e-04	 2310	 iter
1798	 1.285749e-04	 2311	 iter
1799	 1.285749e-04	 2312	 iter
1800	 1.285749e-04	 2313	 iter
1801	 1.285749e-04	 2314	 iter
1802	 1.285749e-04	 2316	 iter
1803	 1.285262e-04	 2318	 iter
1804	 1.285262e-04	 2319	 iter
1805	 1.285262e-04	 2320	 iter
1806	 1.285262e-04	 2322	 iter
1807	 1.285262e-04	 2323	 iter
1808	 1.285262e-04	 2324	 iter
1809	 1.285262e-04	 2325	 iter
1810	 1.285139e-04	 2327	 iter
1811	 1.285139e-04	 2328	 iter
1812	 1.285139e-04	 2329	 iter
1813	 1.285139e-04	 2330	 iter
1814	 1.285139e-04	 2332	 iter
1815	 1.285139e-04	 2334	 iter
1816	 1.285139e-04	 2335	 iter
1817	 1.285139e-04	 2336	 iter
1818	 1.285139e-04	 2337	 iter
1819	 1.285139e-04	 2338	 iter
1820	 1.285139e-04	 2339	 iter
1821	 1.285139e-04	 2340	 iter
1822	 1.285112e-04	 2342	 iter
1823	 1.285069e-04	 2344	 iter
1824	 1.285069e-04	 2345	 iter
1825	 1.285069e-04	 2346	 iter
1826	 1.285069e-04	 2348	 iter
1827	 1.284806e-04	 2350	 iter
1828	 1.284806e-04	 2351	 iter
1829	 1.284806e-04	 2352	 iter
1830	 1.284566e-04	 2354	 iter
1831	 1.284566e-04	 2355	 iter
1832	 1.284566e-04	 2356	 iter
1833	 1.284566e-04	 2357	 iter
1834	 1.284501e-04	 2359	 iter
1835	 1.284501e-04	 2360	 iter
1836	 1.284501e-04	 2361	 iter
1837	 1.284501e-04	 2362	 iter
1838	 1.284501e-04	 2363	 iter
1839	 1.284501e-04	 2364	 iter
1840	 1.284501e-04	 2365	 iter
1841	 1.284192e-04	 2367	 iter
1842	 1.284192e-04	 2368	 iter
1843	 1.283618e-04	 2370	 iter
1844	 1.283618e-04	 2371	 iter
1845	 1.283618e-04	 2372	 iter
1846	 1.283618e-04	 2373	 iter
1847	 1.283618e-04	 2374	 iter
1848	 1.283618e-04	 2375	 iter
1849	 1.283618e-04	 2376	 iter
1850	 1.283618e-04	 2377	 iter
1851	 1.283618e-04	 2378	 iter
1852	 1.283618e-04	 2379	 iter
1853	 1.283618e-04	 2380	 iter
1854	 1.283481e-04	 2382	 iter
1855	 1.283481e-04	 2383	 iter
1856	 1.283481e-04	 2384	 iter
1857	 1.283481e-04	 2385	 iter
1858	 1.283481e-04	 2386	 iter
1859	 1.283029e-04	 2388	 iter
1860	 1.283029e-04	 2389	 iter
1861	 1.283029e-04	 2390	 iter
1862	 1.283029e-04	 2392	 iter
1863	 1.283029e-04	 2393	 iter
1864	 1.283029e-04	 2394	 iter
1865	 1.283029e-04	 2395	 iter
1866	 1.283029e-04	 2396	 iter
1867	 1.283029e-04	 2397	 iter
1868	 1.282857e-04	 2399	 iter
1869	 1.282857e-04	 2401	 iter
1870	 1.282857e-04	 2402	 iter
1871	 1.282857e-04	 2403	 iter
1872	 1.282857e-04	 2404	 iter
1873	 1.282857e-04	 2405	 iter
1874	 1.282599e-04	 2407	 iter
1875	 1.282599e-04	 2408	 iter
1876	 1.282599e-04	 2409	 iter
1877	 1.282599e-04	 2410	 iter
1878	 1.282219e-04	 2412	 iter
1879	 1.282219e-04	 2413	 iter
1880	 1.282219e-04	 2414	 iter
1881	 1.282219e-04	 2415	 iter
1882	 1.282219e-04	 2416	 iter
1883	 1.282219e-04	 2417	 iter
1884	 1.282219e-04	 2418	 iter
1885	 1.282219e-04	 2419	 iter
1886	 1.282219e-04	 2420	 iter
1887	 1.282219e-04	 2421	 iter
1888	 1.282110e-04	 2423	 iter
1889	 1.282110e-04	 2424	 iter
1890	 1.282110e-04	 2425	 iter
1891	 1.282110e-04	 2426	 iter
1892	 1.281698e-04	 2428	 iter
1893	 1.281698e-04	 2429	 iter
1894	 1.281698e-04	 2431	 iter
1895	 1.281698e-04	 2432	 iter
1896	 1.281698e-04	 2434	 iter
1897	 1.281698e-04	 2435	 iter
1898	 1.281698e-04	 2437	 iter
1899	 1.281698e-04	 2438	 iter
1900	 1.281691e-04	 2440	 iter
1901	 1.281691e-04	 2441	 iter
1902	 1.281691e-04	 2442	 iter
1903	 1.281691e-04	 2444	 iter
1904	 1.281691e-04	 2445	 iter
1905	 1.281691e-04	 2446	 iter
1906	 1.281691e-04	 2448	 iter
1907	 1.281612e-04	 2450	 iter
1908	 1.281612e-04	 2451	 iter
1909	 1.281612e-04	 2452	 iter
1910	 1.281612e-04	 2454	 iter
1911	 1.281612e-04	 2455	 iter
1912	 1.281550e-04	 2457	 iter
1913	 1.281550e-04	 2458	 iter
1914	 1.281422e-04	 2460	 iter
1915	 1.281422e-04	 2461	 iter
1916	 1.281422e-04	 2462	 iter
1917	 1.281422e-04	 2463	 iter
1918	 1.281205e-04	 2465	 iter
1919	 1.281205e-04	 2466	 iter
1920	 1.281182e-04	 2468	 iter
1921	 1.281182e-04	 2469	 iter
1922	 1.281182e-04	 2470	 iter
1923	 1.281182e-04	 2471	 iter
1924	 1.281149e-04	 2473	 iter
1925	 1.281149e-04	 2475	 iter
1926	 1.281149e-04	 2476	 iter
1927	 1.281113e-04	 2478	 iter
1928	 1.281113e-04	 2479	 iter
1929	 1.281113e-04	 2480	 iter
1930	 1.281113e-04	 2481	 iter
1931	 1.281113e-04	 2482	 iter
1932	 1.281113e-04	 2483	 iter
1933	 1.280948e-04	 2485	 iter
1934	 1.280948e-04	 2486	 iter
1935	 1.280948e-04	 2487	 iter
1936	 1.280915e-04	 2489	 iter
1937	 1.280913e-04	 2491	 iter
1938	 1.280714e-04	 2493	 iter
1939	 1.280714e-04	 2494	 iter
1940	 1.280714e-04	 2495	 iter
1941	 1.280714e-04	 2496	 iter
1942	 1.280714e-04	 2497	 iter
1943	 1.280714e-04	 2499	 iter
1944	 1.280714e-04	 2501	 iter
1945	 1.280714e-04	 2502	 iter
1946	 1.280714e-04	 2503	 iter
1947	 1.280714e-04	 2504	 iter
1948	 1.280600e-04	 2506	 iter
1949	 1.280595e-04	 2508	 iter
1950	 1.280595e-04	 2509	 iter
1951	 1.280595e-04	 2510	 iter
1952	 1.280595e-04	 2511	 iter
1953	 1.280595e-04	 2512	 iter
1954	 1.280595e-04	 2513	 iter
1955	 1.280595e-04	 2514	 iter
1956	 1.280595e-04	 2516	 iter
1957	 1.280595e-04	 2518	 iter
1958	 1.280583e-04	 2520	 iter
1959	 1.280540e-04	 2522	 iter
1960	 1.280203e-04	 2524	 iter
1961	 1.280203e-04	 2525	 iter
1962	 1.280203e-04	 2526	 iter
1963	 1.280203e-04	 2527	 iter
1964	 1.280203e-04	 2528	 iter
1965	 1.280203e-04	 2529	 iter
1966	 1.280203e-04	 2530	 iter
1967	 1.280203e-04	 2531	 iter
1968	 1.280203e-04	 2532	 iter
1969	 1.280203e-04	 2533	 iter
1970	 1.280203e-04	 2534	 iter
1971	 1.280203e-04	 2535	 iter
1972	 1.280157e-04	 2537	 iter
1973	 1.280052e-04	 2539	 iter
1974	 1.280052e-04	 2541	 iter
1975	 1.280052e-04	 2542	 iter
1976	 1.280052e-04	 2543	 iter
1977	 1.280052e-04	 2544	 iter
1978	 1.280044e-04	 2546	 iter
1979	 1.279906e-04	 2548	 iter
1980	 1.279899e-04	 2550	 iter
1981	 1.279899e-04	 2551	 iter
1982	 1.279899e-04	 2552	 iter
1983	 1.279831e-04	 2554	 iter
1984	 1.279743e-04	 2556	 iter
1985	 1.279743e-04	 2557	 iter
1986	 1.279425e-04	 2559	 iter
1987	 1.279425e-04	 2560	 iter
1988	 1.279425e-04	 2561	 iter
1989	 1.279425e-04	 2562	 iter
1990	 1.279116e-04	 2564	 iter
1991	 1.279116e-04	 2565	 iter
1992	 1.279116e-04	 2566	 iter
1993	 1.279116e-04	 2567	 iter
1994	 1.279116e-04	 2568	 iter
1995	 1.279116e-04	 2569	 iter
1996	 1.279068e-04	 2571	 iter
1997	 1.278988e-04	 2573	 iter
1998	 1.278988e-04	 2574	 iter
1999	 1.278988e-04	 2575	 iter
2000	 1.278568e-04	 2577	 iter
2001	 1.278568e-04	 2578	 iter
2002	 1.278568e-04	 2579	 iter
2003	 1.278568e-04	 2580	 iter
2004	 1.278454e-04	 2582	 iter
2005	 1.277573e-04	 2584	 iter
2006	 1.277573e-04	 2585	 iter
2007	 1.277573e-04	 2586	 iter
2008	 1.277573e-04	 2587	 iter
2009	 1.277573e-04	 2588	 iter
2010	 1.277573e-04	 2589	 iter
2011	 1.277573e-04	 2590	 iter
2012	 1.277573e-04	 2591	 iter
2013	 1.277573e-04	 2592	 iter
2014	 1.277573e-04	 2593	 iter
2015	 1.277573e-04	 2594	 iter
2016	 1.277385e-04	 2596	 iter
2017	 1.277385e-04	 2597	 iter
2018	 1.276911e-04	 2599	 iter
2019	 1.276911e-04	 2600	 iter
2020	 1.276911e-04	 2601	 iter
2021	 1.276911e-04	 2602	 iter
2022	 1.276290e-04	 2604	 iter
2023	 1.276290e-04	 2605	 iter
2024	 1.276290e-04	 2606	 iter
2025	 1.276290e-04	 2607	 iter
2026	 1.275421e-04	 2609	 iter
2027	 1.275421e-04	 2610	 iter
2028	 1.275421e-04	 2611	 iter
2029	 1.275421e-04	 2612	 iter
2030	 1.275421e-04	 2613	 iter
2031	 1.274551e-04	 2615	 iter
2032	 1.274551e-04	 2616	 iter
2033	 1.274551e-04	 2617	 iter
2034	 1.274551e-04	 2618	 iter
2035	 1.274551e-04	 2619	 iter
2036	 1.274551e-04	 2620	 iter
2037	 1.274442e-04	 2622	 iter
2038	 1.274442e-04	 2623	 iter
2039	 1.274442e-04	 2624	 iter
2040	 1.274383e-04	 2626	 iter
2041	 1.274255e-04	 2628	 iter
2042	 1.274255e-04	 2629	 iter
2043	 1.272633e-04	 2631	 iter
2044	 1.272633e-04	 2632	 iter
2045	 1.272633e-04	 2633	 iter
2046	 1.272633e-04	 2634	 iter
2047	 1.272633e-04	 2635	 iter
2048	 1.272633e-04	 2636	 iter
2049	 1.272633e-04	 2637	 iter
2050	 1.272633e-04	 2638	 iter
2051	 1.272633e-04	 2639	 iter
2052	 1.272633e-04	 2640	 iter
2053	 1.272596e-04	 2642	 iter
2054	 1.272596e-04	 2644	 iter
2055	 1.272596e-04	 2645	 iter
2056	 1.271370e-04	 2647	 iter
2057	 1.271370e-04	 2648	 iter
2058	 1.271370e-04	 2649	 iter
2059	 1.271370e-04	 2650	 iter
2060	 1.271370e-04	 2651	 iter
2061	 1.270937e-04	 2653	 iter
2062	 1.270937e-04	 2654	 iter
2063	 1.270937e-04	 2655	 iter
2064	 1.269612e-04	 2657	 iter
2065	 1.269612e-04	 2658	 iter
2066	 1.269612e-04	 2659	 iter
2067	 1.269612e-04	 2660	 iter
2068	 1.269612e-04	 2661	 iter
2069	 1.269612e-04	 2662	 iter
2070	 1.269084e-04	 2664	 iter
2071	 1.269084e-04	 2665	 iter
2072	 1.268727e-04	 2667	 iter
2073	 1.267468e-04	 2669	 iter
2074	 1.267468e-04	 2670	 iter
2075	 1.267468e-04	 2671	 iter
2076	 1.267468e-04	 2672	 iter
2077	 1.267468e-04	 2673	 iter
2078	 1.266603e-04	 2675	 iter
2079	 1.265467e-04	 2677	 iter
2080	 1.265467e-04	 2678	 iter
2081	 1.265467e-04	 2679	 iter
2082	 1.265467e-04	 2680	 iter
2083	 1.265467e-04	 2681	 iter
2084	 1.265467e-04	 2682	 iter
2085	 1.264503e-04	 2684	 iter
2086	 1.264503e-04	 2685	 iter
2087	 1.263902e-04	 2687	 iter
2088	 1.263902e-04	 2688	 iter
2089	 1.262324e-04	 2690	 iter
2090	 1.262324e-04	 2691	 iter
2091	 1.262324e-04	 2692	 iter
2092	 1.262324e-04	 2693	 iter
2093	 1.262324e-04	 2694	 iter
2094	 1.262324e-04	 2695	 iter
2095	 1.262266e-04	 2697	 iter
2096	 1.262266e-04	 2698	 iter
2097	 1.262266e-04	 2699	 iter
2098	 1.261358e-04	 2701	 iter
2099	 1.261358e-04	 2702	 iter
2100	 1.261358e-04	 2703	 iter
2101	 1.259972e-04	 2705	 iter
2102	 1.259972e-04	 2706	 iter
2103	 1.259972e-04	 2707	 iter
2104	 1.259972e-04	 2708	 iter
2105	 1.259428e-04	 2710	 iter
2106	 1.259428e-04	 2711	 iter
2107	 1.256840e-04	 2713	 iter
2108	 1.256840e-04	 2714	 iter
2109	 1.256840e-04	 2715	 iter
2110	 1.256840e-04	 2716	 iter
2111	 1.256840e-04	 2718	 iter
2112	 1.256840e-04	 2719	 iter
2113	 1.256840e-04	 2720	 iter
2114	 1.256840e-04	 2721	 iter
2115	 1.256840e-04	 2722	 iter
2116	 1.254355e-04	 2724	 iter
2117	 1.254355e-04	 2725	 iter
2118	 1.252023e-04	 2727	 iter
2119	 1.252023e-04	 2728	 iter
2120	 1.252023e-04	 2729	 iter
2121	 1.252023e-04	 2730	 iter
2122	 1.252023e-04	 2731	 iter
2123	 1.252023e-04	 2732	 iter
2124	 1.252023e-04	 2733	 iter
2125	 1.252023e-04	 2734	 iter
2126	 1.252023e-04	 2735	 iter
2127	 1.252023e-04	 2736	 iter
2128	 1.247137e-04	 2738	 iter
2129	 1.247137e-04	 2739	 iter
2130	 1.247137e-04	 2740	 iter
2131	 1.247137e-04	 2741	 iter
2132	 1.247137e-04	 2742	 iter
2133	 1.247137e-04	 2743	 iter
2134	 1.247137e-04	 2744	 iter
2135	 1.247137e-04	 2745	 iter
2136	 1.247137e-04	 2746	 iter
2137	 1.247137e-04	 2747	 iter
2138	 1.246507e-04	 2749	 iter
2139	 1.246507e-04	 2750	 iter
2140	 1.245858e-04	 2752	 iter
2141	 1.245858e-04	 2753	 iter
2142	 1.245663e-04	 2755	 iter
2143	 1.245663e-04	 2756	 iter
2144	 1.245663e-04	 2757	 iter
2145	 1.243153e-04	 2759	 iter
2146	 1.243153e-04	 2760	 iter
2147	 1.238492e-04	 2762	 iter
2148	 1.238492e-04	 2763	 iter
2149	 1.238492e-04	 2764	 iter
2150	 1.238492e-04	 2765	 iter
2151	 1.238492e-04	 2766	 iter
2152	 1.238492e-04	 2767	 iter
2153	 1.238316e-04	 2769	 iter
2154	 1.238316e-04	 2770	 iter
2155	 1.238316e-04	 2771	 iter
2156	 1.238316e-04	 2772	 iter
2157	 1.238316e-04	 2773	 iter
2158	 1.236784e-04	 2775	 iter
2159	 1.236784e-04	 2776	 iter
2160	 1.236784e-04	 2777	 iter
2161	 1.233654e-04	 2779	 iter
2162	 1.233654e-04	 2780	 iter
2163	 1.233654e-04	 2781	 iter
2164	 1.233654e-04	 2782	 iter
2165	 1.233654e-04	 2783	 iter
2166	 1.233654e-04	 2784	 iter
2167	 1.233654e-04	 2785	 iter
2168	 1.233407e-04	 2787	 iter
2169	 1.233009e-04	 2789	 iter
2170	 1.233009e-04	 2790	 iter
2171	 1.233009e-04	 2791	 iter
2172	 1.231103e-04	 2793	 iter
2173	 1.231103e-04	 2794	 iter
2174	 1.231103e-04	 2795	 iter
2175	 1.231103e-04	 2796	 iter
2176	 1.231103e-04	 2797	 iter
2177	 1.231103e-04	 2798	 iter
2178	 1.231103e-04	 2799	 iter
2179	 1.231103e-04	 2800	 iter
2180	 1.231103e-04	 2801	 iter
2181	 1.228810e-04	 2803	 iter
2182	 1.228810e-04	 2804	 iter
2183	 1.228810e-04	 2805	 iter
2184	 1.228723e-04	 2807	 iter
2185	 1.227694e-04	 2809	 iter
2186	 1.227694e-04	 2810	 iter
2187	 1.227694e-04	 2811	 iter
2188	 1.227694e-04	 2812	 iter
2189	 1.227694e-04	 2813	 iter
2190	 1.227676e-04	 2815	 iter
2191	 1.227676e-04	 2816	 iter
2192	 1.227676e-04	 2817	 iter
2193	 1.227165e-04	 2819	 iter
2194	 1.227165e-04	 2820	 iter
2195	 1.227165e-04	 2821	 iter
2196	 1.227165e-04	 2822	 iter
2197	 1.227165e-04	 2823	 iter
2198	 1.227165e-04	 2824	 iter
2199	 1.227165e-04	 2825	 iter
2200	 1.227165e-04	 2826	 iter
2201	 1.227165e-04	 2827	 iter
2202	 1.227165e-04	 2828	 iter
2203	 1.226812e-04	 2830	 iter
2204	 1.225524e-04	 2832	 iter
2205	 1.223166e-04	 2834	 iter
2206	 1.223166e-04	 2835	 iter
2207	 1.223166e-04	 2837	 iter
2208	 1.223166e-04	 2838	 iter
2209	 1.223166e-04	 2839	 iter
2210	 1.223166e-04	 2840	 iter
2211	 1.223166e-04	 2841	 iter
2212	 1.223166e-04	 2842	 iter
2213	 1.223166e-04	 2843	 iter
2214	 1.223166e-04	 2844	 iter
2215	 1.222760e-04	 2846	 iter
2216	 1.222760e-04	 2847	 iter
2217	 1.222760e-04	 2848	 iter
2218	 1.222760e-04	 2849	 iter
2219	 1.222760e-04	 2851	 iter
2220	 1.222760e-04	 2852	 iter
2221	 1.222760e-04	 2853	 iter
2222	 1.222174e-04	 2855	 iter
2223	 1.222174e-04	 2856	 iter
2224	 1.222174e-04	 2857	 iter
2225	 1.220904e-04	 2859	 iter
2226	 1.220904e-04	 2860	 iter
2227	 1.220904e-04	 2861	 iter
2228	 1.220904e-04	 2862	 iter
2229	 1.220904e-04	 2863	 iter
2230	 1.220904e-04	 2864	 iter
2231	 1.216686e-04	 2866	 iter
2232	 1.216686e-04	 2867	 iter
2233	 1.216686e-04	 2868	 iter
2234	 1.216686e-04	 2869	 iter
2235	 1.216686e-04	 2870	 iter
2236	 1.216686e-04	 2871	 iter
2237	 1.216686e-04	 2872	 iter
2238	 1.216686e-04	 2873	 iter
2239	 1.216686e-04	 2874	 iter
2240	 1.216686e-04	 2875	 iter
2241	 1.216686e-04	 2876	 iter
2242	 1.216686e-04	 2877	 iter
2243	 1.216686e-04	 2878	 iter
2244	 1.216686e-04	 2879	 iter
2245	 1.216686e-04	 2880	 iter
2246	 1.216686e-04	 2881	 iter
2247	 1.216686e-04	 2882	 iter
2248	 1.215460e-04	 2884	 iter
2249	 1.215460e-04	 2886	 iter
2250	 1.215460e-04	 2887	 iter
2251	 1.212898e-04	 2889	 iter
2252	 1.212898e-04	 2891	 iter
2253	 1.212898e-04	 2892	 iter
2254	 1.212898e-04	 2893	 iter
2255	 1.212898e-04	 2894	 iter
2256	 1.212898e-04	 2895	 iter
2257	 1.212898e-04	 2897	 iter
2258	 1.212898e-04	 2898	 iter
2259	 1.212898e-04	 2899	 iter
2260	 1.212898e-04	 2900	 iter
2261	 1.212898e-04	 2901	 iter
2262	 1.212898e-04	 2902	 iter
2263	 1.212898e-04	 2903	 iter
2264	 1.212898e-04	 2904	 iter
2265	 1.212898e-04	 2906	 iter
2266	 1.212898e-04	 2907	 iter
2267	 1.212898e-04	 2908	 iter
2268	 1.212898e-04	 2909	 iter
2269	 1.212898e-04	 2910	 iter
2270	 1.212898e-04	 2911	 iter
2271	 1.212898e-04	 2912	 iter
2272	 1.212898e-04	 2913	 iter
2273	 1.212898e-04	 2914	 iter
2274	 1.212898e-04	 2916	 iter
2275	 1.212898e-04	 2917	 iter
2276	 1.212898e-04	 2918	 iter
2277	 1.212898e-04	 2919	 iter
2278	 1.212898e-04	 2920	 iter
2279	 1.212898e-04	 2922	 iter
2280	 1.212898e-04	 2923	 iter
2281	 1.212855e-04	 2925	 iter
2282	 1.211748e-04	 2927	 iter
2283	 1.211748e-04	 2929	 iter
2284	 1.211748e-04	 2931	 iter
2285	 1.211748e-04	 2932	 iter
2286	 1.211748e-04	 2933	 iter
2287	 1.211748e-04	 2935	 iter
2288	 1.211748e-04	 2937	 iter
2289	 1.211748e-04	 2938	 iter
2290	 1.211748e-04	 2939	 iter
2291	 1.211748e-04	 2941	 iter
2292	 1.211748e-04	 2942	 iter
2293	 1.211695e-04	 2944	 iter
2294	 1.211695e-04	 2945	 iter
2295	 1.211695e-04	 2946	 iter
2296	 1.211695e-04	 2947	 iter
2297	 1.211695e-04	 2949	 iter
2298	 1.211629e-04	 2951	 iter
2299	 1.211629e-04	 2952	 iter
2300	 1.211579e-04	 2954	 iter
2301	 1.211579e-04	 2955	 iter
2302	 1.211450e-04	 2957	 iter
2303	 1.210321e-04	 2959	 iter
2304	 1.210321e-04	 2960	 iter
2305	 1.210270e-04	 2962	 iter
2306	 1.210270e-04	 2963	 iter
2307	 1.210270e-04	 2965	 iter
2308	 1.210270e-04	 2966	 iter
2309	 1.210270e-04	 2967	 iter
2310	 1.210270e-04	 2969	 iter
2311	 1.210270e-04	 2971	 iter
2312	 1.210270e-04	 2973	 iter
2313	 1.210270e-04	 2975	 iter
2314	 1.210270e-04	 2977	 iter
2315	 1.210270e-04	 2978	 iter
2316	 1.209993e-04	 2980	 iter
2317	 1.209993e-04	 2981	 iter
2318	 1.209993e-04	 2982	 iter
2319	 1.209993e-04	 2983	 iter
2320	 1.209993e-04	 2984	 iter
2321	 1.209993e-04	 2985	 iter
2322	 1.209993e-04	 2986	 iter
2323	 1.209967e-04	 2988	 iter
2324	 1.209967e-04	 2989	 iter
2325	 1.209885e-04	 2991	 iter
2326	 1.209885e-04	 2992	 iter
2327	 1.209293e-04	 2994	 iter
2328	 1.209293e-04	 2995	 iter
2329	 1.209293e-04	 2996	 iter
2330	 1.209293e-04	 2997	 iter
2331	 1.209293e-04	 2998	 iter
2332	 1.209293e-04	 2999	 iter
2333	 1.208923e-04	 3001	 iter
2334	 1.208923e-04	 3002	 iter
2335	 1.208923e-04	 3003	 iter
2336	 1.208923e-04	 3004	 iter
2337	 1.208923e-04	 3005	 iter
2338	 1.208923e-04	 3006	 iter
2339	 1.208923e-04	 3007	 iter
2340	 1.208922e-04	 3009	 iter
2341	 1.208570e-04	 3011	 iter
2342	 1.208570e-04	 3012	 iter
2343	 1.208570e-04	 3013	 iter
2344	 1.208570e-04	 3014	 iter
2345	 1.207973e-04	 3016	 iter
2346	 1.207973e-04	 3017	 iter
2347	 1.207604e-04	 3019	 iter
2348	 1.207604e-04	 3020	 iter
2349	 1.207604e-04	 3021	 iter
2350	 1.207604e-04	 3022	 iter
2351	 1.207604e-04	 3023	 iter
2352	 1.207604e-04	 3024	 iter
2353	 1.207604e-04	 3025	 iter
2354	 1.207604e-04	 3026	 iter
2355	 1.207604e-04	 3027	 iter
2356	 1.207604e-04	 3028	 iter
2357	 1.207604e-04	 3029	 iter
2358	 1.207604e-04	 3030	 iter
2359	 1.207604e-04	 3031	 iter
2360	 1.207067e-04	 3033	 iter
2361	 1.207067e-04	 3034	 iter
2362	 1.207067e-04	 3035	 iter
2363	 1.207067e-04	 3036	 iter
2364	 1.206982e-04	 3038	 iter
2365	 1.206982e-04	 3039	 iter
2366	 1.206982e-04	 3040	 iter
2367	 1.206982e-04	 3041	 iter
2368	 1.206564e-04	 3043	 iter
2369	 1.206564e-04	 3044	 iter
2370	 1.206564e-04	 3045	 iter
2371	 1.206564e-04	 3046	 iter
2372	 1.206099e-04	 3048	 iter
2373	 1.206099e-04	 3049	 iter
2374	 1.206099e-04	 3050	 iter
2375	 1.206099e-04	 3051	 iter
2376	 1.206099e-04	 3052	 iter
2377	 1.206099e-04	 3054	 iter
2378	 1.206099e-04	 3055	 iter
2379	 1.206099e-04	 3057	 iter
2380	 1.206099e-04	 3058	 iter
2381	 1.206099e-04	 3059	 iter
2382	 1.206099e-04	 3060	 iter
2383	 1.206099e-04	 3061	 iter
2384	 1.206099e-04	 3062	 iter
2385	 1.206099e-04	 3064	 iter
2386	 1.206099e-04	 3066	 iter
2387	 1.206099e-04	 3067	 iter
2388	 1.206099e-04	 3068	 iter
2389	 1.206099e-04	 3069	 iter
2390	 1.206099e-04	 3071	 iter
2391	 1.205808e-04	 3073	 iter
2392	 1.205808e-04	 3075	 iter
2393	 1.205808e-04	 3076	 iter
2394	 1.205808e-04	 3077	 iter
2395	 1.205808e-04	 3079	 iter
2396	 1.205808e-04	 3080	 iter
2397	 1.205808e-04	 3081	 iter
2398	 1.205808e-04	 3082	 iter
2399	 1.205808e-04	 3084	 iter
2400	 1.205808e-04	 3086	 iter
2401	 1.205808e-04	 3087	 iter
2402	 1.205808e-04	 3088	 iter
2403	 1.205808e-04	 3090	 iter
2404	 1.205808e-04	 3092	 iter
2405	 1.205808e-04	 3094	 iter
2406	 1.205808e-04	 3095	 iter
2407	 1.205808e-04	 3097	 iter
2408	 1.205808e-04	 3098	 iter
2409	 1.205808e-04	 3099	 iter
2410	 1.205808e-04	 3100	 iter
2411	 1.205808e-04	 3101	 iter
2412	 1.205698e-04	 3103	 iter
2413	 1.205698e-04	 3105	 iter
2414	 1.205698e-04	 3107	 iter
2415	 1.205698e-04	 3108	 iter
2416	 1.205647e-04	 3110	 iter
2417	 1.205647e-04	 3112	 iter
2418	 1.205647e-04	 3113	 iter
2419	 1.205647e-04	 3114	 iter
2420	 1.205647e-04	 3116	 iter
2421	 1.205647e-04	 3117	 iter
2422	 1.205636e-04	 3119	 iter
2423	 1.205620e-04	 3121	 iter
2424	 1.205620e-04	 3122	 iter
2425	 1.205620e-04	 3123	 iter
2426	 1.205620e-04	 3124	 iter
2427	 1.205620e-04	 3125	 iter
2428	 1.205577e-04	 3127	 iter
2429	 1.205484e-04	 3129	 iter
2430	 1.205484e-04	 3130	 iter
2431	 1.205484e-04	 3131	 iter
2432	 1.205484e-04	 3132	 iter
2433	 1.205484e-04	 3133	 iter
2434	 1.205484e-04	 3135	 iter
2435	 1.205484e-04	 3136	 iter
2436	 1.205484e-04	 3137	 iter
2437	 1.205484e-04	 3138	 iter
2438	 1.205484e-04	 3139	 iter
2439	 1.205484e-04	 3140	 iter
2440	 1.205484e-04	 3141	 iter
2441	 1.205484e-04	 3143	 iter
2442	 1.205484e-04	 3145	 iter
2443	 1.205484e-04	 3146	 iter
2444	 1.205484e-04	 3147	 iter
2445	 1.205484e-04	 3148	 iter
2446	 1.205484e-04	 3150	 iter
2447	 1.205484e-04	 3151	 iter
2448	 1.205484e-04	 3153	 iter
2449	 1.205484e-04	 3155	 iter
2450	 1.205484e-04	 3157	 iter
2451	 1.205484e-04	 3158	 iter
2452	 1.205446e-04	 3160	 iter
2453	 1.205446e-04	 3161	 iter
2454	 1.205446e-04	 3162	 iter
2455	 1.205446e-04	 3163	 iter
2456	 1.205446e-04	 3165	 iter
2457	 1.205446e-04	 3167	 iter
2458	 1.205426e-04	 3169	 iter
2459	 1.205426e-04	 3171	 iter
2460	 1.205426e-04	 3172	 iter
2461	 1.205426e-04	 3173	 iter
2462	 1.205426e-04	 3174	 iter
2463	 1.205426e-04	 3175	 iter
2464	 1.205426e-04	 3176	 iter
2465	 1.205426e-04	 3177	 iter
2466	 1.205415e-04	 3179	 iter
2467	 1.205415e-04	 3181	 iter
2468	 1.205415e-04	 3182	 iter
2469	 1.205415e-04	 3183	 iter
2470	 1.205415e-04	 3185	 iter
2471	 1.205402e-04	 3187	 iter
2472	 1.205395e-04	 3189	 iter
2473	 1.205395e-04	 3190	 iter
2474	 1.205395e-04	 3192	 iter
2475	 1.205395e-04	 3194	 iter
2476	 1.205395e-04	 3195	 iter
2477	 1.205395e-04	 3196	 iter
2478	 1.205395e-04	 3197	 iter
2479	 1.205384e-04	 3199	 iter
2480	 1.205381e-04	 3201	 iter
2481	 1.205364e-04	 3203	 iter
2482	 1.205364e-04	 3204	 iter
2483	 1.205364e-04	 3205	 iter
2484	 1.205364e-04	 3206	 iter
2485	 1.205364e-04	 3208	 iter
2486	 1.205364e-04	 3210	 iter
2487	 1.205364e-04	 3211	 iter
2488	 1.205364e-04	 3212	 iter
2489	 1.205364e-04	 3213	 iter
2490	 1.205364e-04	 3215	 iter
2491	 1.205364e-04	 3216	 iter
2492	 1.205364e-04	 3218	 iter
2493	 1.205364e-04	 3219	 iter
2494	 1.205364e-04	 3220	 iter
2495	 1.205343e-04	 3222	 iter
2496	 1.205343e-04	 3223	 iter
2497	 1.205343e-04	 3225	 iter
2498	 1.205343e-04	 3227	 iter
2499	 1.205343e-04	 3228	 iter
2500	 1.205343e-04	 3229	 iter
2501	 1.205343e-04	 3231	 iter
2502	 1.205343e-04	 3233	 iter
2503	 1.205343e-04	 3235	 iter
2504	 1.205331e-04	 3237	 iter
2505	 1.205331e-04	 3238	 iter
2506	 1.205331e-04	 3239	 iter
2507	 1.205331e-04	 3241	 iter
2508	 1.205331e-04	 3242	 iter
2509	 1.205331e-04	 3243	 iter
2510	 1.205330e-04	 3245	 iter
2511	 1.205330e-04	 3247	 iter
2512	 1.205330e-04	 3248	 iter
2513	 1.205330e-04	 3249	 iter
2514	 1.205330e-04	 3250	 iter
2515	 1.205330e-04	 3252	 iter
2516	 1.205330e-04	 3254	 iter
2517	 1.205330e-04	 3255	 iter
2518	 1.205330e-04	 3256	 iter
2519	 1.205328e-04	 3258	 iter
2520	 1.205321e-04	 3260	 iter
2521	 1.205321e-04	 3261	 iter
2522	 1.205321e-04	 3262	 iter
2523	 1.205321e-04	 3263	 iter
2524	 1.205321e-04	 3265	 iter
2525	 1.205321e-04	 3266	 iter
2526	 1.205321e-04	 3267	 iter
2527	 1.205321e-04	 3269	 iter
2528	 1.205321e-04	 3270	 iter
2529	 1.205321e-04	 3272	 iter
2530	 1.205321e-04	 3273	 iter
2531	 1.205321e-04	 3275	 iter
2532	 1.205321e-04	 3276	 iter
2533	 1.205321e-04	 3278	 iter
2534	 1.205313e-04	 3280	 iter
2535	 1.205313e-04	 3281	 iter
2536	 1.205313e-04	 3283	 iter
2537	 1.205313e-04	 3284	 iter
2538	 1.205313e-04	 3285	 iter
2539	 1.205313e-04	 3287	 iter
2540	 1.205313e-04	 3288	 iter
2541	 1.205313e-04	 3290	 iter
2542	 1.205313e-04	 3291	 iter
2543	 1.205312e-04	 3293	 iter
2544	 1.205312e-04	 3295	 iter
2545	 1.205312e-04	 3296	 iter
2546	 1.205312e-04	 3298	 iter
2547	 1.205312e-04	 3299	 iter
2548	 1.205312e-04	 3300	 iter
2549	 1.205310e-04	 3302	 iter
2550	 1.205310e-04	 3303	 iter
2551	 1.205310e-04	 3304	 iter
2552	 1.205310e-04	 3306	 iter
2553	 1.205310e-04	 3308	 iter
2554	 1.205310e-04	 3310	 iter
2555	 1.205310e-04	 3311	 iter
2556	 1.205308e-04	 3313	 iter
2557	 1.205308e-04	 3314	 iter
2558	 1.205308e-04	 3316	 iter
2559	 1.205307e-04	 3318	 iter
2560	 1.205307e-04	 3319	 iter
2561	 1.205307e-04	 3320	 iter
2562	 1.205307e-04	 3321	 iter
2563	 1.205307e-04	 3322	 iter
2564	 1.205307e-04	 3324	 iter
2565	 1.205307e-04	 3325	 iter
2566	 1.205307e-04	 3326	 iter
2567	 1.205307e-04	 3327	 iter
2568	 1.205307e-04	 3329	 iter
2569	 1.205307e-04	 3331	 iter
2570	 1.205307e-04	 3332	 iter
2571	 1.205307e-04	 3333	 iter
2572	 1.205307e-04	 3334	 iter
2573	 1.205307e-04	 3336	 iter
2574	 1.205306e-04	 3338	 iter
2575	 1.205306e-04	 3340	 iter
2576	 1.205306e-04	 3341	 iter
2577	 1.205305e-04	 3343	 iter
2578	 1.205305e-04	 3344	 iter
2579	 1.205305e-04	 3345	 iter
2580	 1.205305e-04	 3347	 iter
2581	 1.205305e-04	 3348	 iter
2582	 1.205305e-04	 3350	 iter
2583	 1.205305e-04	 3351	 iter
2584	 1.205305e-04	 3352	 iter
2585	 1.205305e-04	 3354	 iter
2586	 1.205302e-04	 3356	 iter
2587	 1.205302e-04	 3358	 iter
2588	 1.205302e-04	 3359	 iter
2589	 1.205302e-04	 3360	 iter
2590	 1.205302e-04	 3361	 iter
2591	 1.205302e-04	 3363	 iter
2592	 1.205302e-04	 3365	 iter
2593	 1.205302e-04	 3367	 iter
2594	 1.205302e-04	 3368	 iter
2595	 1.205302e-04	 3370	 iter
2596	 1.205302e-04	 3372	 iter
2597	 1.205302e-04	 3374	 iter
2598	 1.205302e-04	 3376	 iter
2599	 1.205302e-04	 3377	 iter
2600	 1.205302e-04	 3379	 iter
2601	 1.205302e-04	 3381	 iter
2602	 1.205301e-04	 3383	 iter
2603	 1.205301e-04	 3384	 iter
2604	 1.205301e-04	 3385	 iter
2605	 1.205301e-04	 3386	 iter
2606	 1.205301e-04	 3387	 iter
2607	 1.205301e-04	 3389	 iter
2608	 1.205301e-04	 3390	 iter
2609	 1.205300e-04	 3392	 iter
2610	 1.205300e-04	 3393	 iter
2611	 1.205300e-04	 3395	 iter
2612	 1.205300e-04	 3396	 iter
2613	 1.205300e-04	 3397	 iter
2614	 1.205300e-04	 3399	 iter
2614	 1.205300e-04	 3399	 done
