0	 2.706649e-32	 1	 init
0	 2.706649e-32	 1	 iter
1	 2.706649e-32	 17	 iter
2	 2.706649e-32	 19	 iter
3	 2.706649e-32	 21	 iter
4	 2.706649e-32	 23	 iter
5	 2.706649e-32	 25	 iter
6	 2.706649e-32	 27	 iter
7	 2.706649e-32	 29	 iter
8	 2.706649e-32	 31	 iter
9	 2.706649e-32	 33	 iter
10	 2.706649e-32	 35	 iter
11	 2.706649e-32	 37	 iter
12	 2.706649e-32	 39	 iter
13	 2.706649e-32	 41	 iter
14	 2.706649e-32	 43	 iter
15	 2.706649e-32	 45	 iter
16	 2.706649e-32	 47	 iter
17	 2.706649e-32	 49	 iter
18	 2.706649e-32	 51	 iter
19	 2.706649e-32	 53	 iter
20	 2.706649e-32	 55	 iter
21	 2.706649e-32	 57	 iter
22	 2.706649e-32	 59	 iter
23	 2.706649e-32	 61	 iter
24	 2.706649e-32	 63	 iter
25	 2.706649e-32	 64	 iter
26	 2.706649e-32	 66	 iter
27	 2.706649e-32	 68	 iter
28	 2.706649e-32	 70	 iter
29	 2.706649e-32	 72	 iter
30	 2.706649e-32	 74	 iter
31	 2.706649e-32	 76	 iter
32	 2.706649e-32	 78	 iter
33	 2.706649e-32	 80	 iter
34	 2.706649e-32	 82	 iter
35	 2.706649e-32	 84	 iter
36	 2.706649e-32	 86	 iter
37	 2.706649e-32	 88	 iter
38	 2.706649e-32	 90	 iter
39	 2.706649e-32	 92	 iter
40	 2.706649e-32	 94	 iter
41	 2.706649e-32	 96	 iter
42	 2.706649e-32	 97	 iter
43	 2.706649e-32	 98	 iter
44	 2.706649e-32	 100	 iter
45	 2.706649e-32	 102	 iter
46	 2.706649e-32	 104	 iter
47	 2.706649e-32	 106	 iter
48	 2.706649e-32	 108	 iter
49	 2.706649e-32	 110	 iter
50	 2.706649e-32	 112	 iter
51	 2.706649e-32	 114	 iter
52	 2.706649e-32	 116	 iter
53	 2.706649e-32	 117	 iter
54	 2.706649e-32	 119	 iter
55	 2.706649e-32	 121	 iter
56	 2.706649e-32	 123	 iter
57	 2.706649e-32	 125	 iter
58	 2.706649e-32	 127	 iter
59	 2.706649e-32	 129	 iter
60	 2.706649e-32	 131	 iter
61	 2.706649e-32	 133	 iter
62	 2.706649e-32	 135	 iter
63	 2.706649e-32	 137	 iter
64	 2.706649e-32	 139	 iter
65	 2.706649e-32	 141	 iter
66	 2.706649e-32	 143	 iter
67	 2.706649e-32	 145	 iter
68	 2.706649e-32	 147	 iter
69	 2.706649e-32	 149	 iter
70	 2.706649e-32	 150	 iter
71	 2.706649e-32	 152	 iter
72	 2.706649e-32	 154	 iter
73	 2.706649e-32	 156	 iter
74	 2.706649e-32	 158	 iter
75	 2.706649e-32	 159	 iter
76	 2.706649e-32	 161	 iter
77	 2.706649e-32	 163	 iter
78	 2.706649e-32	 165	 iter
79	 2.706649e-32	 167	 iter
80	 2.706649e-32	 168	 iter
81	 2.706649e-32	 170	 iter
82	 2.706649e-32	 172	 iter
83	 2.706649e-32	 174	 iter
84	 2.706649e-32	 175	 iter
85	 2.706649e-32	 177	 iter
86	 2.706649e-32	 179	 iter
87	 2.706649e-32	 180	 iter
88	 2.706649e-32	 181	 iter
89	 2.706649e-32	 183	 iter
90	 2.706649e-32	 185	 iter
91	 2.706649e-32	 187	 iter
92	 2.706649e-32	 188	 iter
93	 2.706649e-32	 189	 iter
94	 2.706649e-32	 191	 iter
95	 2.706649e-32	 193	 iter
96	 2.706649e-32	 195	 iter
97	 2.706649e-32	 196	 iter
98	 2.706649e-32	 198	 iter
99	 2.706649e-32	 200	 iter
100	 2.706649e-32	 201	 iter
101	 2.706649e-32	 203	 iter
102	 2.706649e-32	 204	 iter
103	 2.706649e-32	 205	 iter
104	 2.706649e-32	 206	 iter
105	 2.706649e-32	 208	 iter
106	 2.706649e-32	 209	 iter
107	 2.706649e-32	 210	 iter
108	 2.706649e-32	 212	 iter
109	 2.706649e-32	 213	 iter
110	 2.706649e-32	 214	 iter
111	 2.706649e-32	 215	 iter
112	 2.706649e-32	 217	 iter
113	 2.706649e-32	 218	 iter
114	 2.706649e-32	 220	 iter
115	 2.706649e-32	 221	 iter
116	 2.706649e-32	 222	 iter
117	 2.706649e-32	 223	 iter
118	 2.706649e-32	 224	 iter
119	 2.706649e-32	 226	 iter
120	 2.706649e-32	 227	 iter
121	 2.706649e-32	 228	 iter
122	 2.706649e-32	 229	 iter
123	 2.706649e-32	 230	 iter
124	 2.706649e-32	 231	 iter
125	 2.706649e-32	 233	 iter
126	 2.706649e-32	 234	 iter
127	 2.706649e-32	 235	 iter
128	 2.706649e-32	 236	 iter
129	 2.706649e-32	 238	 iter
130	 2.706649e-32	 240	 iter
131	 2.706649e-32	 242	 iter
132	 2.706649e-32	 244	 iter
133	 2.706649e-32	 246	 iter
134	 2.706649e-32	 248	 iter
135	 2.706649e-32	 249	 iter
136	 2.706649e-32	 250	 iter
137	 2.706649e-32	 251	 iter
138	 2.706649e-32	 252	 iter
139	 2.706649e-32	 253	 iter
140	 2.706649e-32	 255	 iter
141	 2.706649e-32	 257	 iter
142	 2.706649e-32	 259	 iter
143	 2.706649e-32	 261	 iter
144	 2.706649e-32	 262	 iter
145	 2.706649e-32	 264	 iter
146	 2.706649e-32	 266	 iter
147	 2.706649e-32	 268	 iter
148	 2.706649e-32	 269	 iter
149	 2.706649e-32	 270	 iter
149	 2.706649e-32	 270	 done
