0	 9.629700e-33	 1	 init
0	 9.629700e-33	 1	 iter
1	 9.629700e-33	 17	 iter
2	 9.629700e-33	 19	 iter
3	 9.629700e-33	 21	 iter
4	 9.629700e-33	 23	 iter
5	 9.629700e-33	 25	 iter
6	 9.629700e-33	 27	 iter
7	 9.629700e-33	 29	 iter
8	 9.629700e-33	 30	 iter
9	 9.629700e-33	 32	 iter
10	 9.629700e-33	 34	 iter
11	 9.629700e-33	 36	 iter
12	 9.629700e-33	 37	 iter
13	 9.629700e-33	 39	 iter
14	 9.629700e-33	 41	 iter
15	 9.629700e-33	 43	 iter
16	 9.629700e-33	 45	 iter
17	 9.629700e-33	 47	 iter
18	 9.629700e-33	 49	 iter
19	 9.629700e-33	 50	 iter
20	 9.629700e-33	 52	 iter
21	 9.629700e-33	 54	 iter
22	 9.629700e-33	 56	 iter
23	 9.629700e-33	 58	 iter
24	 9.629700e-33	 60	 iter
25	 9.629700e-33	 62	 iter
26	 9.629700e-33	 64	 iter
27	 9.629700e-33	 66	 iter
28	 9.629700e-33	 68	 iter
29	 9.629700e-33	 70	 iter
30	 9.629700e-33	 72	 iter
31	 9.629700e-33	 73	 iter
32	 9.629700e-33	 75	 iter
33	 9.629700e-33	 77	 iter
34	 9.629700e-33	 79	 iter
35	 9.629700e-33	 81	 iter
36	 9.629700e-33	 83	 iter
37	 9.629700e-33	 85	 iter
38	 9.629700e-33	 87	 iter
39	 9.629700e-33	 89	 iter
40	 9.629700e-33	 91	 iter
41	 9.629700e-33	 93	 iter
42	 9.629700e-33	 95	 iter
43	 9.629700e-33	 97	 iter
44	 9.629700e-33	 99	 iter
45	 9.629700e-33	 101	 iter
46	 9.629700e-33	 103	 iter
47	 9.629700e-33	 105	 iter
48	 9.629700e-33	 107	 iter
49	 9.629700e-33	 109	 iter
50	 9.629700e-33	 111	 iter
51	 9.629700e-33	 113	 iter
52	 9.629700e-33	 115	 iter
53	 9.629700e-33	 117	 iter
54	 9.629700e-33	 119	 iter
55	 9.629700e-33	 121	 iter
56	 9.629700e-33	 123	 iter
57	 9.629700e-33	 125	 iter
58	 9.629700e-33	 127	 iter
59	 9.629700e-33	 128	 iter
60	 9.629700e-33	 130	 iter
61	 9.629700e-33	 132	 iter
62	 9.629700e-33	 134	 iter
63	 9.629700e-33	 136	 iter
64	 9.629700e-33	 138	 iter
65	 9.629700e-33	 139	 iter
66	 9.629700e-33	 140	 iter
67	 9.629700e-33	 141	 iter
68	 9.629700e-33	 142	 iter
69	 9.629700e-33	 144	 iter
70	 9.629700e-33	 146	 iter
71	 9.629700e-33	 148	 iter
72	 9.629700e-33	 149	 iter
73	 9.629700e-33	 151	 iter
74	 9.629700e-33	 152	 iter
75	 9.629700e-33	 154	 iter
76	 9.629700e-33	 156	 iter
77	 9.629700e-33	 157	 iter
78	 9.629700e-33	 158	 iter
79	 9.629700e-33	 159	 iter
80	 9.629700e-33	 161	 iter
81	 9.629700e-33	 163	 iter
82	 9.629700e-33	 164	 iter
83	 9.629700e-33	 166	 iter
84	 9.629700e-33	 167	 iter
85	 9.629700e-33	 168	 iter
86	 9.629700e-33	 169	 iter
87	 9.629700e-33	 171	 iter
88	 9.629700e-33	 173	 iter
89	 9.629700e-33	 175	 iter
90	 9.629700e-33	 177	 iter
91	 9.629700e-33	 179	 iter
92	 9.629700e-33	 180	 iter
93	 9.629700e-33	 181	 iter
94	 9.629700e-33	 182	 iter
95	 9.629700e-33	 184	 iter
96	 9.629700e-33	 185	 iter
97	 9.629700e-33	 187	 iter
98	 9.629700e-33	 189	 iter
99	 9.629700e-33	 191	 iter
100	 9.629700e-33	 192	 iter
101	 9.629700e-33	 194	 iter
102	 9.629700e-33	 196	 iter
103	 9.629700e-33	 198	 iter
104	 9.629700e-33	 200	 iter
105	 9.629700e-33	 201	 iter
106	 9.629700e-33	 202	 iter
107	 9.629700e-33	 204	 iter
108	 9.629700e-33	 206	 iter
109	 9.629700e-33	 207	 iter
110	 9.629700e-33	 208	 iter
111	 9.629700e-33	 209	 iter
112	 9.629700e-33	 211	 iter
113	 9.629700e-33	 212	 iter
114	 9.629700e-33	 213	 iter
115	 9.629700e-33	 215	 iter
116	 9.629700e-33	 217	 iter
117	 9.629700e-33	 219	 iter
118	 9.629700e-33	 221	 iter
119	 9.629700e-33	 222	 iter
120	 9.629700e-33	 224	 iter
121	 9.629700e-33	 225	 iter
122	 9.629700e-33	 227	 iter
123	 9.629700e-33	 229	 iter
124	 9.629700e-33	 231	 iter
125	 9.629700e-33	 232	 iter
126	 9.629700e-33	 233	 iter
127	 9.629700e-33	 234	 iter
128	 9.629700e-33	 236	 iter
129	 9.629700e-33	 238	 iter
130	 9.629700e-33	 239	 iter
131	 9.629700e-33	 240	 iter
132	 9.629700e-33	 242	 iter
133	 9.629700e-33	 243	 iter
134	 9.629700e-33	 245	 iter
135	 9.629700e-33	 246	 iter
136	 9.629700e-33	 247	 iter
137	 9.629700e-33	 249	 iter
138	 9.629700e-33	 250	 iter
139	 9.629700e-33	 252	 iter
140	 9.629700e-33	 253	 iter
141	 9.629700e-33	 254	 iter
142	 9.629700e-33	 255	 iter
143	 9.629700e-33	 257	 iter
144	 9.629700e-33	 258	 iter
145	 9.629700e-33	 260	 iter
146	 9.629700e-33	 261	 iter
147	 9.629700e-33	 262	 iter
148	 9.629700e-33	 264	 iter
149	 9.629700e-33	 266	 iter
150	 9.629700e-33	 268	 iter
151	 9.629700e-33	 270	 iter
152	 9.629700e-33	 271	 iter
153	 9.629700e-33	 272	 iter
154	 9.629700e-33	 273	 iter
155	 9.629700e-33	 275	 iter
156	 9.629700e-33	 277	 iter
157	 9.629700e-33	 278	 iter
158	 9.629700e-33	 280	 iter
159	 9.629700e-33	 282	 iter
160	 9.629700e-33	 283	 iter
161	 9.629700e-33	 285	 iter
162	 9.629700e-33	 287	 iter
163	 9.629700e-33	 289	 iter
164	 9.629700e-33	 291	 iter
165	 9.629700e-33	 292	 iter
166	 9.629700e-33	 294	 iter
167	 9.629700e-33	 295	 iter
168	 9.629700e-33	 296	 iter
169	 9.629700e-33	 297	 iter
170	 9.629700e-33	 298	 iter
171	 9.629700e-33	 299	 iter
172	 9.629700e-33	 301	 iter
173	 9.629700e-33	 302	 iter
174	 9.629700e-33	 303	 iter
175	 9.629700e-33	 305	 iter
176	 9.629700e-33	 306	 iter
177	 9.629700e-33	 307	 iter
178	 9.629700e-33	 308	 iter
179	 9.629700e-33	 309	 iter
179	 9.629700e-33	 309	 done
