0	 6.787813e-04	 1	 init
0	 6.787813e-04	 1	 iter
1	 6.749135e-04	 17	 iter
2	 6.749135e-04	 19	 iter
3	 6.749135e-04	 21	 iter
4	 6.749135e-04	 23	 iter
5	 6.749135e-04	 25	 iter
6	 6.749135e-04	 26	 iter
7	 6.749135e-04	 28	 iter
8	 6.749135e-04	 29	 iter
9	 6.749135e-04	 31	 iter
10	 6.749135e-04	 33	 iter
11	 6.749135e-04	 35	 iter
12	 6.663451e-04	 37	 iter
13	 6.663451e-04	 38	 iter
14	 6.663451e-04	 40	 iter
15	 6.663451e-04	 41	 iter
16	 6.663451e-04	 43	 iter
17	 6.663451e-04	 45	 iter
18	 6.663451e-04	 47	 iter
19	 6.663451e-04	 48	 iter
20	 6.663451e-04	 49	 iter
21	 6.663451e-04	 50	 iter
22	 6.663451e-04	 51	 iter
23	 6.663451e-04	 52	 iter
24	 6.663451e-04	 53	 iter
25	 6.663451e-04	 54	 iter
26	 6.663451e-04	 55	 iter
27	 6.663451e-04	 56	 iter
28	 6.663451e-04	 57	 iter
29	 6.663451e-04	 58	 iter
30	 6.663451e-04	 59	 iter
31	 6.663451e-04	 60	 iter
32	 6.663451e-04	 61	 iter
33	 6.639681e-04	 63	 iter
34	 6.639681e-04	 64	 iter
35	 6.639681e-04	 65	 iter
36	 6.612746e-04	 67	 iter
37	 6.612746e-04	 68	 iter
38	 6.612746e-04	 69	 iter
39	 6.612746e-04	 70	 iter
40	 6.572033e-04	 72	 iter
41	 6.572033e-04	 73	 iter
42	 6.572033e-04	 74	 iter
43	 6.523679e-04	 76	 iter
44	 6.523679e-04	 77	 iter
45	 6.523679e-04	 78	 iter
46	 6.523679e-04	 79	 iter
47	 6.523679e-04	 80	 iter
48	 6.465312e-04	 82	 iter
49	 6.465312e-04	 83	 iter
50	 6.465312e-04	 84	 iter
51	 6.465312e-04	 85	 iter
52	 6.465312e-04	 86	 iter
53	 6.465312e-04	 87	 iter
54	 6.465312e-04	 88	 iter
55	 6.410785e-04	 90	 iter
56	 6.410785e-04	 91	 iter
57	 6.410785e-04	 92	 iter
58	 6.410785e-04	 93	 iter
59	 6.410785e-04	 94	 iter
60	 6.324596e-04	 96	 iter
61	 6.324596e-04	 97	 iter
62	 6.324596e-04	 98	 iter
63	 6.324596e-04	 99	 iter
64	 6.324596e-04	 100	 iter
65	 6.324596e-04	 101	 iter
66	 6.324596e-04	 102	 iter
67	 6.263422e-04	 104	 iter
68	 6.263422e-04	 105	 iter
69	 6.263422e-04	 106	 iter
70	 6.263422e-04	 107	 iter
71	 6.185617e-04	 109	 iter
72	 6.185617e-04	 110	 iter
73	 6.185617e-04	 111	 iter
74	 6.185617e-04	 112	 iter
75	 6.185617e-04	 113	 iter
76	 6.185617e-04	 114	 iter
77	 6.131920e-04	 116	 iter
78	 6.131920e-04	 117	 iter
79	 6.131920e-04	 118	 iter
80	 6.065265e-04	 120	 iter
81	 6.065265e-04	 121	 iter
82	 6.065265e-04	 122	 iter
83	 6.065265e-04	 123	 iter
84	 6.065265e-04	 124	 iter
85	 6.065265e-04	 125	 iter
86	 6.065265e-04	 126	 iter
87	 6.065265e-04	 127	 iter
88	 6.052837e-04	 129	 iter
89	 6.052837e-04	 130	 iter
90	 6.052837e-04	 131	 iter
91	 5.922954e-04	 133	 iter
92	 5.922954e-04	 134	 iter
93	 5.922954e-04	 135	 iter
94	 5.922954e-04	 136	 iter
95	 5.922954e-04	 137	 iter
96	 5.922954e-04	 138	 iter
97	 5.922954e-04	 139	 iter
98	 5.922954e-04	 140	 iter
99	 5.922954e-04	 141	 iter
100	 5.922954e-04	 142	 iter
101	 5.922954e-04	 143	 iter
102	 5.922954e-04	 144	 iter
103	 5.864148e-04	 146	 iter
104	 5.864148e-04	 147	 iter
105	 5.864148e-04	 148	 iter
106	 5.864148e-04	 149	 iter
107	 5.864148e-04	 150	 iter
108	 5.864148e-04	 151	 iter
109	 5.864148e-04	 152	 iter
110	 5.758380e-04	 154	 iter
111	 5.758380e-04	 155	 iter
112	 5.758380e-04	 156	 iter
113	 5.758380e-04	 157	 iter
114	 5.758380e-04	 158	 iter
115	 5.758380e-04	 159	 iter
116	 5.758380e-04	 160	 iter
117	 5.684829e-04	 162	 iter
118	 5.684829e-04	 163	 iter
119	 5.684829e-04	 164	 iter
120	 5.684829e-04	 165	 iter
121	 5.684829e-04	 166	 iter
122	 5.684829e-04	 168	 iter
123	 5.684829e-04	 169	 iter
124	 5.628478e-04	 171	 iter
125	 5.628478e-04	 172	 iter
126	 5.628478e-04	 173	 iter
127	 5.542884e-04	 175	 iter
128	 5.542884e-04	 176	 iter
129	 5.542884e-04	 177	 iter
130	 5.542884e-04	 178	 iter
131	 5.542884e-04	 179	 iter
132	 5.542884e-04	 180	 iter
133	 5.542884e-04	 181	 iter
134	 5.542884e-04	 182	 iter
135	 5.442542e-04	 184	 iter
136	 5.442542e-04	 185	 iter
137	 5.442542e-04	 186	 iter
138	 5.442542e-04	 187	 iter
139	 5.417104e-04	 189	 iter
140	 5.417104e-04	 190	 iter
141	 5.417104e-04	 191	 iter
142	 5.417104e-04	 192	 iter
143	 5.417104e-04	 193	 iter
144	 5.417104e-04	 194	 iter
145	 5.390990e-04	 196	 iter
146	 5.390990e-04	 197	 iter
147	 5.374444e-04	 199	 iter
148	 5.374444e-04	 200	 iter
149	 5.374444e-04	 201	 iter
150	 5.374444e-04	 202	 iter
151	 5.374444e-04	 203	 iter
152	 5.374444e-04	 205	 iter
153	 5.361552e-04	 207	 iter
154	 5.350563e-04	 209	 iter
155	 5.350563e-04	 210	 iter
156	 5.334499e-04	 212	 iter
157	 5.334499e-04	 214	 iter
158	 5.334499e-04	 215	 iter
159	 5.334499e-04	 216	 iter
160	 5.334499e-04	 218	 iter
161	 5.334499e-04	 220	 iter
162	 5.329778e-04	 222	 iter
163	 5.329778e-04	 223	 iter
164	 5.329252e-04	 225	 iter
165	 5.302084e-04	 227	 iter
166	 5.302084e-04	 228	 iter
167	 5.302084e-04	 229	 iter
168	 5.302084e-04	 230	 iter
169	 5.302084e-04	 231	 iter
170	 5.302084e-04	 232	 iter
171	 5.302084e-04	 233	 iter
172	 5.302084e-04	 234	 iter
173	 5.302084e-04	 235	 iter
174	 5.301258e-04	 237	 iter
175	 5.298570e-04	 239	 iter
176	 5.298570e-04	 240	 iter
177	 5.298570e-04	 242	 iter
178	 5.298570e-04	 244	 iter
179	 5.298570e-04	 245	 iter
180	 5.264631e-04	 247	 iter
181	 5.264631e-04	 248	 iter
182	 5.264631e-04	 249	 iter
183	 5.253320e-04	 251	 iter
184	 5.253320e-04	 252	 iter
185	 5.253320e-04	 253	 iter
186	 5.253320e-04	 255	 iter
187	 5.229935e-04	 257	 iter
188	 5.229935e-04	 258	 iter
189	 5.229935e-04	 259	 iter
190	 5.165846e-04	 261	 iter
191	 5.165846e-04	 262	 iter
192	 5.165846e-04	 263	 iter
193	 5.165846e-04	 264	 iter
194	 5.165846e-04	 265	 iter
195	 5.165846e-04	 266	 iter
196	 5.165846e-04	 267	 iter
197	 5.165846e-04	 268	 iter
198	 5.165846e-04	 269	 iter
199	 5.165846e-04	 270	 iter
200	 5.165846e-04	 271	 iter
201	 5.165846e-04	 272	 iter
202	 5.165846e-04	 273	 iter
203	 5.160955e-04	 275	 iter
204	 5.160955e-04	 276	 iter
205	 5.145415e-04	 278	 iter
206	 5.145415e-04	 280	 iter
207	 5.107528e-04	 282	 iter
208	 5.107528e-04	 283	 iter
209	 5.107528e-04	 284	 iter
210	 5.107528e-04	 285	 iter
211	 5.107528e-04	 286	 iter
212	 5.107528e-04	 287	 iter
213	 5.107528e-04	 288	 iter
214	 5.107528e-04	 289	 iter
215	 5.107528e-04	 290	 iter
216	 5.107528e-04	 291	 iter
217	 5.097299e-04	 293	 iter
218	 5.096106e-04	 295	 iter
219	 5.035460e-04	 297	 iter
220	 5.035460e-04	 298	 iter
221	 5.035460e-04	 299	 iter
222	 5.035460e-04	 300	 iter
223	 5.035460e-04	 301	 iter
224	 5.035460e-04	 302	 iter
225	 5.035460e-04	 303	 iter
226	 5.035460e-04	 304	 iter
227	 5.035460e-04	 305	 iter
228	 5.035460e-04	 306	 iter
229	 5.035460e-04	 307	 iter
230	 5.016145e-04	 309	 iter
231	 5.016145e-04	 310	 iter
232	 4.930098e-04	 312	 iter
233	 4.930098e-04	 313	 iter
234	 4.930098e-04	 314	 iter
235	 4.930098e-04	 316	 iter
236	 4.930098e-04	 317	 iter
237	 4.930098e-04	 318	 iter
238	 4.930098e-04	 319	 iter
239	 4.930098e-04	 320	 iter
240	 4.930098e-04	 321	 iter
241	 4.930098e-04	 322	 iter
242	 4.930098e-04	 323	 iter
243	 4.930098e-04	 324	 iter
244	 4.930098e-04	 325	 iter
245	 4.930098e-04	 326	 iter
246	 4.930098e-04	 327	 iter
247	 4.930098e-04	 328	 iter
248	 4.930098e-04	 329	 iter
249	 4.930098e-04	 330	 iter
250	 4.828776e-04	 332	 iter
251	 4.828776e-04	 333	 iter
252	 4.828776e-04	 334	 iter
253	 4.828776e-04	 335	 iter
254	 4.828776e-04	 336	 iter
255	 4.828776e-04	 337	 iter
256	 4.828776e-04	 338	 iter
257	 4.828776e-04	 339	 iter
258	 4.828776e-04	 340	 iter
259	 4.828776e-04	 341	 iter
260	 4.828776e-04	 342	 iter
261	 4.828776e-04	 343	 iter
262	 4.828776e-04	 344	 iter
263	 4.796028e-04	 346	 iter
264	 4.796028e-04	 347	 iter
265	 4.796028e-04	 348	 iter
266	 4.796028e-04	 349	 iter
267	 4.691371e-04	 351	 iter
268	 4.691371e-04	 352	 iter
269	 4.691371e-04	 353	 iter
270	 4.691371e-04	 354	 iter
271	 4.691371e-04	 355	 iter
272	 4.691371e-04	 356	 iter
273	 4.691371e-04	 357	 iter
274	 4.691371e-04	 358	 iter
275	 4.691371e-04	 359	 iter
276	 4.597056e-04	 361	 iter
277	 4.597056e-04	 362	 iter
278	 4.597056e-04	 363	 iter
279	 4.597056e-04	 364	 iter
280	 4.597056e-04	 365	 iter
281	 4.597056e-04	 366	 iter
282	 4.597056e-04	 367	 iter
283	 4.597056e-04	 368	 iter
284	 4.557549e-04	 370	 iter
285	 4.557549e-04	 371	 iter
286	 4.557549e-04	 372	 iter
287	 4.557549e-04	 373	 iter
288	 4.491233e-04	 375	 iter
289	 4.491233e-04	 376	 iter
290	 4.491233e-04	 377	 iter
291	 4.464975e-04	 379	 iter
292	 4.464975e-04	 380	 iter
293	 4.464975e-04	 381	 iter
294	 4.464975e-04	 382	 iter
295	 4.464975e-04	 383	 iter
296	 4.271082e-04	 385	 iter
297	 4.271082e-04	 386	 iter
298	 4.271082e-04	 387	 iter
299	 4.271082e-04	 388	 iter
300	 4.271082e-04	 389	 iter
301	 4.271082e-04	 390	 iter
302	 4.271082e-04	 391	 iter
303	 4.271082e-04	 392	 iter
304	 4.140940e-04	 394	 iter
305	 4.140940e-04	 395	 iter
306	 4.140940e-04	 396	 iter
307	 4.140940e-04	 397	 iter
308	 4.140940e-04	 398	 iter
309	 4.140940e-04	 399	 iter
310	 4.140940e-04	 400	 iter
311	 4.140940e-04	 401	 iter
312	 4.140940e-04	 402	 iter
313	 4.140940e-04	 403	 iter
314	 4.140940e-04	 405	 iter
315	 4.140940e-04	 406	 iter
316	 4.072279e-04	 408	 iter
317	 4.072279e-04	 409	 iter
318	 4.072279e-04	 410	 iter
319	 3.913633e-04	 412	 iter
320	 3.913633e-04	 413	 iter
321	 3.913633e-04	 414	 iter
322	 3.913633e-04	 415	 iter
323	 3.913633e-04	 416	 iter
324	 3.913633e-04	 417	 iter
325	 3.913633e-04	 418	 iter
326	 3.913633e-04	 419	 iter
327	 3.913633e-04	 420	 iter
328	 3.913633e-04	 421	 iter
329	 3.913633e-04	 422	 iter
330	 3.913633e-04	 423	 iter
331	 3.862950e-04	 425	 iter
332	 3.862950e-04	 426	 iter
333	 3.862950e-04	 427	 iter
334	 3.759409e-04	 429	 iter
335	 3.759409e-04	 430	 iter
336	 3.759409e-04	 431	 iter
337	 3.759409e-04	 432	 iter
338	 3.756926e-04	 434	 iter
339	 3.654259e-04	 436	 iter
340	 3.654259e-04	 437	 iter
341	 3.654259e-04	 438	 iter
342	 3.654259e-04	 439	 iter
343	 3.654259e-04	 440	 iter
344	 3.654259e-04	 441	 iter
345	 3.654259e-04	 442	 iter
346	 3.451793e-04	 444	 iter
347	 3.451793e-04	 445	 iter
348	 3.451793e-04	 446	 iter
349	 3.451793e-04	 447	 iter
350	 3.451793e-04	 448	 iter
351	 3.451793e-04	 449	 iter
352	 3.451793e-04	 450	 iter
353	 3.451793e-04	 451	 iter
354	 3.451793e-04	 452	 iter
355	 3.451793e-04	 453	 iter
356	 3.451793e-04	 454	 iter
357	 3.304112e-04	 456	 iter
358	 3.304112e-04	 457	 iter
359	 3.304112e-04	 458	 iter
360	 3.304112e-04	 459	 iter
361	 3.304112e-04	 460	 iter
362	 3.304112e-04	 461	 iter
363	 3.304112e-04	 462	 iter
364	 3.304112e-04	 464	 iter
365	 3.140379e-04	 466	 iter
366	 3.140379e-04	 467	 iter
367	 3.140379e-04	 468	 iter
368	 3.140379e-04	 469	 iter
369	 3.140379e-04	 470	 iter
370	 3.140379e-04	 471	 iter
371	 3.140379e-04	 472	 iter
372	 3.140379e-04	 473	 iter
373	 3.140379e-04	 474	 iter
374	 3.140379e-04	 475	 iter
375	 3.140379e-04	 476	 iter
376	 3.093701e-04	 478	 iter
377	 3.093701e-04	 479	 iter
378	 3.093701e-04	 480	 iter
379	 3.093701e-04	 481	 iter
380	 2.838712e-04	 483	 iter
381	 2.838712e-04	 484	 iter
382	 2.838712e-04	 486	 iter
383	 2.838712e-04	 487	 iter
384	 2.838712e-04	 488	 iter
385	 2.838712e-04	 490	 iter
386	 2.838712e-04	 491	 iter
387	 2.838712e-04	 492	 iter
388	 2.838712e-04	 494	 iter
389	 2.838712e-04	 495	 iter
390	 2.838712e-04	 496	 iter
391	 2.838712e-04	 497	 iter
392	 2.838712e-04	 498	 iter
393	 2.838712e-04	 499	 iter
394	 2.838712e-04	 500	 iter
395	 2.781339e-04	 502	 iter
396	 2.781339e-04	 503	 iter
397	 2.781339e-04	 504	 iter
398	 2.781339e-04	 505	 iter
399	 2.781339e-04	 506	 iter
400	 2.781339e-04	 507	 iter
401	 2.744828e-04	 509	 iter
402	 2.744828e-04	 510	 iter
403	 2.744828e-04	 511	 iter
404	 2.744828e-04	 512	 iter
405	 2.744828e-04	 513	 iter
406	 2.744828e-04	 514	 iter
407	 2.744828e-04	 515	 iter
408	 2.744828e-04	 517	 iter
409	 2.744828e-04	 518	 iter
410	 2.744828e-04	 519	 iter
411	 2.744828e-04	 520	 iter
412	 2.744828e-04	 521	 iter
413	 2.744828e-04	 522	 iter
414	 2.726858e-04	 524	 iter
415	 2.707865e-04	 526	 iter
416	 2.707865e-04	 527	 iter
417	 2.707865e-04	 529	 iter
418	 2.707865e-04	 531	 iter
419	 2.707865e-04	 532	 iter
420	 2.707865e-04	 534	 iter
421	 2.707865e-04	 535	 iter
422	 2.681961e-04	 537	 iter
423	 2.681961e-04	 539	 iter
424	 2.681961e-04	 540	 iter
425	 2.681961e-04	 541	 iter
426	 2.681961e-04	 543	 iter
427	 2.681961e-04	 545	 iter
428	 2.678050e-04	 547	 iter
429	 2.678050e-04	 548	 iter
430	 2.678050e-04	 549	 iter
431	 2.678050e-04	 550	 iter
432	 2.678050e-04	 552	 iter
433	 2.678050e-04	 554	 iter
434	 2.626667e-04	 556	 iter
435	 2.626667e-04	 557	 iter
436	 2.626667e-04	 558	 iter
437	 2.626667e-04	 559	 iter
438	 2.626667e-04	 560	 iter
439	 2.626667e-04	 561	 iter
440	 2.626667e-04	 562	 iter
441	 2.626667e-04	 563	 iter
442	 2.626667e-04	 564	 iter
443	 2.626667e-04	 565	 iter
444	 2.626667e-04	 567	 iter
445	 2.626667e-04	 568	 iter
446	 2.626667e-04	 569	 iter
447	 2.626667e-04	 570	 iter
448	 2.626667e-04	 571	 iter
449	 2.626667e-04	 572	 iter
450	 2.622011e-04	 574	 iter
451	 2.622011e-04	 575	 iter
452	 2.622011e-04	 576	 iter
453	 2.558672e-04	 578	 iter
454	 2.558672e-04	 579	 iter
455	 2.558672e-04	 580	 iter
456	 2.558672e-04	 581	 iter
457	 2.558672e-04	 582	 iter
458	 2.558672e-04	 583	 iter
459	 2.558672e-04	 584	 iter
460	 2.558672e-04	 585	 iter
461	 2.543809e-04	 587	 iter
462	 2.543809e-04	 588	 iter
463	 2.543809e-04	 589	 iter
464	 2.410810e-04	 591	 iter
465	 2.410810e-04	 592	 iter
466	 2.410810e-04	 593	 iter
467	 2.410810e-04	 594	 iter
468	 2.410810e-04	 595	 iter
469	 2.410810e-04	 596	 iter
470	 2.410810e-04	 597	 iter
471	 2.410810e-04	 598	 iter
472	 2.410810e-04	 599	 iter
473	 2.410810e-04	 600	 iter
474	 2.410810e-04	 601	 iter
475	 2.410810e-04	 602	 iter
476	 2.396049e-04	 604	 iter
477	 2.335483e-04	 606	 iter
478	 2.335483e-04	 607	 iter
479	 2.335483e-04	 608	 iter
480	 2.335483e-04	 609	 iter
481	 2.335483e-04	 610	 iter
482	 2.274073e-04	 612	 iter
483	 2.274073e-04	 613	 iter
484	 2.274073e-04	 614	 iter
485	 2.274073e-04	 615	 iter
486	 2.274073e-04	 616	 iter
487	 2.257487e-04	 618	 iter
488	 2.257487e-04	 619	 iter
489	 2.214024e-04	 621	 iter
490	 2.214024e-04	 622	 iter
491	 2.204655e-04	 624	 iter
492	 2.204655e-04	 625	 iter
493	 2.204655e-04	 626	 iter
494	 2.191089e-04	 628	 iter
495	 2.191089e-04	 629	 iter
496	 2.191089e-04	 631	 iter
497	 2.191089e-04	 632	 iter
498	 2.161491e-04	 634	 iter
499	 2.161491e-04	 635	 iter
500	 2.161491e-04	 636	 iter
501	 2.161491e-04	 637	 iter
502	 2.145075e-04	 639	 iter
503	 2.145075e-04	 640	 iter
504	 2.145075e-04	 642	 iter
505	 2.145075e-04	 643	 iter
506	 2.086949e-04	 645	 iter
507	 2.086949e-04	 647	 iter
508	 2.086949e-04	 648	 iter
509	 2.086949e-04	 649	 iter
510	 2.086949e-04	 650	 iter
511	 2.086949e-04	 651	 iter
512	 2.086949e-04	 652	 iter
513	 2.086949e-04	 653	 iter
514	 2.071506e-04	 655	 iter
515	 2.071506e-04	 656	 iter
516	 2.071506e-04	 657	 iter
517	 2.071506e-04	 658	 iter
518	 2.071506e-04	 659	 iter
519	 2.071506e-04	 660	 iter
520	 2.071506e-04	 661	 iter
521	 2.070011e-04	 663	 iter
522	 2.070011e-04	 664	 iter
523	 2.070011e-04	 665	 iter
524	 2.070011e-04	 666	 iter
525	 2.070011e-04	 667	 iter
526	 2.070011e-04	 668	 iter
527	 2.070011e-04	 669	 iter
528	 2.066258e-04	 671	 iter
529	 2.066258e-04	 673	 iter
530	 2.066258e-04	 674	 iter
531	 1.984658e-04	 676	 iter
532	 1.984658e-04	 678	 iter
533	 1.984658e-04	 679	 iter
534	 1.984658e-04	 680	 iter
535	 1.984658e-04	 681	 iter
536	 1.984658e-04	 683	 iter
537	 1.984658e-04	 684	 iter
538	 1.984658e-04	 685	 iter
539	 1.984658e-04	 687	 iter
540	 1.984658e-04	 688	 iter
541	 1.984658e-04	 689	 iter
542	 1.984658e-04	 690	 iter
543	 1.984658e-04	 691	 iter
544	 1.984658e-04	 693	 iter
545	 1.984658e-04	 694	 iter
546	 1.984658e-04	 695	 iter
547	 1.984658e-04	 696	 iter
548	 1.984658e-04	 697	 iter
549	 1.984658e-04	 698	 iter
550	 1.984658e-04	 699	 iter
551	 1.984045e-04	 701	 iter
552	 1.984045e-04	 702	 iter
553	 1.984045e-04	 703	 iter
554	 1.960976e-04	 705	 iter
555	 1.960976e-04	 706	 iter
556	 1.960976e-04	 707	 iter
557	 1.960976e-04	 708	 iter
558	 1.943537e-04	 710	 iter
559	 1.943537e-04	 712	 iter
560	 1.943537e-04	 713	 iter
561	 1.943537e-04	 714	 iter
562	 1.943537e-04	 715	 iter
563	 1.943537e-04	 716	 iter
564	 1.943537e-04	 717	 iter
565	 1.943537e-04	 718	 iter
566	 1.943537e-04	 720	 iter
567	 1.943537e-04	 722	 iter
568	 1.943537e-04	 724	 iter
569	 1.943537e-04	 726	 iter
570	 1.943537e-04	 728	 iter
571	 1.943537e-04	 729	 iter
572	 1.943537e-04	 730	 iter
573	 1.924036e-04	 732	 iter
574	 1.924036e-04	 734	 iter
575	 1.924036e-04	 735	 iter
576	 1.924036e-04	 737	 iter
577	 1.924036e-04	 738	 iter
578	 1.924036e-04	 740	 iter
579	 1.924036e-04	 742	 iter
580	 1.924036e-04	 743	 iter
581	 1.924036e-04	 745	 iter
582	 1.924036e-04	 746	 iter
583	 1.924036e-04	 748	 iter
584	 1.924036e-04	 749	 iter
585	 1.924036e-04	 750	 iter
586	 1.924036e-04	 751	 iter
587	 1.924036e-04	 752	 iter
588	 1.924036e-04	 754	 iter
589	 1.924036e-04	 755	 iter
590	 1.924036e-04	 757	 iter
591	 1.924036e-04	 759	 iter
592	 1.924036e-04	 760	 iter
593	 1.924036e-04	 761	 iter
594	 1.914649e-04	 763	 iter
595	 1.914649e-04	 764	 iter
596	 1.914649e-04	 765	 iter
597	 1.914649e-04	 766	 iter
598	 1.910301e-04	 768	 iter
599	 1.910301e-04	 769	 iter
600	 1.910301e-04	 770	 iter
601	 1.910301e-04	 771	 iter
602	 1.910301e-04	 772	 iter
603	 1.910301e-04	 773	 iter
604	 1.907947e-04	 775	 iter
605	 1.907947e-04	 776	 iter
606	 1.907947e-04	 777	 iter
607	 1.902559e-04	 779	 iter
608	 1.902559e-04	 780	 iter
609	 1.902559e-04	 781	 iter
610	 1.902559e-04	 782	 iter
611	 1.902559e-04	 784	 iter
612	 1.902559e-04	 785	 iter
613	 1.902559e-04	 786	 iter
614	 1.902559e-04	 787	 iter
615	 1.902559e-04	 788	 iter
616	 1.896005e-04	 790	 iter
617	 1.896005e-04	 791	 iter
618	 1.896005e-04	 792	 iter
619	 1.896005e-04	 793	 iter
620	 1.896005e-04	 794	 iter
621	 1.896005e-04	 795	 iter
622	 1.896005e-04	 796	 iter
623	 1.896005e-04	 797	 iter
624	 1.896005e-04	 798	 iter
625	 1.896005e-04	 799	 iter
626	 1.889807e-04	 801	 iter
627	 1.889807e-04	 802	 iter
628	 1.886753e-04	 804	 iter
629	 1.886753e-04	 805	 iter
630	 1.886753e-04	 807	 iter
631	 1.886753e-04	 808	 iter
632	 1.882817e-04	 810	 iter
633	 1.880445e-04	 812	 iter
634	 1.862240e-04	 814	 iter
635	 1.862240e-04	 815	 iter
636	 1.862240e-04	 816	 iter
637	 1.862240e-04	 817	 iter
638	 1.862240e-04	 818	 iter
639	 1.862240e-04	 819	 iter
640	 1.862240e-04	 820	 iter
641	 1.862240e-04	 821	 iter
642	 1.862240e-04	 822	 iter
643	 1.849204e-04	 824	 iter
644	 1.849204e-04	 825	 iter
645	 1.849204e-04	 826	 iter
646	 1.849204e-04	 827	 iter
647	 1.849204e-04	 828	 iter
648	 1.849204e-04	 829	 iter
649	 1.849204e-04	 830	 iter
650	 1.849204e-04	 831	 iter
651	 1.822469e-04	 833	 iter
652	 1.822469e-04	 834	 iter
653	 1.822469e-04	 835	 iter
654	 1.822469e-04	 836	 iter
655	 1.822469e-04	 837	 iter
656	 1.822469e-04	 838	 iter
657	 1.822469e-04	 839	 iter
658	 1.822469e-04	 840	 iter
659	 1.822171e-04	 842	 iter
660	 1.822171e-04	 843	 iter
661	 1.822171e-04	 844	 iter
662	 1.816232e-04	 846	 iter
663	 1.815353e-04	 848	 iter
664	 1.787497e-04	 850	 iter
665	 1.787497e-04	 851	 iter
666	 1.787497e-04	 852	 iter
667	 1.787497e-04	 853	 iter
668	 1.787497e-04	 854	 iter
669	 1.787497e-04	 855	 iter
670	 1.787497e-04	 856	 iter
671	 1.787497e-04	 857	 iter
672	 1.783092e-04	 859	 iter
673	 1.770352e-04	 861	 iter
674	 1.770352e-04	 862	 iter
675	 1.770352e-04	 863	 iter
676	 1.770352e-04	 864	 iter
677	 1.767972e-04	 866	 iter
678	 1.745798e-04	 868	 iter
679	 1.745798e-04	 869	 iter
680	 1.745798e-04	 870	 iter
681	 1.739252e-04	 872	 iter
682	 1.739252e-04	 873	 iter
683	 1.739252e-04	 874	 iter
684	 1.738987e-04	 876	 iter
685	 1.738987e-04	 877	 iter
686	 1.722561e-04	 879	 iter
687	 1.719076e-04	 881	 iter
688	 1.717756e-04	 883	 iter
689	 1.717756e-04	 884	 iter
690	 1.716818e-04	 886	 iter
691	 1.715964e-04	 888	 iter
692	 1.715964e-04	 889	 iter
693	 1.705841e-04	 891	 iter
694	 1.680686e-04	 893	 iter
695	 1.680686e-04	 894	 iter
696	 1.680686e-04	 895	 iter
697	 1.680686e-04	 896	 iter
698	 1.680686e-04	 897	 iter
699	 1.680686e-04	 898	 iter
700	 1.675755e-04	 900	 iter
701	 1.675755e-04	 901	 iter
702	 1.675755e-04	 902	 iter
703	 1.675755e-04	 903	 iter
704	 1.664011e-04	 905	 iter
705	 1.664011e-04	 906	 iter
706	 1.664011e-04	 907	 iter
707	 1.663314e-04	 909	 iter
708	 1.663314e-04	 910	 iter
709	 1.662884e-04	 912	 iter
710	 1.662687e-04	 914	 iter
711	 1.662687e-04	 915	 iter
712	 1.662687e-04	 916	 iter
713	 1.662309e-04	 918	 iter
714	 1.662309e-04	 919	 iter
715	 1.653266e-04	 921	 iter
716	 1.648617e-04	 923	 iter
717	 1.648617e-04	 925	 iter
718	 1.648617e-04	 927	 iter
719	 1.648617e-04	 929	 iter
720	 1.648617e-04	 930	 iter
721	 1.648617e-04	 931	 iter
722	 1.648617e-04	 932	 iter
723	 1.648617e-04	 934	 iter
724	 1.648617e-04	 935	 iter
725	 1.644561e-04	 937	 iter
726	 1.644561e-04	 938	 iter
727	 1.644561e-04	 939	 iter
728	 1.644561e-04	 940	 iter
729	 1.644561e-04	 942	 iter
730	 1.644561e-04	 943	 iter
731	 1.644561e-04	 944	 iter
732	 1.643537e-04	 946	 iter
733	 1.643537e-04	 947	 iter
734	 1.643537e-04	 948	 iter
735	 1.640267e-04	 950	 iter
736	 1.640267e-04	 952	 iter
737	 1.640267e-04	 953	 iter
738	 1.640267e-04	 954	 iter
739	 1.640267e-04	 955	 iter
740	 1.640267e-04	 956	 iter
741	 1.640267e-04	 957	 iter
742	 1.634162e-04	 959	 iter
743	 1.634162e-04	 960	 iter
744	 1.634162e-04	 961	 iter
745	 1.634162e-04	 963	 iter
746	 1.634162e-04	 964	 iter
747	 1.634162e-04	 966	 iter
748	 1.634162e-04	 967	 iter
749	 1.634162e-04	 969	 iter
750	 1.634162e-04	 970	 iter
751	 1.634162e-04	 971	 iter
752	 1.634162e-04	 972	 iter
753	 1.634162e-04	 974	 iter
754	 1.634162e-04	 975	 iter
755	 1.620869e-04	 977	 iter
756	 1.620869e-04	 978	 iter
757	 1.620869e-04	 979	 iter
758	 1.620869e-04	 980	 iter
759	 1.620869e-04	 982	 iter
760	 1.620869e-04	 983	 iter
761	 1.620869e-04	 984	 iter
762	 1.620869e-04	 986	 iter
763	 1.620869e-04	 987	 iter
764	 1.620869e-04	 988	 iter
765	 1.620869e-04	 989	 iter
766	 1.620869e-04	 990	 iter
767	 1.620869e-04	 991	 iter
768	 1.620869e-04	 992	 iter
769	 1.620869e-04	 993	 iter
770	 1.620869e-04	 994	 iter
771	 1.620869e-04	 995	 iter
772	 1.620869e-04	 996	 iter
773	 1.620869e-04	 997	 iter
774	 1.620869e-04	 998	 iter
775	 1.620869e-04	 999	 iter
776	 1.620869e-04	 1000	 iter
777	 1.620869e-04	 1001	 iter
778	 1.620869e-04	 1002	 iter
779	 1.620869e-04	 1003	 iter
780	 1.620869e-04	 1004	 iter
781	 1.620869e-04	 1005	 iter
782	 1.620869e-04	 1006	 iter
783	 1.620869e-04	 1007	 iter
784	 1.620869e-04	 1008	 iter
785	 1.615966e-04	 1010	 iter
786	 1.609517e-04	 1012	 iter
787	 1.609517e-04	 1013	 iter
788	 1.609517e-04	 1014	 iter
789	 1.609517e-04	 1015	 iter
790	 1.609517e-04	 1016	 iter
791	 1.609517e-04	 1017	 iter
792	 1.609517e-04	 1018	 iter
793	 1.609517e-04	 1019	 iter
794	 1.608199e-04	 1021	 iter
795	 1.596218e-04	 1023	 iter
796	 1.596218e-04	 1024	 iter
797	 1.596218e-04	 1025	 iter
798	 1.596218e-04	 1026	 iter
799	 1.596218e-04	 1027	 iter
800	 1.596218e-04	 1028	 iter
801	 1.596218e-04	 1029	 iter
802	 1.596218e-04	 1030	 iter
803	 1.586206e-04	 1032	 iter
804	 1.586206e-04	 1033	 iter
805	 1.586206e-04	 1034	 iter
806	 1.586206e-04	 1035	 iter
807	 1.586206e-04	 1036	 iter
808	 1.586206e-04	 1037	 iter
809	 1.586206e-04	 1038	 iter
810	 1.585953e-04	 1040	 iter
811	 1.585953e-04	 1041	 iter
812	 1.585837e-04	 1043	 iter
813	 1.580774e-04	 1045	 iter
814	 1.580774e-04	 1046	 iter
815	 1.578246e-04	 1048	 iter
816	 1.578246e-04	 1049	 iter
817	 1.578246e-04	 1050	 iter
818	 1.571238e-04	 1052	 iter
819	 1.571238e-04	 1053	 iter
820	 1.571238e-04	 1054	 iter
821	 1.568847e-04	 1056	 iter
822	 1.568847e-04	 1057	 iter
823	 1.568094e-04	 1059	 iter
824	 1.568094e-04	 1060	 iter
825	 1.568094e-04	 1061	 iter
826	 1.568094e-04	 1062	 iter
827	 1.568094e-04	 1063	 iter
828	 1.565327e-04	 1065	 iter
829	 1.565327e-04	 1066	 iter
830	 1.563390e-04	 1068	 iter
831	 1.563390e-04	 1069	 iter
832	 1.563390e-04	 1070	 iter
833	 1.563390e-04	 1071	 iter
834	 1.559505e-04	 1073	 iter
835	 1.556933e-04	 1075	 iter
836	 1.556933e-04	 1076	 iter
837	 1.556441e-04	 1078	 iter
838	 1.556441e-04	 1079	 iter
839	 1.556441e-04	 1080	 iter
840	 1.556441e-04	 1082	 iter
841	 1.556441e-04	 1083	 iter
842	 1.556441e-04	 1084	 iter
843	 1.549709e-04	 1086	 iter
844	 1.549709e-04	 1087	 iter
845	 1.542041e-04	 1089	 iter
846	 1.542041e-04	 1090	 iter
847	 1.542041e-04	 1091	 iter
848	 1.542041e-04	 1092	 iter
849	 1.542041e-04	 1093	 iter
850	 1.542041e-04	 1095	 iter
851	 1.542041e-04	 1096	 iter
852	 1.542041e-04	 1097	 iter
853	 1.542041e-04	 1098	 iter
854	 1.540389e-04	 1100	 iter
855	 1.540389e-04	 1101	 iter
856	 1.540389e-04	 1102	 iter
857	 1.536762e-04	 1104	 iter
858	 1.536762e-04	 1105	 iter
859	 1.536762e-04	 1106	 iter
860	 1.536762e-04	 1107	 iter
861	 1.536762e-04	 1108	 iter
862	 1.532896e-04	 1110	 iter
863	 1.524336e-04	 1112	 iter
864	 1.524336e-04	 1113	 iter
865	 1.524336e-04	 1114	 iter
866	 1.519446e-04	 1116	 iter
867	 1.519446e-04	 1117	 iter
868	 1.519446e-04	 1118	 iter
869	 1.519446e-04	 1119	 iter
870	 1.519446e-04	 1120	 iter
871	 1.519446e-04	 1121	 iter
872	 1.519446e-04	 1122	 iter
873	 1.516383e-04	 1124	 iter
874	 1.509023e-04	 1126	 iter
875	 1.509023e-04	 1127	 iter
876	 1.509023e-04	 1128	 iter
877	 1.509023e-04	 1129	 iter
878	 1.509023e-04	 1130	 iter
879	 1.509023e-04	 1131	 iter
880	 1.507086e-04	 1133	 iter
881	 1.507086e-04	 1134	 iter
882	 1.503927e-04	 1136	 iter
883	 1.503927e-04	 1137	 iter
884	 1.503927e-04	 1138	 iter
885	 1.493697e-04	 1140	 iter
886	 1.493697e-04	 1141	 iter
887	 1.493697e-04	 1142	 iter
888	 1.491234e-04	 1144	 iter
889	 1.491234e-04	 1145	 iter
890	 1.491234e-04	 1146	 iter
891	 1.491234e-04	 1147	 iter
892	 1.491234e-04	 1148	 iter
893	 1.484762e-04	 1150	 iter
894	 1.484762e-04	 1151	 iter
895	 1.484762e-04	 1152	 iter
896	 1.484762e-04	 1153	 iter
897	 1.484762e-04	 1154	 iter
898	 1.468099e-04	 1156	 iter
899	 1.468099e-04	 1157	 iter
900	 1.468099e-04	 1158	 iter
901	 1.468099e-04	 1159	 iter
902	 1.468099e-04	 1160	 iter
903	 1.468099e-04	 1161	 iter
904	 1.468099e-04	 1162	 iter
905	 1.468099e-04	 1163	 iter
906	 1.468099e-04	 1164	 iter
907	 1.468099e-04	 1165	 iter
908	 1.468011e-04	 1167	 iter
909	 1.468011e-04	 1168	 iter
910	 1.468011e-04	 1169	 iter
911	 1.460888e-04	 1171	 iter
912	 1.456265e-04	 1173	 iter
913	 1.456265e-04	 1174	 iter
914	 1.453896e-04	 1176	 iter
915	 1.447251e-04	 1178	 iter
916	 1.447251e-04	 1179	 iter
917	 1.447251e-04	 1180	 iter
918	 1.431114e-04	 1182	 iter
919	 1.412567e-04	 1184	 iter
920	 1.412567e-04	 1185	 iter
921	 1.412567e-04	 1186	 iter
922	 1.412567e-04	 1187	 iter
923	 1.412567e-04	 1188	 iter
924	 1.412567e-04	 1189	 iter
925	 1.412567e-04	 1190	 iter
926	 1.412567e-04	 1191	 iter
927	 1.409179e-04	 1193	 iter
928	 1.385116e-04	 1195	 iter
929	 1.385116e-04	 1196	 iter
930	 1.385116e-04	 1197	 iter
931	 1.385116e-04	 1198	 iter
932	 1.385116e-04	 1199	 iter
933	 1.379435e-04	 1201	 iter
934	 1.379435e-04	 1202	 iter
935	 1.346193e-04	 1204	 iter
936	 1.346193e-04	 1205	 iter
937	 1.346193e-04	 1206	 iter
938	 1.346193e-04	 1207	 iter
939	 1.346193e-04	 1208	 iter
940	 1.305285e-04	 1210	 iter
941	 1.305285e-04	 1211	 iter
942	 1.305285e-04	 1212	 iter
943	 1.305285e-04	 1213	 iter
944	 1.305285e-04	 1214	 iter
945	 1.305285e-04	 1215	 iter
946	 1.305285e-04	 1216	 iter
947	 1.305285e-04	 1217	 iter
948	 1.305285e-04	 1218	 iter
949	 1.297332e-04	 1220	 iter
950	 1.293087e-04	 1222	 iter
951	 1.293087e-04	 1223	 iter
952	 1.211861e-04	 1225	 iter
953	 1.211861e-04	 1226	 iter
954	 1.211861e-04	 1227	 iter
955	 1.211861e-04	 1228	 iter
956	 1.211861e-04	 1229	 iter
957	 1.211861e-04	 1230	 iter
958	 1.211861e-04	 1231	 iter
959	 1.211861e-04	 1232	 iter
960	 1.211861e-04	 1233	 iter
961	 1.211861e-04	 1234	 iter
962	 1.211861e-04	 1235	 iter
963	 1.178397e-04	 1237	 iter
964	 1.178397e-04	 1238	 iter
965	 1.178397e-04	 1239	 iter
966	 1.178397e-04	 1240	 iter
967	 1.141678e-04	 1242	 iter
968	 1.141678e-04	 1243	 iter
969	 1.141678e-04	 1244	 iter
970	 1.141678e-04	 1245	 iter
971	 1.141678e-04	 1246	 iter
972	 1.141678e-04	 1247	 iter
973	 1.141678e-04	 1248	 iter
974	 1.089212e-04	 1250	 iter
975	 1.089212e-04	 1251	 iter
976	 1.089212e-04	 1252	 iter
977	 1.089212e-04	 1253	 iter
978	 1.089212e-04	 1254	 iter
979	 1.089212e-04	 1255	 iter
980	 1.089212e-04	 1256	 iter
981	 1.089212e-04	 1257	 iter
982	 1.062992e-04	 1259	 iter
983	 9.930910e-05	 1261	 iter
984	 9.930910e-05	 1262	 iter
985	 9.930910e-05	 1263	 iter
986	 9.930910e-05	 1264	 iter
987	 9.930910e-05	 1265	 iter
988	 9.930910e-05	 1266	 iter
989	 9.930910e-05	 1267	 iter
990	 9.930910e-05	 1268	 iter
991	 9.930910e-05	 1269	 iter
992	 9.930910e-05	 1270	 iter
993	 9.930910e-05	 1271	 iter
994	 9.930910e-05	 1272	 iter
995	 9.930910e-05	 1273	 iter
996	 9.930910e-05	 1274	 iter
997	 9.930910e-05	 1275	 iter
998	 9.930910e-05	 1276	 iter
999	 9.930910e-05	 1277	 iter
1000	 9.930910e-05	 1278	 iter
1001	 9.930910e-05	 1279	 iter
1002	 9.930910e-05	 1280	 iter
1003	 9.930910e-05	 1281	 iter
1004	 9.930910e-05	 1282	 iter
1005	 9.930910e-05	 1283	 iter
1006	 9.930910e-05	 1284	 iter
1007	 9.930910e-05	 1285	 iter
1008	 9.930910e-05	 1286	 iter
1009	 9.930910e-05	 1287	 iter
1010	 9.930910e-05	 1288	 iter
1011	 9.930910e-05	 1289	 iter
1012	 9.785615e-05	 1291	 iter
1013	 9.785615e-05	 1292	 iter
1014	 9.785615e-05	 1293	 iter
1015	 9.785615e-05	 1295	 iter
1016	 9.785615e-05	 1296	 iter
1017	 9.785615e-05	 1297	 iter
1018	 9.591643e-05	 1299	 iter
1019	 9.591643e-05	 1301	 iter
1020	 9.591643e-05	 1302	 iter
1021	 9.591643e-05	 1304	 iter
1022	 9.591643e-05	 1306	 iter
1023	 9.591643e-05	 1307	 iter
1024	 9.591643e-05	 1308	 iter
1025	 9.591643e-05	 1310	 iter
1026	 9.591643e-05	 1312	 iter
1027	 9.591643e-05	 1313	 iter
1028	 9.591643e-05	 1314	 iter
1029	 9.591643e-05	 1316	 iter
1030	 9.556931e-05	 1318	 iter
1031	 9.556931e-05	 1319	 iter
1032	 9.556931e-05	 1321	 iter
1033	 9.556931e-05	 1323	 iter
1034	 9.556931e-05	 1324	 iter
1035	 9.556931e-05	 1325	 iter
1036	 9.556931e-05	 1326	 iter
1037	 9.514135e-05	 1328	 iter
1038	 9.514135e-05	 1329	 iter
1039	 9.514135e-05	 1330	 iter
1040	 9.514135e-05	 1331	 iter
1041	 9.514135e-05	 1332	 iter
1042	 9.514135e-05	 1334	 iter
1043	 9.514135e-05	 1335	 iter
1044	 9.514135e-05	 1336	 iter
1045	 9.440652e-05	 1338	 iter
1046	 9.440652e-05	 1340	 iter
1047	 9.440652e-05	 1341	 iter
1048	 9.440652e-05	 1342	 iter
1049	 9.440652e-05	 1344	 iter
1050	 9.440652e-05	 1345	 iter
1051	 9.440652e-05	 1346	 iter
1052	 9.420200e-05	 1348	 iter
1053	 9.420200e-05	 1350	 iter
1054	 9.420200e-05	 1351	 iter
1055	 9.420200e-05	 1352	 iter
1056	 9.420200e-05	 1353	 iter
1057	 9.389480e-05	 1355	 iter
1058	 9.389480e-05	 1356	 iter
1059	 9.389480e-05	 1358	 iter
1060	 9.389480e-05	 1359	 iter
1061	 9.389480e-05	 1360	 iter
1062	 9.349608e-05	 1362	 iter
1063	 9.349608e-05	 1363	 iter
1064	 9.317323e-05	 1365	 iter
1065	 9.317323e-05	 1366	 iter
1066	 9.317323e-05	 1367	 iter
1067	 9.304239e-05	 1369	 iter
1068	 9.296966e-05	 1371	 iter
1069	 9.296966e-05	 1372	 iter
1070	 9.296966e-05	 1373	 iter
1071	 9.296966e-05	 1375	 iter
1072	 9.296966e-05	 1376	 iter
1073	 9.296130e-05	 1378	 iter
1074	 9.281131e-05	 1380	 iter
1075	 9.222768e-05	 1382	 iter
1076	 9.222768e-05	 1384	 iter
1077	 9.213831e-05	 1386	 iter
1078	 9.213831e-05	 1388	 iter
1079	 9.213831e-05	 1389	 iter
1080	 9.213831e-05	 1390	 iter
1081	 9.213831e-05	 1391	 iter
1082	 9.200538e-05	 1393	 iter
1083	 9.167284e-05	 1395	 iter
1084	 9.052540e-05	 1397	 iter
1085	 9.052540e-05	 1398	 iter
1086	 9.052540e-05	 1399	 iter
1087	 9.052540e-05	 1400	 iter
1088	 9.052540e-05	 1401	 iter
1089	 9.052540e-05	 1402	 iter
1090	 8.936220e-05	 1404	 iter
1091	 8.936220e-05	 1405	 iter
1092	 8.936220e-05	 1406	 iter
1093	 8.936220e-05	 1407	 iter
1094	 8.936220e-05	 1408	 iter
1095	 8.936220e-05	 1409	 iter
1096	 8.936220e-05	 1410	 iter
1097	 8.936220e-05	 1411	 iter
1098	 8.936220e-05	 1412	 iter
1099	 8.936220e-05	 1413	 iter
1100	 8.936220e-05	 1414	 iter
1101	 8.754227e-05	 1416	 iter
1102	 8.754227e-05	 1417	 iter
1103	 8.754227e-05	 1418	 iter
1104	 8.754227e-05	 1419	 iter
1105	 8.754227e-05	 1420	 iter
1106	 8.754227e-05	 1421	 iter
1107	 8.754227e-05	 1422	 iter
1108	 8.754227e-05	 1423	 iter
1109	 8.754227e-05	 1424	 iter
1110	 8.653273e-05	 1426	 iter
1111	 8.653273e-05	 1427	 iter
1112	 8.653273e-05	 1428	 iter
1113	 8.653273e-05	 1429	 iter
1114	 8.653273e-05	 1430	 iter
1115	 8.653273e-05	 1431	 iter
1116	 8.599512e-05	 1433	 iter
1117	 8.599512e-05	 1434	 iter
1118	 8.362842e-05	 1436	 iter
1119	 8.362842e-05	 1437	 iter
1120	 8.362842e-05	 1438	 iter
1121	 8.362842e-05	 1439	 iter
1122	 8.362842e-05	 1440	 iter
1123	 8.362842e-05	 1441	 iter
1124	 8.362842e-05	 1442	 iter
1125	 8.362842e-05	 1443	 iter
1126	 8.362842e-05	 1444	 iter
1127	 8.355519e-05	 1446	 iter
1128	 8.310832e-05	 1448	 iter
1129	 8.310832e-05	 1449	 iter
1130	 8.298743e-05	 1451	 iter
1131	 7.921542e-05	 1453	 iter
1132	 7.921542e-05	 1454	 iter
1133	 7.921542e-05	 1455	 iter
1134	 7.921542e-05	 1456	 iter
1135	 7.921542e-05	 1457	 iter
1136	 7.921542e-05	 1458	 iter
1137	 7.921542e-05	 1459	 iter
1138	 7.921542e-05	 1460	 iter
1139	 7.921542e-05	 1461	 iter
1140	 7.813390e-05	 1463	 iter
1141	 7.813390e-05	 1464	 iter
1142	 7.813390e-05	 1465	 iter
1143	 7.790800e-05	 1467	 iter
1144	 7.735838e-05	 1469	 iter
1145	 7.619857e-05	 1471	 iter
1146	 7.520424e-05	 1473	 iter
1147	 7.520424e-05	 1474	 iter
1148	 7.185676e-05	 1476	 iter
1149	 7.185676e-05	 1477	 iter
1150	 7.185676e-05	 1478	 iter
1151	 7.185676e-05	 1479	 iter
1152	 7.185676e-05	 1480	 iter
1153	 6.899401e-05	 1482	 iter
1154	 6.899401e-05	 1483	 iter
1155	 6.611417e-05	 1485	 iter
1156	 6.611417e-05	 1486	 iter
1157	 6.611417e-05	 1487	 iter
1158	 6.611417e-05	 1488	 iter
1159	 6.611417e-05	 1489	 iter
1160	 6.530575e-05	 1491	 iter
1161	 6.530575e-05	 1492	 iter
1162	 6.530575e-05	 1493	 iter
1163	 6.530575e-05	 1494	 iter
1164	 6.108553e-05	 1496	 iter
1165	 6.108553e-05	 1497	 iter
1166	 5.268755e-05	 1499	 iter
1167	 5.268755e-05	 1500	 iter
1168	 5.268755e-05	 1501	 iter
1169	 5.268755e-05	 1502	 iter
1170	 5.268755e-05	 1503	 iter
1171	 5.268755e-05	 1504	 iter
1172	 5.268755e-05	 1505	 iter
1173	 5.268755e-05	 1506	 iter
1174	 5.268755e-05	 1507	 iter
1175	 5.268755e-05	 1508	 iter
1176	 5.268755e-05	 1509	 iter
1177	 5.268755e-05	 1510	 iter
1178	 5.268755e-05	 1511	 iter
1179	 5.268755e-05	 1512	 iter
1180	 5.097896e-05	 1514	 iter
1181	 5.097896e-05	 1515	 iter
1182	 5.097896e-05	 1516	 iter
1183	 5.097896e-05	 1517	 iter
1184	 5.097896e-05	 1519	 iter
1185	 5.097896e-05	 1520	 iter
1186	 4.671148e-05	 1522	 iter
1187	 4.671148e-05	 1523	 iter
1188	 4.671148e-05	 1524	 iter
1189	 4.671148e-05	 1525	 iter
1190	 4.671148e-05	 1526	 iter
1191	 4.577819e-05	 1528	 iter
1192	 4.577819e-05	 1529	 iter
1193	 4.508988e-05	 1531	 iter
1194	 4.107456e-05	 1533	 iter
1195	 3.843105e-05	 1535	 iter
1196	 3.843105e-05	 1536	 iter
1197	 3.843105e-05	 1537	 iter
1198	 3.843105e-05	 1538	 iter
1199	 3.843105e-05	 1539	 iter
1200	 3.419321e-05	 1541	 iter
1201	 3.419321e-05	 1542	 iter
1202	 3.419321e-05	 1543	 iter
1203	 3.419321e-05	 1544	 iter
1204	 3.419321e-05	 1545	 iter
1205	 3.419321e-05	 1546	 iter
1206	 3.419321e-05	 1547	 iter
1207	 3.419321e-05	 1548	 iter
1208	 3.419321e-05	 1549	 iter
1209	 3.419321e-05	 1550	 iter
1210	 3.419321e-05	 1552	 iter
1211	 3.419321e-05	 1553	 iter
1212	 3.419321e-05	 1554	 iter
1213	 3.419321e-05	 1555	 iter
1214	 3.324035e-05	 1557	 iter
1215	 3.324035e-05	 1558	 iter
1216	 3.267521e-05	 1560	 iter
1217	 2.861761e-05	 1562	 iter
1218	 2.861761e-05	 1563	 iter
1219	 2.861761e-05	 1564	 iter
1220	 2.861761e-05	 1565	 iter
1221	 2.861761e-05	 1566	 iter
1222	 2.861761e-05	 1567	 iter
1223	 2.861761e-05	 1568	 iter
1224	 2.861761e-05	 1569	 iter
1225	 2.861761e-05	 1570	 iter
1226	 2.861761e-05	 1571	 iter
1227	 2.861761e-05	 1572	 iter
1228	 2.861761e-05	 1573	 iter
1229	 2.861761e-05	 1574	 iter
1230	 2.861761e-05	 1575	 iter
1231	 2.861761e-05	 1577	 iter
1232	 2.861761e-05	 1579	 iter
1233	 2.818802e-05	 1581	 iter
1234	 2.818802e-05	 1582	 iter
1235	 2.818802e-05	 1583	 iter
1236	 2.818802e-05	 1585	 iter
1237	 2.818802e-05	 1586	 iter
1238	 2.818802e-05	 1587	 iter
1239	 2.818802e-05	 1588	 iter
1240	 2.818802e-05	 1589	 iter
1241	 2.818802e-05	 1590	 iter
1242	 2.817922e-05	 1592	 iter
1243	 2.817922e-05	 1593	 iter
1244	 2.709942e-05	 1595	 iter
1245	 2.709942e-05	 1597	 iter
1246	 2.709942e-05	 1598	 iter
1247	 2.691305e-05	 1600	 iter
1248	 2.678108e-05	 1602	 iter
1249	 2.678108e-05	 1604	 iter
1250	 2.678108e-05	 1606	 iter
1251	 2.678108e-05	 1607	 iter
1252	 2.675259e-05	 1609	 iter
1253	 2.609256e-05	 1611	 iter
1254	 2.609256e-05	 1613	 iter
1255	 2.609256e-05	 1614	 iter
1256	 2.609256e-05	 1615	 iter
1257	 2.609256e-05	 1617	 iter
1258	 2.577928e-05	 1619	 iter
1259	 2.577928e-05	 1621	 iter
1260	 2.577928e-05	 1622	 iter
1261	 2.577928e-05	 1624	 iter
1262	 2.577928e-05	 1625	 iter
1263	 2.577928e-05	 1626	 iter
1264	 2.577928e-05	 1627	 iter
1265	 2.577928e-05	 1628	 iter
1266	 2.549975e-05	 1630	 iter
1267	 2.549975e-05	 1632	 iter
1268	 2.472312e-05	 1634	 iter
1269	 2.472312e-05	 1636	 iter
1270	 2.472312e-05	 1638	 iter
1271	 2.472312e-05	 1640	 iter
1272	 2.472312e-05	 1642	 iter
1273	 2.472312e-05	 1643	 iter
1274	 2.472312e-05	 1645	 iter
1275	 2.472312e-05	 1646	 iter
1276	 2.472312e-05	 1647	 iter
1277	 2.472312e-05	 1649	 iter
1278	 2.472312e-05	 1651	 iter
1279	 2.472312e-05	 1652	 iter
1280	 2.466850e-05	 1654	 iter
1281	 2.466850e-05	 1656	 iter
1282	 2.466850e-05	 1657	 iter
1283	 2.466850e-05	 1659	 iter
1284	 2.443893e-05	 1661	 iter
1285	 2.443893e-05	 1662	 iter
1286	 2.443893e-05	 1664	 iter
1287	 2.443893e-05	 1665	 iter
1288	 2.443893e-05	 1666	 iter
1289	 2.412411e-05	 1668	 iter
1290	 2.412411e-05	 1669	 iter
1291	 2.412411e-05	 1671	 iter
1292	 2.400924e-05	 1673	 iter
1293	 2.400924e-05	 1674	 iter
1294	 2.400924e-05	 1676	 iter
1295	 2.387578e-05	 1678	 iter
1296	 2.387578e-05	 1679	 iter
1297	 2.387578e-05	 1680	 iter
1298	 2.387578e-05	 1681	 iter
1299	 2.387578e-05	 1682	 iter
1300	 2.387578e-05	 1683	 iter
1301	 2.387578e-05	 1684	 iter
1302	 2.387578e-05	 1685	 iter
1303	 2.387578e-05	 1686	 iter
1304	 2.387578e-05	 1688	 iter
1305	 2.387578e-05	 1689	 iter
1306	 2.375357e-05	 1691	 iter
1307	 2.362666e-05	 1693	 iter
1308	 2.362666e-05	 1694	 iter
1309	 2.362666e-05	 1695	 iter
1310	 2.362666e-05	 1697	 iter
1311	 2.362666e-05	 1698	 iter
1312	 2.362666e-05	 1699	 iter
1313	 2.362666e-05	 1700	 iter
1314	 2.360191e-05	 1702	 iter
1315	 2.360191e-05	 1703	 iter
1316	 2.360191e-05	 1704	 iter
1317	 2.360191e-05	 1706	 iter
1318	 2.337270e-05	 1708	 iter
1319	 2.337270e-05	 1709	 iter
1320	 2.337270e-05	 1710	 iter
1321	 2.337270e-05	 1711	 iter
1322	 2.286925e-05	 1713	 iter
1323	 2.286925e-05	 1715	 iter
1324	 2.286925e-05	 1716	 iter
1325	 2.286925e-05	 1717	 iter
1326	 2.286925e-05	 1718	 iter
1327	 2.286925e-05	 1719	 iter
1328	 2.286925e-05	 1720	 iter
1329	 2.286925e-05	 1721	 iter
1330	 2.286925e-05	 1722	 iter
1331	 2.286925e-05	 1723	 iter
1332	 2.286925e-05	 1724	 iter
1333	 2.286925e-05	 1725	 iter
1334	 2.286925e-05	 1727	 iter
1335	 2.286925e-05	 1728	 iter
1336	 2.286925e-05	 1729	 iter
1337	 2.280704e-05	 1731	 iter
1338	 2.280704e-05	 1732	 iter
1339	 2.280704e-05	 1733	 iter
1340	 2.280704e-05	 1734	 iter
1341	 2.280704e-05	 1735	 iter
1342	 2.280704e-05	 1736	 iter
1343	 2.280704e-05	 1737	 iter
1344	 2.280704e-05	 1738	 iter
1345	 2.280704e-05	 1739	 iter
1346	 2.250864e-05	 1741	 iter
1347	 2.250864e-05	 1742	 iter
1348	 2.250864e-05	 1743	 iter
1349	 2.250864e-05	 1745	 iter
1350	 2.233583e-05	 1747	 iter
1351	 2.233583e-05	 1748	 iter
1352	 2.233583e-05	 1749	 iter
1353	 2.233583e-05	 1750	 iter
1354	 2.233583e-05	 1751	 iter
1355	 2.233583e-05	 1752	 iter
1356	 2.233583e-05	 1753	 iter
1357	 2.229696e-05	 1755	 iter
1358	 2.229696e-05	 1756	 iter
1359	 2.229696e-05	 1757	 iter
1360	 2.211647e-05	 1759	 iter
1361	 2.206414e-05	 1761	 iter
1362	 2.206414e-05	 1762	 iter
1363	 2.206414e-05	 1763	 iter
1364	 2.199416e-05	 1765	 iter
1365	 2.199416e-05	 1766	 iter
1366	 2.199416e-05	 1767	 iter
1367	 2.199416e-05	 1768	 iter
1368	 2.199416e-05	 1769	 iter
1369	 2.199416e-05	 1770	 iter
1370	 2.199416e-05	 1772	 iter
1371	 2.181902e-05	 1774	 iter
1372	 2.181902e-05	 1775	 iter
1373	 2.181902e-05	 1776	 iter
1374	 2.181902e-05	 1777	 iter
1375	 2.181902e-05	 1778	 iter
1376	 2.181902e-05	 1780	 iter
1377	 2.181902e-05	 1781	 iter
1378	 2.181902e-05	 1782	 iter
1379	 2.181902e-05	 1783	 iter
1380	 2.181902e-05	 1784	 iter
1381	 2.181902e-05	 1786	 iter
1382	 2.181902e-05	 1787	 iter
1383	 2.181902e-05	 1788	 iter
1384	 2.181902e-05	 1789	 iter
1385	 2.179696e-05	 1791	 iter
1386	 2.179696e-05	 1793	 iter
1387	 2.179696e-05	 1794	 iter
1388	 2.179696e-05	 1795	 iter
1389	 2.179696e-05	 1796	 iter
1390	 2.175778e-05	 1798	 iter
1391	 2.175778e-05	 1800	 iter
1392	 2.163475e-05	 1802	 iter
1393	 2.163475e-05	 1803	 iter
1394	 2.163475e-05	 1804	 iter
1395	 2.163475e-05	 1805	 iter
1396	 2.163475e-05	 1806	 iter
1397	 2.163475e-05	 1807	 iter
1398	 2.163475e-05	 1808	 iter
1399	 2.163475e-05	 1810	 iter
1400	 2.163475e-05	 1811	 iter
1401	 2.163475e-05	 1812	 iter
1402	 2.163475e-05	 1814	 iter
1403	 2.162972e-05	 1816	 iter
1404	 2.162972e-05	 1818	 iter
1405	 2.162972e-05	 1819	 iter
1406	 2.162972e-05	 1821	 iter
1407	 2.157346e-05	 1823	 iter
1408	 2.157346e-05	 1824	 iter
1409	 2.157346e-05	 1825	 iter
1410	 2.157346e-05	 1827	 iter
1411	 2.157346e-05	 1828	 iter
1412	 2.157346e-05	 1829	 iter
1413	 2.157346e-05	 1830	 iter
1414	 2.156413e-05	 1832	 iter
1415	 2.156413e-05	 1834	 iter
1416	 2.156413e-05	 1835	 iter
1417	 2.156413e-05	 1836	 iter
1418	 2.155016e-05	 1838	 iter
1419	 2.155016e-05	 1840	 iter
1420	 2.155016e-05	 1841	 iter
1421	 2.155016e-05	 1843	 iter
1422	 2.155016e-05	 1845	 iter
1423	 2.155016e-05	 1846	 iter
1424	 2.155016e-05	 1848	 iter
1425	 2.155016e-05	 1849	 iter
1426	 2.154530e-05	 1851	 iter
1427	 2.154530e-05	 1852	 iter
1428	 2.154530e-05	 1853	 iter
1429	 2.145303e-05	 1855	 iter
1430	 2.145303e-05	 1857	 iter
1431	 2.145303e-05	 1858	 iter
1432	 2.145303e-05	 1859	 iter
1433	 2.145303e-05	 1860	 iter
1434	 2.145303e-05	 1862	 iter
1435	 2.145303e-05	 1863	 iter
1436	 2.145303e-05	 1865	 iter
1437	 2.145303e-05	 1866	 iter
1438	 2.145303e-05	 1867	 iter
1439	 2.145303e-05	 1869	 iter
1440	 2.145303e-05	 1871	 iter
1441	 2.145303e-05	 1872	 iter
1442	 2.145303e-05	 1873	 iter
1443	 2.145303e-05	 1875	 iter
1444	 2.145303e-05	 1876	 iter
1445	 2.145303e-05	 1877	 iter
1446	 2.145303e-05	 1879	 iter
1447	 2.145303e-05	 1880	 iter
1448	 2.145303e-05	 1881	 iter
1449	 2.145303e-05	 1882	 iter
1450	 2.145303e-05	 1884	 iter
1451	 2.145303e-05	 1886	 iter
1452	 2.145274e-05	 1888	 iter
1453	 2.145274e-05	 1889	 iter
1454	 2.145274e-05	 1890	 iter
1455	 2.145274e-05	 1892	 iter
1456	 2.145274e-05	 1893	 iter
1457	 2.143787e-05	 1895	 iter
1458	 2.143787e-05	 1896	 iter
1459	 2.143787e-05	 1897	 iter
1460	 2.143787e-05	 1898	 iter
1461	 2.143787e-05	 1899	 iter
1462	 2.143787e-05	 1900	 iter
1463	 2.143787e-05	 1902	 iter
1464	 2.143787e-05	 1903	 iter
1465	 2.143787e-05	 1904	 iter
1466	 2.143787e-05	 1906	 iter
1467	 2.143787e-05	 1907	 iter
1468	 2.143787e-05	 1908	 iter
1469	 2.136458e-05	 1910	 iter
1470	 2.136458e-05	 1911	 iter
1471	 2.136458e-05	 1912	 iter
1472	 2.136458e-05	 1913	 iter
1473	 2.136458e-05	 1914	 iter
1474	 2.136458e-05	 1915	 iter
1475	 2.136458e-05	 1916	 iter
1476	 2.136458e-05	 1917	 iter
1477	 2.136458e-05	 1918	 iter
1478	 2.136458e-05	 1919	 iter
1479	 2.136458e-05	 1920	 iter
1480	 2.136458e-05	 1921	 iter
1481	 2.132751e-05	 1923	 iter
1482	 2.132751e-05	 1924	 iter
1483	 2.132751e-05	 1925	 iter
1484	 2.132751e-05	 1926	 iter
1485	 2.132751e-05	 1927	 iter
1486	 2.132751e-05	 1928	 iter
1487	 2.132751e-05	 1929	 iter
1488	 2.132751e-05	 1930	 iter
1489	 2.132751e-05	 1931	 iter
1490	 2.132751e-05	 1932	 iter
1491	 2.132751e-05	 1933	 iter
1492	 2.132226e-05	 1935	 iter
1493	 2.132226e-05	 1936	 iter
1494	 2.132226e-05	 1937	 iter
1495	 2.132084e-05	 1939	 iter
1496	 2.132084e-05	 1940	 iter
1497	 2.132076e-05	 1942	 iter
1498	 2.130448e-05	 1944	 iter
1499	 2.123045e-05	 1946	 iter
1500	 2.123045e-05	 1947	 iter
1501	 2.123045e-05	 1948	 iter
1502	 2.123045e-05	 1949	 iter
1503	 2.123045e-05	 1950	 iter
1504	 2.123045e-05	 1951	 iter
1505	 2.123045e-05	 1952	 iter
1506	 2.123045e-05	 1953	 iter
1507	 2.116071e-05	 1955	 iter
1508	 2.116071e-05	 1956	 iter
1509	 2.116071e-05	 1957	 iter
1510	 2.116071e-05	 1958	 iter
1511	 2.116071e-05	 1959	 iter
1512	 2.116071e-05	 1960	 iter
1513	 2.116071e-05	 1961	 iter
1514	 2.111372e-05	 1963	 iter
1515	 2.111372e-05	 1964	 iter
1516	 2.111372e-05	 1965	 iter
1517	 2.111372e-05	 1966	 iter
1518	 2.111372e-05	 1967	 iter
1519	 2.110461e-05	 1969	 iter
1520	 2.110461e-05	 1970	 iter
1521	 2.110067e-05	 1972	 iter
1522	 2.109335e-05	 1974	 iter
1523	 2.105012e-05	 1976	 iter
1524	 2.098960e-05	 1978	 iter
1525	 2.098960e-05	 1979	 iter
1526	 2.098960e-05	 1980	 iter
1527	 2.098960e-05	 1981	 iter
1528	 2.098960e-05	 1982	 iter
1529	 2.098960e-05	 1983	 iter
1530	 2.098960e-05	 1984	 iter
1531	 2.098960e-05	 1985	 iter
1532	 2.085326e-05	 1987	 iter
1533	 2.085326e-05	 1988	 iter
1534	 2.085326e-05	 1989	 iter
1535	 2.085326e-05	 1990	 iter
1536	 2.085326e-05	 1991	 iter
1537	 2.085326e-05	 1992	 iter
1538	 2.085326e-05	 1993	 iter
1539	 2.085326e-05	 1994	 iter
1540	 2.085326e-05	 1995	 iter
1541	 2.085326e-05	 1996	 iter
1542	 2.078824e-05	 1998	 iter
1543	 2.078595e-05	 2000	 iter
1544	 2.077284e-05	 2002	 iter
1545	 2.071990e-05	 2004	 iter
1546	 2.071990e-05	 2005	 iter
1547	 2.052110e-05	 2007	 iter
1548	 2.052110e-05	 2008	 iter
1549	 2.052110e-05	 2009	 iter
1550	 2.052110e-05	 2010	 iter
1551	 2.052110e-05	 2011	 iter
1552	 2.052110e-05	 2012	 iter
1553	 2.052110e-05	 2013	 iter
1554	 2.052110e-05	 2014	 iter
1555	 2.052110e-05	 2015	 iter
1556	 2.052110e-05	 2016	 iter
1557	 2.052110e-05	 2017	 iter
1558	 2.052110e-05	 2018	 iter
1559	 2.039075e-05	 2020	 iter
1560	 2.039075e-05	 2021	 iter
1561	 2.039075e-05	 2022	 iter
1562	 2.029051e-05	 2024	 iter
1563	 2.029051e-05	 2025	 iter
1564	 2.029051e-05	 2026	 iter
1565	 2.029051e-05	 2027	 iter
1566	 2.029051e-05	 2028	 iter
1567	 2.029051e-05	 2029	 iter
1568	 2.029051e-05	 2030	 iter
1569	 2.029051e-05	 2031	 iter
1570	 2.026805e-05	 2033	 iter
1571	 2.024679e-05	 2035	 iter
1572	 2.024679e-05	 2036	 iter
1573	 2.024679e-05	 2037	 iter
1574	 2.024679e-05	 2038	 iter
1575	 2.019476e-05	 2040	 iter
1576	 2.019476e-05	 2041	 iter
1577	 2.019476e-05	 2042	 iter
1578	 2.019476e-05	 2044	 iter
1579	 2.011094e-05	 2046	 iter
1580	 2.011094e-05	 2047	 iter
1581	 2.011094e-05	 2048	 iter
1582	 2.011094e-05	 2049	 iter
1583	 1.990469e-05	 2051	 iter
1584	 1.990469e-05	 2052	 iter
1585	 1.990469e-05	 2053	 iter
1586	 1.990469e-05	 2054	 iter
1587	 1.990469e-05	 2055	 iter
1588	 1.990469e-05	 2057	 iter
1589	 1.990469e-05	 2058	 iter
1590	 1.990469e-05	 2059	 iter
1591	 1.990469e-05	 2060	 iter
1592	 1.990469e-05	 2061	 iter
1593	 1.990469e-05	 2062	 iter
1594	 1.990469e-05	 2063	 iter
1595	 1.990469e-05	 2064	 iter
1596	 1.976751e-05	 2066	 iter
1597	 1.976751e-05	 2067	 iter
1598	 1.976751e-05	 2068	 iter
1599	 1.976751e-05	 2069	 iter
1600	 1.976751e-05	 2070	 iter
1601	 1.963822e-05	 2072	 iter
1602	 1.963822e-05	 2073	 iter
1603	 1.963822e-05	 2074	 iter
1604	 1.963822e-05	 2075	 iter
1605	 1.944229e-05	 2077	 iter
1606	 1.944229e-05	 2078	 iter
1607	 1.944229e-05	 2079	 iter
1608	 1.944229e-05	 2080	 iter
1609	 1.944229e-05	 2081	 iter
1610	 1.944229e-05	 2082	 iter
1611	 1.944229e-05	 2083	 iter
1612	 1.944229e-05	 2084	 iter
1613	 1.944229e-05	 2085	 iter
1614	 1.944229e-05	 2086	 iter
1615	 1.944229e-05	 2087	 iter
1616	 1.944229e-05	 2088	 iter
1617	 1.935764e-05	 2090	 iter
1618	 1.935764e-05	 2091	 iter
1619	 1.932151e-05	 2093	 iter
1620	 1.925547e-05	 2095	 iter
1621	 1.925547e-05	 2096	 iter
1622	 1.925547e-05	 2097	 iter
1623	 1.925547e-05	 2098	 iter
1624	 1.925547e-05	 2099	 iter
1625	 1.910045e-05	 2101	 iter
1626	 1.910045e-05	 2102	 iter
1627	 1.910045e-05	 2103	 iter
1628	 1.910045e-05	 2104	 iter
1629	 1.910045e-05	 2105	 iter
1630	 1.910045e-05	 2106	 iter
1631	 1.907486e-05	 2108	 iter
1632	 1.905056e-05	 2110	 iter
1633	 1.905056e-05	 2111	 iter
1634	 1.905056e-05	 2112	 iter
1635	 1.905056e-05	 2113	 iter
1636	 1.905056e-05	 2114	 iter
1637	 1.899789e-05	 2116	 iter
1638	 1.899789e-05	 2117	 iter
1639	 1.899789e-05	 2118	 iter
1640	 1.891483e-05	 2120	 iter
1641	 1.891483e-05	 2121	 iter
1642	 1.891483e-05	 2122	 iter
1643	 1.882731e-05	 2124	 iter
1644	 1.882731e-05	 2125	 iter
1645	 1.882731e-05	 2126	 iter
1646	 1.882731e-05	 2127	 iter
1647	 1.881731e-05	 2129	 iter
1648	 1.881731e-05	 2130	 iter
1649	 1.878009e-05	 2132	 iter
1650	 1.878009e-05	 2133	 iter
1651	 1.878009e-05	 2134	 iter
1652	 1.878009e-05	 2135	 iter
1653	 1.878009e-05	 2136	 iter
1654	 1.878009e-05	 2137	 iter
1655	 1.878009e-05	 2138	 iter
1656	 1.878009e-05	 2139	 iter
1657	 1.868803e-05	 2141	 iter
1658	 1.866667e-05	 2143	 iter
1659	 1.864473e-05	 2145	 iter
1660	 1.859888e-05	 2147	 iter
1661	 1.859888e-05	 2148	 iter
1662	 1.859888e-05	 2149	 iter
1663	 1.859888e-05	 2150	 iter
1664	 1.859888e-05	 2151	 iter
1665	 1.859888e-05	 2152	 iter
1666	 1.859888e-05	 2153	 iter
1667	 1.859888e-05	 2155	 iter
1668	 1.859888e-05	 2157	 iter
1669	 1.859888e-05	 2158	 iter
1670	 1.859888e-05	 2159	 iter
1671	 1.859888e-05	 2160	 iter
1672	 1.858522e-05	 2162	 iter
1673	 1.858522e-05	 2163	 iter
1674	 1.858522e-05	 2164	 iter
1675	 1.855643e-05	 2166	 iter
1676	 1.855643e-05	 2167	 iter
1677	 1.855643e-05	 2168	 iter
1678	 1.850184e-05	 2170	 iter
1679	 1.850184e-05	 2171	 iter
1680	 1.850184e-05	 2173	 iter
1681	 1.849343e-05	 2175	 iter
1682	 1.849343e-05	 2176	 iter
1683	 1.849343e-05	 2177	 iter
1684	 1.846835e-05	 2179	 iter
1685	 1.846835e-05	 2180	 iter
1686	 1.846835e-05	 2181	 iter
1687	 1.846835e-05	 2182	 iter
1688	 1.846835e-05	 2183	 iter
1689	 1.846835e-05	 2184	 iter
1690	 1.845605e-05	 2186	 iter
1691	 1.845605e-05	 2187	 iter
1692	 1.845605e-05	 2188	 iter
1693	 1.845605e-05	 2190	 iter
1694	 1.845605e-05	 2192	 iter
1695	 1.845605e-05	 2193	 iter
1696	 1.845605e-05	 2194	 iter
1697	 1.845605e-05	 2196	 iter
1698	 1.845605e-05	 2197	 iter
1699	 1.845543e-05	 2199	 iter
1700	 1.845308e-05	 2201	 iter
1701	 1.844480e-05	 2203	 iter
1702	 1.844093e-05	 2205	 iter
1703	 1.843916e-05	 2207	 iter
1704	 1.843916e-05	 2208	 iter
1705	 1.842960e-05	 2210	 iter
1706	 1.842960e-05	 2211	 iter
1707	 1.842960e-05	 2213	 iter
1708	 1.842960e-05	 2214	 iter
1709	 1.842960e-05	 2215	 iter
1710	 1.842089e-05	 2217	 iter
1711	 1.838520e-05	 2219	 iter
1712	 1.838520e-05	 2220	 iter
1713	 1.838520e-05	 2222	 iter
1714	 1.838520e-05	 2223	 iter
1715	 1.838520e-05	 2224	 iter
1716	 1.838520e-05	 2226	 iter
1717	 1.838520e-05	 2228	 iter
1718	 1.838520e-05	 2229	 iter
1719	 1.838520e-05	 2230	 iter
1720	 1.838520e-05	 2232	 iter
1721	 1.838520e-05	 2234	 iter
1722	 1.838520e-05	 2235	 iter
1723	 1.838520e-05	 2236	 iter
1724	 1.838520e-05	 2237	 iter
1725	 1.838520e-05	 2239	 iter
1726	 1.838520e-05	 2240	 iter
1727	 1.838520e-05	 2241	 iter
1728	 1.838520e-05	 2242	 iter
1729	 1.837955e-05	 2244	 iter
1730	 1.837955e-05	 2246	 iter
1731	 1.837955e-05	 2248	 iter
1732	 1.837955e-05	 2250	 iter
1733	 1.837955e-05	 2251	 iter
1734	 1.837955e-05	 2252	 iter
1735	 1.837945e-05	 2254	 iter
1736	 1.837945e-05	 2255	 iter
1737	 1.837945e-05	 2256	 iter
1738	 1.836896e-05	 2258	 iter
1739	 1.836896e-05	 2259	 iter
1740	 1.836896e-05	 2260	 iter
1741	 1.836896e-05	 2261	 iter
1742	 1.836896e-05	 2263	 iter
1743	 1.836896e-05	 2264	 iter
1744	 1.836896e-05	 2265	 iter
1745	 1.836896e-05	 2266	 iter
1746	 1.836896e-05	 2267	 iter
1747	 1.836896e-05	 2268	 iter
1748	 1.836744e-05	 2270	 iter
1749	 1.836638e-05	 2272	 iter
1750	 1.836480e-05	 2274	 iter
1751	 1.836480e-05	 2275	 iter
1752	 1.836421e-05	 2277	 iter
1753	 1.835939e-05	 2279	 iter
1754	 1.835939e-05	 2280	 iter
1755	 1.835939e-05	 2281	 iter
1756	 1.835939e-05	 2282	 iter
1757	 1.835939e-05	 2283	 iter
1758	 1.835939e-05	 2284	 iter
1759	 1.835939e-05	 2285	 iter
1760	 1.835939e-05	 2286	 iter
1761	 1.835912e-05	 2288	 iter
1762	 1.835912e-05	 2289	 iter
1763	 1.835912e-05	 2290	 iter
1764	 1.835912e-05	 2291	 iter
1765	 1.835762e-05	 2293	 iter
1766	 1.835762e-05	 2294	 iter
1767	 1.835762e-05	 2295	 iter
1768	 1.835711e-05	 2297	 iter
1769	 1.835711e-05	 2298	 iter
1770	 1.835604e-05	 2300	 iter
1771	 1.835388e-05	 2302	 iter
1772	 1.835388e-05	 2303	 iter
1773	 1.835388e-05	 2304	 iter
1774	 1.835388e-05	 2305	 iter
1775	 1.835323e-05	 2307	 iter
1776	 1.835323e-05	 2309	 iter
1777	 1.835323e-05	 2311	 iter
1778	 1.835323e-05	 2313	 iter
1779	 1.835323e-05	 2315	 iter
1780	 1.834320e-05	 2317	 iter
1781	 1.834320e-05	 2319	 iter
1782	 1.834320e-05	 2320	 iter
1783	 1.834320e-05	 2322	 iter
1784	 1.834320e-05	 2324	 iter
1785	 1.834320e-05	 2326	 iter
1786	 1.834320e-05	 2328	 iter
1787	 1.834320e-05	 2329	 iter
1788	 1.834320e-05	 2330	 iter
1789	 1.834320e-05	 2331	 iter
1790	 1.834320e-05	 2332	 iter
1791	 1.834320e-05	 2334	 iter
1792	 1.834320e-05	 2335	 iter
1793	 1.834320e-05	 2337	 iter
1794	 1.834320e-05	 2338	 iter
1795	 1.834320e-05	 2339	 iter
1796	 1.834320e-05	 2340	 iter
1797	 1.834320e-05	 2341	 iter
1798	 1.834320e-05	 2342	 iter
1799	 1.834132e-05	 2344	 iter
1800	 1.834132e-05	 2345	 iter
1801	 1.834132e-05	 2346	 iter
1802	 1.833888e-05	 2348	 iter
1803	 1.833888e-05	 2349	 iter
1804	 1.833888e-05	 2350	 iter
1805	 1.833888e-05	 2352	 iter
1806	 1.833778e-05	 2354	 iter
1807	 1.833778e-05	 2355	 iter
1808	 1.833778e-05	 2356	 iter
1809	 1.833719e-05	 2358	 iter
1810	 1.833719e-05	 2359	 iter
1811	 1.833719e-05	 2360	 iter
1812	 1.833719e-05	 2361	 iter
1813	 1.833719e-05	 2362	 iter
1814	 1.833719e-05	 2363	 iter
1815	 1.833629e-05	 2365	 iter
1816	 1.833629e-05	 2367	 iter
1817	 1.833629e-05	 2368	 iter
1818	 1.833489e-05	 2370	 iter
1819	 1.833139e-05	 2372	 iter
1820	 1.833139e-05	 2373	 iter
1821	 1.833139e-05	 2374	 iter
1822	 1.833139e-05	 2375	 iter
1823	 1.833139e-05	 2376	 iter
1824	 1.833139e-05	 2377	 iter
1825	 1.833139e-05	 2378	 iter
1826	 1.833139e-05	 2379	 iter
1827	 1.833130e-05	 2381	 iter
1828	 1.833027e-05	 2383	 iter
1829	 1.832592e-05	 2385	 iter
1830	 1.832592e-05	 2386	 iter
1831	 1.832592e-05	 2387	 iter
1832	 1.832592e-05	 2388	 iter
1833	 1.832552e-05	 2390	 iter
1834	 1.832552e-05	 2391	 iter
1835	 1.832552e-05	 2392	 iter
1836	 1.832552e-05	 2393	 iter
1837	 1.832454e-05	 2395	 iter
1838	 1.832454e-05	 2396	 iter
1839	 1.832422e-05	 2398	 iter
1840	 1.832255e-05	 2400	 iter
1841	 1.832255e-05	 2401	 iter
1842	 1.832255e-05	 2402	 iter
1843	 1.832190e-05	 2404	 iter
1844	 1.832190e-05	 2405	 iter
1845	 1.831545e-05	 2407	 iter
1846	 1.831545e-05	 2408	 iter
1847	 1.831545e-05	 2409	 iter
1848	 1.831545e-05	 2410	 iter
1849	 1.831545e-05	 2411	 iter
1850	 1.831545e-05	 2412	 iter
1851	 1.831545e-05	 2413	 iter
1852	 1.831545e-05	 2414	 iter
1853	 1.831545e-05	 2415	 iter
1854	 1.831506e-05	 2417	 iter
1855	 1.831506e-05	 2418	 iter
1856	 1.831506e-05	 2419	 iter
1857	 1.831401e-05	 2421	 iter
1858	 1.831401e-05	 2422	 iter
1859	 1.831401e-05	 2423	 iter
1860	 1.831401e-05	 2424	 iter
1861	 1.831231e-05	 2426	 iter
1862	 1.831231e-05	 2427	 iter
1863	 1.831231e-05	 2428	 iter
1864	 1.831231e-05	 2429	 iter
1865	 1.831231e-05	 2430	 iter
1866	 1.830997e-05	 2432	 iter
1867	 1.830997e-05	 2434	 iter
1868	 1.830997e-05	 2435	 iter
1869	 1.830997e-05	 2436	 iter
1870	 1.830997e-05	 2437	 iter
1871	 1.830903e-05	 2439	 iter
1872	 1.830903e-05	 2440	 iter
1873	 1.830903e-05	 2441	 iter
1874	 1.830903e-05	 2442	 iter
1875	 1.830903e-05	 2443	 iter
1876	 1.830690e-05	 2445	 iter
1877	 1.830690e-05	 2446	 iter
1878	 1.830690e-05	 2447	 iter
1879	 1.830690e-05	 2448	 iter
1880	 1.830690e-05	 2449	 iter
1881	 1.830690e-05	 2450	 iter
1882	 1.830690e-05	 2452	 iter
1883	 1.830690e-05	 2454	 iter
1884	 1.830461e-05	 2456	 iter
1885	 1.830461e-05	 2457	 iter
1886	 1.830461e-05	 2458	 iter
1887	 1.830461e-05	 2459	 iter
1888	 1.830461e-05	 2460	 iter
1889	 1.830461e-05	 2461	 iter
1890	 1.830461e-05	 2462	 iter
1891	 1.830461e-05	 2463	 iter
1892	 1.830461e-05	 2465	 iter
1893	 1.830461e-05	 2466	 iter
1894	 1.830461e-05	 2468	 iter
1895	 1.830123e-05	 2470	 iter
1896	 1.830123e-05	 2471	 iter
1897	 1.830123e-05	 2472	 iter
1898	 1.830123e-05	 2473	 iter
1899	 1.830123e-05	 2474	 iter
1900	 1.829886e-05	 2476	 iter
1901	 1.829886e-05	 2477	 iter
1902	 1.829886e-05	 2478	 iter
1903	 1.829886e-05	 2479	 iter
1904	 1.829886e-05	 2480	 iter
1905	 1.829886e-05	 2481	 iter
1906	 1.829886e-05	 2482	 iter
1907	 1.829886e-05	 2483	 iter
1908	 1.829886e-05	 2484	 iter
1909	 1.829441e-05	 2486	 iter
1910	 1.829441e-05	 2487	 iter
1911	 1.829441e-05	 2488	 iter
1912	 1.829441e-05	 2489	 iter
1913	 1.829361e-05	 2491	 iter
1914	 1.829361e-05	 2492	 iter
1915	 1.829361e-05	 2493	 iter
1916	 1.829361e-05	 2494	 iter
1917	 1.829361e-05	 2495	 iter
1918	 1.829284e-05	 2497	 iter
1919	 1.828327e-05	 2499	 iter
1920	 1.828327e-05	 2500	 iter
1921	 1.828327e-05	 2501	 iter
1922	 1.828327e-05	 2502	 iter
1923	 1.828327e-05	 2503	 iter
1924	 1.828327e-05	 2504	 iter
1925	 1.828327e-05	 2505	 iter
1926	 1.828327e-05	 2506	 iter
1927	 1.828327e-05	 2507	 iter
1928	 1.828327e-05	 2508	 iter
1929	 1.827721e-05	 2510	 iter
1930	 1.827721e-05	 2511	 iter
1931	 1.827721e-05	 2512	 iter
1932	 1.827721e-05	 2513	 iter
1933	 1.827721e-05	 2514	 iter
1934	 1.827721e-05	 2515	 iter
1935	 1.827721e-05	 2516	 iter
1936	 1.827661e-05	 2518	 iter
1937	 1.827661e-05	 2519	 iter
1938	 1.827661e-05	 2520	 iter
1939	 1.827661e-05	 2521	 iter
1940	 1.827572e-05	 2523	 iter
1941	 1.827562e-05	 2525	 iter
1942	 1.827439e-05	 2527	 iter
1943	 1.827177e-05	 2529	 iter
1944	 1.827177e-05	 2530	 iter
1945	 1.827177e-05	 2531	 iter
1946	 1.827031e-05	 2533	 iter
1947	 1.827031e-05	 2534	 iter
1948	 1.826581e-05	 2536	 iter
1949	 1.826581e-05	 2537	 iter
1950	 1.826581e-05	 2538	 iter
1951	 1.826581e-05	 2539	 iter
1952	 1.826581e-05	 2540	 iter
1953	 1.826581e-05	 2541	 iter
1954	 1.826581e-05	 2542	 iter
1955	 1.826574e-05	 2544	 iter
1956	 1.826574e-05	 2545	 iter
1957	 1.826574e-05	 2546	 iter
1958	 1.826574e-05	 2547	 iter
1959	 1.826574e-05	 2548	 iter
1960	 1.826091e-05	 2550	 iter
1961	 1.826091e-05	 2551	 iter
1962	 1.826091e-05	 2552	 iter
1963	 1.826091e-05	 2553	 iter
1964	 1.825867e-05	 2555	 iter
1965	 1.825867e-05	 2556	 iter
1966	 1.825867e-05	 2557	 iter
1967	 1.825867e-05	 2558	 iter
1968	 1.825867e-05	 2559	 iter
1969	 1.825867e-05	 2560	 iter
1970	 1.825591e-05	 2562	 iter
1971	 1.825591e-05	 2563	 iter
1972	 1.825591e-05	 2564	 iter
1973	 1.825591e-05	 2565	 iter
1974	 1.825591e-05	 2566	 iter
1975	 1.825591e-05	 2567	 iter
1976	 1.825591e-05	 2568	 iter
1977	 1.825591e-05	 2569	 iter
1978	 1.825591e-05	 2570	 iter
1979	 1.825591e-05	 2571	 iter
1980	 1.825591e-05	 2572	 iter
1981	 1.825591e-05	 2573	 iter
1982	 1.825591e-05	 2574	 iter
1983	 1.825591e-05	 2575	 iter
1984	 1.825570e-05	 2577	 iter
1985	 1.825570e-05	 2578	 iter
1986	 1.825570e-05	 2580	 iter
1987	 1.825570e-05	 2581	 iter
1988	 1.825570e-05	 2582	 iter
1989	 1.825276e-05	 2584	 iter
1990	 1.825276e-05	 2586	 iter
1991	 1.824659e-05	 2588	 iter
1992	 1.824659e-05	 2589	 iter
1993	 1.824659e-05	 2590	 iter
1994	 1.824659e-05	 2591	 iter
1995	 1.824659e-05	 2592	 iter
1996	 1.824659e-05	 2593	 iter
1997	 1.824659e-05	 2594	 iter
1998	 1.824659e-05	 2595	 iter
1999	 1.824659e-05	 2596	 iter
2000	 1.824659e-05	 2597	 iter
2001	 1.824659e-05	 2598	 iter
2002	 1.824659e-05	 2599	 iter
2003	 1.824659e-05	 2600	 iter
2004	 1.824659e-05	 2602	 iter
2005	 1.824659e-05	 2603	 iter
2006	 1.824475e-05	 2605	 iter
2007	 1.824475e-05	 2606	 iter
2008	 1.824434e-05	 2608	 iter
2009	 1.824434e-05	 2609	 iter
2010	 1.824386e-05	 2611	 iter
2011	 1.824386e-05	 2612	 iter
2012	 1.824386e-05	 2613	 iter
2013	 1.824386e-05	 2614	 iter
2014	 1.824386e-05	 2615	 iter
2015	 1.824386e-05	 2616	 iter
2016	 1.824386e-05	 2617	 iter
2017	 1.824256e-05	 2619	 iter
2018	 1.824039e-05	 2621	 iter
2019	 1.823816e-05	 2623	 iter
2020	 1.823816e-05	 2624	 iter
2021	 1.823816e-05	 2625	 iter
2022	 1.823816e-05	 2626	 iter
2023	 1.823816e-05	 2627	 iter
2024	 1.823816e-05	 2628	 iter
2025	 1.823816e-05	 2629	 iter
2026	 1.823816e-05	 2630	 iter
2027	 1.823816e-05	 2631	 iter
2028	 1.823605e-05	 2633	 iter
2029	 1.823605e-05	 2634	 iter
2030	 1.823467e-05	 2636	 iter
2031	 1.823454e-05	 2638	 iter
2032	 1.823454e-05	 2639	 iter
2033	 1.823454e-05	 2640	 iter
2034	 1.823454e-05	 2641	 iter
2035	 1.823454e-05	 2643	 iter
2036	 1.823454e-05	 2644	 iter
2037	 1.823454e-05	 2645	 iter
2038	 1.823454e-05	 2646	 iter
2039	 1.823454e-05	 2647	 iter
2040	 1.823454e-05	 2648	 iter
2041	 1.823189e-05	 2650	 iter
2042	 1.823189e-05	 2651	 iter
2043	 1.823189e-05	 2652	 iter
2044	 1.823189e-05	 2653	 iter
2045	 1.823189e-05	 2654	 iter
2046	 1.823189e-05	 2655	 iter
2047	 1.823189e-05	 2657	 iter
2048	 1.823189e-05	 2658	 iter
2049	 1.823189e-05	 2659	 iter
2050	 1.823122e-05	 2661	 iter
2051	 1.823122e-05	 2662	 iter
2052	 1.823122e-05	 2663	 iter
2053	 1.823122e-05	 2665	 iter
2054	 1.822823e-05	 2667	 iter
2055	 1.822823e-05	 2668	 iter
2056	 1.822823e-05	 2669	 iter
2057	 1.822823e-05	 2670	 iter
2058	 1.822823e-05	 2671	 iter
2059	 1.822823e-05	 2672	 iter
2060	 1.822823e-05	 2673	 iter
2061	 1.822823e-05	 2674	 iter
2062	 1.822823e-05	 2676	 iter
2063	 1.822773e-05	 2678	 iter
2064	 1.822773e-05	 2679	 iter
2065	 1.822773e-05	 2680	 iter
2066	 1.822773e-05	 2681	 iter
2067	 1.822773e-05	 2682	 iter
2068	 1.822763e-05	 2684	 iter
2069	 1.822763e-05	 2686	 iter
2070	 1.822763e-05	 2688	 iter
2071	 1.822597e-05	 2690	 iter
2072	 1.822597e-05	 2691	 iter
2073	 1.822597e-05	 2692	 iter
2074	 1.822597e-05	 2693	 iter
2075	 1.822597e-05	 2694	 iter
2076	 1.822597e-05	 2695	 iter
2077	 1.822597e-05	 2696	 iter
2078	 1.822597e-05	 2697	 iter
2079	 1.822597e-05	 2698	 iter
2080	 1.822597e-05	 2699	 iter
2081	 1.822597e-05	 2700	 iter
2082	 1.822597e-05	 2701	 iter
2083	 1.822597e-05	 2702	 iter
2084	 1.822301e-05	 2704	 iter
2085	 1.822301e-05	 2705	 iter
2086	 1.822301e-05	 2706	 iter
2087	 1.822301e-05	 2708	 iter
2088	 1.822301e-05	 2710	 iter
2089	 1.822286e-05	 2712	 iter
2090	 1.822277e-05	 2714	 iter
2091	 1.822277e-05	 2715	 iter
2092	 1.822277e-05	 2716	 iter
2093	 1.822277e-05	 2717	 iter
2094	 1.822277e-05	 2718	 iter
2095	 1.822277e-05	 2719	 iter
2096	 1.822277e-05	 2720	 iter
2097	 1.822169e-05	 2722	 iter
2098	 1.822169e-05	 2723	 iter
2099	 1.822169e-05	 2724	 iter
2100	 1.822169e-05	 2725	 iter
2101	 1.822169e-05	 2726	 iter
2102	 1.822169e-05	 2727	 iter
2103	 1.822169e-05	 2728	 iter
2104	 1.822169e-05	 2730	 iter
2105	 1.822169e-05	 2732	 iter
2106	 1.822169e-05	 2733	 iter
2107	 1.822048e-05	 2735	 iter
2108	 1.822048e-05	 2736	 iter
2109	 1.822048e-05	 2737	 iter
2110	 1.822028e-05	 2739	 iter
2111	 1.822028e-05	 2740	 iter
2112	 1.822028e-05	 2741	 iter
2113	 1.822028e-05	 2742	 iter
2114	 1.822028e-05	 2743	 iter
2115	 1.822028e-05	 2744	 iter
2116	 1.822028e-05	 2746	 iter
2117	 1.822028e-05	 2748	 iter
2118	 1.821954e-05	 2750	 iter
2119	 1.821855e-05	 2752	 iter
2120	 1.821855e-05	 2753	 iter
2121	 1.821855e-05	 2755	 iter
2122	 1.821855e-05	 2756	 iter
2123	 1.821715e-05	 2758	 iter
2124	 1.821715e-05	 2759	 iter
2125	 1.821715e-05	 2760	 iter
2126	 1.821715e-05	 2761	 iter
2127	 1.821715e-05	 2762	 iter
2128	 1.821715e-05	 2763	 iter
2129	 1.821715e-05	 2764	 iter
2130	 1.821583e-05	 2766	 iter
2131	 1.821583e-05	 2767	 iter
2132	 1.821583e-05	 2768	 iter
2133	 1.821583e-05	 2769	 iter
2134	 1.821583e-05	 2770	 iter
2135	 1.821312e-05	 2772	 iter
2136	 1.821312e-05	 2773	 iter
2137	 1.821312e-05	 2774	 iter
2138	 1.821312e-05	 2775	 iter
2139	 1.821312e-05	 2776	 iter
2140	 1.820922e-05	 2778	 iter
2141	 1.820922e-05	 2779	 iter
2142	 1.820922e-05	 2780	 iter
2143	 1.820922e-05	 2781	 iter
2144	 1.820922e-05	 2782	 iter
2145	 1.820922e-05	 2783	 iter
2146	 1.820785e-05	 2785	 iter
2147	 1.820785e-05	 2786	 iter
2148	 1.820785e-05	 2787	 iter
2149	 1.820785e-05	 2788	 iter
2150	 1.820785e-05	 2789	 iter
2151	 1.819934e-05	 2791	 iter
2152	 1.819934e-05	 2792	 iter
2153	 1.819934e-05	 2793	 iter
2154	 1.819934e-05	 2794	 iter
2155	 1.819934e-05	 2795	 iter
2156	 1.819934e-05	 2796	 iter
2157	 1.819934e-05	 2797	 iter
2158	 1.819934e-05	 2798	 iter
2159	 1.819934e-05	 2799	 iter
2160	 1.819403e-05	 2801	 iter
2161	 1.819403e-05	 2802	 iter
2162	 1.819403e-05	 2803	 iter
2163	 1.819403e-05	 2804	 iter
2164	 1.819403e-05	 2805	 iter
2165	 1.819337e-05	 2807	 iter
2166	 1.819335e-05	 2809	 iter
2167	 1.819189e-05	 2811	 iter
2168	 1.819114e-05	 2813	 iter
2169	 1.819114e-05	 2814	 iter
2170	 1.818312e-05	 2816	 iter
2171	 1.818312e-05	 2817	 iter
2172	 1.818312e-05	 2818	 iter
2173	 1.818312e-05	 2819	 iter
2174	 1.817823e-05	 2821	 iter
2175	 1.817823e-05	 2822	 iter
2176	 1.817823e-05	 2823	 iter
2177	 1.817064e-05	 2825	 iter
2178	 1.817064e-05	 2826	 iter
2179	 1.817064e-05	 2827	 iter
2180	 1.817064e-05	 2828	 iter
2181	 1.817064e-05	 2829	 iter
2182	 1.817064e-05	 2830	 iter
2183	 1.817064e-05	 2831	 iter
2184	 1.817064e-05	 2832	 iter
2185	 1.817064e-05	 2833	 iter
2186	 1.817039e-05	 2835	 iter
2187	 1.817039e-05	 2836	 iter
2188	 1.816864e-05	 2838	 iter
2189	 1.815815e-05	 2840	 iter
2190	 1.815815e-05	 2841	 iter
2191	 1.815815e-05	 2842	 iter
2192	 1.814981e-05	 2844	 iter
2193	 1.814981e-05	 2845	 iter
2194	 1.814981e-05	 2846	 iter
2195	 1.814981e-05	 2847	 iter
2196	 1.814981e-05	 2848	 iter
2197	 1.814981e-05	 2849	 iter
2198	 1.814981e-05	 2850	 iter
2199	 1.814981e-05	 2851	 iter
2200	 1.814981e-05	 2852	 iter
2201	 1.814751e-05	 2854	 iter
2202	 1.814378e-05	 2856	 iter
2203	 1.814378e-05	 2857	 iter
2204	 1.814270e-05	 2859	 iter
2205	 1.813116e-05	 2861	 iter
2206	 1.813116e-05	 2862	 iter
2207	 1.810989e-05	 2864	 iter
2208	 1.810989e-05	 2865	 iter
2209	 1.810989e-05	 2866	 iter
2210	 1.810989e-05	 2867	 iter
2211	 1.810989e-05	 2868	 iter
2212	 1.810989e-05	 2869	 iter
2213	 1.810989e-05	 2870	 iter
2214	 1.810989e-05	 2871	 iter
2215	 1.810989e-05	 2872	 iter
2216	 1.809313e-05	 2874	 iter
2217	 1.809313e-05	 2875	 iter
2218	 1.809313e-05	 2876	 iter
2219	 1.809313e-05	 2877	 iter
2220	 1.809313e-05	 2878	 iter
2221	 1.806650e-05	 2880	 iter
2222	 1.806650e-05	 2881	 iter
2223	 1.806650e-05	 2882	 iter
2224	 1.806650e-05	 2883	 iter
2225	 1.806650e-05	 2884	 iter
2226	 1.806650e-05	 2885	 iter
2227	 1.806650e-05	 2886	 iter
2228	 1.806650e-05	 2887	 iter
2229	 1.806650e-05	 2888	 iter
2230	 1.805165e-05	 2890	 iter
2231	 1.802841e-05	 2892	 iter
2232	 1.802841e-05	 2893	 iter
2233	 1.802841e-05	 2894	 iter
2234	 1.800718e-05	 2896	 iter
2235	 1.800718e-05	 2897	 iter
2236	 1.800718e-05	 2898	 iter
2237	 1.800718e-05	 2899	 iter
2238	 1.800718e-05	 2900	 iter
2239	 1.800718e-05	 2901	 iter
2240	 1.800718e-05	 2902	 iter
2241	 1.800718e-05	 2903	 iter
2242	 1.800718e-05	 2904	 iter
2243	 1.797280e-05	 2906	 iter
2244	 1.797280e-05	 2907	 iter
2245	 1.797280e-05	 2908	 iter
2246	 1.797280e-05	 2909	 iter
2247	 1.795053e-05	 2911	 iter
2248	 1.795053e-05	 2912	 iter
2249	 1.795053e-05	 2913	 iter
2250	 1.795053e-05	 2914	 iter
2251	 1.791503e-05	 2916	 iter
2252	 1.791503e-05	 2917	 iter
2253	 1.791503e-05	 2918	 iter
2254	 1.791503e-05	 2919	 iter
2255	 1.791503e-05	 2920	 iter
2256	 1.791503e-05	 2921	 iter
2257	 1.791503e-05	 2922	 iter
2258	 1.791503e-05	 2923	 iter
2259	 1.788374e-05	 2925	 iter
2260	 1.788374e-05	 2926	 iter
2261	 1.788374e-05	 2927	 iter
2262	 1.788374e-05	 2928	 iter
2263	 1.788374e-05	 2929	 iter
2264	 1.788374e-05	 2930	 iter
2265	 1.786465e-05	 2932	 iter
2266	 1.786465e-05	 2933	 iter
2267	 1.786465e-05	 2934	 iter
2268	 1.780541e-05	 2936	 iter
2269	 1.780541e-05	 2937	 iter
2270	 1.780541e-05	 2938	 iter
2271	 1.780541e-05	 2939	 iter
2272	 1.780541e-05	 2940	 iter
2273	 1.780541e-05	 2941	 iter
2274	 1.780541e-05	 2942	 iter
2275	 1.780541e-05	 2943	 iter
2276	 1.780541e-05	 2944	 iter
2277	 1.780541e-05	 2945	 iter
2278	 1.780541e-05	 2946	 iter
2279	 1.780541e-05	 2947	 iter
2280	 1.780541e-05	 2948	 iter
2281	 1.778793e-05	 2950	 iter
2282	 1.775370e-05	 2952	 iter
2283	 1.771416e-05	 2954	 iter
2284	 1.771416e-05	 2955	 iter
2285	 1.771416e-05	 2956	 iter
2286	 1.771416e-05	 2957	 iter
2287	 1.771416e-05	 2958	 iter
2288	 1.771416e-05	 2959	 iter
2289	 1.771416e-05	 2960	 iter
2290	 1.771416e-05	 2961	 iter
2291	 1.771416e-05	 2962	 iter
2292	 1.768855e-05	 2964	 iter
2293	 1.768855e-05	 2965	 iter
2294	 1.767507e-05	 2967	 iter
2295	 1.767507e-05	 2968	 iter
2296	 1.767226e-05	 2970	 iter
2297	 1.762282e-05	 2972	 iter
2298	 1.756122e-05	 2974	 iter
2299	 1.756122e-05	 2975	 iter
2300	 1.756122e-05	 2976	 iter
2301	 1.756122e-05	 2977	 iter
2302	 1.756122e-05	 2978	 iter
2303	 1.756122e-05	 2979	 iter
2304	 1.756122e-05	 2980	 iter
2305	 1.756122e-05	 2981	 iter
2306	 1.756122e-05	 2982	 iter
2307	 1.756122e-05	 2983	 iter
2308	 1.756122e-05	 2984	 iter
2309	 1.752687e-05	 2986	 iter
2310	 1.752687e-05	 2987	 iter
2311	 1.752687e-05	 2988	 iter
2312	 1.751726e-05	 2990	 iter
2313	 1.750719e-05	 2992	 iter
2314	 1.750719e-05	 2993	 iter
2315	 1.747315e-05	 2995	 iter
2316	 1.747315e-05	 2996	 iter
2317	 1.747315e-05	 2997	 iter
2318	 1.747315e-05	 2998	 iter
2319	 1.747315e-05	 2999	 iter
2320	 1.741796e-05	 3001	 iter
2321	 1.741796e-05	 3002	 iter
2322	 1.741796e-05	 3003	 iter
2323	 1.741796e-05	 3004	 iter
2324	 1.741796e-05	 3005	 iter
2325	 1.740364e-05	 3007	 iter
2326	 1.737953e-05	 3009	 iter
2327	 1.737953e-05	 3010	 iter
2328	 1.737158e-05	 3012	 iter
2329	 1.737158e-05	 3013	 iter
2330	 1.737158e-05	 3014	 iter
2331	 1.736264e-05	 3016	 iter
2332	 1.736264e-05	 3017	 iter
2333	 1.736016e-05	 3019	 iter
2334	 1.736016e-05	 3020	 iter
2335	 1.736016e-05	 3021	 iter
2336	 1.734177e-05	 3023	 iter
2337	 1.734177e-05	 3024	 iter
2338	 1.734177e-05	 3025	 iter
2339	 1.731520e-05	 3027	 iter
2340	 1.731520e-05	 3028	 iter
2341	 1.728034e-05	 3030	 iter
2342	 1.728034e-05	 3031	 iter
2343	 1.728034e-05	 3032	 iter
2344	 1.727242e-05	 3034	 iter
2345	 1.727242e-05	 3035	 iter
2346	 1.722345e-05	 3037	 iter
2347	 1.722345e-05	 3038	 iter
2348	 1.722345e-05	 3039	 iter
2349	 1.722345e-05	 3041	 iter
2350	 1.722345e-05	 3042	 iter
2351	 1.722345e-05	 3043	 iter
2352	 1.722345e-05	 3044	 iter
2353	 1.722345e-05	 3045	 iter
2354	 1.722345e-05	 3046	 iter
2355	 1.721851e-05	 3048	 iter
2356	 1.718670e-05	 3050	 iter
2357	 1.718670e-05	 3051	 iter
2358	 1.718670e-05	 3052	 iter
2359	 1.718670e-05	 3053	 iter
2360	 1.718670e-05	 3054	 iter
2361	 1.718670e-05	 3055	 iter
2362	 1.715047e-05	 3057	 iter
2363	 1.715047e-05	 3058	 iter
2364	 1.710244e-05	 3060	 iter
2365	 1.710244e-05	 3061	 iter
2366	 1.710244e-05	 3062	 iter
2367	 1.710244e-05	 3063	 iter
2368	 1.708583e-05	 3065	 iter
2369	 1.708583e-05	 3066	 iter
2370	 1.708583e-05	 3067	 iter
2371	 1.706902e-05	 3069	 iter
2372	 1.706398e-05	 3071	 iter
2373	 1.705978e-05	 3073	 iter
2374	 1.704072e-05	 3075	 iter
2375	 1.704072e-05	 3076	 iter
2376	 1.694074e-05	 3078	 iter
2377	 1.694074e-05	 3079	 iter
2378	 1.694074e-05	 3080	 iter
2379	 1.694074e-05	 3081	 iter
2380	 1.694074e-05	 3082	 iter
2381	 1.690908e-05	 3084	 iter
2382	 1.690908e-05	 3085	 iter
2383	 1.690908e-05	 3086	 iter
2384	 1.685825e-05	 3088	 iter
2385	 1.683042e-05	 3090	 iter
2386	 1.683042e-05	 3091	 iter
2387	 1.683042e-05	 3092	 iter
2388	 1.683042e-05	 3093	 iter
2389	 1.680042e-05	 3095	 iter
2390	 1.661841e-05	 3097	 iter
2391	 1.661841e-05	 3098	 iter
2392	 1.661841e-05	 3099	 iter
2393	 1.661841e-05	 3100	 iter
2394	 1.661841e-05	 3101	 iter
2395	 1.653151e-05	 3103	 iter
2396	 1.653151e-05	 3104	 iter
2397	 1.653151e-05	 3105	 iter
2398	 1.648048e-05	 3107	 iter
2399	 1.648048e-05	 3108	 iter
2400	 1.648048e-05	 3109	 iter
2401	 1.648048e-05	 3110	 iter
2402	 1.648048e-05	 3111	 iter
2403	 1.644087e-05	 3113	 iter
2404	 1.644087e-05	 3114	 iter
2405	 1.638955e-05	 3116	 iter
2406	 1.638955e-05	 3117	 iter
2407	 1.628252e-05	 3119	 iter
2408	 1.628252e-05	 3120	 iter
2409	 1.628252e-05	 3121	 iter
2410	 1.628252e-05	 3122	 iter
2411	 1.628252e-05	 3123	 iter
2412	 1.628142e-05	 3125	 iter
2413	 1.627955e-05	 3127	 iter
2414	 1.620710e-05	 3129	 iter
2415	 1.620710e-05	 3130	 iter
2416	 1.620710e-05	 3131	 iter
2417	 1.595955e-05	 3133	 iter
2418	 1.595955e-05	 3134	 iter
2419	 1.595955e-05	 3135	 iter
2420	 1.595955e-05	 3136	 iter
2421	 1.595955e-05	 3137	 iter
2422	 1.595955e-05	 3138	 iter
2423	 1.595955e-05	 3139	 iter
2424	 1.595955e-05	 3140	 iter
2425	 1.595955e-05	 3141	 iter
2426	 1.595955e-05	 3142	 iter
2427	 1.595955e-05	 3143	 iter
2428	 1.595955e-05	 3144	 iter
2429	 1.595955e-05	 3145	 iter
2430	 1.595955e-05	 3146	 iter
2431	 1.595102e-05	 3148	 iter
2432	 1.590702e-05	 3150	 iter
2433	 1.590486e-05	 3152	 iter
2434	 1.590486e-05	 3153	 iter
2435	 1.590486e-05	 3154	 iter
2436	 1.590179e-05	 3156	 iter
2437	 1.590179e-05	 3158	 iter
2438	 1.590179e-05	 3159	 iter
2439	 1.590179e-05	 3160	 iter
2440	 1.587500e-05	 3162	 iter
2441	 1.587500e-05	 3163	 iter
2442	 1.579173e-05	 3165	 iter
2443	 1.579173e-05	 3166	 iter
2444	 1.579173e-05	 3167	 iter
2445	 1.579173e-05	 3168	 iter
2446	 1.574391e-05	 3170	 iter
2447	 1.574391e-05	 3171	 iter
2448	 1.574391e-05	 3172	 iter
2449	 1.574391e-05	 3174	 iter
2450	 1.569881e-05	 3176	 iter
2451	 1.569881e-05	 3177	 iter
2452	 1.569881e-05	 3178	 iter
2453	 1.569881e-05	 3180	 iter
2454	 1.569881e-05	 3181	 iter
2455	 1.569881e-05	 3182	 iter
2456	 1.569881e-05	 3183	 iter
2457	 1.569881e-05	 3184	 iter
2458	 1.568921e-05	 3186	 iter
2459	 1.568921e-05	 3187	 iter
2460	 1.568921e-05	 3188	 iter
2461	 1.568921e-05	 3189	 iter
2462	 1.565034e-05	 3191	 iter
2463	 1.565034e-05	 3192	 iter
2464	 1.565034e-05	 3193	 iter
2465	 1.562329e-05	 3195	 iter
2466	 1.562329e-05	 3196	 iter
2467	 1.562329e-05	 3197	 iter
2468	 1.562329e-05	 3198	 iter
2469	 1.562329e-05	 3199	 iter
2470	 1.562329e-05	 3200	 iter
2471	 1.562329e-05	 3201	 iter
2472	 1.562329e-05	 3202	 iter
2473	 1.562329e-05	 3204	 iter
2474	 1.562329e-05	 3206	 iter
2475	 1.562329e-05	 3208	 iter
2476	 1.562329e-05	 3209	 iter
2477	 1.562329e-05	 3210	 iter
2478	 1.562329e-05	 3211	 iter
2479	 1.559986e-05	 3213	 iter
2480	 1.559986e-05	 3214	 iter
2481	 1.559986e-05	 3215	 iter
2482	 1.559986e-05	 3216	 iter
2483	 1.559986e-05	 3217	 iter
2484	 1.559986e-05	 3218	 iter
2485	 1.553456e-05	 3220	 iter
2486	 1.553456e-05	 3221	 iter
2487	 1.553456e-05	 3222	 iter
2488	 1.553456e-05	 3224	 iter
2489	 1.553456e-05	 3225	 iter
2490	 1.553456e-05	 3226	 iter
2491	 1.553456e-05	 3227	 iter
2492	 1.553456e-05	 3228	 iter
2493	 1.553456e-05	 3230	 iter
2494	 1.551717e-05	 3232	 iter
2495	 1.551717e-05	 3233	 iter
2496	 1.551717e-05	 3234	 iter
2497	 1.551717e-05	 3235	 iter
2498	 1.551717e-05	 3237	 iter
2499	 1.551717e-05	 3238	 iter
2500	 1.551717e-05	 3240	 iter
2501	 1.551717e-05	 3241	 iter
2502	 1.551717e-05	 3243	 iter
2503	 1.551717e-05	 3245	 iter
2504	 1.551717e-05	 3246	 iter
2505	 1.551717e-05	 3247	 iter
2506	 1.551717e-05	 3249	 iter
2507	 1.551717e-05	 3251	 iter
2508	 1.551717e-05	 3253	 iter
2509	 1.551717e-05	 3254	 iter
2510	 1.551717e-05	 3255	 iter
2511	 1.550401e-05	 3257	 iter
2512	 1.550401e-05	 3258	 iter
2513	 1.550401e-05	 3259	 iter
2514	 1.550401e-05	 3260	 iter
2515	 1.550401e-05	 3261	 iter
2516	 1.550401e-05	 3262	 iter
2517	 1.550401e-05	 3264	 iter
2518	 1.550181e-05	 3266	 iter
2519	 1.550181e-05	 3267	 iter
2520	 1.550181e-05	 3268	 iter
2521	 1.550181e-05	 3269	 iter
2522	 1.549553e-05	 3271	 iter
2523	 1.547725e-05	 3273	 iter
2524	 1.547725e-05	 3274	 iter
2525	 1.545226e-05	 3276	 iter
2526	 1.545226e-05	 3277	 iter
2527	 1.545226e-05	 3278	 iter
2528	 1.545226e-05	 3279	 iter
2529	 1.545226e-05	 3280	 iter
2530	 1.545226e-05	 3281	 iter
2531	 1.543514e-05	 3283	 iter
2532	 1.543514e-05	 3285	 iter
2533	 1.543514e-05	 3286	 iter
2534	 1.543514e-05	 3287	 iter
2535	 1.543514e-05	 3288	 iter
2536	 1.543514e-05	 3289	 iter
2537	 1.542887e-05	 3291	 iter
2538	 1.542887e-05	 3293	 iter
2539	 1.542887e-05	 3294	 iter
2540	 1.542887e-05	 3295	 iter
2541	 1.542887e-05	 3296	 iter
2542	 1.542887e-05	 3297	 iter
2543	 1.542647e-05	 3299	 iter
2544	 1.542647e-05	 3300	 iter
2545	 1.542647e-05	 3301	 iter
2546	 1.542647e-05	 3302	 iter
2547	 1.542647e-05	 3303	 iter
2548	 1.542141e-05	 3305	 iter
2549	 1.541619e-05	 3307	 iter
2550	 1.540403e-05	 3309	 iter
2551	 1.540403e-05	 3310	 iter
2552	 1.540403e-05	 3311	 iter
2553	 1.540403e-05	 3312	 iter
2554	 1.540403e-05	 3314	 iter
2555	 1.540403e-05	 3315	 iter
2556	 1.540403e-05	 3316	 iter
2557	 1.540403e-05	 3317	 iter
2558	 1.540403e-05	 3318	 iter
2559	 1.540403e-05	 3319	 iter
2560	 1.540403e-05	 3320	 iter
2561	 1.540403e-05	 3322	 iter
2562	 1.539091e-05	 3324	 iter
2563	 1.539091e-05	 3325	 iter
2564	 1.539091e-05	 3326	 iter
2565	 1.539091e-05	 3327	 iter
2566	 1.539091e-05	 3328	 iter
2567	 1.539091e-05	 3329	 iter
2568	 1.539091e-05	 3330	 iter
2569	 1.539091e-05	 3331	 iter
2570	 1.539091e-05	 3332	 iter
2571	 1.539091e-05	 3334	 iter
2572	 1.539091e-05	 3336	 iter
2573	 1.539091e-05	 3337	 iter
2574	 1.539091e-05	 3338	 iter
2575	 1.539091e-05	 3339	 iter
2576	 1.539091e-05	 3340	 iter
2577	 1.539091e-05	 3341	 iter
2578	 1.539091e-05	 3342	 iter
2579	 1.539091e-05	 3343	 iter
2580	 1.539091e-05	 3344	 iter
2581	 1.538760e-05	 3346	 iter
2582	 1.538760e-05	 3347	 iter
2583	 1.538760e-05	 3348	 iter
2584	 1.538760e-05	 3349	 iter
2585	 1.538760e-05	 3350	 iter
2586	 1.538342e-05	 3352	 iter
2587	 1.538342e-05	 3354	 iter
2588	 1.538342e-05	 3355	 iter
2589	 1.538207e-05	 3357	 iter
2590	 1.538207e-05	 3358	 iter
2591	 1.538207e-05	 3360	 iter
2592	 1.538207e-05	 3361	 iter
2593	 1.538207e-05	 3362	 iter
2594	 1.538207e-05	 3363	 iter
2595	 1.537661e-05	 3365	 iter
2596	 1.536886e-05	 3367	 iter
2597	 1.536886e-05	 3368	 iter
2598	 1.536886e-05	 3369	 iter
2599	 1.536886e-05	 3371	 iter
2600	 1.536886e-05	 3372	 iter
2601	 1.536886e-05	 3373	 iter
2602	 1.536886e-05	 3375	 iter
2603	 1.536886e-05	 3376	 iter
2604	 1.536310e-05	 3378	 iter
2605	 1.536129e-05	 3380	 iter
2606	 1.536129e-05	 3381	 iter
2607	 1.536129e-05	 3382	 iter
2608	 1.536129e-05	 3383	 iter
2609	 1.535890e-05	 3385	 iter
2610	 1.535890e-05	 3386	 iter
2611	 1.535890e-05	 3388	 iter
2612	 1.535890e-05	 3389	 iter
2613	 1.535890e-05	 3390	 iter
2614	 1.535890e-05	 3391	 iter
2615	 1.535890e-05	 3392	 iter
2616	 1.535890e-05	 3393	 iter
2617	 1.535890e-05	 3394	 iter
2618	 1.535890e-05	 3395	 iter
2619	 1.535890e-05	 3396	 iter
2620	 1.535890e-05	 3397	 iter
2621	 1.535890e-05	 3399	 iter
2622	 1.535890e-05	 3400	 iter
2623	 1.534943e-05	 3402	 iter
2624	 1.534943e-05	 3403	 iter
2625	 1.534943e-05	 3404	 iter
2626	 1.534623e-05	 3406	 iter
2627	 1.534623e-05	 3407	 iter
2628	 1.534623e-05	 3408	 iter
2629	 1.534623e-05	 3409	 iter
2630	 1.534623e-05	 3411	 iter
2631	 1.534623e-05	 3412	 iter
2632	 1.534623e-05	 3413	 iter
2633	 1.534623e-05	 3415	 iter
2634	 1.534623e-05	 3416	 iter
2635	 1.534623e-05	 3417	 iter
2636	 1.534623e-05	 3419	 iter
2637	 1.534623e-05	 3421	 iter
2638	 1.534623e-05	 3422	 iter
2639	 1.533647e-05	 3424	 iter
2640	 1.533647e-05	 3425	 iter
2641	 1.533647e-05	 3426	 iter
2642	 1.533647e-05	 3427	 iter
2643	 1.533647e-05	 3428	 iter
2644	 1.533647e-05	 3429	 iter
2645	 1.533647e-05	 3430	 iter
2646	 1.533647e-05	 3431	 iter
2647	 1.533647e-05	 3433	 iter
2648	 1.533647e-05	 3434	 iter
2649	 1.533647e-05	 3435	 iter
2650	 1.533588e-05	 3437	 iter
2651	 1.533588e-05	 3438	 iter
2652	 1.533588e-05	 3439	 iter
2653	 1.532978e-05	 3441	 iter
2654	 1.532177e-05	 3443	 iter
2655	 1.532177e-05	 3444	 iter
2656	 1.532177e-05	 3445	 iter
2657	 1.532177e-05	 3446	 iter
2658	 1.532177e-05	 3447	 iter
2659	 1.532177e-05	 3448	 iter
2660	 1.532177e-05	 3449	 iter
2661	 1.532177e-05	 3450	 iter
2662	 1.532174e-05	 3452	 iter
2663	 1.532174e-05	 3453	 iter
2664	 1.532174e-05	 3454	 iter
2665	 1.532174e-05	 3455	 iter
2666	 1.532174e-05	 3456	 iter
2667	 1.532174e-05	 3457	 iter
2668	 1.532174e-05	 3458	 iter
2669	 1.532174e-05	 3459	 iter
2670	 1.532174e-05	 3460	 iter
2671	 1.531228e-05	 3462	 iter
2672	 1.531070e-05	 3464	 iter
2673	 1.531070e-05	 3465	 iter
2674	 1.531070e-05	 3466	 iter
2675	 1.531070e-05	 3467	 iter
2676	 1.531070e-05	 3468	 iter
2677	 1.530770e-05	 3470	 iter
2678	 1.530770e-05	 3471	 iter
2679	 1.530770e-05	 3472	 iter
2680	 1.530770e-05	 3473	 iter
2681	 1.530770e-05	 3474	 iter
2682	 1.530770e-05	 3476	 iter
2683	 1.530770e-05	 3477	 iter
2684	 1.530770e-05	 3478	 iter
2685	 1.530770e-05	 3479	 iter
2686	 1.530770e-05	 3480	 iter
2687	 1.530770e-05	 3481	 iter
2688	 1.530770e-05	 3482	 iter
2689	 1.530770e-05	 3483	 iter
2690	 1.530770e-05	 3484	 iter
2691	 1.530185e-05	 3486	 iter
2692	 1.530185e-05	 3487	 iter
2693	 1.530185e-05	 3489	 iter
2694	 1.530032e-05	 3491	 iter
2695	 1.530032e-05	 3492	 iter
2696	 1.530032e-05	 3493	 iter
2697	 1.530032e-05	 3494	 iter
2698	 1.530032e-05	 3496	 iter
2699	 1.530032e-05	 3497	 iter
2700	 1.530032e-05	 3499	 iter
2701	 1.530032e-05	 3500	 iter
2702	 1.530032e-05	 3501	 iter
2703	 1.530032e-05	 3503	 iter
2704	 1.530032e-05	 3504	 iter
2705	 1.530032e-05	 3505	 iter
2706	 1.530032e-05	 3506	 iter
2707	 1.529942e-05	 3508	 iter
2708	 1.529942e-05	 3509	 iter
2709	 1.529942e-05	 3510	 iter
2710	 1.529942e-05	 3512	 iter
2711	 1.529942e-05	 3513	 iter
2712	 1.529942e-05	 3514	 iter
2713	 1.529942e-05	 3516	 iter
2714	 1.529942e-05	 3518	 iter
2715	 1.529775e-05	 3520	 iter
2716	 1.529775e-05	 3521	 iter
2717	 1.529775e-05	 3523	 iter
2718	 1.529775e-05	 3525	 iter
2719	 1.529775e-05	 3526	 iter
2720	 1.529775e-05	 3527	 iter
2721	 1.529657e-05	 3529	 iter
2722	 1.529481e-05	 3531	 iter
2723	 1.529481e-05	 3533	 iter
2724	 1.529481e-05	 3535	 iter
2725	 1.529481e-05	 3537	 iter
2726	 1.529481e-05	 3538	 iter
2727	 1.529481e-05	 3539	 iter
2728	 1.529481e-05	 3540	 iter
2729	 1.529481e-05	 3541	 iter
2730	 1.529381e-05	 3543	 iter
2731	 1.529381e-05	 3544	 iter
2732	 1.529240e-05	 3546	 iter
2733	 1.529240e-05	 3547	 iter
2734	 1.529240e-05	 3548	 iter
2735	 1.529240e-05	 3549	 iter
2736	 1.529190e-05	 3551	 iter
2737	 1.529190e-05	 3552	 iter
2738	 1.529190e-05	 3553	 iter
2739	 1.529190e-05	 3554	 iter
2740	 1.529190e-05	 3555	 iter
2741	 1.529190e-05	 3556	 iter
2742	 1.529190e-05	 3558	 iter
2743	 1.529190e-05	 3559	 iter
2744	 1.529190e-05	 3561	 iter
2745	 1.529190e-05	 3562	 iter
2746	 1.529178e-05	 3564	 iter
2747	 1.528956e-05	 3566	 iter
2748	 1.528956e-05	 3567	 iter
2749	 1.528956e-05	 3568	 iter
2750	 1.528956e-05	 3569	 iter
2751	 1.528956e-05	 3570	 iter
2752	 1.528956e-05	 3572	 iter
2753	 1.528956e-05	 3574	 iter
2754	 1.528956e-05	 3575	 iter
2755	 1.528956e-05	 3576	 iter
2756	 1.528956e-05	 3577	 iter
2757	 1.528956e-05	 3578	 iter
2758	 1.528928e-05	 3580	 iter
2759	 1.528928e-05	 3581	 iter
2760	 1.528928e-05	 3583	 iter
2761	 1.528928e-05	 3584	 iter
2762	 1.528928e-05	 3586	 iter
2763	 1.528892e-05	 3588	 iter
2764	 1.528808e-05	 3590	 iter
2765	 1.528808e-05	 3591	 iter
2766	 1.528808e-05	 3592	 iter
2767	 1.528808e-05	 3593	 iter
2768	 1.528734e-05	 3595	 iter
2769	 1.528726e-05	 3597	 iter
2770	 1.528726e-05	 3598	 iter
2771	 1.528726e-05	 3600	 iter
2772	 1.528726e-05	 3601	 iter
2773	 1.528726e-05	 3602	 iter
2774	 1.528726e-05	 3604	 iter
2775	 1.528726e-05	 3605	 iter
2776	 1.528697e-05	 3607	 iter
2777	 1.528697e-05	 3609	 iter
2778	 1.528697e-05	 3610	 iter
2779	 1.528697e-05	 3611	 iter
2780	 1.528696e-05	 3613	 iter
2781	 1.528696e-05	 3614	 iter
2782	 1.528626e-05	 3616	 iter
2783	 1.528626e-05	 3617	 iter
2784	 1.528626e-05	 3618	 iter
2785	 1.528626e-05	 3619	 iter
2786	 1.528626e-05	 3620	 iter
2787	 1.528626e-05	 3622	 iter
2788	 1.528626e-05	 3623	 iter
2789	 1.528626e-05	 3625	 iter
2790	 1.528626e-05	 3626	 iter
2791	 1.528626e-05	 3627	 iter
2792	 1.528626e-05	 3629	 iter
2793	 1.528626e-05	 3630	 iter
2794	 1.528624e-05	 3632	 iter
2795	 1.528624e-05	 3633	 iter
2796	 1.528624e-05	 3634	 iter
2797	 1.528595e-05	 3636	 iter
2798	 1.528595e-05	 3637	 iter
2799	 1.528595e-05	 3638	 iter
2800	 1.528595e-05	 3640	 iter
2801	 1.528595e-05	 3642	 iter
2802	 1.528560e-05	 3644	 iter
2803	 1.528560e-05	 3645	 iter
2804	 1.528560e-05	 3646	 iter
2805	 1.528523e-05	 3648	 iter
2806	 1.528493e-05	 3650	 iter
2807	 1.528493e-05	 3651	 iter
2808	 1.528493e-05	 3652	 iter
2809	 1.528493e-05	 3653	 iter
2810	 1.528493e-05	 3654	 iter
2811	 1.528493e-05	 3655	 iter
2812	 1.528493e-05	 3656	 iter
2813	 1.528493e-05	 3658	 iter
2814	 1.528493e-05	 3660	 iter
2815	 1.528493e-05	 3661	 iter
2816	 1.528493e-05	 3662	 iter
2817	 1.528493e-05	 3663	 iter
2818	 1.528441e-05	 3665	 iter
2819	 1.528441e-05	 3666	 iter
2820	 1.528441e-05	 3667	 iter
2821	 1.528441e-05	 3668	 iter
2822	 1.528441e-05	 3669	 iter
2823	 1.528441e-05	 3670	 iter
2824	 1.528430e-05	 3672	 iter
2825	 1.528430e-05	 3674	 iter
2826	 1.528430e-05	 3675	 iter
2827	 1.528430e-05	 3676	 iter
2828	 1.528430e-05	 3677	 iter
2829	 1.528425e-05	 3679	 iter
2830	 1.528415e-05	 3681	 iter
2831	 1.528415e-05	 3682	 iter
2832	 1.528415e-05	 3683	 iter
2833	 1.528415e-05	 3684	 iter
2834	 1.528415e-05	 3685	 iter
2835	 1.528415e-05	 3686	 iter
2836	 1.528415e-05	 3688	 iter
2837	 1.528415e-05	 3689	 iter
2838	 1.528415e-05	 3691	 iter
2839	 1.528415e-05	 3692	 iter
2840	 1.528415e-05	 3693	 iter
2841	 1.528415e-05	 3694	 iter
2842	 1.528415e-05	 3695	 iter
2843	 1.528374e-05	 3697	 iter
2844	 1.528374e-05	 3698	 iter
2845	 1.528374e-05	 3699	 iter
2846	 1.528374e-05	 3700	 iter
2847	 1.528374e-05	 3701	 iter
2848	 1.528360e-05	 3703	 iter
2849	 1.528360e-05	 3705	 iter
2850	 1.528360e-05	 3707	 iter
2851	 1.528360e-05	 3709	 iter
2852	 1.528360e-05	 3710	 iter
2853	 1.528360e-05	 3712	 iter
2854	 1.528360e-05	 3714	 iter
2855	 1.528360e-05	 3716	 iter
2856	 1.528360e-05	 3718	 iter
2857	 1.528360e-05	 3719	 iter
2858	 1.528355e-05	 3721	 iter
2859	 1.528355e-05	 3722	 iter
2860	 1.528355e-05	 3723	 iter
2861	 1.528355e-05	 3724	 iter
2862	 1.528355e-05	 3725	 iter
2863	 1.528355e-05	 3726	 iter
2864	 1.528355e-05	 3728	 iter
2865	 1.528355e-05	 3729	 iter
2866	 1.528355e-05	 3731	 iter
2867	 1.528355e-05	 3732	 iter
2868	 1.528348e-05	 3734	 iter
2869	 1.528348e-05	 3735	 iter
2870	 1.528340e-05	 3737	 iter
2871	 1.528319e-05	 3739	 iter
2872	 1.528319e-05	 3740	 iter
2873	 1.528319e-05	 3741	 iter
2874	 1.528319e-05	 3743	 iter
2875	 1.528319e-05	 3744	 iter
2876	 1.528319e-05	 3745	 iter
2877	 1.528319e-05	 3746	 iter
2878	 1.528319e-05	 3747	 iter
2879	 1.528319e-05	 3749	 iter
2880	 1.528319e-05	 3750	 iter
2881	 1.528319e-05	 3751	 iter
2882	 1.528319e-05	 3753	 iter
2883	 1.528319e-05	 3754	 iter
2884	 1.528319e-05	 3755	 iter
2885	 1.528319e-05	 3756	 iter
2886	 1.528319e-05	 3757	 iter
2887	 1.528319e-05	 3758	 iter
2888	 1.528319e-05	 3759	 iter
2889	 1.528319e-05	 3760	 iter
2890	 1.528308e-05	 3762	 iter
2891	 1.528308e-05	 3764	 iter
2892	 1.528308e-05	 3765	 iter
2893	 1.528308e-05	 3766	 iter
2894	 1.528305e-05	 3768	 iter
2895	 1.528305e-05	 3770	 iter
2896	 1.528305e-05	 3771	 iter
2897	 1.528305e-05	 3772	 iter
2898	 1.528294e-05	 3774	 iter
2899	 1.528294e-05	 3775	 iter
2900	 1.528294e-05	 3776	 iter
2901	 1.528294e-05	 3777	 iter
2902	 1.528294e-05	 3778	 iter
2903	 1.528294e-05	 3779	 iter
2904	 1.528294e-05	 3781	 iter
2905	 1.528294e-05	 3782	 iter
2906	 1.528285e-05	 3784	 iter
2907	 1.528285e-05	 3785	 iter
2908	 1.528285e-05	 3786	 iter
2909	 1.528285e-05	 3787	 iter
2910	 1.528285e-05	 3788	 iter
2911	 1.528285e-05	 3789	 iter
2912	 1.528283e-05	 3791	 iter
2913	 1.528283e-05	 3792	 iter
2914	 1.528276e-05	 3794	 iter
2915	 1.528276e-05	 3795	 iter
2916	 1.528276e-05	 3796	 iter
2917	 1.528276e-05	 3797	 iter
2918	 1.528276e-05	 3798	 iter
2919	 1.528276e-05	 3799	 iter
2920	 1.528276e-05	 3800	 iter
2921	 1.528276e-05	 3801	 iter
2922	 1.528269e-05	 3803	 iter
2923	 1.528269e-05	 3804	 iter
2924	 1.528269e-05	 3805	 iter
2925	 1.528269e-05	 3806	 iter
2926	 1.528269e-05	 3807	 iter
2927	 1.528269e-05	 3808	 iter
2928	 1.528269e-05	 3809	 iter
2929	 1.528269e-05	 3810	 iter
2930	 1.528269e-05	 3812	 iter
2931	 1.528250e-05	 3814	 iter
2932	 1.528250e-05	 3815	 iter
2933	 1.528250e-05	 3816	 iter
2934	 1.528250e-05	 3817	 iter
2935	 1.528250e-05	 3819	 iter
2936	 1.528250e-05	 3820	 iter
2937	 1.528250e-05	 3821	 iter
2938	 1.528246e-05	 3823	 iter
2939	 1.528246e-05	 3824	 iter
2940	 1.528246e-05	 3825	 iter
2941	 1.528246e-05	 3826	 iter
2942	 1.528246e-05	 3827	 iter
2943	 1.528245e-05	 3829	 iter
2944	 1.528237e-05	 3831	 iter
2945	 1.528237e-05	 3832	 iter
2946	 1.528237e-05	 3833	 iter
2947	 1.528237e-05	 3834	 iter
2948	 1.528237e-05	 3835	 iter
2949	 1.528237e-05	 3836	 iter
2950	 1.528227e-05	 3838	 iter
2951	 1.528224e-05	 3840	 iter
2952	 1.528224e-05	 3841	 iter
2953	 1.528224e-05	 3842	 iter
2954	 1.528224e-05	 3843	 iter
2955	 1.528224e-05	 3844	 iter
2956	 1.528224e-05	 3845	 iter
2957	 1.528224e-05	 3847	 iter
2958	 1.528224e-05	 3848	 iter
2959	 1.528218e-05	 3850	 iter
2960	 1.528218e-05	 3851	 iter
2961	 1.528211e-05	 3853	 iter
2962	 1.528211e-05	 3854	 iter
2963	 1.528205e-05	 3856	 iter
2964	 1.528205e-05	 3857	 iter
2965	 1.528205e-05	 3858	 iter
2966	 1.528205e-05	 3859	 iter
2967	 1.528205e-05	 3860	 iter
2968	 1.528205e-05	 3861	 iter
2969	 1.528205e-05	 3862	 iter
2970	 1.528205e-05	 3863	 iter
2971	 1.528203e-05	 3865	 iter
2972	 1.528203e-05	 3866	 iter
2973	 1.528203e-05	 3867	 iter
2974	 1.528203e-05	 3868	 iter
2975	 1.528203e-05	 3869	 iter
2976	 1.528193e-05	 3871	 iter
2977	 1.528193e-05	 3872	 iter
2978	 1.528193e-05	 3874	 iter
2979	 1.528191e-05	 3876	 iter
2980	 1.528187e-05	 3878	 iter
2981	 1.528187e-05	 3879	 iter
2982	 1.528187e-05	 3880	 iter
2983	 1.528187e-05	 3881	 iter
2984	 1.528187e-05	 3882	 iter
2985	 1.528187e-05	 3883	 iter
2986	 1.528187e-05	 3884	 iter
2987	 1.528187e-05	 3885	 iter
2988	 1.528187e-05	 3886	 iter
2989	 1.528187e-05	 3887	 iter
2990	 1.528187e-05	 3889	 iter
2991	 1.528187e-05	 3890	 iter
2992	 1.528187e-05	 3892	 iter
2993	 1.528187e-05	 3893	 iter
2994	 1.528187e-05	 3894	 iter
2995	 1.528187e-05	 3895	 iter
2996	 1.528187e-05	 3896	 iter
2997	 1.528187e-05	 3897	 iter
2998	 1.528187e-05	 3899	 iter
2999	 1.528179e-05	 3901	 iter
3000	 1.528174e-05	 3903	 iter
3001	 1.528174e-05	 3904	 iter
3002	 1.528174e-05	 3905	 iter
3003	 1.528174e-05	 3907	 iter
3004	 1.528174e-05	 3908	 iter
3005	 1.528174e-05	 3909	 iter
3006	 1.528174e-05	 3910	 iter
3007	 1.528174e-05	 3911	 iter
3008	 1.528174e-05	 3912	 iter
3009	 1.528174e-05	 3913	 iter
3010	 1.528174e-05	 3914	 iter
3011	 1.528174e-05	 3915	 iter
3012	 1.528172e-05	 3917	 iter
3013	 1.528172e-05	 3918	 iter
3014	 1.528170e-05	 3920	 iter
3014	 1.528170e-05	 3920	 done
