0	 2.729208e-33	 1	 init
0	 2.729208e-33	 1	 iter
1	 2.729208e-33	 17	 iter
2	 2.729208e-33	 19	 iter
3	 2.729208e-33	 21	 iter
4	 2.729208e-33	 22	 iter
5	 2.729208e-33	 24	 iter
6	 2.729208e-33	 26	 iter
7	 2.729208e-33	 28	 iter
8	 2.729208e-33	 30	 iter
9	 2.729208e-33	 32	 iter
10	 2.729208e-33	 34	 iter
11	 2.729208e-33	 36	 iter
12	 2.729208e-33	 38	 iter
13	 2.729208e-33	 40	 iter
14	 2.729208e-33	 42	 iter
15	 2.729208e-33	 44	 iter
16	 2.729208e-33	 46	 iter
17	 2.729208e-33	 48	 iter
18	 2.729208e-33	 50	 iter
19	 2.729208e-33	 52	 iter
20	 2.729208e-33	 54	 iter
21	 2.729208e-33	 56	 iter
22	 2.729208e-33	 58	 iter
23	 2.729208e-33	 60	 iter
24	 2.729208e-33	 62	 iter
25	 2.729208e-33	 64	 iter
26	 2.729208e-33	 65	 iter
27	 2.729208e-33	 67	 iter
28	 2.729208e-33	 69	 iter
29	 2.729208e-33	 71	 iter
30	 2.729208e-33	 73	 iter
31	 2.729208e-33	 75	 iter
32	 2.729208e-33	 77	 iter
33	 2.729208e-33	 79	 iter
34	 2.729208e-33	 80	 iter
35	 2.729208e-33	 82	 iter
36	 2.729208e-33	 84	 iter
37	 2.729208e-33	 86	 iter
38	 2.729208e-33	 88	 iter
39	 2.729208e-33	 90	 iter
40	 2.729208e-33	 92	 iter
41	 2.729208e-33	 93	 iter
42	 2.729208e-33	 94	 iter
43	 2.729208e-33	 96	 iter
44	 2.729208e-33	 98	 iter
45	 2.729208e-33	 100	 iter
46	 2.729208e-33	 102	 iter
47	 2.729208e-33	 104	 iter
48	 2.729208e-33	 105	 iter
49	 2.729208e-33	 107	 iter
50	 2.729208e-33	 109	 iter
51	 2.729208e-33	 111	 iter
52	 2.729208e-33	 112	 iter
53	 2.729208e-33	 114	 iter
54	 2.729208e-33	 116	 iter
55	 2.729208e-33	 118	 iter
56	 2.729208e-33	 120	 iter
57	 2.729208e-33	 122	 iter
58	 2.729208e-33	 124	 iter
59	 2.729208e-33	 126	 iter
60	 2.729208e-33	 127	 iter
61	 2.729208e-33	 128	 iter
62	 2.729208e-33	 130	 iter
63	 2.729208e-33	 132	 iter
64	 2.729208e-33	 134	 iter
65	 2.729208e-33	 135	 iter
66	 2.729208e-33	 137	 iter
67	 2.729208e-33	 139	 iter
68	 2.729208e-33	 141	 iter
69	 2.729208e-33	 143	 iter
70	 2.729208e-33	 144	 iter
71	 2.729208e-33	 146	 iter
72	 2.729208e-33	 147	 iter
73	 2.729208e-33	 148	 iter
74	 2.729208e-33	 149	 iter
75	 2.729208e-33	 151	 iter
76	 2.729208e-33	 153	 iter
77	 2.729208e-33	 155	 iter
78	 2.729208e-33	 157	 iter
79	 2.729208e-33	 159	 iter
80	 2.729208e-33	 161	 iter
81	 2.729208e-33	 162	 iter
82	 2.729208e-33	 164	 iter
83	 2.729208e-33	 165	 iter
84	 2.729208e-33	 167	 iter
85	 2.729208e-33	 168	 iter
86	 2.729208e-33	 170	 iter
87	 2.729208e-33	 171	 iter
88	 2.729208e-33	 173	 iter
89	 2.729208e-33	 175	 iter
90	 2.729208e-33	 177	 iter
91	 2.729208e-33	 178	 iter
92	 2.729208e-33	 180	 iter
93	 2.729208e-33	 181	 iter
94	 2.729208e-33	 183	 iter
95	 2.729208e-33	 185	 iter
96	 2.729208e-33	 186	 iter
97	 2.729208e-33	 187	 iter
98	 2.729208e-33	 188	 iter
99	 2.729208e-33	 190	 iter
100	 2.729208e-33	 191	 iter
101	 2.729208e-33	 193	 iter
102	 2.729208e-33	 194	 iter
103	 2.729208e-33	 196	 iter
104	 2.729208e-33	 197	 iter
105	 2.729208e-33	 199	 iter
106	 2.729208e-33	 201	 iter
107	 2.729208e-33	 203	 iter
108	 2.729208e-33	 204	 iter
109	 2.729208e-33	 205	 iter
110	 2.729208e-33	 207	 iter
111	 2.729208e-33	 208	 iter
112	 2.729208e-33	 210	 iter
113	 2.729208e-33	 211	 iter
114	 2.729208e-33	 212	 iter
115	 2.729208e-33	 214	 iter
116	 2.729208e-33	 215	 iter
117	 2.729208e-33	 216	 iter
118	 2.729208e-33	 218	 iter
119	 2.729208e-33	 219	 iter
120	 2.729208e-33	 220	 iter
121	 2.729208e-33	 221	 iter
122	 2.729208e-33	 222	 iter
123	 2.729208e-33	 223	 iter
124	 2.729208e-33	 225	 iter
125	 2.729208e-33	 227	 iter
126	 2.729208e-33	 228	 iter
127	 2.729208e-33	 229	 iter
128	 2.729208e-33	 230	 iter
129	 2.729208e-33	 231	 iter
130	 2.729208e-33	 232	 iter
131	 2.729208e-33	 233	 iter
132	 2.729208e-33	 235	 iter
133	 2.729208e-33	 237	 iter
134	 2.729208e-33	 238	 iter
135	 2.729208e-33	 240	 iter
136	 2.729208e-33	 242	 iter
137	 2.729208e-33	 244	 iter
138	 2.729208e-33	 245	 iter
139	 2.729208e-33	 247	 iter
140	 2.729208e-33	 249	 iter
141	 2.729208e-33	 251	 iter
142	 2.729208e-33	 252	 iter
143	 2.729208e-33	 254	 iter
144	 2.729208e-33	 255	 iter
145	 2.729208e-33	 256	 iter
146	 2.729208e-33	 258	 iter
147	 2.729208e-33	 260	 iter
148	 2.729208e-33	 261	 iter
149	 2.729208e-33	 263	 iter
150	 2.729208e-33	 265	 iter
151	 2.729208e-33	 266	 iter
152	 2.729208e-33	 267	 iter
153	 2.729208e-33	 268	 iter
154	 2.729208e-33	 270	 iter
155	 2.729208e-33	 271	 iter
156	 2.729208e-33	 273	 iter
157	 2.729208e-33	 274	 iter
158	 2.729208e-33	 275	 iter
159	 2.729208e-33	 276	 iter
160	 2.729208e-33	 278	 iter
161	 2.729208e-33	 280	 iter
162	 2.729208e-33	 281	 iter
163	 2.729208e-33	 283	 iter
164	 2.729208e-33	 284	 iter
165	 2.729208e-33	 285	 iter
166	 2.729208e-33	 287	 iter
167	 2.729208e-33	 289	 iter
168	 2.729208e-33	 291	 iter
169	 2.729208e-33	 293	 iter
170	 2.729208e-33	 295	 iter
171	 2.729208e-33	 297	 iter
172	 2.729208e-33	 298	 iter
173	 2.729208e-33	 300	 iter
174	 2.729208e-33	 302	 iter
175	 2.729208e-33	 304	 iter
176	 2.729208e-33	 305	 iter
177	 2.729208e-33	 307	 iter
178	 2.729208e-33	 308	 iter
179	 2.729208e-33	 310	 iter
180	 2.729208e-33	 311	 iter
181	 2.729208e-33	 313	 iter
182	 2.729208e-33	 314	 iter
182	 2.729208e-33	 314	 done
