0	 5.201189e-33	 1	 init
0	 5.201189e-33	 1	 iter
1	 5.201189e-33	 17	 iter
2	 5.201189e-33	 19	 iter
3	 5.201189e-33	 21	 iter
4	 5.201189e-33	 23	 iter
5	 5.201189e-33	 25	 iter
6	 5.201189e-33	 27	 iter
7	 5.201189e-33	 29	 iter
8	 5.201189e-33	 31	 iter
9	 5.201189e-33	 33	 iter
10	 5.201189e-33	 35	 iter
11	 5.201189e-33	 37	 iter
12	 5.201189e-33	 39	 iter
13	 5.201189e-33	 41	 iter
14	 5.201189e-33	 43	 iter
15	 5.201189e-33	 45	 iter
16	 5.201189e-33	 47	 iter
17	 5.201189e-33	 49	 iter
18	 5.201189e-33	 51	 iter
19	 5.201189e-33	 53	 iter
20	 5.201189e-33	 55	 iter
21	 5.201189e-33	 57	 iter
22	 5.201189e-33	 59	 iter
23	 5.201189e-33	 61	 iter
24	 5.201189e-33	 63	 iter
25	 5.201189e-33	 65	 iter
26	 5.201189e-33	 67	 iter
27	 5.201189e-33	 69	 iter
28	 5.201189e-33	 71	 iter
29	 5.201189e-33	 72	 iter
30	 5.201189e-33	 74	 iter
31	 5.201189e-33	 76	 iter
32	 5.201189e-33	 78	 iter
33	 5.201189e-33	 80	 iter
34	 5.201189e-33	 82	 iter
35	 5.201189e-33	 83	 iter
36	 5.201189e-33	 85	 iter
37	 5.201189e-33	 87	 iter
38	 5.201189e-33	 89	 iter
39	 5.201189e-33	 90	 iter
40	 5.201189e-33	 91	 iter
41	 5.201189e-33	 93	 iter
42	 5.201189e-33	 95	 iter
43	 5.201189e-33	 97	 iter
44	 5.201189e-33	 99	 iter
45	 5.201189e-33	 101	 iter
46	 5.201189e-33	 103	 iter
47	 5.201189e-33	 105	 iter
48	 5.201189e-33	 107	 iter
49	 5.201189e-33	 108	 iter
50	 5.201189e-33	 110	 iter
51	 5.201189e-33	 112	 iter
52	 5.201189e-33	 113	 iter
53	 5.201189e-33	 115	 iter
54	 5.201189e-33	 116	 iter
55	 5.201189e-33	 118	 iter
56	 5.201189e-33	 120	 iter
57	 5.201189e-33	 122	 iter
58	 5.201189e-33	 123	 iter
59	 5.201189e-33	 125	 iter
60	 5.201189e-33	 127	 iter
61	 5.201189e-33	 129	 iter
62	 5.201189e-33	 131	 iter
63	 5.201189e-33	 133	 iter
64	 5.201189e-33	 134	 iter
65	 5.201189e-33	 136	 iter
66	 5.201189e-33	 138	 iter
67	 5.201189e-33	 140	 iter
68	 5.201189e-33	 142	 iter
69	 5.201189e-33	 144	 iter
70	 5.201189e-33	 146	 iter
71	 5.201189e-33	 148	 iter
72	 5.201189e-33	 149	 iter
73	 5.201189e-33	 151	 iter
74	 5.201189e-33	 153	 iter
75	 5.201189e-33	 155	 iter
76	 5.201189e-33	 157	 iter
77	 5.201189e-33	 159	 iter
78	 5.201189e-33	 161	 iter
79	 5.201189e-33	 163	 iter
80	 5.201189e-33	 165	 iter
81	 5.201189e-33	 166	 iter
82	 5.201189e-33	 168	 iter
83	 5.201189e-33	 170	 iter
84	 5.201189e-33	 171	 iter
85	 5.201189e-33	 172	 iter
86	 5.201189e-33	 174	 iter
87	 5.201189e-33	 176	 iter
88	 5.201189e-33	 178	 iter
89	 5.201189e-33	 180	 iter
90	 5.201189e-33	 181	 iter
91	 5.201189e-33	 182	 iter
92	 5.201189e-33	 184	 iter
93	 5.201189e-33	 186	 iter
94	 5.201189e-33	 187	 iter
95	 5.201189e-33	 189	 iter
96	 5.201189e-33	 191	 iter
97	 5.201189e-33	 193	 iter
98	 5.201189e-33	 195	 iter
99	 5.201189e-33	 196	 iter
100	 5.201189e-33	 198	 iter
101	 5.201189e-33	 200	 iter
102	 5.201189e-33	 201	 iter
103	 5.201189e-33	 203	 iter
104	 5.201189e-33	 204	 iter
105	 5.201189e-33	 205	 iter
106	 5.201189e-33	 207	 iter
107	 5.201189e-33	 209	 iter
108	 5.201189e-33	 210	 iter
109	 5.201189e-33	 211	 iter
110	 5.201189e-33	 213	 iter
111	 5.201189e-33	 214	 iter
112	 5.201189e-33	 216	 iter
113	 5.201189e-33	 218	 iter
114	 5.201189e-33	 219	 iter
115	 5.201189e-33	 220	 iter
116	 5.201189e-33	 221	 iter
117	 5.201189e-33	 223	 iter
118	 5.201189e-33	 224	 iter
119	 5.201189e-33	 225	 iter
120	 5.201189e-33	 227	 iter
120	 5.201189e-33	 227	 done
