0	 3.786707e-33	 1	 init
0	 3.786707e-33	 1	 iter
1	 3.786707e-33	 17	 iter
2	 3.786707e-33	 19	 iter
3	 3.786707e-33	 21	 iter
4	 3.786707e-33	 23	 iter
5	 3.786707e-33	 25	 iter
6	 3.786707e-33	 27	 iter
7	 3.786707e-33	 29	 iter
8	 3.786707e-33	 31	 iter
9	 3.786707e-33	 33	 iter
10	 3.786707e-33	 35	 iter
11	 3.786707e-33	 37	 iter
12	 3.786707e-33	 39	 iter
13	 3.786707e-33	 41	 iter
14	 3.786707e-33	 43	 iter
15	 3.786707e-33	 45	 iter
16	 3.786707e-33	 47	 iter
17	 3.786707e-33	 49	 iter
18	 3.786707e-33	 51	 iter
19	 3.786707e-33	 53	 iter
20	 3.786707e-33	 55	 iter
21	 3.786707e-33	 57	 iter
22	 3.786707e-33	 59	 iter
23	 3.786707e-33	 61	 iter
24	 3.786707e-33	 63	 iter
25	 3.786707e-33	 65	 iter
26	 3.786707e-33	 67	 iter
27	 3.786707e-33	 69	 iter
28	 3.786707e-33	 71	 iter
29	 3.786707e-33	 73	 iter
30	 3.786707e-33	 75	 iter
31	 3.786707e-33	 77	 iter
32	 3.786707e-33	 79	 iter
33	 3.786707e-33	 81	 iter
34	 3.786707e-33	 83	 iter
35	 3.786707e-33	 85	 iter
36	 3.786707e-33	 87	 iter
37	 3.786707e-33	 89	 iter
38	 3.786707e-33	 91	 iter
39	 3.786707e-33	 93	 iter
40	 3.786707e-33	 95	 iter
41	 3.786707e-33	 96	 iter
42	 3.786707e-33	 97	 iter
43	 3.786707e-33	 99	 iter
44	 3.786707e-33	 101	 iter
45	 3.786707e-33	 103	 iter
46	 3.786707e-33	 104	 iter
47	 3.786707e-33	 106	 iter
48	 3.786707e-33	 108	 iter
49	 3.786707e-33	 110	 iter
50	 3.786707e-33	 112	 iter
51	 3.786707e-33	 114	 iter
52	 3.786707e-33	 116	 iter
53	 3.786707e-33	 117	 iter
54	 3.786707e-33	 118	 iter
55	 3.786707e-33	 120	 iter
56	 3.786707e-33	 122	 iter
57	 3.786707e-33	 124	 iter
58	 3.786707e-33	 126	 iter
59	 3.786707e-33	 128	 iter
60	 3.786707e-33	 130	 iter
61	 3.786707e-33	 132	 iter
62	 3.786707e-33	 134	 iter
63	 3.786707e-33	 136	 iter
64	 3.786707e-33	 137	 iter
65	 3.786707e-33	 139	 iter
66	 3.786707e-33	 141	 iter
67	 3.786707e-33	 143	 iter
68	 3.786707e-33	 144	 iter
69	 3.786707e-33	 146	 iter
70	 3.786707e-33	 148	 iter
71	 3.786707e-33	 150	 iter
72	 3.786707e-33	 152	 iter
73	 3.786707e-33	 154	 iter
74	 3.786707e-33	 155	 iter
75	 3.786707e-33	 157	 iter
76	 3.786707e-33	 159	 iter
77	 3.786707e-33	 160	 iter
78	 3.786707e-33	 161	 iter
79	 3.786707e-33	 163	 iter
80	 3.786707e-33	 165	 iter
81	 3.786707e-33	 167	 iter
82	 3.786707e-33	 169	 iter
83	 3.786707e-33	 170	 iter
84	 3.786707e-33	 172	 iter
85	 3.786707e-33	 174	 iter
86	 3.786707e-33	 176	 iter
87	 3.786707e-33	 178	 iter
88	 3.786707e-33	 180	 iter
89	 3.786707e-33	 181	 iter
90	 3.786707e-33	 182	 iter
91	 3.786707e-33	 184	 iter
92	 3.786707e-33	 185	 iter
93	 3.786707e-33	 186	 iter
94	 3.786707e-33	 188	 iter
95	 3.786707e-33	 190	 iter
96	 3.786707e-33	 191	 iter
97	 3.786707e-33	 193	 iter
98	 3.786707e-33	 195	 iter
99	 3.786707e-33	 197	 iter
100	 3.786707e-33	 199	 iter
101	 3.786707e-33	 201	 iter
102	 3.786707e-33	 203	 iter
102	 3.786707e-33	 203	 done
