0	 2.867931e-33	 1	 init
0	 2.867931e-33	 1	 iter
1	 2.867931e-33	 17	 iter
2	 2.867931e-33	 19	 iter
3	 2.867931e-33	 21	 iter
4	 2.867931e-33	 22	 iter
5	 2.867931e-33	 24	 iter
6	 2.867931e-33	 26	 iter
7	 2.867931e-33	 28	 iter
8	 2.867931e-33	 30	 iter
9	 2.867931e-33	 32	 iter
10	 2.867931e-33	 34	 iter
11	 2.867931e-33	 36	 iter
12	 2.867931e-33	 38	 iter
13	 2.867931e-33	 40	 iter
14	 2.867931e-33	 41	 iter
15	 2.867931e-33	 43	 iter
16	 2.867931e-33	 44	 iter
17	 2.867931e-33	 46	 iter
18	 2.867931e-33	 48	 iter
19	 2.867931e-33	 50	 iter
20	 2.867931e-33	 52	 iter
21	 2.867931e-33	 54	 iter
22	 2.867931e-33	 56	 iter
23	 2.867931e-33	 58	 iter
24	 2.867931e-33	 60	 iter
25	 2.867931e-33	 62	 iter
26	 2.867931e-33	 64	 iter
27	 2.867931e-33	 66	 iter
28	 2.867931e-33	 67	 iter
29	 2.867931e-33	 69	 iter
30	 2.867931e-33	 71	 iter
31	 2.867931e-33	 73	 iter
32	 2.867931e-33	 75	 iter
33	 2.867931e-33	 77	 iter
34	 2.867931e-33	 79	 iter
35	 2.867931e-33	 81	 iter
36	 2.867931e-33	 83	 iter
37	 2.867931e-33	 85	 iter
38	 2.867931e-33	 87	 iter
39	 2.867931e-33	 89	 iter
40	 2.867931e-33	 91	 iter
41	 2.867931e-33	 93	 iter
42	 2.867931e-33	 95	 iter
43	 2.867931e-33	 97	 iter
44	 2.867931e-33	 98	 iter
45	 2.867931e-33	 100	 iter
46	 2.867931e-33	 102	 iter
47	 2.867931e-33	 104	 iter
48	 2.867931e-33	 106	 iter
49	 2.867931e-33	 108	 iter
50	 2.867931e-33	 110	 iter
51	 2.867931e-33	 112	 iter
52	 2.867931e-33	 114	 iter
53	 2.867931e-33	 115	 iter
54	 2.867931e-33	 116	 iter
55	 2.867931e-33	 118	 iter
56	 2.867931e-33	 120	 iter
57	 2.867931e-33	 122	 iter
58	 2.867931e-33	 124	 iter
59	 2.867931e-33	 126	 iter
60	 2.867931e-33	 128	 iter
61	 2.867931e-33	 130	 iter
62	 2.867931e-33	 132	 iter
63	 2.867931e-33	 134	 iter
64	 2.867931e-33	 136	 iter
65	 2.867931e-33	 138	 iter
66	 2.867931e-33	 139	 iter
67	 2.867931e-33	 141	 iter
68	 2.867931e-33	 143	 iter
69	 2.867931e-33	 145	 iter
70	 2.867931e-33	 147	 iter
71	 2.867931e-33	 148	 iter
72	 2.867931e-33	 149	 iter
73	 2.867931e-33	 151	 iter
74	 2.867931e-33	 152	 iter
75	 2.867931e-33	 153	 iter
76	 2.867931e-33	 155	 iter
77	 2.867931e-33	 157	 iter
78	 2.867931e-33	 159	 iter
79	 2.867931e-33	 161	 iter
80	 2.867931e-33	 163	 iter
81	 2.867931e-33	 165	 iter
82	 2.867931e-33	 166	 iter
83	 2.867931e-33	 167	 iter
84	 2.867931e-33	 169	 iter
85	 2.867931e-33	 171	 iter
86	 2.867931e-33	 172	 iter
87	 2.867931e-33	 174	 iter
88	 2.867931e-33	 176	 iter
89	 2.867931e-33	 178	 iter
90	 2.867931e-33	 179	 iter
91	 2.867931e-33	 181	 iter
92	 2.867931e-33	 182	 iter
93	 2.867931e-33	 184	 iter
94	 2.867931e-33	 186	 iter
95	 2.867931e-33	 187	 iter
96	 2.867931e-33	 188	 iter
97	 2.867931e-33	 189	 iter
98	 2.867931e-33	 191	 iter
99	 2.867931e-33	 192	 iter
100	 2.867931e-33	 193	 iter
101	 2.867931e-33	 195	 iter
102	 2.867931e-33	 197	 iter
103	 2.867931e-33	 198	 iter
104	 2.867931e-33	 200	 iter
105	 2.867931e-33	 202	 iter
106	 2.867931e-33	 203	 iter
107	 2.867931e-33	 204	 iter
108	 2.867931e-33	 206	 iter
109	 2.867931e-33	 207	 iter
110	 2.867931e-33	 208	 iter
111	 2.867931e-33	 210	 iter
112	 2.867931e-33	 211	 iter
113	 2.867931e-33	 213	 iter
114	 2.867931e-33	 214	 iter
115	 2.867931e-33	 216	 iter
116	 2.867931e-33	 217	 iter
117	 2.867931e-33	 219	 iter
118	 2.867931e-33	 220	 iter
119	 2.867931e-33	 222	 iter
120	 2.867931e-33	 224	 iter
121	 2.867931e-33	 226	 iter
122	 2.867931e-33	 228	 iter
123	 2.867931e-33	 229	 iter
124	 2.867931e-33	 231	 iter
125	 2.867931e-33	 233	 iter
126	 2.867931e-33	 234	 iter
127	 2.867931e-33	 235	 iter
128	 2.867931e-33	 236	 iter
129	 2.867931e-33	 238	 iter
130	 2.867931e-33	 239	 iter
131	 2.867931e-33	 241	 iter
132	 2.867931e-33	 243	 iter
133	 2.867931e-33	 245	 iter
134	 2.867931e-33	 246	 iter
135	 2.867931e-33	 248	 iter
136	 2.867931e-33	 250	 iter
137	 2.867931e-33	 252	 iter
138	 2.867931e-33	 254	 iter
139	 2.867931e-33	 255	 iter
140	 2.867931e-33	 256	 iter
141	 2.867931e-33	 258	 iter
142	 2.867931e-33	 259	 iter
143	 2.867931e-33	 261	 iter
144	 2.867931e-33	 262	 iter
145	 2.867931e-33	 264	 iter
146	 2.867931e-33	 266	 iter
147	 2.867931e-33	 267	 iter
148	 2.867931e-33	 268	 iter
149	 2.867931e-33	 269	 iter
150	 2.867931e-33	 270	 iter
151	 2.867931e-33	 271	 iter
152	 2.867931e-33	 272	 iter
153	 2.867931e-33	 273	 iter
154	 2.867931e-33	 274	 iter
155	 2.867931e-33	 275	 iter
155	 2.867931e-33	 275	 done
