0	 8.376486e-04	 1	 init
0	 8.376486e-04	 1	 iter
1	 7.103340e-04	 17	 iter
2	 7.017493e-04	 19	 iter
3	 7.017493e-04	 20	 iter
4	 7.017493e-04	 21	 iter
5	 7.017493e-04	 22	 iter
6	 7.017493e-04	 23	 iter
7	 7.017493e-04	 24	 iter
8	 7.017493e-04	 25	 iter
9	 6.782410e-04	 27	 iter
10	 6.782410e-04	 28	 iter
11	 6.782410e-04	 29	 iter
12	 6.782410e-04	 30	 iter
13	 6.782410e-04	 31	 iter
14	 6.782410e-04	 32	 iter
15	 6.782410e-04	 33	 iter
16	 6.782410e-04	 34	 iter
17	 6.782410e-04	 35	 iter
18	 6.782410e-04	 36	 iter
19	 6.782410e-04	 38	 iter
20	 6.782410e-04	 40	 iter
21	 6.782410e-04	 41	 iter
22	 6.782410e-04	 43	 iter
23	 6.782410e-04	 45	 iter
24	 6.782410e-04	 47	 iter
25	 6.782410e-04	 49	 iter
26	 6.782410e-04	 50	 iter
27	 6.782410e-04	 51	 iter
28	 6.782410e-04	 53	 iter
29	 6.782410e-04	 54	 iter
30	 6.782410e-04	 55	 iter
31	 6.782410e-04	 57	 iter
32	 6.782410e-04	 59	 iter
33	 6.782410e-04	 61	 iter
34	 6.782410e-04	 63	 iter
35	 6.782410e-04	 65	 iter
36	 6.782410e-04	 67	 iter
37	 6.782410e-04	 68	 iter
38	 6.782410e-04	 69	 iter
39	 6.782410e-04	 70	 iter
40	 6.780599e-04	 72	 iter
41	 6.780599e-04	 74	 iter
42	 6.780599e-04	 75	 iter
43	 6.767559e-04	 77	 iter
44	 6.767559e-04	 79	 iter
45	 6.767559e-04	 80	 iter
46	 6.767559e-04	 81	 iter
47	 6.743948e-04	 83	 iter
48	 6.743948e-04	 85	 iter
49	 6.732660e-04	 87	 iter
50	 6.732660e-04	 88	 iter
51	 6.732660e-04	 89	 iter
52	 6.732660e-04	 90	 iter
53	 6.719946e-04	 92	 iter
54	 6.719946e-04	 93	 iter
55	 6.719946e-04	 94	 iter
56	 6.719946e-04	 96	 iter
57	 6.690771e-04	 98	 iter
58	 6.690771e-04	 99	 iter
59	 6.690771e-04	 101	 iter
60	 6.690771e-04	 102	 iter
61	 6.690771e-04	 103	 iter
62	 6.690771e-04	 104	 iter
63	 6.690771e-04	 105	 iter
64	 6.690771e-04	 106	 iter
65	 6.690771e-04	 107	 iter
66	 6.690771e-04	 108	 iter
67	 6.690771e-04	 109	 iter
68	 6.686089e-04	 111	 iter
69	 6.686089e-04	 112	 iter
70	 6.665570e-04	 114	 iter
71	 6.665570e-04	 115	 iter
72	 6.660654e-04	 117	 iter
73	 6.611756e-04	 119	 iter
74	 6.611756e-04	 120	 iter
75	 6.611756e-04	 121	 iter
76	 6.611756e-04	 122	 iter
77	 6.611756e-04	 123	 iter
78	 6.611756e-04	 124	 iter
79	 6.611756e-04	 125	 iter
80	 6.611756e-04	 126	 iter
81	 6.611756e-04	 127	 iter
82	 6.531533e-04	 129	 iter
83	 6.531533e-04	 130	 iter
84	 6.531533e-04	 131	 iter
85	 6.531533e-04	 132	 iter
86	 6.531533e-04	 133	 iter
87	 6.531533e-04	 134	 iter
88	 6.531533e-04	 135	 iter
89	 6.531533e-04	 136	 iter
90	 6.531533e-04	 137	 iter
91	 6.531533e-04	 138	 iter
92	 6.513045e-04	 140	 iter
93	 6.513045e-04	 141	 iter
94	 6.513045e-04	 142	 iter
95	 6.513045e-04	 144	 iter
96	 6.426037e-04	 146	 iter
97	 6.426037e-04	 147	 iter
98	 6.426037e-04	 148	 iter
99	 6.426037e-04	 149	 iter
100	 6.426037e-04	 150	 iter
101	 6.426037e-04	 151	 iter
102	 6.426037e-04	 152	 iter
103	 6.426037e-04	 153	 iter
104	 6.426037e-04	 154	 iter
105	 6.426037e-04	 155	 iter
106	 6.309664e-04	 157	 iter
107	 6.309664e-04	 158	 iter
108	 6.309664e-04	 159	 iter
109	 6.309664e-04	 160	 iter
110	 6.309664e-04	 161	 iter
111	 6.309664e-04	 162	 iter
112	 6.309664e-04	 163	 iter
113	 6.309664e-04	 164	 iter
114	 6.309664e-04	 165	 iter
115	 6.309664e-04	 166	 iter
116	 6.309664e-04	 167	 iter
117	 6.219275e-04	 169	 iter
118	 6.219275e-04	 170	 iter
119	 6.219275e-04	 171	 iter
120	 6.219275e-04	 172	 iter
121	 6.219275e-04	 173	 iter
122	 6.219275e-04	 174	 iter
123	 6.219275e-04	 175	 iter
124	 6.103155e-04	 177	 iter
125	 6.103155e-04	 178	 iter
126	 6.103155e-04	 179	 iter
127	 6.103155e-04	 180	 iter
128	 6.103155e-04	 181	 iter
129	 6.103155e-04	 182	 iter
130	 6.103155e-04	 183	 iter
131	 6.103155e-04	 184	 iter
132	 6.103155e-04	 185	 iter
133	 6.046504e-04	 187	 iter
134	 6.046504e-04	 188	 iter
135	 6.046504e-04	 189	 iter
136	 6.046504e-04	 190	 iter
137	 6.046504e-04	 191	 iter
138	 6.046504e-04	 192	 iter
139	 5.989438e-04	 194	 iter
140	 5.989438e-04	 195	 iter
141	 5.916913e-04	 197	 iter
142	 5.916913e-04	 198	 iter
143	 5.916913e-04	 199	 iter
144	 5.916913e-04	 200	 iter
145	 5.916913e-04	 201	 iter
146	 5.916913e-04	 202	 iter
147	 5.916913e-04	 203	 iter
148	 5.898149e-04	 205	 iter
149	 5.898149e-04	 206	 iter
150	 5.898149e-04	 207	 iter
151	 5.771296e-04	 209	 iter
152	 5.771296e-04	 210	 iter
153	 5.771296e-04	 211	 iter
154	 5.771296e-04	 212	 iter
155	 5.674852e-04	 214	 iter
156	 5.674852e-04	 215	 iter
157	 5.674852e-04	 216	 iter
158	 5.674852e-04	 217	 iter
159	 5.674852e-04	 218	 iter
160	 5.674852e-04	 219	 iter
161	 5.674852e-04	 220	 iter
162	 5.674852e-04	 221	 iter
163	 5.674852e-04	 222	 iter
164	 5.674852e-04	 223	 iter
165	 5.674852e-04	 224	 iter
166	 5.674852e-04	 225	 iter
167	 5.674852e-04	 226	 iter
168	 5.585057e-04	 228	 iter
169	 5.585057e-04	 229	 iter
170	 5.585057e-04	 230	 iter
171	 5.585057e-04	 231	 iter
172	 5.585057e-04	 232	 iter
173	 5.585057e-04	 233	 iter
174	 5.585057e-04	 234	 iter
175	 5.585057e-04	 235	 iter
176	 5.585057e-04	 236	 iter
177	 5.517402e-04	 238	 iter
178	 5.517402e-04	 239	 iter
179	 5.517402e-04	 241	 iter
180	 5.517402e-04	 242	 iter
181	 5.517402e-04	 243	 iter
182	 5.517402e-04	 244	 iter
183	 5.517402e-04	 245	 iter
184	 5.451890e-04	 247	 iter
185	 5.451890e-04	 248	 iter
186	 5.451890e-04	 249	 iter
187	 5.258843e-04	 251	 iter
188	 5.258843e-04	 252	 iter
189	 5.258843e-04	 253	 iter
190	 5.258843e-04	 254	 iter
191	 5.258843e-04	 255	 iter
192	 5.258843e-04	 256	 iter
193	 5.258843e-04	 257	 iter
194	 5.258843e-04	 258	 iter
195	 5.258843e-04	 259	 iter
196	 5.258843e-04	 260	 iter
197	 5.258843e-04	 261	 iter
198	 5.258843e-04	 262	 iter
199	 5.258843e-04	 263	 iter
200	 5.258843e-04	 264	 iter
201	 5.258843e-04	 265	 iter
202	 5.258843e-04	 266	 iter
203	 5.258843e-04	 267	 iter
204	 5.258843e-04	 268	 iter
205	 5.258843e-04	 269	 iter
206	 5.258843e-04	 270	 iter
207	 5.258843e-04	 271	 iter
208	 5.258843e-04	 272	 iter
209	 5.258843e-04	 273	 iter
210	 5.258843e-04	 274	 iter
211	 5.258843e-04	 275	 iter
212	 5.196770e-04	 277	 iter
213	 5.155546e-04	 279	 iter
214	 5.155546e-04	 280	 iter
215	 5.155546e-04	 281	 iter
216	 5.092026e-04	 283	 iter
217	 5.092026e-04	 284	 iter
218	 5.092026e-04	 285	 iter
219	 5.092026e-04	 286	 iter
220	 5.092026e-04	 287	 iter
221	 5.092026e-04	 288	 iter
222	 4.970821e-04	 290	 iter
223	 4.970821e-04	 291	 iter
224	 4.970821e-04	 292	 iter
225	 4.970821e-04	 293	 iter
226	 4.970821e-04	 294	 iter
227	 4.970821e-04	 295	 iter
228	 4.970821e-04	 296	 iter
229	 4.970821e-04	 297	 iter
230	 4.970821e-04	 298	 iter
231	 4.896246e-04	 300	 iter
232	 4.896246e-04	 301	 iter
233	 4.896246e-04	 302	 iter
234	 4.896246e-04	 303	 iter
235	 4.896246e-04	 305	 iter
236	 4.896246e-04	 306	 iter
237	 4.896246e-04	 307	 iter
238	 4.748790e-04	 309	 iter
239	 4.748790e-04	 310	 iter
240	 4.748790e-04	 311	 iter
241	 4.748790e-04	 312	 iter
242	 4.748790e-04	 313	 iter
243	 4.748790e-04	 314	 iter
244	 4.748790e-04	 315	 iter
245	 4.748790e-04	 316	 iter
246	 4.748790e-04	 317	 iter
247	 4.719580e-04	 319	 iter
248	 4.719580e-04	 320	 iter
249	 4.719580e-04	 322	 iter
250	 4.719580e-04	 323	 iter
251	 4.719580e-04	 324	 iter
252	 4.719580e-04	 325	 iter
253	 4.719580e-04	 326	 iter
254	 4.666529e-04	 328	 iter
255	 4.666529e-04	 329	 iter
256	 4.666529e-04	 330	 iter
257	 4.666529e-04	 331	 iter
258	 4.666529e-04	 332	 iter
259	 4.666529e-04	 333	 iter
260	 4.666529e-04	 335	 iter
261	 4.666529e-04	 336	 iter
262	 4.666529e-04	 337	 iter
263	 4.666529e-04	 338	 iter
264	 4.666529e-04	 339	 iter
265	 4.666529e-04	 340	 iter
266	 4.615957e-04	 342	 iter
267	 4.615957e-04	 343	 iter
268	 4.615957e-04	 345	 iter
269	 4.615957e-04	 346	 iter
270	 4.615957e-04	 347	 iter
271	 4.615957e-04	 348	 iter
272	 4.615957e-04	 349	 iter
273	 4.615957e-04	 350	 iter
274	 4.615957e-04	 351	 iter
275	 4.614085e-04	 353	 iter
276	 4.614085e-04	 355	 iter
277	 4.614085e-04	 356	 iter
278	 4.614085e-04	 358	 iter
279	 4.574121e-04	 360	 iter
280	 4.574121e-04	 361	 iter
281	 4.574121e-04	 362	 iter
282	 4.574121e-04	 363	 iter
283	 4.574121e-04	 364	 iter
284	 4.574121e-04	 366	 iter
285	 4.574121e-04	 367	 iter
286	 4.574121e-04	 368	 iter
287	 4.574121e-04	 369	 iter
288	 4.574121e-04	 371	 iter
289	 4.574121e-04	 373	 iter
290	 4.574121e-04	 374	 iter
291	 4.574121e-04	 375	 iter
292	 4.574121e-04	 377	 iter
293	 4.574121e-04	 379	 iter
294	 4.574121e-04	 381	 iter
295	 4.574121e-04	 382	 iter
296	 4.574121e-04	 383	 iter
297	 4.574121e-04	 384	 iter
298	 4.574121e-04	 385	 iter
299	 4.574121e-04	 386	 iter
300	 4.574121e-04	 387	 iter
301	 4.574121e-04	 389	 iter
302	 4.559450e-04	 391	 iter
303	 4.559450e-04	 393	 iter
304	 4.559450e-04	 394	 iter
305	 4.559450e-04	 395	 iter
306	 4.559450e-04	 397	 iter
307	 4.559450e-04	 399	 iter
308	 4.559450e-04	 400	 iter
309	 4.544642e-04	 402	 iter
310	 4.544642e-04	 404	 iter
311	 4.544642e-04	 405	 iter
312	 4.544642e-04	 406	 iter
313	 4.528074e-04	 408	 iter
314	 4.528074e-04	 409	 iter
315	 4.528074e-04	 411	 iter
316	 4.528074e-04	 412	 iter
317	 4.528074e-04	 414	 iter
318	 4.528074e-04	 415	 iter
319	 4.528074e-04	 417	 iter
320	 4.528074e-04	 418	 iter
321	 4.528074e-04	 419	 iter
322	 4.507290e-04	 421	 iter
323	 4.507290e-04	 422	 iter
324	 4.507290e-04	 423	 iter
325	 4.507290e-04	 424	 iter
326	 4.507290e-04	 425	 iter
327	 4.507290e-04	 426	 iter
328	 4.507290e-04	 427	 iter
329	 4.507290e-04	 428	 iter
330	 4.507290e-04	 429	 iter
331	 4.507290e-04	 430	 iter
332	 4.465839e-04	 432	 iter
333	 4.465839e-04	 433	 iter
334	 4.465839e-04	 434	 iter
335	 4.465839e-04	 435	 iter
336	 4.448934e-04	 437	 iter
337	 4.448934e-04	 438	 iter
338	 4.448934e-04	 439	 iter
339	 4.401546e-04	 441	 iter
340	 4.401546e-04	 442	 iter
341	 4.401546e-04	 443	 iter
342	 4.401546e-04	 444	 iter
343	 4.401546e-04	 445	 iter
344	 4.401546e-04	 446	 iter
345	 4.401546e-04	 447	 iter
346	 4.373639e-04	 449	 iter
347	 4.327766e-04	 451	 iter
348	 4.327766e-04	 452	 iter
349	 4.327766e-04	 453	 iter
350	 4.327766e-04	 454	 iter
351	 4.327766e-04	 455	 iter
352	 4.327766e-04	 456	 iter
353	 4.265832e-04	 458	 iter
354	 4.265832e-04	 459	 iter
355	 4.194524e-04	 461	 iter
356	 4.194524e-04	 462	 iter
357	 4.194524e-04	 463	 iter
358	 4.194524e-04	 464	 iter
359	 4.194524e-04	 465	 iter
360	 4.194524e-04	 466	 iter
361	 4.194524e-04	 467	 iter
362	 4.194524e-04	 468	 iter
363	 4.194524e-04	 469	 iter
364	 4.159353e-04	 471	 iter
365	 4.053500e-04	 473	 iter
366	 4.053500e-04	 474	 iter
367	 4.053500e-04	 475	 iter
368	 4.053500e-04	 476	 iter
369	 4.053500e-04	 477	 iter
370	 3.959066e-04	 479	 iter
371	 3.959066e-04	 480	 iter
372	 3.959066e-04	 481	 iter
373	 3.959066e-04	 482	 iter
374	 3.959066e-04	 483	 iter
375	 3.959066e-04	 484	 iter
376	 3.897190e-04	 486	 iter
377	 3.897190e-04	 487	 iter
378	 3.897190e-04	 488	 iter
379	 3.897190e-04	 489	 iter
380	 3.897190e-04	 490	 iter
381	 3.869633e-04	 492	 iter
382	 3.869633e-04	 493	 iter
383	 3.829950e-04	 495	 iter
384	 3.829950e-04	 496	 iter
385	 3.829950e-04	 497	 iter
386	 3.829950e-04	 498	 iter
387	 3.829950e-04	 499	 iter
388	 3.829950e-04	 500	 iter
389	 3.657357e-04	 502	 iter
390	 3.657357e-04	 503	 iter
391	 3.657357e-04	 504	 iter
392	 3.657357e-04	 505	 iter
393	 3.657357e-04	 506	 iter
394	 3.657357e-04	 507	 iter
395	 3.657357e-04	 508	 iter
396	 3.657357e-04	 509	 iter
397	 3.657357e-04	 510	 iter
398	 3.657357e-04	 511	 iter
399	 3.657357e-04	 512	 iter
400	 3.657357e-04	 514	 iter
401	 3.657357e-04	 515	 iter
402	 3.657357e-04	 516	 iter
403	 3.657357e-04	 518	 iter
404	 3.657357e-04	 519	 iter
405	 3.649886e-04	 521	 iter
406	 3.649886e-04	 522	 iter
407	 3.648579e-04	 524	 iter
408	 3.648579e-04	 525	 iter
409	 3.648579e-04	 526	 iter
410	 3.648579e-04	 527	 iter
411	 3.648579e-04	 528	 iter
412	 3.648579e-04	 529	 iter
413	 3.648579e-04	 530	 iter
414	 3.648579e-04	 532	 iter
415	 3.648579e-04	 534	 iter
416	 3.648579e-04	 536	 iter
417	 3.648579e-04	 538	 iter
418	 3.611669e-04	 540	 iter
419	 3.611669e-04	 541	 iter
420	 3.611669e-04	 542	 iter
421	 3.611669e-04	 543	 iter
422	 3.611669e-04	 545	 iter
423	 3.567948e-04	 547	 iter
424	 3.567948e-04	 549	 iter
425	 3.567948e-04	 550	 iter
426	 3.567948e-04	 551	 iter
427	 3.567948e-04	 552	 iter
428	 3.567948e-04	 553	 iter
429	 3.567948e-04	 554	 iter
430	 3.567948e-04	 555	 iter
431	 3.562340e-04	 557	 iter
432	 3.562340e-04	 558	 iter
433	 3.562340e-04	 559	 iter
434	 3.535685e-04	 561	 iter
435	 3.535685e-04	 562	 iter
436	 3.535685e-04	 563	 iter
437	 3.535685e-04	 564	 iter
438	 3.535685e-04	 566	 iter
439	 3.535685e-04	 567	 iter
440	 3.535685e-04	 568	 iter
441	 3.535685e-04	 569	 iter
442	 3.535685e-04	 570	 iter
443	 3.535685e-04	 571	 iter
444	 3.495601e-04	 573	 iter
445	 3.495601e-04	 574	 iter
446	 3.495601e-04	 575	 iter
447	 3.495601e-04	 576	 iter
448	 3.495601e-04	 577	 iter
449	 3.495601e-04	 578	 iter
450	 3.495601e-04	 580	 iter
451	 3.495601e-04	 581	 iter
452	 3.495601e-04	 583	 iter
453	 3.495601e-04	 584	 iter
454	 3.495601e-04	 586	 iter
455	 3.495601e-04	 587	 iter
456	 3.495601e-04	 589	 iter
457	 3.495601e-04	 590	 iter
458	 3.495601e-04	 591	 iter
459	 3.495601e-04	 592	 iter
460	 3.495601e-04	 593	 iter
461	 3.482814e-04	 595	 iter
462	 3.482814e-04	 596	 iter
463	 3.482814e-04	 597	 iter
464	 3.482814e-04	 598	 iter
465	 3.482814e-04	 599	 iter
466	 3.482814e-04	 600	 iter
467	 3.482814e-04	 601	 iter
468	 3.461080e-04	 603	 iter
469	 3.461080e-04	 604	 iter
470	 3.461080e-04	 605	 iter
471	 3.461080e-04	 606	 iter
472	 3.461080e-04	 607	 iter
473	 3.461080e-04	 608	 iter
474	 3.452020e-04	 610	 iter
475	 3.452020e-04	 611	 iter
476	 3.452020e-04	 612	 iter
477	 3.437606e-04	 614	 iter
478	 3.437606e-04	 615	 iter
479	 3.437606e-04	 616	 iter
480	 3.437606e-04	 617	 iter
481	 3.437606e-04	 618	 iter
482	 3.437606e-04	 619	 iter
483	 3.437606e-04	 621	 iter
484	 3.437606e-04	 622	 iter
485	 3.437606e-04	 623	 iter
486	 3.437606e-04	 624	 iter
487	 3.426961e-04	 626	 iter
488	 3.426961e-04	 627	 iter
489	 3.426961e-04	 629	 iter
490	 3.426961e-04	 630	 iter
491	 3.426961e-04	 631	 iter
492	 3.426961e-04	 632	 iter
493	 3.426961e-04	 633	 iter
494	 3.426961e-04	 634	 iter
495	 3.426961e-04	 635	 iter
496	 3.426961e-04	 636	 iter
497	 3.426961e-04	 638	 iter
498	 3.426961e-04	 640	 iter
499	 3.394862e-04	 642	 iter
500	 3.394862e-04	 643	 iter
501	 3.394862e-04	 644	 iter
502	 3.394862e-04	 645	 iter
503	 3.394862e-04	 646	 iter
504	 3.394862e-04	 648	 iter
505	 3.394862e-04	 649	 iter
506	 3.394862e-04	 651	 iter
507	 3.378408e-04	 653	 iter
508	 3.378408e-04	 654	 iter
509	 3.378408e-04	 655	 iter
510	 3.378408e-04	 656	 iter
511	 3.378408e-04	 657	 iter
512	 3.378408e-04	 658	 iter
513	 3.378408e-04	 659	 iter
514	 3.374891e-04	 661	 iter
515	 3.368056e-04	 663	 iter
516	 3.368056e-04	 664	 iter
517	 3.368056e-04	 665	 iter
518	 3.368056e-04	 666	 iter
519	 3.368056e-04	 667	 iter
520	 3.368056e-04	 668	 iter
521	 3.366016e-04	 670	 iter
522	 3.366016e-04	 671	 iter
523	 3.366016e-04	 672	 iter
524	 3.366016e-04	 673	 iter
525	 3.366016e-04	 674	 iter
526	 3.366016e-04	 675	 iter
527	 3.366016e-04	 676	 iter
528	 3.366016e-04	 677	 iter
529	 3.366016e-04	 678	 iter
530	 3.366016e-04	 679	 iter
531	 3.366016e-04	 681	 iter
532	 3.366016e-04	 682	 iter
533	 3.358510e-04	 684	 iter
534	 3.358510e-04	 685	 iter
535	 3.348891e-04	 687	 iter
536	 3.348891e-04	 689	 iter
537	 3.348891e-04	 690	 iter
538	 3.348891e-04	 692	 iter
539	 3.348891e-04	 693	 iter
540	 3.348891e-04	 694	 iter
541	 3.348891e-04	 696	 iter
542	 3.343310e-04	 698	 iter
543	 3.343310e-04	 699	 iter
544	 3.343310e-04	 701	 iter
545	 3.343310e-04	 703	 iter
546	 3.343310e-04	 705	 iter
547	 3.343310e-04	 707	 iter
548	 3.343310e-04	 709	 iter
549	 3.343310e-04	 710	 iter
550	 3.343310e-04	 711	 iter
551	 3.331429e-04	 713	 iter
552	 3.331429e-04	 715	 iter
553	 3.331429e-04	 716	 iter
554	 3.331429e-04	 718	 iter
555	 3.331429e-04	 719	 iter
556	 3.331429e-04	 721	 iter
557	 3.331429e-04	 722	 iter
558	 3.331429e-04	 723	 iter
559	 3.331429e-04	 725	 iter
560	 3.331429e-04	 726	 iter
561	 3.331429e-04	 727	 iter
562	 3.331429e-04	 728	 iter
563	 3.325316e-04	 730	 iter
564	 3.325316e-04	 731	 iter
565	 3.325316e-04	 733	 iter
566	 3.325316e-04	 734	 iter
567	 3.325316e-04	 735	 iter
568	 3.325316e-04	 736	 iter
569	 3.325316e-04	 738	 iter
570	 3.325316e-04	 739	 iter
571	 3.325316e-04	 740	 iter
572	 3.325316e-04	 741	 iter
573	 3.324374e-04	 743	 iter
574	 3.322524e-04	 745	 iter
575	 3.322524e-04	 746	 iter
576	 3.322524e-04	 747	 iter
577	 3.322524e-04	 748	 iter
578	 3.322524e-04	 749	 iter
579	 3.322524e-04	 750	 iter
580	 3.322524e-04	 751	 iter
581	 3.316630e-04	 753	 iter
582	 3.303077e-04	 755	 iter
583	 3.303077e-04	 756	 iter
584	 3.303077e-04	 757	 iter
585	 3.303077e-04	 758	 iter
586	 3.303077e-04	 759	 iter
587	 3.303077e-04	 760	 iter
588	 3.303077e-04	 761	 iter
589	 3.303077e-04	 762	 iter
590	 3.303077e-04	 763	 iter
591	 3.303077e-04	 764	 iter
592	 3.303077e-04	 765	 iter
593	 3.303077e-04	 766	 iter
594	 3.302101e-04	 768	 iter
595	 3.302101e-04	 769	 iter
596	 3.300941e-04	 771	 iter
597	 3.300941e-04	 772	 iter
598	 3.300941e-04	 773	 iter
599	 3.298353e-04	 775	 iter
600	 3.298353e-04	 776	 iter
601	 3.296302e-04	 778	 iter
602	 3.296302e-04	 779	 iter
603	 3.296302e-04	 780	 iter
604	 3.296302e-04	 781	 iter
605	 3.277460e-04	 783	 iter
606	 3.277460e-04	 784	 iter
607	 3.277460e-04	 785	 iter
608	 3.277460e-04	 786	 iter
609	 3.277460e-04	 787	 iter
610	 3.277460e-04	 788	 iter
611	 3.277460e-04	 789	 iter
612	 3.277460e-04	 790	 iter
613	 3.277460e-04	 791	 iter
614	 3.277460e-04	 792	 iter
615	 3.277460e-04	 793	 iter
616	 3.266765e-04	 795	 iter
617	 3.266765e-04	 796	 iter
618	 3.266765e-04	 797	 iter
619	 3.266765e-04	 798	 iter
620	 3.261474e-04	 800	 iter
621	 3.261474e-04	 801	 iter
622	 3.261474e-04	 802	 iter
623	 3.261474e-04	 803	 iter
624	 3.261474e-04	 804	 iter
625	 3.256870e-04	 806	 iter
626	 3.249912e-04	 808	 iter
627	 3.241440e-04	 810	 iter
628	 3.241440e-04	 811	 iter
629	 3.230762e-04	 813	 iter
630	 3.230762e-04	 814	 iter
631	 3.230762e-04	 815	 iter
632	 3.230762e-04	 816	 iter
633	 3.230762e-04	 817	 iter
634	 3.230609e-04	 819	 iter
635	 3.220314e-04	 821	 iter
636	 3.193063e-04	 823	 iter
637	 3.193063e-04	 824	 iter
638	 3.193063e-04	 825	 iter
639	 3.193063e-04	 826	 iter
640	 3.193063e-04	 827	 iter
641	 3.193063e-04	 828	 iter
642	 3.193063e-04	 829	 iter
643	 3.192163e-04	 831	 iter
644	 3.192163e-04	 832	 iter
645	 3.192163e-04	 833	 iter
646	 3.169993e-04	 835	 iter
647	 3.169993e-04	 836	 iter
648	 3.131735e-04	 838	 iter
649	 3.131735e-04	 839	 iter
650	 3.131735e-04	 840	 iter
651	 3.131735e-04	 841	 iter
652	 3.131735e-04	 842	 iter
653	 3.131735e-04	 843	 iter
654	 3.131735e-04	 844	 iter
655	 3.131735e-04	 845	 iter
656	 3.129977e-04	 847	 iter
657	 3.085738e-04	 849	 iter
658	 3.085738e-04	 850	 iter
659	 3.085738e-04	 851	 iter
660	 3.085738e-04	 852	 iter
661	 3.085738e-04	 853	 iter
662	 3.042323e-04	 855	 iter
663	 3.042323e-04	 856	 iter
664	 3.042323e-04	 857	 iter
665	 3.042323e-04	 858	 iter
666	 3.042323e-04	 859	 iter
667	 2.983976e-04	 861	 iter
668	 2.983976e-04	 862	 iter
669	 2.983976e-04	 863	 iter
670	 2.983976e-04	 864	 iter
671	 2.983976e-04	 865	 iter
672	 2.937197e-04	 867	 iter
673	 2.937197e-04	 868	 iter
674	 2.937197e-04	 869	 iter
675	 2.937197e-04	 870	 iter
676	 2.937197e-04	 871	 iter
677	 2.937197e-04	 872	 iter
678	 2.937197e-04	 873	 iter
679	 2.937197e-04	 874	 iter
680	 2.937197e-04	 875	 iter
681	 2.906509e-04	 877	 iter
682	 2.906509e-04	 878	 iter
683	 2.899391e-04	 880	 iter
684	 2.832345e-04	 882	 iter
685	 2.832345e-04	 883	 iter
686	 2.832345e-04	 884	 iter
687	 2.832345e-04	 885	 iter
688	 2.832345e-04	 886	 iter
689	 2.832345e-04	 887	 iter
690	 2.832345e-04	 888	 iter
691	 2.832345e-04	 889	 iter
692	 2.819614e-04	 891	 iter
693	 2.816310e-04	 893	 iter
694	 2.816310e-04	 894	 iter
695	 2.773158e-04	 896	 iter
696	 2.773158e-04	 897	 iter
697	 2.752745e-04	 899	 iter
698	 2.752745e-04	 900	 iter
699	 2.711012e-04	 902	 iter
700	 2.711012e-04	 903	 iter
701	 2.711012e-04	 904	 iter
702	 2.711012e-04	 905	 iter
703	 2.669725e-04	 907	 iter
704	 2.669725e-04	 908	 iter
705	 2.576836e-04	 910	 iter
706	 2.576836e-04	 911	 iter
707	 2.576836e-04	 912	 iter
708	 2.576836e-04	 913	 iter
709	 2.576836e-04	 914	 iter
710	 2.542232e-04	 916	 iter
711	 2.542232e-04	 917	 iter
712	 2.489934e-04	 919	 iter
713	 2.489934e-04	 920	 iter
714	 2.489934e-04	 921	 iter
715	 2.489934e-04	 922	 iter
716	 2.489934e-04	 923	 iter
717	 2.489934e-04	 924	 iter
718	 2.489934e-04	 925	 iter
719	 2.489934e-04	 926	 iter
720	 2.489934e-04	 927	 iter
721	 2.374067e-04	 929	 iter
722	 2.374067e-04	 930	 iter
723	 2.374067e-04	 931	 iter
724	 2.374067e-04	 932	 iter
725	 2.374067e-04	 934	 iter
726	 2.374067e-04	 935	 iter
727	 2.374067e-04	 936	 iter
728	 2.374067e-04	 937	 iter
729	 2.374067e-04	 938	 iter
730	 2.374067e-04	 939	 iter
731	 2.374067e-04	 940	 iter
732	 2.321363e-04	 942	 iter
733	 2.321363e-04	 943	 iter
734	 2.290994e-04	 945	 iter
735	 2.290994e-04	 946	 iter
736	 2.290994e-04	 947	 iter
737	 2.290994e-04	 948	 iter
738	 2.271431e-04	 950	 iter
739	 2.271431e-04	 951	 iter
740	 2.271431e-04	 952	 iter
741	 2.271431e-04	 953	 iter
742	 2.271431e-04	 954	 iter
743	 2.271431e-04	 955	 iter
744	 2.271431e-04	 956	 iter
745	 2.271431e-04	 957	 iter
746	 2.150450e-04	 959	 iter
747	 2.150450e-04	 960	 iter
748	 2.150450e-04	 961	 iter
749	 2.150450e-04	 962	 iter
750	 2.150450e-04	 963	 iter
751	 2.150450e-04	 964	 iter
752	 2.150450e-04	 965	 iter
753	 2.150450e-04	 966	 iter
754	 2.122533e-04	 968	 iter
755	 2.122533e-04	 969	 iter
756	 2.122533e-04	 970	 iter
757	 2.122533e-04	 971	 iter
758	 2.087902e-04	 973	 iter
759	 2.087902e-04	 974	 iter
760	 2.040208e-04	 976	 iter
761	 2.040208e-04	 977	 iter
762	 2.029290e-04	 979	 iter
763	 2.029290e-04	 980	 iter
764	 2.021031e-04	 982	 iter
765	 2.021031e-04	 983	 iter
766	 2.021031e-04	 984	 iter
767	 2.021031e-04	 985	 iter
768	 1.968049e-04	 987	 iter
769	 1.968049e-04	 988	 iter
770	 1.968049e-04	 989	 iter
771	 1.968049e-04	 990	 iter
772	 1.968049e-04	 992	 iter
773	 1.968049e-04	 993	 iter
774	 1.968049e-04	 994	 iter
775	 1.968049e-04	 995	 iter
776	 1.942396e-04	 997	 iter
777	 1.886889e-04	 999	 iter
778	 1.886889e-04	 1000	 iter
779	 1.886889e-04	 1001	 iter
780	 1.886889e-04	 1002	 iter
781	 1.886889e-04	 1003	 iter
782	 1.886889e-04	 1004	 iter
783	 1.886889e-04	 1006	 iter
784	 1.886889e-04	 1007	 iter
785	 1.886889e-04	 1008	 iter
786	 1.722843e-04	 1010	 iter
787	 1.722843e-04	 1011	 iter
788	 1.722843e-04	 1012	 iter
789	 1.722843e-04	 1013	 iter
790	 1.722843e-04	 1014	 iter
791	 1.722843e-04	 1015	 iter
792	 1.722843e-04	 1016	 iter
793	 1.722843e-04	 1017	 iter
794	 1.722843e-04	 1018	 iter
795	 1.722843e-04	 1019	 iter
796	 1.722843e-04	 1020	 iter
797	 1.722843e-04	 1021	 iter
798	 1.722843e-04	 1022	 iter
799	 1.722843e-04	 1023	 iter
800	 1.722843e-04	 1024	 iter
801	 1.722843e-04	 1025	 iter
802	 1.650246e-04	 1027	 iter
803	 1.633085e-04	 1029	 iter
804	 1.633085e-04	 1030	 iter
805	 1.633085e-04	 1031	 iter
806	 1.607050e-04	 1033	 iter
807	 1.607050e-04	 1034	 iter
808	 1.607050e-04	 1035	 iter
809	 1.607050e-04	 1036	 iter
810	 1.607050e-04	 1037	 iter
811	 1.589837e-04	 1039	 iter
812	 1.589837e-04	 1040	 iter
813	 1.587610e-04	 1042	 iter
814	 1.561756e-04	 1044	 iter
815	 1.561756e-04	 1045	 iter
816	 1.561756e-04	 1046	 iter
817	 1.561756e-04	 1047	 iter
818	 1.561756e-04	 1048	 iter
819	 1.514280e-04	 1050	 iter
820	 1.514280e-04	 1051	 iter
821	 1.514280e-04	 1052	 iter
822	 1.514280e-04	 1053	 iter
823	 1.514280e-04	 1054	 iter
824	 1.514280e-04	 1056	 iter
825	 1.514280e-04	 1058	 iter
826	 1.514280e-04	 1059	 iter
827	 1.514280e-04	 1060	 iter
828	 1.514280e-04	 1062	 iter
829	 1.392424e-04	 1064	 iter
830	 1.392424e-04	 1065	 iter
831	 1.392424e-04	 1066	 iter
832	 1.392424e-04	 1068	 iter
833	 1.392424e-04	 1069	 iter
834	 1.392424e-04	 1070	 iter
835	 1.392424e-04	 1071	 iter
836	 1.392424e-04	 1072	 iter
837	 1.392424e-04	 1073	 iter
838	 1.392424e-04	 1074	 iter
839	 1.363279e-04	 1076	 iter
840	 1.363279e-04	 1077	 iter
841	 1.363279e-04	 1078	 iter
842	 1.363279e-04	 1079	 iter
843	 1.363279e-04	 1080	 iter
844	 1.356695e-04	 1082	 iter
845	 1.356695e-04	 1083	 iter
846	 1.356695e-04	 1084	 iter
847	 1.353850e-04	 1086	 iter
848	 1.353850e-04	 1087	 iter
849	 1.353850e-04	 1088	 iter
850	 1.345622e-04	 1090	 iter
851	 1.289573e-04	 1092	 iter
852	 1.289573e-04	 1093	 iter
853	 1.289573e-04	 1094	 iter
854	 1.289573e-04	 1096	 iter
855	 1.289573e-04	 1097	 iter
856	 1.289573e-04	 1098	 iter
857	 1.289573e-04	 1099	 iter
858	 1.256316e-04	 1101	 iter
859	 1.256316e-04	 1102	 iter
860	 1.252607e-04	 1104	 iter
861	 1.252607e-04	 1105	 iter
862	 1.252607e-04	 1106	 iter
863	 1.252607e-04	 1107	 iter
864	 1.252607e-04	 1109	 iter
865	 1.252607e-04	 1110	 iter
866	 1.252607e-04	 1111	 iter
867	 1.248964e-04	 1113	 iter
868	 1.228692e-04	 1115	 iter
869	 1.228692e-04	 1116	 iter
870	 1.214213e-04	 1118	 iter
871	 1.214213e-04	 1119	 iter
872	 1.214213e-04	 1120	 iter
873	 1.214213e-04	 1121	 iter
874	 1.214213e-04	 1123	 iter
875	 1.214213e-04	 1124	 iter
876	 1.191446e-04	 1126	 iter
877	 1.191446e-04	 1127	 iter
878	 1.191446e-04	 1128	 iter
879	 1.191446e-04	 1130	 iter
880	 1.166025e-04	 1132	 iter
881	 1.166025e-04	 1133	 iter
882	 1.166025e-04	 1134	 iter
883	 1.166025e-04	 1135	 iter
884	 1.166025e-04	 1136	 iter
885	 1.166025e-04	 1137	 iter
886	 1.166025e-04	 1139	 iter
887	 1.166025e-04	 1141	 iter
888	 1.166025e-04	 1143	 iter
889	 1.166025e-04	 1144	 iter
890	 1.166025e-04	 1145	 iter
891	 1.156245e-04	 1147	 iter
892	 1.156245e-04	 1148	 iter
893	 1.156245e-04	 1149	 iter
894	 1.156245e-04	 1150	 iter
895	 1.156245e-04	 1151	 iter
896	 1.156245e-04	 1152	 iter
897	 1.154285e-04	 1154	 iter
898	 1.154285e-04	 1155	 iter
899	 1.154285e-04	 1157	 iter
900	 1.154285e-04	 1159	 iter
901	 1.154285e-04	 1161	 iter
902	 1.154285e-04	 1163	 iter
903	 1.154285e-04	 1165	 iter
904	 1.154285e-04	 1166	 iter
905	 1.134794e-04	 1168	 iter
906	 1.130852e-04	 1170	 iter
907	 1.116066e-04	 1172	 iter
908	 1.116066e-04	 1173	 iter
909	 1.116066e-04	 1174	 iter
910	 1.116066e-04	 1176	 iter
911	 1.116066e-04	 1177	 iter
912	 1.116066e-04	 1178	 iter
913	 1.116066e-04	 1180	 iter
914	 1.116066e-04	 1181	 iter
915	 1.116066e-04	 1183	 iter
916	 1.116066e-04	 1185	 iter
917	 1.116066e-04	 1186	 iter
918	 1.116066e-04	 1187	 iter
919	 1.116066e-04	 1188	 iter
920	 1.116066e-04	 1189	 iter
921	 1.106482e-04	 1191	 iter
922	 1.106482e-04	 1192	 iter
923	 1.106482e-04	 1193	 iter
924	 1.106482e-04	 1194	 iter
925	 1.106482e-04	 1195	 iter
926	 1.106482e-04	 1197	 iter
927	 1.106482e-04	 1198	 iter
928	 1.100188e-04	 1200	 iter
929	 1.092093e-04	 1202	 iter
930	 1.092093e-04	 1203	 iter
931	 1.092093e-04	 1204	 iter
932	 1.092093e-04	 1205	 iter
933	 1.092093e-04	 1206	 iter
934	 1.092093e-04	 1207	 iter
935	 1.092093e-04	 1208	 iter
936	 1.077181e-04	 1210	 iter
937	 1.077181e-04	 1211	 iter
938	 1.077181e-04	 1212	 iter
939	 1.077181e-04	 1213	 iter
940	 1.077181e-04	 1215	 iter
941	 1.077181e-04	 1216	 iter
942	 1.077181e-04	 1217	 iter
943	 1.072466e-04	 1219	 iter
944	 1.072466e-04	 1220	 iter
945	 1.072466e-04	 1221	 iter
946	 1.072466e-04	 1222	 iter
947	 1.072466e-04	 1223	 iter
948	 1.072466e-04	 1224	 iter
949	 1.072466e-04	 1225	 iter
950	 1.064501e-04	 1227	 iter
951	 1.064501e-04	 1228	 iter
952	 1.064501e-04	 1229	 iter
953	 1.064501e-04	 1230	 iter
954	 1.064501e-04	 1231	 iter
955	 1.064501e-04	 1232	 iter
956	 1.064501e-04	 1233	 iter
957	 1.063360e-04	 1235	 iter
958	 1.063360e-04	 1236	 iter
959	 1.063360e-04	 1237	 iter
960	 1.063360e-04	 1238	 iter
961	 1.056101e-04	 1240	 iter
962	 1.056101e-04	 1241	 iter
963	 1.056101e-04	 1242	 iter
964	 1.056101e-04	 1244	 iter
965	 1.056101e-04	 1245	 iter
966	 1.056101e-04	 1246	 iter
967	 1.056101e-04	 1248	 iter
968	 1.056101e-04	 1250	 iter
969	 1.056039e-04	 1252	 iter
970	 1.056039e-04	 1253	 iter
971	 1.056039e-04	 1255	 iter
972	 1.056039e-04	 1256	 iter
973	 1.056039e-04	 1257	 iter
974	 1.055728e-04	 1259	 iter
975	 1.055728e-04	 1261	 iter
976	 1.050210e-04	 1263	 iter
977	 1.050210e-04	 1265	 iter
978	 1.050210e-04	 1266	 iter
979	 1.050210e-04	 1267	 iter
980	 1.050210e-04	 1268	 iter
981	 1.049718e-04	 1270	 iter
982	 1.049718e-04	 1271	 iter
983	 1.047435e-04	 1273	 iter
984	 1.047435e-04	 1275	 iter
985	 1.047435e-04	 1276	 iter
986	 1.047435e-04	 1277	 iter
987	 1.047435e-04	 1278	 iter
988	 1.047435e-04	 1279	 iter
989	 1.047435e-04	 1281	 iter
990	 1.047435e-04	 1282	 iter
991	 1.047435e-04	 1283	 iter
992	 1.047435e-04	 1284	 iter
993	 1.044881e-04	 1286	 iter
994	 1.044881e-04	 1288	 iter
995	 1.041052e-04	 1290	 iter
996	 1.041052e-04	 1291	 iter
997	 1.038058e-04	 1293	 iter
998	 1.038058e-04	 1294	 iter
999	 1.038058e-04	 1296	 iter
1000	 1.038058e-04	 1298	 iter
1001	 1.038058e-04	 1299	 iter
1002	 1.038058e-04	 1300	 iter
1003	 1.038058e-04	 1302	 iter
1004	 1.038058e-04	 1303	 iter
1005	 1.038058e-04	 1305	 iter
1006	 1.037099e-04	 1307	 iter
1007	 1.037099e-04	 1308	 iter
1008	 1.037099e-04	 1309	 iter
1009	 1.037099e-04	 1310	 iter
1010	 1.037099e-04	 1312	 iter
1011	 1.037099e-04	 1313	 iter
1012	 1.037099e-04	 1314	 iter
1013	 1.037099e-04	 1315	 iter
1014	 1.037099e-04	 1316	 iter
1015	 1.037099e-04	 1318	 iter
1016	 1.037099e-04	 1319	 iter
1017	 1.037099e-04	 1320	 iter
1018	 1.032566e-04	 1322	 iter
1019	 1.032566e-04	 1323	 iter
1020	 1.032566e-04	 1324	 iter
1021	 1.032566e-04	 1325	 iter
1022	 1.032566e-04	 1326	 iter
1023	 1.028471e-04	 1328	 iter
1024	 1.028471e-04	 1329	 iter
1025	 1.028471e-04	 1330	 iter
1026	 1.028471e-04	 1331	 iter
1027	 1.028471e-04	 1332	 iter
1028	 1.028471e-04	 1333	 iter
1029	 1.028471e-04	 1334	 iter
1030	 1.018864e-04	 1336	 iter
1031	 1.018864e-04	 1337	 iter
1032	 1.018864e-04	 1338	 iter
1033	 1.018864e-04	 1339	 iter
1034	 1.018864e-04	 1340	 iter
1035	 1.018864e-04	 1341	 iter
1036	 1.018864e-04	 1342	 iter
1037	 1.018864e-04	 1343	 iter
1038	 1.018864e-04	 1344	 iter
1039	 1.018864e-04	 1345	 iter
1040	 1.011226e-04	 1347	 iter
1041	 1.011226e-04	 1348	 iter
1042	 1.011226e-04	 1349	 iter
1043	 1.011226e-04	 1350	 iter
1044	 1.011226e-04	 1351	 iter
1045	 1.011226e-04	 1352	 iter
1046	 1.011226e-04	 1353	 iter
1047	 1.011226e-04	 1354	 iter
1048	 1.011226e-04	 1355	 iter
1049	 1.011226e-04	 1356	 iter
1050	 1.011226e-04	 1357	 iter
1051	 1.011226e-04	 1358	 iter
1052	 1.011226e-04	 1359	 iter
1053	 1.011226e-04	 1360	 iter
1054	 1.004668e-04	 1362	 iter
1055	 1.004668e-04	 1363	 iter
1056	 1.004668e-04	 1364	 iter
1057	 1.004668e-04	 1365	 iter
1058	 1.004668e-04	 1366	 iter
1059	 1.004668e-04	 1367	 iter
1060	 1.004668e-04	 1368	 iter
1061	 1.001694e-04	 1370	 iter
1062	 1.001694e-04	 1371	 iter
1063	 1.001694e-04	 1372	 iter
1064	 1.001694e-04	 1373	 iter
1065	 1.001694e-04	 1374	 iter
1066	 9.999203e-05	 1376	 iter
1067	 9.999203e-05	 1377	 iter
1068	 9.896559e-05	 1379	 iter
1069	 9.896559e-05	 1380	 iter
1070	 9.896559e-05	 1381	 iter
1071	 9.896559e-05	 1382	 iter
1072	 9.822753e-05	 1384	 iter
1073	 9.822753e-05	 1385	 iter
1074	 9.822753e-05	 1386	 iter
1075	 9.822753e-05	 1387	 iter
1076	 9.822753e-05	 1388	 iter
1077	 9.822753e-05	 1389	 iter
1078	 9.822753e-05	 1390	 iter
1079	 9.822753e-05	 1391	 iter
1080	 9.800914e-05	 1393	 iter
1081	 9.800914e-05	 1394	 iter
1082	 9.800914e-05	 1395	 iter
1083	 9.773337e-05	 1397	 iter
1084	 9.750573e-05	 1399	 iter
1085	 9.601435e-05	 1401	 iter
1086	 9.601435e-05	 1402	 iter
1087	 9.601435e-05	 1403	 iter
1088	 9.601435e-05	 1404	 iter
1089	 9.601435e-05	 1405	 iter
1090	 9.601435e-05	 1406	 iter
1091	 9.601435e-05	 1407	 iter
1092	 9.601435e-05	 1408	 iter
1093	 9.601435e-05	 1409	 iter
1094	 9.593332e-05	 1411	 iter
1095	 9.593332e-05	 1412	 iter
1096	 9.593332e-05	 1413	 iter
1097	 9.593332e-05	 1414	 iter
1098	 9.548717e-05	 1416	 iter
1099	 9.548717e-05	 1417	 iter
1100	 9.548717e-05	 1418	 iter
1101	 9.358172e-05	 1420	 iter
1102	 9.358172e-05	 1421	 iter
1103	 9.358172e-05	 1422	 iter
1104	 9.358172e-05	 1423	 iter
1105	 9.358172e-05	 1424	 iter
1106	 9.358172e-05	 1425	 iter
1107	 9.358172e-05	 1426	 iter
1108	 9.358172e-05	 1427	 iter
1109	 9.358172e-05	 1428	 iter
1110	 9.358172e-05	 1429	 iter
1111	 9.358172e-05	 1430	 iter
1112	 9.358172e-05	 1431	 iter
1113	 9.358172e-05	 1432	 iter
1114	 9.126551e-05	 1434	 iter
1115	 9.126551e-05	 1435	 iter
1116	 9.126551e-05	 1436	 iter
1117	 9.126551e-05	 1437	 iter
1118	 9.126551e-05	 1438	 iter
1119	 9.126551e-05	 1439	 iter
1120	 9.126551e-05	 1440	 iter
1121	 9.126551e-05	 1441	 iter
1122	 9.126551e-05	 1442	 iter
1123	 9.126551e-05	 1443	 iter
1124	 9.126551e-05	 1444	 iter
1125	 9.126551e-05	 1445	 iter
1126	 9.126551e-05	 1446	 iter
1127	 9.097174e-05	 1448	 iter
1128	 8.991478e-05	 1450	 iter
1129	 8.991478e-05	 1451	 iter
1130	 8.955650e-05	 1453	 iter
1131	 8.728998e-05	 1455	 iter
1132	 8.728998e-05	 1456	 iter
1133	 8.728998e-05	 1457	 iter
1134	 8.728998e-05	 1458	 iter
1135	 8.728998e-05	 1459	 iter
1136	 8.728998e-05	 1460	 iter
1137	 8.728998e-05	 1461	 iter
1138	 8.728998e-05	 1462	 iter
1139	 8.728998e-05	 1463	 iter
1140	 8.700861e-05	 1465	 iter
1141	 8.700861e-05	 1466	 iter
1142	 8.552147e-05	 1468	 iter
1143	 8.481895e-05	 1470	 iter
1144	 8.481895e-05	 1471	 iter
1145	 8.481895e-05	 1472	 iter
1146	 8.481895e-05	 1473	 iter
1147	 8.481895e-05	 1474	 iter
1148	 8.481895e-05	 1475	 iter
1149	 8.242209e-05	 1477	 iter
1150	 8.242209e-05	 1478	 iter
1151	 8.242209e-05	 1479	 iter
1152	 8.242209e-05	 1480	 iter
1153	 8.242209e-05	 1481	 iter
1154	 8.242209e-05	 1482	 iter
1155	 8.106818e-05	 1484	 iter
1156	 8.106818e-05	 1485	 iter
1157	 8.106818e-05	 1486	 iter
1158	 7.953803e-05	 1488	 iter
1159	 7.524061e-05	 1490	 iter
1160	 7.524061e-05	 1491	 iter
1161	 7.524061e-05	 1492	 iter
1162	 7.524061e-05	 1493	 iter
1163	 7.524061e-05	 1494	 iter
1164	 7.524061e-05	 1495	 iter
1165	 7.524061e-05	 1496	 iter
1166	 7.524061e-05	 1497	 iter
1167	 7.524061e-05	 1498	 iter
1168	 7.524061e-05	 1499	 iter
1169	 7.351655e-05	 1501	 iter
1170	 7.351655e-05	 1502	 iter
1171	 7.351655e-05	 1503	 iter
1172	 7.351655e-05	 1505	 iter
1173	 7.351655e-05	 1506	 iter
1174	 7.259309e-05	 1508	 iter
1175	 7.259309e-05	 1509	 iter
1176	 7.259309e-05	 1510	 iter
1177	 7.259309e-05	 1511	 iter
1178	 7.259309e-05	 1512	 iter
1179	 7.259309e-05	 1513	 iter
1180	 7.065726e-05	 1515	 iter
1181	 7.065726e-05	 1516	 iter
1182	 6.653888e-05	 1518	 iter
1183	 6.653888e-05	 1519	 iter
1184	 6.653888e-05	 1520	 iter
1185	 6.653888e-05	 1521	 iter
1186	 6.575411e-05	 1523	 iter
1187	 6.575411e-05	 1524	 iter
1188	 6.575411e-05	 1525	 iter
1189	 6.575411e-05	 1526	 iter
1190	 6.575411e-05	 1527	 iter
1191	 6.575411e-05	 1528	 iter
1192	 6.507578e-05	 1530	 iter
1193	 6.379974e-05	 1532	 iter
1194	 6.379974e-05	 1533	 iter
1195	 6.379974e-05	 1534	 iter
1196	 6.188351e-05	 1536	 iter
1197	 6.183470e-05	 1538	 iter
1198	 6.183470e-05	 1539	 iter
1199	 6.089663e-05	 1541	 iter
1200	 6.046006e-05	 1543	 iter
1201	 6.046006e-05	 1544	 iter
1202	 6.046006e-05	 1545	 iter
1203	 6.046006e-05	 1546	 iter
1204	 6.046006e-05	 1547	 iter
1205	 5.951879e-05	 1549	 iter
1206	 5.951879e-05	 1551	 iter
1207	 5.939857e-05	 1553	 iter
1208	 5.939857e-05	 1554	 iter
1209	 5.939857e-05	 1555	 iter
1210	 5.939857e-05	 1556	 iter
1211	 5.939857e-05	 1557	 iter
1212	 5.939857e-05	 1558	 iter
1213	 5.939857e-05	 1559	 iter
1214	 5.939857e-05	 1561	 iter
1215	 5.926108e-05	 1563	 iter
1216	 5.857490e-05	 1565	 iter
1217	 5.816521e-05	 1567	 iter
1218	 5.470307e-05	 1569	 iter
1219	 5.470307e-05	 1570	 iter
1220	 5.470307e-05	 1571	 iter
1221	 5.470307e-05	 1572	 iter
1222	 5.470307e-05	 1573	 iter
1223	 5.470307e-05	 1574	 iter
1224	 5.470307e-05	 1575	 iter
1225	 5.446540e-05	 1577	 iter
1226	 5.446540e-05	 1579	 iter
1227	 5.446540e-05	 1580	 iter
1228	 5.446540e-05	 1581	 iter
1229	 5.446540e-05	 1582	 iter
1230	 5.446540e-05	 1583	 iter
1231	 5.446540e-05	 1584	 iter
1232	 5.446540e-05	 1585	 iter
1233	 5.389648e-05	 1587	 iter
1234	 5.389648e-05	 1588	 iter
1235	 5.389648e-05	 1589	 iter
1236	 5.389648e-05	 1590	 iter
1237	 5.389648e-05	 1591	 iter
1238	 5.389648e-05	 1592	 iter
1239	 5.389648e-05	 1593	 iter
1240	 5.142939e-05	 1595	 iter
1241	 5.142939e-05	 1596	 iter
1242	 5.142939e-05	 1597	 iter
1243	 5.142939e-05	 1599	 iter
1244	 5.142939e-05	 1600	 iter
1245	 5.142939e-05	 1601	 iter
1246	 5.142939e-05	 1602	 iter
1247	 5.142939e-05	 1603	 iter
1248	 5.142939e-05	 1604	 iter
1249	 5.142939e-05	 1605	 iter
1250	 5.142939e-05	 1606	 iter
1251	 5.142939e-05	 1607	 iter
1252	 5.142939e-05	 1608	 iter
1253	 5.142939e-05	 1610	 iter
1254	 5.065365e-05	 1612	 iter
1255	 5.065365e-05	 1613	 iter
1256	 5.019684e-05	 1615	 iter
1257	 5.019684e-05	 1616	 iter
1258	 5.019684e-05	 1617	 iter
1259	 5.019684e-05	 1618	 iter
1260	 5.019684e-05	 1620	 iter
1261	 5.019684e-05	 1621	 iter
1262	 5.019684e-05	 1622	 iter
1263	 5.019684e-05	 1623	 iter
1264	 5.019684e-05	 1624	 iter
1265	 5.019684e-05	 1625	 iter
1266	 5.019684e-05	 1626	 iter
1267	 5.019684e-05	 1628	 iter
1268	 5.019684e-05	 1629	 iter
1269	 5.019684e-05	 1631	 iter
1270	 5.019684e-05	 1633	 iter
1271	 5.019684e-05	 1634	 iter
1272	 5.019684e-05	 1635	 iter
1273	 4.918464e-05	 1637	 iter
1274	 4.918464e-05	 1639	 iter
1275	 4.918464e-05	 1641	 iter
1276	 4.918464e-05	 1642	 iter
1277	 4.918464e-05	 1643	 iter
1278	 4.918464e-05	 1644	 iter
1279	 4.918464e-05	 1645	 iter
1280	 4.918464e-05	 1647	 iter
1281	 4.918464e-05	 1648	 iter
1282	 4.918464e-05	 1650	 iter
1283	 4.918464e-05	 1651	 iter
1284	 4.918464e-05	 1652	 iter
1285	 4.918464e-05	 1653	 iter
1286	 4.918464e-05	 1654	 iter
1287	 4.881629e-05	 1656	 iter
1288	 4.881629e-05	 1657	 iter
1289	 4.881629e-05	 1658	 iter
1290	 4.881629e-05	 1659	 iter
1291	 4.881629e-05	 1660	 iter
1292	 4.881629e-05	 1661	 iter
1293	 4.881629e-05	 1662	 iter
1294	 4.881629e-05	 1663	 iter
1295	 4.881629e-05	 1665	 iter
1296	 4.881629e-05	 1666	 iter
1297	 4.881629e-05	 1667	 iter
1298	 4.881629e-05	 1668	 iter
1299	 4.859781e-05	 1670	 iter
1300	 4.838763e-05	 1672	 iter
1301	 4.838763e-05	 1673	 iter
1302	 4.838763e-05	 1675	 iter
1303	 4.838763e-05	 1676	 iter
1304	 4.838763e-05	 1677	 iter
1305	 4.838763e-05	 1679	 iter
1306	 4.838763e-05	 1681	 iter
1307	 4.838763e-05	 1682	 iter
1308	 4.838763e-05	 1684	 iter
1309	 4.838763e-05	 1685	 iter
1310	 4.838763e-05	 1686	 iter
1311	 4.838763e-05	 1687	 iter
1312	 4.838763e-05	 1688	 iter
1313	 4.838763e-05	 1689	 iter
1314	 4.838763e-05	 1691	 iter
1315	 4.838763e-05	 1692	 iter
1316	 4.838763e-05	 1693	 iter
1317	 4.838763e-05	 1694	 iter
1318	 4.838763e-05	 1695	 iter
1319	 4.838763e-05	 1697	 iter
1320	 4.838763e-05	 1698	 iter
1321	 4.838763e-05	 1699	 iter
1322	 4.838763e-05	 1700	 iter
1323	 4.837210e-05	 1702	 iter
1324	 4.836522e-05	 1704	 iter
1325	 4.836522e-05	 1705	 iter
1326	 4.836522e-05	 1706	 iter
1327	 4.836522e-05	 1707	 iter
1328	 4.830899e-05	 1709	 iter
1329	 4.830105e-05	 1711	 iter
1330	 4.829926e-05	 1713	 iter
1331	 4.829926e-05	 1714	 iter
1332	 4.829926e-05	 1715	 iter
1333	 4.829926e-05	 1716	 iter
1334	 4.824274e-05	 1718	 iter
1335	 4.824274e-05	 1719	 iter
1336	 4.819051e-05	 1721	 iter
1337	 4.819051e-05	 1723	 iter
1338	 4.819051e-05	 1724	 iter
1339	 4.817069e-05	 1726	 iter
1340	 4.817069e-05	 1727	 iter
1341	 4.817069e-05	 1728	 iter
1342	 4.817069e-05	 1730	 iter
1343	 4.817069e-05	 1732	 iter
1344	 4.817069e-05	 1734	 iter
1345	 4.817069e-05	 1736	 iter
1346	 4.817036e-05	 1738	 iter
1347	 4.815603e-05	 1740	 iter
1348	 4.814874e-05	 1742	 iter
1349	 4.814874e-05	 1744	 iter
1350	 4.814874e-05	 1746	 iter
1351	 4.810970e-05	 1748	 iter
1352	 4.810970e-05	 1749	 iter
1353	 4.810970e-05	 1751	 iter
1354	 4.809637e-05	 1753	 iter
1355	 4.808912e-05	 1755	 iter
1356	 4.808912e-05	 1756	 iter
1357	 4.806742e-05	 1758	 iter
1358	 4.806742e-05	 1759	 iter
1359	 4.806742e-05	 1760	 iter
1360	 4.806742e-05	 1761	 iter
1361	 4.806742e-05	 1762	 iter
1362	 4.806742e-05	 1763	 iter
1363	 4.806742e-05	 1764	 iter
1364	 4.806742e-05	 1765	 iter
1365	 4.806742e-05	 1766	 iter
1366	 4.806653e-05	 1768	 iter
1367	 4.806195e-05	 1770	 iter
1368	 4.806195e-05	 1772	 iter
1369	 4.805952e-05	 1774	 iter
1370	 4.805952e-05	 1775	 iter
1371	 4.805952e-05	 1776	 iter
1372	 4.805952e-05	 1777	 iter
1373	 4.805952e-05	 1778	 iter
1374	 4.804710e-05	 1780	 iter
1375	 4.804710e-05	 1781	 iter
1376	 4.804243e-05	 1783	 iter
1377	 4.804243e-05	 1784	 iter
1378	 4.803998e-05	 1786	 iter
1379	 4.803722e-05	 1788	 iter
1380	 4.803722e-05	 1790	 iter
1381	 4.803548e-05	 1792	 iter
1382	 4.803548e-05	 1794	 iter
1383	 4.803504e-05	 1796	 iter
1384	 4.803504e-05	 1798	 iter
1385	 4.803504e-05	 1799	 iter
1386	 4.802990e-05	 1801	 iter
1387	 4.802713e-05	 1803	 iter
1388	 4.802713e-05	 1805	 iter
1389	 4.802713e-05	 1807	 iter
1390	 4.802713e-05	 1808	 iter
1391	 4.802713e-05	 1809	 iter
1392	 4.802713e-05	 1810	 iter
1393	 4.802433e-05	 1812	 iter
1394	 4.802433e-05	 1814	 iter
1395	 4.802433e-05	 1815	 iter
1396	 4.802167e-05	 1817	 iter
1397	 4.802167e-05	 1819	 iter
1398	 4.802167e-05	 1821	 iter
1399	 4.802167e-05	 1823	 iter
1400	 4.801615e-05	 1825	 iter
1401	 4.801615e-05	 1826	 iter
1402	 4.801615e-05	 1827	 iter
1403	 4.801615e-05	 1829	 iter
1404	 4.801615e-05	 1831	 iter
1405	 4.801615e-05	 1832	 iter
1406	 4.801615e-05	 1834	 iter
1407	 4.801615e-05	 1836	 iter
1408	 4.801615e-05	 1837	 iter
1409	 4.801615e-05	 1838	 iter
1410	 4.801615e-05	 1839	 iter
1411	 4.801615e-05	 1840	 iter
1412	 4.801615e-05	 1842	 iter
1413	 4.801511e-05	 1844	 iter
1414	 4.801498e-05	 1846	 iter
1415	 4.801498e-05	 1848	 iter
1416	 4.801498e-05	 1849	 iter
1417	 4.801498e-05	 1850	 iter
1418	 4.801421e-05	 1852	 iter
1419	 4.801421e-05	 1854	 iter
1420	 4.800922e-05	 1856	 iter
1421	 4.800922e-05	 1857	 iter
1422	 4.800922e-05	 1858	 iter
1423	 4.800922e-05	 1860	 iter
1424	 4.800922e-05	 1861	 iter
1425	 4.800922e-05	 1862	 iter
1426	 4.800728e-05	 1864	 iter
1427	 4.800728e-05	 1865	 iter
1428	 4.800728e-05	 1867	 iter
1429	 4.800627e-05	 1869	 iter
1430	 4.800627e-05	 1871	 iter
1431	 4.800627e-05	 1872	 iter
1432	 4.800627e-05	 1873	 iter
1433	 4.800102e-05	 1875	 iter
1434	 4.800102e-05	 1876	 iter
1435	 4.800102e-05	 1877	 iter
1436	 4.800102e-05	 1878	 iter
1437	 4.800102e-05	 1879	 iter
1438	 4.800102e-05	 1880	 iter
1439	 4.800102e-05	 1881	 iter
1440	 4.800102e-05	 1882	 iter
1441	 4.800095e-05	 1884	 iter
1442	 4.800095e-05	 1885	 iter
1443	 4.800095e-05	 1886	 iter
1444	 4.800095e-05	 1887	 iter
1445	 4.799026e-05	 1889	 iter
1446	 4.799026e-05	 1890	 iter
1447	 4.799026e-05	 1891	 iter
1448	 4.799026e-05	 1892	 iter
1449	 4.799026e-05	 1893	 iter
1450	 4.799026e-05	 1894	 iter
1451	 4.799026e-05	 1895	 iter
1452	 4.799026e-05	 1896	 iter
1453	 4.799026e-05	 1897	 iter
1454	 4.799026e-05	 1898	 iter
1455	 4.799026e-05	 1899	 iter
1456	 4.799026e-05	 1900	 iter
1457	 4.799026e-05	 1901	 iter
1458	 4.799026e-05	 1902	 iter
1459	 4.799026e-05	 1903	 iter
1460	 4.799026e-05	 1904	 iter
1461	 4.799026e-05	 1905	 iter
1462	 4.799026e-05	 1906	 iter
1463	 4.799026e-05	 1907	 iter
1464	 4.799026e-05	 1908	 iter
1465	 4.799026e-05	 1909	 iter
1466	 4.799026e-05	 1910	 iter
1467	 4.798130e-05	 1912	 iter
1468	 4.798130e-05	 1913	 iter
1469	 4.798130e-05	 1914	 iter
1470	 4.798130e-05	 1915	 iter
1471	 4.797405e-05	 1917	 iter
1472	 4.797405e-05	 1918	 iter
1473	 4.797405e-05	 1919	 iter
1474	 4.797405e-05	 1920	 iter
1475	 4.797405e-05	 1921	 iter
1476	 4.797405e-05	 1922	 iter
1477	 4.797405e-05	 1923	 iter
1478	 4.797405e-05	 1924	 iter
1479	 4.797405e-05	 1925	 iter
1480	 4.797405e-05	 1926	 iter
1481	 4.796851e-05	 1928	 iter
1482	 4.796851e-05	 1929	 iter
1483	 4.796851e-05	 1930	 iter
1484	 4.795753e-05	 1932	 iter
1485	 4.795753e-05	 1933	 iter
1486	 4.795753e-05	 1934	 iter
1487	 4.795753e-05	 1935	 iter
1488	 4.795753e-05	 1936	 iter
1489	 4.795753e-05	 1937	 iter
1490	 4.795753e-05	 1938	 iter
1491	 4.795753e-05	 1939	 iter
1492	 4.795753e-05	 1940	 iter
1493	 4.795531e-05	 1942	 iter
1494	 4.795271e-05	 1944	 iter
1495	 4.795126e-05	 1946	 iter
1496	 4.795053e-05	 1948	 iter
1497	 4.794936e-05	 1950	 iter
1498	 4.794936e-05	 1951	 iter
1499	 4.794936e-05	 1952	 iter
1500	 4.792519e-05	 1954	 iter
1501	 4.792519e-05	 1955	 iter
1502	 4.792519e-05	 1956	 iter
1503	 4.792519e-05	 1957	 iter
1504	 4.792519e-05	 1958	 iter
1505	 4.792519e-05	 1959	 iter
1506	 4.792519e-05	 1960	 iter
1507	 4.792519e-05	 1961	 iter
1508	 4.792519e-05	 1962	 iter
1509	 4.791018e-05	 1964	 iter
1510	 4.791018e-05	 1965	 iter
1511	 4.791018e-05	 1966	 iter
1512	 4.791018e-05	 1967	 iter
1513	 4.791018e-05	 1968	 iter
1514	 4.791018e-05	 1969	 iter
1515	 4.790718e-05	 1971	 iter
1516	 4.788340e-05	 1973	 iter
1517	 4.788340e-05	 1974	 iter
1518	 4.788340e-05	 1975	 iter
1519	 4.788340e-05	 1976	 iter
1520	 4.788340e-05	 1977	 iter
1521	 4.786039e-05	 1979	 iter
1522	 4.786039e-05	 1980	 iter
1523	 4.786039e-05	 1981	 iter
1524	 4.786039e-05	 1982	 iter
1525	 4.786039e-05	 1983	 iter
1526	 4.786039e-05	 1984	 iter
1527	 4.784408e-05	 1986	 iter
1528	 4.784408e-05	 1987	 iter
1529	 4.781014e-05	 1989	 iter
1530	 4.781014e-05	 1990	 iter
1531	 4.781014e-05	 1991	 iter
1532	 4.781014e-05	 1992	 iter
1533	 4.781014e-05	 1993	 iter
1534	 4.781014e-05	 1994	 iter
1535	 4.778283e-05	 1996	 iter
1536	 4.778283e-05	 1997	 iter
1537	 4.778283e-05	 1998	 iter
1538	 4.776426e-05	 2000	 iter
1539	 4.776426e-05	 2001	 iter
1540	 4.776426e-05	 2002	 iter
1541	 4.772997e-05	 2004	 iter
1542	 4.772997e-05	 2005	 iter
1543	 4.772997e-05	 2006	 iter
1544	 4.765055e-05	 2008	 iter
1545	 4.765055e-05	 2009	 iter
1546	 4.765055e-05	 2010	 iter
1547	 4.765055e-05	 2011	 iter
1548	 4.765055e-05	 2012	 iter
1549	 4.765055e-05	 2013	 iter
1550	 4.765055e-05	 2014	 iter
1551	 4.765055e-05	 2015	 iter
1552	 4.765055e-05	 2016	 iter
1553	 4.760952e-05	 2018	 iter
1554	 4.760952e-05	 2019	 iter
1555	 4.751592e-05	 2021	 iter
1556	 4.751592e-05	 2022	 iter
1557	 4.751592e-05	 2023	 iter
1558	 4.751592e-05	 2024	 iter
1559	 4.751592e-05	 2025	 iter
1560	 4.751592e-05	 2026	 iter
1561	 4.751592e-05	 2027	 iter
1562	 4.751592e-05	 2028	 iter
1563	 4.751592e-05	 2029	 iter
1564	 4.743990e-05	 2031	 iter
1565	 4.743990e-05	 2032	 iter
1566	 4.743990e-05	 2033	 iter
1567	 4.743990e-05	 2034	 iter
1568	 4.737897e-05	 2036	 iter
1569	 4.737897e-05	 2037	 iter
1570	 4.737897e-05	 2038	 iter
1571	 4.737897e-05	 2039	 iter
1572	 4.737897e-05	 2040	 iter
1573	 4.737897e-05	 2041	 iter
1574	 4.726246e-05	 2043	 iter
1575	 4.726246e-05	 2044	 iter
1576	 4.726246e-05	 2045	 iter
1577	 4.726246e-05	 2046	 iter
1578	 4.726246e-05	 2047	 iter
1579	 4.726246e-05	 2048	 iter
1580	 4.726246e-05	 2049	 iter
1581	 4.726246e-05	 2050	 iter
1582	 4.721447e-05	 2052	 iter
1583	 4.721447e-05	 2053	 iter
1584	 4.721447e-05	 2054	 iter
1585	 4.706056e-05	 2056	 iter
1586	 4.706056e-05	 2057	 iter
1587	 4.706056e-05	 2058	 iter
1588	 4.706056e-05	 2059	 iter
1589	 4.706056e-05	 2060	 iter
1590	 4.706056e-05	 2061	 iter
1591	 4.706056e-05	 2062	 iter
1592	 4.706056e-05	 2063	 iter
1593	 4.706056e-05	 2064	 iter
1594	 4.706056e-05	 2065	 iter
1595	 4.706056e-05	 2066	 iter
1596	 4.706056e-05	 2067	 iter
1597	 4.706056e-05	 2068	 iter
1598	 4.706056e-05	 2069	 iter
1599	 4.706056e-05	 2070	 iter
1600	 4.700170e-05	 2072	 iter
1601	 4.700170e-05	 2073	 iter
1602	 4.690945e-05	 2075	 iter
1603	 4.690945e-05	 2076	 iter
1604	 4.690945e-05	 2077	 iter
1605	 4.690945e-05	 2078	 iter
1606	 4.690945e-05	 2079	 iter
1607	 4.690945e-05	 2080	 iter
1608	 4.690945e-05	 2081	 iter
1609	 4.690945e-05	 2082	 iter
1610	 4.690736e-05	 2084	 iter
1611	 4.671270e-05	 2086	 iter
1612	 4.671270e-05	 2087	 iter
1613	 4.671270e-05	 2088	 iter
1614	 4.671270e-05	 2089	 iter
1615	 4.671270e-05	 2090	 iter
1616	 4.671270e-05	 2091	 iter
1617	 4.671270e-05	 2092	 iter
1618	 4.661262e-05	 2094	 iter
1619	 4.661262e-05	 2095	 iter
1620	 4.661262e-05	 2096	 iter
1621	 4.661262e-05	 2097	 iter
1622	 4.661262e-05	 2098	 iter
1623	 4.653035e-05	 2100	 iter
1624	 4.653035e-05	 2101	 iter
1625	 4.633547e-05	 2103	 iter
1626	 4.633547e-05	 2104	 iter
1627	 4.633547e-05	 2105	 iter
1628	 4.633547e-05	 2106	 iter
1629	 4.633547e-05	 2107	 iter
1630	 4.633547e-05	 2108	 iter
1631	 4.618984e-05	 2110	 iter
1632	 4.618984e-05	 2111	 iter
1633	 4.618984e-05	 2112	 iter
1634	 4.618984e-05	 2113	 iter
1635	 4.618984e-05	 2114	 iter
1636	 4.618984e-05	 2115	 iter
1637	 4.606609e-05	 2117	 iter
1638	 4.606609e-05	 2118	 iter
1639	 4.589552e-05	 2120	 iter
1640	 4.589552e-05	 2121	 iter
1641	 4.589552e-05	 2122	 iter
1642	 4.589552e-05	 2123	 iter
1643	 4.589552e-05	 2124	 iter
1644	 4.572379e-05	 2126	 iter
1645	 4.572379e-05	 2127	 iter
1646	 4.572379e-05	 2128	 iter
1647	 4.572379e-05	 2129	 iter
1648	 4.572379e-05	 2130	 iter
1649	 4.572379e-05	 2131	 iter
1650	 4.563395e-05	 2133	 iter
1651	 4.563395e-05	 2134	 iter
1652	 4.563395e-05	 2135	 iter
1653	 4.563395e-05	 2136	 iter
1654	 4.563395e-05	 2137	 iter
1655	 4.551355e-05	 2139	 iter
1656	 4.545827e-05	 2141	 iter
1657	 4.545827e-05	 2142	 iter
1658	 4.541433e-05	 2144	 iter
1659	 4.541433e-05	 2145	 iter
1660	 4.541433e-05	 2146	 iter
1661	 4.534993e-05	 2148	 iter
1662	 4.534993e-05	 2149	 iter
1663	 4.534993e-05	 2150	 iter
1664	 4.534993e-05	 2151	 iter
1665	 4.534993e-05	 2152	 iter
1666	 4.534993e-05	 2153	 iter
1667	 4.534993e-05	 2154	 iter
1668	 4.529856e-05	 2156	 iter
1669	 4.529856e-05	 2157	 iter
1670	 4.524871e-05	 2159	 iter
1671	 4.524871e-05	 2160	 iter
1672	 4.524871e-05	 2161	 iter
1673	 4.520554e-05	 2163	 iter
1674	 4.520554e-05	 2164	 iter
1675	 4.520554e-05	 2165	 iter
1676	 4.520554e-05	 2166	 iter
1677	 4.520554e-05	 2167	 iter
1678	 4.517176e-05	 2169	 iter
1679	 4.514450e-05	 2171	 iter
1680	 4.514450e-05	 2173	 iter
1681	 4.514450e-05	 2174	 iter
1682	 4.510126e-05	 2176	 iter
1683	 4.510126e-05	 2177	 iter
1684	 4.507695e-05	 2179	 iter
1685	 4.507695e-05	 2181	 iter
1686	 4.507695e-05	 2182	 iter
1687	 4.503134e-05	 2184	 iter
1688	 4.503134e-05	 2185	 iter
1689	 4.503134e-05	 2186	 iter
1690	 4.499141e-05	 2188	 iter
1691	 4.499141e-05	 2190	 iter
1692	 4.499141e-05	 2191	 iter
1693	 4.499141e-05	 2193	 iter
1694	 4.499141e-05	 2194	 iter
1695	 4.499141e-05	 2195	 iter
1696	 4.499141e-05	 2196	 iter
1697	 4.499141e-05	 2197	 iter
1698	 4.498424e-05	 2199	 iter
1699	 4.498424e-05	 2200	 iter
1700	 4.498424e-05	 2201	 iter
1701	 4.498424e-05	 2202	 iter
1702	 4.498424e-05	 2203	 iter
1703	 4.498424e-05	 2204	 iter
1704	 4.498424e-05	 2206	 iter
1705	 4.498424e-05	 2207	 iter
1706	 4.498152e-05	 2209	 iter
1707	 4.498152e-05	 2210	 iter
1708	 4.492261e-05	 2212	 iter
1709	 4.492261e-05	 2214	 iter
1710	 4.492261e-05	 2215	 iter
1711	 4.492261e-05	 2217	 iter
1712	 4.492261e-05	 2219	 iter
1713	 4.492261e-05	 2220	 iter
1714	 4.492261e-05	 2222	 iter
1715	 4.492261e-05	 2224	 iter
1716	 4.492261e-05	 2225	 iter
1717	 4.492261e-05	 2226	 iter
1718	 4.492261e-05	 2227	 iter
1719	 4.492261e-05	 2228	 iter
1720	 4.492261e-05	 2229	 iter
1721	 4.492261e-05	 2231	 iter
1722	 4.492261e-05	 2233	 iter
1723	 4.492261e-05	 2234	 iter
1724	 4.490895e-05	 2236	 iter
1725	 4.490895e-05	 2237	 iter
1726	 4.489555e-05	 2239	 iter
1727	 4.489555e-05	 2240	 iter
1728	 4.489555e-05	 2242	 iter
1729	 4.488843e-05	 2244	 iter
1730	 4.488843e-05	 2245	 iter
1731	 4.488843e-05	 2247	 iter
1732	 4.488843e-05	 2249	 iter
1733	 4.488841e-05	 2251	 iter
1734	 4.488841e-05	 2252	 iter
1735	 4.488841e-05	 2253	 iter
1736	 4.485735e-05	 2255	 iter
1737	 4.483843e-05	 2257	 iter
1738	 4.483843e-05	 2258	 iter
1739	 4.483843e-05	 2259	 iter
1740	 4.483843e-05	 2260	 iter
1741	 4.483843e-05	 2262	 iter
1742	 4.483843e-05	 2264	 iter
1743	 4.483843e-05	 2265	 iter
1744	 4.483843e-05	 2266	 iter
1745	 4.483843e-05	 2267	 iter
1746	 4.483843e-05	 2268	 iter
1747	 4.483843e-05	 2269	 iter
1748	 4.483843e-05	 2271	 iter
1749	 4.482048e-05	 2273	 iter
1750	 4.482048e-05	 2274	 iter
1751	 4.482048e-05	 2275	 iter
1752	 4.482048e-05	 2276	 iter
1753	 4.482048e-05	 2277	 iter
1754	 4.482048e-05	 2278	 iter
1755	 4.482048e-05	 2280	 iter
1756	 4.482048e-05	 2281	 iter
1757	 4.482048e-05	 2282	 iter
1758	 4.481860e-05	 2284	 iter
1759	 4.481860e-05	 2285	 iter
1760	 4.481860e-05	 2286	 iter
1761	 4.481860e-05	 2287	 iter
1762	 4.481860e-05	 2288	 iter
1763	 4.481860e-05	 2289	 iter
1764	 4.479588e-05	 2291	 iter
1765	 4.479588e-05	 2293	 iter
1766	 4.479588e-05	 2294	 iter
1767	 4.479588e-05	 2295	 iter
1768	 4.479588e-05	 2296	 iter
1769	 4.479588e-05	 2297	 iter
1770	 4.479588e-05	 2298	 iter
1771	 4.479588e-05	 2299	 iter
1772	 4.479588e-05	 2300	 iter
1773	 4.479588e-05	 2301	 iter
1774	 4.478377e-05	 2303	 iter
1775	 4.478377e-05	 2305	 iter
1776	 4.478377e-05	 2306	 iter
1777	 4.478377e-05	 2307	 iter
1778	 4.478377e-05	 2308	 iter
1779	 4.478377e-05	 2309	 iter
1780	 4.478176e-05	 2311	 iter
1781	 4.478176e-05	 2313	 iter
1782	 4.478176e-05	 2314	 iter
1783	 4.476631e-05	 2316	 iter
1784	 4.476631e-05	 2317	 iter
1785	 4.476631e-05	 2318	 iter
1786	 4.476631e-05	 2320	 iter
1787	 4.476631e-05	 2321	 iter
1788	 4.476631e-05	 2322	 iter
1789	 4.476631e-05	 2323	 iter
1790	 4.476631e-05	 2324	 iter
1791	 4.476631e-05	 2326	 iter
1792	 4.476631e-05	 2328	 iter
1793	 4.476631e-05	 2329	 iter
1794	 4.476631e-05	 2331	 iter
1795	 4.476280e-05	 2333	 iter
1796	 4.476280e-05	 2334	 iter
1797	 4.476280e-05	 2335	 iter
1798	 4.476280e-05	 2337	 iter
1799	 4.476280e-05	 2339	 iter
1800	 4.476280e-05	 2340	 iter
1801	 4.476280e-05	 2341	 iter
1802	 4.476280e-05	 2343	 iter
1803	 4.476280e-05	 2345	 iter
1804	 4.475643e-05	 2347	 iter
1805	 4.475643e-05	 2349	 iter
1806	 4.475643e-05	 2350	 iter
1807	 4.475643e-05	 2352	 iter
1808	 4.475643e-05	 2353	 iter
1809	 4.475643e-05	 2354	 iter
1810	 4.475643e-05	 2355	 iter
1811	 4.475541e-05	 2357	 iter
1812	 4.475541e-05	 2359	 iter
1813	 4.475541e-05	 2361	 iter
1814	 4.475541e-05	 2362	 iter
1815	 4.475404e-05	 2364	 iter
1816	 4.475404e-05	 2365	 iter
1817	 4.475404e-05	 2366	 iter
1818	 4.475404e-05	 2367	 iter
1819	 4.474600e-05	 2369	 iter
1820	 4.474600e-05	 2370	 iter
1821	 4.474600e-05	 2372	 iter
1822	 4.474600e-05	 2373	 iter
1823	 4.474600e-05	 2374	 iter
1824	 4.474600e-05	 2376	 iter
1825	 4.474600e-05	 2377	 iter
1826	 4.474600e-05	 2378	 iter
1827	 4.474600e-05	 2379	 iter
1828	 4.474600e-05	 2381	 iter
1829	 4.474600e-05	 2382	 iter
1830	 4.474600e-05	 2383	 iter
1831	 4.474600e-05	 2385	 iter
1832	 4.474600e-05	 2386	 iter
1833	 4.474600e-05	 2387	 iter
1834	 4.474600e-05	 2388	 iter
1835	 4.474600e-05	 2389	 iter
1836	 4.474600e-05	 2390	 iter
1837	 4.474600e-05	 2391	 iter
1838	 4.474600e-05	 2392	 iter
1839	 4.474600e-05	 2393	 iter
1840	 4.474600e-05	 2395	 iter
1841	 4.474600e-05	 2396	 iter
1842	 4.474600e-05	 2397	 iter
1843	 4.474600e-05	 2398	 iter
1844	 4.473711e-05	 2400	 iter
1845	 4.473711e-05	 2401	 iter
1846	 4.473711e-05	 2403	 iter
1847	 4.473711e-05	 2404	 iter
1848	 4.473510e-05	 2406	 iter
1849	 4.473510e-05	 2407	 iter
1850	 4.473510e-05	 2408	 iter
1851	 4.473510e-05	 2409	 iter
1852	 4.473510e-05	 2410	 iter
1853	 4.473510e-05	 2411	 iter
1854	 4.473510e-05	 2412	 iter
1855	 4.473510e-05	 2413	 iter
1856	 4.473510e-05	 2414	 iter
1857	 4.472896e-05	 2416	 iter
1858	 4.472896e-05	 2417	 iter
1859	 4.472896e-05	 2418	 iter
1860	 4.472896e-05	 2419	 iter
1861	 4.472896e-05	 2420	 iter
1862	 4.472285e-05	 2422	 iter
1863	 4.472285e-05	 2423	 iter
1864	 4.472285e-05	 2424	 iter
1865	 4.472285e-05	 2425	 iter
1866	 4.472285e-05	 2426	 iter
1867	 4.472285e-05	 2427	 iter
1868	 4.472285e-05	 2428	 iter
1869	 4.472285e-05	 2429	 iter
1870	 4.472285e-05	 2430	 iter
1871	 4.472285e-05	 2431	 iter
1872	 4.472072e-05	 2433	 iter
1873	 4.471859e-05	 2435	 iter
1874	 4.471859e-05	 2436	 iter
1875	 4.471533e-05	 2438	 iter
1876	 4.471533e-05	 2439	 iter
1877	 4.470876e-05	 2441	 iter
1878	 4.470876e-05	 2442	 iter
1879	 4.470876e-05	 2443	 iter
1880	 4.470876e-05	 2444	 iter
1881	 4.470876e-05	 2445	 iter
1882	 4.470876e-05	 2446	 iter
1883	 4.470876e-05	 2447	 iter
1884	 4.470723e-05	 2449	 iter
1885	 4.470723e-05	 2450	 iter
1886	 4.470723e-05	 2451	 iter
1887	 4.470723e-05	 2452	 iter
1888	 4.470723e-05	 2453	 iter
1889	 4.470578e-05	 2455	 iter
1890	 4.470578e-05	 2456	 iter
1891	 4.469291e-05	 2458	 iter
1892	 4.469291e-05	 2459	 iter
1893	 4.469291e-05	 2460	 iter
1894	 4.469291e-05	 2461	 iter
1895	 4.469291e-05	 2462	 iter
1896	 4.469291e-05	 2463	 iter
1897	 4.469291e-05	 2464	 iter
1898	 4.469291e-05	 2465	 iter
1899	 4.469291e-05	 2466	 iter
1900	 4.469291e-05	 2467	 iter
1901	 4.469291e-05	 2468	 iter
1902	 4.469205e-05	 2470	 iter
1903	 4.469205e-05	 2471	 iter
1904	 4.468856e-05	 2473	 iter
1905	 4.468569e-05	 2475	 iter
1906	 4.468569e-05	 2476	 iter
1907	 4.468569e-05	 2477	 iter
1908	 4.468569e-05	 2478	 iter
1909	 4.468569e-05	 2479	 iter
1910	 4.468569e-05	 2480	 iter
1911	 4.468569e-05	 2481	 iter
1912	 4.468569e-05	 2482	 iter
1913	 4.468569e-05	 2483	 iter
1914	 4.468480e-05	 2485	 iter
1915	 4.468196e-05	 2487	 iter
1916	 4.468196e-05	 2488	 iter
1917	 4.468196e-05	 2490	 iter
1918	 4.468196e-05	 2491	 iter
1919	 4.468196e-05	 2492	 iter
1920	 4.468196e-05	 2493	 iter
1921	 4.467952e-05	 2495	 iter
1922	 4.467761e-05	 2497	 iter
1923	 4.467761e-05	 2498	 iter
1924	 4.467761e-05	 2499	 iter
1925	 4.467761e-05	 2501	 iter
1926	 4.467761e-05	 2502	 iter
1927	 4.467761e-05	 2503	 iter
1928	 4.467515e-05	 2505	 iter
1929	 4.467515e-05	 2506	 iter
1930	 4.467515e-05	 2507	 iter
1931	 4.467515e-05	 2508	 iter
1932	 4.467515e-05	 2510	 iter
1933	 4.467515e-05	 2511	 iter
1934	 4.467515e-05	 2512	 iter
1935	 4.467515e-05	 2513	 iter
1936	 4.467515e-05	 2514	 iter
1937	 4.467515e-05	 2515	 iter
1938	 4.467515e-05	 2516	 iter
1939	 4.467515e-05	 2517	 iter
1940	 4.467422e-05	 2519	 iter
1941	 4.467422e-05	 2520	 iter
1942	 4.467422e-05	 2521	 iter
1943	 4.467422e-05	 2522	 iter
1944	 4.467422e-05	 2523	 iter
1945	 4.467422e-05	 2524	 iter
1946	 4.467422e-05	 2526	 iter
1947	 4.467237e-05	 2528	 iter
1948	 4.466826e-05	 2530	 iter
1949	 4.466826e-05	 2531	 iter
1950	 4.466826e-05	 2532	 iter
1951	 4.466826e-05	 2533	 iter
1952	 4.466826e-05	 2535	 iter
1953	 4.466826e-05	 2536	 iter
1954	 4.466826e-05	 2537	 iter
1955	 4.466826e-05	 2538	 iter
1956	 4.466826e-05	 2539	 iter
1957	 4.466826e-05	 2540	 iter
1958	 4.465654e-05	 2542	 iter
1959	 4.465654e-05	 2543	 iter
1960	 4.465654e-05	 2544	 iter
1961	 4.465654e-05	 2545	 iter
1962	 4.465654e-05	 2546	 iter
1963	 4.465654e-05	 2547	 iter
1964	 4.465654e-05	 2548	 iter
1965	 4.465654e-05	 2549	 iter
1966	 4.465654e-05	 2550	 iter
1967	 4.465654e-05	 2551	 iter
1968	 4.465654e-05	 2552	 iter
1969	 4.465654e-05	 2553	 iter
1970	 4.465654e-05	 2554	 iter
1971	 4.465654e-05	 2555	 iter
1972	 4.465654e-05	 2556	 iter
1973	 4.465654e-05	 2557	 iter
1974	 4.465468e-05	 2559	 iter
1975	 4.465468e-05	 2560	 iter
1976	 4.465468e-05	 2561	 iter
1977	 4.465468e-05	 2562	 iter
1978	 4.465468e-05	 2563	 iter
1979	 4.465468e-05	 2564	 iter
1980	 4.465468e-05	 2565	 iter
1981	 4.465298e-05	 2567	 iter
1982	 4.465298e-05	 2568	 iter
1983	 4.464333e-05	 2570	 iter
1984	 4.464333e-05	 2571	 iter
1985	 4.464333e-05	 2572	 iter
1986	 4.464333e-05	 2573	 iter
1987	 4.464261e-05	 2575	 iter
1988	 4.464261e-05	 2576	 iter
1989	 4.464104e-05	 2578	 iter
1990	 4.464104e-05	 2579	 iter
1991	 4.463602e-05	 2581	 iter
1992	 4.463602e-05	 2582	 iter
1993	 4.463602e-05	 2583	 iter
1994	 4.463482e-05	 2585	 iter
1995	 4.463482e-05	 2586	 iter
1996	 4.463482e-05	 2587	 iter
1997	 4.463482e-05	 2588	 iter
1998	 4.463482e-05	 2589	 iter
1999	 4.463482e-05	 2590	 iter
2000	 4.462410e-05	 2592	 iter
2001	 4.460971e-05	 2594	 iter
2002	 4.460971e-05	 2595	 iter
2003	 4.460971e-05	 2596	 iter
2004	 4.460971e-05	 2597	 iter
2005	 4.460971e-05	 2598	 iter
2006	 4.460971e-05	 2599	 iter
2007	 4.460971e-05	 2600	 iter
2008	 4.460971e-05	 2601	 iter
2009	 4.459821e-05	 2603	 iter
2010	 4.459821e-05	 2604	 iter
2011	 4.459821e-05	 2605	 iter
2012	 4.459821e-05	 2606	 iter
2013	 4.459295e-05	 2608	 iter
2014	 4.457581e-05	 2610	 iter
2015	 4.457581e-05	 2611	 iter
2016	 4.457581e-05	 2612	 iter
2017	 4.457581e-05	 2613	 iter
2018	 4.457581e-05	 2614	 iter
2019	 4.457581e-05	 2615	 iter
2020	 4.457581e-05	 2616	 iter
2021	 4.457581e-05	 2617	 iter
2022	 4.457581e-05	 2618	 iter
2023	 4.454997e-05	 2620	 iter
2024	 4.454997e-05	 2621	 iter
2025	 4.453727e-05	 2623	 iter
2026	 4.453727e-05	 2624	 iter
2027	 4.453727e-05	 2625	 iter
2028	 4.453727e-05	 2626	 iter
2029	 4.453727e-05	 2627	 iter
2030	 4.453727e-05	 2628	 iter
2031	 4.453727e-05	 2629	 iter
2032	 4.451488e-05	 2631	 iter
2033	 4.451488e-05	 2632	 iter
2034	 4.451488e-05	 2633	 iter
2035	 4.451468e-05	 2635	 iter
2036	 4.451181e-05	 2637	 iter
2037	 4.451181e-05	 2638	 iter
2038	 4.449900e-05	 2640	 iter
2039	 4.449900e-05	 2641	 iter
2040	 4.449336e-05	 2643	 iter
2041	 4.449336e-05	 2644	 iter
2042	 4.449336e-05	 2645	 iter
2043	 4.449336e-05	 2646	 iter
2044	 4.449336e-05	 2647	 iter
2045	 4.447097e-05	 2649	 iter
2046	 4.447097e-05	 2650	 iter
2047	 4.446820e-05	 2652	 iter
2048	 4.444479e-05	 2654	 iter
2049	 4.444479e-05	 2655	 iter
2050	 4.444479e-05	 2656	 iter
2051	 4.444479e-05	 2657	 iter
2052	 4.444479e-05	 2658	 iter
2053	 4.439979e-05	 2660	 iter
2054	 4.439979e-05	 2661	 iter
2055	 4.439979e-05	 2662	 iter
2056	 4.439979e-05	 2663	 iter
2057	 4.439979e-05	 2664	 iter
2058	 4.439979e-05	 2665	 iter
2059	 4.439979e-05	 2666	 iter
2060	 4.439979e-05	 2667	 iter
2061	 4.439979e-05	 2668	 iter
2062	 4.439979e-05	 2669	 iter
2063	 4.439979e-05	 2670	 iter
2064	 4.439979e-05	 2671	 iter
2065	 4.439979e-05	 2672	 iter
2066	 4.439979e-05	 2673	 iter
2067	 4.438255e-05	 2675	 iter
2068	 4.438255e-05	 2676	 iter
2069	 4.436474e-05	 2678	 iter
2070	 4.436474e-05	 2679	 iter
2071	 4.436474e-05	 2680	 iter
2072	 4.436474e-05	 2681	 iter
2073	 4.436474e-05	 2682	 iter
2074	 4.435466e-05	 2684	 iter
2075	 4.432325e-05	 2686	 iter
2076	 4.432325e-05	 2687	 iter
2077	 4.432325e-05	 2688	 iter
2078	 4.432325e-05	 2689	 iter
2079	 4.430312e-05	 2691	 iter
2080	 4.430312e-05	 2692	 iter
2081	 4.430312e-05	 2693	 iter
2082	 4.430312e-05	 2694	 iter
2083	 4.430312e-05	 2695	 iter
2084	 4.430312e-05	 2696	 iter
2085	 4.430312e-05	 2697	 iter
2086	 4.430312e-05	 2698	 iter
2087	 4.427581e-05	 2700	 iter
2088	 4.422678e-05	 2702	 iter
2089	 4.422678e-05	 2703	 iter
2090	 4.422678e-05	 2704	 iter
2091	 4.422678e-05	 2705	 iter
2092	 4.422678e-05	 2706	 iter
2093	 4.422678e-05	 2707	 iter
2094	 4.422678e-05	 2708	 iter
2095	 4.422678e-05	 2709	 iter
2096	 4.422678e-05	 2710	 iter
2097	 4.418450e-05	 2712	 iter
2098	 4.418450e-05	 2713	 iter
2099	 4.418450e-05	 2714	 iter
2100	 4.418450e-05	 2715	 iter
2101	 4.418450e-05	 2716	 iter
2102	 4.418450e-05	 2717	 iter
2103	 4.418450e-05	 2718	 iter
2104	 4.417075e-05	 2720	 iter
2105	 4.413015e-05	 2722	 iter
2106	 4.413015e-05	 2723	 iter
2107	 4.413015e-05	 2724	 iter
2108	 4.413015e-05	 2725	 iter
2109	 4.413015e-05	 2726	 iter
2110	 4.413015e-05	 2727	 iter
2111	 4.413015e-05	 2728	 iter
2112	 4.407957e-05	 2730	 iter
2113	 4.407957e-05	 2731	 iter
2114	 4.407957e-05	 2732	 iter
2115	 4.404899e-05	 2734	 iter
2116	 4.404899e-05	 2735	 iter
2117	 4.400950e-05	 2737	 iter
2118	 4.395618e-05	 2739	 iter
2119	 4.395618e-05	 2740	 iter
2120	 4.395618e-05	 2741	 iter
2121	 4.395618e-05	 2742	 iter
2122	 4.387939e-05	 2744	 iter
2123	 4.387939e-05	 2745	 iter
2124	 4.387939e-05	 2746	 iter
2125	 4.387939e-05	 2747	 iter
2126	 4.387939e-05	 2748	 iter
2127	 4.374911e-05	 2750	 iter
2128	 4.374911e-05	 2751	 iter
2129	 4.374911e-05	 2752	 iter
2130	 4.374911e-05	 2753	 iter
2131	 4.374911e-05	 2754	 iter
2132	 4.374911e-05	 2755	 iter
2133	 4.373691e-05	 2757	 iter
2134	 4.362096e-05	 2759	 iter
2135	 4.362096e-05	 2760	 iter
2136	 4.362096e-05	 2761	 iter
2137	 4.362096e-05	 2762	 iter
2138	 4.361471e-05	 2764	 iter
2139	 4.347682e-05	 2766	 iter
2140	 4.347682e-05	 2767	 iter
2141	 4.347682e-05	 2768	 iter
2142	 4.329894e-05	 2770	 iter
2143	 4.329894e-05	 2771	 iter
2144	 4.329894e-05	 2772	 iter
2145	 4.329894e-05	 2773	 iter
2146	 4.329894e-05	 2774	 iter
2147	 4.329894e-05	 2775	 iter
2148	 4.329894e-05	 2776	 iter
2149	 4.329894e-05	 2777	 iter
2150	 4.326269e-05	 2779	 iter
2151	 4.326269e-05	 2780	 iter
2152	 4.290645e-05	 2782	 iter
2153	 4.290645e-05	 2783	 iter
2154	 4.290645e-05	 2784	 iter
2155	 4.290645e-05	 2785	 iter
2156	 4.290645e-05	 2786	 iter
2157	 4.290645e-05	 2787	 iter
2158	 4.290645e-05	 2788	 iter
2159	 4.290645e-05	 2789	 iter
2160	 4.290645e-05	 2790	 iter
2161	 4.290645e-05	 2791	 iter
2162	 4.273721e-05	 2793	 iter
2163	 4.273721e-05	 2794	 iter
2164	 4.247635e-05	 2796	 iter
2165	 4.247635e-05	 2797	 iter
2166	 4.247635e-05	 2798	 iter
2167	 4.247635e-05	 2799	 iter
2168	 4.247635e-05	 2800	 iter
2169	 4.247635e-05	 2801	 iter
2170	 4.247635e-05	 2802	 iter
2171	 4.247635e-05	 2803	 iter
2172	 4.247635e-05	 2804	 iter
2173	 4.247635e-05	 2805	 iter
2174	 4.221846e-05	 2807	 iter
2175	 4.221846e-05	 2808	 iter
2176	 4.221846e-05	 2809	 iter
2177	 4.221846e-05	 2810	 iter
2178	 4.221846e-05	 2811	 iter
2179	 4.221846e-05	 2812	 iter
2180	 4.202674e-05	 2814	 iter
2181	 4.202674e-05	 2815	 iter
2182	 4.202674e-05	 2816	 iter
2183	 4.177066e-05	 2818	 iter
2184	 4.177066e-05	 2819	 iter
2185	 4.177066e-05	 2820	 iter
2186	 4.177066e-05	 2821	 iter
2187	 4.177066e-05	 2822	 iter
2188	 4.177066e-05	 2823	 iter
2189	 4.177066e-05	 2824	 iter
2190	 4.175143e-05	 2826	 iter
2191	 4.175143e-05	 2827	 iter
2192	 4.171690e-05	 2829	 iter
2193	 4.136370e-05	 2831	 iter
2194	 4.136370e-05	 2832	 iter
2195	 4.136370e-05	 2833	 iter
2196	 4.116323e-05	 2835	 iter
2197	 4.116323e-05	 2836	 iter
2198	 4.116323e-05	 2837	 iter
2199	 4.116323e-05	 2838	 iter
2200	 4.116323e-05	 2839	 iter
2201	 4.116323e-05	 2840	 iter
2202	 4.116323e-05	 2841	 iter
2203	 4.116323e-05	 2842	 iter
2204	 4.116323e-05	 2843	 iter
2205	 4.116323e-05	 2844	 iter
2206	 4.116323e-05	 2845	 iter
2207	 4.113056e-05	 2847	 iter
2208	 4.108313e-05	 2849	 iter
2209	 4.086313e-05	 2851	 iter
2210	 4.071774e-05	 2853	 iter
2211	 4.071774e-05	 2854	 iter
2212	 4.071774e-05	 2855	 iter
2213	 4.071774e-05	 2856	 iter
2214	 4.071007e-05	 2858	 iter
2215	 4.060137e-05	 2860	 iter
2216	 4.060137e-05	 2861	 iter
2217	 4.060137e-05	 2862	 iter
2218	 4.052832e-05	 2864	 iter
2219	 4.045759e-05	 2866	 iter
2220	 4.045759e-05	 2867	 iter
2221	 4.045759e-05	 2868	 iter
2222	 4.009389e-05	 2870	 iter
2223	 4.009389e-05	 2871	 iter
2224	 4.009389e-05	 2872	 iter
2225	 4.009389e-05	 2873	 iter
2226	 4.009389e-05	 2874	 iter
2227	 4.009389e-05	 2875	 iter
2228	 4.009389e-05	 2876	 iter
2229	 4.009389e-05	 2877	 iter
2230	 4.005686e-05	 2879	 iter
2231	 3.998670e-05	 2881	 iter
2232	 3.998670e-05	 2882	 iter
2233	 3.998670e-05	 2883	 iter
2234	 3.986406e-05	 2885	 iter
2235	 3.973340e-05	 2887	 iter
2236	 3.973340e-05	 2888	 iter
2237	 3.973340e-05	 2889	 iter
2238	 3.973340e-05	 2890	 iter
2239	 3.973340e-05	 2891	 iter
2240	 3.973340e-05	 2892	 iter
2241	 3.973340e-05	 2893	 iter
2242	 3.973340e-05	 2894	 iter
2243	 3.938286e-05	 2896	 iter
2244	 3.938286e-05	 2897	 iter
2245	 3.938286e-05	 2898	 iter
2246	 3.938286e-05	 2899	 iter
2247	 3.929123e-05	 2901	 iter
2248	 3.929123e-05	 2902	 iter
2249	 3.929123e-05	 2903	 iter
2250	 3.929123e-05	 2904	 iter
2251	 3.927824e-05	 2906	 iter
2252	 3.913148e-05	 2908	 iter
2253	 3.913148e-05	 2909	 iter
2254	 3.913148e-05	 2910	 iter
2255	 3.913148e-05	 2911	 iter
2256	 3.887883e-05	 2913	 iter
2257	 3.887883e-05	 2914	 iter
2258	 3.887883e-05	 2915	 iter
2259	 3.887883e-05	 2916	 iter
2260	 3.813991e-05	 2918	 iter
2261	 3.813991e-05	 2919	 iter
2262	 3.813991e-05	 2920	 iter
2263	 3.813991e-05	 2921	 iter
2264	 3.813991e-05	 2922	 iter
2265	 3.813991e-05	 2923	 iter
2266	 3.813991e-05	 2924	 iter
2267	 3.813991e-05	 2925	 iter
2268	 3.813991e-05	 2926	 iter
2269	 3.813991e-05	 2927	 iter
2270	 3.813991e-05	 2928	 iter
2271	 3.813991e-05	 2929	 iter
2272	 3.790811e-05	 2931	 iter
2273	 3.789866e-05	 2933	 iter
2274	 3.789866e-05	 2934	 iter
2275	 3.789866e-05	 2935	 iter
2276	 3.787139e-05	 2937	 iter
2277	 3.772802e-05	 2939	 iter
2278	 3.772802e-05	 2940	 iter
2279	 3.772802e-05	 2941	 iter
2280	 3.772802e-05	 2942	 iter
2281	 3.760392e-05	 2944	 iter
2282	 3.760392e-05	 2945	 iter
2283	 3.760392e-05	 2946	 iter
2284	 3.756672e-05	 2948	 iter
2285	 3.756672e-05	 2949	 iter
2286	 3.756672e-05	 2950	 iter
2287	 3.691033e-05	 2952	 iter
2288	 3.616437e-05	 2954	 iter
2289	 3.616437e-05	 2955	 iter
2290	 3.616437e-05	 2956	 iter
2291	 3.616437e-05	 2957	 iter
2292	 3.616437e-05	 2958	 iter
2293	 3.616437e-05	 2959	 iter
2294	 3.616437e-05	 2960	 iter
2295	 3.616437e-05	 2962	 iter
2296	 3.616437e-05	 2964	 iter
2297	 3.616437e-05	 2965	 iter
2298	 3.616437e-05	 2966	 iter
2299	 3.616437e-05	 2967	 iter
2300	 3.616437e-05	 2968	 iter
2301	 3.616437e-05	 2969	 iter
2302	 3.616437e-05	 2970	 iter
2303	 3.616437e-05	 2971	 iter
2304	 3.616437e-05	 2972	 iter
2305	 3.616437e-05	 2973	 iter
2306	 3.616437e-05	 2974	 iter
2307	 3.588853e-05	 2976	 iter
2308	 3.588853e-05	 2977	 iter
2309	 3.588853e-05	 2978	 iter
2310	 3.588853e-05	 2979	 iter
2311	 3.576042e-05	 2981	 iter
2312	 3.576042e-05	 2982	 iter
2313	 3.564918e-05	 2984	 iter
2314	 3.564918e-05	 2985	 iter
2315	 3.564918e-05	 2986	 iter
2316	 3.563666e-05	 2988	 iter
2317	 3.500509e-05	 2990	 iter
2318	 3.500509e-05	 2991	 iter
2319	 3.500509e-05	 2992	 iter
2320	 3.500509e-05	 2993	 iter
2321	 3.425052e-05	 2995	 iter
2322	 3.425052e-05	 2996	 iter
2323	 3.425052e-05	 2997	 iter
2324	 3.425052e-05	 2998	 iter
2325	 3.425052e-05	 2999	 iter
2326	 3.425052e-05	 3000	 iter
2327	 3.425052e-05	 3001	 iter
2328	 3.320038e-05	 3003	 iter
2329	 3.320038e-05	 3004	 iter
2330	 3.320038e-05	 3005	 iter
2331	 3.320038e-05	 3006	 iter
2332	 3.320038e-05	 3007	 iter
2333	 3.320038e-05	 3008	 iter
2334	 3.318951e-05	 3010	 iter
2335	 3.318951e-05	 3011	 iter
2336	 3.318951e-05	 3012	 iter
2337	 3.216644e-05	 3014	 iter
2338	 3.216644e-05	 3015	 iter
2339	 3.216644e-05	 3016	 iter
2340	 3.216644e-05	 3017	 iter
2341	 3.216644e-05	 3018	 iter
2342	 3.212591e-05	 3020	 iter
2343	 3.212591e-05	 3021	 iter
2344	 3.183748e-05	 3023	 iter
2345	 3.177183e-05	 3025	 iter
2346	 3.177183e-05	 3026	 iter
2347	 3.177183e-05	 3027	 iter
2348	 3.177183e-05	 3028	 iter
2349	 3.167542e-05	 3030	 iter
2350	 3.167542e-05	 3031	 iter
2351	 3.121094e-05	 3033	 iter
2352	 3.018407e-05	 3035	 iter
2353	 3.018407e-05	 3036	 iter
2354	 3.018407e-05	 3037	 iter
2355	 3.018407e-05	 3038	 iter
2356	 3.018407e-05	 3039	 iter
2357	 3.018407e-05	 3040	 iter
2358	 3.018407e-05	 3041	 iter
2359	 3.018407e-05	 3042	 iter
2360	 3.018407e-05	 3043	 iter
2361	 3.018407e-05	 3044	 iter
2362	 3.018407e-05	 3045	 iter
2363	 3.018407e-05	 3046	 iter
2364	 3.018407e-05	 3047	 iter
2365	 2.993383e-05	 3049	 iter
2366	 2.993383e-05	 3050	 iter
2367	 2.993383e-05	 3051	 iter
2368	 2.923051e-05	 3053	 iter
2369	 2.923051e-05	 3054	 iter
2370	 2.923051e-05	 3055	 iter
2371	 2.923051e-05	 3056	 iter
2372	 2.923051e-05	 3057	 iter
2373	 2.923051e-05	 3058	 iter
2374	 2.923051e-05	 3059	 iter
2375	 2.923051e-05	 3060	 iter
2376	 2.923051e-05	 3062	 iter
2377	 2.923051e-05	 3063	 iter
2378	 2.923051e-05	 3064	 iter
2379	 2.923051e-05	 3065	 iter
2380	 2.922488e-05	 3067	 iter
2381	 2.922488e-05	 3068	 iter
2382	 2.922488e-05	 3069	 iter
2383	 2.922488e-05	 3070	 iter
2384	 2.922488e-05	 3071	 iter
2385	 2.898895e-05	 3073	 iter
2386	 2.898895e-05	 3074	 iter
2387	 2.898895e-05	 3075	 iter
2388	 2.898895e-05	 3076	 iter
2389	 2.898895e-05	 3077	 iter
2390	 2.851009e-05	 3079	 iter
2391	 2.851009e-05	 3080	 iter
2392	 2.851009e-05	 3081	 iter
2393	 2.851009e-05	 3082	 iter
2394	 2.851009e-05	 3083	 iter
2395	 2.851009e-05	 3084	 iter
2396	 2.851009e-05	 3085	 iter
2397	 2.851009e-05	 3086	 iter
2398	 2.851009e-05	 3088	 iter
2399	 2.851009e-05	 3090	 iter
2400	 2.851009e-05	 3091	 iter
2401	 2.851009e-05	 3092	 iter
2402	 2.851009e-05	 3093	 iter
2403	 2.851009e-05	 3094	 iter
2404	 2.851009e-05	 3095	 iter
2405	 2.851009e-05	 3096	 iter
2406	 2.851009e-05	 3097	 iter
2407	 2.851009e-05	 3098	 iter
2408	 2.790149e-05	 3100	 iter
2409	 2.790149e-05	 3101	 iter
2410	 2.790149e-05	 3102	 iter
2411	 2.790149e-05	 3103	 iter
2412	 2.790149e-05	 3105	 iter
2413	 2.790149e-05	 3106	 iter
2414	 2.790149e-05	 3107	 iter
2415	 2.790149e-05	 3108	 iter
2416	 2.788944e-05	 3110	 iter
2417	 2.788944e-05	 3111	 iter
2418	 2.788944e-05	 3112	 iter
2419	 2.788944e-05	 3113	 iter
2420	 2.788944e-05	 3114	 iter
2421	 2.788944e-05	 3115	 iter
2422	 2.788944e-05	 3116	 iter
2423	 2.788944e-05	 3117	 iter
2424	 2.788944e-05	 3118	 iter
2425	 2.760895e-05	 3120	 iter
2426	 2.760895e-05	 3121	 iter
2427	 2.760895e-05	 3122	 iter
2428	 2.760895e-05	 3123	 iter
2429	 2.760895e-05	 3124	 iter
2430	 2.760895e-05	 3125	 iter
2431	 2.760895e-05	 3126	 iter
2432	 2.732137e-05	 3128	 iter
2433	 2.732137e-05	 3129	 iter
2434	 2.732137e-05	 3130	 iter
2435	 2.732137e-05	 3132	 iter
2436	 2.732137e-05	 3133	 iter
2437	 2.732137e-05	 3134	 iter
2438	 2.732137e-05	 3136	 iter
2439	 2.732137e-05	 3137	 iter
2440	 2.732137e-05	 3139	 iter
2441	 2.732137e-05	 3140	 iter
2442	 2.732137e-05	 3141	 iter
2443	 2.732137e-05	 3143	 iter
2444	 2.732137e-05	 3144	 iter
2445	 2.732137e-05	 3145	 iter
2446	 2.732137e-05	 3146	 iter
2447	 2.732137e-05	 3147	 iter
2448	 2.732137e-05	 3149	 iter
2449	 2.717556e-05	 3151	 iter
2450	 2.712315e-05	 3153	 iter
2451	 2.712315e-05	 3154	 iter
2452	 2.712315e-05	 3155	 iter
2453	 2.712315e-05	 3157	 iter
2454	 2.712315e-05	 3159	 iter
2455	 2.712315e-05	 3160	 iter
2456	 2.712315e-05	 3161	 iter
2457	 2.712315e-05	 3162	 iter
2458	 2.712315e-05	 3163	 iter
2459	 2.701776e-05	 3165	 iter
2460	 2.688403e-05	 3167	 iter
2461	 2.688403e-05	 3168	 iter
2462	 2.688403e-05	 3169	 iter
2463	 2.685026e-05	 3171	 iter
2464	 2.685026e-05	 3172	 iter
2465	 2.674577e-05	 3174	 iter
2466	 2.674577e-05	 3175	 iter
2467	 2.674577e-05	 3176	 iter
2468	 2.674577e-05	 3177	 iter
2469	 2.674577e-05	 3178	 iter
2470	 2.674577e-05	 3179	 iter
2471	 2.674577e-05	 3180	 iter
2472	 2.671990e-05	 3182	 iter
2473	 2.671990e-05	 3183	 iter
2474	 2.671990e-05	 3184	 iter
2475	 2.650591e-05	 3186	 iter
2476	 2.650591e-05	 3187	 iter
2477	 2.650591e-05	 3188	 iter
2478	 2.650591e-05	 3189	 iter
2479	 2.650591e-05	 3190	 iter
2480	 2.650591e-05	 3192	 iter
2481	 2.650591e-05	 3193	 iter
2482	 2.650591e-05	 3194	 iter
2483	 2.650591e-05	 3195	 iter
2484	 2.650591e-05	 3197	 iter
2485	 2.650591e-05	 3198	 iter
2486	 2.650591e-05	 3199	 iter
2487	 2.650591e-05	 3200	 iter
2488	 2.650591e-05	 3201	 iter
2489	 2.650591e-05	 3202	 iter
2490	 2.650591e-05	 3203	 iter
2491	 2.641037e-05	 3205	 iter
2492	 2.641037e-05	 3207	 iter
2493	 2.641037e-05	 3209	 iter
2494	 2.641037e-05	 3210	 iter
2495	 2.641037e-05	 3212	 iter
2496	 2.639713e-05	 3214	 iter
2497	 2.639713e-05	 3216	 iter
2498	 2.639393e-05	 3218	 iter
2499	 2.632847e-05	 3220	 iter
2500	 2.632847e-05	 3221	 iter
2501	 2.632847e-05	 3222	 iter
2502	 2.632847e-05	 3223	 iter
2503	 2.627242e-05	 3225	 iter
2504	 2.627242e-05	 3226	 iter
2505	 2.627242e-05	 3227	 iter
2506	 2.627242e-05	 3229	 iter
2507	 2.625231e-05	 3231	 iter
2508	 2.625231e-05	 3232	 iter
2509	 2.625231e-05	 3234	 iter
2510	 2.625231e-05	 3235	 iter
2511	 2.614879e-05	 3237	 iter
2512	 2.614879e-05	 3238	 iter
2513	 2.600950e-05	 3240	 iter
2514	 2.600950e-05	 3241	 iter
2515	 2.600950e-05	 3243	 iter
2516	 2.600950e-05	 3244	 iter
2517	 2.600950e-05	 3245	 iter
2518	 2.600950e-05	 3246	 iter
2519	 2.600950e-05	 3247	 iter
2520	 2.600950e-05	 3248	 iter
2521	 2.597571e-05	 3250	 iter
2522	 2.597571e-05	 3251	 iter
2523	 2.597571e-05	 3252	 iter
2524	 2.597571e-05	 3253	 iter
2525	 2.591291e-05	 3255	 iter
2526	 2.591291e-05	 3256	 iter
2527	 2.591291e-05	 3257	 iter
2528	 2.591291e-05	 3258	 iter
2529	 2.590709e-05	 3260	 iter
2530	 2.590709e-05	 3261	 iter
2531	 2.590709e-05	 3262	 iter
2532	 2.587427e-05	 3264	 iter
2533	 2.576280e-05	 3266	 iter
2534	 2.576280e-05	 3267	 iter
2535	 2.576280e-05	 3268	 iter
2536	 2.576280e-05	 3270	 iter
2537	 2.576280e-05	 3271	 iter
2538	 2.576280e-05	 3272	 iter
2539	 2.576280e-05	 3273	 iter
2540	 2.576280e-05	 3274	 iter
2541	 2.576280e-05	 3275	 iter
2542	 2.576280e-05	 3276	 iter
2543	 2.564417e-05	 3278	 iter
2544	 2.564417e-05	 3279	 iter
2545	 2.564417e-05	 3280	 iter
2546	 2.564417e-05	 3281	 iter
2547	 2.564417e-05	 3282	 iter
2548	 2.564417e-05	 3283	 iter
2549	 2.564417e-05	 3284	 iter
2550	 2.564417e-05	 3285	 iter
2551	 2.564417e-05	 3286	 iter
2552	 2.564417e-05	 3287	 iter
2553	 2.563390e-05	 3289	 iter
2554	 2.563390e-05	 3290	 iter
2555	 2.563390e-05	 3291	 iter
2556	 2.563390e-05	 3292	 iter
2557	 2.563390e-05	 3293	 iter
2558	 2.563390e-05	 3294	 iter
2559	 2.562530e-05	 3296	 iter
2560	 2.562530e-05	 3298	 iter
2561	 2.562530e-05	 3300	 iter
2562	 2.562530e-05	 3302	 iter
2563	 2.556460e-05	 3304	 iter
2564	 2.556460e-05	 3305	 iter
2565	 2.555822e-05	 3307	 iter
2566	 2.555822e-05	 3308	 iter
2567	 2.555822e-05	 3309	 iter
2568	 2.555822e-05	 3310	 iter
2569	 2.555822e-05	 3312	 iter
2570	 2.555822e-05	 3313	 iter
2571	 2.555822e-05	 3315	 iter
2572	 2.555822e-05	 3317	 iter
2573	 2.555822e-05	 3319	 iter
2574	 2.555822e-05	 3321	 iter
2575	 2.555822e-05	 3322	 iter
2576	 2.552082e-05	 3324	 iter
2577	 2.552082e-05	 3326	 iter
2578	 2.551814e-05	 3328	 iter
2579	 2.551621e-05	 3330	 iter
2580	 2.551621e-05	 3331	 iter
2581	 2.550750e-05	 3333	 iter
2582	 2.550750e-05	 3335	 iter
2583	 2.550750e-05	 3336	 iter
2584	 2.550750e-05	 3338	 iter
2585	 2.550750e-05	 3340	 iter
2586	 2.550750e-05	 3341	 iter
2587	 2.550750e-05	 3342	 iter
2588	 2.549722e-05	 3344	 iter
2589	 2.547525e-05	 3346	 iter
2590	 2.547525e-05	 3347	 iter
2591	 2.547525e-05	 3348	 iter
2592	 2.547525e-05	 3349	 iter
2593	 2.546537e-05	 3351	 iter
2594	 2.546537e-05	 3352	 iter
2595	 2.546537e-05	 3353	 iter
2596	 2.546537e-05	 3354	 iter
2597	 2.546537e-05	 3356	 iter
2598	 2.544923e-05	 3358	 iter
2599	 2.544923e-05	 3359	 iter
2600	 2.544923e-05	 3360	 iter
2601	 2.544923e-05	 3361	 iter
2602	 2.544923e-05	 3363	 iter
2603	 2.544923e-05	 3364	 iter
2604	 2.544923e-05	 3365	 iter
2605	 2.544923e-05	 3366	 iter
2606	 2.544923e-05	 3367	 iter
2607	 2.544923e-05	 3368	 iter
2608	 2.544923e-05	 3369	 iter
2609	 2.544923e-05	 3370	 iter
2610	 2.544923e-05	 3371	 iter
2611	 2.544923e-05	 3372	 iter
2612	 2.544552e-05	 3374	 iter
2613	 2.544552e-05	 3375	 iter
2614	 2.544552e-05	 3377	 iter
2615	 2.544552e-05	 3378	 iter
2616	 2.544552e-05	 3379	 iter
2617	 2.541009e-05	 3381	 iter
2618	 2.541009e-05	 3383	 iter
2619	 2.541009e-05	 3384	 iter
2620	 2.541009e-05	 3386	 iter
2621	 2.541009e-05	 3387	 iter
2622	 2.541009e-05	 3388	 iter
2623	 2.541009e-05	 3389	 iter
2624	 2.541009e-05	 3390	 iter
2625	 2.541009e-05	 3391	 iter
2626	 2.541009e-05	 3393	 iter
2627	 2.541009e-05	 3394	 iter
2628	 2.541009e-05	 3396	 iter
2629	 2.541009e-05	 3397	 iter
2630	 2.541009e-05	 3399	 iter
2631	 2.541009e-05	 3400	 iter
2632	 2.541009e-05	 3402	 iter
2633	 2.541009e-05	 3403	 iter
2634	 2.541009e-05	 3404	 iter
2635	 2.541009e-05	 3405	 iter
2636	 2.540990e-05	 3407	 iter
2637	 2.540990e-05	 3408	 iter
2638	 2.540990e-05	 3409	 iter
2639	 2.540990e-05	 3410	 iter
2640	 2.540990e-05	 3412	 iter
2641	 2.540990e-05	 3413	 iter
2642	 2.539008e-05	 3415	 iter
2643	 2.539008e-05	 3416	 iter
2644	 2.539008e-05	 3417	 iter
2645	 2.539008e-05	 3418	 iter
2646	 2.539008e-05	 3420	 iter
2647	 2.539008e-05	 3422	 iter
2648	 2.539008e-05	 3424	 iter
2649	 2.539008e-05	 3426	 iter
2650	 2.539008e-05	 3428	 iter
2651	 2.539008e-05	 3429	 iter
2652	 2.539008e-05	 3430	 iter
2653	 2.539008e-05	 3431	 iter
2654	 2.539008e-05	 3432	 iter
2655	 2.539008e-05	 3433	 iter
2656	 2.539008e-05	 3435	 iter
2657	 2.539008e-05	 3436	 iter
2658	 2.539008e-05	 3437	 iter
2659	 2.539008e-05	 3438	 iter
2660	 2.539008e-05	 3440	 iter
2661	 2.539008e-05	 3441	 iter
2662	 2.539008e-05	 3442	 iter
2663	 2.539008e-05	 3444	 iter
2664	 2.539008e-05	 3445	 iter
2665	 2.539008e-05	 3447	 iter
2666	 2.539008e-05	 3448	 iter
2667	 2.539008e-05	 3449	 iter
2668	 2.539008e-05	 3450	 iter
2669	 2.539008e-05	 3451	 iter
2670	 2.538821e-05	 3453	 iter
2671	 2.538821e-05	 3454	 iter
2672	 2.538821e-05	 3455	 iter
2673	 2.538821e-05	 3456	 iter
2674	 2.538821e-05	 3457	 iter
2675	 2.538821e-05	 3458	 iter
2676	 2.538821e-05	 3459	 iter
2677	 2.538795e-05	 3461	 iter
2678	 2.538795e-05	 3463	 iter
2679	 2.538795e-05	 3464	 iter
2680	 2.538454e-05	 3466	 iter
2681	 2.538454e-05	 3468	 iter
2682	 2.538454e-05	 3469	 iter
2683	 2.538454e-05	 3470	 iter
2684	 2.538454e-05	 3471	 iter
2685	 2.538454e-05	 3472	 iter
2686	 2.538454e-05	 3473	 iter
2687	 2.538454e-05	 3475	 iter
2688	 2.538454e-05	 3477	 iter
2689	 2.538454e-05	 3479	 iter
2690	 2.538454e-05	 3481	 iter
2691	 2.538421e-05	 3483	 iter
2692	 2.538421e-05	 3485	 iter
2693	 2.538421e-05	 3486	 iter
2694	 2.538421e-05	 3487	 iter
2695	 2.538309e-05	 3489	 iter
2696	 2.538062e-05	 3491	 iter
2697	 2.538062e-05	 3493	 iter
2698	 2.538062e-05	 3494	 iter
2699	 2.538062e-05	 3495	 iter
2700	 2.538062e-05	 3496	 iter
2701	 2.538062e-05	 3497	 iter
2702	 2.538062e-05	 3498	 iter
2703	 2.538062e-05	 3500	 iter
2704	 2.538062e-05	 3502	 iter
2705	 2.538062e-05	 3504	 iter
2706	 2.538062e-05	 3506	 iter
2707	 2.538062e-05	 3508	 iter
2708	 2.538062e-05	 3509	 iter
2709	 2.538062e-05	 3510	 iter
2710	 2.537976e-05	 3512	 iter
2711	 2.537976e-05	 3513	 iter
2712	 2.537937e-05	 3515	 iter
2713	 2.537937e-05	 3517	 iter
2714	 2.537937e-05	 3518	 iter
2715	 2.537937e-05	 3519	 iter
2716	 2.537937e-05	 3521	 iter
2717	 2.537937e-05	 3523	 iter
2718	 2.537937e-05	 3524	 iter
2719	 2.537923e-05	 3526	 iter
2720	 2.537797e-05	 3528	 iter
2721	 2.537797e-05	 3530	 iter
2722	 2.537763e-05	 3532	 iter
2723	 2.537763e-05	 3533	 iter
2724	 2.537763e-05	 3534	 iter
2725	 2.537704e-05	 3536	 iter
2726	 2.537704e-05	 3537	 iter
2727	 2.537704e-05	 3539	 iter
2728	 2.537704e-05	 3540	 iter
2729	 2.537704e-05	 3541	 iter
2730	 2.537704e-05	 3542	 iter
2731	 2.537704e-05	 3544	 iter
2732	 2.537636e-05	 3546	 iter
2733	 2.537636e-05	 3547	 iter
2734	 2.537636e-05	 3548	 iter
2735	 2.537636e-05	 3549	 iter
2736	 2.537636e-05	 3550	 iter
2737	 2.537636e-05	 3551	 iter
2738	 2.537636e-05	 3553	 iter
2739	 2.537636e-05	 3554	 iter
2740	 2.537636e-05	 3555	 iter
2741	 2.537636e-05	 3556	 iter
2742	 2.537575e-05	 3558	 iter
2743	 2.537575e-05	 3559	 iter
2744	 2.537575e-05	 3560	 iter
2745	 2.537575e-05	 3561	 iter
2746	 2.537575e-05	 3562	 iter
2747	 2.537575e-05	 3564	 iter
2748	 2.537575e-05	 3566	 iter
2749	 2.537545e-05	 3568	 iter
2750	 2.537545e-05	 3570	 iter
2751	 2.537545e-05	 3571	 iter
2752	 2.537545e-05	 3572	 iter
2753	 2.537545e-05	 3573	 iter
2754	 2.537545e-05	 3574	 iter
2755	 2.537545e-05	 3575	 iter
2756	 2.537545e-05	 3577	 iter
2757	 2.537545e-05	 3579	 iter
2758	 2.537538e-05	 3581	 iter
2759	 2.537538e-05	 3582	 iter
2760	 2.537538e-05	 3583	 iter
2761	 2.537538e-05	 3584	 iter
2762	 2.537538e-05	 3586	 iter
2763	 2.537538e-05	 3587	 iter
2764	 2.537538e-05	 3589	 iter
2765	 2.537519e-05	 3591	 iter
2766	 2.537519e-05	 3592	 iter
2767	 2.537506e-05	 3594	 iter
2768	 2.537506e-05	 3596	 iter
2769	 2.537506e-05	 3597	 iter
2770	 2.537499e-05	 3599	 iter
2771	 2.537499e-05	 3601	 iter
2772	 2.537476e-05	 3603	 iter
2773	 2.537476e-05	 3604	 iter
2774	 2.537476e-05	 3605	 iter
2775	 2.537476e-05	 3607	 iter
2776	 2.537476e-05	 3609	 iter
2777	 2.537476e-05	 3610	 iter
2778	 2.537476e-05	 3612	 iter
2779	 2.537455e-05	 3614	 iter
2780	 2.537455e-05	 3615	 iter
2781	 2.537455e-05	 3617	 iter
2782	 2.537455e-05	 3618	 iter
2783	 2.537455e-05	 3619	 iter
2784	 2.537455e-05	 3620	 iter
2785	 2.537455e-05	 3622	 iter
2786	 2.537446e-05	 3624	 iter
2787	 2.537446e-05	 3625	 iter
2788	 2.537446e-05	 3627	 iter
2789	 2.537446e-05	 3629	 iter
2790	 2.537446e-05	 3631	 iter
2791	 2.537446e-05	 3632	 iter
2792	 2.537446e-05	 3634	 iter
2793	 2.537446e-05	 3635	 iter
2794	 2.537446e-05	 3636	 iter
2795	 2.537446e-05	 3637	 iter
2796	 2.537446e-05	 3638	 iter
2797	 2.537426e-05	 3640	 iter
2798	 2.537426e-05	 3642	 iter
2799	 2.537426e-05	 3643	 iter
2800	 2.537426e-05	 3645	 iter
2801	 2.537426e-05	 3646	 iter
2802	 2.537426e-05	 3648	 iter
2803	 2.537426e-05	 3649	 iter
2804	 2.537426e-05	 3651	 iter
2805	 2.537426e-05	 3652	 iter
2806	 2.537426e-05	 3653	 iter
2807	 2.537426e-05	 3654	 iter
2808	 2.537426e-05	 3655	 iter
2809	 2.537426e-05	 3656	 iter
2810	 2.537426e-05	 3657	 iter
2811	 2.537426e-05	 3658	 iter
2812	 2.537426e-05	 3660	 iter
2813	 2.537426e-05	 3661	 iter
2814	 2.537426e-05	 3662	 iter
2815	 2.537426e-05	 3663	 iter
2816	 2.537426e-05	 3664	 iter
2817	 2.537426e-05	 3666	 iter
2818	 2.537426e-05	 3667	 iter
2819	 2.537421e-05	 3669	 iter
2820	 2.537421e-05	 3670	 iter
2821	 2.537421e-05	 3671	 iter
2822	 2.537421e-05	 3673	 iter
2823	 2.537421e-05	 3675	 iter
2824	 2.537421e-05	 3677	 iter
2825	 2.537421e-05	 3678	 iter
2826	 2.537421e-05	 3680	 iter
2827	 2.537421e-05	 3682	 iter
2828	 2.537420e-05	 3684	 iter
2829	 2.537420e-05	 3685	 iter
2830	 2.537420e-05	 3686	 iter
2831	 2.537420e-05	 3687	 iter
2832	 2.537419e-05	 3689	 iter
2833	 2.537409e-05	 3691	 iter
2834	 2.537409e-05	 3693	 iter
2835	 2.537409e-05	 3695	 iter
2836	 2.537409e-05	 3697	 iter
2837	 2.537409e-05	 3699	 iter
2838	 2.537409e-05	 3700	 iter
2839	 2.537409e-05	 3702	 iter
2840	 2.537409e-05	 3704	 iter
2841	 2.537409e-05	 3705	 iter
2842	 2.537409e-05	 3706	 iter
2843	 2.537409e-05	 3708	 iter
2844	 2.537409e-05	 3709	 iter
2845	 2.537409e-05	 3710	 iter
2846	 2.537407e-05	 3712	 iter
2847	 2.537407e-05	 3714	 iter
2848	 2.537407e-05	 3715	 iter
2849	 2.537406e-05	 3717	 iter
2850	 2.537406e-05	 3718	 iter
2851	 2.537406e-05	 3719	 iter
2852	 2.537406e-05	 3720	 iter
2853	 2.537406e-05	 3721	 iter
2854	 2.537405e-05	 3723	 iter
2855	 2.537402e-05	 3725	 iter
2856	 2.537399e-05	 3727	 iter
2857	 2.537399e-05	 3728	 iter
2858	 2.537399e-05	 3729	 iter
2859	 2.537399e-05	 3731	 iter
2860	 2.537399e-05	 3732	 iter
2861	 2.537399e-05	 3733	 iter
2862	 2.537399e-05	 3734	 iter
2863	 2.537399e-05	 3735	 iter
2864	 2.537399e-05	 3736	 iter
2865	 2.537399e-05	 3737	 iter
2866	 2.537399e-05	 3738	 iter
2867	 2.537393e-05	 3740	 iter
2868	 2.537393e-05	 3742	 iter
2869	 2.537393e-05	 3743	 iter
2870	 2.537393e-05	 3744	 iter
2871	 2.537393e-05	 3745	 iter
2872	 2.537393e-05	 3746	 iter
2873	 2.537393e-05	 3747	 iter
2874	 2.537393e-05	 3748	 iter
2875	 2.537386e-05	 3750	 iter
2875	 2.537386e-05	 3750	 done
