0	 9.391738e-33	 1	 init
0	 9.391738e-33	 1	 iter
1	 9.391738e-33	 17	 iter
2	 9.391738e-33	 19	 iter
3	 9.391738e-33	 21	 iter
4	 9.391738e-33	 23	 iter
5	 9.391738e-33	 25	 iter
6	 9.391738e-33	 27	 iter
7	 9.391738e-33	 29	 iter
8	 9.391738e-33	 31	 iter
9	 9.391738e-33	 33	 iter
10	 9.391738e-33	 35	 iter
11	 9.391738e-33	 37	 iter
12	 9.391738e-33	 39	 iter
13	 9.391738e-33	 41	 iter
14	 9.391738e-33	 43	 iter
15	 9.391738e-33	 45	 iter
16	 9.391738e-33	 47	 iter
17	 9.391738e-33	 49	 iter
18	 9.391738e-33	 51	 iter
19	 9.391738e-33	 53	 iter
20	 9.391738e-33	 55	 iter
21	 9.391738e-33	 57	 iter
22	 9.391738e-33	 59	 iter
23	 9.391738e-33	 61	 iter
24	 9.391738e-33	 63	 iter
25	 9.391738e-33	 64	 iter
26	 9.391738e-33	 65	 iter
27	 9.391738e-33	 67	 iter
28	 9.391738e-33	 69	 iter
29	 9.391738e-33	 71	 iter
30	 9.391738e-33	 73	 iter
31	 9.391738e-33	 75	 iter
32	 9.391738e-33	 77	 iter
33	 9.391738e-33	 78	 iter
34	 9.391738e-33	 80	 iter
35	 9.391738e-33	 82	 iter
36	 9.391738e-33	 84	 iter
37	 9.391738e-33	 86	 iter
38	 9.391738e-33	 88	 iter
39	 9.391738e-33	 90	 iter
40	 9.391738e-33	 92	 iter
41	 9.391738e-33	 93	 iter
42	 9.391738e-33	 95	 iter
43	 9.391738e-33	 97	 iter
44	 9.391738e-33	 98	 iter
45	 9.391738e-33	 100	 iter
46	 9.391738e-33	 102	 iter
47	 9.391738e-33	 104	 iter
48	 9.391738e-33	 106	 iter
49	 9.391738e-33	 107	 iter
50	 9.391738e-33	 109	 iter
51	 9.391738e-33	 111	 iter
52	 9.391738e-33	 113	 iter
53	 9.391738e-33	 115	 iter
54	 9.391738e-33	 117	 iter
55	 9.391738e-33	 119	 iter
56	 9.391738e-33	 121	 iter
57	 9.391738e-33	 123	 iter
58	 9.391738e-33	 124	 iter
59	 9.391738e-33	 126	 iter
60	 9.391738e-33	 127	 iter
61	 9.391738e-33	 129	 iter
62	 9.391738e-33	 131	 iter
63	 9.391738e-33	 132	 iter
64	 9.391738e-33	 134	 iter
65	 9.391738e-33	 135	 iter
66	 9.391738e-33	 137	 iter
67	 9.391738e-33	 139	 iter
68	 9.391738e-33	 141	 iter
69	 9.391738e-33	 142	 iter
70	 9.391738e-33	 144	 iter
71	 9.391738e-33	 146	 iter
72	 9.391738e-33	 147	 iter
73	 9.391738e-33	 149	 iter
74	 9.391738e-33	 151	 iter
75	 9.391738e-33	 153	 iter
76	 9.391738e-33	 154	 iter
77	 9.391738e-33	 156	 iter
78	 9.391738e-33	 157	 iter
79	 9.391738e-33	 158	 iter
80	 9.391738e-33	 160	 iter
81	 9.391738e-33	 162	 iter
82	 9.391738e-33	 163	 iter
83	 9.391738e-33	 165	 iter
84	 9.391738e-33	 167	 iter
85	 9.391738e-33	 169	 iter
86	 9.391738e-33	 170	 iter
87	 9.391738e-33	 172	 iter
88	 9.391738e-33	 174	 iter
89	 9.391738e-33	 175	 iter
90	 9.391738e-33	 176	 iter
91	 9.391738e-33	 178	 iter
92	 9.391738e-33	 179	 iter
93	 9.391738e-33	 181	 iter
94	 9.391738e-33	 183	 iter
95	 9.391738e-33	 185	 iter
96	 9.391738e-33	 186	 iter
97	 9.391738e-33	 188	 iter
98	 9.391738e-33	 190	 iter
99	 9.391738e-33	 192	 iter
100	 9.391738e-33	 193	 iter
101	 9.391738e-33	 194	 iter
102	 9.391738e-33	 195	 iter
103	 9.391738e-33	 197	 iter
104	 9.391738e-33	 199	 iter
105	 9.391738e-33	 201	 iter
106	 9.391738e-33	 203	 iter
107	 9.391738e-33	 205	 iter
108	 9.391738e-33	 206	 iter
109	 9.391738e-33	 207	 iter
110	 9.391738e-33	 209	 iter
111	 9.391738e-33	 210	 iter
112	 9.391738e-33	 212	 iter
113	 9.391738e-33	 213	 iter
114	 9.391738e-33	 215	 iter
115	 9.391738e-33	 216	 iter
116	 9.391738e-33	 218	 iter
117	 9.391738e-33	 219	 iter
118	 9.391738e-33	 221	 iter
119	 9.391738e-33	 223	 iter
120	 9.391738e-33	 224	 iter
121	 9.391738e-33	 226	 iter
122	 9.391738e-33	 228	 iter
123	 9.391738e-33	 230	 iter
124	 9.391738e-33	 232	 iter
125	 9.391738e-33	 234	 iter
126	 9.391738e-33	 235	 iter
127	 9.391738e-33	 236	 iter
128	 9.391738e-33	 238	 iter
129	 9.391738e-33	 240	 iter
130	 9.391738e-33	 241	 iter
131	 9.391738e-33	 242	 iter
132	 9.391738e-33	 243	 iter
133	 9.391738e-33	 244	 iter
134	 9.391738e-33	 245	 iter
135	 9.391738e-33	 247	 iter
136	 9.391738e-33	 248	 iter
137	 9.391738e-33	 249	 iter
138	 9.391738e-33	 250	 iter
139	 9.391738e-33	 251	 iter
140	 9.391738e-33	 253	 iter
141	 9.391738e-33	 254	 iter
142	 9.391738e-33	 255	 iter
143	 9.391738e-33	 257	 iter
144	 9.391738e-33	 259	 iter
145	 9.391738e-33	 261	 iter
146	 9.391738e-33	 263	 iter
147	 9.391738e-33	 265	 iter
148	 9.391738e-33	 267	 iter
149	 9.391738e-33	 268	 iter
150	 9.391738e-33	 270	 iter
151	 9.391738e-33	 272	 iter
152	 9.391738e-33	 273	 iter
153	 9.391738e-33	 275	 iter
154	 9.391738e-33	 276	 iter
155	 9.391738e-33	 277	 iter
156	 9.391738e-33	 278	 iter
157	 9.391738e-33	 280	 iter
158	 9.391738e-33	 282	 iter
159	 9.391738e-33	 284	 iter
160	 9.391738e-33	 286	 iter
161	 9.391738e-33	 288	 iter
162	 9.391738e-33	 289	 iter
163	 9.391738e-33	 291	 iter
164	 9.391738e-33	 292	 iter
165	 9.391738e-33	 293	 iter
166	 9.391738e-33	 294	 iter
167	 9.391738e-33	 295	 iter
168	 9.391738e-33	 296	 iter
169	 9.391738e-33	 297	 iter
170	 9.391738e-33	 298	 iter
171	 9.391738e-33	 300	 iter
172	 9.391738e-33	 301	 iter
173	 9.391738e-33	 302	 iter
173	 9.391738e-33	 302	 done
