0	 6.780617e-33	 1	 init
0	 6.780617e-33	 1	 iter
1	 6.780617e-33	 17	 iter
2	 6.780617e-33	 19	 iter
3	 6.780617e-33	 21	 iter
4	 6.780617e-33	 23	 iter
5	 6.780617e-33	 25	 iter
6	 6.780617e-33	 27	 iter
7	 6.780617e-33	 28	 iter
8	 6.780617e-33	 30	 iter
9	 6.780617e-33	 32	 iter
10	 6.780617e-33	 34	 iter
11	 6.780617e-33	 36	 iter
12	 6.780617e-33	 38	 iter
13	 6.780617e-33	 40	 iter
14	 6.780617e-33	 42	 iter
15	 6.780617e-33	 43	 iter
16	 6.780617e-33	 45	 iter
17	 6.780617e-33	 47	 iter
18	 6.780617e-33	 49	 iter
19	 6.780617e-33	 51	 iter
20	 6.780617e-33	 53	 iter
21	 6.780617e-33	 55	 iter
22	 6.780617e-33	 57	 iter
23	 6.780617e-33	 59	 iter
24	 6.780617e-33	 61	 iter
25	 6.780617e-33	 63	 iter
26	 6.780617e-33	 65	 iter
27	 6.780617e-33	 67	 iter
28	 6.780617e-33	 69	 iter
29	 6.780617e-33	 71	 iter
30	 6.780617e-33	 73	 iter
31	 6.780617e-33	 75	 iter
32	 6.780617e-33	 76	 iter
33	 6.780617e-33	 78	 iter
34	 6.780617e-33	 80	 iter
35	 6.780617e-33	 82	 iter
36	 6.780617e-33	 83	 iter
37	 6.780617e-33	 85	 iter
38	 6.780617e-33	 86	 iter
39	 6.780617e-33	 87	 iter
40	 6.780617e-33	 88	 iter
41	 6.780617e-33	 90	 iter
42	 6.780617e-33	 92	 iter
43	 6.780617e-33	 94	 iter
44	 6.780617e-33	 96	 iter
45	 6.780617e-33	 97	 iter
46	 6.780617e-33	 99	 iter
47	 6.780617e-33	 101	 iter
48	 6.780617e-33	 103	 iter
49	 6.780617e-33	 105	 iter
50	 6.780617e-33	 106	 iter
51	 6.780617e-33	 108	 iter
52	 6.780617e-33	 109	 iter
53	 6.780617e-33	 111	 iter
54	 6.780617e-33	 112	 iter
55	 6.780617e-33	 113	 iter
56	 6.780617e-33	 114	 iter
57	 6.780617e-33	 116	 iter
58	 6.780617e-33	 117	 iter
59	 6.780617e-33	 118	 iter
60	 6.780617e-33	 120	 iter
61	 6.780617e-33	 122	 iter
62	 6.780617e-33	 124	 iter
63	 6.780617e-33	 126	 iter
64	 6.780617e-33	 128	 iter
65	 6.780617e-33	 130	 iter
66	 6.780617e-33	 132	 iter
67	 6.780617e-33	 133	 iter
68	 6.780617e-33	 134	 iter
69	 6.780617e-33	 136	 iter
70	 6.780617e-33	 138	 iter
71	 6.780617e-33	 139	 iter
72	 6.780617e-33	 141	 iter
73	 6.780617e-33	 143	 iter
74	 6.780617e-33	 145	 iter
75	 6.780617e-33	 147	 iter
76	 6.780617e-33	 149	 iter
77	 6.780617e-33	 151	 iter
78	 6.780617e-33	 153	 iter
79	 6.780617e-33	 155	 iter
80	 6.780617e-33	 157	 iter
81	 6.780617e-33	 159	 iter
82	 6.780617e-33	 161	 iter
83	 6.780617e-33	 162	 iter
84	 6.780617e-33	 164	 iter
85	 6.780617e-33	 165	 iter
86	 6.780617e-33	 166	 iter
87	 6.780617e-33	 167	 iter
88	 6.780617e-33	 169	 iter
89	 6.780617e-33	 171	 iter
90	 6.780617e-33	 172	 iter
91	 6.780617e-33	 174	 iter
92	 6.780617e-33	 176	 iter
93	 6.780617e-33	 178	 iter
94	 6.780617e-33	 179	 iter
95	 6.780617e-33	 181	 iter
96	 6.780617e-33	 182	 iter
97	 6.780617e-33	 184	 iter
98	 6.780617e-33	 185	 iter
99	 6.780617e-33	 187	 iter
100	 6.780617e-33	 188	 iter
101	 6.780617e-33	 189	 iter
102	 6.780617e-33	 190	 iter
103	 6.780617e-33	 191	 iter
104	 6.780617e-33	 193	 iter
105	 6.780617e-33	 195	 iter
106	 6.780617e-33	 196	 iter
107	 6.780617e-33	 198	 iter
108	 6.780617e-33	 200	 iter
109	 6.780617e-33	 202	 iter
110	 6.780617e-33	 203	 iter
111	 6.780617e-33	 204	 iter
112	 6.780617e-33	 205	 iter
113	 6.780617e-33	 207	 iter
114	 6.780617e-33	 209	 iter
115	 6.780617e-33	 210	 iter
116	 6.780617e-33	 211	 iter
117	 6.780617e-33	 213	 iter
118	 6.780617e-33	 215	 iter
119	 6.780617e-33	 217	 iter
120	 6.780617e-33	 218	 iter
121	 6.780617e-33	 219	 iter
122	 6.780617e-33	 220	 iter
123	 6.780617e-33	 222	 iter
124	 6.780617e-33	 223	 iter
125	 6.780617e-33	 224	 iter
126	 6.780617e-33	 225	 iter
127	 6.780617e-33	 226	 iter
128	 6.780617e-33	 227	 iter
129	 6.780617e-33	 228	 iter
130	 6.780617e-33	 230	 iter
131	 6.780617e-33	 231	 iter
132	 6.780617e-33	 233	 iter
133	 6.780617e-33	 234	 iter
134	 6.780617e-33	 236	 iter
135	 6.780617e-33	 237	 iter
136	 6.780617e-33	 239	 iter
137	 6.780617e-33	 241	 iter
138	 6.780617e-33	 243	 iter
139	 6.780617e-33	 244	 iter
140	 6.780617e-33	 245	 iter
141	 6.780617e-33	 246	 iter
142	 6.780617e-33	 248	 iter
143	 6.780617e-33	 250	 iter
144	 6.780617e-33	 251	 iter
145	 6.780617e-33	 253	 iter
146	 6.780617e-33	 254	 iter
147	 6.780617e-33	 256	 iter
148	 6.780617e-33	 258	 iter
149	 6.780617e-33	 260	 iter
150	 6.780617e-33	 262	 iter
151	 6.780617e-33	 263	 iter
152	 6.780617e-33	 265	 iter
153	 6.780617e-33	 267	 iter
154	 6.780617e-33	 269	 iter
155	 6.780617e-33	 271	 iter
156	 6.780617e-33	 272	 iter
157	 6.780617e-33	 273	 iter
158	 6.780617e-33	 274	 iter
159	 6.780617e-33	 276	 iter
160	 6.780617e-33	 277	 iter
161	 6.780617e-33	 278	 iter
162	 6.780617e-33	 280	 iter
163	 6.780617e-33	 282	 iter
164	 6.780617e-33	 284	 iter
165	 6.780617e-33	 285	 iter
166	 6.780617e-33	 286	 iter
167	 6.780617e-33	 288	 iter
168	 6.780617e-33	 289	 iter
169	 6.780617e-33	 290	 iter
170	 6.780617e-33	 292	 iter
171	 6.780617e-33	 293	 iter
172	 6.780617e-33	 294	 iter
173	 6.780617e-33	 296	 iter
174	 6.780617e-33	 298	 iter
175	 6.780617e-33	 299	 iter
176	 6.780617e-33	 300	 iter
177	 6.780617e-33	 301	 iter
178	 6.780617e-33	 302	 iter
179	 6.780617e-33	 304	 iter
180	 6.780617e-33	 306	 iter
181	 6.780617e-33	 307	 iter
182	 6.780617e-33	 309	 iter
183	 6.780617e-33	 311	 iter
184	 6.780617e-33	 313	 iter
185	 6.780617e-33	 314	 iter
186	 6.780617e-33	 315	 iter
187	 6.780617e-33	 316	 iter
187	 6.780617e-33	 316	 done
