0	 8.902896e-33	 1	 init
0	 8.902896e-33	 1	 iter
1	 8.902896e-33	 17	 iter
2	 8.902896e-33	 19	 iter
3	 8.902896e-33	 21	 iter
4	 8.902896e-33	 23	 iter
5	 8.902896e-33	 25	 iter
6	 8.902896e-33	 27	 iter
7	 8.902896e-33	 29	 iter
8	 8.902896e-33	 31	 iter
9	 8.902896e-33	 33	 iter
10	 8.902896e-33	 35	 iter
11	 8.902896e-33	 37	 iter
12	 8.902896e-33	 39	 iter
13	 8.902896e-33	 41	 iter
14	 8.902896e-33	 43	 iter
15	 8.902896e-33	 45	 iter
16	 8.902896e-33	 47	 iter
17	 8.902896e-33	 49	 iter
18	 8.902896e-33	 51	 iter
19	 8.902896e-33	 53	 iter
20	 8.902896e-33	 55	 iter
21	 8.902896e-33	 57	 iter
22	 8.902896e-33	 59	 iter
23	 8.902896e-33	 61	 iter
24	 8.902896e-33	 63	 iter
25	 8.902896e-33	 65	 iter
26	 8.902896e-33	 67	 iter
27	 8.902896e-33	 69	 iter
28	 8.902896e-33	 71	 iter
29	 8.902896e-33	 73	 iter
30	 8.902896e-33	 75	 iter
31	 8.902896e-33	 77	 iter
32	 8.902896e-33	 79	 iter
33	 8.902896e-33	 81	 iter
34	 8.902896e-33	 83	 iter
35	 8.902896e-33	 85	 iter
36	 8.902896e-33	 87	 iter
37	 8.902896e-33	 88	 iter
38	 8.902896e-33	 90	 iter
39	 8.902896e-33	 91	 iter
40	 8.902896e-33	 93	 iter
41	 8.902896e-33	 95	 iter
42	 8.902896e-33	 97	 iter
43	 8.902896e-33	 98	 iter
44	 8.902896e-33	 100	 iter
45	 8.902896e-33	 102	 iter
46	 8.902896e-33	 104	 iter
47	 8.902896e-33	 106	 iter
48	 8.902896e-33	 108	 iter
49	 8.902896e-33	 110	 iter
50	 8.902896e-33	 111	 iter
51	 8.902896e-33	 113	 iter
52	 8.902896e-33	 115	 iter
53	 8.902896e-33	 117	 iter
54	 8.902896e-33	 119	 iter
55	 8.902896e-33	 121	 iter
56	 8.902896e-33	 122	 iter
57	 8.902896e-33	 124	 iter
58	 8.902896e-33	 126	 iter
59	 8.902896e-33	 128	 iter
60	 8.902896e-33	 129	 iter
61	 8.902896e-33	 131	 iter
62	 8.902896e-33	 133	 iter
63	 8.902896e-33	 134	 iter
64	 8.902896e-33	 136	 iter
65	 8.902896e-33	 138	 iter
66	 8.902896e-33	 140	 iter
67	 8.902896e-33	 142	 iter
68	 8.902896e-33	 143	 iter
69	 8.902896e-33	 145	 iter
70	 8.902896e-33	 147	 iter
71	 8.902896e-33	 149	 iter
72	 8.902896e-33	 151	 iter
73	 8.902896e-33	 153	 iter
74	 8.902896e-33	 154	 iter
75	 8.902896e-33	 156	 iter
76	 8.902896e-33	 158	 iter
77	 8.902896e-33	 160	 iter
78	 8.902896e-33	 162	 iter
79	 8.902896e-33	 164	 iter
80	 8.902896e-33	 165	 iter
81	 8.902896e-33	 167	 iter
82	 8.902896e-33	 169	 iter
83	 8.902896e-33	 171	 iter
84	 8.902896e-33	 173	 iter
85	 8.902896e-33	 175	 iter
86	 8.902896e-33	 177	 iter
87	 8.902896e-33	 178	 iter
88	 8.902896e-33	 179	 iter
89	 8.902896e-33	 181	 iter
90	 8.902896e-33	 182	 iter
91	 8.902896e-33	 183	 iter
92	 8.902896e-33	 185	 iter
93	 8.902896e-33	 187	 iter
94	 8.902896e-33	 188	 iter
95	 8.902896e-33	 190	 iter
96	 8.902896e-33	 191	 iter
97	 8.902896e-33	 193	 iter
98	 8.902896e-33	 194	 iter
99	 8.902896e-33	 195	 iter
100	 8.902896e-33	 197	 iter
101	 8.902896e-33	 198	 iter
102	 8.902896e-33	 200	 iter
103	 8.902896e-33	 202	 iter
104	 8.902896e-33	 203	 iter
105	 8.902896e-33	 205	 iter
106	 8.902896e-33	 207	 iter
107	 8.902896e-33	 208	 iter
108	 8.902896e-33	 209	 iter
109	 8.902896e-33	 210	 iter
110	 8.902896e-33	 211	 iter
111	 8.902896e-33	 213	 iter
112	 8.902896e-33	 215	 iter
113	 8.902896e-33	 216	 iter
114	 8.902896e-33	 217	 iter
115	 8.902896e-33	 218	 iter
116	 8.902896e-33	 220	 iter
117	 8.902896e-33	 221	 iter
118	 8.902896e-33	 223	 iter
119	 8.902896e-33	 225	 iter
120	 8.902896e-33	 226	 iter
121	 8.902896e-33	 227	 iter
122	 8.902896e-33	 228	 iter
123	 8.902896e-33	 229	 iter
124	 8.902896e-33	 230	 iter
125	 8.902896e-33	 232	 iter
126	 8.902896e-33	 233	 iter
127	 8.902896e-33	 235	 iter
128	 8.902896e-33	 236	 iter
129	 8.902896e-33	 237	 iter
130	 8.902896e-33	 239	 iter
131	 8.902896e-33	 240	 iter
132	 8.902896e-33	 242	 iter
133	 8.902896e-33	 244	 iter
134	 8.902896e-33	 245	 iter
135	 8.902896e-33	 247	 iter
136	 8.902896e-33	 249	 iter
137	 8.902896e-33	 250	 iter
138	 8.902896e-33	 251	 iter
139	 8.902896e-33	 253	 iter
140	 8.902896e-33	 255	 iter
141	 8.902896e-33	 257	 iter
142	 8.902896e-33	 258	 iter
143	 8.902896e-33	 259	 iter
144	 8.902896e-33	 261	 iter
145	 8.902896e-33	 262	 iter
146	 8.902896e-33	 264	 iter
147	 8.902896e-33	 266	 iter
148	 8.902896e-33	 268	 iter
149	 8.902896e-33	 270	 iter
150	 8.902896e-33	 272	 iter
151	 8.902896e-33	 273	 iter
152	 8.902896e-33	 274	 iter
153	 8.902896e-33	 276	 iter
154	 8.902896e-33	 278	 iter
155	 8.902896e-33	 279	 iter
156	 8.902896e-33	 280	 iter
157	 8.902896e-33	 281	 iter
158	 8.902896e-33	 282	 iter
159	 8.902896e-33	 284	 iter
160	 8.902896e-33	 286	 iter
161	 8.902896e-33	 288	 iter
162	 8.902896e-33	 289	 iter
163	 8.902896e-33	 291	 iter
164	 8.902896e-33	 292	 iter
165	 8.902896e-33	 293	 iter
166	 8.902896e-33	 294	 iter
167	 8.902896e-33	 295	 iter
168	 8.902896e-33	 296	 iter
169	 8.902896e-33	 297	 iter
170	 8.902896e-33	 299	 iter
171	 8.902896e-33	 300	 iter
172	 8.902896e-33	 301	 iter
173	 8.902896e-33	 303	 iter
174	 8.902896e-33	 305	 iter
175	 8.902896e-33	 307	 iter
176	 8.902896e-33	 309	 iter
177	 8.902896e-33	 310	 iter
177	 8.902896e-33	 310	 done
