0	 1.096675e-03	 1	 init
0	 1.096675e-03	 1	 iter
1	 9.620745e-04	 17	 iter
2	 9.344356e-04	 19	 iter
3	 9.344356e-04	 20	 iter
4	 9.344356e-04	 21	 iter
5	 9.344356e-04	 22	 iter
6	 9.344356e-04	 23	 iter
7	 9.344356e-04	 24	 iter
8	 9.038294e-04	 26	 iter
9	 9.038294e-04	 27	 iter
10	 9.038294e-04	 28	 iter
11	 9.038294e-04	 29	 iter
12	 9.038294e-04	 30	 iter
13	 9.038294e-04	 31	 iter
14	 9.038294e-04	 32	 iter
15	 9.038294e-04	 33	 iter
16	 9.038294e-04	 34	 iter
17	 9.038294e-04	 36	 iter
18	 9.038294e-04	 38	 iter
19	 9.038294e-04	 40	 iter
20	 9.038294e-04	 42	 iter
21	 8.729196e-04	 44	 iter
22	 8.729196e-04	 45	 iter
23	 8.729196e-04	 46	 iter
24	 8.729196e-04	 47	 iter
25	 8.729196e-04	 49	 iter
26	 8.729196e-04	 51	 iter
27	 8.729196e-04	 52	 iter
28	 8.729196e-04	 53	 iter
29	 8.729196e-04	 54	 iter
30	 8.729196e-04	 55	 iter
31	 8.729196e-04	 56	 iter
32	 8.729196e-04	 57	 iter
33	 8.729196e-04	 58	 iter
34	 8.729196e-04	 59	 iter
35	 8.729196e-04	 61	 iter
36	 8.729196e-04	 63	 iter
37	 8.543050e-04	 65	 iter
38	 8.543050e-04	 66	 iter
39	 8.543050e-04	 67	 iter
40	 8.543050e-04	 68	 iter
41	 8.543050e-04	 69	 iter
42	 8.543050e-04	 70	 iter
43	 8.410131e-04	 72	 iter
44	 8.410131e-04	 73	 iter
45	 8.410131e-04	 74	 iter
46	 8.410131e-04	 75	 iter
47	 8.410131e-04	 76	 iter
48	 8.410131e-04	 77	 iter
49	 8.410131e-04	 78	 iter
50	 8.410131e-04	 79	 iter
51	 8.410131e-04	 80	 iter
52	 8.410131e-04	 81	 iter
53	 8.410131e-04	 82	 iter
54	 8.410131e-04	 83	 iter
55	 8.410131e-04	 84	 iter
56	 8.369644e-04	 86	 iter
57	 8.369644e-04	 88	 iter
58	 8.369644e-04	 89	 iter
59	 8.369644e-04	 90	 iter
60	 8.304452e-04	 92	 iter
61	 8.304452e-04	 93	 iter
62	 8.304452e-04	 95	 iter
63	 8.304452e-04	 96	 iter
64	 8.304452e-04	 98	 iter
65	 8.304452e-04	 100	 iter
66	 8.304452e-04	 101	 iter
67	 8.304452e-04	 102	 iter
68	 8.304452e-04	 104	 iter
69	 8.304452e-04	 105	 iter
70	 8.304452e-04	 107	 iter
71	 8.304452e-04	 109	 iter
72	 8.304452e-04	 110	 iter
73	 8.304452e-04	 112	 iter
74	 8.295568e-04	 114	 iter
75	 8.295568e-04	 115	 iter
76	 8.253816e-04	 117	 iter
77	 8.253816e-04	 118	 iter
78	 8.253816e-04	 120	 iter
79	 8.253816e-04	 121	 iter
80	 8.253816e-04	 122	 iter
81	 8.253816e-04	 123	 iter
82	 8.253816e-04	 124	 iter
83	 8.253816e-04	 125	 iter
84	 8.171535e-04	 127	 iter
85	 8.171535e-04	 129	 iter
86	 8.171535e-04	 130	 iter
87	 8.171535e-04	 131	 iter
88	 8.171535e-04	 132	 iter
89	 8.171535e-04	 133	 iter
90	 8.171535e-04	 134	 iter
91	 8.171535e-04	 135	 iter
92	 8.171535e-04	 137	 iter
93	 8.171535e-04	 138	 iter
94	 8.171535e-04	 139	 iter
95	 8.171535e-04	 141	 iter
96	 8.171535e-04	 142	 iter
97	 8.171535e-04	 143	 iter
98	 8.171535e-04	 144	 iter
99	 8.171535e-04	 145	 iter
100	 8.171535e-04	 146	 iter
101	 8.171535e-04	 148	 iter
102	 8.114709e-04	 150	 iter
103	 8.114709e-04	 151	 iter
104	 8.114709e-04	 152	 iter
105	 8.114709e-04	 153	 iter
106	 8.114709e-04	 154	 iter
107	 8.114709e-04	 155	 iter
108	 8.085394e-04	 157	 iter
109	 8.085394e-04	 158	 iter
110	 8.085394e-04	 159	 iter
111	 8.085394e-04	 160	 iter
112	 8.085394e-04	 161	 iter
113	 8.085394e-04	 162	 iter
114	 8.085394e-04	 164	 iter
115	 8.085394e-04	 165	 iter
116	 8.023096e-04	 167	 iter
117	 8.023096e-04	 168	 iter
118	 8.023096e-04	 169	 iter
119	 8.023096e-04	 171	 iter
120	 8.023096e-04	 172	 iter
121	 8.023096e-04	 173	 iter
122	 8.023096e-04	 174	 iter
123	 8.023096e-04	 175	 iter
124	 8.023096e-04	 176	 iter
125	 7.965408e-04	 178	 iter
126	 7.965408e-04	 179	 iter
127	 7.965408e-04	 180	 iter
128	 7.965408e-04	 181	 iter
129	 7.965408e-04	 182	 iter
130	 7.888153e-04	 184	 iter
131	 7.774473e-04	 186	 iter
132	 7.774473e-04	 187	 iter
133	 7.774473e-04	 188	 iter
134	 7.774473e-04	 189	 iter
135	 7.774473e-04	 190	 iter
136	 7.774473e-04	 191	 iter
137	 7.774473e-04	 192	 iter
138	 7.774473e-04	 193	 iter
139	 7.726038e-04	 195	 iter
140	 7.538094e-04	 197	 iter
141	 7.538094e-04	 198	 iter
142	 7.538094e-04	 199	 iter
143	 7.538094e-04	 200	 iter
144	 7.538094e-04	 201	 iter
145	 7.538094e-04	 202	 iter
146	 7.538094e-04	 203	 iter
147	 7.538094e-04	 204	 iter
148	 7.538094e-04	 205	 iter
149	 7.468652e-04	 207	 iter
150	 7.468652e-04	 208	 iter
151	 7.468652e-04	 209	 iter
152	 7.377209e-04	 211	 iter
153	 7.257412e-04	 213	 iter
154	 7.257412e-04	 214	 iter
155	 7.257412e-04	 215	 iter
156	 7.025255e-04	 217	 iter
157	 7.025255e-04	 218	 iter
158	 7.025255e-04	 219	 iter
159	 7.025255e-04	 220	 iter
160	 7.025255e-04	 221	 iter
161	 7.025255e-04	 222	 iter
162	 7.025255e-04	 223	 iter
163	 6.937273e-04	 225	 iter
164	 6.937273e-04	 226	 iter
165	 6.937273e-04	 227	 iter
166	 6.761526e-04	 229	 iter
167	 6.529357e-04	 231	 iter
168	 6.529357e-04	 232	 iter
169	 6.529357e-04	 233	 iter
170	 6.529357e-04	 234	 iter
171	 6.529357e-04	 235	 iter
172	 6.181993e-04	 237	 iter
173	 6.181993e-04	 238	 iter
174	 6.181993e-04	 239	 iter
175	 6.181993e-04	 240	 iter
176	 6.181993e-04	 241	 iter
177	 6.181993e-04	 242	 iter
178	 6.181993e-04	 243	 iter
179	 5.872646e-04	 245	 iter
180	 5.872646e-04	 246	 iter
181	 5.872646e-04	 247	 iter
182	 5.872646e-04	 248	 iter
183	 5.872646e-04	 249	 iter
184	 5.872646e-04	 250	 iter
185	 5.872646e-04	 251	 iter
186	 5.872646e-04	 252	 iter
187	 5.872646e-04	 253	 iter
188	 5.872646e-04	 254	 iter
189	 5.872646e-04	 255	 iter
190	 5.872646e-04	 256	 iter
191	 5.872646e-04	 257	 iter
192	 5.872646e-04	 258	 iter
193	 5.872646e-04	 259	 iter
194	 5.872646e-04	 260	 iter
195	 5.872646e-04	 261	 iter
196	 5.872646e-04	 262	 iter
197	 5.872646e-04	 263	 iter
198	 5.872646e-04	 264	 iter
199	 5.872646e-04	 266	 iter
200	 5.872646e-04	 268	 iter
201	 5.872646e-04	 270	 iter
202	 5.872646e-04	 272	 iter
203	 5.872646e-04	 273	 iter
204	 5.872646e-04	 274	 iter
205	 5.872646e-04	 275	 iter
206	 5.872646e-04	 276	 iter
207	 5.872646e-04	 277	 iter
208	 5.872646e-04	 278	 iter
209	 5.872646e-04	 279	 iter
210	 5.872646e-04	 281	 iter
211	 5.870160e-04	 283	 iter
212	 5.866009e-04	 285	 iter
213	 5.866009e-04	 286	 iter
214	 5.862560e-04	 288	 iter
215	 5.855471e-04	 290	 iter
216	 5.855471e-04	 291	 iter
217	 5.855471e-04	 292	 iter
218	 5.845888e-04	 294	 iter
219	 5.845888e-04	 295	 iter
220	 5.845888e-04	 296	 iter
221	 5.845888e-04	 297	 iter
222	 5.845888e-04	 298	 iter
223	 5.845888e-04	 299	 iter
224	 5.838982e-04	 301	 iter
225	 5.838982e-04	 302	 iter
226	 5.810109e-04	 304	 iter
227	 5.810109e-04	 305	 iter
228	 5.810109e-04	 306	 iter
229	 5.790355e-04	 308	 iter
230	 5.790355e-04	 309	 iter
231	 5.787516e-04	 311	 iter
232	 5.787516e-04	 313	 iter
233	 5.777492e-04	 315	 iter
234	 5.777120e-04	 317	 iter
235	 5.777120e-04	 319	 iter
236	 5.766761e-04	 321	 iter
237	 5.766761e-04	 323	 iter
238	 5.766761e-04	 324	 iter
239	 5.766761e-04	 326	 iter
240	 5.766761e-04	 328	 iter
241	 5.751012e-04	 330	 iter
242	 5.751012e-04	 332	 iter
243	 5.751012e-04	 334	 iter
244	 5.751012e-04	 336	 iter
245	 5.733897e-04	 338	 iter
246	 5.733897e-04	 340	 iter
247	 5.733897e-04	 342	 iter
248	 5.733897e-04	 343	 iter
249	 5.733897e-04	 344	 iter
250	 5.733897e-04	 345	 iter
251	 5.733897e-04	 346	 iter
252	 5.733897e-04	 348	 iter
253	 5.717116e-04	 350	 iter
254	 5.717116e-04	 351	 iter
255	 5.717116e-04	 352	 iter
256	 5.717116e-04	 353	 iter
257	 5.696221e-04	 355	 iter
258	 5.696221e-04	 356	 iter
259	 5.696221e-04	 357	 iter
260	 5.696221e-04	 358	 iter
261	 5.696221e-04	 359	 iter
262	 5.696221e-04	 360	 iter
263	 5.696221e-04	 361	 iter
264	 5.696221e-04	 363	 iter
265	 5.696221e-04	 365	 iter
266	 5.696221e-04	 366	 iter
267	 5.696221e-04	 367	 iter
268	 5.696221e-04	 368	 iter
269	 5.695404e-04	 370	 iter
270	 5.695404e-04	 371	 iter
271	 5.695404e-04	 372	 iter
272	 5.695404e-04	 373	 iter
273	 5.695404e-04	 374	 iter
274	 5.693910e-04	 376	 iter
275	 5.693910e-04	 378	 iter
276	 5.693910e-04	 379	 iter
277	 5.693910e-04	 380	 iter
278	 5.693910e-04	 381	 iter
279	 5.693910e-04	 382	 iter
280	 5.693910e-04	 384	 iter
281	 5.693910e-04	 385	 iter
282	 5.690445e-04	 387	 iter
283	 5.690445e-04	 388	 iter
284	 5.690445e-04	 389	 iter
285	 5.668459e-04	 391	 iter
286	 5.656649e-04	 393	 iter
287	 5.656649e-04	 395	 iter
288	 5.656649e-04	 396	 iter
289	 5.656649e-04	 397	 iter
290	 5.656649e-04	 398	 iter
291	 5.656649e-04	 399	 iter
292	 5.642879e-04	 401	 iter
293	 5.642879e-04	 402	 iter
294	 5.642879e-04	 403	 iter
295	 5.604507e-04	 405	 iter
296	 5.604507e-04	 406	 iter
297	 5.604507e-04	 407	 iter
298	 5.604507e-04	 408	 iter
299	 5.604507e-04	 409	 iter
300	 5.604507e-04	 410	 iter
301	 5.604507e-04	 411	 iter
302	 5.604507e-04	 412	 iter
303	 5.561838e-04	 414	 iter
304	 5.561838e-04	 415	 iter
305	 5.561838e-04	 416	 iter
306	 5.561838e-04	 417	 iter
307	 5.561838e-04	 418	 iter
308	 5.561838e-04	 419	 iter
309	 5.561838e-04	 420	 iter
310	 5.561838e-04	 421	 iter
311	 5.530314e-04	 423	 iter
312	 5.530314e-04	 424	 iter
313	 5.530314e-04	 425	 iter
314	 5.504528e-04	 427	 iter
315	 5.504528e-04	 428	 iter
316	 5.504528e-04	 429	 iter
317	 5.446632e-04	 431	 iter
318	 5.446632e-04	 432	 iter
319	 5.446632e-04	 433	 iter
320	 5.446632e-04	 434	 iter
321	 5.383970e-04	 436	 iter
322	 5.383970e-04	 437	 iter
323	 5.383970e-04	 438	 iter
324	 5.383970e-04	 439	 iter
325	 5.383970e-04	 440	 iter
326	 5.383970e-04	 441	 iter
327	 5.383970e-04	 442	 iter
328	 5.383970e-04	 443	 iter
329	 5.280395e-04	 445	 iter
330	 5.280395e-04	 446	 iter
331	 5.280395e-04	 447	 iter
332	 5.280395e-04	 448	 iter
333	 5.280395e-04	 449	 iter
334	 5.280395e-04	 450	 iter
335	 5.189451e-04	 452	 iter
336	 5.189451e-04	 453	 iter
337	 5.189451e-04	 454	 iter
338	 5.189451e-04	 455	 iter
339	 5.074292e-04	 457	 iter
340	 5.074292e-04	 458	 iter
341	 5.074292e-04	 459	 iter
342	 5.074292e-04	 460	 iter
343	 5.074292e-04	 461	 iter
344	 5.074292e-04	 462	 iter
345	 5.074292e-04	 463	 iter
346	 5.074292e-04	 464	 iter
347	 4.969176e-04	 466	 iter
348	 4.969176e-04	 467	 iter
349	 4.969176e-04	 468	 iter
350	 4.969176e-04	 469	 iter
351	 4.842700e-04	 471	 iter
352	 4.842700e-04	 472	 iter
353	 4.842700e-04	 473	 iter
354	 4.625997e-04	 475	 iter
355	 4.625997e-04	 476	 iter
356	 4.625997e-04	 477	 iter
357	 4.625997e-04	 478	 iter
358	 4.625997e-04	 479	 iter
359	 4.625997e-04	 480	 iter
360	 4.625997e-04	 481	 iter
361	 4.625997e-04	 482	 iter
362	 4.625997e-04	 483	 iter
363	 4.625997e-04	 484	 iter
364	 4.596643e-04	 486	 iter
365	 4.318574e-04	 488	 iter
366	 4.318574e-04	 489	 iter
367	 4.318574e-04	 490	 iter
368	 4.318574e-04	 491	 iter
369	 4.318574e-04	 492	 iter
370	 4.318574e-04	 493	 iter
371	 4.318574e-04	 494	 iter
372	 4.309243e-04	 496	 iter
373	 4.309243e-04	 497	 iter
374	 4.098290e-04	 499	 iter
375	 4.098290e-04	 500	 iter
376	 3.939350e-04	 502	 iter
377	 3.939350e-04	 503	 iter
378	 3.939350e-04	 504	 iter
379	 3.939350e-04	 505	 iter
380	 3.939350e-04	 506	 iter
381	 3.808110e-04	 508	 iter
382	 3.808110e-04	 509	 iter
383	 3.670945e-04	 511	 iter
384	 3.670945e-04	 512	 iter
385	 3.670945e-04	 513	 iter
386	 3.342514e-04	 515	 iter
387	 3.342514e-04	 516	 iter
388	 3.342514e-04	 517	 iter
389	 3.342514e-04	 518	 iter
390	 3.342514e-04	 519	 iter
391	 3.342514e-04	 520	 iter
392	 3.297632e-04	 522	 iter
393	 3.297632e-04	 523	 iter
394	 3.297632e-04	 524	 iter
395	 3.297632e-04	 525	 iter
396	 3.297632e-04	 526	 iter
397	 3.294055e-04	 528	 iter
398	 3.294055e-04	 529	 iter
399	 3.028112e-04	 531	 iter
400	 3.028112e-04	 532	 iter
401	 3.028112e-04	 534	 iter
402	 3.028112e-04	 536	 iter
403	 3.028112e-04	 537	 iter
404	 3.028112e-04	 538	 iter
405	 3.028112e-04	 539	 iter
406	 3.028112e-04	 540	 iter
407	 3.028112e-04	 541	 iter
408	 3.028112e-04	 542	 iter
409	 3.028112e-04	 543	 iter
410	 3.028112e-04	 545	 iter
411	 3.028112e-04	 546	 iter
412	 3.028112e-04	 547	 iter
413	 3.028112e-04	 549	 iter
414	 3.028112e-04	 550	 iter
415	 3.028112e-04	 551	 iter
416	 3.028112e-04	 553	 iter
417	 3.028112e-04	 555	 iter
418	 3.028112e-04	 557	 iter
419	 3.028112e-04	 558	 iter
420	 3.028112e-04	 559	 iter
421	 3.028112e-04	 560	 iter
422	 2.990149e-04	 562	 iter
423	 2.990149e-04	 563	 iter
424	 2.990149e-04	 565	 iter
425	 2.990149e-04	 566	 iter
426	 2.990149e-04	 568	 iter
427	 2.990149e-04	 570	 iter
428	 2.990149e-04	 571	 iter
429	 2.990149e-04	 572	 iter
430	 2.990149e-04	 574	 iter
431	 2.990149e-04	 575	 iter
432	 2.990149e-04	 576	 iter
433	 2.990149e-04	 577	 iter
434	 2.990149e-04	 579	 iter
435	 2.990149e-04	 580	 iter
436	 2.990149e-04	 581	 iter
437	 2.990149e-04	 582	 iter
438	 2.990149e-04	 584	 iter
439	 2.990149e-04	 585	 iter
440	 2.979895e-04	 587	 iter
441	 2.952786e-04	 589	 iter
442	 2.952786e-04	 591	 iter
443	 2.952786e-04	 593	 iter
444	 2.952786e-04	 594	 iter
445	 2.952786e-04	 595	 iter
446	 2.952786e-04	 596	 iter
447	 2.952786e-04	 598	 iter
448	 2.952786e-04	 599	 iter
449	 2.952786e-04	 600	 iter
450	 2.952786e-04	 601	 iter
451	 2.952786e-04	 602	 iter
452	 2.952786e-04	 603	 iter
453	 2.952786e-04	 605	 iter
454	 2.952786e-04	 606	 iter
455	 2.952786e-04	 608	 iter
456	 2.952786e-04	 610	 iter
457	 2.952786e-04	 612	 iter
458	 2.951023e-04	 614	 iter
459	 2.951023e-04	 616	 iter
460	 2.951023e-04	 617	 iter
461	 2.947510e-04	 619	 iter
462	 2.939300e-04	 621	 iter
463	 2.939300e-04	 622	 iter
464	 2.939300e-04	 623	 iter
465	 2.939300e-04	 625	 iter
466	 2.937786e-04	 627	 iter
467	 2.934341e-04	 629	 iter
468	 2.933920e-04	 631	 iter
469	 2.933920e-04	 632	 iter
470	 2.933920e-04	 634	 iter
471	 2.932889e-04	 636	 iter
472	 2.932889e-04	 638	 iter
473	 2.932889e-04	 639	 iter
474	 2.932889e-04	 641	 iter
475	 2.932599e-04	 643	 iter
476	 2.923073e-04	 645	 iter
477	 2.923073e-04	 646	 iter
478	 2.923073e-04	 647	 iter
479	 2.923073e-04	 648	 iter
480	 2.923073e-04	 649	 iter
481	 2.923073e-04	 651	 iter
482	 2.923073e-04	 653	 iter
483	 2.923073e-04	 655	 iter
484	 2.923073e-04	 657	 iter
485	 2.923073e-04	 659	 iter
486	 2.923073e-04	 661	 iter
487	 2.923073e-04	 663	 iter
488	 2.923073e-04	 665	 iter
489	 2.923073e-04	 666	 iter
490	 2.923073e-04	 667	 iter
491	 2.923073e-04	 668	 iter
492	 2.923073e-04	 669	 iter
493	 2.923073e-04	 670	 iter
494	 2.921269e-04	 672	 iter
495	 2.921269e-04	 674	 iter
496	 2.919342e-04	 676	 iter
497	 2.919342e-04	 677	 iter
498	 2.919342e-04	 678	 iter
499	 2.919327e-04	 680	 iter
500	 2.919327e-04	 681	 iter
501	 2.919327e-04	 683	 iter
502	 2.918658e-04	 685	 iter
503	 2.918658e-04	 687	 iter
504	 2.918658e-04	 688	 iter
505	 2.917081e-04	 690	 iter
506	 2.912015e-04	 692	 iter
507	 2.912015e-04	 693	 iter
508	 2.912015e-04	 694	 iter
509	 2.912015e-04	 695	 iter
510	 2.912015e-04	 696	 iter
511	 2.912015e-04	 697	 iter
512	 2.907482e-04	 699	 iter
513	 2.907482e-04	 701	 iter
514	 2.907482e-04	 702	 iter
515	 2.905447e-04	 704	 iter
516	 2.904969e-04	 706	 iter
517	 2.904969e-04	 707	 iter
518	 2.904969e-04	 708	 iter
519	 2.904969e-04	 709	 iter
520	 2.904969e-04	 710	 iter
521	 2.904969e-04	 711	 iter
522	 2.904969e-04	 712	 iter
523	 2.904969e-04	 713	 iter
524	 2.904969e-04	 714	 iter
525	 2.904969e-04	 715	 iter
526	 2.904969e-04	 717	 iter
527	 2.901642e-04	 719	 iter
528	 2.886972e-04	 721	 iter
529	 2.886972e-04	 722	 iter
530	 2.886972e-04	 723	 iter
531	 2.886972e-04	 724	 iter
532	 2.886972e-04	 725	 iter
533	 2.886972e-04	 726	 iter
534	 2.886972e-04	 727	 iter
535	 2.886972e-04	 728	 iter
536	 2.886972e-04	 729	 iter
537	 2.886972e-04	 730	 iter
538	 2.886972e-04	 731	 iter
539	 2.886972e-04	 732	 iter
540	 2.886972e-04	 733	 iter
541	 2.886972e-04	 734	 iter
542	 2.881345e-04	 736	 iter
543	 2.881345e-04	 737	 iter
544	 2.881345e-04	 738	 iter
545	 2.881345e-04	 739	 iter
546	 2.881345e-04	 740	 iter
547	 2.881345e-04	 741	 iter
548	 2.878135e-04	 743	 iter
549	 2.877403e-04	 745	 iter
550	 2.877403e-04	 746	 iter
551	 2.877403e-04	 747	 iter
552	 2.862114e-04	 749	 iter
553	 2.862114e-04	 750	 iter
554	 2.862114e-04	 751	 iter
555	 2.862114e-04	 752	 iter
556	 2.862114e-04	 753	 iter
557	 2.862114e-04	 754	 iter
558	 2.851881e-04	 756	 iter
559	 2.851881e-04	 757	 iter
560	 2.851881e-04	 758	 iter
561	 2.851881e-04	 759	 iter
562	 2.851881e-04	 760	 iter
563	 2.851881e-04	 761	 iter
564	 2.851881e-04	 762	 iter
565	 2.851881e-04	 763	 iter
566	 2.851412e-04	 765	 iter
567	 2.851412e-04	 766	 iter
568	 2.834857e-04	 768	 iter
569	 2.834857e-04	 769	 iter
570	 2.834857e-04	 770	 iter
571	 2.834857e-04	 771	 iter
572	 2.834857e-04	 772	 iter
573	 2.834857e-04	 773	 iter
574	 2.834857e-04	 774	 iter
575	 2.830578e-04	 776	 iter
576	 2.814035e-04	 778	 iter
577	 2.814035e-04	 779	 iter
578	 2.814035e-04	 780	 iter
579	 2.814035e-04	 781	 iter
580	 2.814035e-04	 782	 iter
581	 2.814035e-04	 783	 iter
582	 2.804625e-04	 785	 iter
583	 2.788010e-04	 787	 iter
584	 2.788010e-04	 788	 iter
585	 2.788010e-04	 789	 iter
586	 2.788010e-04	 790	 iter
587	 2.788010e-04	 791	 iter
588	 2.788010e-04	 792	 iter
589	 2.788010e-04	 793	 iter
590	 2.788010e-04	 794	 iter
591	 2.788010e-04	 795	 iter
592	 2.785837e-04	 797	 iter
593	 2.783286e-04	 799	 iter
594	 2.761979e-04	 801	 iter
595	 2.761979e-04	 802	 iter
596	 2.761979e-04	 803	 iter
597	 2.761979e-04	 804	 iter
598	 2.754328e-04	 806	 iter
599	 2.754328e-04	 807	 iter
600	 2.754328e-04	 808	 iter
601	 2.754328e-04	 809	 iter
602	 2.754328e-04	 810	 iter
603	 2.754328e-04	 811	 iter
604	 2.754328e-04	 812	 iter
605	 2.754328e-04	 813	 iter
606	 2.746274e-04	 815	 iter
607	 2.746274e-04	 817	 iter
608	 2.741133e-04	 819	 iter
609	 2.741133e-04	 820	 iter
610	 2.741133e-04	 822	 iter
611	 2.741133e-04	 823	 iter
612	 2.741133e-04	 824	 iter
613	 2.735936e-04	 826	 iter
614	 2.735936e-04	 827	 iter
615	 2.735936e-04	 828	 iter
616	 2.735936e-04	 829	 iter
617	 2.735936e-04	 830	 iter
618	 2.735936e-04	 831	 iter
619	 2.735936e-04	 832	 iter
620	 2.735936e-04	 833	 iter
621	 2.735936e-04	 834	 iter
622	 2.735936e-04	 835	 iter
623	 2.735936e-04	 836	 iter
624	 2.735936e-04	 837	 iter
625	 2.735936e-04	 839	 iter
626	 2.723611e-04	 841	 iter
627	 2.723611e-04	 842	 iter
628	 2.723611e-04	 843	 iter
629	 2.723611e-04	 844	 iter
630	 2.723611e-04	 845	 iter
631	 2.723611e-04	 846	 iter
632	 2.723611e-04	 847	 iter
633	 2.723611e-04	 849	 iter
634	 2.723611e-04	 850	 iter
635	 2.723611e-04	 852	 iter
636	 2.716242e-04	 854	 iter
637	 2.716242e-04	 855	 iter
638	 2.716242e-04	 856	 iter
639	 2.716242e-04	 857	 iter
640	 2.710970e-04	 859	 iter
641	 2.710970e-04	 860	 iter
642	 2.708808e-04	 862	 iter
643	 2.708808e-04	 863	 iter
644	 2.708808e-04	 864	 iter
645	 2.708808e-04	 866	 iter
646	 2.708808e-04	 867	 iter
647	 2.708808e-04	 868	 iter
648	 2.708808e-04	 869	 iter
649	 2.708808e-04	 870	 iter
650	 2.708808e-04	 871	 iter
651	 2.708808e-04	 872	 iter
652	 2.708808e-04	 873	 iter
653	 2.708808e-04	 875	 iter
654	 2.706390e-04	 877	 iter
655	 2.706390e-04	 878	 iter
656	 2.706390e-04	 879	 iter
657	 2.706390e-04	 880	 iter
658	 2.706390e-04	 881	 iter
659	 2.706390e-04	 882	 iter
660	 2.706390e-04	 883	 iter
661	 2.706390e-04	 884	 iter
662	 2.706390e-04	 886	 iter
663	 2.706390e-04	 888	 iter
664	 2.706390e-04	 889	 iter
665	 2.704510e-04	 891	 iter
666	 2.704510e-04	 893	 iter
667	 2.704510e-04	 894	 iter
668	 2.704510e-04	 895	 iter
669	 2.704510e-04	 896	 iter
670	 2.698260e-04	 898	 iter
671	 2.698260e-04	 899	 iter
672	 2.698260e-04	 900	 iter
673	 2.698260e-04	 902	 iter
674	 2.698260e-04	 904	 iter
675	 2.698260e-04	 905	 iter
676	 2.698260e-04	 907	 iter
677	 2.698260e-04	 909	 iter
678	 2.698260e-04	 910	 iter
679	 2.698260e-04	 911	 iter
680	 2.698260e-04	 913	 iter
681	 2.698260e-04	 914	 iter
682	 2.697599e-04	 916	 iter
683	 2.697599e-04	 917	 iter
684	 2.697599e-04	 918	 iter
685	 2.693368e-04	 920	 iter
686	 2.693368e-04	 921	 iter
687	 2.692541e-04	 923	 iter
688	 2.692541e-04	 924	 iter
689	 2.687332e-04	 926	 iter
690	 2.687332e-04	 928	 iter
691	 2.687332e-04	 930	 iter
692	 2.687332e-04	 931	 iter
693	 2.687332e-04	 932	 iter
694	 2.687332e-04	 933	 iter
695	 2.687332e-04	 934	 iter
696	 2.687332e-04	 935	 iter
697	 2.687332e-04	 936	 iter
698	 2.687332e-04	 937	 iter
699	 2.687332e-04	 938	 iter
700	 2.685380e-04	 940	 iter
701	 2.685380e-04	 941	 iter
702	 2.685380e-04	 943	 iter
703	 2.685380e-04	 944	 iter
704	 2.685380e-04	 946	 iter
705	 2.681321e-04	 948	 iter
706	 2.681321e-04	 949	 iter
707	 2.681321e-04	 950	 iter
708	 2.681321e-04	 951	 iter
709	 2.681321e-04	 952	 iter
710	 2.681321e-04	 953	 iter
711	 2.681321e-04	 954	 iter
712	 2.679448e-04	 956	 iter
713	 2.679448e-04	 957	 iter
714	 2.679448e-04	 958	 iter
715	 2.679448e-04	 959	 iter
716	 2.679448e-04	 961	 iter
717	 2.679448e-04	 962	 iter
718	 2.679448e-04	 964	 iter
719	 2.679448e-04	 965	 iter
720	 2.679448e-04	 966	 iter
721	 2.678287e-04	 968	 iter
722	 2.678287e-04	 969	 iter
723	 2.678287e-04	 970	 iter
724	 2.675861e-04	 972	 iter
725	 2.673952e-04	 974	 iter
726	 2.673952e-04	 975	 iter
727	 2.673952e-04	 976	 iter
728	 2.673952e-04	 978	 iter
729	 2.673952e-04	 979	 iter
730	 2.673952e-04	 980	 iter
731	 2.673952e-04	 982	 iter
732	 2.673952e-04	 983	 iter
733	 2.673952e-04	 985	 iter
734	 2.673952e-04	 986	 iter
735	 2.673952e-04	 987	 iter
736	 2.673952e-04	 988	 iter
737	 2.673952e-04	 989	 iter
738	 2.673952e-04	 990	 iter
739	 2.673952e-04	 992	 iter
740	 2.673952e-04	 993	 iter
741	 2.673952e-04	 994	 iter
742	 2.673952e-04	 995	 iter
743	 2.673952e-04	 996	 iter
744	 2.673952e-04	 997	 iter
745	 2.673952e-04	 998	 iter
746	 2.673952e-04	 999	 iter
747	 2.673952e-04	 1000	 iter
748	 2.673952e-04	 1002	 iter
749	 2.673952e-04	 1003	 iter
750	 2.673952e-04	 1005	 iter
751	 2.673952e-04	 1006	 iter
752	 2.673952e-04	 1007	 iter
753	 2.673952e-04	 1008	 iter
754	 2.673861e-04	 1010	 iter
755	 2.673598e-04	 1012	 iter
756	 2.673598e-04	 1013	 iter
757	 2.669186e-04	 1015	 iter
758	 2.669186e-04	 1016	 iter
759	 2.669186e-04	 1018	 iter
760	 2.669186e-04	 1020	 iter
761	 2.669186e-04	 1021	 iter
762	 2.669186e-04	 1022	 iter
763	 2.669186e-04	 1023	 iter
764	 2.669186e-04	 1024	 iter
765	 2.669186e-04	 1026	 iter
766	 2.669186e-04	 1027	 iter
767	 2.669186e-04	 1028	 iter
768	 2.669186e-04	 1029	 iter
769	 2.669186e-04	 1031	 iter
770	 2.669186e-04	 1032	 iter
771	 2.669186e-04	 1033	 iter
772	 2.669186e-04	 1034	 iter
773	 2.669186e-04	 1035	 iter
774	 2.669186e-04	 1036	 iter
775	 2.669186e-04	 1037	 iter
776	 2.669186e-04	 1038	 iter
777	 2.669186e-04	 1039	 iter
778	 2.669186e-04	 1041	 iter
779	 2.668705e-04	 1043	 iter
780	 2.668705e-04	 1044	 iter
781	 2.668705e-04	 1045	 iter
782	 2.668051e-04	 1047	 iter
783	 2.667929e-04	 1049	 iter
784	 2.667929e-04	 1050	 iter
785	 2.665871e-04	 1052	 iter
786	 2.665871e-04	 1053	 iter
787	 2.665871e-04	 1054	 iter
788	 2.665871e-04	 1055	 iter
789	 2.665871e-04	 1056	 iter
790	 2.665846e-04	 1058	 iter
791	 2.665399e-04	 1060	 iter
792	 2.662997e-04	 1062	 iter
793	 2.662997e-04	 1063	 iter
794	 2.662997e-04	 1064	 iter
795	 2.662997e-04	 1065	 iter
796	 2.659786e-04	 1067	 iter
797	 2.659786e-04	 1068	 iter
798	 2.659786e-04	 1069	 iter
799	 2.659786e-04	 1070	 iter
800	 2.659786e-04	 1071	 iter
801	 2.659786e-04	 1072	 iter
802	 2.659786e-04	 1073	 iter
803	 2.657939e-04	 1075	 iter
804	 2.657939e-04	 1076	 iter
805	 2.654232e-04	 1078	 iter
806	 2.654232e-04	 1079	 iter
807	 2.654232e-04	 1080	 iter
808	 2.654232e-04	 1081	 iter
809	 2.654232e-04	 1082	 iter
810	 2.654232e-04	 1083	 iter
811	 2.652237e-04	 1085	 iter
812	 2.652237e-04	 1086	 iter
813	 2.652237e-04	 1087	 iter
814	 2.651430e-04	 1089	 iter
815	 2.649596e-04	 1091	 iter
816	 2.649596e-04	 1092	 iter
817	 2.649596e-04	 1093	 iter
818	 2.640415e-04	 1095	 iter
819	 2.640415e-04	 1096	 iter
820	 2.640415e-04	 1097	 iter
821	 2.640415e-04	 1098	 iter
822	 2.640415e-04	 1099	 iter
823	 2.640415e-04	 1100	 iter
824	 2.640415e-04	 1101	 iter
825	 2.640415e-04	 1102	 iter
826	 2.640415e-04	 1103	 iter
827	 2.635817e-04	 1105	 iter
828	 2.635817e-04	 1106	 iter
829	 2.635817e-04	 1107	 iter
830	 2.635817e-04	 1108	 iter
831	 2.635817e-04	 1109	 iter
832	 2.632058e-04	 1111	 iter
833	 2.632058e-04	 1112	 iter
834	 2.625490e-04	 1114	 iter
835	 2.625490e-04	 1115	 iter
836	 2.625490e-04	 1116	 iter
837	 2.625490e-04	 1118	 iter
838	 2.625490e-04	 1119	 iter
839	 2.625490e-04	 1120	 iter
840	 2.625490e-04	 1121	 iter
841	 2.625490e-04	 1122	 iter
842	 2.625490e-04	 1123	 iter
843	 2.625490e-04	 1124	 iter
844	 2.625490e-04	 1125	 iter
845	 2.625490e-04	 1126	 iter
846	 2.624306e-04	 1128	 iter
847	 2.612671e-04	 1130	 iter
848	 2.612671e-04	 1131	 iter
849	 2.612671e-04	 1132	 iter
850	 2.612671e-04	 1133	 iter
851	 2.612671e-04	 1134	 iter
852	 2.612671e-04	 1135	 iter
853	 2.612671e-04	 1136	 iter
854	 2.612671e-04	 1138	 iter
855	 2.612671e-04	 1139	 iter
856	 2.612671e-04	 1140	 iter
857	 2.612671e-04	 1141	 iter
858	 2.612671e-04	 1142	 iter
859	 2.612671e-04	 1143	 iter
860	 2.612671e-04	 1144	 iter
861	 2.607154e-04	 1146	 iter
862	 2.607154e-04	 1147	 iter
863	 2.607154e-04	 1148	 iter
864	 2.607154e-04	 1149	 iter
865	 2.607154e-04	 1150	 iter
866	 2.607154e-04	 1151	 iter
867	 2.607154e-04	 1152	 iter
868	 2.607154e-04	 1153	 iter
869	 2.607078e-04	 1155	 iter
870	 2.607078e-04	 1156	 iter
871	 2.607078e-04	 1157	 iter
872	 2.606812e-04	 1159	 iter
873	 2.606454e-04	 1161	 iter
874	 2.606454e-04	 1163	 iter
875	 2.606454e-04	 1164	 iter
876	 2.605315e-04	 1166	 iter
877	 2.605315e-04	 1167	 iter
878	 2.601631e-04	 1169	 iter
879	 2.601631e-04	 1170	 iter
880	 2.601631e-04	 1171	 iter
881	 2.601631e-04	 1172	 iter
882	 2.601631e-04	 1174	 iter
883	 2.601631e-04	 1175	 iter
884	 2.601631e-04	 1176	 iter
885	 2.601631e-04	 1178	 iter
886	 2.601631e-04	 1179	 iter
887	 2.601631e-04	 1180	 iter
888	 2.600373e-04	 1182	 iter
889	 2.600373e-04	 1184	 iter
890	 2.600373e-04	 1185	 iter
891	 2.600373e-04	 1186	 iter
892	 2.600373e-04	 1188	 iter
893	 2.600373e-04	 1189	 iter
894	 2.600373e-04	 1190	 iter
895	 2.600373e-04	 1192	 iter
896	 2.600373e-04	 1193	 iter
897	 2.600373e-04	 1194	 iter
898	 2.600373e-04	 1196	 iter
899	 2.600373e-04	 1198	 iter
900	 2.600373e-04	 1199	 iter
901	 2.596667e-04	 1201	 iter
902	 2.596667e-04	 1202	 iter
903	 2.596667e-04	 1203	 iter
904	 2.596667e-04	 1204	 iter
905	 2.596667e-04	 1205	 iter
906	 2.596667e-04	 1206	 iter
907	 2.596667e-04	 1207	 iter
908	 2.595173e-04	 1209	 iter
909	 2.595173e-04	 1211	 iter
910	 2.595173e-04	 1212	 iter
911	 2.595173e-04	 1213	 iter
912	 2.595173e-04	 1215	 iter
913	 2.595173e-04	 1216	 iter
914	 2.595173e-04	 1217	 iter
915	 2.595173e-04	 1218	 iter
916	 2.594992e-04	 1220	 iter
917	 2.594992e-04	 1221	 iter
918	 2.594687e-04	 1223	 iter
919	 2.592549e-04	 1225	 iter
920	 2.592549e-04	 1226	 iter
921	 2.592549e-04	 1227	 iter
922	 2.592549e-04	 1228	 iter
923	 2.592549e-04	 1229	 iter
924	 2.592216e-04	 1231	 iter
925	 2.585826e-04	 1233	 iter
926	 2.585826e-04	 1234	 iter
927	 2.585826e-04	 1235	 iter
928	 2.585826e-04	 1236	 iter
929	 2.585826e-04	 1237	 iter
930	 2.585826e-04	 1238	 iter
931	 2.585826e-04	 1239	 iter
932	 2.583286e-04	 1241	 iter
933	 2.580491e-04	 1243	 iter
934	 2.580491e-04	 1244	 iter
935	 2.580491e-04	 1245	 iter
936	 2.580491e-04	 1246	 iter
937	 2.580491e-04	 1247	 iter
938	 2.580491e-04	 1248	 iter
939	 2.580491e-04	 1249	 iter
940	 2.580491e-04	 1250	 iter
941	 2.580091e-04	 1252	 iter
942	 2.580091e-04	 1253	 iter
943	 2.580091e-04	 1254	 iter
944	 2.580091e-04	 1255	 iter
945	 2.578365e-04	 1257	 iter
946	 2.578365e-04	 1258	 iter
947	 2.577809e-04	 1260	 iter
948	 2.569897e-04	 1262	 iter
949	 2.569897e-04	 1263	 iter
950	 2.569897e-04	 1264	 iter
951	 2.569897e-04	 1265	 iter
952	 2.569897e-04	 1266	 iter
953	 2.569897e-04	 1267	 iter
954	 2.569897e-04	 1268	 iter
955	 2.569897e-04	 1269	 iter
956	 2.569897e-04	 1270	 iter
957	 2.569897e-04	 1271	 iter
958	 2.569897e-04	 1272	 iter
959	 2.566024e-04	 1274	 iter
960	 2.566024e-04	 1275	 iter
961	 2.566024e-04	 1276	 iter
962	 2.566024e-04	 1277	 iter
963	 2.566024e-04	 1278	 iter
964	 2.566024e-04	 1279	 iter
965	 2.566024e-04	 1280	 iter
966	 2.565325e-04	 1282	 iter
967	 2.565325e-04	 1283	 iter
968	 2.565325e-04	 1284	 iter
969	 2.555539e-04	 1286	 iter
970	 2.555539e-04	 1287	 iter
971	 2.555539e-04	 1288	 iter
972	 2.555539e-04	 1289	 iter
973	 2.555539e-04	 1290	 iter
974	 2.555539e-04	 1291	 iter
975	 2.555539e-04	 1292	 iter
976	 2.555539e-04	 1293	 iter
977	 2.555539e-04	 1295	 iter
978	 2.555539e-04	 1296	 iter
979	 2.555539e-04	 1297	 iter
980	 2.555539e-04	 1298	 iter
981	 2.555539e-04	 1299	 iter
982	 2.555539e-04	 1300	 iter
983	 2.555539e-04	 1301	 iter
984	 2.555539e-04	 1302	 iter
985	 2.554126e-04	 1304	 iter
986	 2.554126e-04	 1305	 iter
987	 2.553431e-04	 1307	 iter
988	 2.549506e-04	 1309	 iter
989	 2.549506e-04	 1310	 iter
990	 2.549506e-04	 1311	 iter
991	 2.548000e-04	 1313	 iter
992	 2.548000e-04	 1315	 iter
993	 2.546015e-04	 1317	 iter
994	 2.546015e-04	 1318	 iter
995	 2.545987e-04	 1320	 iter
996	 2.545987e-04	 1321	 iter
997	 2.545726e-04	 1323	 iter
998	 2.545726e-04	 1324	 iter
999	 2.545726e-04	 1325	 iter
1000	 2.545726e-04	 1326	 iter
1001	 2.545726e-04	 1327	 iter
1002	 2.539048e-04	 1329	 iter
1003	 2.539048e-04	 1330	 iter
1004	 2.536721e-04	 1332	 iter
1005	 2.536721e-04	 1333	 iter
1006	 2.536721e-04	 1334	 iter
1007	 2.533748e-04	 1336	 iter
1008	 2.519446e-04	 1338	 iter
1009	 2.519446e-04	 1339	 iter
1010	 2.519446e-04	 1340	 iter
1011	 2.519446e-04	 1341	 iter
1012	 2.519446e-04	 1342	 iter
1013	 2.519446e-04	 1343	 iter
1014	 2.519446e-04	 1344	 iter
1015	 2.519446e-04	 1345	 iter
1016	 2.519446e-04	 1346	 iter
1017	 2.519446e-04	 1348	 iter
1018	 2.519446e-04	 1349	 iter
1019	 2.519446e-04	 1350	 iter
1020	 2.519446e-04	 1351	 iter
1021	 2.516707e-04	 1353	 iter
1022	 2.516707e-04	 1354	 iter
1023	 2.501324e-04	 1356	 iter
1024	 2.501324e-04	 1357	 iter
1025	 2.501324e-04	 1358	 iter
1026	 2.501324e-04	 1359	 iter
1027	 2.501324e-04	 1360	 iter
1028	 2.501324e-04	 1361	 iter
1029	 2.501324e-04	 1362	 iter
1030	 2.501324e-04	 1363	 iter
1031	 2.496928e-04	 1365	 iter
1032	 2.477689e-04	 1367	 iter
1033	 2.477689e-04	 1368	 iter
1034	 2.477689e-04	 1369	 iter
1035	 2.477689e-04	 1370	 iter
1036	 2.477689e-04	 1371	 iter
1037	 2.477689e-04	 1372	 iter
1038	 2.477689e-04	 1373	 iter
1039	 2.477689e-04	 1374	 iter
1040	 2.466616e-04	 1376	 iter
1041	 2.466616e-04	 1377	 iter
1042	 2.466616e-04	 1378	 iter
1043	 2.466616e-04	 1379	 iter
1044	 2.466616e-04	 1380	 iter
1045	 2.466616e-04	 1381	 iter
1046	 2.466163e-04	 1383	 iter
1047	 2.466163e-04	 1384	 iter
1048	 2.430629e-04	 1386	 iter
1049	 2.430629e-04	 1387	 iter
1050	 2.430629e-04	 1388	 iter
1051	 2.430629e-04	 1389	 iter
1052	 2.430629e-04	 1390	 iter
1053	 2.430629e-04	 1391	 iter
1054	 2.430629e-04	 1392	 iter
1055	 2.430629e-04	 1393	 iter
1056	 2.430629e-04	 1394	 iter
1057	 2.430629e-04	 1395	 iter
1058	 2.430629e-04	 1396	 iter
1059	 2.427117e-04	 1398	 iter
1060	 2.420244e-04	 1400	 iter
1061	 2.420244e-04	 1401	 iter
1062	 2.420244e-04	 1402	 iter
1063	 2.420244e-04	 1403	 iter
1064	 2.412084e-04	 1405	 iter
1065	 2.405484e-04	 1407	 iter
1066	 2.383670e-04	 1409	 iter
1067	 2.383670e-04	 1410	 iter
1068	 2.383670e-04	 1411	 iter
1069	 2.364203e-04	 1413	 iter
1070	 2.364203e-04	 1414	 iter
1071	 2.364203e-04	 1415	 iter
1072	 2.364203e-04	 1416	 iter
1073	 2.364203e-04	 1417	 iter
1074	 2.364203e-04	 1418	 iter
1075	 2.364203e-04	 1419	 iter
1076	 2.320675e-04	 1421	 iter
1077	 2.320675e-04	 1422	 iter
1078	 2.320675e-04	 1423	 iter
1079	 2.320675e-04	 1424	 iter
1080	 2.320675e-04	 1425	 iter
1081	 2.320675e-04	 1426	 iter
1082	 2.320675e-04	 1427	 iter
1083	 2.320675e-04	 1428	 iter
1084	 2.320675e-04	 1429	 iter
1085	 2.305374e-04	 1431	 iter
1086	 2.305374e-04	 1432	 iter
1087	 2.305374e-04	 1433	 iter
1088	 2.305374e-04	 1434	 iter
1089	 2.291748e-04	 1436	 iter
1090	 2.291748e-04	 1437	 iter
1091	 2.205942e-04	 1439	 iter
1092	 2.205942e-04	 1440	 iter
1093	 2.205942e-04	 1441	 iter
1094	 2.205942e-04	 1442	 iter
1095	 2.205942e-04	 1443	 iter
1096	 2.205942e-04	 1444	 iter
1097	 2.205942e-04	 1445	 iter
1098	 2.205942e-04	 1446	 iter
1099	 2.205942e-04	 1447	 iter
1100	 2.161991e-04	 1449	 iter
1101	 2.161991e-04	 1450	 iter
1102	 2.161991e-04	 1451	 iter
1103	 2.161991e-04	 1452	 iter
1104	 2.161991e-04	 1453	 iter
1105	 2.161991e-04	 1454	 iter
1106	 2.161991e-04	 1455	 iter
1107	 2.161991e-04	 1456	 iter
1108	 2.143985e-04	 1458	 iter
1109	 2.143985e-04	 1459	 iter
1110	 2.143985e-04	 1460	 iter
1111	 2.142347e-04	 1462	 iter
1112	 2.121572e-04	 1464	 iter
1113	 2.121572e-04	 1465	 iter
1114	 2.121572e-04	 1466	 iter
1115	 2.121572e-04	 1467	 iter
1116	 2.113249e-04	 1469	 iter
1117	 2.113249e-04	 1470	 iter
1118	 2.112791e-04	 1472	 iter
1119	 2.090983e-04	 1474	 iter
1120	 2.090983e-04	 1475	 iter
1121	 2.085273e-04	 1477	 iter
1122	 2.082261e-04	 1479	 iter
1123	 2.082261e-04	 1480	 iter
1124	 2.082261e-04	 1481	 iter
1125	 2.082261e-04	 1482	 iter
1126	 2.079180e-04	 1484	 iter
1127	 2.079180e-04	 1485	 iter
1128	 2.079180e-04	 1486	 iter
1129	 2.071654e-04	 1488	 iter
1130	 2.064863e-04	 1490	 iter
1131	 2.064863e-04	 1491	 iter
1132	 2.055807e-04	 1493	 iter
1133	 2.055807e-04	 1494	 iter
1134	 2.055807e-04	 1495	 iter
1135	 2.055807e-04	 1496	 iter
1136	 2.055807e-04	 1498	 iter
1137	 2.055807e-04	 1499	 iter
1138	 2.055807e-04	 1500	 iter
1139	 2.055807e-04	 1501	 iter
1140	 2.055807e-04	 1503	 iter
1141	 2.055807e-04	 1505	 iter
1142	 2.055807e-04	 1506	 iter
1143	 2.055807e-04	 1508	 iter
1144	 2.055807e-04	 1509	 iter
1145	 2.055807e-04	 1511	 iter
1146	 2.055807e-04	 1512	 iter
1147	 2.055807e-04	 1514	 iter
1148	 2.046268e-04	 1516	 iter
1149	 2.046268e-04	 1517	 iter
1150	 2.046268e-04	 1519	 iter
1151	 2.046268e-04	 1521	 iter
1152	 2.046268e-04	 1522	 iter
1153	 2.046268e-04	 1524	 iter
1154	 2.046268e-04	 1525	 iter
1155	 2.046268e-04	 1527	 iter
1156	 2.046268e-04	 1529	 iter
1157	 2.046268e-04	 1530	 iter
1158	 2.046268e-04	 1531	 iter
1159	 2.046268e-04	 1533	 iter
1160	 2.046268e-04	 1534	 iter
1161	 2.046268e-04	 1535	 iter
1162	 2.046268e-04	 1536	 iter
1163	 2.046268e-04	 1537	 iter
1164	 2.046268e-04	 1538	 iter
1165	 2.046268e-04	 1539	 iter
1166	 2.046268e-04	 1541	 iter
1167	 2.046268e-04	 1543	 iter
1168	 2.040718e-04	 1545	 iter
1169	 2.040718e-04	 1546	 iter
1170	 2.040718e-04	 1547	 iter
1171	 2.035958e-04	 1549	 iter
1172	 2.035958e-04	 1550	 iter
1173	 2.035958e-04	 1552	 iter
1174	 2.035958e-04	 1553	 iter
1175	 2.035958e-04	 1555	 iter
1176	 2.035958e-04	 1557	 iter
1177	 2.035958e-04	 1558	 iter
1178	 2.035958e-04	 1560	 iter
1179	 2.034781e-04	 1562	 iter
1180	 2.034781e-04	 1563	 iter
1181	 2.034781e-04	 1564	 iter
1182	 2.034781e-04	 1565	 iter
1183	 2.034781e-04	 1566	 iter
1184	 2.034781e-04	 1567	 iter
1185	 2.034781e-04	 1569	 iter
1186	 2.033269e-04	 1571	 iter
1187	 2.033269e-04	 1572	 iter
1188	 2.033269e-04	 1573	 iter
1189	 2.033269e-04	 1574	 iter
1190	 2.033269e-04	 1575	 iter
1191	 2.033269e-04	 1576	 iter
1192	 2.033269e-04	 1577	 iter
1193	 2.030831e-04	 1579	 iter
1194	 2.030831e-04	 1581	 iter
1195	 2.030831e-04	 1582	 iter
1196	 2.030831e-04	 1583	 iter
1197	 2.030831e-04	 1585	 iter
1198	 2.030831e-04	 1586	 iter
1199	 2.030831e-04	 1587	 iter
1200	 2.029292e-04	 1589	 iter
1201	 2.027922e-04	 1591	 iter
1202	 2.027922e-04	 1592	 iter
1203	 2.027922e-04	 1593	 iter
1204	 2.027922e-04	 1594	 iter
1205	 2.027922e-04	 1595	 iter
1206	 2.027922e-04	 1596	 iter
1207	 2.027922e-04	 1597	 iter
1208	 2.027751e-04	 1599	 iter
1209	 2.027751e-04	 1600	 iter
1210	 2.027751e-04	 1602	 iter
1211	 2.027751e-04	 1603	 iter
1212	 2.027751e-04	 1605	 iter
1213	 2.027751e-04	 1607	 iter
1214	 2.024819e-04	 1609	 iter
1215	 2.024819e-04	 1610	 iter
1216	 2.024819e-04	 1611	 iter
1217	 2.024819e-04	 1612	 iter
1218	 2.023690e-04	 1614	 iter
1219	 2.023690e-04	 1615	 iter
1220	 2.023690e-04	 1616	 iter
1221	 2.023690e-04	 1617	 iter
1222	 2.023690e-04	 1619	 iter
1223	 2.023690e-04	 1621	 iter
1224	 2.023690e-04	 1622	 iter
1225	 2.023690e-04	 1624	 iter
1226	 2.023690e-04	 1626	 iter
1227	 2.023690e-04	 1628	 iter
1228	 2.023690e-04	 1629	 iter
1229	 2.023192e-04	 1631	 iter
1230	 2.022344e-04	 1633	 iter
1231	 2.022344e-04	 1634	 iter
1232	 2.022344e-04	 1635	 iter
1233	 2.022344e-04	 1637	 iter
1234	 2.022344e-04	 1639	 iter
1235	 2.022344e-04	 1640	 iter
1236	 2.022344e-04	 1641	 iter
1237	 2.022344e-04	 1642	 iter
1238	 2.022344e-04	 1643	 iter
1239	 2.022344e-04	 1645	 iter
1240	 2.021820e-04	 1647	 iter
1241	 2.021820e-04	 1648	 iter
1242	 2.021820e-04	 1649	 iter
1243	 2.021820e-04	 1650	 iter
1244	 2.021820e-04	 1651	 iter
1245	 2.021820e-04	 1652	 iter
1246	 2.021730e-04	 1654	 iter
1247	 2.021517e-04	 1656	 iter
1248	 2.021517e-04	 1657	 iter
1249	 2.021517e-04	 1658	 iter
1250	 2.021517e-04	 1659	 iter
1251	 2.021517e-04	 1660	 iter
1252	 2.021517e-04	 1662	 iter
1253	 2.020947e-04	 1664	 iter
1254	 2.020947e-04	 1665	 iter
1255	 2.020746e-04	 1667	 iter
1256	 2.020746e-04	 1669	 iter
1257	 2.020746e-04	 1671	 iter
1258	 2.020746e-04	 1672	 iter
1259	 2.020126e-04	 1674	 iter
1260	 2.020126e-04	 1675	 iter
1261	 2.019882e-04	 1677	 iter
1262	 2.019882e-04	 1679	 iter
1263	 2.019613e-04	 1681	 iter
1264	 2.019613e-04	 1683	 iter
1265	 2.019613e-04	 1684	 iter
1266	 2.019613e-04	 1686	 iter
1267	 2.019613e-04	 1687	 iter
1268	 2.019613e-04	 1689	 iter
1269	 2.019613e-04	 1690	 iter
1270	 2.019613e-04	 1691	 iter
1271	 2.019613e-04	 1692	 iter
1272	 2.019613e-04	 1693	 iter
1273	 2.019613e-04	 1694	 iter
1274	 2.019613e-04	 1695	 iter
1275	 2.019613e-04	 1696	 iter
1276	 2.018826e-04	 1698	 iter
1277	 2.018826e-04	 1699	 iter
1278	 2.018826e-04	 1700	 iter
1279	 2.018826e-04	 1701	 iter
1280	 2.018826e-04	 1702	 iter
1281	 2.018826e-04	 1703	 iter
1282	 2.018826e-04	 1704	 iter
1283	 2.018826e-04	 1706	 iter
1284	 2.018826e-04	 1707	 iter
1285	 2.018826e-04	 1708	 iter
1286	 2.018826e-04	 1709	 iter
1287	 2.018462e-04	 1711	 iter
1288	 2.018462e-04	 1712	 iter
1289	 2.018462e-04	 1713	 iter
1290	 2.018462e-04	 1714	 iter
1291	 2.018462e-04	 1715	 iter
1292	 2.018127e-04	 1717	 iter
1293	 2.018127e-04	 1718	 iter
1294	 2.018127e-04	 1719	 iter
1295	 2.018127e-04	 1720	 iter
1296	 2.018127e-04	 1721	 iter
1297	 2.018127e-04	 1722	 iter
1298	 2.018127e-04	 1723	 iter
1299	 2.018127e-04	 1725	 iter
1300	 2.018127e-04	 1727	 iter
1301	 2.018127e-04	 1728	 iter
1302	 2.018127e-04	 1729	 iter
1303	 2.018127e-04	 1730	 iter
1304	 2.018127e-04	 1731	 iter
1305	 2.016714e-04	 1733	 iter
1306	 2.016714e-04	 1734	 iter
1307	 2.016714e-04	 1735	 iter
1308	 2.016714e-04	 1736	 iter
1309	 2.016714e-04	 1737	 iter
1310	 2.016714e-04	 1738	 iter
1311	 2.016714e-04	 1739	 iter
1312	 2.016714e-04	 1741	 iter
1313	 2.016714e-04	 1742	 iter
1314	 2.016714e-04	 1743	 iter
1315	 2.016714e-04	 1744	 iter
1316	 2.016714e-04	 1746	 iter
1317	 2.016714e-04	 1747	 iter
1318	 2.016714e-04	 1748	 iter
1319	 2.016714e-04	 1749	 iter
1320	 2.016714e-04	 1750	 iter
1321	 2.016714e-04	 1751	 iter
1322	 2.016714e-04	 1752	 iter
1323	 2.016250e-04	 1754	 iter
1324	 2.016250e-04	 1755	 iter
1325	 2.016250e-04	 1756	 iter
1326	 2.016250e-04	 1757	 iter
1327	 2.016250e-04	 1758	 iter
1328	 2.016250e-04	 1759	 iter
1329	 2.016245e-04	 1761	 iter
1330	 2.014713e-04	 1763	 iter
1331	 2.014713e-04	 1764	 iter
1332	 2.014713e-04	 1765	 iter
1333	 2.014713e-04	 1766	 iter
1334	 2.014713e-04	 1767	 iter
1335	 2.014713e-04	 1768	 iter
1336	 2.014713e-04	 1769	 iter
1337	 2.014713e-04	 1770	 iter
1338	 2.014713e-04	 1771	 iter
1339	 2.014713e-04	 1772	 iter
1340	 2.014369e-04	 1774	 iter
1341	 2.014369e-04	 1775	 iter
1342	 2.014369e-04	 1776	 iter
1343	 2.014369e-04	 1777	 iter
1344	 2.014266e-04	 1779	 iter
1345	 2.014043e-04	 1781	 iter
1346	 2.014017e-04	 1783	 iter
1347	 2.014017e-04	 1784	 iter
1348	 2.014017e-04	 1786	 iter
1349	 2.013771e-04	 1788	 iter
1350	 2.013643e-04	 1790	 iter
1351	 2.013643e-04	 1791	 iter
1352	 2.013418e-04	 1793	 iter
1353	 2.013418e-04	 1794	 iter
1354	 2.013418e-04	 1795	 iter
1355	 2.012107e-04	 1797	 iter
1356	 2.012107e-04	 1798	 iter
1357	 2.012107e-04	 1799	 iter
1358	 2.012107e-04	 1800	 iter
1359	 2.012107e-04	 1801	 iter
1360	 2.012107e-04	 1802	 iter
1361	 2.012000e-04	 1804	 iter
1362	 2.012000e-04	 1805	 iter
1363	 2.011654e-04	 1807	 iter
1364	 2.011654e-04	 1808	 iter
1365	 2.011465e-04	 1810	 iter
1366	 2.011465e-04	 1811	 iter
1367	 2.011082e-04	 1813	 iter
1368	 2.011082e-04	 1814	 iter
1369	 2.011082e-04	 1815	 iter
1370	 2.010990e-04	 1817	 iter
1371	 2.010990e-04	 1818	 iter
1372	 2.010990e-04	 1819	 iter
1373	 2.008757e-04	 1821	 iter
1374	 2.008757e-04	 1822	 iter
1375	 2.008757e-04	 1823	 iter
1376	 2.008757e-04	 1824	 iter
1377	 2.008757e-04	 1825	 iter
1378	 2.008757e-04	 1826	 iter
1379	 2.008757e-04	 1827	 iter
1380	 2.008757e-04	 1828	 iter
1381	 2.006915e-04	 1830	 iter
1382	 2.006915e-04	 1831	 iter
1383	 2.006915e-04	 1832	 iter
1384	 2.006915e-04	 1833	 iter
1385	 2.006915e-04	 1834	 iter
1386	 2.006915e-04	 1835	 iter
1387	 2.006915e-04	 1836	 iter
1388	 2.006915e-04	 1837	 iter
1389	 2.006915e-04	 1838	 iter
1390	 2.006853e-04	 1840	 iter
1391	 2.005943e-04	 1842	 iter
1392	 2.005943e-04	 1843	 iter
1393	 2.005755e-04	 1845	 iter
1394	 2.005755e-04	 1846	 iter
1395	 2.005561e-04	 1848	 iter
1396	 2.004844e-04	 1850	 iter
1397	 2.004789e-04	 1852	 iter
1398	 2.004789e-04	 1853	 iter
1399	 2.003377e-04	 1855	 iter
1400	 2.002287e-04	 1857	 iter
1401	 2.002287e-04	 1858	 iter
1402	 1.999110e-04	 1860	 iter
1403	 1.999110e-04	 1861	 iter
1404	 1.999110e-04	 1862	 iter
1405	 1.999110e-04	 1863	 iter
1406	 1.999110e-04	 1864	 iter
1407	 1.996535e-04	 1866	 iter
1408	 1.996535e-04	 1867	 iter
1409	 1.996535e-04	 1868	 iter
1410	 1.996535e-04	 1869	 iter
1411	 1.993066e-04	 1871	 iter
1412	 1.993066e-04	 1872	 iter
1413	 1.993066e-04	 1873	 iter
1414	 1.993066e-04	 1874	 iter
1415	 1.988686e-04	 1876	 iter
1416	 1.988686e-04	 1877	 iter
1417	 1.988686e-04	 1878	 iter
1418	 1.988686e-04	 1879	 iter
1419	 1.988686e-04	 1880	 iter
1420	 1.982782e-04	 1882	 iter
1421	 1.982782e-04	 1883	 iter
1422	 1.982782e-04	 1884	 iter
1423	 1.982782e-04	 1885	 iter
1424	 1.982782e-04	 1886	 iter
1425	 1.974888e-04	 1888	 iter
1426	 1.974888e-04	 1889	 iter
1427	 1.974888e-04	 1890	 iter
1428	 1.974888e-04	 1891	 iter
1429	 1.974888e-04	 1892	 iter
1430	 1.974888e-04	 1893	 iter
1431	 1.971746e-04	 1895	 iter
1432	 1.971746e-04	 1896	 iter
1433	 1.971746e-04	 1897	 iter
1434	 1.963047e-04	 1899	 iter
1435	 1.963047e-04	 1900	 iter
1436	 1.963047e-04	 1901	 iter
1437	 1.963047e-04	 1902	 iter
1438	 1.950643e-04	 1904	 iter
1439	 1.950643e-04	 1905	 iter
1440	 1.950643e-04	 1906	 iter
1441	 1.950643e-04	 1907	 iter
1442	 1.950643e-04	 1908	 iter
1443	 1.950643e-04	 1909	 iter
1444	 1.944768e-04	 1911	 iter
1445	 1.944768e-04	 1912	 iter
1446	 1.944768e-04	 1913	 iter
1447	 1.934918e-04	 1915	 iter
1448	 1.934918e-04	 1916	 iter
1449	 1.934918e-04	 1917	 iter
1450	 1.934918e-04	 1918	 iter
1451	 1.934918e-04	 1919	 iter
1452	 1.910971e-04	 1921	 iter
1453	 1.910971e-04	 1922	 iter
1454	 1.910971e-04	 1923	 iter
1455	 1.910971e-04	 1924	 iter
1456	 1.910971e-04	 1925	 iter
1457	 1.910971e-04	 1926	 iter
1458	 1.910971e-04	 1927	 iter
1459	 1.910971e-04	 1928	 iter
1460	 1.910971e-04	 1929	 iter
1461	 1.910971e-04	 1930	 iter
1462	 1.910971e-04	 1931	 iter
1463	 1.900807e-04	 1933	 iter
1464	 1.882794e-04	 1935	 iter
1465	 1.882794e-04	 1936	 iter
1466	 1.882794e-04	 1937	 iter
1467	 1.882794e-04	 1938	 iter
1468	 1.865049e-04	 1940	 iter
1469	 1.865049e-04	 1941	 iter
1470	 1.865049e-04	 1942	 iter
1471	 1.865049e-04	 1943	 iter
1472	 1.865049e-04	 1944	 iter
1473	 1.865049e-04	 1945	 iter
1474	 1.850491e-04	 1947	 iter
1475	 1.850491e-04	 1948	 iter
1476	 1.823764e-04	 1950	 iter
1477	 1.823764e-04	 1951	 iter
1478	 1.823764e-04	 1952	 iter
1479	 1.823764e-04	 1953	 iter
1480	 1.823764e-04	 1954	 iter
1481	 1.823764e-04	 1955	 iter
1482	 1.823764e-04	 1956	 iter
1483	 1.823764e-04	 1957	 iter
1484	 1.816097e-04	 1959	 iter
1485	 1.816097e-04	 1960	 iter
1486	 1.765954e-04	 1962	 iter
1487	 1.765954e-04	 1963	 iter
1488	 1.765954e-04	 1964	 iter
1489	 1.765954e-04	 1965	 iter
1490	 1.765954e-04	 1966	 iter
1491	 1.765954e-04	 1967	 iter
1492	 1.765954e-04	 1968	 iter
1493	 1.765954e-04	 1969	 iter
1494	 1.765954e-04	 1970	 iter
1495	 1.765954e-04	 1971	 iter
1496	 1.764291e-04	 1973	 iter
1497	 1.764291e-04	 1974	 iter
1498	 1.747224e-04	 1976	 iter
1499	 1.747224e-04	 1977	 iter
1500	 1.747224e-04	 1978	 iter
1501	 1.743351e-04	 1980	 iter
1502	 1.743351e-04	 1981	 iter
1503	 1.743351e-04	 1982	 iter
1504	 1.730697e-04	 1984	 iter
1505	 1.729648e-04	 1986	 iter
1506	 1.716947e-04	 1988	 iter
1507	 1.707431e-04	 1990	 iter
1508	 1.686743e-04	 1992	 iter
1509	 1.686743e-04	 1993	 iter
1510	 1.686743e-04	 1994	 iter
1511	 1.686743e-04	 1995	 iter
1512	 1.686743e-04	 1996	 iter
1513	 1.686743e-04	 1997	 iter
1514	 1.686743e-04	 1998	 iter
1515	 1.686743e-04	 2000	 iter
1516	 1.686743e-04	 2001	 iter
1517	 1.682628e-04	 2003	 iter
1518	 1.682628e-04	 2004	 iter
1519	 1.682628e-04	 2006	 iter
1520	 1.682628e-04	 2007	 iter
1521	 1.682628e-04	 2008	 iter
1522	 1.682628e-04	 2009	 iter
1523	 1.672397e-04	 2011	 iter
1524	 1.672397e-04	 2012	 iter
1525	 1.672397e-04	 2013	 iter
1526	 1.672397e-04	 2014	 iter
1527	 1.672397e-04	 2015	 iter
1528	 1.672397e-04	 2016	 iter
1529	 1.672397e-04	 2017	 iter
1530	 1.672397e-04	 2018	 iter
1531	 1.672397e-04	 2020	 iter
1532	 1.662264e-04	 2022	 iter
1533	 1.662264e-04	 2023	 iter
1534	 1.662264e-04	 2024	 iter
1535	 1.658487e-04	 2026	 iter
1536	 1.658487e-04	 2027	 iter
1537	 1.658487e-04	 2028	 iter
1538	 1.658487e-04	 2030	 iter
1539	 1.658487e-04	 2031	 iter
1540	 1.658487e-04	 2032	 iter
1541	 1.658487e-04	 2034	 iter
1542	 1.647627e-04	 2036	 iter
1543	 1.647627e-04	 2037	 iter
1544	 1.647627e-04	 2038	 iter
1545	 1.647627e-04	 2039	 iter
1546	 1.647627e-04	 2040	 iter
1547	 1.647627e-04	 2041	 iter
1548	 1.647627e-04	 2042	 iter
1549	 1.647627e-04	 2044	 iter
1550	 1.647627e-04	 2045	 iter
1551	 1.647627e-04	 2046	 iter
1552	 1.647627e-04	 2047	 iter
1553	 1.647627e-04	 2048	 iter
1554	 1.647627e-04	 2049	 iter
1555	 1.647627e-04	 2050	 iter
1556	 1.647627e-04	 2051	 iter
1557	 1.647627e-04	 2052	 iter
1558	 1.647627e-04	 2053	 iter
1559	 1.644655e-04	 2055	 iter
1560	 1.644655e-04	 2056	 iter
1561	 1.644655e-04	 2057	 iter
1562	 1.644655e-04	 2058	 iter
1563	 1.644655e-04	 2059	 iter
1564	 1.644655e-04	 2060	 iter
1565	 1.642948e-04	 2062	 iter
1566	 1.642948e-04	 2064	 iter
1567	 1.637394e-04	 2066	 iter
1568	 1.637394e-04	 2067	 iter
1569	 1.637394e-04	 2068	 iter
1570	 1.637394e-04	 2069	 iter
1571	 1.637394e-04	 2070	 iter
1572	 1.637394e-04	 2071	 iter
1573	 1.635163e-04	 2073	 iter
1574	 1.635163e-04	 2074	 iter
1575	 1.635163e-04	 2075	 iter
1576	 1.635163e-04	 2076	 iter
1577	 1.635163e-04	 2078	 iter
1578	 1.635163e-04	 2079	 iter
1579	 1.635163e-04	 2081	 iter
1580	 1.635163e-04	 2083	 iter
1581	 1.635163e-04	 2084	 iter
1582	 1.635163e-04	 2085	 iter
1583	 1.635163e-04	 2086	 iter
1584	 1.635163e-04	 2087	 iter
1585	 1.635163e-04	 2088	 iter
1586	 1.635163e-04	 2089	 iter
1587	 1.635163e-04	 2090	 iter
1588	 1.635163e-04	 2091	 iter
1589	 1.634061e-04	 2093	 iter
1590	 1.633678e-04	 2095	 iter
1591	 1.633678e-04	 2097	 iter
1592	 1.633678e-04	 2098	 iter
1593	 1.633678e-04	 2100	 iter
1594	 1.633678e-04	 2101	 iter
1595	 1.633678e-04	 2103	 iter
1596	 1.633678e-04	 2104	 iter
1597	 1.633678e-04	 2105	 iter
1598	 1.632887e-04	 2107	 iter
1599	 1.632887e-04	 2109	 iter
1600	 1.632772e-04	 2111	 iter
1601	 1.632772e-04	 2112	 iter
1602	 1.631886e-04	 2114	 iter
1603	 1.631886e-04	 2115	 iter
1604	 1.631640e-04	 2117	 iter
1605	 1.631640e-04	 2119	 iter
1606	 1.628967e-04	 2121	 iter
1607	 1.628967e-04	 2123	 iter
1608	 1.628967e-04	 2125	 iter
1609	 1.628967e-04	 2126	 iter
1610	 1.628967e-04	 2127	 iter
1611	 1.628967e-04	 2129	 iter
1612	 1.628967e-04	 2131	 iter
1613	 1.628967e-04	 2133	 iter
1614	 1.628967e-04	 2134	 iter
1615	 1.628967e-04	 2135	 iter
1616	 1.628967e-04	 2137	 iter
1617	 1.628967e-04	 2139	 iter
1618	 1.627968e-04	 2141	 iter
1619	 1.627968e-04	 2143	 iter
1620	 1.627968e-04	 2144	 iter
1621	 1.627968e-04	 2145	 iter
1622	 1.627968e-04	 2146	 iter
1623	 1.627968e-04	 2148	 iter
1624	 1.627968e-04	 2150	 iter
1625	 1.627968e-04	 2152	 iter
1626	 1.627968e-04	 2153	 iter
1627	 1.627968e-04	 2154	 iter
1628	 1.627968e-04	 2155	 iter
1629	 1.627968e-04	 2156	 iter
1630	 1.627968e-04	 2158	 iter
1631	 1.627968e-04	 2159	 iter
1632	 1.627968e-04	 2160	 iter
1633	 1.627968e-04	 2162	 iter
1634	 1.627968e-04	 2163	 iter
1635	 1.627968e-04	 2165	 iter
1636	 1.627968e-04	 2166	 iter
1637	 1.627968e-04	 2167	 iter
1638	 1.627968e-04	 2168	 iter
1639	 1.627968e-04	 2169	 iter
1640	 1.627820e-04	 2171	 iter
1641	 1.627820e-04	 2172	 iter
1642	 1.627820e-04	 2173	 iter
1643	 1.627820e-04	 2174	 iter
1644	 1.627820e-04	 2175	 iter
1645	 1.627820e-04	 2177	 iter
1646	 1.627820e-04	 2179	 iter
1647	 1.627820e-04	 2181	 iter
1648	 1.627820e-04	 2182	 iter
1649	 1.627820e-04	 2183	 iter
1650	 1.627820e-04	 2185	 iter
1651	 1.627295e-04	 2187	 iter
1652	 1.627295e-04	 2188	 iter
1653	 1.627295e-04	 2189	 iter
1654	 1.627295e-04	 2190	 iter
1655	 1.627062e-04	 2192	 iter
1656	 1.627062e-04	 2194	 iter
1657	 1.627062e-04	 2196	 iter
1658	 1.627062e-04	 2197	 iter
1659	 1.627062e-04	 2199	 iter
1660	 1.627062e-04	 2201	 iter
1661	 1.627062e-04	 2203	 iter
1662	 1.627062e-04	 2205	 iter
1663	 1.627062e-04	 2207	 iter
1664	 1.627062e-04	 2208	 iter
1665	 1.627062e-04	 2209	 iter
1666	 1.626963e-04	 2211	 iter
1667	 1.626963e-04	 2212	 iter
1668	 1.626963e-04	 2213	 iter
1669	 1.626963e-04	 2214	 iter
1670	 1.626963e-04	 2215	 iter
1671	 1.626963e-04	 2216	 iter
1672	 1.626963e-04	 2217	 iter
1673	 1.626963e-04	 2219	 iter
1674	 1.626947e-04	 2221	 iter
1675	 1.626947e-04	 2223	 iter
1676	 1.626772e-04	 2225	 iter
1677	 1.626772e-04	 2226	 iter
1678	 1.626712e-04	 2228	 iter
1679	 1.626712e-04	 2229	 iter
1680	 1.626712e-04	 2230	 iter
1681	 1.626712e-04	 2231	 iter
1682	 1.626712e-04	 2232	 iter
1683	 1.626712e-04	 2233	 iter
1684	 1.626712e-04	 2234	 iter
1685	 1.626712e-04	 2235	 iter
1686	 1.626712e-04	 2236	 iter
1687	 1.626712e-04	 2238	 iter
1688	 1.626712e-04	 2239	 iter
1689	 1.626636e-04	 2241	 iter
1690	 1.626518e-04	 2243	 iter
1691	 1.626518e-04	 2244	 iter
1692	 1.626518e-04	 2245	 iter
1693	 1.626518e-04	 2247	 iter
1694	 1.626339e-04	 2249	 iter
1695	 1.626339e-04	 2250	 iter
1696	 1.626339e-04	 2251	 iter
1697	 1.626339e-04	 2252	 iter
1698	 1.626339e-04	 2254	 iter
1699	 1.626339e-04	 2256	 iter
1700	 1.626339e-04	 2257	 iter
1701	 1.626339e-04	 2259	 iter
1702	 1.626339e-04	 2260	 iter
1703	 1.626339e-04	 2261	 iter
1704	 1.626339e-04	 2262	 iter
1705	 1.626339e-04	 2263	 iter
1706	 1.626339e-04	 2264	 iter
1707	 1.626339e-04	 2266	 iter
1708	 1.626339e-04	 2268	 iter
1709	 1.626339e-04	 2269	 iter
1710	 1.626339e-04	 2270	 iter
1711	 1.626339e-04	 2272	 iter
1712	 1.626339e-04	 2274	 iter
1713	 1.626339e-04	 2276	 iter
1714	 1.626339e-04	 2278	 iter
1715	 1.626253e-04	 2280	 iter
1716	 1.626186e-04	 2282	 iter
1717	 1.626186e-04	 2283	 iter
1718	 1.626186e-04	 2284	 iter
1719	 1.626186e-04	 2285	 iter
1720	 1.626186e-04	 2286	 iter
1721	 1.626186e-04	 2287	 iter
1722	 1.626186e-04	 2288	 iter
1723	 1.626186e-04	 2289	 iter
1724	 1.626186e-04	 2291	 iter
1725	 1.626140e-04	 2293	 iter
1726	 1.626140e-04	 2294	 iter
1727	 1.626140e-04	 2295	 iter
1728	 1.626140e-04	 2296	 iter
1729	 1.625885e-04	 2298	 iter
1730	 1.625885e-04	 2299	 iter
1731	 1.625885e-04	 2300	 iter
1732	 1.625885e-04	 2301	 iter
1733	 1.625885e-04	 2303	 iter
1734	 1.625885e-04	 2304	 iter
1735	 1.625885e-04	 2305	 iter
1736	 1.625885e-04	 2306	 iter
1737	 1.625885e-04	 2307	 iter
1738	 1.625885e-04	 2308	 iter
1739	 1.625885e-04	 2309	 iter
1740	 1.625885e-04	 2310	 iter
1741	 1.625885e-04	 2311	 iter
1742	 1.625885e-04	 2312	 iter
1743	 1.625885e-04	 2313	 iter
1744	 1.625885e-04	 2314	 iter
1745	 1.625885e-04	 2315	 iter
1746	 1.625885e-04	 2316	 iter
1747	 1.625885e-04	 2317	 iter
1748	 1.625885e-04	 2318	 iter
1749	 1.625885e-04	 2319	 iter
1750	 1.625873e-04	 2321	 iter
1751	 1.625873e-04	 2322	 iter
1752	 1.625873e-04	 2323	 iter
1753	 1.625873e-04	 2324	 iter
1754	 1.625873e-04	 2325	 iter
1755	 1.625873e-04	 2326	 iter
1756	 1.625765e-04	 2328	 iter
1757	 1.625765e-04	 2329	 iter
1758	 1.625765e-04	 2330	 iter
1759	 1.625765e-04	 2331	 iter
1760	 1.625765e-04	 2332	 iter
1761	 1.625765e-04	 2334	 iter
1762	 1.625765e-04	 2335	 iter
1763	 1.625765e-04	 2337	 iter
1764	 1.625765e-04	 2339	 iter
1765	 1.625644e-04	 2341	 iter
1766	 1.625644e-04	 2342	 iter
1767	 1.625644e-04	 2343	 iter
1768	 1.625644e-04	 2344	 iter
1769	 1.625644e-04	 2345	 iter
1770	 1.625644e-04	 2346	 iter
1771	 1.625644e-04	 2347	 iter
1772	 1.625644e-04	 2348	 iter
1773	 1.625644e-04	 2349	 iter
1774	 1.625644e-04	 2351	 iter
1775	 1.625644e-04	 2352	 iter
1776	 1.625579e-04	 2354	 iter
1777	 1.625579e-04	 2355	 iter
1778	 1.625579e-04	 2356	 iter
1779	 1.625402e-04	 2358	 iter
1780	 1.625402e-04	 2359	 iter
1781	 1.625402e-04	 2360	 iter
1782	 1.625402e-04	 2361	 iter
1783	 1.625402e-04	 2362	 iter
1784	 1.625402e-04	 2363	 iter
1785	 1.625402e-04	 2364	 iter
1786	 1.625402e-04	 2365	 iter
1787	 1.625292e-04	 2367	 iter
1788	 1.625292e-04	 2368	 iter
1789	 1.625238e-04	 2370	 iter
1790	 1.625183e-04	 2372	 iter
1791	 1.624977e-04	 2374	 iter
1792	 1.624977e-04	 2375	 iter
1793	 1.624977e-04	 2376	 iter
1794	 1.624977e-04	 2377	 iter
1795	 1.624977e-04	 2378	 iter
1796	 1.624977e-04	 2379	 iter
1797	 1.624977e-04	 2380	 iter
1798	 1.624977e-04	 2381	 iter
1799	 1.624977e-04	 2382	 iter
1800	 1.624977e-04	 2383	 iter
1801	 1.624977e-04	 2384	 iter
1802	 1.624928e-04	 2386	 iter
1803	 1.624928e-04	 2387	 iter
1804	 1.624928e-04	 2388	 iter
1805	 1.624928e-04	 2389	 iter
1806	 1.624913e-04	 2391	 iter
1807	 1.624881e-04	 2393	 iter
1808	 1.624881e-04	 2394	 iter
1809	 1.624868e-04	 2396	 iter
1810	 1.624868e-04	 2397	 iter
1811	 1.624841e-04	 2399	 iter
1812	 1.624840e-04	 2401	 iter
1813	 1.624840e-04	 2403	 iter
1814	 1.624840e-04	 2404	 iter
1815	 1.624840e-04	 2405	 iter
1816	 1.624840e-04	 2406	 iter
1817	 1.624840e-04	 2407	 iter
1818	 1.624840e-04	 2408	 iter
1819	 1.624755e-04	 2410	 iter
1820	 1.624755e-04	 2411	 iter
1821	 1.624755e-04	 2412	 iter
1822	 1.624722e-04	 2414	 iter
1823	 1.624722e-04	 2416	 iter
1824	 1.624722e-04	 2417	 iter
1825	 1.624713e-04	 2419	 iter
1826	 1.624713e-04	 2421	 iter
1827	 1.624713e-04	 2422	 iter
1828	 1.624713e-04	 2423	 iter
1829	 1.624683e-04	 2425	 iter
1830	 1.624676e-04	 2427	 iter
1831	 1.624676e-04	 2428	 iter
1832	 1.624572e-04	 2430	 iter
1833	 1.624572e-04	 2431	 iter
1834	 1.624572e-04	 2432	 iter
1835	 1.624572e-04	 2433	 iter
1836	 1.624572e-04	 2434	 iter
1837	 1.624572e-04	 2435	 iter
1838	 1.624572e-04	 2436	 iter
1839	 1.624572e-04	 2437	 iter
1840	 1.624572e-04	 2438	 iter
1841	 1.624572e-04	 2439	 iter
1842	 1.624544e-04	 2441	 iter
1843	 1.624544e-04	 2442	 iter
1844	 1.624544e-04	 2443	 iter
1845	 1.624544e-04	 2444	 iter
1846	 1.624544e-04	 2446	 iter
1847	 1.624544e-04	 2447	 iter
1848	 1.624494e-04	 2449	 iter
1849	 1.624494e-04	 2450	 iter
1850	 1.624494e-04	 2452	 iter
1851	 1.624494e-04	 2453	 iter
1852	 1.624492e-04	 2455	 iter
1853	 1.624492e-04	 2456	 iter
1854	 1.624492e-04	 2458	 iter
1855	 1.624492e-04	 2459	 iter
1856	 1.624492e-04	 2460	 iter
1857	 1.624492e-04	 2461	 iter
1858	 1.624492e-04	 2462	 iter
1859	 1.624492e-04	 2463	 iter
1860	 1.624492e-04	 2464	 iter
1861	 1.624492e-04	 2465	 iter
1862	 1.624438e-04	 2467	 iter
1863	 1.624438e-04	 2468	 iter
1864	 1.624438e-04	 2470	 iter
1865	 1.624380e-04	 2472	 iter
1866	 1.624380e-04	 2473	 iter
1867	 1.624380e-04	 2475	 iter
1868	 1.624380e-04	 2476	 iter
1869	 1.624380e-04	 2477	 iter
1870	 1.624380e-04	 2479	 iter
1871	 1.624380e-04	 2480	 iter
1872	 1.624380e-04	 2481	 iter
1873	 1.624380e-04	 2483	 iter
1874	 1.624380e-04	 2484	 iter
1875	 1.624380e-04	 2485	 iter
1876	 1.624380e-04	 2486	 iter
1877	 1.624380e-04	 2488	 iter
1878	 1.624380e-04	 2489	 iter
1879	 1.624380e-04	 2491	 iter
1880	 1.624369e-04	 2493	 iter
1881	 1.624269e-04	 2495	 iter
1882	 1.624269e-04	 2496	 iter
1883	 1.624269e-04	 2497	 iter
1884	 1.624269e-04	 2498	 iter
1885	 1.624269e-04	 2499	 iter
1886	 1.624269e-04	 2500	 iter
1887	 1.624269e-04	 2501	 iter
1888	 1.624269e-04	 2502	 iter
1889	 1.624269e-04	 2504	 iter
1890	 1.624269e-04	 2505	 iter
1891	 1.624269e-04	 2506	 iter
1892	 1.624217e-04	 2508	 iter
1893	 1.624217e-04	 2509	 iter
1894	 1.624217e-04	 2510	 iter
1895	 1.624217e-04	 2511	 iter
1896	 1.624217e-04	 2512	 iter
1897	 1.624217e-04	 2513	 iter
1898	 1.624217e-04	 2514	 iter
1899	 1.624217e-04	 2515	 iter
1900	 1.624095e-04	 2517	 iter
1901	 1.624095e-04	 2518	 iter
1902	 1.624095e-04	 2520	 iter
1903	 1.624095e-04	 2521	 iter
1904	 1.624095e-04	 2522	 iter
1905	 1.624095e-04	 2523	 iter
1906	 1.624095e-04	 2524	 iter
1907	 1.624052e-04	 2526	 iter
1908	 1.624052e-04	 2527	 iter
1909	 1.624052e-04	 2528	 iter
1910	 1.624052e-04	 2529	 iter
1911	 1.624052e-04	 2530	 iter
1912	 1.624052e-04	 2531	 iter
1913	 1.624052e-04	 2532	 iter
1914	 1.623964e-04	 2534	 iter
1915	 1.623964e-04	 2535	 iter
1916	 1.623964e-04	 2536	 iter
1917	 1.623964e-04	 2537	 iter
1918	 1.623964e-04	 2538	 iter
1919	 1.623964e-04	 2539	 iter
1920	 1.623964e-04	 2540	 iter
1921	 1.623964e-04	 2541	 iter
1922	 1.623964e-04	 2542	 iter
1923	 1.623911e-04	 2544	 iter
1924	 1.623911e-04	 2545	 iter
1925	 1.623911e-04	 2546	 iter
1926	 1.623911e-04	 2547	 iter
1927	 1.623897e-04	 2549	 iter
1928	 1.623868e-04	 2551	 iter
1929	 1.623868e-04	 2552	 iter
1930	 1.623868e-04	 2553	 iter
1931	 1.623868e-04	 2554	 iter
1932	 1.623868e-04	 2555	 iter
1933	 1.623868e-04	 2556	 iter
1934	 1.623868e-04	 2557	 iter
1935	 1.623868e-04	 2558	 iter
1936	 1.623868e-04	 2559	 iter
1937	 1.623868e-04	 2560	 iter
1938	 1.623868e-04	 2561	 iter
1939	 1.623868e-04	 2562	 iter
1940	 1.623824e-04	 2564	 iter
1941	 1.623824e-04	 2566	 iter
1942	 1.623824e-04	 2567	 iter
1943	 1.623824e-04	 2568	 iter
1944	 1.623824e-04	 2569	 iter
1945	 1.623824e-04	 2571	 iter
1946	 1.623816e-04	 2573	 iter
1947	 1.623816e-04	 2574	 iter
1948	 1.623816e-04	 2576	 iter
1949	 1.623816e-04	 2578	 iter
1950	 1.623816e-04	 2580	 iter
1951	 1.623803e-04	 2582	 iter
1952	 1.623796e-04	 2584	 iter
1953	 1.623796e-04	 2585	 iter
1954	 1.623796e-04	 2586	 iter
1955	 1.623796e-04	 2587	 iter
1956	 1.623796e-04	 2589	 iter
1957	 1.623796e-04	 2590	 iter
1958	 1.623796e-04	 2592	 iter
1959	 1.623796e-04	 2593	 iter
1960	 1.623796e-04	 2594	 iter
1961	 1.623796e-04	 2596	 iter
1962	 1.623796e-04	 2597	 iter
1963	 1.623796e-04	 2598	 iter
1964	 1.623796e-04	 2599	 iter
1965	 1.623786e-04	 2601	 iter
1966	 1.623786e-04	 2602	 iter
1967	 1.623786e-04	 2603	 iter
1968	 1.623786e-04	 2604	 iter
1969	 1.623786e-04	 2605	 iter
1970	 1.623786e-04	 2607	 iter
1971	 1.623786e-04	 2609	 iter
1972	 1.623785e-04	 2611	 iter
1973	 1.623785e-04	 2612	 iter
1974	 1.623785e-04	 2613	 iter
1975	 1.623776e-04	 2615	 iter
1976	 1.623776e-04	 2617	 iter
1977	 1.623755e-04	 2619	 iter
1978	 1.623755e-04	 2620	 iter
1979	 1.623755e-04	 2621	 iter
1980	 1.623755e-04	 2622	 iter
1981	 1.623755e-04	 2623	 iter
1982	 1.623755e-04	 2625	 iter
1983	 1.623755e-04	 2626	 iter
1984	 1.623755e-04	 2628	 iter
1985	 1.623755e-04	 2629	 iter
1986	 1.623755e-04	 2630	 iter
1987	 1.623755e-04	 2631	 iter
1988	 1.623755e-04	 2632	 iter
1989	 1.623755e-04	 2633	 iter
1990	 1.623755e-04	 2635	 iter
1991	 1.623755e-04	 2636	 iter
1992	 1.623755e-04	 2638	 iter
1993	 1.623755e-04	 2639	 iter
1994	 1.623755e-04	 2640	 iter
1995	 1.623755e-04	 2641	 iter
1996	 1.623755e-04	 2642	 iter
1997	 1.623755e-04	 2643	 iter
1998	 1.623755e-04	 2644	 iter
1999	 1.623748e-04	 2646	 iter
2000	 1.623748e-04	 2647	 iter
2001	 1.623748e-04	 2648	 iter
2002	 1.623748e-04	 2649	 iter
2003	 1.623748e-04	 2651	 iter
2004	 1.623748e-04	 2653	 iter
2005	 1.623748e-04	 2654	 iter
2006	 1.623748e-04	 2655	 iter
2007	 1.623748e-04	 2656	 iter
2008	 1.623748e-04	 2657	 iter
2009	 1.623742e-04	 2659	 iter
2010	 1.623742e-04	 2661	 iter
2011	 1.623724e-04	 2663	 iter
2012	 1.623724e-04	 2664	 iter
2013	 1.623724e-04	 2665	 iter
2014	 1.623724e-04	 2666	 iter
2015	 1.623724e-04	 2667	 iter
2016	 1.623724e-04	 2668	 iter
2017	 1.623724e-04	 2669	 iter
2018	 1.623724e-04	 2670	 iter
2019	 1.623724e-04	 2672	 iter
2020	 1.623724e-04	 2673	 iter
2021	 1.623724e-04	 2675	 iter
2022	 1.623724e-04	 2676	 iter
2023	 1.623724e-04	 2677	 iter
2024	 1.623724e-04	 2678	 iter
2025	 1.623724e-04	 2679	 iter
2026	 1.623723e-04	 2681	 iter
2027	 1.623723e-04	 2682	 iter
2028	 1.623723e-04	 2684	 iter
2029	 1.623723e-04	 2686	 iter
2030	 1.623723e-04	 2687	 iter
2031	 1.623723e-04	 2688	 iter
2032	 1.623715e-04	 2690	 iter
2033	 1.623715e-04	 2691	 iter
2034	 1.623715e-04	 2692	 iter
2035	 1.623715e-04	 2693	 iter
2036	 1.623715e-04	 2694	 iter
2037	 1.623715e-04	 2696	 iter
2038	 1.623713e-04	 2698	 iter
2039	 1.623713e-04	 2699	 iter
2040	 1.623713e-04	 2701	 iter
2041	 1.623706e-04	 2703	 iter
2042	 1.623706e-04	 2704	 iter
2043	 1.623706e-04	 2705	 iter
2044	 1.623706e-04	 2706	 iter
2045	 1.623706e-04	 2707	 iter
2046	 1.623704e-04	 2709	 iter
2047	 1.623704e-04	 2710	 iter
2048	 1.623704e-04	 2711	 iter
2049	 1.623696e-04	 2713	 iter
2050	 1.623696e-04	 2714	 iter
2051	 1.623696e-04	 2715	 iter
2052	 1.623696e-04	 2716	 iter
2053	 1.623683e-04	 2718	 iter
2054	 1.623683e-04	 2719	 iter
2055	 1.623683e-04	 2720	 iter
2056	 1.623683e-04	 2721	 iter
2057	 1.623683e-04	 2722	 iter
2058	 1.623683e-04	 2723	 iter
2059	 1.623683e-04	 2724	 iter
2060	 1.623683e-04	 2725	 iter
2061	 1.623683e-04	 2726	 iter
2062	 1.623676e-04	 2728	 iter
2063	 1.623674e-04	 2730	 iter
2064	 1.623674e-04	 2731	 iter
2065	 1.623671e-04	 2733	 iter
2066	 1.623671e-04	 2734	 iter
2067	 1.623671e-04	 2735	 iter
2068	 1.623671e-04	 2736	 iter
2069	 1.623671e-04	 2737	 iter
2070	 1.623666e-04	 2739	 iter
2071	 1.623664e-04	 2741	 iter
2072	 1.623664e-04	 2743	 iter
2073	 1.623664e-04	 2744	 iter
2074	 1.623658e-04	 2746	 iter
2075	 1.623656e-04	 2748	 iter
2076	 1.623656e-04	 2749	 iter
2077	 1.623656e-04	 2750	 iter
2078	 1.623656e-04	 2751	 iter
2079	 1.623656e-04	 2752	 iter
2080	 1.623656e-04	 2753	 iter
2081	 1.623645e-04	 2755	 iter
2082	 1.623645e-04	 2756	 iter
2083	 1.623645e-04	 2757	 iter
2084	 1.623645e-04	 2758	 iter
2085	 1.623632e-04	 2760	 iter
2086	 1.623632e-04	 2761	 iter
2087	 1.623632e-04	 2762	 iter
2088	 1.623632e-04	 2763	 iter
2089	 1.623632e-04	 2764	 iter
2090	 1.623625e-04	 2766	 iter
2091	 1.623625e-04	 2767	 iter
2092	 1.623625e-04	 2768	 iter
2093	 1.623625e-04	 2769	 iter
2094	 1.623625e-04	 2770	 iter
2095	 1.623620e-04	 2772	 iter
2096	 1.623620e-04	 2773	 iter
2097	 1.623620e-04	 2774	 iter
2098	 1.623611e-04	 2776	 iter
2099	 1.623600e-04	 2778	 iter
2100	 1.623588e-04	 2780	 iter
2101	 1.623588e-04	 2781	 iter
2102	 1.623588e-04	 2782	 iter
2103	 1.623588e-04	 2783	 iter
2104	 1.623588e-04	 2784	 iter
2105	 1.623588e-04	 2785	 iter
2106	 1.623581e-04	 2787	 iter
2107	 1.623581e-04	 2788	 iter
2108	 1.623581e-04	 2789	 iter
2109	 1.623576e-04	 2791	 iter
2110	 1.623534e-04	 2793	 iter
2111	 1.623534e-04	 2794	 iter
2112	 1.623534e-04	 2795	 iter
2113	 1.623534e-04	 2796	 iter
2114	 1.623534e-04	 2797	 iter
2115	 1.623534e-04	 2798	 iter
2116	 1.623534e-04	 2799	 iter
2117	 1.623534e-04	 2800	 iter
2118	 1.623534e-04	 2802	 iter
2119	 1.623505e-04	 2804	 iter
2120	 1.623505e-04	 2805	 iter
2121	 1.623505e-04	 2806	 iter
2122	 1.623505e-04	 2807	 iter
2123	 1.623505e-04	 2808	 iter
2124	 1.623505e-04	 2809	 iter
2125	 1.623481e-04	 2811	 iter
2126	 1.623481e-04	 2812	 iter
2127	 1.623481e-04	 2813	 iter
2128	 1.623456e-04	 2815	 iter
2129	 1.623456e-04	 2816	 iter
2130	 1.623456e-04	 2817	 iter
2131	 1.623456e-04	 2818	 iter
2132	 1.623456e-04	 2819	 iter
2133	 1.623456e-04	 2820	 iter
2134	 1.623456e-04	 2821	 iter
2135	 1.623456e-04	 2822	 iter
2136	 1.623446e-04	 2824	 iter
2137	 1.623425e-04	 2826	 iter
2138	 1.623419e-04	 2828	 iter
2139	 1.623419e-04	 2829	 iter
2140	 1.623419e-04	 2830	 iter
2141	 1.623419e-04	 2831	 iter
2142	 1.623333e-04	 2833	 iter
2143	 1.623333e-04	 2834	 iter
2144	 1.623333e-04	 2835	 iter
2145	 1.623333e-04	 2836	 iter
2146	 1.623333e-04	 2837	 iter
2147	 1.623333e-04	 2838	 iter
2148	 1.623333e-04	 2839	 iter
2149	 1.623333e-04	 2840	 iter
2150	 1.623333e-04	 2841	 iter
2151	 1.623333e-04	 2842	 iter
2152	 1.623333e-04	 2843	 iter
2153	 1.623333e-04	 2844	 iter
2154	 1.623333e-04	 2845	 iter
2155	 1.623308e-04	 2847	 iter
2156	 1.623308e-04	 2848	 iter
2157	 1.623308e-04	 2849	 iter
2158	 1.623251e-04	 2851	 iter
2159	 1.623190e-04	 2853	 iter
2160	 1.623190e-04	 2854	 iter
2161	 1.623190e-04	 2855	 iter
2162	 1.623190e-04	 2856	 iter
2163	 1.623190e-04	 2857	 iter
2164	 1.623190e-04	 2858	 iter
2165	 1.623190e-04	 2859	 iter
2166	 1.623150e-04	 2861	 iter
2167	 1.623150e-04	 2862	 iter
2168	 1.623150e-04	 2863	 iter
2169	 1.623150e-04	 2864	 iter
2170	 1.623150e-04	 2865	 iter
2171	 1.623150e-04	 2866	 iter
2172	 1.622930e-04	 2868	 iter
2173	 1.622930e-04	 2869	 iter
2174	 1.622930e-04	 2870	 iter
2175	 1.622930e-04	 2871	 iter
2176	 1.622930e-04	 2872	 iter
2177	 1.622930e-04	 2873	 iter
2178	 1.622930e-04	 2874	 iter
2179	 1.622930e-04	 2875	 iter
2180	 1.622930e-04	 2876	 iter
2181	 1.622930e-04	 2877	 iter
2182	 1.622930e-04	 2878	 iter
2183	 1.622930e-04	 2879	 iter
2184	 1.622873e-04	 2881	 iter
2185	 1.622873e-04	 2882	 iter
2186	 1.622873e-04	 2883	 iter
2187	 1.622790e-04	 2885	 iter
2188	 1.622790e-04	 2886	 iter
2189	 1.622683e-04	 2888	 iter
2190	 1.622683e-04	 2889	 iter
2191	 1.622683e-04	 2890	 iter
2192	 1.622683e-04	 2891	 iter
2193	 1.622553e-04	 2893	 iter
2194	 1.622553e-04	 2894	 iter
2195	 1.622553e-04	 2895	 iter
2196	 1.622553e-04	 2896	 iter
2197	 1.622553e-04	 2897	 iter
2198	 1.622283e-04	 2899	 iter
2199	 1.622283e-04	 2900	 iter
2200	 1.622283e-04	 2901	 iter
2201	 1.622283e-04	 2902	 iter
2202	 1.622283e-04	 2903	 iter
2203	 1.622283e-04	 2904	 iter
2204	 1.622283e-04	 2905	 iter
2205	 1.622283e-04	 2906	 iter
2206	 1.622188e-04	 2908	 iter
2207	 1.622188e-04	 2909	 iter
2208	 1.622188e-04	 2910	 iter
2209	 1.622071e-04	 2912	 iter
2210	 1.621910e-04	 2914	 iter
2211	 1.621910e-04	 2915	 iter
2212	 1.621910e-04	 2916	 iter
2213	 1.621600e-04	 2918	 iter
2214	 1.621600e-04	 2919	 iter
2215	 1.621600e-04	 2920	 iter
2216	 1.621600e-04	 2921	 iter
2217	 1.621600e-04	 2922	 iter
2218	 1.621600e-04	 2923	 iter
2219	 1.621600e-04	 2924	 iter
2220	 1.621600e-04	 2925	 iter
2221	 1.621537e-04	 2927	 iter
2222	 1.621402e-04	 2929	 iter
2223	 1.621402e-04	 2930	 iter
2224	 1.621402e-04	 2931	 iter
2225	 1.620827e-04	 2933	 iter
2226	 1.620827e-04	 2934	 iter
2227	 1.620827e-04	 2935	 iter
2228	 1.620827e-04	 2936	 iter
2229	 1.620827e-04	 2937	 iter
2230	 1.620827e-04	 2938	 iter
2231	 1.620827e-04	 2939	 iter
2232	 1.620827e-04	 2940	 iter
2233	 1.620827e-04	 2941	 iter
2234	 1.620827e-04	 2942	 iter
2235	 1.620827e-04	 2943	 iter
2236	 1.620827e-04	 2944	 iter
2237	 1.620827e-04	 2945	 iter
2238	 1.620827e-04	 2946	 iter
2239	 1.620667e-04	 2948	 iter
2240	 1.620604e-04	 2950	 iter
2241	 1.620222e-04	 2952	 iter
2242	 1.620222e-04	 2953	 iter
2243	 1.619944e-04	 2955	 iter
2244	 1.619944e-04	 2956	 iter
2245	 1.619944e-04	 2957	 iter
2246	 1.619944e-04	 2958	 iter
2247	 1.619944e-04	 2959	 iter
2248	 1.619944e-04	 2960	 iter
2249	 1.619763e-04	 2962	 iter
2250	 1.619763e-04	 2963	 iter
2251	 1.619763e-04	 2964	 iter
2252	 1.619488e-04	 2966	 iter
2253	 1.619488e-04	 2967	 iter
2254	 1.619488e-04	 2968	 iter
2255	 1.619488e-04	 2969	 iter
2256	 1.619488e-04	 2970	 iter
2257	 1.619408e-04	 2972	 iter
2258	 1.618898e-04	 2974	 iter
2259	 1.618898e-04	 2975	 iter
2260	 1.618898e-04	 2976	 iter
2261	 1.618898e-04	 2977	 iter
2262	 1.618898e-04	 2978	 iter
2263	 1.618246e-04	 2980	 iter
2264	 1.618246e-04	 2981	 iter
2265	 1.618246e-04	 2982	 iter
2266	 1.618033e-04	 2984	 iter
2267	 1.618033e-04	 2986	 iter
2268	 1.618033e-04	 2987	 iter
2269	 1.617455e-04	 2989	 iter
2270	 1.617455e-04	 2990	 iter
2271	 1.617455e-04	 2991	 iter
2272	 1.617455e-04	 2992	 iter
2273	 1.617455e-04	 2993	 iter
2274	 1.617455e-04	 2994	 iter
2275	 1.617455e-04	 2995	 iter
2276	 1.616067e-04	 2997	 iter
2277	 1.616067e-04	 2998	 iter
2278	 1.616067e-04	 2999	 iter
2279	 1.616067e-04	 3000	 iter
2280	 1.616067e-04	 3001	 iter
2281	 1.616067e-04	 3002	 iter
2282	 1.616067e-04	 3003	 iter
2283	 1.615443e-04	 3005	 iter
2284	 1.615443e-04	 3006	 iter
2285	 1.615443e-04	 3007	 iter
2286	 1.615443e-04	 3008	 iter
2287	 1.615443e-04	 3009	 iter
2288	 1.615443e-04	 3010	 iter
2289	 1.614378e-04	 3012	 iter
2290	 1.614378e-04	 3013	 iter
2291	 1.614378e-04	 3014	 iter
2292	 1.614378e-04	 3015	 iter
2293	 1.614378e-04	 3016	 iter
2294	 1.614378e-04	 3017	 iter
2295	 1.613868e-04	 3019	 iter
2296	 1.611946e-04	 3021	 iter
2297	 1.611946e-04	 3022	 iter
2298	 1.611946e-04	 3023	 iter
2299	 1.611946e-04	 3024	 iter
2300	 1.611946e-04	 3025	 iter
2301	 1.611946e-04	 3026	 iter
2302	 1.611946e-04	 3027	 iter
2303	 1.611946e-04	 3028	 iter
2304	 1.611946e-04	 3029	 iter
2305	 1.610256e-04	 3031	 iter
2306	 1.610256e-04	 3032	 iter
2307	 1.610256e-04	 3033	 iter
2308	 1.610256e-04	 3034	 iter
2309	 1.610256e-04	 3035	 iter
2310	 1.610256e-04	 3036	 iter
2311	 1.610256e-04	 3037	 iter
2312	 1.610256e-04	 3038	 iter
2313	 1.610256e-04	 3039	 iter
2314	 1.610256e-04	 3040	 iter
2315	 1.608395e-04	 3042	 iter
2316	 1.608395e-04	 3043	 iter
2317	 1.608395e-04	 3044	 iter
2318	 1.608395e-04	 3045	 iter
2319	 1.608395e-04	 3046	 iter
2320	 1.608395e-04	 3047	 iter
2321	 1.608395e-04	 3048	 iter
2322	 1.606761e-04	 3050	 iter
2323	 1.606761e-04	 3051	 iter
2324	 1.604407e-04	 3053	 iter
2325	 1.604407e-04	 3054	 iter
2326	 1.604407e-04	 3055	 iter
2327	 1.604407e-04	 3056	 iter
2328	 1.604407e-04	 3057	 iter
2329	 1.604407e-04	 3058	 iter
2330	 1.604407e-04	 3059	 iter
2331	 1.602015e-04	 3061	 iter
2332	 1.602015e-04	 3062	 iter
2333	 1.602015e-04	 3063	 iter
2334	 1.602015e-04	 3064	 iter
2335	 1.602015e-04	 3065	 iter
2336	 1.602015e-04	 3066	 iter
2337	 1.602015e-04	 3067	 iter
2338	 1.602015e-04	 3068	 iter
2339	 1.602015e-04	 3069	 iter
2340	 1.601414e-04	 3071	 iter
2341	 1.598049e-04	 3073	 iter
2342	 1.598049e-04	 3074	 iter
2343	 1.598049e-04	 3075	 iter
2344	 1.598049e-04	 3076	 iter
2345	 1.598049e-04	 3077	 iter
2346	 1.598049e-04	 3078	 iter
2347	 1.598049e-04	 3079	 iter
2348	 1.595989e-04	 3081	 iter
2349	 1.595989e-04	 3082	 iter
2350	 1.595989e-04	 3083	 iter
2351	 1.595989e-04	 3084	 iter
2352	 1.595989e-04	 3085	 iter
2353	 1.589314e-04	 3087	 iter
2354	 1.589314e-04	 3088	 iter
2355	 1.589314e-04	 3089	 iter
2356	 1.589314e-04	 3090	 iter
2357	 1.589314e-04	 3091	 iter
2358	 1.589314e-04	 3092	 iter
2359	 1.589314e-04	 3093	 iter
2360	 1.589314e-04	 3094	 iter
2361	 1.589314e-04	 3095	 iter
2362	 1.589314e-04	 3096	 iter
2363	 1.589314e-04	 3097	 iter
2364	 1.589314e-04	 3098	 iter
2365	 1.586809e-04	 3100	 iter
2366	 1.586809e-04	 3101	 iter
2367	 1.586809e-04	 3102	 iter
2368	 1.586809e-04	 3103	 iter
2369	 1.584979e-04	 3105	 iter
2370	 1.582153e-04	 3107	 iter
2371	 1.582153e-04	 3108	 iter
2372	 1.582153e-04	 3109	 iter
2373	 1.582153e-04	 3110	 iter
2374	 1.575148e-04	 3112	 iter
2375	 1.575148e-04	 3113	 iter
2376	 1.575148e-04	 3114	 iter
2377	 1.575148e-04	 3115	 iter
2378	 1.575148e-04	 3116	 iter
2379	 1.575148e-04	 3117	 iter
2380	 1.575148e-04	 3118	 iter
2381	 1.575148e-04	 3119	 iter
2382	 1.575148e-04	 3120	 iter
2383	 1.575148e-04	 3121	 iter
2384	 1.575148e-04	 3122	 iter
2385	 1.570721e-04	 3124	 iter
2386	 1.566755e-04	 3126	 iter
2387	 1.566755e-04	 3127	 iter
2388	 1.566755e-04	 3128	 iter
2389	 1.566755e-04	 3129	 iter
2390	 1.566755e-04	 3130	 iter
2391	 1.558412e-04	 3132	 iter
2392	 1.558412e-04	 3133	 iter
2393	 1.558412e-04	 3134	 iter
2394	 1.558412e-04	 3135	 iter
2395	 1.549959e-04	 3137	 iter
2396	 1.549959e-04	 3138	 iter
2397	 1.549959e-04	 3139	 iter
2398	 1.549959e-04	 3140	 iter
2399	 1.549959e-04	 3141	 iter
2400	 1.549959e-04	 3142	 iter
2401	 1.541772e-04	 3144	 iter
2402	 1.541772e-04	 3145	 iter
2403	 1.541772e-04	 3146	 iter
2404	 1.541772e-04	 3147	 iter
2405	 1.541772e-04	 3148	 iter
2406	 1.532594e-04	 3150	 iter
2407	 1.532594e-04	 3151	 iter
2408	 1.532594e-04	 3152	 iter
2409	 1.532594e-04	 3153	 iter
2410	 1.532594e-04	 3154	 iter
2411	 1.524624e-04	 3156	 iter
2412	 1.524624e-04	 3157	 iter
2413	 1.524624e-04	 3158	 iter
2414	 1.524624e-04	 3159	 iter
2415	 1.524624e-04	 3160	 iter
2416	 1.507179e-04	 3162	 iter
2417	 1.507179e-04	 3163	 iter
2418	 1.507179e-04	 3164	 iter
2419	 1.507179e-04	 3165	 iter
2420	 1.507179e-04	 3166	 iter
2421	 1.507179e-04	 3167	 iter
2422	 1.507179e-04	 3168	 iter
2423	 1.507179e-04	 3169	 iter
2424	 1.507179e-04	 3170	 iter
2425	 1.507179e-04	 3171	 iter
2426	 1.494058e-04	 3173	 iter
2427	 1.494058e-04	 3174	 iter
2428	 1.494058e-04	 3175	 iter
2429	 1.494058e-04	 3176	 iter
2430	 1.494058e-04	 3177	 iter
2431	 1.494058e-04	 3178	 iter
2432	 1.494058e-04	 3179	 iter
2433	 1.486889e-04	 3181	 iter
2434	 1.486889e-04	 3182	 iter
2435	 1.486889e-04	 3183	 iter
2436	 1.486889e-04	 3184	 iter
2437	 1.486889e-04	 3185	 iter
2438	 1.482632e-04	 3187	 iter
2439	 1.479785e-04	 3189	 iter
2440	 1.479785e-04	 3190	 iter
2441	 1.479785e-04	 3191	 iter
2442	 1.473900e-04	 3193	 iter
2443	 1.473657e-04	 3195	 iter
2444	 1.467715e-04	 3197	 iter
2445	 1.466418e-04	 3199	 iter
2446	 1.466418e-04	 3200	 iter
2447	 1.466418e-04	 3201	 iter
2448	 1.466418e-04	 3202	 iter
2449	 1.465288e-04	 3204	 iter
2450	 1.465288e-04	 3205	 iter
2451	 1.456395e-04	 3207	 iter
2452	 1.456395e-04	 3208	 iter
2453	 1.455791e-04	 3210	 iter
2454	 1.455791e-04	 3211	 iter
2455	 1.455791e-04	 3212	 iter
2456	 1.455791e-04	 3213	 iter
2457	 1.452738e-04	 3215	 iter
2458	 1.452738e-04	 3216	 iter
2459	 1.452738e-04	 3217	 iter
2460	 1.452738e-04	 3219	 iter
2461	 1.452738e-04	 3220	 iter
2462	 1.452738e-04	 3221	 iter
2463	 1.452738e-04	 3222	 iter
2464	 1.452738e-04	 3223	 iter
2465	 1.452738e-04	 3224	 iter
2466	 1.452738e-04	 3225	 iter
2467	 1.452738e-04	 3226	 iter
2468	 1.437675e-04	 3228	 iter
2469	 1.437675e-04	 3229	 iter
2470	 1.437675e-04	 3230	 iter
2471	 1.437675e-04	 3231	 iter
2472	 1.437675e-04	 3232	 iter
2473	 1.436932e-04	 3234	 iter
2474	 1.436932e-04	 3235	 iter
2475	 1.436932e-04	 3236	 iter
2476	 1.436932e-04	 3237	 iter
2477	 1.436932e-04	 3238	 iter
2478	 1.436932e-04	 3239	 iter
2479	 1.436932e-04	 3241	 iter
2480	 1.436207e-04	 3243	 iter
2481	 1.436207e-04	 3244	 iter
2482	 1.436207e-04	 3245	 iter
2483	 1.436207e-04	 3247	 iter
2484	 1.436207e-04	 3248	 iter
2485	 1.436207e-04	 3249	 iter
2486	 1.436207e-04	 3250	 iter
2487	 1.427453e-04	 3252	 iter
2488	 1.427453e-04	 3253	 iter
2489	 1.425132e-04	 3255	 iter
2490	 1.425132e-04	 3256	 iter
2491	 1.425132e-04	 3257	 iter
2492	 1.425132e-04	 3258	 iter
2493	 1.425132e-04	 3259	 iter
2494	 1.425132e-04	 3260	 iter
2495	 1.422881e-04	 3262	 iter
2496	 1.422881e-04	 3264	 iter
2497	 1.422881e-04	 3265	 iter
2498	 1.422881e-04	 3266	 iter
2499	 1.422881e-04	 3267	 iter
2500	 1.422881e-04	 3269	 iter
2501	 1.422881e-04	 3270	 iter
2502	 1.422881e-04	 3271	 iter
2503	 1.422881e-04	 3272	 iter
2504	 1.419550e-04	 3274	 iter
2505	 1.419550e-04	 3275	 iter
2506	 1.419550e-04	 3276	 iter
2507	 1.419550e-04	 3277	 iter
2508	 1.418501e-04	 3279	 iter
2509	 1.418223e-04	 3281	 iter
2510	 1.418223e-04	 3282	 iter
2511	 1.418223e-04	 3283	 iter
2512	 1.418223e-04	 3284	 iter
2513	 1.418223e-04	 3285	 iter
2514	 1.418223e-04	 3287	 iter
2515	 1.416045e-04	 3289	 iter
2516	 1.415826e-04	 3291	 iter
2517	 1.415826e-04	 3292	 iter
2518	 1.414423e-04	 3294	 iter
2519	 1.414423e-04	 3296	 iter
2520	 1.414423e-04	 3297	 iter
2521	 1.414423e-04	 3298	 iter
2522	 1.414423e-04	 3299	 iter
2523	 1.414423e-04	 3300	 iter
2524	 1.414423e-04	 3301	 iter
2525	 1.414423e-04	 3302	 iter
2526	 1.414423e-04	 3303	 iter
2527	 1.409994e-04	 3305	 iter
2528	 1.409994e-04	 3306	 iter
2529	 1.409994e-04	 3307	 iter
2530	 1.409994e-04	 3308	 iter
2531	 1.409994e-04	 3309	 iter
2532	 1.409994e-04	 3310	 iter
2533	 1.409994e-04	 3312	 iter
2534	 1.409994e-04	 3313	 iter
2535	 1.409994e-04	 3315	 iter
2536	 1.409994e-04	 3317	 iter
2537	 1.409994e-04	 3318	 iter
2538	 1.409994e-04	 3319	 iter
2539	 1.409994e-04	 3320	 iter
2540	 1.409994e-04	 3321	 iter
2541	 1.409994e-04	 3322	 iter
2542	 1.409957e-04	 3324	 iter
2543	 1.409957e-04	 3325	 iter
2544	 1.409957e-04	 3327	 iter
2545	 1.409957e-04	 3328	 iter
2546	 1.409957e-04	 3329	 iter
2547	 1.409957e-04	 3330	 iter
2548	 1.409957e-04	 3332	 iter
2549	 1.409957e-04	 3333	 iter
2550	 1.409957e-04	 3334	 iter
2551	 1.409957e-04	 3336	 iter
2552	 1.409957e-04	 3338	 iter
2553	 1.408358e-04	 3340	 iter
2554	 1.408358e-04	 3341	 iter
2555	 1.408358e-04	 3342	 iter
2556	 1.408358e-04	 3343	 iter
2557	 1.408358e-04	 3344	 iter
2558	 1.408358e-04	 3346	 iter
2559	 1.408358e-04	 3348	 iter
2560	 1.407604e-04	 3350	 iter
2561	 1.407604e-04	 3352	 iter
2562	 1.406532e-04	 3354	 iter
2563	 1.406532e-04	 3355	 iter
2564	 1.406532e-04	 3357	 iter
2565	 1.406532e-04	 3358	 iter
2566	 1.406532e-04	 3359	 iter
2567	 1.406532e-04	 3361	 iter
2568	 1.406532e-04	 3362	 iter
2569	 1.405749e-04	 3364	 iter
2570	 1.405749e-04	 3365	 iter
2571	 1.405749e-04	 3366	 iter
2572	 1.405749e-04	 3367	 iter
2573	 1.405749e-04	 3368	 iter
2574	 1.405749e-04	 3370	 iter
2575	 1.405749e-04	 3372	 iter
2576	 1.405749e-04	 3374	 iter
2577	 1.405749e-04	 3375	 iter
2578	 1.405749e-04	 3376	 iter
2579	 1.405749e-04	 3377	 iter
2580	 1.405749e-04	 3378	 iter
2581	 1.405749e-04	 3379	 iter
2582	 1.405749e-04	 3380	 iter
2583	 1.405749e-04	 3381	 iter
2584	 1.405749e-04	 3382	 iter
2585	 1.405749e-04	 3383	 iter
2586	 1.405749e-04	 3384	 iter
2587	 1.405749e-04	 3385	 iter
2588	 1.405749e-04	 3386	 iter
2589	 1.405493e-04	 3388	 iter
2590	 1.405493e-04	 3390	 iter
2591	 1.405493e-04	 3392	 iter
2592	 1.405493e-04	 3393	 iter
2593	 1.405493e-04	 3394	 iter
2594	 1.405493e-04	 3395	 iter
2595	 1.405493e-04	 3396	 iter
2596	 1.405493e-04	 3398	 iter
2597	 1.405493e-04	 3399	 iter
2598	 1.405493e-04	 3401	 iter
2599	 1.405493e-04	 3402	 iter
2600	 1.405463e-04	 3404	 iter
2601	 1.405202e-04	 3406	 iter
2602	 1.405202e-04	 3407	 iter
2603	 1.405202e-04	 3409	 iter
2604	 1.405202e-04	 3410	 iter
2605	 1.405202e-04	 3412	 iter
2606	 1.405202e-04	 3414	 iter
2607	 1.405202e-04	 3415	 iter
2608	 1.405202e-04	 3416	 iter
2609	 1.405057e-04	 3418	 iter
2610	 1.404389e-04	 3420	 iter
2611	 1.404389e-04	 3422	 iter
2612	 1.404389e-04	 3424	 iter
2613	 1.404389e-04	 3425	 iter
2614	 1.404389e-04	 3426	 iter
2615	 1.404389e-04	 3428	 iter
2616	 1.404389e-04	 3429	 iter
2617	 1.404389e-04	 3430	 iter
2618	 1.404184e-04	 3432	 iter
2619	 1.404184e-04	 3434	 iter
2620	 1.404082e-04	 3436	 iter
2621	 1.404082e-04	 3438	 iter
2622	 1.404082e-04	 3439	 iter
2623	 1.404082e-04	 3440	 iter
2624	 1.404082e-04	 3441	 iter
2625	 1.404082e-04	 3442	 iter
2626	 1.404082e-04	 3443	 iter
2627	 1.403941e-04	 3445	 iter
2628	 1.403773e-04	 3447	 iter
2629	 1.403589e-04	 3449	 iter
2630	 1.403589e-04	 3450	 iter
2631	 1.403589e-04	 3451	 iter
2632	 1.403589e-04	 3452	 iter
2633	 1.403513e-04	 3454	 iter
2634	 1.403411e-04	 3456	 iter
2635	 1.403411e-04	 3457	 iter
2636	 1.403411e-04	 3458	 iter
2637	 1.403411e-04	 3459	 iter
2638	 1.403411e-04	 3461	 iter
2639	 1.403219e-04	 3463	 iter
2640	 1.403219e-04	 3464	 iter
2641	 1.403219e-04	 3465	 iter
2642	 1.403219e-04	 3466	 iter
2643	 1.403219e-04	 3467	 iter
2644	 1.403219e-04	 3468	 iter
2645	 1.403180e-04	 3470	 iter
2646	 1.402648e-04	 3472	 iter
2647	 1.402648e-04	 3473	 iter
2648	 1.402648e-04	 3474	 iter
2649	 1.402648e-04	 3475	 iter
2650	 1.402648e-04	 3476	 iter
2651	 1.402360e-04	 3478	 iter
2652	 1.402360e-04	 3479	 iter
2653	 1.402360e-04	 3480	 iter
2654	 1.402360e-04	 3481	 iter
2655	 1.402360e-04	 3482	 iter
2656	 1.402360e-04	 3483	 iter
2657	 1.402360e-04	 3484	 iter
2658	 1.402360e-04	 3485	 iter
2659	 1.402360e-04	 3486	 iter
2660	 1.402360e-04	 3487	 iter
2661	 1.402280e-04	 3489	 iter
2662	 1.402141e-04	 3491	 iter
2663	 1.401539e-04	 3493	 iter
2664	 1.401539e-04	 3494	 iter
2665	 1.401539e-04	 3495	 iter
2666	 1.401391e-04	 3497	 iter
2667	 1.401347e-04	 3499	 iter
2668	 1.401347e-04	 3500	 iter
2669	 1.401347e-04	 3501	 iter
2670	 1.401347e-04	 3502	 iter
2671	 1.401347e-04	 3503	 iter
2672	 1.401293e-04	 3505	 iter
2673	 1.401293e-04	 3506	 iter
2674	 1.400996e-04	 3508	 iter
2675	 1.400635e-04	 3510	 iter
2676	 1.400635e-04	 3511	 iter
2677	 1.400635e-04	 3512	 iter
2678	 1.400635e-04	 3513	 iter
2679	 1.400205e-04	 3515	 iter
2680	 1.400205e-04	 3516	 iter
2681	 1.400205e-04	 3517	 iter
2682	 1.400205e-04	 3518	 iter
2683	 1.400205e-04	 3519	 iter
2684	 1.400205e-04	 3520	 iter
2685	 1.400205e-04	 3521	 iter
2686	 1.400205e-04	 3522	 iter
2687	 1.399771e-04	 3524	 iter
2688	 1.399771e-04	 3525	 iter
2689	 1.399235e-04	 3527	 iter
2690	 1.399235e-04	 3528	 iter
2691	 1.399235e-04	 3529	 iter
2692	 1.399235e-04	 3530	 iter
2693	 1.399235e-04	 3531	 iter
2694	 1.399235e-04	 3532	 iter
2695	 1.399235e-04	 3533	 iter
2696	 1.399235e-04	 3534	 iter
2697	 1.399235e-04	 3535	 iter
2698	 1.398861e-04	 3537	 iter
2699	 1.398861e-04	 3538	 iter
2700	 1.398861e-04	 3539	 iter
2701	 1.398861e-04	 3540	 iter
2702	 1.398861e-04	 3541	 iter
2703	 1.398861e-04	 3542	 iter
2704	 1.398861e-04	 3543	 iter
2705	 1.398600e-04	 3545	 iter
2706	 1.398600e-04	 3546	 iter
2707	 1.398382e-04	 3548	 iter
2708	 1.398141e-04	 3550	 iter
2709	 1.398141e-04	 3551	 iter
2710	 1.398141e-04	 3552	 iter
2711	 1.398141e-04	 3554	 iter
2712	 1.398141e-04	 3556	 iter
2713	 1.398088e-04	 3558	 iter
2714	 1.398088e-04	 3559	 iter
2715	 1.398088e-04	 3560	 iter
2716	 1.398088e-04	 3561	 iter
2717	 1.398011e-04	 3563	 iter
2718	 1.398011e-04	 3564	 iter
2719	 1.398011e-04	 3565	 iter
2720	 1.398011e-04	 3566	 iter
2721	 1.398011e-04	 3567	 iter
2722	 1.398011e-04	 3569	 iter
2723	 1.398011e-04	 3570	 iter
2724	 1.398011e-04	 3572	 iter
2725	 1.397547e-04	 3574	 iter
2726	 1.397438e-04	 3576	 iter
2727	 1.397438e-04	 3577	 iter
2728	 1.397438e-04	 3578	 iter
2729	 1.397438e-04	 3580	 iter
2730	 1.397438e-04	 3581	 iter
2731	 1.397438e-04	 3582	 iter
2732	 1.397438e-04	 3583	 iter
2733	 1.397438e-04	 3584	 iter
2734	 1.397438e-04	 3585	 iter
2735	 1.397180e-04	 3587	 iter
2736	 1.397180e-04	 3588	 iter
2737	 1.397180e-04	 3589	 iter
2738	 1.397180e-04	 3590	 iter
2739	 1.397180e-04	 3591	 iter
2740	 1.397150e-04	 3593	 iter
2741	 1.397150e-04	 3594	 iter
2742	 1.397150e-04	 3595	 iter
2743	 1.397150e-04	 3596	 iter
2744	 1.397150e-04	 3597	 iter
2745	 1.397150e-04	 3598	 iter
2746	 1.397150e-04	 3599	 iter
2747	 1.397150e-04	 3600	 iter
2748	 1.397150e-04	 3601	 iter
2749	 1.397150e-04	 3602	 iter
2750	 1.397150e-04	 3603	 iter
2751	 1.397150e-04	 3605	 iter
2752	 1.397079e-04	 3607	 iter
2753	 1.397079e-04	 3609	 iter
2754	 1.397079e-04	 3611	 iter
2755	 1.396993e-04	 3613	 iter
2756	 1.396993e-04	 3614	 iter
2757	 1.396993e-04	 3616	 iter
2758	 1.396993e-04	 3618	 iter
2759	 1.396993e-04	 3620	 iter
2760	 1.396817e-04	 3622	 iter
2761	 1.396817e-04	 3624	 iter
2762	 1.396817e-04	 3625	 iter
2763	 1.396817e-04	 3627	 iter
2764	 1.396817e-04	 3629	 iter
2765	 1.396817e-04	 3631	 iter
2766	 1.396817e-04	 3633	 iter
2767	 1.396817e-04	 3634	 iter
2768	 1.396817e-04	 3635	 iter
2769	 1.396817e-04	 3636	 iter
2770	 1.396806e-04	 3638	 iter
2771	 1.396806e-04	 3639	 iter
2772	 1.396806e-04	 3640	 iter
2773	 1.396787e-04	 3642	 iter
2774	 1.396787e-04	 3644	 iter
2775	 1.396774e-04	 3646	 iter
2776	 1.396774e-04	 3647	 iter
2777	 1.396774e-04	 3648	 iter
2778	 1.396774e-04	 3650	 iter
2779	 1.396716e-04	 3652	 iter
2780	 1.396716e-04	 3653	 iter
2781	 1.396716e-04	 3654	 iter
2782	 1.396716e-04	 3655	 iter
2783	 1.396716e-04	 3656	 iter
2784	 1.396698e-04	 3658	 iter
2785	 1.396698e-04	 3659	 iter
2786	 1.396698e-04	 3661	 iter
2787	 1.396698e-04	 3663	 iter
2788	 1.396698e-04	 3665	 iter
2789	 1.396698e-04	 3667	 iter
2790	 1.396698e-04	 3669	 iter
2791	 1.396668e-04	 3671	 iter
2792	 1.396641e-04	 3673	 iter
2793	 1.396641e-04	 3674	 iter
2794	 1.396641e-04	 3675	 iter
2795	 1.396641e-04	 3676	 iter
2796	 1.396641e-04	 3677	 iter
2797	 1.396641e-04	 3678	 iter
2798	 1.396641e-04	 3680	 iter
2799	 1.396641e-04	 3681	 iter
2800	 1.396641e-04	 3682	 iter
2801	 1.396641e-04	 3684	 iter
2802	 1.396611e-04	 3686	 iter
2803	 1.396611e-04	 3687	 iter
2804	 1.396611e-04	 3689	 iter
2805	 1.396611e-04	 3690	 iter
2806	 1.396611e-04	 3692	 iter
2807	 1.396611e-04	 3693	 iter
2808	 1.396611e-04	 3694	 iter
2809	 1.396611e-04	 3696	 iter
2810	 1.396611e-04	 3698	 iter
2811	 1.396611e-04	 3699	 iter
2812	 1.396611e-04	 3701	 iter
2813	 1.396611e-04	 3703	 iter
2814	 1.396611e-04	 3705	 iter
2815	 1.396611e-04	 3706	 iter
2816	 1.396611e-04	 3708	 iter
2817	 1.396611e-04	 3710	 iter
2818	 1.396611e-04	 3712	 iter
2819	 1.396611e-04	 3713	 iter
2820	 1.396607e-04	 3715	 iter
2821	 1.396605e-04	 3717	 iter
2822	 1.396602e-04	 3719	 iter
2823	 1.396602e-04	 3720	 iter
2824	 1.396602e-04	 3721	 iter
2825	 1.396601e-04	 3723	 iter
2826	 1.396600e-04	 3725	 iter
2827	 1.396599e-04	 3727	 iter
2828	 1.396595e-04	 3729	 iter
2829	 1.396595e-04	 3730	 iter
2830	 1.396595e-04	 3732	 iter
2831	 1.396595e-04	 3734	 iter
2832	 1.396595e-04	 3736	 iter
2833	 1.396595e-04	 3737	 iter
2834	 1.396595e-04	 3739	 iter
2835	 1.396595e-04	 3740	 iter
2836	 1.396590e-04	 3742	 iter
2837	 1.396590e-04	 3743	 iter
2838	 1.396590e-04	 3745	 iter
2839	 1.396590e-04	 3746	 iter
2840	 1.396590e-04	 3748	 iter
2841	 1.396590e-04	 3750	 iter
2842	 1.396590e-04	 3752	 iter
2843	 1.396590e-04	 3754	 iter
2844	 1.396590e-04	 3755	 iter
2845	 1.396589e-04	 3757	 iter
2846	 1.396588e-04	 3759	 iter
2847	 1.396588e-04	 3760	 iter
2848	 1.396588e-04	 3761	 iter
2849	 1.396585e-04	 3763	 iter
2850	 1.396585e-04	 3764	 iter
2851	 1.396585e-04	 3765	 iter
2852	 1.396585e-04	 3767	 iter
2853	 1.396585e-04	 3768	 iter
2854	 1.396585e-04	 3770	 iter
2855	 1.396585e-04	 3771	 iter
2856	 1.396585e-04	 3772	 iter
2857	 1.396585e-04	 3774	 iter
2858	 1.396585e-04	 3776	 iter
2859	 1.396585e-04	 3777	 iter
2860	 1.396585e-04	 3779	 iter
2861	 1.396585e-04	 3780	 iter
2862	 1.396584e-04	 3782	 iter
2863	 1.396584e-04	 3784	 iter
2864	 1.396584e-04	 3786	 iter
2865	 1.396579e-04	 3788	 iter
2866	 1.396579e-04	 3790	 iter
2867	 1.396579e-04	 3792	 iter
2868	 1.396579e-04	 3793	 iter
2869	 1.396579e-04	 3795	 iter
2870	 1.396579e-04	 3796	 iter
2871	 1.396579e-04	 3797	 iter
2872	 1.396579e-04	 3799	 iter
2873	 1.396579e-04	 3801	 iter
2874	 1.396579e-04	 3803	 iter
2875	 1.396579e-04	 3804	 iter
2876	 1.396579e-04	 3806	 iter
2877	 1.396579e-04	 3807	 iter
2878	 1.396579e-04	 3808	 iter
2879	 1.396579e-04	 3810	 iter
2880	 1.396579e-04	 3811	 iter
2881	 1.396579e-04	 3813	 iter
2882	 1.396579e-04	 3814	 iter
2883	 1.396579e-04	 3815	 iter
2884	 1.396579e-04	 3816	 iter
2885	 1.396579e-04	 3817	 iter
2886	 1.396579e-04	 3818	 iter
2887	 1.396579e-04	 3819	 iter
2888	 1.396579e-04	 3820	 iter
2889	 1.396579e-04	 3821	 iter
2890	 1.396579e-04	 3822	 iter
2891	 1.396579e-04	 3824	 iter
2892	 1.396579e-04	 3826	 iter
2893	 1.396579e-04	 3828	 iter
2894	 1.396579e-04	 3829	 iter
2895	 1.396579e-04	 3830	 iter
2896	 1.396579e-04	 3832	 iter
2897	 1.396579e-04	 3833	 iter
2898	 1.396579e-04	 3834	 iter
2899	 1.396578e-04	 3836	 iter
2900	 1.396578e-04	 3837	 iter
2901	 1.396578e-04	 3838	 iter
2902	 1.396578e-04	 3839	 iter
2903	 1.396578e-04	 3840	 iter
2904	 1.396578e-04	 3841	 iter
2905	 1.396578e-04	 3843	 iter
2906	 1.396578e-04	 3845	 iter
2907	 1.396578e-04	 3847	 iter
2908	 1.396578e-04	 3849	 iter
2909	 1.396578e-04	 3850	 iter
2910	 1.396578e-04	 3852	 iter
2911	 1.396578e-04	 3854	 iter
2912	 1.396578e-04	 3856	 iter
2913	 1.396578e-04	 3857	 iter
2914	 1.396577e-04	 3859	 iter
2915	 1.396577e-04	 3860	 iter
2916	 1.396577e-04	 3861	 iter
2917	 1.396577e-04	 3862	 iter
2918	 1.396577e-04	 3864	 iter
2919	 1.396577e-04	 3865	 iter
2920	 1.396577e-04	 3867	 iter
2921	 1.396577e-04	 3869	 iter
2922	 1.396577e-04	 3871	 iter
2923	 1.396577e-04	 3873	 iter
2924	 1.396577e-04	 3875	 iter
2925	 1.396577e-04	 3877	 iter
2926	 1.396577e-04	 3879	 iter
2927	 1.396576e-04	 3881	 iter
2928	 1.396576e-04	 3882	 iter
2929	 1.396576e-04	 3883	 iter
2930	 1.396576e-04	 3885	 iter
2931	 1.396576e-04	 3886	 iter
2932	 1.396576e-04	 3888	 iter
2933	 1.396576e-04	 3889	 iter
2934	 1.396576e-04	 3890	 iter
2935	 1.396576e-04	 3891	 iter
2936	 1.396576e-04	 3892	 iter
2937	 1.396576e-04	 3893	 iter
2938	 1.396576e-04	 3895	 iter
2939	 1.396576e-04	 3896	 iter
2940	 1.396576e-04	 3897	 iter
2941	 1.396576e-04	 3899	 iter
2942	 1.396576e-04	 3901	 iter
2943	 1.396576e-04	 3902	 iter
2944	 1.396576e-04	 3904	 iter
2945	 1.396576e-04	 3906	 iter
2946	 1.396576e-04	 3908	 iter
2947	 1.396576e-04	 3910	 iter
2948	 1.396576e-04	 3911	 iter
2949	 1.396576e-04	 3912	 iter
2950	 1.396576e-04	 3913	 iter
2951	 1.396576e-04	 3915	 iter
2952	 1.396576e-04	 3916	 iter
2953	 1.396576e-04	 3917	 iter
2954	 1.396576e-04	 3919	 iter
2955	 1.396576e-04	 3921	 iter
2956	 1.396576e-04	 3922	 iter
2957	 1.396576e-04	 3923	 iter
2958	 1.396576e-04	 3925	 iter
2959	 1.396576e-04	 3927	 iter
2960	 1.396576e-04	 3929	 iter
2961	 1.396575e-04	 3931	 iter
2962	 1.396575e-04	 3932	 iter
2963	 1.396575e-04	 3933	 iter
2964	 1.396575e-04	 3934	 iter
2965	 1.396575e-04	 3935	 iter
2966	 1.396575e-04	 3937	 iter
2967	 1.396575e-04	 3939	 iter
2968	 1.396575e-04	 3940	 iter
2969	 1.396575e-04	 3941	 iter
2970	 1.396575e-04	 3943	 iter
2971	 1.396575e-04	 3944	 iter
2972	 1.396575e-04	 3945	 iter
2973	 1.396575e-04	 3946	 iter
2974	 1.396575e-04	 3948	 iter
2975	 1.396575e-04	 3949	 iter
2976	 1.396575e-04	 3950	 iter
2977	 1.396575e-04	 3951	 iter
2978	 1.396575e-04	 3953	 iter
2979	 1.396575e-04	 3954	 iter
2980	 1.396575e-04	 3956	 iter
2981	 1.396575e-04	 3958	 iter
2982	 1.396575e-04	 3960	 iter
2983	 1.396575e-04	 3961	 iter
2984	 1.396575e-04	 3963	 iter
2985	 1.396575e-04	 3964	 iter
2986	 1.396575e-04	 3965	 iter
2987	 1.396575e-04	 3966	 iter
2988	 1.396575e-04	 3968	 iter
2989	 1.396575e-04	 3969	 iter
2990	 1.396575e-04	 3970	 iter
2991	 1.396575e-04	 3972	 iter
2992	 1.396575e-04	 3974	 iter
2993	 1.396575e-04	 3976	 iter
2993	 1.396575e-04	 3976	 done
