0	 5.082164e-33	 1	 init
0	 5.082164e-33	 1	 iter
1	 5.082164e-33	 17	 iter
2	 5.082164e-33	 19	 iter
3	 5.082164e-33	 21	 iter
4	 5.082164e-33	 23	 iter
5	 5.082164e-33	 25	 iter
6	 5.082164e-33	 27	 iter
7	 5.082164e-33	 28	 iter
8	 5.082164e-33	 30	 iter
9	 5.082164e-33	 32	 iter
10	 5.082164e-33	 34	 iter
11	 5.082164e-33	 36	 iter
12	 5.082164e-33	 38	 iter
13	 5.082164e-33	 40	 iter
14	 5.082164e-33	 42	 iter
15	 5.082164e-33	 44	 iter
16	 5.082164e-33	 46	 iter
17	 5.082164e-33	 48	 iter
18	 5.082164e-33	 50	 iter
19	 5.082164e-33	 52	 iter
20	 5.082164e-33	 54	 iter
21	 5.082164e-33	 56	 iter
22	 5.082164e-33	 58	 iter
23	 5.082164e-33	 60	 iter
24	 5.082164e-33	 62	 iter
25	 5.082164e-33	 64	 iter
26	 5.082164e-33	 66	 iter
27	 5.082164e-33	 67	 iter
28	 5.082164e-33	 69	 iter
29	 5.082164e-33	 71	 iter
30	 5.082164e-33	 73	 iter
31	 5.082164e-33	 75	 iter
32	 5.082164e-33	 77	 iter
33	 5.082164e-33	 79	 iter
34	 5.082164e-33	 81	 iter
35	 5.082164e-33	 83	 iter
36	 5.082164e-33	 85	 iter
37	 5.082164e-33	 87	 iter
38	 5.082164e-33	 89	 iter
39	 5.082164e-33	 91	 iter
40	 5.082164e-33	 93	 iter
41	 5.082164e-33	 95	 iter
42	 5.082164e-33	 97	 iter
43	 5.082164e-33	 99	 iter
44	 5.082164e-33	 100	 iter
45	 5.082164e-33	 102	 iter
46	 5.082164e-33	 104	 iter
47	 5.082164e-33	 106	 iter
48	 5.082164e-33	 108	 iter
49	 5.082164e-33	 110	 iter
50	 5.082164e-33	 112	 iter
51	 5.082164e-33	 113	 iter
52	 5.082164e-33	 115	 iter
53	 5.082164e-33	 117	 iter
54	 5.082164e-33	 118	 iter
55	 5.082164e-33	 120	 iter
56	 5.082164e-33	 121	 iter
57	 5.082164e-33	 123	 iter
58	 5.082164e-33	 125	 iter
59	 5.082164e-33	 126	 iter
60	 5.082164e-33	 127	 iter
61	 5.082164e-33	 129	 iter
62	 5.082164e-33	 131	 iter
63	 5.082164e-33	 133	 iter
64	 5.082164e-33	 134	 iter
65	 5.082164e-33	 136	 iter
66	 5.082164e-33	 138	 iter
67	 5.082164e-33	 140	 iter
68	 5.082164e-33	 142	 iter
69	 5.082164e-33	 143	 iter
70	 5.082164e-33	 145	 iter
71	 5.082164e-33	 146	 iter
72	 5.082164e-33	 148	 iter
73	 5.082164e-33	 150	 iter
74	 5.082164e-33	 152	 iter
75	 5.082164e-33	 154	 iter
76	 5.082164e-33	 156	 iter
77	 5.082164e-33	 158	 iter
78	 5.082164e-33	 160	 iter
79	 5.082164e-33	 161	 iter
80	 5.082164e-33	 163	 iter
81	 5.082164e-33	 165	 iter
82	 5.082164e-33	 166	 iter
83	 5.082164e-33	 167	 iter
84	 5.082164e-33	 169	 iter
85	 5.082164e-33	 171	 iter
86	 5.082164e-33	 172	 iter
87	 5.082164e-33	 173	 iter
88	 5.082164e-33	 175	 iter
89	 5.082164e-33	 177	 iter
90	 5.082164e-33	 179	 iter
91	 5.082164e-33	 181	 iter
92	 5.082164e-33	 182	 iter
93	 5.082164e-33	 184	 iter
94	 5.082164e-33	 185	 iter
95	 5.082164e-33	 187	 iter
96	 5.082164e-33	 188	 iter
97	 5.082164e-33	 189	 iter
98	 5.082164e-33	 190	 iter
99	 5.082164e-33	 192	 iter
100	 5.082164e-33	 193	 iter
101	 5.082164e-33	 195	 iter
102	 5.082164e-33	 196	 iter
103	 5.082164e-33	 198	 iter
104	 5.082164e-33	 199	 iter
105	 5.082164e-33	 201	 iter
106	 5.082164e-33	 203	 iter
107	 5.082164e-33	 205	 iter
108	 5.082164e-33	 206	 iter
109	 5.082164e-33	 208	 iter
110	 5.082164e-33	 210	 iter
111	 5.082164e-33	 212	 iter
112	 5.082164e-33	 213	 iter
113	 5.082164e-33	 214	 iter
114	 5.082164e-33	 216	 iter
115	 5.082164e-33	 218	 iter
116	 5.082164e-33	 220	 iter
117	 5.082164e-33	 222	 iter
118	 5.082164e-33	 223	 iter
119	 5.082164e-33	 224	 iter
120	 5.082164e-33	 226	 iter
121	 5.082164e-33	 228	 iter
122	 5.082164e-33	 229	 iter
123	 5.082164e-33	 230	 iter
124	 5.082164e-33	 231	 iter
125	 5.082164e-33	 232	 iter
126	 5.082164e-33	 234	 iter
127	 5.082164e-33	 236	 iter
128	 5.082164e-33	 237	 iter
128	 5.082164e-33	 237	 done
