0	 1.297948e-32	 1	 init
0	 1.297948e-32	 1	 iter
1	 1.297948e-32	 17	 iter
2	 1.297948e-32	 19	 iter
3	 1.297948e-32	 21	 iter
4	 1.297948e-32	 23	 iter
5	 1.297948e-32	 25	 iter
6	 1.297948e-32	 27	 iter
7	 1.297948e-32	 29	 iter
8	 1.297948e-32	 31	 iter
9	 1.297948e-32	 33	 iter
10	 1.297948e-32	 35	 iter
11	 1.297948e-32	 37	 iter
12	 1.297948e-32	 39	 iter
13	 1.297948e-32	 41	 iter
14	 1.297948e-32	 43	 iter
15	 1.297948e-32	 45	 iter
16	 1.297948e-32	 47	 iter
17	 1.297948e-32	 49	 iter
18	 1.297948e-32	 51	 iter
19	 1.297948e-32	 53	 iter
20	 1.297948e-32	 55	 iter
21	 1.297948e-32	 57	 iter
22	 1.297948e-32	 59	 iter
23	 1.297948e-32	 61	 iter
24	 1.297948e-32	 63	 iter
25	 1.297948e-32	 65	 iter
26	 1.297948e-32	 67	 iter
27	 1.297948e-32	 69	 iter
28	 1.297948e-32	 70	 iter
29	 1.297948e-32	 72	 iter
30	 1.297948e-32	 73	 iter
31	 1.297948e-32	 75	 iter
32	 1.297948e-32	 77	 iter
33	 1.297948e-32	 79	 iter
34	 1.297948e-32	 81	 iter
35	 1.297948e-32	 83	 iter
36	 1.297948e-32	 85	 iter
37	 1.297948e-32	 87	 iter
38	 1.297948e-32	 89	 iter
39	 1.297948e-32	 91	 iter
40	 1.297948e-32	 93	 iter
41	 1.297948e-32	 94	 iter
42	 1.297948e-32	 96	 iter
43	 1.297948e-32	 97	 iter
44	 1.297948e-32	 99	 iter
45	 1.297948e-32	 101	 iter
46	 1.297948e-32	 103	 iter
47	 1.297948e-32	 105	 iter
48	 1.297948e-32	 107	 iter
49	 1.297948e-32	 109	 iter
50	 1.297948e-32	 111	 iter
51	 1.297948e-32	 113	 iter
52	 1.297948e-32	 115	 iter
53	 1.297948e-32	 116	 iter
54	 1.297948e-32	 118	 iter
55	 1.297948e-32	 120	 iter
56	 1.297948e-32	 121	 iter
57	 1.297948e-32	 123	 iter
58	 1.297948e-32	 125	 iter
59	 1.297948e-32	 126	 iter
60	 1.297948e-32	 128	 iter
61	 1.297948e-32	 130	 iter
62	 1.297948e-32	 132	 iter
63	 1.297948e-32	 133	 iter
64	 1.297948e-32	 135	 iter
65	 1.297948e-32	 137	 iter
66	 1.297948e-32	 138	 iter
67	 1.297948e-32	 140	 iter
68	 1.297948e-32	 142	 iter
69	 1.297948e-32	 144	 iter
70	 1.297948e-32	 145	 iter
71	 1.297948e-32	 147	 iter
72	 1.297948e-32	 149	 iter
73	 1.297948e-32	 150	 iter
74	 1.297948e-32	 151	 iter
75	 1.297948e-32	 152	 iter
76	 1.297948e-32	 154	 iter
77	 1.297948e-32	 155	 iter
78	 1.297948e-32	 157	 iter
79	 1.297948e-32	 159	 iter
80	 1.297948e-32	 161	 iter
81	 1.297948e-32	 163	 iter
82	 1.297948e-32	 165	 iter
83	 1.297948e-32	 166	 iter
84	 1.297948e-32	 168	 iter
85	 1.297948e-32	 170	 iter
86	 1.297948e-32	 171	 iter
87	 1.297948e-32	 172	 iter
88	 1.297948e-32	 173	 iter
89	 1.297948e-32	 175	 iter
90	 1.297948e-32	 177	 iter
91	 1.297948e-32	 179	 iter
92	 1.297948e-32	 181	 iter
93	 1.297948e-32	 182	 iter
94	 1.297948e-32	 184	 iter
95	 1.297948e-32	 186	 iter
96	 1.297948e-32	 187	 iter
97	 1.297948e-32	 188	 iter
98	 1.297948e-32	 190	 iter
99	 1.297948e-32	 192	 iter
100	 1.297948e-32	 193	 iter
101	 1.297948e-32	 194	 iter
102	 1.297948e-32	 196	 iter
103	 1.297948e-32	 198	 iter
104	 1.297948e-32	 199	 iter
105	 1.297948e-32	 201	 iter
106	 1.297948e-32	 202	 iter
107	 1.297948e-32	 203	 iter
108	 1.297948e-32	 204	 iter
109	 1.297948e-32	 206	 iter
110	 1.297948e-32	 207	 iter
111	 1.297948e-32	 209	 iter
112	 1.297948e-32	 210	 iter
113	 1.297948e-32	 212	 iter
114	 1.297948e-32	 214	 iter
115	 1.297948e-32	 215	 iter
116	 1.297948e-32	 217	 iter
117	 1.297948e-32	 218	 iter
118	 1.297948e-32	 220	 iter
119	 1.297948e-32	 222	 iter
120	 1.297948e-32	 223	 iter
121	 1.297948e-32	 225	 iter
122	 1.297948e-32	 227	 iter
123	 1.297948e-32	 229	 iter
124	 1.297948e-32	 230	 iter
125	 1.297948e-32	 232	 iter
126	 1.297948e-32	 233	 iter
127	 1.297948e-32	 234	 iter
128	 1.297948e-32	 235	 iter
129	 1.297948e-32	 236	 iter
129	 1.297948e-32	 236	 done
