0	 2.561719e-04	 1	 init
0	 2.561719e-04	 1	 iter
1	 2.502387e-04	 17	 iter
2	 2.502387e-04	 19	 iter
3	 2.502387e-04	 20	 iter
4	 2.502387e-04	 21	 iter
5	 2.502387e-04	 23	 iter
6	 2.502387e-04	 25	 iter
7	 2.502387e-04	 26	 iter
8	 2.502387e-04	 28	 iter
9	 2.502387e-04	 30	 iter
10	 2.366862e-04	 32	 iter
11	 2.366862e-04	 33	 iter
12	 2.366862e-04	 34	 iter
13	 2.366862e-04	 36	 iter
14	 2.366862e-04	 37	 iter
15	 2.366862e-04	 39	 iter
16	 2.366862e-04	 40	 iter
17	 2.366862e-04	 42	 iter
18	 2.366862e-04	 44	 iter
19	 2.366862e-04	 45	 iter
20	 2.285844e-04	 47	 iter
21	 2.285844e-04	 48	 iter
22	 2.285844e-04	 49	 iter
23	 2.285844e-04	 50	 iter
24	 2.285844e-04	 51	 iter
25	 2.285844e-04	 52	 iter
26	 2.285844e-04	 53	 iter
27	 2.285844e-04	 54	 iter
28	 2.285844e-04	 55	 iter
29	 2.243619e-04	 57	 iter
30	 2.120239e-04	 59	 iter
31	 2.120239e-04	 60	 iter
32	 2.120239e-04	 61	 iter
33	 2.120239e-04	 62	 iter
34	 2.120239e-04	 63	 iter
35	 2.120239e-04	 64	 iter
36	 2.120239e-04	 65	 iter
37	 2.120239e-04	 66	 iter
38	 2.120239e-04	 67	 iter
39	 2.041108e-04	 69	 iter
40	 2.041108e-04	 70	 iter
41	 2.041108e-04	 71	 iter
42	 2.041108e-04	 72	 iter
43	 2.041108e-04	 73	 iter
44	 2.041108e-04	 74	 iter
45	 2.041108e-04	 75	 iter
46	 2.041108e-04	 76	 iter
47	 1.938669e-04	 78	 iter
48	 1.938669e-04	 79	 iter
49	 1.938669e-04	 80	 iter
50	 1.938669e-04	 81	 iter
51	 1.822016e-04	 83	 iter
52	 1.822016e-04	 84	 iter
53	 1.822016e-04	 85	 iter
54	 1.822016e-04	 86	 iter
55	 1.822016e-04	 87	 iter
56	 1.822016e-04	 88	 iter
57	 1.822016e-04	 89	 iter
58	 1.822016e-04	 90	 iter
59	 1.822016e-04	 91	 iter
60	 1.608514e-04	 93	 iter
61	 1.608514e-04	 94	 iter
62	 1.608514e-04	 95	 iter
63	 1.608514e-04	 96	 iter
64	 1.608514e-04	 97	 iter
65	 1.608514e-04	 98	 iter
66	 1.608514e-04	 99	 iter
67	 1.608514e-04	 100	 iter
68	 1.608514e-04	 101	 iter
69	 1.567019e-04	 103	 iter
70	 1.567019e-04	 104	 iter
71	 1.455759e-04	 106	 iter
72	 1.455759e-04	 107	 iter
73	 1.455759e-04	 108	 iter
74	 1.455759e-04	 109	 iter
75	 1.455759e-04	 110	 iter
76	 1.455759e-04	 111	 iter
77	 1.321040e-04	 113	 iter
78	 1.321040e-04	 114	 iter
79	 1.321040e-04	 115	 iter
80	 1.321040e-04	 116	 iter
81	 1.321040e-04	 117	 iter
82	 1.321040e-04	 118	 iter
83	 1.321040e-04	 119	 iter
84	 1.321040e-04	 120	 iter
85	 1.321040e-04	 121	 iter
86	 1.321040e-04	 122	 iter
87	 1.321040e-04	 123	 iter
88	 1.321040e-04	 124	 iter
89	 1.321040e-04	 125	 iter
90	 1.321040e-04	 126	 iter
91	 1.321040e-04	 127	 iter
92	 1.321040e-04	 129	 iter
93	 1.321040e-04	 130	 iter
94	 1.321040e-04	 131	 iter
95	 1.321040e-04	 132	 iter
96	 1.321040e-04	 133	 iter
97	 1.321040e-04	 134	 iter
98	 1.321040e-04	 135	 iter
99	 1.321040e-04	 137	 iter
100	 1.321040e-04	 138	 iter
101	 1.321040e-04	 139	 iter
102	 1.321040e-04	 141	 iter
103	 1.321040e-04	 143	 iter
104	 1.321040e-04	 145	 iter
105	 1.321040e-04	 146	 iter
106	 1.321040e-04	 147	 iter
107	 1.307520e-04	 149	 iter
108	 1.306871e-04	 151	 iter
109	 1.306871e-04	 152	 iter
110	 1.301222e-04	 154	 iter
111	 1.301222e-04	 155	 iter
112	 1.301222e-04	 156	 iter
113	 1.301222e-04	 157	 iter
114	 1.250550e-04	 159	 iter
115	 1.250550e-04	 160	 iter
116	 1.250550e-04	 161	 iter
117	 1.250550e-04	 162	 iter
118	 1.250550e-04	 164	 iter
119	 1.250550e-04	 165	 iter
120	 1.250550e-04	 166	 iter
121	 1.250550e-04	 167	 iter
122	 1.250550e-04	 168	 iter
123	 1.250550e-04	 169	 iter
124	 1.250550e-04	 170	 iter
125	 1.250550e-04	 171	 iter
126	 1.250550e-04	 173	 iter
127	 1.236871e-04	 175	 iter
128	 1.236871e-04	 176	 iter
129	 1.236871e-04	 177	 iter
130	 1.236871e-04	 178	 iter
131	 1.236871e-04	 179	 iter
132	 1.236871e-04	 181	 iter
133	 1.236871e-04	 182	 iter
134	 1.236871e-04	 184	 iter
135	 1.236871e-04	 185	 iter
136	 1.236871e-04	 186	 iter
137	 1.236871e-04	 187	 iter
138	 1.236871e-04	 189	 iter
139	 1.217986e-04	 191	 iter
140	 1.197729e-04	 193	 iter
141	 1.178605e-04	 195	 iter
142	 1.178605e-04	 196	 iter
143	 1.178605e-04	 197	 iter
144	 1.178605e-04	 198	 iter
145	 1.178605e-04	 200	 iter
146	 1.167408e-04	 202	 iter
147	 1.167408e-04	 203	 iter
148	 1.150282e-04	 205	 iter
149	 1.150282e-04	 206	 iter
150	 1.150282e-04	 207	 iter
151	 1.150282e-04	 208	 iter
152	 1.150282e-04	 209	 iter
153	 1.150282e-04	 210	 iter
154	 1.150282e-04	 211	 iter
155	 1.150282e-04	 212	 iter
156	 1.150282e-04	 213	 iter
157	 1.150282e-04	 214	 iter
158	 1.150282e-04	 216	 iter
159	 1.150282e-04	 217	 iter
160	 1.136910e-04	 219	 iter
161	 1.136857e-04	 221	 iter
162	 1.136857e-04	 222	 iter
163	 1.136857e-04	 223	 iter
164	 1.136857e-04	 224	 iter
165	 1.136857e-04	 225	 iter
166	 1.136857e-04	 226	 iter
167	 1.136857e-04	 228	 iter
168	 1.136857e-04	 230	 iter
169	 1.136857e-04	 231	 iter
170	 1.129226e-04	 233	 iter
171	 1.129226e-04	 234	 iter
172	 1.129226e-04	 236	 iter
173	 1.129226e-04	 237	 iter
174	 1.129226e-04	 238	 iter
175	 1.129226e-04	 239	 iter
176	 1.129226e-04	 241	 iter
177	 1.129226e-04	 242	 iter
178	 1.118415e-04	 244	 iter
179	 1.118415e-04	 246	 iter
180	 1.118415e-04	 247	 iter
181	 1.118415e-04	 248	 iter
182	 1.118415e-04	 249	 iter
183	 1.112989e-04	 251	 iter
184	 1.112989e-04	 252	 iter
185	 1.112989e-04	 253	 iter
186	 1.112989e-04	 254	 iter
187	 1.112989e-04	 255	 iter
188	 1.112989e-04	 257	 iter
189	 1.112989e-04	 259	 iter
190	 1.105177e-04	 261	 iter
191	 1.105177e-04	 263	 iter
192	 1.105177e-04	 264	 iter
193	 1.102792e-04	 266	 iter
194	 1.102792e-04	 268	 iter
195	 1.102792e-04	 269	 iter
196	 1.102792e-04	 270	 iter
197	 1.102792e-04	 271	 iter
198	 1.102792e-04	 273	 iter
199	 1.102792e-04	 275	 iter
200	 1.093980e-04	 277	 iter
201	 1.093980e-04	 278	 iter
202	 1.093980e-04	 279	 iter
203	 1.093980e-04	 281	 iter
204	 1.093980e-04	 283	 iter
205	 1.090932e-04	 285	 iter
206	 1.090932e-04	 286	 iter
207	 1.090932e-04	 287	 iter
208	 1.090932e-04	 289	 iter
209	 1.089398e-04	 291	 iter
210	 1.086573e-04	 293	 iter
211	 1.086573e-04	 294	 iter
212	 1.086573e-04	 295	 iter
213	 1.086573e-04	 296	 iter
214	 1.086573e-04	 298	 iter
215	 1.086573e-04	 299	 iter
216	 1.086573e-04	 300	 iter
217	 1.086573e-04	 301	 iter
218	 1.086573e-04	 302	 iter
219	 1.085970e-04	 304	 iter
220	 1.065672e-04	 306	 iter
221	 1.065672e-04	 307	 iter
222	 1.065672e-04	 308	 iter
223	 1.065672e-04	 309	 iter
224	 1.065672e-04	 311	 iter
225	 1.065672e-04	 312	 iter
226	 1.065672e-04	 313	 iter
227	 1.065672e-04	 314	 iter
228	 1.065672e-04	 315	 iter
229	 1.060563e-04	 317	 iter
230	 1.060563e-04	 318	 iter
231	 1.060004e-04	 320	 iter
232	 1.060004e-04	 321	 iter
233	 1.057750e-04	 323	 iter
234	 1.057750e-04	 324	 iter
235	 1.057750e-04	 325	 iter
236	 1.032595e-04	 327	 iter
237	 1.032595e-04	 328	 iter
238	 1.032595e-04	 329	 iter
239	 1.032595e-04	 330	 iter
240	 1.032595e-04	 331	 iter
241	 1.032595e-04	 332	 iter
242	 1.032595e-04	 333	 iter
243	 1.032595e-04	 334	 iter
244	 1.032595e-04	 335	 iter
245	 1.026848e-04	 337	 iter
246	 1.026848e-04	 338	 iter
247	 1.026848e-04	 339	 iter
248	 1.022176e-04	 341	 iter
249	 1.022176e-04	 342	 iter
250	 1.022176e-04	 343	 iter
251	 9.771085e-05	 345	 iter
252	 9.771085e-05	 346	 iter
253	 9.771085e-05	 347	 iter
254	 9.771085e-05	 348	 iter
255	 9.771085e-05	 349	 iter
256	 9.771085e-05	 350	 iter
257	 9.771085e-05	 351	 iter
258	 9.771085e-05	 352	 iter
259	 9.771085e-05	 353	 iter
260	 9.771085e-05	 354	 iter
261	 9.771085e-05	 355	 iter
262	 9.771085e-05	 356	 iter
263	 9.771085e-05	 357	 iter
264	 9.771085e-05	 358	 iter
265	 9.715005e-05	 360	 iter
266	 9.715005e-05	 361	 iter
267	 9.543736e-05	 363	 iter
268	 9.543736e-05	 364	 iter
269	 9.543736e-05	 365	 iter
270	 9.543736e-05	 366	 iter
271	 9.543736e-05	 367	 iter
272	 9.543736e-05	 368	 iter
273	 9.543736e-05	 369	 iter
274	 9.521863e-05	 371	 iter
275	 9.314041e-05	 373	 iter
276	 9.314041e-05	 374	 iter
277	 9.314041e-05	 375	 iter
278	 9.314041e-05	 376	 iter
279	 9.314041e-05	 377	 iter
280	 9.314041e-05	 378	 iter
281	 9.314041e-05	 379	 iter
282	 9.279420e-05	 381	 iter
283	 9.199505e-05	 383	 iter
284	 9.199505e-05	 384	 iter
285	 9.199505e-05	 385	 iter
286	 9.163020e-05	 387	 iter
287	 9.163020e-05	 388	 iter
288	 8.961605e-05	 390	 iter
289	 8.961605e-05	 391	 iter
290	 8.961605e-05	 392	 iter
291	 8.961605e-05	 393	 iter
292	 8.961605e-05	 394	 iter
293	 8.961605e-05	 395	 iter
294	 8.961605e-05	 396	 iter
295	 8.961605e-05	 397	 iter
296	 8.961605e-05	 398	 iter
297	 8.961605e-05	 399	 iter
298	 8.961605e-05	 400	 iter
299	 8.961605e-05	 401	 iter
300	 8.916084e-05	 403	 iter
301	 8.916084e-05	 404	 iter
302	 8.916084e-05	 405	 iter
303	 8.916084e-05	 406	 iter
304	 8.916084e-05	 407	 iter
305	 8.834927e-05	 409	 iter
306	 8.786148e-05	 411	 iter
307	 8.786148e-05	 412	 iter
308	 8.786148e-05	 413	 iter
309	 8.786148e-05	 414	 iter
310	 8.786148e-05	 415	 iter
311	 8.786148e-05	 416	 iter
312	 8.786148e-05	 417	 iter
313	 8.786148e-05	 419	 iter
314	 8.786148e-05	 421	 iter
315	 8.786148e-05	 423	 iter
316	 8.786148e-05	 424	 iter
317	 8.786148e-05	 426	 iter
318	 8.772283e-05	 428	 iter
319	 8.772283e-05	 430	 iter
320	 8.772283e-05	 431	 iter
321	 8.772283e-05	 432	 iter
322	 8.772283e-05	 433	 iter
323	 8.772283e-05	 434	 iter
324	 8.772283e-05	 435	 iter
325	 8.772283e-05	 436	 iter
326	 8.772283e-05	 438	 iter
327	 8.772283e-05	 440	 iter
328	 8.772283e-05	 442	 iter
329	 8.772283e-05	 444	 iter
330	 8.769940e-05	 446	 iter
331	 8.769394e-05	 448	 iter
332	 8.769394e-05	 449	 iter
333	 8.761711e-05	 451	 iter
334	 8.731818e-05	 453	 iter
335	 8.731818e-05	 454	 iter
336	 8.731495e-05	 456	 iter
337	 8.731495e-05	 458	 iter
338	 8.731495e-05	 459	 iter
339	 8.731495e-05	 460	 iter
340	 8.731495e-05	 461	 iter
341	 8.731495e-05	 463	 iter
342	 8.731495e-05	 465	 iter
343	 8.731495e-05	 466	 iter
344	 8.731495e-05	 467	 iter
345	 8.731495e-05	 469	 iter
346	 8.731495e-05	 470	 iter
347	 8.731495e-05	 471	 iter
348	 8.705411e-05	 473	 iter
349	 8.705411e-05	 475	 iter
350	 8.705411e-05	 476	 iter
351	 8.703130e-05	 478	 iter
352	 8.703130e-05	 479	 iter
353	 8.703130e-05	 480	 iter
354	 8.703130e-05	 481	 iter
355	 8.703130e-05	 483	 iter
356	 8.703130e-05	 484	 iter
357	 8.703130e-05	 485	 iter
358	 8.628638e-05	 487	 iter
359	 8.628638e-05	 488	 iter
360	 8.628638e-05	 489	 iter
361	 8.628638e-05	 490	 iter
362	 8.628638e-05	 491	 iter
363	 8.628638e-05	 492	 iter
364	 8.628638e-05	 493	 iter
365	 8.628638e-05	 495	 iter
366	 8.628638e-05	 496	 iter
367	 8.628638e-05	 497	 iter
368	 8.628638e-05	 498	 iter
369	 8.628638e-05	 499	 iter
370	 8.628638e-05	 500	 iter
371	 8.628638e-05	 501	 iter
372	 8.617486e-05	 503	 iter
373	 8.617486e-05	 504	 iter
374	 8.617486e-05	 505	 iter
375	 8.617486e-05	 507	 iter
376	 8.617486e-05	 508	 iter
377	 8.617486e-05	 509	 iter
378	 8.617486e-05	 510	 iter
379	 8.617486e-05	 511	 iter
380	 8.617486e-05	 512	 iter
381	 8.617486e-05	 513	 iter
382	 8.600218e-05	 515	 iter
383	 8.600218e-05	 516	 iter
384	 8.600218e-05	 517	 iter
385	 8.600218e-05	 518	 iter
386	 8.600218e-05	 519	 iter
387	 8.584471e-05	 521	 iter
388	 8.584471e-05	 522	 iter
389	 8.499629e-05	 524	 iter
390	 8.499629e-05	 525	 iter
391	 8.499629e-05	 526	 iter
392	 8.499629e-05	 527	 iter
393	 8.499629e-05	 528	 iter
394	 8.499629e-05	 529	 iter
395	 8.499629e-05	 530	 iter
396	 8.499629e-05	 531	 iter
397	 8.499629e-05	 532	 iter
398	 8.499629e-05	 533	 iter
399	 8.499629e-05	 534	 iter
400	 8.499629e-05	 535	 iter
401	 8.499629e-05	 536	 iter
402	 8.499629e-05	 537	 iter
403	 8.499629e-05	 538	 iter
404	 8.499629e-05	 539	 iter
405	 8.499629e-05	 540	 iter
406	 8.452048e-05	 542	 iter
407	 8.452048e-05	 543	 iter
408	 8.452048e-05	 544	 iter
409	 8.452048e-05	 545	 iter
410	 8.366032e-05	 547	 iter
411	 8.366032e-05	 548	 iter
412	 8.366032e-05	 549	 iter
413	 8.366032e-05	 550	 iter
414	 8.366032e-05	 551	 iter
415	 8.366032e-05	 552	 iter
416	 8.366032e-05	 553	 iter
417	 8.366032e-05	 554	 iter
418	 8.366032e-05	 555	 iter
419	 8.366032e-05	 556	 iter
420	 8.366032e-05	 557	 iter
421	 8.366032e-05	 558	 iter
422	 8.320593e-05	 560	 iter
423	 8.320593e-05	 561	 iter
424	 8.240364e-05	 563	 iter
425	 8.240364e-05	 564	 iter
426	 8.240364e-05	 565	 iter
427	 8.240364e-05	 566	 iter
428	 8.240364e-05	 567	 iter
429	 8.240364e-05	 568	 iter
430	 8.240364e-05	 569	 iter
431	 8.240364e-05	 570	 iter
432	 8.226790e-05	 572	 iter
433	 8.223074e-05	 574	 iter
434	 8.223074e-05	 575	 iter
435	 8.223074e-05	 576	 iter
436	 8.049227e-05	 578	 iter
437	 8.049227e-05	 579	 iter
438	 8.049227e-05	 580	 iter
439	 8.049227e-05	 581	 iter
440	 8.049227e-05	 582	 iter
441	 8.049227e-05	 583	 iter
442	 8.049227e-05	 584	 iter
443	 8.049227e-05	 585	 iter
444	 7.999679e-05	 587	 iter
445	 7.999679e-05	 588	 iter
446	 7.999679e-05	 589	 iter
447	 7.999679e-05	 590	 iter
448	 7.999679e-05	 591	 iter
449	 7.952481e-05	 593	 iter
450	 7.952481e-05	 594	 iter
451	 7.952481e-05	 595	 iter
452	 7.948572e-05	 597	 iter
453	 7.948572e-05	 598	 iter
454	 7.856752e-05	 600	 iter
455	 7.856752e-05	 601	 iter
456	 7.856752e-05	 602	 iter
457	 7.856752e-05	 603	 iter
458	 7.856752e-05	 604	 iter
459	 7.798264e-05	 606	 iter
460	 7.798264e-05	 607	 iter
461	 7.798264e-05	 608	 iter
462	 7.798264e-05	 609	 iter
463	 7.775278e-05	 611	 iter
464	 7.775278e-05	 612	 iter
465	 7.775278e-05	 613	 iter
466	 7.762405e-05	 615	 iter
467	 7.762405e-05	 616	 iter
468	 7.762405e-05	 617	 iter
469	 7.744268e-05	 619	 iter
470	 7.698047e-05	 621	 iter
471	 7.698047e-05	 622	 iter
472	 7.698047e-05	 623	 iter
473	 7.698047e-05	 624	 iter
474	 7.679567e-05	 626	 iter
475	 7.679567e-05	 627	 iter
476	 7.679567e-05	 629	 iter
477	 7.679567e-05	 630	 iter
478	 7.679567e-05	 631	 iter
479	 7.679567e-05	 632	 iter
480	 7.679567e-05	 633	 iter
481	 7.679567e-05	 634	 iter
482	 7.679567e-05	 635	 iter
483	 7.679567e-05	 636	 iter
484	 7.633706e-05	 638	 iter
485	 7.633706e-05	 639	 iter
486	 7.633706e-05	 640	 iter
487	 7.632611e-05	 642	 iter
488	 7.632611e-05	 643	 iter
489	 7.632611e-05	 644	 iter
490	 7.632611e-05	 645	 iter
491	 7.632611e-05	 647	 iter
492	 7.632611e-05	 648	 iter
493	 7.628034e-05	 650	 iter
494	 7.628034e-05	 651	 iter
495	 7.628034e-05	 652	 iter
496	 7.628034e-05	 654	 iter
497	 7.628034e-05	 655	 iter
498	 7.628034e-05	 656	 iter
499	 7.620262e-05	 658	 iter
500	 7.620262e-05	 659	 iter
501	 7.620262e-05	 660	 iter
502	 7.617630e-05	 662	 iter
503	 7.617630e-05	 663	 iter
504	 7.572549e-05	 665	 iter
505	 7.572549e-05	 666	 iter
506	 7.572549e-05	 667	 iter
507	 7.572549e-05	 669	 iter
508	 7.572549e-05	 670	 iter
509	 7.572549e-05	 672	 iter
510	 7.572549e-05	 673	 iter
511	 7.572549e-05	 675	 iter
512	 7.572549e-05	 676	 iter
513	 7.572549e-05	 678	 iter
514	 7.572549e-05	 680	 iter
515	 7.572549e-05	 682	 iter
516	 7.572549e-05	 684	 iter
517	 7.572549e-05	 686	 iter
518	 7.572549e-05	 687	 iter
519	 7.564258e-05	 689	 iter
520	 7.564258e-05	 690	 iter
521	 7.564258e-05	 692	 iter
522	 7.564258e-05	 693	 iter
523	 7.563629e-05	 695	 iter
524	 7.563629e-05	 697	 iter
525	 7.563629e-05	 699	 iter
526	 7.563629e-05	 701	 iter
527	 7.554147e-05	 703	 iter
528	 7.554147e-05	 704	 iter
529	 7.554147e-05	 705	 iter
530	 7.544755e-05	 707	 iter
531	 7.544755e-05	 708	 iter
532	 7.544755e-05	 710	 iter
533	 7.542162e-05	 712	 iter
534	 7.542162e-05	 713	 iter
535	 7.542162e-05	 714	 iter
536	 7.542162e-05	 715	 iter
537	 7.542162e-05	 716	 iter
538	 7.541890e-05	 718	 iter
539	 7.540947e-05	 720	 iter
540	 7.531257e-05	 722	 iter
541	 7.531257e-05	 723	 iter
542	 7.531257e-05	 724	 iter
543	 7.531257e-05	 725	 iter
544	 7.531257e-05	 726	 iter
545	 7.531257e-05	 727	 iter
546	 7.531257e-05	 728	 iter
547	 7.531257e-05	 729	 iter
548	 7.518841e-05	 731	 iter
549	 7.518841e-05	 732	 iter
550	 7.518841e-05	 734	 iter
551	 7.518841e-05	 735	 iter
552	 7.518841e-05	 736	 iter
553	 7.518841e-05	 737	 iter
554	 7.518841e-05	 738	 iter
555	 7.518841e-05	 739	 iter
556	 7.518841e-05	 741	 iter
557	 7.518841e-05	 742	 iter
558	 7.518841e-05	 743	 iter
559	 7.505141e-05	 745	 iter
560	 7.505141e-05	 746	 iter
561	 7.505141e-05	 747	 iter
562	 7.505141e-05	 748	 iter
563	 7.505141e-05	 749	 iter
564	 7.505141e-05	 750	 iter
565	 7.505141e-05	 751	 iter
566	 7.505141e-05	 752	 iter
567	 7.505141e-05	 753	 iter
568	 7.505141e-05	 754	 iter
569	 7.505141e-05	 755	 iter
570	 7.497886e-05	 757	 iter
571	 7.497089e-05	 759	 iter
572	 7.497089e-05	 760	 iter
573	 7.497089e-05	 761	 iter
574	 7.473314e-05	 763	 iter
575	 7.473314e-05	 764	 iter
576	 7.473314e-05	 765	 iter
577	 7.473314e-05	 766	 iter
578	 7.473314e-05	 767	 iter
579	 7.473314e-05	 768	 iter
580	 7.473314e-05	 769	 iter
581	 7.473314e-05	 771	 iter
582	 7.473314e-05	 772	 iter
583	 7.473314e-05	 773	 iter
584	 7.473314e-05	 774	 iter
585	 7.473314e-05	 775	 iter
586	 7.473314e-05	 776	 iter
587	 7.473314e-05	 777	 iter
588	 7.473314e-05	 778	 iter
589	 7.473314e-05	 779	 iter
590	 7.473314e-05	 780	 iter
591	 7.464930e-05	 782	 iter
592	 7.464930e-05	 783	 iter
593	 7.464930e-05	 784	 iter
594	 7.464930e-05	 785	 iter
595	 7.464363e-05	 787	 iter
596	 7.464363e-05	 788	 iter
597	 7.449998e-05	 790	 iter
598	 7.446725e-05	 792	 iter
599	 7.446725e-05	 793	 iter
600	 7.446725e-05	 794	 iter
601	 7.446725e-05	 795	 iter
602	 7.446725e-05	 796	 iter
603	 7.446725e-05	 797	 iter
604	 7.446725e-05	 798	 iter
605	 7.446725e-05	 799	 iter
606	 7.446725e-05	 800	 iter
607	 7.446725e-05	 801	 iter
608	 7.446725e-05	 802	 iter
609	 7.446725e-05	 803	 iter
610	 7.436877e-05	 805	 iter
611	 7.436877e-05	 806	 iter
612	 7.422168e-05	 808	 iter
613	 7.413995e-05	 810	 iter
614	 7.413995e-05	 811	 iter
615	 7.413995e-05	 812	 iter
616	 7.413995e-05	 813	 iter
617	 7.413995e-05	 814	 iter
618	 7.413995e-05	 815	 iter
619	 7.413995e-05	 816	 iter
620	 7.402163e-05	 818	 iter
621	 7.402163e-05	 819	 iter
622	 7.402163e-05	 820	 iter
623	 7.402163e-05	 821	 iter
624	 7.402163e-05	 822	 iter
625	 7.398343e-05	 824	 iter
626	 7.391879e-05	 826	 iter
627	 7.381867e-05	 828	 iter
628	 7.376978e-05	 830	 iter
629	 7.376978e-05	 831	 iter
630	 7.376978e-05	 832	 iter
631	 7.375380e-05	 834	 iter
632	 7.375380e-05	 835	 iter
633	 7.375380e-05	 836	 iter
634	 7.375380e-05	 837	 iter
635	 7.360577e-05	 839	 iter
636	 7.360577e-05	 840	 iter
637	 7.360577e-05	 841	 iter
638	 7.360577e-05	 842	 iter
639	 7.360577e-05	 843	 iter
640	 7.360577e-05	 844	 iter
641	 7.360577e-05	 845	 iter
642	 7.336941e-05	 847	 iter
643	 7.336941e-05	 848	 iter
644	 7.336941e-05	 849	 iter
645	 7.325779e-05	 851	 iter
646	 7.325779e-05	 853	 iter
647	 7.325779e-05	 854	 iter
648	 7.325554e-05	 856	 iter
649	 7.325554e-05	 857	 iter
650	 7.322223e-05	 859	 iter
651	 7.316972e-05	 861	 iter
652	 7.316747e-05	 863	 iter
653	 7.316747e-05	 864	 iter
654	 7.316747e-05	 865	 iter
655	 7.301982e-05	 867	 iter
656	 7.300359e-05	 869	 iter
657	 7.300359e-05	 870	 iter
658	 7.290813e-05	 872	 iter
659	 7.290813e-05	 873	 iter
660	 7.290813e-05	 874	 iter
661	 7.266988e-05	 876	 iter
662	 7.266988e-05	 877	 iter
663	 7.266988e-05	 878	 iter
664	 7.266988e-05	 879	 iter
665	 7.263004e-05	 881	 iter
666	 7.263004e-05	 882	 iter
667	 7.263004e-05	 883	 iter
668	 7.252734e-05	 885	 iter
669	 7.252734e-05	 886	 iter
670	 7.252734e-05	 887	 iter
671	 7.241985e-05	 889	 iter
672	 7.228578e-05	 891	 iter
673	 7.228578e-05	 892	 iter
674	 7.228578e-05	 893	 iter
675	 7.228578e-05	 894	 iter
676	 7.207654e-05	 896	 iter
677	 7.207654e-05	 897	 iter
678	 7.207654e-05	 898	 iter
679	 7.207654e-05	 899	 iter
680	 7.191367e-05	 901	 iter
681	 7.191367e-05	 902	 iter
682	 7.191367e-05	 903	 iter
683	 7.191367e-05	 904	 iter
684	 7.191367e-05	 905	 iter
685	 7.176007e-05	 907	 iter
686	 7.176007e-05	 908	 iter
687	 7.176007e-05	 909	 iter
688	 7.176007e-05	 910	 iter
689	 7.176007e-05	 911	 iter
690	 7.176007e-05	 912	 iter
691	 7.146753e-05	 914	 iter
692	 7.143776e-05	 916	 iter
693	 7.143776e-05	 917	 iter
694	 7.122627e-05	 919	 iter
695	 7.122627e-05	 920	 iter
696	 7.122627e-05	 921	 iter
697	 7.122627e-05	 922	 iter
698	 7.122627e-05	 923	 iter
699	 7.122627e-05	 924	 iter
700	 7.119904e-05	 926	 iter
701	 7.119904e-05	 927	 iter
702	 7.119904e-05	 928	 iter
703	 7.119904e-05	 930	 iter
704	 7.119904e-05	 931	 iter
705	 7.103566e-05	 933	 iter
706	 7.103566e-05	 934	 iter
707	 7.103566e-05	 935	 iter
708	 7.099534e-05	 937	 iter
709	 7.074446e-05	 939	 iter
710	 7.074446e-05	 940	 iter
711	 7.074446e-05	 942	 iter
712	 7.074446e-05	 943	 iter
713	 7.074446e-05	 944	 iter
714	 7.074446e-05	 946	 iter
715	 7.074446e-05	 947	 iter
716	 7.065550e-05	 949	 iter
717	 7.065550e-05	 950	 iter
718	 7.065550e-05	 951	 iter
719	 7.065550e-05	 952	 iter
720	 7.065550e-05	 954	 iter
721	 7.065550e-05	 955	 iter
722	 7.065550e-05	 956	 iter
723	 7.065550e-05	 957	 iter
724	 7.050790e-05	 959	 iter
725	 7.021239e-05	 961	 iter
726	 7.021239e-05	 962	 iter
727	 7.021239e-05	 963	 iter
728	 7.021239e-05	 964	 iter
729	 7.021239e-05	 965	 iter
730	 7.021239e-05	 966	 iter
731	 7.011451e-05	 968	 iter
732	 7.011451e-05	 969	 iter
733	 7.005023e-05	 971	 iter
734	 7.005023e-05	 972	 iter
735	 6.999880e-05	 974	 iter
736	 6.999880e-05	 975	 iter
737	 6.999880e-05	 976	 iter
738	 6.999880e-05	 977	 iter
739	 6.984991e-05	 979	 iter
740	 6.984991e-05	 980	 iter
741	 6.943519e-05	 982	 iter
742	 6.943519e-05	 983	 iter
743	 6.943519e-05	 984	 iter
744	 6.943519e-05	 985	 iter
745	 6.943519e-05	 986	 iter
746	 6.943519e-05	 987	 iter
747	 6.943519e-05	 988	 iter
748	 6.943519e-05	 989	 iter
749	 6.943519e-05	 990	 iter
750	 6.943519e-05	 991	 iter
751	 6.943519e-05	 992	 iter
752	 6.927226e-05	 994	 iter
753	 6.927226e-05	 995	 iter
754	 6.927226e-05	 996	 iter
755	 6.927226e-05	 997	 iter
756	 6.906938e-05	 999	 iter
757	 6.906938e-05	 1000	 iter
758	 6.906938e-05	 1001	 iter
759	 6.906938e-05	 1002	 iter
760	 6.906938e-05	 1004	 iter
761	 6.906938e-05	 1005	 iter
762	 6.906938e-05	 1006	 iter
763	 6.906938e-05	 1007	 iter
764	 6.906938e-05	 1008	 iter
765	 6.906938e-05	 1009	 iter
766	 6.906938e-05	 1010	 iter
767	 6.859195e-05	 1012	 iter
768	 6.859195e-05	 1013	 iter
769	 6.859195e-05	 1014	 iter
770	 6.859195e-05	 1015	 iter
771	 6.859195e-05	 1016	 iter
772	 6.859195e-05	 1017	 iter
773	 6.859195e-05	 1018	 iter
774	 6.859195e-05	 1019	 iter
775	 6.859195e-05	 1020	 iter
776	 6.859195e-05	 1021	 iter
777	 6.859195e-05	 1022	 iter
778	 6.859195e-05	 1023	 iter
779	 6.859195e-05	 1024	 iter
780	 6.859195e-05	 1025	 iter
781	 6.859195e-05	 1026	 iter
782	 6.822736e-05	 1028	 iter
783	 6.822736e-05	 1029	 iter
784	 6.822736e-05	 1030	 iter
785	 6.822736e-05	 1031	 iter
786	 6.822736e-05	 1032	 iter
787	 6.822736e-05	 1033	 iter
788	 6.822736e-05	 1034	 iter
789	 6.822736e-05	 1035	 iter
790	 6.822736e-05	 1036	 iter
791	 6.813852e-05	 1038	 iter
792	 6.813852e-05	 1039	 iter
793	 6.813852e-05	 1040	 iter
794	 6.799424e-05	 1042	 iter
795	 6.799424e-05	 1043	 iter
796	 6.799424e-05	 1045	 iter
797	 6.799424e-05	 1046	 iter
798	 6.799424e-05	 1047	 iter
799	 6.797646e-05	 1049	 iter
800	 6.797646e-05	 1050	 iter
801	 6.797646e-05	 1051	 iter
802	 6.786438e-05	 1053	 iter
803	 6.728159e-05	 1055	 iter
804	 6.728159e-05	 1056	 iter
805	 6.728159e-05	 1057	 iter
806	 6.728159e-05	 1058	 iter
807	 6.728159e-05	 1059	 iter
808	 6.728159e-05	 1060	 iter
809	 6.728159e-05	 1061	 iter
810	 6.728159e-05	 1062	 iter
811	 6.728159e-05	 1063	 iter
812	 6.728159e-05	 1064	 iter
813	 6.728159e-05	 1065	 iter
814	 6.728159e-05	 1066	 iter
815	 6.722250e-05	 1068	 iter
816	 6.722250e-05	 1069	 iter
817	 6.675166e-05	 1071	 iter
818	 6.675166e-05	 1072	 iter
819	 6.675166e-05	 1073	 iter
820	 6.675166e-05	 1074	 iter
821	 6.675166e-05	 1075	 iter
822	 6.670046e-05	 1077	 iter
823	 6.660814e-05	 1079	 iter
824	 6.660814e-05	 1080	 iter
825	 6.660814e-05	 1081	 iter
826	 6.653034e-05	 1083	 iter
827	 6.653034e-05	 1084	 iter
828	 6.637661e-05	 1086	 iter
829	 6.631710e-05	 1088	 iter
830	 6.631710e-05	 1089	 iter
831	 6.592081e-05	 1091	 iter
832	 6.566947e-05	 1093	 iter
833	 6.566947e-05	 1094	 iter
834	 6.566947e-05	 1095	 iter
835	 6.566947e-05	 1096	 iter
836	 6.566947e-05	 1097	 iter
837	 6.566947e-05	 1098	 iter
838	 6.566947e-05	 1099	 iter
839	 6.477912e-05	 1101	 iter
840	 6.477912e-05	 1102	 iter
841	 6.477912e-05	 1103	 iter
842	 6.477912e-05	 1104	 iter
843	 6.477912e-05	 1105	 iter
844	 6.469472e-05	 1107	 iter
845	 6.469472e-05	 1108	 iter
846	 6.469472e-05	 1109	 iter
847	 6.469472e-05	 1110	 iter
848	 6.424972e-05	 1112	 iter
849	 6.424972e-05	 1113	 iter
850	 6.424972e-05	 1114	 iter
851	 6.392433e-05	 1116	 iter
852	 6.392433e-05	 1117	 iter
853	 6.308828e-05	 1119	 iter
854	 6.308828e-05	 1120	 iter
855	 6.308828e-05	 1121	 iter
856	 6.308828e-05	 1122	 iter
857	 6.308828e-05	 1123	 iter
858	 6.308828e-05	 1124	 iter
859	 6.288972e-05	 1126	 iter
860	 6.288972e-05	 1127	 iter
861	 6.288972e-05	 1128	 iter
862	 6.286379e-05	 1130	 iter
863	 6.234245e-05	 1132	 iter
864	 6.234245e-05	 1133	 iter
865	 6.228037e-05	 1135	 iter
866	 6.147149e-05	 1137	 iter
867	 6.147149e-05	 1138	 iter
868	 6.100858e-05	 1140	 iter
869	 6.100858e-05	 1141	 iter
870	 6.100858e-05	 1142	 iter
871	 6.100858e-05	 1143	 iter
872	 6.100858e-05	 1144	 iter
873	 6.100858e-05	 1145	 iter
874	 6.100858e-05	 1146	 iter
875	 6.090961e-05	 1148	 iter
876	 6.090961e-05	 1149	 iter
877	 6.081399e-05	 1151	 iter
878	 6.016912e-05	 1153	 iter
879	 6.014347e-05	 1155	 iter
880	 6.014347e-05	 1156	 iter
881	 6.014347e-05	 1157	 iter
882	 6.014347e-05	 1158	 iter
883	 5.982047e-05	 1160	 iter
884	 5.982047e-05	 1161	 iter
885	 5.982047e-05	 1162	 iter
886	 5.982047e-05	 1163	 iter
887	 5.910365e-05	 1165	 iter
888	 5.910365e-05	 1166	 iter
889	 5.910365e-05	 1167	 iter
890	 5.910365e-05	 1168	 iter
891	 5.867806e-05	 1170	 iter
892	 5.867806e-05	 1171	 iter
893	 5.867806e-05	 1173	 iter
894	 5.867806e-05	 1174	 iter
895	 5.867806e-05	 1175	 iter
896	 5.867806e-05	 1176	 iter
897	 5.867806e-05	 1177	 iter
898	 5.867806e-05	 1178	 iter
899	 5.854910e-05	 1180	 iter
900	 5.854910e-05	 1181	 iter
901	 5.854910e-05	 1182	 iter
902	 5.820221e-05	 1184	 iter
903	 5.820221e-05	 1185	 iter
904	 5.769182e-05	 1187	 iter
905	 5.769182e-05	 1188	 iter
906	 5.769182e-05	 1189	 iter
907	 5.769182e-05	 1190	 iter
908	 5.769182e-05	 1191	 iter
909	 5.769182e-05	 1192	 iter
910	 5.769182e-05	 1193	 iter
911	 5.769182e-05	 1195	 iter
912	 5.769182e-05	 1196	 iter
913	 5.769182e-05	 1197	 iter
914	 5.769182e-05	 1198	 iter
915	 5.769182e-05	 1199	 iter
916	 5.769182e-05	 1201	 iter
917	 5.769182e-05	 1203	 iter
918	 5.769182e-05	 1204	 iter
919	 5.742712e-05	 1206	 iter
920	 5.742712e-05	 1207	 iter
921	 5.742712e-05	 1208	 iter
922	 5.740097e-05	 1210	 iter
923	 5.740097e-05	 1211	 iter
924	 5.740097e-05	 1212	 iter
925	 5.740097e-05	 1214	 iter
926	 5.740097e-05	 1215	 iter
927	 5.740097e-05	 1216	 iter
928	 5.740097e-05	 1217	 iter
929	 5.740097e-05	 1219	 iter
930	 5.740097e-05	 1220	 iter
931	 5.740097e-05	 1221	 iter
932	 5.740097e-05	 1222	 iter
933	 5.736996e-05	 1224	 iter
934	 5.736996e-05	 1225	 iter
935	 5.736996e-05	 1227	 iter
936	 5.736996e-05	 1229	 iter
937	 5.736996e-05	 1230	 iter
938	 5.715469e-05	 1232	 iter
939	 5.715469e-05	 1233	 iter
940	 5.715469e-05	 1234	 iter
941	 5.715469e-05	 1236	 iter
942	 5.715469e-05	 1237	 iter
943	 5.715469e-05	 1238	 iter
944	 5.715469e-05	 1239	 iter
945	 5.715469e-05	 1241	 iter
946	 5.715469e-05	 1243	 iter
947	 5.715469e-05	 1245	 iter
948	 5.715469e-05	 1247	 iter
949	 5.706962e-05	 1249	 iter
950	 5.706962e-05	 1251	 iter
951	 5.700305e-05	 1253	 iter
952	 5.700305e-05	 1255	 iter
953	 5.700305e-05	 1256	 iter
954	 5.700305e-05	 1257	 iter
955	 5.700305e-05	 1258	 iter
956	 5.700305e-05	 1259	 iter
957	 5.700305e-05	 1261	 iter
958	 5.700305e-05	 1262	 iter
959	 5.700305e-05	 1263	 iter
960	 5.700305e-05	 1264	 iter
961	 5.695744e-05	 1266	 iter
962	 5.695744e-05	 1267	 iter
963	 5.695744e-05	 1268	 iter
964	 5.695744e-05	 1269	 iter
965	 5.695744e-05	 1271	 iter
966	 5.695744e-05	 1272	 iter
967	 5.695744e-05	 1273	 iter
968	 5.695744e-05	 1274	 iter
969	 5.695744e-05	 1275	 iter
970	 5.695744e-05	 1276	 iter
971	 5.695744e-05	 1277	 iter
972	 5.693634e-05	 1279	 iter
973	 5.693634e-05	 1280	 iter
974	 5.693634e-05	 1281	 iter
975	 5.689799e-05	 1283	 iter
976	 5.689799e-05	 1284	 iter
977	 5.689799e-05	 1285	 iter
978	 5.689439e-05	 1287	 iter
979	 5.689439e-05	 1288	 iter
980	 5.688308e-05	 1290	 iter
981	 5.688308e-05	 1292	 iter
982	 5.688051e-05	 1294	 iter
983	 5.687481e-05	 1296	 iter
984	 5.687175e-05	 1298	 iter
985	 5.686020e-05	 1300	 iter
986	 5.686020e-05	 1301	 iter
987	 5.677520e-05	 1303	 iter
988	 5.677520e-05	 1305	 iter
989	 5.677520e-05	 1306	 iter
990	 5.677520e-05	 1308	 iter
991	 5.677520e-05	 1310	 iter
992	 5.677520e-05	 1311	 iter
993	 5.677520e-05	 1312	 iter
994	 5.677520e-05	 1313	 iter
995	 5.677520e-05	 1315	 iter
996	 5.677520e-05	 1317	 iter
997	 5.677520e-05	 1319	 iter
998	 5.677520e-05	 1321	 iter
999	 5.677520e-05	 1322	 iter
1000	 5.677520e-05	 1323	 iter
1001	 5.677520e-05	 1324	 iter
1002	 5.677520e-05	 1325	 iter
1003	 5.677520e-05	 1327	 iter
1004	 5.677520e-05	 1328	 iter
1005	 5.677520e-05	 1329	 iter
1006	 5.677520e-05	 1330	 iter
1007	 5.677520e-05	 1331	 iter
1008	 5.675150e-05	 1333	 iter
1009	 5.675150e-05	 1334	 iter
1010	 5.675150e-05	 1335	 iter
1011	 5.675150e-05	 1336	 iter
1012	 5.675150e-05	 1337	 iter
1013	 5.673347e-05	 1339	 iter
1014	 5.673347e-05	 1340	 iter
1015	 5.673347e-05	 1341	 iter
1016	 5.672823e-05	 1343	 iter
1017	 5.671501e-05	 1345	 iter
1018	 5.667004e-05	 1347	 iter
1019	 5.667004e-05	 1348	 iter
1020	 5.667004e-05	 1349	 iter
1021	 5.667004e-05	 1350	 iter
1022	 5.667004e-05	 1351	 iter
1023	 5.667004e-05	 1352	 iter
1024	 5.667004e-05	 1353	 iter
1025	 5.667004e-05	 1354	 iter
1026	 5.662320e-05	 1356	 iter
1027	 5.662320e-05	 1357	 iter
1028	 5.662320e-05	 1358	 iter
1029	 5.662320e-05	 1359	 iter
1030	 5.661023e-05	 1361	 iter
1031	 5.661023e-05	 1362	 iter
1032	 5.661023e-05	 1363	 iter
1033	 5.658264e-05	 1365	 iter
1034	 5.658264e-05	 1366	 iter
1035	 5.657997e-05	 1368	 iter
1036	 5.647942e-05	 1370	 iter
1037	 5.647942e-05	 1371	 iter
1038	 5.647942e-05	 1372	 iter
1039	 5.647942e-05	 1373	 iter
1040	 5.647942e-05	 1374	 iter
1041	 5.647942e-05	 1375	 iter
1042	 5.647942e-05	 1376	 iter
1043	 5.647942e-05	 1377	 iter
1044	 5.647942e-05	 1378	 iter
1045	 5.647942e-05	 1379	 iter
1046	 5.647942e-05	 1380	 iter
1047	 5.647569e-05	 1382	 iter
1048	 5.647569e-05	 1383	 iter
1049	 5.642645e-05	 1385	 iter
1050	 5.642645e-05	 1386	 iter
1051	 5.642645e-05	 1387	 iter
1052	 5.642645e-05	 1388	 iter
1053	 5.640034e-05	 1390	 iter
1054	 5.640034e-05	 1391	 iter
1055	 5.633717e-05	 1393	 iter
1056	 5.633717e-05	 1394	 iter
1057	 5.633717e-05	 1395	 iter
1058	 5.633717e-05	 1396	 iter
1059	 5.628832e-05	 1398	 iter
1060	 5.628832e-05	 1399	 iter
1061	 5.628832e-05	 1400	 iter
1062	 5.628832e-05	 1401	 iter
1063	 5.628832e-05	 1402	 iter
1064	 5.628832e-05	 1403	 iter
1065	 5.628832e-05	 1404	 iter
1066	 5.616823e-05	 1406	 iter
1067	 5.616823e-05	 1407	 iter
1068	 5.616823e-05	 1408	 iter
1069	 5.616823e-05	 1409	 iter
1070	 5.616456e-05	 1411	 iter
1071	 5.616456e-05	 1412	 iter
1072	 5.616456e-05	 1413	 iter
1073	 5.615007e-05	 1415	 iter
1074	 5.615007e-05	 1416	 iter
1075	 5.615007e-05	 1417	 iter
1076	 5.611903e-05	 1419	 iter
1077	 5.607878e-05	 1421	 iter
1078	 5.607878e-05	 1422	 iter
1079	 5.607878e-05	 1423	 iter
1080	 5.596604e-05	 1425	 iter
1081	 5.596604e-05	 1426	 iter
1082	 5.589271e-05	 1428	 iter
1083	 5.589271e-05	 1429	 iter
1084	 5.589271e-05	 1430	 iter
1085	 5.589271e-05	 1431	 iter
1086	 5.589271e-05	 1432	 iter
1087	 5.589271e-05	 1433	 iter
1088	 5.589271e-05	 1434	 iter
1089	 5.589271e-05	 1435	 iter
1090	 5.584949e-05	 1437	 iter
1091	 5.584949e-05	 1438	 iter
1092	 5.579594e-05	 1440	 iter
1093	 5.579190e-05	 1442	 iter
1094	 5.579190e-05	 1443	 iter
1095	 5.579190e-05	 1444	 iter
1096	 5.570786e-05	 1446	 iter
1097	 5.570786e-05	 1447	 iter
1098	 5.570786e-05	 1448	 iter
1099	 5.567420e-05	 1450	 iter
1100	 5.567371e-05	 1452	 iter
1101	 5.564314e-05	 1454	 iter
1102	 5.564314e-05	 1455	 iter
1103	 5.564314e-05	 1456	 iter
1104	 5.558085e-05	 1458	 iter
1105	 5.549423e-05	 1460	 iter
1106	 5.549423e-05	 1461	 iter
1107	 5.549423e-05	 1462	 iter
1108	 5.546693e-05	 1464	 iter
1109	 5.546693e-05	 1465	 iter
1110	 5.543783e-05	 1467	 iter
1111	 5.543783e-05	 1468	 iter
1112	 5.543783e-05	 1469	 iter
1113	 5.524377e-05	 1471	 iter
1114	 5.524377e-05	 1472	 iter
1115	 5.500453e-05	 1474	 iter
1116	 5.500453e-05	 1475	 iter
1117	 5.500453e-05	 1476	 iter
1118	 5.500453e-05	 1477	 iter
1119	 5.500453e-05	 1478	 iter
1120	 5.500453e-05	 1479	 iter
1121	 5.500453e-05	 1480	 iter
1122	 5.500453e-05	 1481	 iter
1123	 5.500453e-05	 1482	 iter
1124	 5.486165e-05	 1484	 iter
1125	 5.486165e-05	 1485	 iter
1126	 5.486165e-05	 1486	 iter
1127	 5.486165e-05	 1487	 iter
1128	 5.486165e-05	 1488	 iter
1129	 5.478629e-05	 1490	 iter
1130	 5.477477e-05	 1492	 iter
1131	 5.474078e-05	 1494	 iter
1132	 5.474078e-05	 1495	 iter
1133	 5.474078e-05	 1496	 iter
1134	 5.474078e-05	 1497	 iter
1135	 5.463625e-05	 1499	 iter
1136	 5.429321e-05	 1501	 iter
1137	 5.429321e-05	 1502	 iter
1138	 5.429321e-05	 1503	 iter
1139	 5.429321e-05	 1504	 iter
1140	 5.429321e-05	 1505	 iter
1141	 5.429321e-05	 1506	 iter
1142	 5.429321e-05	 1507	 iter
1143	 5.429321e-05	 1508	 iter
1144	 5.429321e-05	 1509	 iter
1145	 5.429321e-05	 1510	 iter
1146	 5.428759e-05	 1512	 iter
1147	 5.408506e-05	 1514	 iter
1148	 5.408506e-05	 1515	 iter
1149	 5.408506e-05	 1516	 iter
1150	 5.408506e-05	 1517	 iter
1151	 5.387282e-05	 1519	 iter
1152	 5.387282e-05	 1520	 iter
1153	 5.387282e-05	 1521	 iter
1154	 5.387282e-05	 1522	 iter
1155	 5.387282e-05	 1523	 iter
1156	 5.387282e-05	 1524	 iter
1157	 5.353043e-05	 1526	 iter
1158	 5.353043e-05	 1527	 iter
1159	 5.353043e-05	 1528	 iter
1160	 5.353043e-05	 1529	 iter
1161	 5.353043e-05	 1530	 iter
1162	 5.343860e-05	 1532	 iter
1163	 5.342591e-05	 1534	 iter
1164	 5.342591e-05	 1535	 iter
1165	 5.342353e-05	 1537	 iter
1166	 5.271115e-05	 1539	 iter
1167	 5.271115e-05	 1540	 iter
1168	 5.271115e-05	 1541	 iter
1169	 5.271115e-05	 1542	 iter
1170	 5.271115e-05	 1543	 iter
1171	 5.271115e-05	 1544	 iter
1172	 5.271115e-05	 1545	 iter
1173	 5.271115e-05	 1546	 iter
1174	 5.271115e-05	 1547	 iter
1175	 5.271115e-05	 1548	 iter
1176	 5.271115e-05	 1549	 iter
1177	 5.271115e-05	 1550	 iter
1178	 5.271115e-05	 1551	 iter
1179	 5.271115e-05	 1552	 iter
1180	 5.234375e-05	 1554	 iter
1181	 5.234375e-05	 1555	 iter
1182	 5.234375e-05	 1556	 iter
1183	 5.234375e-05	 1557	 iter
1184	 5.234375e-05	 1558	 iter
1185	 5.234375e-05	 1559	 iter
1186	 5.234375e-05	 1560	 iter
1187	 5.234375e-05	 1561	 iter
1188	 5.181470e-05	 1563	 iter
1189	 5.181470e-05	 1564	 iter
1190	 5.181470e-05	 1565	 iter
1191	 5.181470e-05	 1566	 iter
1192	 5.181470e-05	 1567	 iter
1193	 5.181470e-05	 1568	 iter
1194	 5.169866e-05	 1570	 iter
1195	 5.150725e-05	 1572	 iter
1196	 5.150725e-05	 1573	 iter
1197	 5.121485e-05	 1575	 iter
1198	 5.121485e-05	 1576	 iter
1199	 5.121485e-05	 1577	 iter
1200	 5.117729e-05	 1579	 iter
1201	 5.108590e-05	 1581	 iter
1202	 5.108590e-05	 1582	 iter
1203	 5.079366e-05	 1584	 iter
1204	 4.999432e-05	 1586	 iter
1205	 4.999432e-05	 1587	 iter
1206	 4.999432e-05	 1588	 iter
1207	 4.999432e-05	 1589	 iter
1208	 4.999432e-05	 1590	 iter
1209	 4.999432e-05	 1591	 iter
1210	 4.983066e-05	 1593	 iter
1211	 4.983066e-05	 1594	 iter
1212	 4.983066e-05	 1595	 iter
1213	 4.878386e-05	 1597	 iter
1214	 4.878386e-05	 1598	 iter
1215	 4.878386e-05	 1599	 iter
1216	 4.878386e-05	 1600	 iter
1217	 4.878386e-05	 1601	 iter
1218	 4.878386e-05	 1602	 iter
1219	 4.878386e-05	 1603	 iter
1220	 4.850633e-05	 1605	 iter
1221	 4.850633e-05	 1606	 iter
1222	 4.850633e-05	 1607	 iter
1223	 4.816803e-05	 1609	 iter
1224	 4.816803e-05	 1610	 iter
1225	 4.816803e-05	 1611	 iter
1226	 4.816803e-05	 1612	 iter
1227	 4.816803e-05	 1613	 iter
1228	 4.816803e-05	 1614	 iter
1229	 4.816803e-05	 1615	 iter
1230	 4.795958e-05	 1617	 iter
1231	 4.687002e-05	 1619	 iter
1232	 4.687002e-05	 1620	 iter
1233	 4.687002e-05	 1621	 iter
1234	 4.687002e-05	 1622	 iter
1235	 4.687002e-05	 1623	 iter
1236	 4.687002e-05	 1624	 iter
1237	 4.687002e-05	 1625	 iter
1238	 4.687002e-05	 1626	 iter
1239	 4.687002e-05	 1627	 iter
1240	 4.615142e-05	 1629	 iter
1241	 4.615142e-05	 1630	 iter
1242	 4.615142e-05	 1631	 iter
1243	 4.615142e-05	 1632	 iter
1244	 4.523718e-05	 1634	 iter
1245	 4.523718e-05	 1635	 iter
1246	 4.523718e-05	 1636	 iter
1247	 4.523718e-05	 1637	 iter
1248	 4.523718e-05	 1638	 iter
1249	 4.523718e-05	 1639	 iter
1250	 4.523718e-05	 1640	 iter
1251	 4.523718e-05	 1641	 iter
1252	 4.523718e-05	 1642	 iter
1253	 4.333873e-05	 1644	 iter
1254	 4.333873e-05	 1645	 iter
1255	 4.333873e-05	 1646	 iter
1256	 4.333873e-05	 1647	 iter
1257	 4.333873e-05	 1648	 iter
1258	 4.333873e-05	 1649	 iter
1259	 4.333873e-05	 1650	 iter
1260	 4.333873e-05	 1651	 iter
1261	 4.333873e-05	 1652	 iter
1262	 4.333873e-05	 1653	 iter
1263	 4.333873e-05	 1654	 iter
1264	 4.333873e-05	 1655	 iter
1265	 4.333873e-05	 1656	 iter
1266	 4.294384e-05	 1658	 iter
1267	 4.294384e-05	 1659	 iter
1268	 4.294384e-05	 1660	 iter
1269	 4.294384e-05	 1661	 iter
1270	 4.294384e-05	 1662	 iter
1271	 4.275759e-05	 1664	 iter
1272	 4.275759e-05	 1665	 iter
1273	 4.256348e-05	 1667	 iter
1274	 4.232857e-05	 1669	 iter
1275	 4.232857e-05	 1670	 iter
1276	 4.232857e-05	 1671	 iter
1277	 4.232857e-05	 1672	 iter
1278	 4.232857e-05	 1673	 iter
1279	 4.232857e-05	 1674	 iter
1280	 4.232857e-05	 1675	 iter
1281	 4.232857e-05	 1676	 iter
1282	 4.092602e-05	 1678	 iter
1283	 4.092602e-05	 1679	 iter
1284	 4.092602e-05	 1680	 iter
1285	 4.092602e-05	 1681	 iter
1286	 4.092602e-05	 1682	 iter
1287	 4.092602e-05	 1683	 iter
1288	 4.092602e-05	 1684	 iter
1289	 4.092602e-05	 1685	 iter
1290	 4.092602e-05	 1686	 iter
1291	 4.092602e-05	 1687	 iter
1292	 4.092602e-05	 1688	 iter
1293	 4.092602e-05	 1689	 iter
1294	 4.071487e-05	 1691	 iter
1295	 4.071487e-05	 1692	 iter
1296	 4.071487e-05	 1693	 iter
1297	 4.034840e-05	 1695	 iter
1298	 4.034840e-05	 1696	 iter
1299	 4.034840e-05	 1697	 iter
1300	 4.034840e-05	 1698	 iter
1301	 4.031505e-05	 1700	 iter
1302	 4.031505e-05	 1701	 iter
1303	 4.031505e-05	 1702	 iter
1304	 4.031505e-05	 1704	 iter
1305	 4.031505e-05	 1705	 iter
1306	 3.986217e-05	 1707	 iter
1307	 3.986217e-05	 1708	 iter
1308	 3.975113e-05	 1710	 iter
1309	 3.975113e-05	 1711	 iter
1310	 3.975113e-05	 1712	 iter
1311	 3.975113e-05	 1713	 iter
1312	 3.975113e-05	 1714	 iter
1313	 3.975113e-05	 1715	 iter
1314	 3.975113e-05	 1716	 iter
1315	 3.975113e-05	 1718	 iter
1316	 3.975113e-05	 1719	 iter
1317	 3.959833e-05	 1721	 iter
1318	 3.959833e-05	 1722	 iter
1319	 3.959833e-05	 1724	 iter
1320	 3.953785e-05	 1726	 iter
1321	 3.908812e-05	 1728	 iter
1322	 3.908812e-05	 1729	 iter
1323	 3.908812e-05	 1730	 iter
1324	 3.908812e-05	 1731	 iter
1325	 3.908812e-05	 1732	 iter
1326	 3.908812e-05	 1733	 iter
1327	 3.908812e-05	 1734	 iter
1328	 3.908812e-05	 1735	 iter
1329	 3.908812e-05	 1737	 iter
1330	 3.908812e-05	 1738	 iter
1331	 3.908812e-05	 1739	 iter
1332	 3.908812e-05	 1740	 iter
1333	 3.908812e-05	 1741	 iter
1334	 3.877096e-05	 1743	 iter
1335	 3.877096e-05	 1744	 iter
1336	 3.877096e-05	 1745	 iter
1337	 3.877096e-05	 1746	 iter
1338	 3.877096e-05	 1747	 iter
1339	 3.877096e-05	 1748	 iter
1340	 3.877096e-05	 1749	 iter
1341	 3.876924e-05	 1751	 iter
1342	 3.876924e-05	 1753	 iter
1343	 3.876924e-05	 1755	 iter
1344	 3.872085e-05	 1757	 iter
1345	 3.872085e-05	 1759	 iter
1346	 3.872085e-05	 1760	 iter
1347	 3.872085e-05	 1761	 iter
1348	 3.872085e-05	 1762	 iter
1349	 3.856404e-05	 1764	 iter
1350	 3.856404e-05	 1765	 iter
1351	 3.856404e-05	 1766	 iter
1352	 3.856404e-05	 1768	 iter
1353	 3.856404e-05	 1769	 iter
1354	 3.856404e-05	 1770	 iter
1355	 3.856404e-05	 1772	 iter
1356	 3.856404e-05	 1773	 iter
1357	 3.856404e-05	 1775	 iter
1358	 3.847845e-05	 1777	 iter
1359	 3.847845e-05	 1778	 iter
1360	 3.847845e-05	 1779	 iter
1361	 3.847845e-05	 1780	 iter
1362	 3.847845e-05	 1781	 iter
1363	 3.847845e-05	 1783	 iter
1364	 3.847845e-05	 1785	 iter
1365	 3.847845e-05	 1786	 iter
1366	 3.847845e-05	 1787	 iter
1367	 3.847845e-05	 1788	 iter
1368	 3.847845e-05	 1789	 iter
1369	 3.847845e-05	 1790	 iter
1370	 3.844778e-05	 1792	 iter
1371	 3.842100e-05	 1794	 iter
1372	 3.839875e-05	 1796	 iter
1373	 3.839875e-05	 1797	 iter
1374	 3.839875e-05	 1798	 iter
1375	 3.839875e-05	 1800	 iter
1376	 3.838672e-05	 1802	 iter
1377	 3.838672e-05	 1803	 iter
1378	 3.838672e-05	 1805	 iter
1379	 3.838369e-05	 1807	 iter
1380	 3.838369e-05	 1808	 iter
1381	 3.838369e-05	 1809	 iter
1382	 3.835879e-05	 1811	 iter
1383	 3.833484e-05	 1813	 iter
1384	 3.833484e-05	 1815	 iter
1385	 3.833484e-05	 1817	 iter
1386	 3.825358e-05	 1819	 iter
1387	 3.825358e-05	 1820	 iter
1388	 3.825358e-05	 1822	 iter
1389	 3.825358e-05	 1824	 iter
1390	 3.825358e-05	 1826	 iter
1391	 3.822352e-05	 1828	 iter
1392	 3.822352e-05	 1830	 iter
1393	 3.822352e-05	 1832	 iter
1394	 3.822352e-05	 1833	 iter
1395	 3.822352e-05	 1834	 iter
1396	 3.822352e-05	 1835	 iter
1397	 3.822352e-05	 1836	 iter
1398	 3.822352e-05	 1837	 iter
1399	 3.822352e-05	 1838	 iter
1400	 3.822352e-05	 1839	 iter
1401	 3.817190e-05	 1841	 iter
1402	 3.817190e-05	 1843	 iter
1403	 3.817190e-05	 1844	 iter
1404	 3.817190e-05	 1845	 iter
1405	 3.817190e-05	 1846	 iter
1406	 3.817190e-05	 1847	 iter
1407	 3.817190e-05	 1848	 iter
1408	 3.817109e-05	 1850	 iter
1409	 3.815761e-05	 1852	 iter
1410	 3.815761e-05	 1853	 iter
1411	 3.815761e-05	 1854	 iter
1412	 3.815761e-05	 1856	 iter
1413	 3.815761e-05	 1858	 iter
1414	 3.815761e-05	 1859	 iter
1415	 3.815761e-05	 1861	 iter
1416	 3.815761e-05	 1862	 iter
1417	 3.815761e-05	 1863	 iter
1418	 3.815761e-05	 1864	 iter
1419	 3.806989e-05	 1866	 iter
1420	 3.806989e-05	 1867	 iter
1421	 3.806989e-05	 1868	 iter
1422	 3.806989e-05	 1869	 iter
1423	 3.806989e-05	 1870	 iter
1424	 3.806989e-05	 1871	 iter
1425	 3.806989e-05	 1872	 iter
1426	 3.806989e-05	 1873	 iter
1427	 3.806989e-05	 1874	 iter
1428	 3.806989e-05	 1876	 iter
1429	 3.806857e-05	 1878	 iter
1430	 3.806857e-05	 1879	 iter
1431	 3.806857e-05	 1880	 iter
1432	 3.805438e-05	 1882	 iter
1433	 3.805438e-05	 1883	 iter
1434	 3.805438e-05	 1884	 iter
1435	 3.805438e-05	 1885	 iter
1436	 3.800792e-05	 1887	 iter
1437	 3.800792e-05	 1888	 iter
1438	 3.800792e-05	 1889	 iter
1439	 3.800792e-05	 1890	 iter
1440	 3.800792e-05	 1891	 iter
1441	 3.800792e-05	 1892	 iter
1442	 3.800792e-05	 1893	 iter
1443	 3.800792e-05	 1894	 iter
1444	 3.798713e-05	 1896	 iter
1445	 3.798713e-05	 1897	 iter
1446	 3.798713e-05	 1898	 iter
1447	 3.798713e-05	 1899	 iter
1448	 3.798713e-05	 1900	 iter
1449	 3.798713e-05	 1901	 iter
1450	 3.798713e-05	 1902	 iter
1451	 3.798713e-05	 1903	 iter
1452	 3.798713e-05	 1904	 iter
1453	 3.797330e-05	 1906	 iter
1454	 3.797330e-05	 1908	 iter
1455	 3.796128e-05	 1910	 iter
1456	 3.796128e-05	 1911	 iter
1457	 3.796128e-05	 1912	 iter
1458	 3.796128e-05	 1913	 iter
1459	 3.793407e-05	 1915	 iter
1460	 3.793407e-05	 1916	 iter
1461	 3.793407e-05	 1917	 iter
1462	 3.793407e-05	 1918	 iter
1463	 3.793232e-05	 1920	 iter
1464	 3.793232e-05	 1921	 iter
1465	 3.793232e-05	 1922	 iter
1466	 3.793232e-05	 1923	 iter
1467	 3.793232e-05	 1924	 iter
1468	 3.790243e-05	 1926	 iter
1469	 3.790243e-05	 1927	 iter
1470	 3.790243e-05	 1929	 iter
1471	 3.790243e-05	 1930	 iter
1472	 3.790243e-05	 1931	 iter
1473	 3.789546e-05	 1933	 iter
1474	 3.789546e-05	 1934	 iter
1475	 3.789546e-05	 1936	 iter
1476	 3.789546e-05	 1937	 iter
1477	 3.789546e-05	 1938	 iter
1478	 3.787992e-05	 1940	 iter
1479	 3.787992e-05	 1941	 iter
1480	 3.787936e-05	 1943	 iter
1481	 3.787936e-05	 1944	 iter
1482	 3.787936e-05	 1945	 iter
1483	 3.787936e-05	 1946	 iter
1484	 3.787936e-05	 1947	 iter
1485	 3.787936e-05	 1948	 iter
1486	 3.787936e-05	 1950	 iter
1487	 3.787936e-05	 1952	 iter
1488	 3.786380e-05	 1954	 iter
1489	 3.786380e-05	 1956	 iter
1490	 3.786380e-05	 1958	 iter
1491	 3.786380e-05	 1959	 iter
1492	 3.786380e-05	 1960	 iter
1493	 3.786380e-05	 1961	 iter
1494	 3.785126e-05	 1963	 iter
1495	 3.782879e-05	 1965	 iter
1496	 3.782879e-05	 1966	 iter
1497	 3.782879e-05	 1967	 iter
1498	 3.782879e-05	 1968	 iter
1499	 3.782879e-05	 1969	 iter
1500	 3.781071e-05	 1971	 iter
1501	 3.781071e-05	 1972	 iter
1502	 3.780771e-05	 1974	 iter
1503	 3.780771e-05	 1975	 iter
1504	 3.780244e-05	 1977	 iter
1505	 3.779076e-05	 1979	 iter
1506	 3.776857e-05	 1981	 iter
1507	 3.776857e-05	 1982	 iter
1508	 3.776857e-05	 1983	 iter
1509	 3.776857e-05	 1984	 iter
1510	 3.774444e-05	 1986	 iter
1511	 3.774444e-05	 1987	 iter
1512	 3.774444e-05	 1988	 iter
1513	 3.773609e-05	 1990	 iter
1514	 3.773609e-05	 1991	 iter
1515	 3.766937e-05	 1993	 iter
1516	 3.766937e-05	 1994	 iter
1517	 3.766937e-05	 1995	 iter
1518	 3.766937e-05	 1996	 iter
1519	 3.766937e-05	 1997	 iter
1520	 3.766937e-05	 1998	 iter
1521	 3.766937e-05	 1999	 iter
1522	 3.759709e-05	 2001	 iter
1523	 3.759709e-05	 2002	 iter
1524	 3.753568e-05	 2004	 iter
1525	 3.753568e-05	 2005	 iter
1526	 3.753568e-05	 2006	 iter
1527	 3.753568e-05	 2007	 iter
1528	 3.753568e-05	 2008	 iter
1529	 3.753568e-05	 2009	 iter
1530	 3.753568e-05	 2010	 iter
1531	 3.753568e-05	 2011	 iter
1532	 3.753568e-05	 2012	 iter
1533	 3.753568e-05	 2013	 iter
1534	 3.753568e-05	 2014	 iter
1535	 3.752778e-05	 2016	 iter
1536	 3.749090e-05	 2018	 iter
1537	 3.749090e-05	 2019	 iter
1538	 3.749090e-05	 2020	 iter
1539	 3.749090e-05	 2021	 iter
1540	 3.745013e-05	 2023	 iter
1541	 3.733349e-05	 2025	 iter
1542	 3.733349e-05	 2026	 iter
1543	 3.733349e-05	 2027	 iter
1544	 3.733349e-05	 2028	 iter
1545	 3.733349e-05	 2029	 iter
1546	 3.733349e-05	 2030	 iter
1547	 3.733349e-05	 2031	 iter
1548	 3.733349e-05	 2032	 iter
1549	 3.733349e-05	 2033	 iter
1550	 3.733349e-05	 2034	 iter
1551	 3.733349e-05	 2035	 iter
1552	 3.733349e-05	 2036	 iter
1553	 3.732940e-05	 2038	 iter
1554	 3.729294e-05	 2040	 iter
1555	 3.729294e-05	 2041	 iter
1556	 3.714251e-05	 2043	 iter
1557	 3.714251e-05	 2044	 iter
1558	 3.714251e-05	 2045	 iter
1559	 3.714251e-05	 2046	 iter
1560	 3.714251e-05	 2047	 iter
1561	 3.714251e-05	 2048	 iter
1562	 3.714251e-05	 2049	 iter
1563	 3.714251e-05	 2050	 iter
1564	 3.714251e-05	 2051	 iter
1565	 3.711463e-05	 2053	 iter
1566	 3.711064e-05	 2055	 iter
1567	 3.707874e-05	 2057	 iter
1568	 3.707874e-05	 2058	 iter
1569	 3.707874e-05	 2059	 iter
1570	 3.702556e-05	 2061	 iter
1571	 3.689883e-05	 2063	 iter
1572	 3.689883e-05	 2064	 iter
1573	 3.689883e-05	 2065	 iter
1574	 3.689883e-05	 2066	 iter
1575	 3.689883e-05	 2067	 iter
1576	 3.671577e-05	 2069	 iter
1577	 3.671577e-05	 2070	 iter
1578	 3.671577e-05	 2071	 iter
1579	 3.671577e-05	 2072	 iter
1580	 3.671577e-05	 2073	 iter
1581	 3.671577e-05	 2074	 iter
1582	 3.671577e-05	 2075	 iter
1583	 3.671577e-05	 2076	 iter
1584	 3.671577e-05	 2077	 iter
1585	 3.668992e-05	 2079	 iter
1586	 3.667788e-05	 2081	 iter
1587	 3.663425e-05	 2083	 iter
1588	 3.661748e-05	 2085	 iter
1589	 3.661748e-05	 2086	 iter
1590	 3.659608e-05	 2088	 iter
1591	 3.657913e-05	 2090	 iter
1592	 3.657913e-05	 2091	 iter
1593	 3.656175e-05	 2093	 iter
1594	 3.656175e-05	 2094	 iter
1595	 3.642543e-05	 2096	 iter
1596	 3.614482e-05	 2098	 iter
1597	 3.614482e-05	 2099	 iter
1598	 3.614482e-05	 2100	 iter
1599	 3.614482e-05	 2101	 iter
1600	 3.614482e-05	 2102	 iter
1601	 3.614482e-05	 2103	 iter
1602	 3.614482e-05	 2104	 iter
1603	 3.614482e-05	 2105	 iter
1604	 3.614482e-05	 2106	 iter
1605	 3.614482e-05	 2107	 iter
1606	 3.614482e-05	 2108	 iter
1607	 3.614482e-05	 2109	 iter
1608	 3.594160e-05	 2111	 iter
1609	 3.594160e-05	 2112	 iter
1610	 3.573080e-05	 2114	 iter
1611	 3.573080e-05	 2115	 iter
1612	 3.573080e-05	 2116	 iter
1613	 3.573080e-05	 2117	 iter
1614	 3.573080e-05	 2118	 iter
1615	 3.573080e-05	 2119	 iter
1616	 3.549709e-05	 2121	 iter
1617	 3.549709e-05	 2122	 iter
1618	 3.549709e-05	 2123	 iter
1619	 3.549709e-05	 2124	 iter
1620	 3.535060e-05	 2126	 iter
1621	 3.504175e-05	 2128	 iter
1622	 3.504175e-05	 2129	 iter
1623	 3.504175e-05	 2130	 iter
1624	 3.504175e-05	 2131	 iter
1625	 3.504175e-05	 2132	 iter
1626	 3.483467e-05	 2134	 iter
1627	 3.483467e-05	 2135	 iter
1628	 3.483467e-05	 2136	 iter
1629	 3.472837e-05	 2138	 iter
1630	 3.432973e-05	 2140	 iter
1631	 3.432973e-05	 2141	 iter
1632	 3.432973e-05	 2142	 iter
1633	 3.432973e-05	 2143	 iter
1634	 3.373182e-05	 2145	 iter
1635	 3.373182e-05	 2146	 iter
1636	 3.373182e-05	 2147	 iter
1637	 3.373182e-05	 2148	 iter
1638	 3.373182e-05	 2149	 iter
1639	 3.373182e-05	 2150	 iter
1640	 3.373182e-05	 2151	 iter
1641	 3.358672e-05	 2153	 iter
1642	 3.358672e-05	 2154	 iter
1643	 3.358672e-05	 2155	 iter
1644	 3.349535e-05	 2157	 iter
1645	 3.317637e-05	 2159	 iter
1646	 3.317637e-05	 2160	 iter
1647	 3.317637e-05	 2161	 iter
1648	 3.317637e-05	 2162	 iter
1649	 3.317637e-05	 2163	 iter
1650	 3.317637e-05	 2164	 iter
1651	 3.317637e-05	 2165	 iter
1652	 3.270387e-05	 2167	 iter
1653	 3.240865e-05	 2169	 iter
1654	 3.240865e-05	 2170	 iter
1655	 3.240865e-05	 2171	 iter
1656	 3.240865e-05	 2172	 iter
1657	 3.240865e-05	 2173	 iter
1658	 3.240865e-05	 2174	 iter
1659	 3.240865e-05	 2175	 iter
1660	 3.240865e-05	 2176	 iter
1661	 3.240865e-05	 2177	 iter
1662	 3.240865e-05	 2178	 iter
1663	 3.222523e-05	 2180	 iter
1664	 3.222523e-05	 2181	 iter
1665	 3.222523e-05	 2182	 iter
1666	 3.222523e-05	 2183	 iter
1667	 3.222523e-05	 2184	 iter
1668	 3.222523e-05	 2185	 iter
1669	 3.222523e-05	 2186	 iter
1670	 3.222523e-05	 2187	 iter
1671	 3.222523e-05	 2189	 iter
1672	 3.222523e-05	 2190	 iter
1673	 3.207714e-05	 2192	 iter
1674	 3.207714e-05	 2193	 iter
1675	 3.207714e-05	 2194	 iter
1676	 3.207714e-05	 2196	 iter
1677	 3.207714e-05	 2197	 iter
1678	 3.207714e-05	 2198	 iter
1679	 3.207714e-05	 2199	 iter
1680	 3.207714e-05	 2201	 iter
1681	 3.207714e-05	 2202	 iter
1682	 3.207714e-05	 2203	 iter
1683	 3.207714e-05	 2204	 iter
1684	 3.207714e-05	 2205	 iter
1685	 3.195977e-05	 2207	 iter
1686	 3.195977e-05	 2208	 iter
1687	 3.195977e-05	 2209	 iter
1688	 3.176129e-05	 2211	 iter
1689	 3.176129e-05	 2212	 iter
1690	 3.176129e-05	 2213	 iter
1691	 3.176102e-05	 2215	 iter
1692	 3.176102e-05	 2216	 iter
1693	 3.176102e-05	 2217	 iter
1694	 3.164081e-05	 2219	 iter
1695	 3.161441e-05	 2221	 iter
1696	 3.161441e-05	 2222	 iter
1697	 3.161441e-05	 2223	 iter
1698	 3.161441e-05	 2224	 iter
1699	 3.161441e-05	 2225	 iter
1700	 3.161441e-05	 2226	 iter
1701	 3.161441e-05	 2227	 iter
1702	 3.154281e-05	 2229	 iter
1703	 3.154281e-05	 2230	 iter
1704	 3.154281e-05	 2231	 iter
1705	 3.154281e-05	 2232	 iter
1706	 3.154281e-05	 2233	 iter
1707	 3.154281e-05	 2234	 iter
1708	 3.142653e-05	 2236	 iter
1709	 3.142653e-05	 2237	 iter
1710	 3.142653e-05	 2238	 iter
1711	 3.142653e-05	 2239	 iter
1712	 3.142653e-05	 2241	 iter
1713	 3.142653e-05	 2242	 iter
1714	 3.142653e-05	 2243	 iter
1715	 3.142653e-05	 2244	 iter
1716	 3.142653e-05	 2245	 iter
1717	 3.129489e-05	 2247	 iter
1718	 3.111533e-05	 2249	 iter
1719	 3.111533e-05	 2250	 iter
1720	 3.111533e-05	 2251	 iter
1721	 3.111533e-05	 2252	 iter
1722	 3.111533e-05	 2253	 iter
1723	 3.111533e-05	 2254	 iter
1724	 3.111533e-05	 2255	 iter
1725	 3.111533e-05	 2257	 iter
1726	 3.111533e-05	 2258	 iter
1727	 3.111533e-05	 2259	 iter
1728	 3.111533e-05	 2260	 iter
1729	 3.111533e-05	 2261	 iter
1730	 3.111533e-05	 2262	 iter
1731	 3.110223e-05	 2264	 iter
1732	 3.073891e-05	 2266	 iter
1733	 3.073891e-05	 2267	 iter
1734	 3.073891e-05	 2268	 iter
1735	 3.073891e-05	 2269	 iter
1736	 3.073891e-05	 2270	 iter
1737	 3.073891e-05	 2271	 iter
1738	 3.073891e-05	 2272	 iter
1739	 3.073891e-05	 2273	 iter
1740	 3.073891e-05	 2274	 iter
1741	 3.073891e-05	 2275	 iter
1742	 3.062656e-05	 2277	 iter
1743	 3.054004e-05	 2279	 iter
1744	 3.054004e-05	 2280	 iter
1745	 3.054004e-05	 2281	 iter
1746	 3.054004e-05	 2282	 iter
1747	 3.054004e-05	 2283	 iter
1748	 3.046212e-05	 2285	 iter
1749	 3.036817e-05	 2287	 iter
1750	 3.036817e-05	 2288	 iter
1751	 3.036817e-05	 2289	 iter
1752	 3.027538e-05	 2291	 iter
1753	 3.023692e-05	 2293	 iter
1754	 3.023692e-05	 2294	 iter
1755	 3.023692e-05	 2295	 iter
1756	 3.020994e-05	 2297	 iter
1757	 3.020994e-05	 2298	 iter
1758	 3.020994e-05	 2299	 iter
1759	 3.017615e-05	 2301	 iter
1760	 3.012640e-05	 2303	 iter
1761	 3.012640e-05	 2304	 iter
1762	 3.001594e-05	 2306	 iter
1763	 3.001594e-05	 2307	 iter
1764	 2.971928e-05	 2309	 iter
1765	 2.971928e-05	 2310	 iter
1766	 2.971928e-05	 2311	 iter
1767	 2.971928e-05	 2313	 iter
1768	 2.971928e-05	 2314	 iter
1769	 2.971928e-05	 2315	 iter
1770	 2.971928e-05	 2316	 iter
1771	 2.971928e-05	 2317	 iter
1772	 2.971928e-05	 2318	 iter
1773	 2.971928e-05	 2319	 iter
1774	 2.971928e-05	 2320	 iter
1775	 2.958616e-05	 2322	 iter
1776	 2.958616e-05	 2323	 iter
1777	 2.958616e-05	 2324	 iter
1778	 2.958616e-05	 2325	 iter
1779	 2.958616e-05	 2326	 iter
1780	 2.955340e-05	 2328	 iter
1781	 2.955340e-05	 2329	 iter
1782	 2.942212e-05	 2331	 iter
1783	 2.942212e-05	 2332	 iter
1784	 2.942212e-05	 2333	 iter
1785	 2.937209e-05	 2335	 iter
1786	 2.937209e-05	 2336	 iter
1787	 2.937209e-05	 2337	 iter
1788	 2.937209e-05	 2339	 iter
1789	 2.937209e-05	 2340	 iter
1790	 2.937209e-05	 2341	 iter
1791	 2.937209e-05	 2342	 iter
1792	 2.937209e-05	 2343	 iter
1793	 2.937209e-05	 2345	 iter
1794	 2.934019e-05	 2347	 iter
1795	 2.923991e-05	 2349	 iter
1796	 2.923991e-05	 2350	 iter
1797	 2.923991e-05	 2351	 iter
1798	 2.923991e-05	 2352	 iter
1799	 2.923991e-05	 2353	 iter
1800	 2.923991e-05	 2354	 iter
1801	 2.923991e-05	 2356	 iter
1802	 2.923991e-05	 2357	 iter
1803	 2.923991e-05	 2358	 iter
1804	 2.923991e-05	 2359	 iter
1805	 2.918920e-05	 2361	 iter
1806	 2.918920e-05	 2362	 iter
1807	 2.918920e-05	 2363	 iter
1808	 2.918920e-05	 2365	 iter
1809	 2.918920e-05	 2366	 iter
1810	 2.918920e-05	 2367	 iter
1811	 2.918920e-05	 2368	 iter
1812	 2.898545e-05	 2370	 iter
1813	 2.898545e-05	 2371	 iter
1814	 2.898545e-05	 2372	 iter
1815	 2.898545e-05	 2373	 iter
1816	 2.898545e-05	 2374	 iter
1817	 2.885607e-05	 2376	 iter
1818	 2.885607e-05	 2377	 iter
1819	 2.885607e-05	 2378	 iter
1820	 2.885607e-05	 2379	 iter
1821	 2.885607e-05	 2380	 iter
1822	 2.885607e-05	 2382	 iter
1823	 2.885607e-05	 2383	 iter
1824	 2.885607e-05	 2384	 iter
1825	 2.885607e-05	 2385	 iter
1826	 2.885607e-05	 2386	 iter
1827	 2.885607e-05	 2387	 iter
1828	 2.885607e-05	 2388	 iter
1829	 2.885607e-05	 2389	 iter
1830	 2.885607e-05	 2390	 iter
1831	 2.885607e-05	 2391	 iter
1832	 2.885607e-05	 2392	 iter
1833	 2.885607e-05	 2393	 iter
1834	 2.885607e-05	 2394	 iter
1835	 2.882558e-05	 2396	 iter
1836	 2.882558e-05	 2397	 iter
1837	 2.882558e-05	 2398	 iter
1838	 2.882558e-05	 2399	 iter
1839	 2.882558e-05	 2401	 iter
1840	 2.882558e-05	 2402	 iter
1841	 2.873592e-05	 2404	 iter
1842	 2.873592e-05	 2405	 iter
1843	 2.873592e-05	 2406	 iter
1844	 2.873592e-05	 2407	 iter
1845	 2.873592e-05	 2408	 iter
1846	 2.873592e-05	 2409	 iter
1847	 2.873592e-05	 2410	 iter
1848	 2.873592e-05	 2412	 iter
1849	 2.873592e-05	 2413	 iter
1850	 2.869426e-05	 2415	 iter
1851	 2.869426e-05	 2416	 iter
1852	 2.869426e-05	 2417	 iter
1853	 2.869426e-05	 2419	 iter
1854	 2.869426e-05	 2421	 iter
1855	 2.869426e-05	 2422	 iter
1856	 2.869426e-05	 2424	 iter
1857	 2.869426e-05	 2426	 iter
1858	 2.869426e-05	 2428	 iter
1859	 2.869426e-05	 2430	 iter
1860	 2.869426e-05	 2431	 iter
1861	 2.869426e-05	 2432	 iter
1862	 2.869426e-05	 2433	 iter
1863	 2.869426e-05	 2435	 iter
1864	 2.869426e-05	 2436	 iter
1865	 2.869426e-05	 2438	 iter
1866	 2.869426e-05	 2439	 iter
1867	 2.869128e-05	 2441	 iter
1868	 2.869128e-05	 2443	 iter
1869	 2.869128e-05	 2444	 iter
1870	 2.869128e-05	 2445	 iter
1871	 2.866769e-05	 2447	 iter
1872	 2.866769e-05	 2448	 iter
1873	 2.866195e-05	 2450	 iter
1874	 2.866195e-05	 2451	 iter
1875	 2.866195e-05	 2453	 iter
1876	 2.866195e-05	 2454	 iter
1877	 2.866195e-05	 2456	 iter
1878	 2.866195e-05	 2458	 iter
1879	 2.866195e-05	 2459	 iter
1880	 2.864701e-05	 2461	 iter
1881	 2.864085e-05	 2463	 iter
1882	 2.864085e-05	 2465	 iter
1883	 2.864085e-05	 2466	 iter
1884	 2.864085e-05	 2467	 iter
1885	 2.864085e-05	 2468	 iter
1886	 2.864085e-05	 2470	 iter
1887	 2.864085e-05	 2471	 iter
1888	 2.864085e-05	 2472	 iter
1889	 2.863840e-05	 2474	 iter
1890	 2.863840e-05	 2475	 iter
1891	 2.863840e-05	 2477	 iter
1892	 2.863840e-05	 2478	 iter
1893	 2.863840e-05	 2480	 iter
1894	 2.863840e-05	 2481	 iter
1895	 2.863840e-05	 2482	 iter
1896	 2.863239e-05	 2484	 iter
1897	 2.862168e-05	 2486	 iter
1898	 2.862168e-05	 2487	 iter
1899	 2.862168e-05	 2488	 iter
1900	 2.862168e-05	 2489	 iter
1901	 2.862168e-05	 2490	 iter
1902	 2.862168e-05	 2491	 iter
1903	 2.862168e-05	 2492	 iter
1904	 2.862168e-05	 2494	 iter
1905	 2.862168e-05	 2495	 iter
1906	 2.862168e-05	 2496	 iter
1907	 2.862168e-05	 2498	 iter
1908	 2.862168e-05	 2499	 iter
1909	 2.862168e-05	 2500	 iter
1910	 2.862168e-05	 2501	 iter
1911	 2.862009e-05	 2503	 iter
1912	 2.861997e-05	 2505	 iter
1913	 2.861997e-05	 2506	 iter
1914	 2.861997e-05	 2507	 iter
1915	 2.860307e-05	 2509	 iter
1916	 2.860307e-05	 2511	 iter
1917	 2.860307e-05	 2512	 iter
1918	 2.860307e-05	 2514	 iter
1919	 2.859444e-05	 2516	 iter
1920	 2.859444e-05	 2518	 iter
1921	 2.859444e-05	 2520	 iter
1922	 2.859444e-05	 2521	 iter
1923	 2.859444e-05	 2522	 iter
1924	 2.859444e-05	 2524	 iter
1925	 2.859444e-05	 2525	 iter
1926	 2.859444e-05	 2527	 iter
1927	 2.859444e-05	 2528	 iter
1928	 2.859444e-05	 2530	 iter
1929	 2.859444e-05	 2531	 iter
1930	 2.859444e-05	 2533	 iter
1931	 2.859444e-05	 2534	 iter
1932	 2.859444e-05	 2536	 iter
1933	 2.859444e-05	 2537	 iter
1934	 2.859017e-05	 2539	 iter
1935	 2.859017e-05	 2540	 iter
1936	 2.859017e-05	 2541	 iter
1937	 2.859017e-05	 2542	 iter
1938	 2.859017e-05	 2543	 iter
1939	 2.858580e-05	 2545	 iter
1940	 2.858580e-05	 2547	 iter
1941	 2.858580e-05	 2549	 iter
1942	 2.858580e-05	 2550	 iter
1943	 2.858580e-05	 2551	 iter
1944	 2.858580e-05	 2552	 iter
1945	 2.858580e-05	 2553	 iter
1946	 2.858580e-05	 2554	 iter
1947	 2.858580e-05	 2555	 iter
1948	 2.858580e-05	 2556	 iter
1949	 2.858003e-05	 2558	 iter
1950	 2.858003e-05	 2559	 iter
1951	 2.858003e-05	 2560	 iter
1952	 2.858003e-05	 2562	 iter
1953	 2.858003e-05	 2563	 iter
1954	 2.858003e-05	 2564	 iter
1955	 2.857918e-05	 2566	 iter
1956	 2.857918e-05	 2567	 iter
1957	 2.857918e-05	 2568	 iter
1958	 2.857918e-05	 2569	 iter
1959	 2.857918e-05	 2571	 iter
1960	 2.857520e-05	 2573	 iter
1961	 2.857520e-05	 2574	 iter
1962	 2.857520e-05	 2576	 iter
1963	 2.857520e-05	 2577	 iter
1964	 2.857205e-05	 2579	 iter
1965	 2.857129e-05	 2581	 iter
1966	 2.857129e-05	 2582	 iter
1967	 2.857129e-05	 2583	 iter
1968	 2.857129e-05	 2584	 iter
1969	 2.857129e-05	 2585	 iter
1970	 2.856638e-05	 2587	 iter
1971	 2.856638e-05	 2588	 iter
1972	 2.856638e-05	 2590	 iter
1973	 2.856638e-05	 2591	 iter
1974	 2.856638e-05	 2592	 iter
1975	 2.856638e-05	 2593	 iter
1976	 2.856638e-05	 2594	 iter
1977	 2.856638e-05	 2596	 iter
1978	 2.856638e-05	 2597	 iter
1979	 2.856638e-05	 2599	 iter
1980	 2.856638e-05	 2600	 iter
1981	 2.856638e-05	 2601	 iter
1982	 2.856199e-05	 2603	 iter
1983	 2.856199e-05	 2604	 iter
1984	 2.856199e-05	 2605	 iter
1985	 2.856199e-05	 2606	 iter
1986	 2.856199e-05	 2607	 iter
1987	 2.856199e-05	 2608	 iter
1988	 2.856199e-05	 2609	 iter
1989	 2.856199e-05	 2610	 iter
1990	 2.856199e-05	 2611	 iter
1991	 2.855659e-05	 2613	 iter
1992	 2.855659e-05	 2614	 iter
1993	 2.855659e-05	 2615	 iter
1994	 2.855659e-05	 2616	 iter
1995	 2.855013e-05	 2618	 iter
1996	 2.855013e-05	 2619	 iter
1997	 2.855013e-05	 2620	 iter
1998	 2.855013e-05	 2621	 iter
1999	 2.855013e-05	 2622	 iter
2000	 2.855013e-05	 2623	 iter
2001	 2.855013e-05	 2625	 iter
2002	 2.855013e-05	 2626	 iter
2003	 2.855013e-05	 2627	 iter
2004	 2.855013e-05	 2628	 iter
2005	 2.855013e-05	 2629	 iter
2006	 2.854898e-05	 2631	 iter
2007	 2.853607e-05	 2633	 iter
2008	 2.853607e-05	 2634	 iter
2009	 2.853607e-05	 2635	 iter
2010	 2.853607e-05	 2636	 iter
2011	 2.853607e-05	 2637	 iter
2012	 2.853607e-05	 2638	 iter
2013	 2.853607e-05	 2639	 iter
2014	 2.853325e-05	 2641	 iter
2015	 2.853325e-05	 2642	 iter
2016	 2.853325e-05	 2643	 iter
2017	 2.853325e-05	 2644	 iter
2018	 2.853242e-05	 2646	 iter
2019	 2.853242e-05	 2647	 iter
2020	 2.853242e-05	 2648	 iter
2021	 2.853220e-05	 2650	 iter
2022	 2.853220e-05	 2651	 iter
2023	 2.853220e-05	 2652	 iter
2024	 2.853052e-05	 2654	 iter
2025	 2.852891e-05	 2656	 iter
2026	 2.852610e-05	 2658	 iter
2027	 2.852610e-05	 2659	 iter
2028	 2.852002e-05	 2661	 iter
2029	 2.852002e-05	 2662	 iter
2030	 2.852002e-05	 2663	 iter
2031	 2.852002e-05	 2664	 iter
2032	 2.851796e-05	 2666	 iter
2033	 2.851796e-05	 2667	 iter
2034	 2.851796e-05	 2668	 iter
2035	 2.851796e-05	 2669	 iter
2036	 2.851796e-05	 2670	 iter
2037	 2.851796e-05	 2671	 iter
2038	 2.851112e-05	 2673	 iter
2039	 2.851112e-05	 2674	 iter
2040	 2.851112e-05	 2675	 iter
2041	 2.851112e-05	 2676	 iter
2042	 2.850589e-05	 2678	 iter
2043	 2.850589e-05	 2679	 iter
2044	 2.850589e-05	 2680	 iter
2045	 2.850589e-05	 2681	 iter
2046	 2.850589e-05	 2682	 iter
2047	 2.850589e-05	 2683	 iter
2048	 2.850589e-05	 2685	 iter
2049	 2.850589e-05	 2686	 iter
2050	 2.850589e-05	 2687	 iter
2051	 2.850589e-05	 2688	 iter
2052	 2.850589e-05	 2689	 iter
2053	 2.850589e-05	 2690	 iter
2054	 2.850589e-05	 2691	 iter
2055	 2.850589e-05	 2692	 iter
2056	 2.849726e-05	 2694	 iter
2057	 2.849726e-05	 2695	 iter
2058	 2.849726e-05	 2696	 iter
2059	 2.849626e-05	 2698	 iter
2060	 2.849239e-05	 2700	 iter
2061	 2.849239e-05	 2701	 iter
2062	 2.849239e-05	 2702	 iter
2063	 2.848269e-05	 2704	 iter
2064	 2.848269e-05	 2705	 iter
2065	 2.848269e-05	 2706	 iter
2066	 2.848269e-05	 2707	 iter
2067	 2.848269e-05	 2708	 iter
2068	 2.848269e-05	 2709	 iter
2069	 2.848269e-05	 2710	 iter
2070	 2.847827e-05	 2712	 iter
2071	 2.847827e-05	 2713	 iter
2072	 2.847827e-05	 2714	 iter
2073	 2.847333e-05	 2716	 iter
2074	 2.847333e-05	 2717	 iter
2075	 2.847266e-05	 2719	 iter
2076	 2.847266e-05	 2720	 iter
2077	 2.847266e-05	 2721	 iter
2078	 2.846758e-05	 2723	 iter
2079	 2.846758e-05	 2724	 iter
2080	 2.846758e-05	 2725	 iter
2081	 2.846758e-05	 2726	 iter
2082	 2.846294e-05	 2728	 iter
2083	 2.846294e-05	 2729	 iter
2084	 2.846065e-05	 2731	 iter
2085	 2.846065e-05	 2732	 iter
2086	 2.845766e-05	 2734	 iter
2087	 2.845766e-05	 2735	 iter
2088	 2.845766e-05	 2736	 iter
2089	 2.845766e-05	 2737	 iter
2090	 2.845594e-05	 2739	 iter
2091	 2.845590e-05	 2741	 iter
2092	 2.845590e-05	 2742	 iter
2093	 2.845590e-05	 2743	 iter
2094	 2.844987e-05	 2745	 iter
2095	 2.844701e-05	 2747	 iter
2096	 2.844137e-05	 2749	 iter
2097	 2.844055e-05	 2751	 iter
2098	 2.844055e-05	 2752	 iter
2099	 2.844055e-05	 2753	 iter
2100	 2.844055e-05	 2754	 iter
2101	 2.844055e-05	 2755	 iter
2102	 2.844055e-05	 2756	 iter
2103	 2.844055e-05	 2757	 iter
2104	 2.844055e-05	 2758	 iter
2105	 2.843122e-05	 2760	 iter
2106	 2.843122e-05	 2761	 iter
2107	 2.843122e-05	 2762	 iter
2108	 2.843122e-05	 2763	 iter
2109	 2.842785e-05	 2765	 iter
2110	 2.842785e-05	 2766	 iter
2111	 2.842785e-05	 2767	 iter
2112	 2.842785e-05	 2768	 iter
2113	 2.842785e-05	 2769	 iter
2114	 2.842785e-05	 2770	 iter
2115	 2.842785e-05	 2771	 iter
2116	 2.842373e-05	 2773	 iter
2117	 2.841868e-05	 2775	 iter
2118	 2.841868e-05	 2776	 iter
2119	 2.841868e-05	 2777	 iter
2120	 2.841664e-05	 2779	 iter
2121	 2.841664e-05	 2780	 iter
2122	 2.841159e-05	 2782	 iter
2123	 2.840041e-05	 2784	 iter
2124	 2.840041e-05	 2785	 iter
2125	 2.840041e-05	 2786	 iter
2126	 2.840041e-05	 2787	 iter
2127	 2.840041e-05	 2788	 iter
2128	 2.840041e-05	 2789	 iter
2129	 2.840041e-05	 2790	 iter
2130	 2.840041e-05	 2791	 iter
2131	 2.840041e-05	 2792	 iter
2132	 2.839895e-05	 2794	 iter
2133	 2.839895e-05	 2795	 iter
2134	 2.839059e-05	 2797	 iter
2135	 2.839059e-05	 2798	 iter
2136	 2.839059e-05	 2799	 iter
2137	 2.837962e-05	 2801	 iter
2138	 2.837962e-05	 2802	 iter
2139	 2.837962e-05	 2803	 iter
2140	 2.837962e-05	 2804	 iter
2141	 2.837962e-05	 2805	 iter
2142	 2.837962e-05	 2806	 iter
2143	 2.837962e-05	 2807	 iter
2144	 2.837962e-05	 2808	 iter
2145	 2.836639e-05	 2810	 iter
2146	 2.836639e-05	 2811	 iter
2147	 2.836639e-05	 2812	 iter
2148	 2.836639e-05	 2813	 iter
2149	 2.835794e-05	 2815	 iter
2150	 2.835794e-05	 2816	 iter
2151	 2.834901e-05	 2818	 iter
2152	 2.834901e-05	 2819	 iter
2153	 2.834901e-05	 2820	 iter
2154	 2.834901e-05	 2821	 iter
2155	 2.834901e-05	 2822	 iter
2156	 2.833981e-05	 2824	 iter
2157	 2.833981e-05	 2825	 iter
2158	 2.833893e-05	 2827	 iter
2159	 2.832601e-05	 2829	 iter
2160	 2.832601e-05	 2830	 iter
2161	 2.832601e-05	 2831	 iter
2162	 2.832601e-05	 2832	 iter
2163	 2.832601e-05	 2833	 iter
2164	 2.831644e-05	 2835	 iter
2165	 2.831644e-05	 2836	 iter
2166	 2.830560e-05	 2838	 iter
2167	 2.830560e-05	 2839	 iter
2168	 2.830560e-05	 2840	 iter
2169	 2.830560e-05	 2841	 iter
2170	 2.830240e-05	 2843	 iter
2171	 2.829216e-05	 2845	 iter
2172	 2.829216e-05	 2846	 iter
2173	 2.829216e-05	 2847	 iter
2174	 2.829216e-05	 2848	 iter
2175	 2.829216e-05	 2849	 iter
2176	 2.827549e-05	 2851	 iter
2177	 2.827549e-05	 2852	 iter
2178	 2.827086e-05	 2854	 iter
2179	 2.827086e-05	 2855	 iter
2180	 2.827086e-05	 2856	 iter
2181	 2.827086e-05	 2857	 iter
2182	 2.827086e-05	 2858	 iter
2183	 2.827086e-05	 2859	 iter
2184	 2.827086e-05	 2860	 iter
2185	 2.827086e-05	 2861	 iter
2186	 2.826634e-05	 2863	 iter
2187	 2.825448e-05	 2865	 iter
2188	 2.825448e-05	 2867	 iter
2189	 2.825448e-05	 2868	 iter
2190	 2.825448e-05	 2869	 iter
2191	 2.825448e-05	 2870	 iter
2192	 2.825448e-05	 2871	 iter
2193	 2.825448e-05	 2872	 iter
2194	 2.825448e-05	 2873	 iter
2195	 2.825448e-05	 2874	 iter
2196	 2.823963e-05	 2876	 iter
2197	 2.823963e-05	 2878	 iter
2198	 2.823963e-05	 2879	 iter
2199	 2.823963e-05	 2880	 iter
2200	 2.823375e-05	 2882	 iter
2201	 2.823375e-05	 2883	 iter
2202	 2.822926e-05	 2885	 iter
2203	 2.822926e-05	 2886	 iter
2204	 2.822926e-05	 2887	 iter
2205	 2.822926e-05	 2888	 iter
2206	 2.822460e-05	 2890	 iter
2207	 2.822460e-05	 2891	 iter
2208	 2.822460e-05	 2892	 iter
2209	 2.822460e-05	 2893	 iter
2210	 2.822460e-05	 2895	 iter
2211	 2.822437e-05	 2897	 iter
2212	 2.822437e-05	 2898	 iter
2213	 2.822437e-05	 2899	 iter
2214	 2.821101e-05	 2901	 iter
2215	 2.821101e-05	 2902	 iter
2216	 2.821101e-05	 2903	 iter
2217	 2.821101e-05	 2904	 iter
2218	 2.821101e-05	 2905	 iter
2219	 2.821017e-05	 2907	 iter
2220	 2.821017e-05	 2908	 iter
2221	 2.821017e-05	 2909	 iter
2222	 2.821017e-05	 2911	 iter
2223	 2.820666e-05	 2913	 iter
2224	 2.820666e-05	 2915	 iter
2225	 2.820666e-05	 2916	 iter
2226	 2.820666e-05	 2917	 iter
2227	 2.820666e-05	 2918	 iter
2228	 2.820666e-05	 2919	 iter
2229	 2.818686e-05	 2921	 iter
2230	 2.818686e-05	 2923	 iter
2231	 2.818686e-05	 2924	 iter
2232	 2.818686e-05	 2925	 iter
2233	 2.818686e-05	 2926	 iter
2234	 2.818686e-05	 2927	 iter
2235	 2.818686e-05	 2928	 iter
2236	 2.818686e-05	 2929	 iter
2237	 2.818686e-05	 2930	 iter
2238	 2.818348e-05	 2932	 iter
2239	 2.816872e-05	 2934	 iter
2240	 2.816872e-05	 2935	 iter
2241	 2.816872e-05	 2936	 iter
2242	 2.816872e-05	 2937	 iter
2243	 2.816872e-05	 2938	 iter
2244	 2.815796e-05	 2940	 iter
2245	 2.815796e-05	 2941	 iter
2246	 2.815796e-05	 2942	 iter
2247	 2.815796e-05	 2943	 iter
2248	 2.815796e-05	 2944	 iter
2249	 2.812657e-05	 2946	 iter
2250	 2.812657e-05	 2947	 iter
2251	 2.812657e-05	 2948	 iter
2252	 2.812657e-05	 2949	 iter
2253	 2.812657e-05	 2950	 iter
2254	 2.812657e-05	 2951	 iter
2255	 2.812657e-05	 2952	 iter
2256	 2.812657e-05	 2953	 iter
2257	 2.810104e-05	 2955	 iter
2258	 2.810104e-05	 2956	 iter
2259	 2.810104e-05	 2957	 iter
2260	 2.810104e-05	 2958	 iter
2261	 2.810104e-05	 2959	 iter
2262	 2.810104e-05	 2960	 iter
2263	 2.810104e-05	 2961	 iter
2264	 2.810104e-05	 2962	 iter
2265	 2.807614e-05	 2964	 iter
2266	 2.804778e-05	 2966	 iter
2267	 2.804778e-05	 2967	 iter
2268	 2.804778e-05	 2968	 iter
2269	 2.804778e-05	 2969	 iter
2270	 2.800810e-05	 2971	 iter
2271	 2.800810e-05	 2972	 iter
2272	 2.800810e-05	 2973	 iter
2273	 2.800810e-05	 2974	 iter
2274	 2.800810e-05	 2975	 iter
2275	 2.800810e-05	 2976	 iter
2276	 2.800810e-05	 2977	 iter
2277	 2.800810e-05	 2978	 iter
2278	 2.800521e-05	 2980	 iter
2279	 2.797539e-05	 2982	 iter
2280	 2.791127e-05	 2984	 iter
2281	 2.791127e-05	 2985	 iter
2282	 2.791127e-05	 2986	 iter
2283	 2.791127e-05	 2987	 iter
2284	 2.791127e-05	 2988	 iter
2285	 2.791127e-05	 2989	 iter
2286	 2.791127e-05	 2990	 iter
2287	 2.791127e-05	 2991	 iter
2288	 2.791127e-05	 2992	 iter
2289	 2.789045e-05	 2994	 iter
2290	 2.787479e-05	 2996	 iter
2291	 2.782945e-05	 2998	 iter
2292	 2.782945e-05	 2999	 iter
2293	 2.778669e-05	 3001	 iter
2294	 2.778669e-05	 3002	 iter
2295	 2.774565e-05	 3004	 iter
2296	 2.774565e-05	 3005	 iter
2297	 2.774565e-05	 3006	 iter
2298	 2.774565e-05	 3007	 iter
2299	 2.774565e-05	 3008	 iter
2300	 2.768508e-05	 3010	 iter
2301	 2.768508e-05	 3011	 iter
2302	 2.768508e-05	 3012	 iter
2303	 2.768508e-05	 3013	 iter
2304	 2.768508e-05	 3014	 iter
2305	 2.768508e-05	 3015	 iter
2306	 2.768508e-05	 3016	 iter
2307	 2.768395e-05	 3018	 iter
2308	 2.768395e-05	 3019	 iter
2309	 2.768395e-05	 3020	 iter
2310	 2.768395e-05	 3021	 iter
2311	 2.767258e-05	 3023	 iter
2312	 2.766965e-05	 3025	 iter
2313	 2.766965e-05	 3026	 iter
2314	 2.762038e-05	 3028	 iter
2315	 2.762038e-05	 3029	 iter
2316	 2.762038e-05	 3030	 iter
2317	 2.758096e-05	 3032	 iter
2318	 2.758096e-05	 3033	 iter
2319	 2.758096e-05	 3034	 iter
2320	 2.758096e-05	 3035	 iter
2321	 2.752672e-05	 3037	 iter
2322	 2.752672e-05	 3038	 iter
2323	 2.752672e-05	 3039	 iter
2324	 2.750018e-05	 3041	 iter
2325	 2.750018e-05	 3042	 iter
2326	 2.750018e-05	 3043	 iter
2327	 2.750018e-05	 3044	 iter
2328	 2.750018e-05	 3045	 iter
2329	 2.750018e-05	 3046	 iter
2330	 2.748417e-05	 3048	 iter
2331	 2.741083e-05	 3050	 iter
2332	 2.741083e-05	 3051	 iter
2333	 2.741083e-05	 3052	 iter
2334	 2.741083e-05	 3053	 iter
2335	 2.741083e-05	 3054	 iter
2336	 2.741083e-05	 3055	 iter
2337	 2.735295e-05	 3057	 iter
2338	 2.735295e-05	 3058	 iter
2339	 2.735295e-05	 3059	 iter
2340	 2.735295e-05	 3060	 iter
2341	 2.735295e-05	 3061	 iter
2342	 2.731407e-05	 3063	 iter
2343	 2.725691e-05	 3065	 iter
2344	 2.725691e-05	 3066	 iter
2345	 2.709886e-05	 3068	 iter
2346	 2.709886e-05	 3069	 iter
2347	 2.709886e-05	 3070	 iter
2348	 2.709886e-05	 3071	 iter
2349	 2.709886e-05	 3072	 iter
2350	 2.709886e-05	 3073	 iter
2351	 2.709886e-05	 3074	 iter
2352	 2.709886e-05	 3075	 iter
2353	 2.709886e-05	 3076	 iter
2354	 2.709886e-05	 3077	 iter
2355	 2.706912e-05	 3079	 iter
2356	 2.706912e-05	 3080	 iter
2357	 2.697544e-05	 3082	 iter
2358	 2.697544e-05	 3083	 iter
2359	 2.697544e-05	 3084	 iter
2360	 2.696622e-05	 3086	 iter
2361	 2.687605e-05	 3088	 iter
2362	 2.687605e-05	 3089	 iter
2363	 2.687605e-05	 3090	 iter
2364	 2.680164e-05	 3092	 iter
2365	 2.662884e-05	 3094	 iter
2366	 2.662884e-05	 3095	 iter
2367	 2.662884e-05	 3096	 iter
2368	 2.662884e-05	 3097	 iter
2369	 2.662884e-05	 3098	 iter
2370	 2.662884e-05	 3099	 iter
2371	 2.662884e-05	 3100	 iter
2372	 2.662884e-05	 3101	 iter
2373	 2.626464e-05	 3103	 iter
2374	 2.626464e-05	 3104	 iter
2375	 2.626464e-05	 3105	 iter
2376	 2.626464e-05	 3106	 iter
2377	 2.626464e-05	 3107	 iter
2378	 2.626464e-05	 3108	 iter
2379	 2.626464e-05	 3109	 iter
2380	 2.626464e-05	 3110	 iter
2381	 2.626464e-05	 3111	 iter
2382	 2.624465e-05	 3113	 iter
2383	 2.624465e-05	 3114	 iter
2384	 2.617410e-05	 3116	 iter
2385	 2.600719e-05	 3118	 iter
2386	 2.581361e-05	 3120	 iter
2387	 2.581361e-05	 3121	 iter
2388	 2.581361e-05	 3122	 iter
2389	 2.581361e-05	 3123	 iter
2390	 2.581361e-05	 3124	 iter
2391	 2.581361e-05	 3125	 iter
2392	 2.577949e-05	 3127	 iter
2393	 2.524666e-05	 3129	 iter
2394	 2.524666e-05	 3130	 iter
2395	 2.524666e-05	 3131	 iter
2396	 2.524666e-05	 3132	 iter
2397	 2.524666e-05	 3133	 iter
2398	 2.524666e-05	 3134	 iter
2399	 2.524666e-05	 3135	 iter
2400	 2.524666e-05	 3136	 iter
2401	 2.524246e-05	 3138	 iter
2402	 2.524246e-05	 3139	 iter
2403	 2.524246e-05	 3140	 iter
2404	 2.486686e-05	 3142	 iter
2405	 2.486686e-05	 3143	 iter
2406	 2.486686e-05	 3144	 iter
2407	 2.472635e-05	 3146	 iter
2408	 2.472635e-05	 3147	 iter
2409	 2.472635e-05	 3148	 iter
2410	 2.472635e-05	 3149	 iter
2411	 2.472635e-05	 3150	 iter
2412	 2.468848e-05	 3152	 iter
2413	 2.457350e-05	 3154	 iter
2414	 2.443248e-05	 3156	 iter
2415	 2.438721e-05	 3158	 iter
2416	 2.429669e-05	 3160	 iter
2417	 2.429669e-05	 3161	 iter
2418	 2.427026e-05	 3163	 iter
2419	 2.427026e-05	 3164	 iter
2420	 2.427026e-05	 3165	 iter
2421	 2.405756e-05	 3167	 iter
2422	 2.390099e-05	 3169	 iter
2423	 2.390099e-05	 3170	 iter
2424	 2.386046e-05	 3172	 iter
2425	 2.357450e-05	 3174	 iter
2426	 2.357450e-05	 3175	 iter
2427	 2.357450e-05	 3176	 iter
2428	 2.357450e-05	 3177	 iter
2429	 2.357450e-05	 3178	 iter
2430	 2.357450e-05	 3179	 iter
2431	 2.345670e-05	 3181	 iter
2432	 2.345670e-05	 3182	 iter
2433	 2.345670e-05	 3183	 iter
2434	 2.323894e-05	 3185	 iter
2435	 2.323894e-05	 3186	 iter
2436	 2.323894e-05	 3187	 iter
2437	 2.289182e-05	 3189	 iter
2438	 2.289182e-05	 3190	 iter
2439	 2.212258e-05	 3192	 iter
2440	 2.212258e-05	 3193	 iter
2441	 2.212258e-05	 3194	 iter
2442	 2.212258e-05	 3195	 iter
2443	 2.212258e-05	 3196	 iter
2444	 2.212258e-05	 3197	 iter
2445	 2.212258e-05	 3198	 iter
2446	 2.204591e-05	 3200	 iter
2447	 2.137593e-05	 3202	 iter
2448	 2.137593e-05	 3203	 iter
2449	 2.137593e-05	 3204	 iter
2450	 2.137593e-05	 3205	 iter
2451	 2.137593e-05	 3206	 iter
2452	 2.137593e-05	 3207	 iter
2453	 2.137593e-05	 3208	 iter
2454	 2.137593e-05	 3209	 iter
2455	 2.137593e-05	 3210	 iter
2456	 2.137593e-05	 3211	 iter
2457	 2.128960e-05	 3213	 iter
2458	 2.035444e-05	 3215	 iter
2459	 2.035444e-05	 3216	 iter
2460	 2.035444e-05	 3217	 iter
2461	 2.035444e-05	 3218	 iter
2462	 2.035444e-05	 3219	 iter
2463	 2.035444e-05	 3220	 iter
2464	 2.035444e-05	 3221	 iter
2465	 2.035444e-05	 3222	 iter
2466	 2.035444e-05	 3223	 iter
2467	 2.035444e-05	 3224	 iter
2468	 2.035444e-05	 3225	 iter
2469	 2.035444e-05	 3226	 iter
2470	 2.035444e-05	 3227	 iter
2471	 2.035444e-05	 3228	 iter
2472	 1.952001e-05	 3230	 iter
2473	 1.952001e-05	 3231	 iter
2474	 1.952001e-05	 3232	 iter
2475	 1.952001e-05	 3233	 iter
2476	 1.952001e-05	 3234	 iter
2477	 1.952001e-05	 3235	 iter
2478	 1.952001e-05	 3236	 iter
2479	 1.952001e-05	 3237	 iter
2480	 1.952001e-05	 3238	 iter
2481	 1.952001e-05	 3240	 iter
2482	 1.950206e-05	 3242	 iter
2483	 1.950206e-05	 3244	 iter
2484	 1.950206e-05	 3245	 iter
2485	 1.891422e-05	 3247	 iter
2486	 1.891422e-05	 3248	 iter
2487	 1.891422e-05	 3249	 iter
2488	 1.891422e-05	 3250	 iter
2489	 1.891422e-05	 3251	 iter
2490	 1.891422e-05	 3252	 iter
2491	 1.891422e-05	 3253	 iter
2492	 1.891422e-05	 3254	 iter
2493	 1.891422e-05	 3255	 iter
2494	 1.885870e-05	 3257	 iter
2495	 1.885870e-05	 3258	 iter
2496	 1.870471e-05	 3260	 iter
2497	 1.838643e-05	 3262	 iter
2498	 1.838643e-05	 3263	 iter
2499	 1.838643e-05	 3264	 iter
2500	 1.838643e-05	 3266	 iter
2501	 1.838643e-05	 3267	 iter
2502	 1.838643e-05	 3268	 iter
2503	 1.838643e-05	 3270	 iter
2504	 1.825826e-05	 3272	 iter
2505	 1.825826e-05	 3273	 iter
2506	 1.825826e-05	 3274	 iter
2507	 1.825826e-05	 3275	 iter
2508	 1.825826e-05	 3276	 iter
2509	 1.825826e-05	 3278	 iter
2510	 1.825826e-05	 3280	 iter
2511	 1.807201e-05	 3282	 iter
2512	 1.807201e-05	 3283	 iter
2513	 1.807201e-05	 3284	 iter
2514	 1.807201e-05	 3285	 iter
2515	 1.807201e-05	 3286	 iter
2516	 1.807201e-05	 3287	 iter
2517	 1.807201e-05	 3288	 iter
2518	 1.775213e-05	 3290	 iter
2519	 1.775213e-05	 3292	 iter
2520	 1.775213e-05	 3293	 iter
2521	 1.775213e-05	 3295	 iter
2522	 1.775213e-05	 3296	 iter
2523	 1.775213e-05	 3297	 iter
2524	 1.775213e-05	 3298	 iter
2525	 1.775213e-05	 3300	 iter
2526	 1.775213e-05	 3301	 iter
2527	 1.775213e-05	 3303	 iter
2528	 1.775213e-05	 3304	 iter
2529	 1.775213e-05	 3305	 iter
2530	 1.775213e-05	 3307	 iter
2531	 1.761991e-05	 3309	 iter
2532	 1.761991e-05	 3310	 iter
2533	 1.761991e-05	 3311	 iter
2534	 1.759581e-05	 3313	 iter
2535	 1.759581e-05	 3314	 iter
2536	 1.759581e-05	 3316	 iter
2537	 1.759581e-05	 3317	 iter
2538	 1.759581e-05	 3318	 iter
2539	 1.759581e-05	 3319	 iter
2540	 1.753195e-05	 3321	 iter
2541	 1.753195e-05	 3322	 iter
2542	 1.753195e-05	 3323	 iter
2543	 1.753195e-05	 3325	 iter
2544	 1.753195e-05	 3326	 iter
2545	 1.753195e-05	 3327	 iter
2546	 1.753195e-05	 3328	 iter
2547	 1.753195e-05	 3330	 iter
2548	 1.753195e-05	 3331	 iter
2549	 1.737392e-05	 3333	 iter
2550	 1.737392e-05	 3334	 iter
2551	 1.737392e-05	 3335	 iter
2552	 1.734389e-05	 3337	 iter
2553	 1.734389e-05	 3338	 iter
2554	 1.734389e-05	 3340	 iter
2555	 1.734389e-05	 3341	 iter
2556	 1.729083e-05	 3343	 iter
2557	 1.729083e-05	 3344	 iter
2558	 1.729083e-05	 3345	 iter
2559	 1.729083e-05	 3346	 iter
2560	 1.729083e-05	 3347	 iter
2561	 1.728605e-05	 3349	 iter
2562	 1.728605e-05	 3350	 iter
2563	 1.728605e-05	 3352	 iter
2564	 1.724264e-05	 3354	 iter
2565	 1.724264e-05	 3355	 iter
2566	 1.724264e-05	 3356	 iter
2567	 1.724264e-05	 3357	 iter
2568	 1.724264e-05	 3358	 iter
2569	 1.724264e-05	 3359	 iter
2570	 1.724264e-05	 3360	 iter
2571	 1.721847e-05	 3362	 iter
2572	 1.721847e-05	 3363	 iter
2573	 1.710810e-05	 3365	 iter
2574	 1.710810e-05	 3366	 iter
2575	 1.710810e-05	 3367	 iter
2576	 1.710810e-05	 3368	 iter
2577	 1.710810e-05	 3370	 iter
2578	 1.710810e-05	 3372	 iter
2579	 1.710810e-05	 3373	 iter
2580	 1.710810e-05	 3374	 iter
2581	 1.710810e-05	 3375	 iter
2582	 1.710810e-05	 3376	 iter
2583	 1.710810e-05	 3377	 iter
2584	 1.710810e-05	 3379	 iter
2585	 1.710810e-05	 3380	 iter
2586	 1.710810e-05	 3382	 iter
2587	 1.710810e-05	 3384	 iter
2588	 1.710810e-05	 3385	 iter
2589	 1.710810e-05	 3386	 iter
2590	 1.710810e-05	 3388	 iter
2591	 1.707152e-05	 3390	 iter
2592	 1.707152e-05	 3391	 iter
2593	 1.707152e-05	 3392	 iter
2594	 1.707053e-05	 3394	 iter
2595	 1.707053e-05	 3395	 iter
2596	 1.707053e-05	 3396	 iter
2597	 1.707053e-05	 3397	 iter
2598	 1.707053e-05	 3398	 iter
2599	 1.707053e-05	 3399	 iter
2600	 1.707053e-05	 3401	 iter
2601	 1.707053e-05	 3402	 iter
2602	 1.707053e-05	 3403	 iter
2603	 1.707053e-05	 3404	 iter
2604	 1.707053e-05	 3405	 iter
2605	 1.702916e-05	 3407	 iter
2606	 1.702916e-05	 3408	 iter
2607	 1.701719e-05	 3410	 iter
2608	 1.701719e-05	 3411	 iter
2609	 1.701719e-05	 3412	 iter
2610	 1.701719e-05	 3413	 iter
2611	 1.701719e-05	 3414	 iter
2612	 1.701719e-05	 3416	 iter
2613	 1.701719e-05	 3417	 iter
2614	 1.701719e-05	 3418	 iter
2615	 1.701719e-05	 3419	 iter
2616	 1.701719e-05	 3421	 iter
2617	 1.701719e-05	 3422	 iter
2618	 1.701719e-05	 3424	 iter
2619	 1.701719e-05	 3425	 iter
2620	 1.701719e-05	 3426	 iter
2621	 1.701719e-05	 3427	 iter
2622	 1.701719e-05	 3428	 iter
2623	 1.701719e-05	 3430	 iter
2624	 1.701719e-05	 3431	 iter
2625	 1.701679e-05	 3433	 iter
2626	 1.701679e-05	 3434	 iter
2627	 1.700977e-05	 3436	 iter
2628	 1.700977e-05	 3437	 iter
2629	 1.700594e-05	 3439	 iter
2630	 1.700594e-05	 3440	 iter
2631	 1.700118e-05	 3442	 iter
2632	 1.699960e-05	 3444	 iter
2633	 1.699960e-05	 3445	 iter
2634	 1.699441e-05	 3447	 iter
2635	 1.698821e-05	 3449	 iter
2636	 1.698821e-05	 3451	 iter
2637	 1.698821e-05	 3452	 iter
2638	 1.698708e-05	 3454	 iter
2639	 1.698023e-05	 3456	 iter
2640	 1.698023e-05	 3457	 iter
2641	 1.698023e-05	 3458	 iter
2642	 1.698023e-05	 3460	 iter
2643	 1.698023e-05	 3462	 iter
2644	 1.697990e-05	 3464	 iter
2645	 1.697990e-05	 3466	 iter
2646	 1.697990e-05	 3467	 iter
2647	 1.697990e-05	 3469	 iter
2648	 1.697990e-05	 3471	 iter
2649	 1.697990e-05	 3472	 iter
2650	 1.697990e-05	 3473	 iter
2651	 1.697679e-05	 3475	 iter
2652	 1.697679e-05	 3477	 iter
2653	 1.697679e-05	 3478	 iter
2654	 1.697300e-05	 3480	 iter
2655	 1.697300e-05	 3481	 iter
2656	 1.697300e-05	 3482	 iter
2657	 1.697203e-05	 3484	 iter
2658	 1.697203e-05	 3485	 iter
2659	 1.697151e-05	 3487	 iter
2660	 1.697151e-05	 3488	 iter
2661	 1.697151e-05	 3489	 iter
2662	 1.697035e-05	 3491	 iter
2663	 1.697035e-05	 3493	 iter
2664	 1.697035e-05	 3495	 iter
2665	 1.696541e-05	 3497	 iter
2666	 1.696541e-05	 3499	 iter
2667	 1.696541e-05	 3500	 iter
2668	 1.696541e-05	 3501	 iter
2669	 1.696541e-05	 3503	 iter
2670	 1.696541e-05	 3505	 iter
2671	 1.696541e-05	 3507	 iter
2672	 1.696541e-05	 3509	 iter
2673	 1.696541e-05	 3511	 iter
2674	 1.696541e-05	 3513	 iter
2675	 1.696541e-05	 3514	 iter
2676	 1.696541e-05	 3515	 iter
2677	 1.696541e-05	 3517	 iter
2678	 1.696541e-05	 3518	 iter
2679	 1.696541e-05	 3520	 iter
2680	 1.696541e-05	 3522	 iter
2681	 1.696541e-05	 3523	 iter
2682	 1.696415e-05	 3525	 iter
2683	 1.696323e-05	 3527	 iter
2684	 1.696323e-05	 3528	 iter
2685	 1.696323e-05	 3529	 iter
2686	 1.696323e-05	 3530	 iter
2687	 1.696323e-05	 3531	 iter
2688	 1.696323e-05	 3532	 iter
2689	 1.696258e-05	 3534	 iter
2690	 1.696061e-05	 3536	 iter
2691	 1.696061e-05	 3537	 iter
2692	 1.695848e-05	 3539	 iter
2693	 1.695848e-05	 3540	 iter
2694	 1.695848e-05	 3541	 iter
2695	 1.695848e-05	 3542	 iter
2696	 1.695848e-05	 3543	 iter
2697	 1.695848e-05	 3544	 iter
2698	 1.695848e-05	 3545	 iter
2699	 1.695848e-05	 3546	 iter
2700	 1.695848e-05	 3547	 iter
2701	 1.695848e-05	 3548	 iter
2702	 1.695848e-05	 3549	 iter
2703	 1.695848e-05	 3551	 iter
2704	 1.695848e-05	 3552	 iter
2705	 1.695848e-05	 3553	 iter
2706	 1.695848e-05	 3555	 iter
2707	 1.695848e-05	 3557	 iter
2708	 1.695848e-05	 3558	 iter
2709	 1.695848e-05	 3559	 iter
2710	 1.695848e-05	 3561	 iter
2711	 1.695778e-05	 3563	 iter
2712	 1.695778e-05	 3564	 iter
2713	 1.695777e-05	 3566	 iter
2714	 1.695777e-05	 3567	 iter
2715	 1.695777e-05	 3569	 iter
2716	 1.695777e-05	 3571	 iter
2717	 1.695777e-05	 3572	 iter
2718	 1.695777e-05	 3573	 iter
2719	 1.695777e-05	 3575	 iter
2720	 1.695777e-05	 3576	 iter
2721	 1.695770e-05	 3578	 iter
2722	 1.695770e-05	 3580	 iter
2723	 1.695761e-05	 3582	 iter
2724	 1.695761e-05	 3583	 iter
2725	 1.695761e-05	 3585	 iter
2726	 1.695592e-05	 3587	 iter
2727	 1.695592e-05	 3589	 iter
2728	 1.695592e-05	 3590	 iter
2729	 1.695576e-05	 3592	 iter
2730	 1.695576e-05	 3594	 iter
2731	 1.695576e-05	 3595	 iter
2732	 1.695576e-05	 3597	 iter
2733	 1.695576e-05	 3598	 iter
2734	 1.695474e-05	 3600	 iter
2735	 1.695474e-05	 3601	 iter
2736	 1.695474e-05	 3602	 iter
2737	 1.695474e-05	 3603	 iter
2738	 1.695474e-05	 3604	 iter
2739	 1.695474e-05	 3606	 iter
2740	 1.695474e-05	 3607	 iter
2741	 1.695469e-05	 3609	 iter
2742	 1.695414e-05	 3611	 iter
2743	 1.695414e-05	 3612	 iter
2744	 1.695414e-05	 3613	 iter
2745	 1.695414e-05	 3614	 iter
2746	 1.695414e-05	 3616	 iter
2747	 1.695414e-05	 3618	 iter
2748	 1.695414e-05	 3619	 iter
2749	 1.695414e-05	 3620	 iter
2750	 1.695414e-05	 3622	 iter
2751	 1.695414e-05	 3623	 iter
2752	 1.695414e-05	 3624	 iter
2753	 1.695307e-05	 3626	 iter
2754	 1.695307e-05	 3627	 iter
2755	 1.695307e-05	 3628	 iter
2756	 1.695305e-05	 3630	 iter
2757	 1.695305e-05	 3631	 iter
2758	 1.695305e-05	 3632	 iter
2759	 1.695305e-05	 3634	 iter
2760	 1.695305e-05	 3636	 iter
2761	 1.695305e-05	 3637	 iter
2762	 1.695305e-05	 3638	 iter
2763	 1.695305e-05	 3639	 iter
2764	 1.695258e-05	 3641	 iter
2765	 1.695258e-05	 3642	 iter
2766	 1.695258e-05	 3643	 iter
2767	 1.695258e-05	 3644	 iter
2768	 1.695258e-05	 3645	 iter
2769	 1.695258e-05	 3646	 iter
2770	 1.695258e-05	 3647	 iter
2771	 1.695258e-05	 3648	 iter
2772	 1.695258e-05	 3649	 iter
2773	 1.695258e-05	 3650	 iter
2774	 1.695258e-05	 3651	 iter
2775	 1.695248e-05	 3653	 iter
2776	 1.695248e-05	 3654	 iter
2777	 1.695193e-05	 3656	 iter
2778	 1.695193e-05	 3657	 iter
2779	 1.695193e-05	 3658	 iter
2780	 1.695193e-05	 3659	 iter
2781	 1.695193e-05	 3660	 iter
2782	 1.695193e-05	 3661	 iter
2783	 1.695193e-05	 3663	 iter
2784	 1.695193e-05	 3664	 iter
2785	 1.695193e-05	 3666	 iter
2786	 1.695193e-05	 3668	 iter
2787	 1.695193e-05	 3669	 iter
2788	 1.695193e-05	 3670	 iter
2789	 1.695147e-05	 3672	 iter
2790	 1.695147e-05	 3673	 iter
2791	 1.695147e-05	 3674	 iter
2792	 1.695147e-05	 3675	 iter
2793	 1.695147e-05	 3676	 iter
2794	 1.695147e-05	 3677	 iter
2795	 1.695147e-05	 3678	 iter
2796	 1.695147e-05	 3679	 iter
2797	 1.695147e-05	 3681	 iter
2798	 1.695135e-05	 3683	 iter
2799	 1.695135e-05	 3685	 iter
2800	 1.695135e-05	 3686	 iter
2801	 1.695135e-05	 3687	 iter
2802	 1.695135e-05	 3689	 iter
2803	 1.695135e-05	 3690	 iter
2804	 1.695135e-05	 3691	 iter
2805	 1.695135e-05	 3692	 iter
2806	 1.695110e-05	 3694	 iter
2807	 1.695110e-05	 3695	 iter
2808	 1.695110e-05	 3696	 iter
2809	 1.695110e-05	 3697	 iter
2810	 1.695110e-05	 3698	 iter
2811	 1.695110e-05	 3700	 iter
2812	 1.695110e-05	 3701	 iter
2813	 1.695110e-05	 3702	 iter
2814	 1.695110e-05	 3704	 iter
2815	 1.695110e-05	 3706	 iter
2816	 1.695110e-05	 3708	 iter
2817	 1.695110e-05	 3709	 iter
2818	 1.695104e-05	 3711	 iter
2819	 1.695104e-05	 3712	 iter
2820	 1.695104e-05	 3713	 iter
2821	 1.695104e-05	 3715	 iter
2822	 1.695096e-05	 3717	 iter
2823	 1.695096e-05	 3718	 iter
2824	 1.695096e-05	 3719	 iter
2825	 1.695096e-05	 3720	 iter
2826	 1.695096e-05	 3722	 iter
2827	 1.695096e-05	 3723	 iter
2828	 1.695096e-05	 3724	 iter
2829	 1.695096e-05	 3725	 iter
2830	 1.695096e-05	 3726	 iter
2831	 1.695087e-05	 3728	 iter
2832	 1.695087e-05	 3729	 iter
2833	 1.695087e-05	 3730	 iter
2834	 1.695087e-05	 3731	 iter
2835	 1.695087e-05	 3732	 iter
2836	 1.695079e-05	 3734	 iter
2837	 1.695079e-05	 3735	 iter
2838	 1.695079e-05	 3736	 iter
2839	 1.695079e-05	 3737	 iter
2840	 1.695079e-05	 3739	 iter
2841	 1.695079e-05	 3740	 iter
2842	 1.695079e-05	 3741	 iter
2843	 1.695060e-05	 3743	 iter
2844	 1.695060e-05	 3744	 iter
2845	 1.695060e-05	 3746	 iter
2846	 1.695060e-05	 3747	 iter
2847	 1.695060e-05	 3748	 iter
2848	 1.695060e-05	 3749	 iter
2849	 1.695060e-05	 3750	 iter
2850	 1.695060e-05	 3752	 iter
2851	 1.695060e-05	 3754	 iter
2852	 1.695060e-05	 3755	 iter
2853	 1.695060e-05	 3757	 iter
2854	 1.695060e-05	 3758	 iter
2855	 1.695060e-05	 3760	 iter
2856	 1.695060e-05	 3761	 iter
2857	 1.695060e-05	 3763	 iter
2858	 1.695060e-05	 3764	 iter
2859	 1.695060e-05	 3765	 iter
2860	 1.695060e-05	 3767	 iter
2861	 1.695060e-05	 3768	 iter
2862	 1.695060e-05	 3769	 iter
2863	 1.695052e-05	 3771	 iter
2864	 1.695052e-05	 3772	 iter
2865	 1.695052e-05	 3774	 iter
2866	 1.695052e-05	 3775	 iter
2867	 1.695052e-05	 3777	 iter
2868	 1.695052e-05	 3779	 iter
2869	 1.695051e-05	 3781	 iter
2870	 1.695051e-05	 3783	 iter
2871	 1.695051e-05	 3784	 iter
2872	 1.695048e-05	 3786	 iter
2873	 1.695048e-05	 3787	 iter
2874	 1.695048e-05	 3789	 iter
2875	 1.695048e-05	 3790	 iter
2876	 1.695048e-05	 3791	 iter
2877	 1.695048e-05	 3792	 iter
2878	 1.695048e-05	 3794	 iter
2879	 1.695048e-05	 3795	 iter
2880	 1.695048e-05	 3797	 iter
2881	 1.695043e-05	 3799	 iter
2882	 1.695041e-05	 3801	 iter
2883	 1.695039e-05	 3803	 iter
2884	 1.695039e-05	 3805	 iter
2885	 1.695039e-05	 3806	 iter
2886	 1.695039e-05	 3807	 iter
2887	 1.695039e-05	 3808	 iter
2888	 1.695039e-05	 3809	 iter
2889	 1.695039e-05	 3810	 iter
2890	 1.695039e-05	 3812	 iter
2891	 1.695039e-05	 3813	 iter
2892	 1.695039e-05	 3815	 iter
2893	 1.695039e-05	 3817	 iter
2894	 1.695039e-05	 3819	 iter
2895	 1.695039e-05	 3820	 iter
2896	 1.695039e-05	 3821	 iter
2897	 1.695034e-05	 3823	 iter
2898	 1.695032e-05	 3825	 iter
2899	 1.695032e-05	 3826	 iter
2900	 1.695032e-05	 3827	 iter
2901	 1.695032e-05	 3829	 iter
2902	 1.695032e-05	 3831	 iter
2903	 1.695032e-05	 3832	 iter
2904	 1.695030e-05	 3834	 iter
2905	 1.695030e-05	 3836	 iter
2906	 1.695030e-05	 3837	 iter
2907	 1.695030e-05	 3839	 iter
2908	 1.695030e-05	 3840	 iter
2909	 1.695030e-05	 3841	 iter
2910	 1.695030e-05	 3842	 iter
2911	 1.695030e-05	 3843	 iter
2912	 1.695030e-05	 3844	 iter
2913	 1.695030e-05	 3845	 iter
2914	 1.695029e-05	 3847	 iter
2915	 1.695029e-05	 3848	 iter
2916	 1.695026e-05	 3850	 iter
2917	 1.695024e-05	 3852	 iter
2918	 1.695024e-05	 3853	 iter
2919	 1.695024e-05	 3854	 iter
2920	 1.695024e-05	 3855	 iter
2921	 1.695024e-05	 3856	 iter
2922	 1.695024e-05	 3857	 iter
2923	 1.695024e-05	 3858	 iter
2924	 1.695024e-05	 3859	 iter
2925	 1.695024e-05	 3860	 iter
2926	 1.695024e-05	 3861	 iter
2927	 1.695024e-05	 3862	 iter
2928	 1.695024e-05	 3863	 iter
2929	 1.695022e-05	 3865	 iter
2930	 1.695019e-05	 3867	 iter
2931	 1.695019e-05	 3869	 iter
2932	 1.695019e-05	 3870	 iter
2933	 1.695019e-05	 3871	 iter
2934	 1.695019e-05	 3872	 iter
2935	 1.695019e-05	 3873	 iter
2936	 1.695019e-05	 3874	 iter
2937	 1.695017e-05	 3876	 iter
2938	 1.695017e-05	 3877	 iter
2939	 1.695017e-05	 3878	 iter
2940	 1.695017e-05	 3879	 iter
2941	 1.695017e-05	 3880	 iter
2942	 1.695017e-05	 3881	 iter
2943	 1.695017e-05	 3882	 iter
2944	 1.695014e-05	 3884	 iter
2945	 1.695014e-05	 3885	 iter
2946	 1.695014e-05	 3886	 iter
2947	 1.695014e-05	 3887	 iter
2948	 1.695014e-05	 3888	 iter
2949	 1.695013e-05	 3890	 iter
2950	 1.695013e-05	 3891	 iter
2951	 1.695013e-05	 3893	 iter
2952	 1.695013e-05	 3895	 iter
2953	 1.695012e-05	 3897	 iter
2954	 1.695012e-05	 3898	 iter
2955	 1.695012e-05	 3899	 iter
2956	 1.695012e-05	 3900	 iter
2957	 1.695012e-05	 3901	 iter
2958	 1.695012e-05	 3902	 iter
2959	 1.695012e-05	 3904	 iter
2960	 1.695012e-05	 3905	 iter
2961	 1.695012e-05	 3907	 iter
2962	 1.695012e-05	 3908	 iter
2963	 1.695012e-05	 3910	 iter
2964	 1.695012e-05	 3911	 iter
2965	 1.695012e-05	 3913	 iter
2966	 1.695012e-05	 3914	 iter
2967	 1.695012e-05	 3916	 iter
2968	 1.695012e-05	 3918	 iter
2969	 1.695011e-05	 3920	 iter
2970	 1.695011e-05	 3921	 iter
2971	 1.695011e-05	 3922	 iter
2972	 1.695008e-05	 3924	 iter
2973	 1.695008e-05	 3925	 iter
2974	 1.695008e-05	 3926	 iter
2975	 1.695008e-05	 3927	 iter
2976	 1.695008e-05	 3929	 iter
2977	 1.695008e-05	 3930	 iter
2978	 1.695008e-05	 3931	 iter
2979	 1.695008e-05	 3933	 iter
2980	 1.695008e-05	 3935	 iter
2981	 1.695008e-05	 3937	 iter
2982	 1.695008e-05	 3938	 iter
2983	 1.695008e-05	 3939	 iter
2984	 1.695008e-05	 3940	 iter
2985	 1.695008e-05	 3941	 iter
2986	 1.695008e-05	 3942	 iter
2987	 1.695008e-05	 3943	 iter
2988	 1.695008e-05	 3944	 iter
2989	 1.695008e-05	 3945	 iter
2990	 1.695008e-05	 3947	 iter
2991	 1.695008e-05	 3949	 iter
2992	 1.695008e-05	 3950	 iter
2993	 1.695008e-05	 3951	 iter
2994	 1.695007e-05	 3953	 iter
2995	 1.695006e-05	 3955	 iter
2996	 1.695006e-05	 3956	 iter
2997	 1.695006e-05	 3958	 iter
2998	 1.695006e-05	 3959	 iter
2999	 1.695006e-05	 3960	 iter
3000	 1.695006e-05	 3961	 iter
3001	 1.695006e-05	 3962	 iter
3002	 1.695006e-05	 3963	 iter
3003	 1.695006e-05	 3965	 iter
3004	 1.695006e-05	 3967	 iter
3005	 1.695006e-05	 3968	 iter
3006	 1.695006e-05	 3969	 iter
3007	 1.695005e-05	 3971	 iter
3008	 1.695005e-05	 3972	 iter
3009	 1.695005e-05	 3973	 iter
3010	 1.695005e-05	 3974	 iter
3011	 1.695005e-05	 3975	 iter
3012	 1.695005e-05	 3976	 iter
3013	 1.695005e-05	 3978	 iter
3014	 1.695005e-05	 3979	 iter
3015	 1.695005e-05	 3980	 iter
3016	 1.695005e-05	 3982	 iter
3017	 1.695005e-05	 3983	 iter
3018	 1.695004e-05	 3985	 iter
3019	 1.695004e-05	 3986	 iter
3020	 1.695004e-05	 3987	 iter
3021	 1.695004e-05	 3988	 iter
3022	 1.695004e-05	 3989	 iter
3023	 1.695004e-05	 3990	 iter
3024	 1.695004e-05	 3992	 iter
3025	 1.695004e-05	 3993	 iter
3026	 1.695004e-05	 3995	 iter
3027	 1.695004e-05	 3996	 iter
3028	 1.695004e-05	 3997	 iter
3029	 1.695004e-05	 3998	 iter
3030	 1.695004e-05	 4000	 iter
3031	 1.695004e-05	 4002	 iter
3032	 1.695003e-05	 4004	 iter
3033	 1.695003e-05	 4005	 iter
3034	 1.695003e-05	 4006	 iter
3035	 1.695003e-05	 4007	 iter
3036	 1.695003e-05	 4008	 iter
3037	 1.695003e-05	 4009	 iter
3038	 1.695003e-05	 4011	 iter
3039	 1.695003e-05	 4012	 iter
3040	 1.695003e-05	 4014	 iter
3041	 1.695003e-05	 4016	 iter
3042	 1.695003e-05	 4017	 iter
3043	 1.695003e-05	 4018	 iter
3044	 1.695003e-05	 4019	 iter
3045	 1.695003e-05	 4020	 iter
3046	 1.695003e-05	 4021	 iter
3047	 1.695003e-05	 4022	 iter
3048	 1.695003e-05	 4023	 iter
3049	 1.695003e-05	 4025	 iter
3050	 1.695003e-05	 4026	 iter
3051	 1.695002e-05	 4028	 iter
3052	 1.695002e-05	 4029	 iter
3053	 1.695002e-05	 4030	 iter
3054	 1.695002e-05	 4031	 iter
3055	 1.695002e-05	 4032	 iter
3056	 1.695002e-05	 4033	 iter
3057	 1.695002e-05	 4034	 iter
3058	 1.695002e-05	 4036	 iter
3059	 1.695002e-05	 4038	 iter
3060	 1.695002e-05	 4040	 iter
3061	 1.695002e-05	 4041	 iter
3062	 1.695002e-05	 4042	 iter
3063	 1.695002e-05	 4043	 iter
3064	 1.695002e-05	 4044	 iter
3065	 1.695002e-05	 4045	 iter
3066	 1.695002e-05	 4047	 iter
3067	 1.695002e-05	 4049	 iter
3068	 1.695002e-05	 4051	 iter
3069	 1.695002e-05	 4052	 iter
3070	 1.695002e-05	 4053	 iter
3071	 1.695002e-05	 4054	 iter
3072	 1.695002e-05	 4055	 iter
3073	 1.695002e-05	 4056	 iter
3074	 1.695001e-05	 4058	 iter
3075	 1.695001e-05	 4060	 iter
3076	 1.695001e-05	 4061	 iter
3077	 1.695001e-05	 4062	 iter
3078	 1.695001e-05	 4063	 iter
3079	 1.695001e-05	 4064	 iter
3080	 1.695001e-05	 4066	 iter
3081	 1.695001e-05	 4067	 iter
3082	 1.695001e-05	 4068	 iter
3083	 1.695001e-05	 4069	 iter
3084	 1.695001e-05	 4070	 iter
3085	 1.695001e-05	 4071	 iter
3086	 1.695001e-05	 4072	 iter
3087	 1.695001e-05	 4074	 iter
3088	 1.695001e-05	 4075	 iter
3089	 1.695001e-05	 4077	 iter
3090	 1.695000e-05	 4079	 iter
3091	 1.695000e-05	 4081	 iter
3092	 1.695000e-05	 4082	 iter
3093	 1.695000e-05	 4083	 iter
3094	 1.695000e-05	 4085	 iter
3095	 1.695000e-05	 4086	 iter
3096	 1.695000e-05	 4088	 iter
3097	 1.695000e-05	 4089	 iter
3098	 1.695000e-05	 4090	 iter
3099	 1.695000e-05	 4091	 iter
3100	 1.695000e-05	 4093	 iter
3101	 1.695000e-05	 4094	 iter
3102	 1.695000e-05	 4095	 iter
3103	 1.695000e-05	 4096	 iter
3104	 1.695000e-05	 4098	 iter
3105	 1.694999e-05	 4100	 iter
3106	 1.694999e-05	 4101	 iter
3107	 1.694999e-05	 4102	 iter
3108	 1.694999e-05	 4103	 iter
3109	 1.694999e-05	 4104	 iter
3110	 1.694999e-05	 4106	 iter
3111	 1.694999e-05	 4108	 iter
3112	 1.694999e-05	 4109	 iter
3113	 1.694999e-05	 4110	 iter
3114	 1.694999e-05	 4111	 iter
3115	 1.694999e-05	 4113	 iter
3116	 1.694999e-05	 4114	 iter
3117	 1.694999e-05	 4115	 iter
3118	 1.694999e-05	 4116	 iter
3119	 1.694998e-05	 4118	 iter
3120	 1.694998e-05	 4119	 iter
3121	 1.694998e-05	 4120	 iter
3122	 1.694998e-05	 4121	 iter
3123	 1.694998e-05	 4122	 iter
3124	 1.694998e-05	 4123	 iter
3125	 1.694998e-05	 4125	 iter
3126	 1.694998e-05	 4127	 iter
3127	 1.694998e-05	 4128	 iter
3128	 1.694998e-05	 4129	 iter
3129	 1.694998e-05	 4130	 iter
3130	 1.694998e-05	 4131	 iter
3131	 1.694997e-05	 4133	 iter
3132	 1.694997e-05	 4134	 iter
3133	 1.694997e-05	 4135	 iter
3134	 1.694997e-05	 4136	 iter
3135	 1.694997e-05	 4137	 iter
3136	 1.694997e-05	 4138	 iter
3137	 1.694997e-05	 4139	 iter
3138	 1.694997e-05	 4140	 iter
3139	 1.694997e-05	 4141	 iter
3140	 1.694997e-05	 4142	 iter
3141	 1.694997e-05	 4143	 iter
3142	 1.694997e-05	 4145	 iter
3143	 1.694997e-05	 4146	 iter
3144	 1.694997e-05	 4147	 iter
3145	 1.694997e-05	 4148	 iter
3146	 1.694997e-05	 4150	 iter
3147	 1.694997e-05	 4152	 iter
3148	 1.694997e-05	 4153	 iter
3149	 1.694997e-05	 4155	 iter
3150	 1.694997e-05	 4156	 iter
3151	 1.694997e-05	 4158	 iter
3152	 1.694997e-05	 4159	 iter
3153	 1.694997e-05	 4160	 iter
3154	 1.694997e-05	 4161	 iter
3155	 1.694997e-05	 4162	 iter
3156	 1.694997e-05	 4163	 iter
3157	 1.694997e-05	 4164	 iter
3158	 1.694997e-05	 4165	 iter
3159	 1.694997e-05	 4166	 iter
3160	 1.694997e-05	 4168	 iter
3161	 1.694996e-05	 4170	 iter
3162	 1.694996e-05	 4171	 iter
3163	 1.694996e-05	 4172	 iter
3164	 1.694996e-05	 4173	 iter
3165	 1.694996e-05	 4175	 iter
3166	 1.694996e-05	 4177	 iter
3167	 1.694996e-05	 4178	 iter
3168	 1.694996e-05	 4179	 iter
3169	 1.694996e-05	 4180	 iter
3170	 1.694996e-05	 4181	 iter
3171	 1.694996e-05	 4182	 iter
3172	 1.694996e-05	 4183	 iter
3173	 1.694996e-05	 4185	 iter
3174	 1.694996e-05	 4187	 iter
3175	 1.694996e-05	 4188	 iter
3176	 1.694996e-05	 4189	 iter
3177	 1.694996e-05	 4190	 iter
3178	 1.694996e-05	 4191	 iter
3179	 1.694996e-05	 4193	 iter
3180	 1.694996e-05	 4195	 iter
3181	 1.694995e-05	 4197	 iter
3182	 1.694995e-05	 4198	 iter
3183	 1.694995e-05	 4199	 iter
3184	 1.694995e-05	 4200	 iter
3185	 1.694995e-05	 4202	 iter
3186	 1.694995e-05	 4204	 iter
3187	 1.694995e-05	 4205	 iter
3188	 1.694995e-05	 4207	 iter
3189	 1.694995e-05	 4208	 iter
3190	 1.694995e-05	 4210	 iter
3191	 1.694995e-05	 4211	 iter
3192	 1.694995e-05	 4213	 iter
3193	 1.694995e-05	 4214	 iter
3194	 1.694995e-05	 4215	 iter
3195	 1.694995e-05	 4217	 iter
3196	 1.694995e-05	 4219	 iter
3197	 1.694995e-05	 4221	 iter
3198	 1.694995e-05	 4223	 iter
3199	 1.694995e-05	 4224	 iter
3200	 1.694995e-05	 4225	 iter
3201	 1.694995e-05	 4226	 iter
3202	 1.694995e-05	 4227	 iter
3203	 1.694995e-05	 4228	 iter
3204	 1.694995e-05	 4229	 iter
3205	 1.694995e-05	 4230	 iter
3206	 1.694995e-05	 4231	 iter
3207	 1.694995e-05	 4232	 iter
3208	 1.694995e-05	 4234	 iter
3209	 1.694995e-05	 4235	 iter
3210	 1.694995e-05	 4237	 iter
3211	 1.694995e-05	 4238	 iter
3212	 1.694995e-05	 4239	 iter
3213	 1.694995e-05	 4240	 iter
3214	 1.694995e-05	 4241	 iter
3215	 1.694995e-05	 4242	 iter
3216	 1.694994e-05	 4244	 iter
3217	 1.694994e-05	 4245	 iter
3218	 1.694994e-05	 4246	 iter
3219	 1.694994e-05	 4247	 iter
3220	 1.694994e-05	 4249	 iter
3221	 1.694994e-05	 4250	 iter
3222	 1.694994e-05	 4251	 iter
3223	 1.694994e-05	 4252	 iter
3224	 1.694994e-05	 4254	 iter
3225	 1.694994e-05	 4256	 iter
3226	 1.694994e-05	 4258	 iter
3227	 1.694994e-05	 4259	 iter
3228	 1.694994e-05	 4260	 iter
3229	 1.694994e-05	 4261	 iter
3230	 1.694994e-05	 4262	 iter
3231	 1.694994e-05	 4263	 iter
3232	 1.694994e-05	 4265	 iter
3233	 1.694994e-05	 4266	 iter
3234	 1.694994e-05	 4267	 iter
3235	 1.694994e-05	 4268	 iter
3236	 1.694994e-05	 4269	 iter
3237	 1.694994e-05	 4270	 iter
3238	 1.694994e-05	 4271	 iter
3239	 1.694994e-05	 4272	 iter
3240	 1.694994e-05	 4273	 iter
3241	 1.694994e-05	 4274	 iter
3242	 1.694994e-05	 4276	 iter
3243	 1.694994e-05	 4278	 iter
3244	 1.694994e-05	 4279	 iter
3245	 1.694994e-05	 4280	 iter
3246	 1.694994e-05	 4281	 iter
3247	 1.694994e-05	 4283	 iter
3248	 1.694994e-05	 4284	 iter
3249	 1.694994e-05	 4286	 iter
3250	 1.694994e-05	 4288	 iter
3251	 1.694994e-05	 4290	 iter
3251	 1.694994e-05	 4290	 done
