0	 9.150432e-33	 1	 init
0	 9.150432e-33	 1	 iter
1	 9.150432e-33	 17	 iter
2	 9.150432e-33	 19	 iter
3	 9.150432e-33	 21	 iter
4	 9.150432e-33	 23	 iter
5	 9.150432e-33	 25	 iter
6	 9.150432e-33	 27	 iter
7	 9.150432e-33	 28	 iter
8	 9.150432e-33	 30	 iter
9	 9.150432e-33	 32	 iter
10	 9.150432e-33	 34	 iter
11	 9.150432e-33	 36	 iter
12	 9.150432e-33	 38	 iter
13	 9.150432e-33	 39	 iter
14	 9.150432e-33	 41	 iter
15	 9.150432e-33	 43	 iter
16	 9.150432e-33	 45	 iter
17	 9.150432e-33	 47	 iter
18	 9.150432e-33	 49	 iter
19	 9.150432e-33	 51	 iter
20	 9.150432e-33	 53	 iter
21	 9.150432e-33	 55	 iter
22	 9.150432e-33	 57	 iter
23	 9.150432e-33	 59	 iter
24	 9.150432e-33	 61	 iter
25	 9.150432e-33	 63	 iter
26	 9.150432e-33	 65	 iter
27	 9.150432e-33	 67	 iter
28	 9.150432e-33	 69	 iter
29	 9.150432e-33	 71	 iter
30	 9.150432e-33	 73	 iter
31	 9.150432e-33	 75	 iter
32	 9.150432e-33	 76	 iter
33	 9.150432e-33	 77	 iter
34	 9.150432e-33	 79	 iter
35	 9.150432e-33	 81	 iter
36	 9.150432e-33	 83	 iter
37	 9.150432e-33	 85	 iter
38	 9.150432e-33	 86	 iter
39	 9.150432e-33	 88	 iter
40	 9.150432e-33	 89	 iter
41	 9.150432e-33	 91	 iter
42	 9.150432e-33	 93	 iter
43	 9.150432e-33	 95	 iter
44	 9.150432e-33	 96	 iter
45	 9.150432e-33	 98	 iter
46	 9.150432e-33	 100	 iter
47	 9.150432e-33	 102	 iter
48	 9.150432e-33	 103	 iter
49	 9.150432e-33	 105	 iter
50	 9.150432e-33	 107	 iter
51	 9.150432e-33	 109	 iter
52	 9.150432e-33	 111	 iter
53	 9.150432e-33	 113	 iter
54	 9.150432e-33	 114	 iter
55	 9.150432e-33	 115	 iter
56	 9.150432e-33	 117	 iter
57	 9.150432e-33	 119	 iter
58	 9.150432e-33	 121	 iter
59	 9.150432e-33	 122	 iter
60	 9.150432e-33	 124	 iter
61	 9.150432e-33	 126	 iter
62	 9.150432e-33	 128	 iter
63	 9.150432e-33	 130	 iter
64	 9.150432e-33	 132	 iter
65	 9.150432e-33	 134	 iter
66	 9.150432e-33	 136	 iter
67	 9.150432e-33	 138	 iter
68	 9.150432e-33	 140	 iter
69	 9.150432e-33	 142	 iter
70	 9.150432e-33	 144	 iter
71	 9.150432e-33	 146	 iter
72	 9.150432e-33	 147	 iter
73	 9.150432e-33	 149	 iter
74	 9.150432e-33	 151	 iter
75	 9.150432e-33	 152	 iter
76	 9.150432e-33	 153	 iter
77	 9.150432e-33	 154	 iter
78	 9.150432e-33	 155	 iter
79	 9.150432e-33	 156	 iter
80	 9.150432e-33	 158	 iter
81	 9.150432e-33	 160	 iter
82	 9.150432e-33	 162	 iter
83	 9.150432e-33	 164	 iter
84	 9.150432e-33	 165	 iter
85	 9.150432e-33	 166	 iter
86	 9.150432e-33	 167	 iter
87	 9.150432e-33	 169	 iter
88	 9.150432e-33	 171	 iter
89	 9.150432e-33	 173	 iter
90	 9.150432e-33	 175	 iter
91	 9.150432e-33	 177	 iter
92	 9.150432e-33	 179	 iter
93	 9.150432e-33	 180	 iter
94	 9.150432e-33	 181	 iter
95	 9.150432e-33	 182	 iter
96	 9.150432e-33	 184	 iter
97	 9.150432e-33	 186	 iter
98	 9.150432e-33	 187	 iter
99	 9.150432e-33	 189	 iter
100	 9.150432e-33	 190	 iter
101	 9.150432e-33	 191	 iter
102	 9.150432e-33	 192	 iter
103	 9.150432e-33	 194	 iter
104	 9.150432e-33	 195	 iter
105	 9.150432e-33	 196	 iter
106	 9.150432e-33	 198	 iter
107	 9.150432e-33	 199	 iter
108	 9.150432e-33	 201	 iter
109	 9.150432e-33	 203	 iter
110	 9.150432e-33	 204	 iter
111	 9.150432e-33	 205	 iter
112	 9.150432e-33	 207	 iter
113	 9.150432e-33	 209	 iter
114	 9.150432e-33	 210	 iter
115	 9.150432e-33	 212	 iter
116	 9.150432e-33	 213	 iter
117	 9.150432e-33	 215	 iter
118	 9.150432e-33	 216	 iter
119	 9.150432e-33	 218	 iter
120	 9.150432e-33	 219	 iter
121	 9.150432e-33	 220	 iter
122	 9.150432e-33	 222	 iter
123	 9.150432e-33	 224	 iter
124	 9.150432e-33	 226	 iter
125	 9.150432e-33	 228	 iter
126	 9.150432e-33	 230	 iter
126	 9.150432e-33	 230	 done
