0	 5.102806e-33	 1	 init
0	 5.102806e-33	 1	 iter
1	 5.102806e-33	 17	 iter
2	 5.102806e-33	 19	 iter
3	 5.102806e-33	 21	 iter
4	 5.102806e-33	 23	 iter
5	 5.102806e-33	 25	 iter
6	 5.102806e-33	 27	 iter
7	 5.102806e-33	 28	 iter
8	 5.102806e-33	 30	 iter
9	 5.102806e-33	 32	 iter
10	 5.102806e-33	 33	 iter
11	 5.102806e-33	 35	 iter
12	 5.102806e-33	 37	 iter
13	 5.102806e-33	 39	 iter
14	 5.102806e-33	 41	 iter
15	 5.102806e-33	 43	 iter
16	 5.102806e-33	 45	 iter
17	 5.102806e-33	 47	 iter
18	 5.102806e-33	 49	 iter
19	 5.102806e-33	 51	 iter
20	 5.102806e-33	 53	 iter
21	 5.102806e-33	 55	 iter
22	 5.102806e-33	 57	 iter
23	 5.102806e-33	 59	 iter
24	 5.102806e-33	 61	 iter
25	 5.102806e-33	 62	 iter
26	 5.102806e-33	 63	 iter
27	 5.102806e-33	 65	 iter
28	 5.102806e-33	 67	 iter
29	 5.102806e-33	 69	 iter
30	 5.102806e-33	 71	 iter
31	 5.102806e-33	 73	 iter
32	 5.102806e-33	 75	 iter
33	 5.102806e-33	 77	 iter
34	 5.102806e-33	 79	 iter
35	 5.102806e-33	 81	 iter
36	 5.102806e-33	 83	 iter
37	 5.102806e-33	 84	 iter
38	 5.102806e-33	 86	 iter
39	 5.102806e-33	 88	 iter
40	 5.102806e-33	 90	 iter
41	 5.102806e-33	 91	 iter
42	 5.102806e-33	 93	 iter
43	 5.102806e-33	 95	 iter
44	 5.102806e-33	 97	 iter
45	 5.102806e-33	 98	 iter
46	 5.102806e-33	 100	 iter
47	 5.102806e-33	 102	 iter
48	 5.102806e-33	 104	 iter
49	 5.102806e-33	 106	 iter
50	 5.102806e-33	 107	 iter
51	 5.102806e-33	 109	 iter
52	 5.102806e-33	 110	 iter
53	 5.102806e-33	 112	 iter
54	 5.102806e-33	 114	 iter
55	 5.102806e-33	 116	 iter
56	 5.102806e-33	 118	 iter
57	 5.102806e-33	 120	 iter
58	 5.102806e-33	 122	 iter
59	 5.102806e-33	 124	 iter
60	 5.102806e-33	 125	 iter
61	 5.102806e-33	 126	 iter
62	 5.102806e-33	 128	 iter
63	 5.102806e-33	 130	 iter
64	 5.102806e-33	 132	 iter
65	 5.102806e-33	 134	 iter
66	 5.102806e-33	 136	 iter
67	 5.102806e-33	 138	 iter
68	 5.102806e-33	 139	 iter
69	 5.102806e-33	 140	 iter
70	 5.102806e-33	 142	 iter
71	 5.102806e-33	 143	 iter
72	 5.102806e-33	 144	 iter
73	 5.102806e-33	 146	 iter
74	 5.102806e-33	 148	 iter
75	 5.102806e-33	 150	 iter
76	 5.102806e-33	 152	 iter
77	 5.102806e-33	 154	 iter
78	 5.102806e-33	 156	 iter
79	 5.102806e-33	 157	 iter
80	 5.102806e-33	 159	 iter
81	 5.102806e-33	 161	 iter
82	 5.102806e-33	 162	 iter
83	 5.102806e-33	 164	 iter
84	 5.102806e-33	 166	 iter
85	 5.102806e-33	 167	 iter
86	 5.102806e-33	 169	 iter
87	 5.102806e-33	 170	 iter
88	 5.102806e-33	 171	 iter
89	 5.102806e-33	 173	 iter
90	 5.102806e-33	 175	 iter
91	 5.102806e-33	 176	 iter
92	 5.102806e-33	 177	 iter
93	 5.102806e-33	 179	 iter
94	 5.102806e-33	 181	 iter
95	 5.102806e-33	 183	 iter
96	 5.102806e-33	 185	 iter
97	 5.102806e-33	 187	 iter
98	 5.102806e-33	 189	 iter
99	 5.102806e-33	 191	 iter
100	 5.102806e-33	 193	 iter
101	 5.102806e-33	 195	 iter
102	 5.102806e-33	 197	 iter
103	 5.102806e-33	 198	 iter
104	 5.102806e-33	 200	 iter
105	 5.102806e-33	 202	 iter
106	 5.102806e-33	 204	 iter
107	 5.102806e-33	 206	 iter
108	 5.102806e-33	 207	 iter
109	 5.102806e-33	 208	 iter
110	 5.102806e-33	 209	 iter
111	 5.102806e-33	 211	 iter
112	 5.102806e-33	 213	 iter
113	 5.102806e-33	 214	 iter
114	 5.102806e-33	 215	 iter
115	 5.102806e-33	 217	 iter
116	 5.102806e-33	 218	 iter
117	 5.102806e-33	 219	 iter
118	 5.102806e-33	 220	 iter
119	 5.102806e-33	 221	 iter
120	 5.102806e-33	 222	 iter
121	 5.102806e-33	 224	 iter
122	 5.102806e-33	 225	 iter
123	 5.102806e-33	 226	 iter
124	 5.102806e-33	 228	 iter
125	 5.102806e-33	 230	 iter
126	 5.102806e-33	 231	 iter
127	 5.102806e-33	 233	 iter
128	 5.102806e-33	 235	 iter
129	 5.102806e-33	 236	 iter
130	 5.102806e-33	 238	 iter
131	 5.102806e-33	 240	 iter
132	 5.102806e-33	 242	 iter
132	 5.102806e-33	 242	 done
