0	 7.752166e-04	 1	 init
0	 7.752166e-04	 1	 iter
1	 6.950617e-04	 17	 iter
2	 6.930385e-04	 19	 iter
3	 6.470533e-04	 21	 iter
4	 6.470533e-04	 22	 iter
5	 6.470533e-04	 23	 iter
6	 6.470533e-04	 24	 iter
7	 6.470533e-04	 25	 iter
8	 6.470533e-04	 26	 iter
9	 6.470533e-04	 27	 iter
10	 6.451248e-04	 29	 iter
11	 6.451248e-04	 30	 iter
12	 6.451248e-04	 31	 iter
13	 6.451248e-04	 32	 iter
14	 6.451248e-04	 33	 iter
15	 6.451248e-04	 34	 iter
16	 6.451248e-04	 35	 iter
17	 6.451248e-04	 37	 iter
18	 6.451248e-04	 39	 iter
19	 6.451248e-04	 41	 iter
20	 6.451248e-04	 43	 iter
21	 6.451248e-04	 44	 iter
22	 6.451248e-04	 46	 iter
23	 6.451248e-04	 48	 iter
24	 6.451248e-04	 50	 iter
25	 6.451248e-04	 51	 iter
26	 6.451248e-04	 53	 iter
27	 6.451248e-04	 55	 iter
28	 6.451248e-04	 56	 iter
29	 6.451248e-04	 58	 iter
30	 6.451248e-04	 59	 iter
31	 6.448078e-04	 61	 iter
32	 6.448078e-04	 62	 iter
33	 6.443754e-04	 64	 iter
34	 6.406531e-04	 66	 iter
35	 6.395430e-04	 68	 iter
36	 6.395430e-04	 70	 iter
37	 6.395430e-04	 71	 iter
38	 6.395430e-04	 72	 iter
39	 6.395430e-04	 73	 iter
40	 6.395430e-04	 75	 iter
41	 6.373756e-04	 77	 iter
42	 6.373756e-04	 78	 iter
43	 6.290344e-04	 80	 iter
44	 6.290344e-04	 82	 iter
45	 6.290344e-04	 83	 iter
46	 6.290344e-04	 84	 iter
47	 6.290344e-04	 85	 iter
48	 6.290344e-04	 86	 iter
49	 6.290344e-04	 87	 iter
50	 6.209064e-04	 89	 iter
51	 6.209064e-04	 90	 iter
52	 6.209064e-04	 91	 iter
53	 6.209064e-04	 92	 iter
54	 6.209064e-04	 93	 iter
55	 6.209064e-04	 94	 iter
56	 6.209064e-04	 95	 iter
57	 6.209064e-04	 96	 iter
58	 6.209064e-04	 98	 iter
59	 6.209064e-04	 99	 iter
60	 6.166611e-04	 101	 iter
61	 6.166611e-04	 102	 iter
62	 6.166611e-04	 103	 iter
63	 6.166611e-04	 104	 iter
64	 6.166611e-04	 105	 iter
65	 6.166611e-04	 107	 iter
66	 6.120688e-04	 109	 iter
67	 6.120688e-04	 110	 iter
68	 6.120688e-04	 111	 iter
69	 6.120688e-04	 112	 iter
70	 6.120688e-04	 113	 iter
71	 6.120688e-04	 114	 iter
72	 6.120688e-04	 115	 iter
73	 6.120688e-04	 116	 iter
74	 6.120688e-04	 117	 iter
75	 6.120688e-04	 118	 iter
76	 6.120688e-04	 120	 iter
77	 6.054867e-04	 122	 iter
78	 6.054867e-04	 123	 iter
79	 6.054867e-04	 124	 iter
80	 6.054867e-04	 126	 iter
81	 6.054867e-04	 127	 iter
82	 6.054867e-04	 129	 iter
83	 6.054867e-04	 130	 iter
84	 6.054867e-04	 131	 iter
85	 6.054867e-04	 132	 iter
86	 6.054867e-04	 133	 iter
87	 6.054867e-04	 134	 iter
88	 6.042867e-04	 136	 iter
89	 6.042867e-04	 137	 iter
90	 6.028481e-04	 139	 iter
91	 6.028481e-04	 141	 iter
92	 6.028481e-04	 142	 iter
93	 6.028481e-04	 143	 iter
94	 6.028481e-04	 144	 iter
95	 6.028481e-04	 145	 iter
96	 6.028481e-04	 146	 iter
97	 6.028481e-04	 147	 iter
98	 6.028481e-04	 149	 iter
99	 6.028481e-04	 150	 iter
100	 6.028481e-04	 151	 iter
101	 6.028481e-04	 152	 iter
102	 6.028481e-04	 153	 iter
103	 6.028481e-04	 154	 iter
104	 6.028481e-04	 156	 iter
105	 6.008387e-04	 158	 iter
106	 6.008387e-04	 160	 iter
107	 6.008387e-04	 162	 iter
108	 6.008387e-04	 163	 iter
109	 6.008387e-04	 164	 iter
110	 6.008387e-04	 165	 iter
111	 6.008387e-04	 166	 iter
112	 6.008387e-04	 167	 iter
113	 6.008387e-04	 169	 iter
114	 6.008387e-04	 170	 iter
115	 6.008387e-04	 171	 iter
116	 6.008387e-04	 172	 iter
117	 6.008387e-04	 173	 iter
118	 6.008387e-04	 175	 iter
119	 6.008387e-04	 177	 iter
120	 6.008387e-04	 179	 iter
121	 6.008387e-04	 180	 iter
122	 5.993333e-04	 182	 iter
123	 5.993333e-04	 183	 iter
124	 5.993333e-04	 184	 iter
125	 5.993333e-04	 185	 iter
126	 5.993333e-04	 186	 iter
127	 5.993333e-04	 188	 iter
128	 5.993333e-04	 189	 iter
129	 5.993333e-04	 190	 iter
130	 5.993333e-04	 191	 iter
131	 5.993333e-04	 192	 iter
132	 5.993333e-04	 193	 iter
133	 5.993333e-04	 194	 iter
134	 5.993333e-04	 196	 iter
135	 5.993333e-04	 197	 iter
136	 5.993333e-04	 198	 iter
137	 5.993333e-04	 200	 iter
138	 5.993333e-04	 201	 iter
139	 5.993333e-04	 202	 iter
140	 5.993333e-04	 204	 iter
141	 5.993333e-04	 205	 iter
142	 5.993333e-04	 206	 iter
143	 5.993333e-04	 207	 iter
144	 5.993333e-04	 208	 iter
145	 5.993333e-04	 209	 iter
146	 5.993333e-04	 211	 iter
147	 5.993333e-04	 212	 iter
148	 5.993333e-04	 213	 iter
149	 5.993333e-04	 214	 iter
150	 5.993333e-04	 216	 iter
151	 5.993333e-04	 218	 iter
152	 5.986328e-04	 220	 iter
153	 5.986328e-04	 221	 iter
154	 5.986328e-04	 222	 iter
155	 5.986328e-04	 224	 iter
156	 5.986328e-04	 225	 iter
157	 5.986328e-04	 226	 iter
158	 5.986328e-04	 227	 iter
159	 5.986328e-04	 229	 iter
160	 5.986328e-04	 230	 iter
161	 5.986328e-04	 232	 iter
162	 5.986328e-04	 233	 iter
163	 5.986328e-04	 234	 iter
164	 5.986328e-04	 235	 iter
165	 5.986328e-04	 236	 iter
166	 5.986328e-04	 238	 iter
167	 5.986328e-04	 239	 iter
168	 5.986328e-04	 240	 iter
169	 5.983840e-04	 242	 iter
170	 5.977670e-04	 244	 iter
171	 5.977670e-04	 245	 iter
172	 5.977670e-04	 246	 iter
173	 5.977670e-04	 247	 iter
174	 5.977670e-04	 248	 iter
175	 5.972166e-04	 250	 iter
176	 5.972166e-04	 251	 iter
177	 5.972166e-04	 252	 iter
178	 5.972166e-04	 253	 iter
179	 5.967517e-04	 255	 iter
180	 5.967517e-04	 256	 iter
181	 5.967517e-04	 257	 iter
182	 5.967517e-04	 258	 iter
183	 5.967517e-04	 259	 iter
184	 5.967517e-04	 260	 iter
185	 5.967517e-04	 261	 iter
186	 5.967517e-04	 262	 iter
187	 5.947609e-04	 264	 iter
188	 5.947609e-04	 265	 iter
189	 5.947609e-04	 266	 iter
190	 5.947609e-04	 267	 iter
191	 5.947609e-04	 268	 iter
192	 5.947609e-04	 269	 iter
193	 5.947609e-04	 270	 iter
194	 5.947609e-04	 271	 iter
195	 5.931734e-04	 273	 iter
196	 5.931734e-04	 274	 iter
197	 5.931734e-04	 275	 iter
198	 5.931734e-04	 276	 iter
199	 5.931734e-04	 277	 iter
200	 5.931734e-04	 278	 iter
201	 5.931734e-04	 279	 iter
202	 5.931734e-04	 280	 iter
203	 5.931734e-04	 281	 iter
204	 5.931734e-04	 282	 iter
205	 5.914739e-04	 284	 iter
206	 5.914739e-04	 285	 iter
207	 5.914739e-04	 286	 iter
208	 5.914739e-04	 287	 iter
209	 5.914739e-04	 288	 iter
210	 5.914739e-04	 289	 iter
211	 5.914739e-04	 290	 iter
212	 5.914739e-04	 291	 iter
213	 5.914739e-04	 292	 iter
214	 5.914739e-04	 293	 iter
215	 5.914739e-04	 294	 iter
216	 5.882332e-04	 296	 iter
217	 5.882332e-04	 297	 iter
218	 5.882332e-04	 298	 iter
219	 5.882332e-04	 299	 iter
220	 5.882332e-04	 300	 iter
221	 5.882332e-04	 301	 iter
222	 5.882332e-04	 302	 iter
223	 5.882332e-04	 303	 iter
224	 5.882332e-04	 304	 iter
225	 5.882332e-04	 305	 iter
226	 5.867231e-04	 307	 iter
227	 5.867231e-04	 308	 iter
228	 5.867231e-04	 309	 iter
229	 5.867231e-04	 310	 iter
230	 5.867231e-04	 311	 iter
231	 5.852950e-04	 313	 iter
232	 5.852950e-04	 314	 iter
233	 5.852950e-04	 315	 iter
234	 5.852950e-04	 316	 iter
235	 5.852936e-04	 318	 iter
236	 5.852936e-04	 319	 iter
237	 5.852936e-04	 320	 iter
238	 5.838521e-04	 322	 iter
239	 5.814295e-04	 324	 iter
240	 5.814295e-04	 325	 iter
241	 5.814295e-04	 326	 iter
242	 5.814295e-04	 327	 iter
243	 5.814295e-04	 328	 iter
244	 5.814295e-04	 329	 iter
245	 5.814295e-04	 330	 iter
246	 5.814295e-04	 331	 iter
247	 5.814295e-04	 332	 iter
248	 5.807839e-04	 334	 iter
249	 5.807839e-04	 335	 iter
250	 5.799548e-04	 337	 iter
251	 5.799548e-04	 338	 iter
252	 5.799548e-04	 339	 iter
253	 5.798621e-04	 341	 iter
254	 5.798621e-04	 342	 iter
255	 5.798621e-04	 343	 iter
256	 5.788066e-04	 345	 iter
257	 5.788066e-04	 346	 iter
258	 5.788066e-04	 347	 iter
259	 5.788066e-04	 348	 iter
260	 5.788066e-04	 349	 iter
261	 5.786163e-04	 351	 iter
262	 5.786163e-04	 353	 iter
263	 5.786163e-04	 354	 iter
264	 5.783101e-04	 356	 iter
265	 5.783101e-04	 357	 iter
266	 5.783101e-04	 358	 iter
267	 5.783101e-04	 359	 iter
268	 5.783101e-04	 360	 iter
269	 5.783101e-04	 362	 iter
270	 5.782771e-04	 364	 iter
271	 5.782771e-04	 366	 iter
272	 5.782771e-04	 367	 iter
273	 5.782771e-04	 368	 iter
274	 5.782771e-04	 369	 iter
275	 5.782771e-04	 371	 iter
276	 5.782771e-04	 372	 iter
277	 5.782771e-04	 374	 iter
278	 5.782771e-04	 375	 iter
279	 5.782771e-04	 376	 iter
280	 5.782501e-04	 378	 iter
281	 5.782501e-04	 380	 iter
282	 5.782501e-04	 381	 iter
283	 5.782501e-04	 382	 iter
284	 5.782415e-04	 384	 iter
285	 5.782415e-04	 386	 iter
286	 5.782415e-04	 387	 iter
287	 5.782415e-04	 388	 iter
288	 5.782415e-04	 389	 iter
289	 5.782415e-04	 390	 iter
290	 5.781769e-04	 392	 iter
291	 5.781769e-04	 393	 iter
292	 5.781165e-04	 395	 iter
293	 5.778713e-04	 397	 iter
294	 5.778713e-04	 398	 iter
295	 5.778713e-04	 399	 iter
296	 5.778713e-04	 400	 iter
297	 5.778713e-04	 401	 iter
298	 5.778713e-04	 403	 iter
299	 5.775937e-04	 405	 iter
300	 5.775937e-04	 407	 iter
301	 5.775937e-04	 409	 iter
302	 5.775937e-04	 410	 iter
303	 5.775937e-04	 411	 iter
304	 5.775937e-04	 413	 iter
305	 5.775937e-04	 415	 iter
306	 5.775937e-04	 416	 iter
307	 5.775937e-04	 418	 iter
308	 5.775034e-04	 420	 iter
309	 5.775034e-04	 421	 iter
310	 5.775034e-04	 422	 iter
311	 5.775034e-04	 424	 iter
312	 5.775034e-04	 425	 iter
313	 5.775034e-04	 426	 iter
314	 5.775034e-04	 428	 iter
315	 5.775034e-04	 430	 iter
316	 5.775034e-04	 431	 iter
317	 5.775034e-04	 433	 iter
318	 5.775034e-04	 434	 iter
319	 5.775034e-04	 435	 iter
320	 5.773635e-04	 437	 iter
321	 5.773635e-04	 438	 iter
322	 5.773635e-04	 440	 iter
323	 5.773635e-04	 442	 iter
324	 5.773383e-04	 444	 iter
325	 5.772607e-04	 446	 iter
326	 5.772607e-04	 447	 iter
327	 5.772607e-04	 448	 iter
328	 5.772607e-04	 449	 iter
329	 5.771806e-04	 451	 iter
330	 5.771806e-04	 452	 iter
331	 5.771806e-04	 453	 iter
332	 5.766935e-04	 455	 iter
333	 5.766935e-04	 456	 iter
334	 5.766935e-04	 457	 iter
335	 5.766935e-04	 458	 iter
336	 5.766935e-04	 459	 iter
337	 5.766935e-04	 460	 iter
338	 5.766935e-04	 462	 iter
339	 5.766935e-04	 463	 iter
340	 5.766935e-04	 464	 iter
341	 5.766935e-04	 465	 iter
342	 5.762812e-04	 467	 iter
343	 5.762812e-04	 468	 iter
344	 5.762812e-04	 469	 iter
345	 5.762812e-04	 470	 iter
346	 5.762812e-04	 471	 iter
347	 5.762812e-04	 472	 iter
348	 5.762812e-04	 473	 iter
349	 5.762812e-04	 474	 iter
350	 5.762812e-04	 475	 iter
351	 5.762812e-04	 476	 iter
352	 5.762812e-04	 477	 iter
353	 5.758524e-04	 479	 iter
354	 5.758524e-04	 480	 iter
355	 5.758524e-04	 481	 iter
356	 5.754856e-04	 483	 iter
357	 5.754856e-04	 484	 iter
358	 5.754856e-04	 485	 iter
359	 5.754856e-04	 486	 iter
360	 5.754856e-04	 487	 iter
361	 5.754856e-04	 488	 iter
362	 5.754856e-04	 489	 iter
363	 5.750074e-04	 491	 iter
364	 5.750074e-04	 492	 iter
365	 5.750074e-04	 493	 iter
366	 5.743149e-04	 495	 iter
367	 5.743149e-04	 496	 iter
368	 5.743149e-04	 497	 iter
369	 5.743149e-04	 498	 iter
370	 5.743149e-04	 499	 iter
371	 5.743149e-04	 500	 iter
372	 5.743149e-04	 501	 iter
373	 5.743149e-04	 502	 iter
374	 5.738956e-04	 504	 iter
375	 5.738956e-04	 505	 iter
376	 5.738956e-04	 506	 iter
377	 5.729295e-04	 508	 iter
378	 5.729295e-04	 509	 iter
379	 5.729295e-04	 510	 iter
380	 5.729295e-04	 511	 iter
381	 5.722179e-04	 513	 iter
382	 5.722179e-04	 514	 iter
383	 5.722179e-04	 515	 iter
384	 5.722179e-04	 516	 iter
385	 5.711980e-04	 518	 iter
386	 5.711980e-04	 519	 iter
387	 5.711980e-04	 520	 iter
388	 5.711980e-04	 521	 iter
389	 5.711980e-04	 522	 iter
390	 5.711980e-04	 523	 iter
391	 5.711980e-04	 524	 iter
392	 5.704138e-04	 526	 iter
393	 5.704138e-04	 527	 iter
394	 5.704138e-04	 528	 iter
395	 5.704138e-04	 529	 iter
396	 5.704138e-04	 530	 iter
397	 5.704138e-04	 531	 iter
398	 5.704138e-04	 532	 iter
399	 5.695460e-04	 534	 iter
400	 5.695460e-04	 535	 iter
401	 5.695460e-04	 536	 iter
402	 5.695460e-04	 537	 iter
403	 5.695460e-04	 538	 iter
404	 5.695460e-04	 539	 iter
405	 5.687736e-04	 541	 iter
406	 5.687736e-04	 542	 iter
407	 5.687736e-04	 543	 iter
408	 5.687736e-04	 544	 iter
409	 5.687736e-04	 545	 iter
410	 5.687736e-04	 546	 iter
411	 5.687736e-04	 547	 iter
412	 5.681310e-04	 549	 iter
413	 5.681310e-04	 550	 iter
414	 5.681310e-04	 551	 iter
415	 5.681310e-04	 552	 iter
416	 5.681310e-04	 553	 iter
417	 5.681310e-04	 554	 iter
418	 5.681310e-04	 555	 iter
419	 5.681310e-04	 556	 iter
420	 5.681310e-04	 557	 iter
421	 5.681310e-04	 558	 iter
422	 5.681310e-04	 559	 iter
423	 5.681310e-04	 560	 iter
424	 5.676608e-04	 562	 iter
425	 5.676608e-04	 564	 iter
426	 5.676608e-04	 565	 iter
427	 5.676608e-04	 566	 iter
428	 5.676608e-04	 567	 iter
429	 5.676608e-04	 568	 iter
430	 5.676608e-04	 569	 iter
431	 5.676608e-04	 571	 iter
432	 5.676608e-04	 572	 iter
433	 5.676608e-04	 573	 iter
434	 5.676126e-04	 575	 iter
435	 5.676126e-04	 576	 iter
436	 5.676126e-04	 577	 iter
437	 5.676126e-04	 578	 iter
438	 5.676126e-04	 579	 iter
439	 5.676126e-04	 581	 iter
440	 5.676126e-04	 582	 iter
441	 5.676126e-04	 584	 iter
442	 5.676126e-04	 586	 iter
443	 5.676126e-04	 587	 iter
444	 5.676126e-04	 588	 iter
445	 5.676126e-04	 590	 iter
446	 5.676126e-04	 591	 iter
447	 5.676126e-04	 592	 iter
448	 5.676126e-04	 594	 iter
449	 5.676126e-04	 595	 iter
450	 5.676126e-04	 596	 iter
451	 5.676126e-04	 597	 iter
452	 5.676126e-04	 598	 iter
453	 5.676126e-04	 599	 iter
454	 5.676126e-04	 600	 iter
455	 5.672941e-04	 602	 iter
456	 5.672941e-04	 604	 iter
457	 5.672941e-04	 606	 iter
458	 5.672941e-04	 607	 iter
459	 5.672941e-04	 608	 iter
460	 5.672941e-04	 610	 iter
461	 5.672941e-04	 611	 iter
462	 5.672941e-04	 612	 iter
463	 5.672838e-04	 614	 iter
464	 5.672838e-04	 615	 iter
465	 5.672838e-04	 616	 iter
466	 5.672838e-04	 618	 iter
467	 5.672838e-04	 620	 iter
468	 5.672838e-04	 621	 iter
469	 5.672838e-04	 622	 iter
470	 5.672838e-04	 623	 iter
471	 5.672838e-04	 624	 iter
472	 5.672838e-04	 625	 iter
473	 5.672838e-04	 626	 iter
474	 5.666775e-04	 628	 iter
475	 5.666775e-04	 629	 iter
476	 5.666775e-04	 630	 iter
477	 5.666775e-04	 631	 iter
478	 5.666775e-04	 632	 iter
479	 5.666775e-04	 633	 iter
480	 5.666775e-04	 634	 iter
481	 5.666775e-04	 635	 iter
482	 5.666775e-04	 636	 iter
483	 5.666775e-04	 637	 iter
484	 5.666775e-04	 638	 iter
485	 5.666775e-04	 639	 iter
486	 5.666775e-04	 640	 iter
487	 5.666775e-04	 641	 iter
488	 5.666775e-04	 642	 iter
489	 5.666775e-04	 643	 iter
490	 5.666775e-04	 644	 iter
491	 5.666775e-04	 645	 iter
492	 5.666775e-04	 646	 iter
493	 5.665200e-04	 648	 iter
494	 5.665200e-04	 649	 iter
495	 5.665200e-04	 650	 iter
496	 5.665200e-04	 651	 iter
497	 5.665200e-04	 652	 iter
498	 5.665200e-04	 653	 iter
499	 5.665200e-04	 654	 iter
500	 5.665200e-04	 655	 iter
501	 5.665200e-04	 656	 iter
502	 5.665200e-04	 657	 iter
503	 5.664887e-04	 659	 iter
504	 5.664887e-04	 660	 iter
505	 5.664887e-04	 661	 iter
506	 5.659579e-04	 663	 iter
507	 5.659579e-04	 664	 iter
508	 5.659579e-04	 665	 iter
509	 5.659579e-04	 666	 iter
510	 5.659579e-04	 668	 iter
511	 5.659579e-04	 670	 iter
512	 5.659579e-04	 671	 iter
513	 5.659579e-04	 672	 iter
514	 5.659579e-04	 673	 iter
515	 5.659579e-04	 674	 iter
516	 5.659579e-04	 675	 iter
517	 5.659579e-04	 676	 iter
518	 5.659579e-04	 677	 iter
519	 5.659579e-04	 679	 iter
520	 5.659579e-04	 680	 iter
521	 5.659579e-04	 681	 iter
522	 5.659579e-04	 682	 iter
523	 5.659102e-04	 684	 iter
524	 5.659102e-04	 685	 iter
525	 5.654767e-04	 687	 iter
526	 5.654767e-04	 688	 iter
527	 5.654767e-04	 689	 iter
528	 5.654767e-04	 690	 iter
529	 5.654767e-04	 691	 iter
530	 5.654767e-04	 692	 iter
531	 5.651801e-04	 694	 iter
532	 5.651801e-04	 695	 iter
533	 5.651801e-04	 696	 iter
534	 5.651801e-04	 697	 iter
535	 5.651801e-04	 698	 iter
536	 5.651801e-04	 699	 iter
537	 5.651801e-04	 700	 iter
538	 5.650251e-04	 702	 iter
539	 5.650251e-04	 703	 iter
540	 5.650251e-04	 704	 iter
541	 5.649038e-04	 706	 iter
542	 5.649038e-04	 707	 iter
543	 5.649038e-04	 708	 iter
544	 5.648539e-04	 710	 iter
545	 5.648539e-04	 711	 iter
546	 5.646206e-04	 713	 iter
547	 5.644781e-04	 715	 iter
548	 5.644781e-04	 716	 iter
549	 5.644206e-04	 718	 iter
550	 5.643079e-04	 720	 iter
551	 5.636089e-04	 722	 iter
552	 5.636089e-04	 723	 iter
553	 5.636089e-04	 724	 iter
554	 5.636089e-04	 725	 iter
555	 5.636089e-04	 726	 iter
556	 5.636089e-04	 727	 iter
557	 5.636089e-04	 728	 iter
558	 5.631438e-04	 730	 iter
559	 5.631438e-04	 731	 iter
560	 5.631438e-04	 732	 iter
561	 5.631438e-04	 733	 iter
562	 5.631438e-04	 734	 iter
563	 5.625968e-04	 736	 iter
564	 5.625968e-04	 738	 iter
565	 5.625968e-04	 739	 iter
566	 5.625968e-04	 740	 iter
567	 5.625968e-04	 741	 iter
568	 5.618578e-04	 743	 iter
569	 5.618578e-04	 744	 iter
570	 5.618578e-04	 745	 iter
571	 5.618578e-04	 746	 iter
572	 5.618578e-04	 747	 iter
573	 5.618578e-04	 748	 iter
574	 5.618578e-04	 749	 iter
575	 5.618578e-04	 750	 iter
576	 5.618222e-04	 752	 iter
577	 5.618222e-04	 753	 iter
578	 5.607153e-04	 755	 iter
579	 5.607153e-04	 756	 iter
580	 5.607153e-04	 757	 iter
581	 5.607153e-04	 758	 iter
582	 5.607153e-04	 759	 iter
583	 5.607153e-04	 760	 iter
584	 5.607153e-04	 761	 iter
585	 5.607153e-04	 762	 iter
586	 5.607153e-04	 763	 iter
587	 5.607153e-04	 764	 iter
588	 5.607153e-04	 765	 iter
589	 5.603168e-04	 767	 iter
590	 5.603168e-04	 768	 iter
591	 5.603168e-04	 769	 iter
592	 5.603168e-04	 770	 iter
593	 5.603168e-04	 771	 iter
594	 5.602281e-04	 773	 iter
595	 5.601682e-04	 775	 iter
596	 5.601682e-04	 776	 iter
597	 5.599831e-04	 778	 iter
598	 5.599831e-04	 779	 iter
599	 5.599831e-04	 780	 iter
600	 5.599831e-04	 781	 iter
601	 5.599831e-04	 782	 iter
602	 5.599831e-04	 783	 iter
603	 5.598172e-04	 785	 iter
604	 5.598172e-04	 786	 iter
605	 5.596513e-04	 788	 iter
606	 5.596513e-04	 789	 iter
607	 5.596513e-04	 790	 iter
608	 5.596513e-04	 792	 iter
609	 5.596513e-04	 793	 iter
610	 5.596513e-04	 794	 iter
611	 5.596513e-04	 795	 iter
612	 5.596513e-04	 797	 iter
613	 5.596513e-04	 798	 iter
614	 5.596513e-04	 799	 iter
615	 5.596513e-04	 800	 iter
616	 5.596513e-04	 801	 iter
617	 5.596513e-04	 803	 iter
618	 5.596513e-04	 805	 iter
619	 5.596513e-04	 807	 iter
620	 5.595988e-04	 809	 iter
621	 5.595988e-04	 810	 iter
622	 5.595988e-04	 811	 iter
623	 5.595988e-04	 812	 iter
624	 5.595988e-04	 814	 iter
625	 5.595988e-04	 816	 iter
626	 5.595988e-04	 817	 iter
627	 5.595988e-04	 819	 iter
628	 5.595094e-04	 821	 iter
629	 5.595094e-04	 822	 iter
630	 5.595094e-04	 824	 iter
631	 5.595094e-04	 825	 iter
632	 5.595094e-04	 827	 iter
633	 5.595094e-04	 829	 iter
634	 5.594903e-04	 831	 iter
635	 5.594903e-04	 832	 iter
636	 5.594903e-04	 834	 iter
637	 5.594903e-04	 836	 iter
638	 5.594903e-04	 837	 iter
639	 5.594903e-04	 838	 iter
640	 5.594903e-04	 839	 iter
641	 5.594903e-04	 841	 iter
642	 5.594903e-04	 842	 iter
643	 5.594903e-04	 844	 iter
644	 5.594903e-04	 846	 iter
645	 5.594493e-04	 848	 iter
646	 5.594493e-04	 850	 iter
647	 5.594493e-04	 852	 iter
648	 5.594493e-04	 854	 iter
649	 5.594493e-04	 856	 iter
650	 5.594493e-04	 857	 iter
651	 5.594493e-04	 858	 iter
652	 5.594435e-04	 860	 iter
653	 5.594435e-04	 861	 iter
654	 5.594435e-04	 862	 iter
655	 5.594435e-04	 863	 iter
656	 5.594435e-04	 864	 iter
657	 5.594435e-04	 865	 iter
658	 5.594392e-04	 867	 iter
659	 5.594392e-04	 869	 iter
660	 5.594392e-04	 871	 iter
661	 5.594392e-04	 873	 iter
662	 5.594392e-04	 874	 iter
663	 5.594392e-04	 876	 iter
664	 5.594109e-04	 878	 iter
665	 5.594109e-04	 879	 iter
666	 5.594109e-04	 880	 iter
667	 5.594109e-04	 881	 iter
668	 5.593711e-04	 883	 iter
669	 5.593711e-04	 884	 iter
670	 5.593711e-04	 885	 iter
671	 5.593711e-04	 886	 iter
672	 5.593711e-04	 887	 iter
673	 5.593711e-04	 888	 iter
674	 5.593711e-04	 889	 iter
675	 5.593711e-04	 890	 iter
676	 5.593711e-04	 892	 iter
677	 5.593711e-04	 893	 iter
678	 5.593414e-04	 895	 iter
679	 5.593414e-04	 896	 iter
680	 5.593414e-04	 897	 iter
681	 5.593249e-04	 899	 iter
682	 5.593249e-04	 901	 iter
683	 5.593249e-04	 902	 iter
684	 5.593249e-04	 903	 iter
685	 5.593017e-04	 905	 iter
686	 5.593017e-04	 906	 iter
687	 5.593017e-04	 907	 iter
688	 5.593017e-04	 909	 iter
689	 5.593017e-04	 910	 iter
690	 5.593017e-04	 911	 iter
691	 5.593017e-04	 912	 iter
692	 5.592958e-04	 914	 iter
693	 5.592958e-04	 915	 iter
694	 5.592958e-04	 916	 iter
695	 5.592958e-04	 918	 iter
696	 5.592711e-04	 920	 iter
697	 5.592711e-04	 921	 iter
698	 5.592711e-04	 922	 iter
699	 5.592711e-04	 923	 iter
700	 5.592300e-04	 925	 iter
701	 5.592300e-04	 926	 iter
702	 5.592300e-04	 927	 iter
703	 5.592300e-04	 928	 iter
704	 5.592300e-04	 929	 iter
705	 5.592300e-04	 930	 iter
706	 5.592300e-04	 931	 iter
707	 5.592300e-04	 932	 iter
708	 5.592266e-04	 934	 iter
709	 5.591848e-04	 936	 iter
710	 5.591848e-04	 937	 iter
711	 5.591848e-04	 938	 iter
712	 5.591775e-04	 940	 iter
713	 5.591426e-04	 942	 iter
714	 5.591420e-04	 944	 iter
715	 5.591420e-04	 945	 iter
716	 5.591420e-04	 946	 iter
717	 5.591146e-04	 948	 iter
718	 5.590233e-04	 950	 iter
719	 5.590233e-04	 951	 iter
720	 5.590233e-04	 952	 iter
721	 5.590233e-04	 953	 iter
722	 5.590233e-04	 954	 iter
723	 5.590233e-04	 955	 iter
724	 5.589636e-04	 957	 iter
725	 5.589636e-04	 958	 iter
726	 5.589636e-04	 959	 iter
727	 5.589268e-04	 961	 iter
728	 5.589268e-04	 962	 iter
729	 5.588665e-04	 964	 iter
730	 5.588665e-04	 965	 iter
731	 5.588665e-04	 966	 iter
732	 5.588665e-04	 967	 iter
733	 5.588665e-04	 968	 iter
734	 5.588519e-04	 970	 iter
735	 5.587636e-04	 972	 iter
736	 5.587636e-04	 973	 iter
737	 5.587636e-04	 974	 iter
738	 5.587636e-04	 975	 iter
739	 5.587636e-04	 976	 iter
740	 5.587540e-04	 978	 iter
741	 5.586467e-04	 980	 iter
742	 5.586467e-04	 981	 iter
743	 5.586467e-04	 982	 iter
744	 5.586467e-04	 983	 iter
745	 5.586467e-04	 984	 iter
746	 5.585959e-04	 986	 iter
747	 5.585513e-04	 988	 iter
748	 5.585497e-04	 990	 iter
749	 5.585497e-04	 991	 iter
750	 5.585435e-04	 993	 iter
751	 5.585435e-04	 994	 iter
752	 5.585387e-04	 996	 iter
753	 5.585118e-04	 998	 iter
754	 5.583531e-04	 1000	 iter
755	 5.583531e-04	 1001	 iter
756	 5.583531e-04	 1002	 iter
757	 5.583531e-04	 1003	 iter
758	 5.583531e-04	 1004	 iter
759	 5.583531e-04	 1005	 iter
760	 5.583531e-04	 1006	 iter
761	 5.583246e-04	 1008	 iter
762	 5.581095e-04	 1010	 iter
763	 5.581095e-04	 1011	 iter
764	 5.581095e-04	 1012	 iter
765	 5.581095e-04	 1013	 iter
766	 5.581095e-04	 1014	 iter
767	 5.581095e-04	 1015	 iter
768	 5.581095e-04	 1016	 iter
769	 5.581095e-04	 1017	 iter
770	 5.577646e-04	 1019	 iter
771	 5.577646e-04	 1020	 iter
772	 5.577646e-04	 1021	 iter
773	 5.577646e-04	 1022	 iter
774	 5.577646e-04	 1023	 iter
775	 5.577646e-04	 1024	 iter
776	 5.577646e-04	 1025	 iter
777	 5.577646e-04	 1026	 iter
778	 5.577646e-04	 1027	 iter
779	 5.577646e-04	 1028	 iter
780	 5.577646e-04	 1029	 iter
781	 5.573433e-04	 1031	 iter
782	 5.573433e-04	 1032	 iter
783	 5.573433e-04	 1033	 iter
784	 5.573433e-04	 1034	 iter
785	 5.573433e-04	 1035	 iter
786	 5.573433e-04	 1036	 iter
787	 5.573433e-04	 1037	 iter
788	 5.573433e-04	 1038	 iter
789	 5.573433e-04	 1039	 iter
790	 5.573433e-04	 1040	 iter
791	 5.573433e-04	 1041	 iter
792	 5.573433e-04	 1042	 iter
793	 5.573433e-04	 1043	 iter
794	 5.572467e-04	 1045	 iter
795	 5.572467e-04	 1046	 iter
796	 5.569989e-04	 1048	 iter
797	 5.569989e-04	 1049	 iter
798	 5.569989e-04	 1050	 iter
799	 5.569989e-04	 1051	 iter
800	 5.564665e-04	 1053	 iter
801	 5.564665e-04	 1054	 iter
802	 5.564665e-04	 1055	 iter
803	 5.564665e-04	 1056	 iter
804	 5.564665e-04	 1057	 iter
805	 5.564665e-04	 1058	 iter
806	 5.564665e-04	 1059	 iter
807	 5.564665e-04	 1060	 iter
808	 5.564665e-04	 1061	 iter
809	 5.559962e-04	 1063	 iter
810	 5.559962e-04	 1064	 iter
811	 5.559962e-04	 1065	 iter
812	 5.555408e-04	 1067	 iter
813	 5.555408e-04	 1068	 iter
814	 5.555408e-04	 1069	 iter
815	 5.555408e-04	 1070	 iter
816	 5.555408e-04	 1071	 iter
817	 5.555408e-04	 1072	 iter
818	 5.555408e-04	 1073	 iter
819	 5.551773e-04	 1075	 iter
820	 5.551773e-04	 1076	 iter
821	 5.547123e-04	 1078	 iter
822	 5.547123e-04	 1079	 iter
823	 5.547123e-04	 1080	 iter
824	 5.541212e-04	 1082	 iter
825	 5.541212e-04	 1083	 iter
826	 5.541212e-04	 1084	 iter
827	 5.541212e-04	 1085	 iter
828	 5.541212e-04	 1086	 iter
829	 5.541212e-04	 1087	 iter
830	 5.541212e-04	 1088	 iter
831	 5.541212e-04	 1089	 iter
832	 5.541212e-04	 1090	 iter
833	 5.541212e-04	 1091	 iter
834	 5.536562e-04	 1093	 iter
835	 5.536562e-04	 1094	 iter
836	 5.536562e-04	 1095	 iter
837	 5.536562e-04	 1096	 iter
838	 5.536562e-04	 1097	 iter
839	 5.533527e-04	 1099	 iter
840	 5.533527e-04	 1100	 iter
841	 5.533527e-04	 1101	 iter
842	 5.533527e-04	 1102	 iter
843	 5.529140e-04	 1104	 iter
844	 5.529140e-04	 1105	 iter
845	 5.529140e-04	 1106	 iter
846	 5.529140e-04	 1107	 iter
847	 5.529140e-04	 1108	 iter
848	 5.529140e-04	 1109	 iter
849	 5.529140e-04	 1110	 iter
850	 5.529140e-04	 1111	 iter
851	 5.529140e-04	 1112	 iter
852	 5.529140e-04	 1113	 iter
853	 5.529140e-04	 1114	 iter
854	 5.529140e-04	 1115	 iter
855	 5.527659e-04	 1117	 iter
856	 5.527659e-04	 1119	 iter
857	 5.527659e-04	 1120	 iter
858	 5.527659e-04	 1121	 iter
859	 5.527659e-04	 1122	 iter
860	 5.527659e-04	 1124	 iter
861	 5.527659e-04	 1125	 iter
862	 5.527659e-04	 1126	 iter
863	 5.527659e-04	 1127	 iter
864	 5.527659e-04	 1129	 iter
865	 5.527659e-04	 1130	 iter
866	 5.527659e-04	 1131	 iter
867	 5.527659e-04	 1133	 iter
868	 5.527659e-04	 1134	 iter
869	 5.527659e-04	 1136	 iter
870	 5.527659e-04	 1137	 iter
871	 5.527659e-04	 1138	 iter
872	 5.523449e-04	 1140	 iter
873	 5.523449e-04	 1141	 iter
874	 5.523449e-04	 1142	 iter
875	 5.523449e-04	 1143	 iter
876	 5.523449e-04	 1144	 iter
877	 5.523449e-04	 1145	 iter
878	 5.523449e-04	 1146	 iter
879	 5.523449e-04	 1147	 iter
880	 5.523449e-04	 1148	 iter
881	 5.523449e-04	 1150	 iter
882	 5.523449e-04	 1151	 iter
883	 5.523449e-04	 1152	 iter
884	 5.523449e-04	 1153	 iter
885	 5.523449e-04	 1154	 iter
886	 5.523449e-04	 1155	 iter
887	 5.523449e-04	 1156	 iter
888	 5.523449e-04	 1157	 iter
889	 5.523449e-04	 1158	 iter
890	 5.523449e-04	 1159	 iter
891	 5.523449e-04	 1160	 iter
892	 5.523449e-04	 1161	 iter
893	 5.523449e-04	 1162	 iter
894	 5.523449e-04	 1163	 iter
895	 5.523274e-04	 1165	 iter
896	 5.521763e-04	 1167	 iter
897	 5.521763e-04	 1168	 iter
898	 5.521763e-04	 1169	 iter
899	 5.521763e-04	 1170	 iter
900	 5.521763e-04	 1171	 iter
901	 5.521763e-04	 1173	 iter
902	 5.521763e-04	 1175	 iter
903	 5.521763e-04	 1176	 iter
904	 5.521763e-04	 1177	 iter
905	 5.521763e-04	 1178	 iter
906	 5.521763e-04	 1180	 iter
907	 5.521763e-04	 1181	 iter
908	 5.521763e-04	 1182	 iter
909	 5.521763e-04	 1183	 iter
910	 5.521635e-04	 1185	 iter
911	 5.521635e-04	 1187	 iter
912	 5.521635e-04	 1188	 iter
913	 5.521635e-04	 1189	 iter
914	 5.520969e-04	 1191	 iter
915	 5.520969e-04	 1192	 iter
916	 5.520969e-04	 1193	 iter
917	 5.520182e-04	 1195	 iter
918	 5.520182e-04	 1197	 iter
919	 5.520182e-04	 1198	 iter
920	 5.520182e-04	 1199	 iter
921	 5.520182e-04	 1200	 iter
922	 5.517671e-04	 1202	 iter
923	 5.517671e-04	 1204	 iter
924	 5.517671e-04	 1205	 iter
925	 5.517671e-04	 1206	 iter
926	 5.517671e-04	 1207	 iter
927	 5.517671e-04	 1208	 iter
928	 5.517671e-04	 1209	 iter
929	 5.517671e-04	 1210	 iter
930	 5.517671e-04	 1212	 iter
931	 5.517671e-04	 1213	 iter
932	 5.517671e-04	 1214	 iter
933	 5.517671e-04	 1216	 iter
934	 5.517671e-04	 1217	 iter
935	 5.517005e-04	 1219	 iter
936	 5.517005e-04	 1220	 iter
937	 5.517005e-04	 1221	 iter
938	 5.517005e-04	 1222	 iter
939	 5.515843e-04	 1224	 iter
940	 5.515843e-04	 1225	 iter
941	 5.515843e-04	 1226	 iter
942	 5.515843e-04	 1227	 iter
943	 5.515843e-04	 1228	 iter
944	 5.515843e-04	 1229	 iter
945	 5.515843e-04	 1230	 iter
946	 5.515843e-04	 1231	 iter
947	 5.515843e-04	 1232	 iter
948	 5.515843e-04	 1233	 iter
949	 5.515843e-04	 1234	 iter
950	 5.514349e-04	 1236	 iter
951	 5.514349e-04	 1237	 iter
952	 5.514349e-04	 1238	 iter
953	 5.514349e-04	 1239	 iter
954	 5.514349e-04	 1240	 iter
955	 5.514349e-04	 1241	 iter
956	 5.514349e-04	 1242	 iter
957	 5.514349e-04	 1243	 iter
958	 5.514349e-04	 1244	 iter
959	 5.514349e-04	 1245	 iter
960	 5.514349e-04	 1246	 iter
961	 5.514349e-04	 1247	 iter
962	 5.513853e-04	 1249	 iter
963	 5.513853e-04	 1251	 iter
964	 5.513853e-04	 1252	 iter
965	 5.513853e-04	 1253	 iter
966	 5.512895e-04	 1255	 iter
967	 5.512895e-04	 1256	 iter
968	 5.512895e-04	 1257	 iter
969	 5.512895e-04	 1258	 iter
970	 5.512895e-04	 1260	 iter
971	 5.512895e-04	 1261	 iter
972	 5.512895e-04	 1262	 iter
973	 5.512895e-04	 1263	 iter
974	 5.512895e-04	 1265	 iter
975	 5.512895e-04	 1266	 iter
976	 5.511064e-04	 1268	 iter
977	 5.511064e-04	 1269	 iter
978	 5.511064e-04	 1271	 iter
979	 5.511064e-04	 1272	 iter
980	 5.511064e-04	 1273	 iter
981	 5.511064e-04	 1274	 iter
982	 5.511064e-04	 1275	 iter
983	 5.511064e-04	 1276	 iter
984	 5.511064e-04	 1277	 iter
985	 5.511064e-04	 1278	 iter
986	 5.510994e-04	 1280	 iter
987	 5.510994e-04	 1281	 iter
988	 5.510994e-04	 1282	 iter
989	 5.510994e-04	 1283	 iter
990	 5.510652e-04	 1285	 iter
991	 5.510652e-04	 1286	 iter
992	 5.510652e-04	 1287	 iter
993	 5.508923e-04	 1289	 iter
994	 5.508923e-04	 1290	 iter
995	 5.508923e-04	 1292	 iter
996	 5.508923e-04	 1293	 iter
997	 5.508923e-04	 1294	 iter
998	 5.508923e-04	 1295	 iter
999	 5.508923e-04	 1296	 iter
1000	 5.508923e-04	 1297	 iter
1001	 5.508923e-04	 1299	 iter
1002	 5.508923e-04	 1300	 iter
1003	 5.506897e-04	 1302	 iter
1004	 5.506897e-04	 1303	 iter
1005	 5.506897e-04	 1304	 iter
1006	 5.506897e-04	 1305	 iter
1007	 5.506897e-04	 1306	 iter
1008	 5.506897e-04	 1307	 iter
1009	 5.506897e-04	 1308	 iter
1010	 5.506897e-04	 1309	 iter
1011	 5.506897e-04	 1310	 iter
1012	 5.506897e-04	 1311	 iter
1013	 5.506897e-04	 1312	 iter
1014	 5.506897e-04	 1313	 iter
1015	 5.506897e-04	 1314	 iter
1016	 5.506897e-04	 1315	 iter
1017	 5.506599e-04	 1317	 iter
1018	 5.506599e-04	 1318	 iter
1019	 5.506599e-04	 1319	 iter
1020	 5.506599e-04	 1320	 iter
1021	 5.506599e-04	 1321	 iter
1022	 5.506599e-04	 1322	 iter
1023	 5.505885e-04	 1324	 iter
1024	 5.505688e-04	 1326	 iter
1025	 5.505548e-04	 1328	 iter
1026	 5.505548e-04	 1329	 iter
1027	 5.505548e-04	 1330	 iter
1028	 5.505548e-04	 1331	 iter
1029	 5.505548e-04	 1332	 iter
1030	 5.505325e-04	 1334	 iter
1031	 5.503407e-04	 1336	 iter
1032	 5.503407e-04	 1337	 iter
1033	 5.503407e-04	 1338	 iter
1034	 5.503407e-04	 1339	 iter
1035	 5.503407e-04	 1341	 iter
1036	 5.503407e-04	 1342	 iter
1037	 5.503407e-04	 1343	 iter
1038	 5.503407e-04	 1344	 iter
1039	 5.503407e-04	 1345	 iter
1040	 5.503407e-04	 1346	 iter
1041	 5.503407e-04	 1347	 iter
1042	 5.502118e-04	 1349	 iter
1043	 5.502118e-04	 1350	 iter
1044	 5.501020e-04	 1352	 iter
1045	 5.501020e-04	 1353	 iter
1046	 5.501020e-04	 1354	 iter
1047	 5.501020e-04	 1355	 iter
1048	 5.501020e-04	 1356	 iter
1049	 5.501020e-04	 1357	 iter
1050	 5.500852e-04	 1359	 iter
1051	 5.500852e-04	 1360	 iter
1052	 5.498484e-04	 1362	 iter
1053	 5.498484e-04	 1363	 iter
1054	 5.498484e-04	 1364	 iter
1055	 5.498484e-04	 1365	 iter
1056	 5.498484e-04	 1366	 iter
1057	 5.498376e-04	 1368	 iter
1058	 5.498376e-04	 1369	 iter
1059	 5.496109e-04	 1371	 iter
1060	 5.496109e-04	 1372	 iter
1061	 5.496109e-04	 1373	 iter
1062	 5.492847e-04	 1375	 iter
1063	 5.492847e-04	 1376	 iter
1064	 5.492847e-04	 1377	 iter
1065	 5.492847e-04	 1378	 iter
1066	 5.492847e-04	 1379	 iter
1067	 5.492847e-04	 1380	 iter
1068	 5.492847e-04	 1381	 iter
1069	 5.492847e-04	 1382	 iter
1070	 5.490696e-04	 1384	 iter
1071	 5.490345e-04	 1386	 iter
1072	 5.490198e-04	 1388	 iter
1073	 5.490198e-04	 1389	 iter
1074	 5.489646e-04	 1391	 iter
1075	 5.489646e-04	 1392	 iter
1076	 5.480195e-04	 1394	 iter
1077	 5.480195e-04	 1395	 iter
1078	 5.480195e-04	 1396	 iter
1079	 5.480195e-04	 1397	 iter
1080	 5.480195e-04	 1398	 iter
1081	 5.480195e-04	 1399	 iter
1082	 5.480195e-04	 1400	 iter
1083	 5.480195e-04	 1401	 iter
1084	 5.480195e-04	 1402	 iter
1085	 5.476991e-04	 1404	 iter
1086	 5.476991e-04	 1405	 iter
1087	 5.471984e-04	 1407	 iter
1088	 5.471984e-04	 1408	 iter
1089	 5.471984e-04	 1409	 iter
1090	 5.471984e-04	 1410	 iter
1091	 5.471984e-04	 1411	 iter
1092	 5.469090e-04	 1413	 iter
1093	 5.469090e-04	 1414	 iter
1094	 5.467907e-04	 1416	 iter
1095	 5.467907e-04	 1417	 iter
1096	 5.461298e-04	 1419	 iter
1097	 5.461298e-04	 1420	 iter
1098	 5.461298e-04	 1421	 iter
1099	 5.455786e-04	 1423	 iter
1100	 5.455786e-04	 1424	 iter
1101	 5.446716e-04	 1426	 iter
1102	 5.446716e-04	 1427	 iter
1103	 5.446716e-04	 1428	 iter
1104	 5.446716e-04	 1429	 iter
1105	 5.433757e-04	 1431	 iter
1106	 5.433757e-04	 1432	 iter
1107	 5.433757e-04	 1433	 iter
1108	 5.433757e-04	 1434	 iter
1109	 5.433757e-04	 1435	 iter
1110	 5.433757e-04	 1436	 iter
1111	 5.415958e-04	 1438	 iter
1112	 5.415958e-04	 1439	 iter
1113	 5.415958e-04	 1440	 iter
1114	 5.415958e-04	 1441	 iter
1115	 5.415958e-04	 1442	 iter
1116	 5.415958e-04	 1443	 iter
1117	 5.399719e-04	 1445	 iter
1118	 5.399719e-04	 1446	 iter
1119	 5.399719e-04	 1447	 iter
1120	 5.399719e-04	 1448	 iter
1121	 5.399719e-04	 1449	 iter
1122	 5.379591e-04	 1451	 iter
1123	 5.379591e-04	 1452	 iter
1124	 5.379591e-04	 1453	 iter
1125	 5.379591e-04	 1454	 iter
1126	 5.379591e-04	 1455	 iter
1127	 5.379591e-04	 1456	 iter
1128	 5.369228e-04	 1458	 iter
1129	 5.369228e-04	 1459	 iter
1130	 5.347504e-04	 1461	 iter
1131	 5.347504e-04	 1462	 iter
1132	 5.347504e-04	 1463	 iter
1133	 5.347504e-04	 1464	 iter
1134	 5.325273e-04	 1466	 iter
1135	 5.325273e-04	 1467	 iter
1136	 5.325273e-04	 1468	 iter
1137	 5.325273e-04	 1469	 iter
1138	 5.325273e-04	 1470	 iter
1139	 5.318728e-04	 1472	 iter
1140	 5.287643e-04	 1474	 iter
1141	 5.287643e-04	 1475	 iter
1142	 5.287643e-04	 1476	 iter
1143	 5.287643e-04	 1477	 iter
1144	 5.253082e-04	 1479	 iter
1145	 5.253082e-04	 1480	 iter
1146	 5.253082e-04	 1481	 iter
1147	 5.253082e-04	 1482	 iter
1148	 5.253082e-04	 1483	 iter
1149	 5.253082e-04	 1484	 iter
1150	 5.253082e-04	 1485	 iter
1151	 5.253082e-04	 1486	 iter
1152	 5.253082e-04	 1487	 iter
1153	 5.220601e-04	 1489	 iter
1154	 5.220601e-04	 1490	 iter
1155	 5.220601e-04	 1491	 iter
1156	 5.154418e-04	 1493	 iter
1157	 5.154418e-04	 1494	 iter
1158	 5.154418e-04	 1495	 iter
1159	 5.154418e-04	 1496	 iter
1160	 5.154418e-04	 1497	 iter
1161	 5.154418e-04	 1498	 iter
1162	 5.154418e-04	 1499	 iter
1163	 5.154418e-04	 1500	 iter
1164	 5.154418e-04	 1501	 iter
1165	 5.154418e-04	 1502	 iter
1166	 5.154418e-04	 1503	 iter
1167	 5.152951e-04	 1505	 iter
1168	 5.147439e-04	 1507	 iter
1169	 5.147439e-04	 1508	 iter
1170	 5.147439e-04	 1509	 iter
1171	 5.147439e-04	 1510	 iter
1172	 5.129423e-04	 1512	 iter
1173	 5.129423e-04	 1513	 iter
1174	 5.125746e-04	 1515	 iter
1175	 5.125746e-04	 1516	 iter
1176	 5.123188e-04	 1518	 iter
1177	 5.099244e-04	 1520	 iter
1178	 5.099244e-04	 1521	 iter
1179	 5.099244e-04	 1522	 iter
1180	 5.091905e-04	 1524	 iter
1181	 5.091905e-04	 1525	 iter
1182	 5.061299e-04	 1527	 iter
1183	 5.061299e-04	 1529	 iter
1184	 5.061299e-04	 1530	 iter
1185	 5.061299e-04	 1531	 iter
1186	 5.061299e-04	 1532	 iter
1187	 5.061299e-04	 1533	 iter
1188	 5.061299e-04	 1534	 iter
1189	 5.035834e-04	 1536	 iter
1190	 5.035834e-04	 1537	 iter
1191	 5.035834e-04	 1538	 iter
1192	 5.035834e-04	 1539	 iter
1193	 5.035834e-04	 1540	 iter
1194	 5.035595e-04	 1542	 iter
1195	 5.035595e-04	 1543	 iter
1196	 5.035595e-04	 1544	 iter
1197	 5.027451e-04	 1546	 iter
1198	 5.027451e-04	 1547	 iter
1199	 5.025550e-04	 1549	 iter
1200	 5.025550e-04	 1550	 iter
1201	 5.025550e-04	 1552	 iter
1202	 5.025550e-04	 1553	 iter
1203	 5.025550e-04	 1554	 iter
1204	 5.003305e-04	 1556	 iter
1205	 5.000729e-04	 1558	 iter
1206	 5.000729e-04	 1559	 iter
1207	 5.000729e-04	 1560	 iter
1208	 5.000729e-04	 1561	 iter
1209	 5.000729e-04	 1562	 iter
1210	 5.000729e-04	 1563	 iter
1211	 5.000729e-04	 1564	 iter
1212	 5.000729e-04	 1565	 iter
1213	 5.000729e-04	 1566	 iter
1214	 5.000729e-04	 1567	 iter
1215	 5.000729e-04	 1569	 iter
1216	 5.000729e-04	 1571	 iter
1217	 4.983418e-04	 1573	 iter
1218	 4.983418e-04	 1574	 iter
1219	 4.983418e-04	 1575	 iter
1220	 4.983418e-04	 1576	 iter
1221	 4.983418e-04	 1577	 iter
1222	 4.983418e-04	 1578	 iter
1223	 4.983418e-04	 1580	 iter
1224	 4.983418e-04	 1582	 iter
1225	 4.983418e-04	 1583	 iter
1226	 4.983418e-04	 1584	 iter
1227	 4.983418e-04	 1585	 iter
1228	 4.983418e-04	 1586	 iter
1229	 4.983418e-04	 1587	 iter
1230	 4.983418e-04	 1588	 iter
1231	 4.983418e-04	 1589	 iter
1232	 4.983418e-04	 1591	 iter
1233	 4.983418e-04	 1593	 iter
1234	 4.983418e-04	 1595	 iter
1235	 4.983418e-04	 1597	 iter
1236	 4.983418e-04	 1598	 iter
1237	 4.983418e-04	 1600	 iter
1238	 4.980745e-04	 1602	 iter
1239	 4.980745e-04	 1603	 iter
1240	 4.980745e-04	 1605	 iter
1241	 4.979765e-04	 1607	 iter
1242	 4.975932e-04	 1609	 iter
1243	 4.975932e-04	 1611	 iter
1244	 4.975932e-04	 1612	 iter
1245	 4.975932e-04	 1613	 iter
1246	 4.975932e-04	 1615	 iter
1247	 4.975932e-04	 1617	 iter
1248	 4.975932e-04	 1619	 iter
1249	 4.975932e-04	 1620	 iter
1250	 4.975065e-04	 1622	 iter
1251	 4.975065e-04	 1623	 iter
1252	 4.973629e-04	 1625	 iter
1253	 4.973629e-04	 1626	 iter
1254	 4.973629e-04	 1627	 iter
1255	 4.973629e-04	 1629	 iter
1256	 4.968153e-04	 1631	 iter
1257	 4.968153e-04	 1633	 iter
1258	 4.968153e-04	 1634	 iter
1259	 4.968153e-04	 1635	 iter
1260	 4.968153e-04	 1636	 iter
1261	 4.968153e-04	 1637	 iter
1262	 4.968153e-04	 1639	 iter
1263	 4.967214e-04	 1641	 iter
1264	 4.961451e-04	 1643	 iter
1265	 4.961451e-04	 1644	 iter
1266	 4.961451e-04	 1646	 iter
1267	 4.961451e-04	 1647	 iter
1268	 4.961451e-04	 1648	 iter
1269	 4.961451e-04	 1649	 iter
1270	 4.961451e-04	 1650	 iter
1271	 4.961451e-04	 1651	 iter
1272	 4.961451e-04	 1652	 iter
1273	 4.961451e-04	 1653	 iter
1274	 4.961451e-04	 1654	 iter
1275	 4.961451e-04	 1655	 iter
1276	 4.961013e-04	 1657	 iter
1277	 4.959862e-04	 1659	 iter
1278	 4.959862e-04	 1661	 iter
1279	 4.959862e-04	 1662	 iter
1280	 4.959862e-04	 1664	 iter
1281	 4.959234e-04	 1666	 iter
1282	 4.959234e-04	 1667	 iter
1283	 4.959234e-04	 1668	 iter
1284	 4.950363e-04	 1670	 iter
1285	 4.950363e-04	 1671	 iter
1286	 4.950363e-04	 1672	 iter
1287	 4.950363e-04	 1673	 iter
1288	 4.950363e-04	 1674	 iter
1289	 4.950363e-04	 1675	 iter
1290	 4.950363e-04	 1676	 iter
1291	 4.950363e-04	 1677	 iter
1292	 4.950363e-04	 1678	 iter
1293	 4.950363e-04	 1679	 iter
1294	 4.950363e-04	 1680	 iter
1295	 4.950363e-04	 1681	 iter
1296	 4.950363e-04	 1682	 iter
1297	 4.950363e-04	 1683	 iter
1298	 4.950363e-04	 1684	 iter
1299	 4.945774e-04	 1686	 iter
1300	 4.945774e-04	 1687	 iter
1301	 4.945774e-04	 1688	 iter
1302	 4.945774e-04	 1689	 iter
1303	 4.945774e-04	 1691	 iter
1304	 4.945774e-04	 1692	 iter
1305	 4.945774e-04	 1694	 iter
1306	 4.945774e-04	 1695	 iter
1307	 4.944626e-04	 1697	 iter
1308	 4.944626e-04	 1699	 iter
1309	 4.944626e-04	 1700	 iter
1310	 4.944626e-04	 1702	 iter
1311	 4.944626e-04	 1703	 iter
1312	 4.944626e-04	 1704	 iter
1313	 4.944626e-04	 1705	 iter
1314	 4.944626e-04	 1707	 iter
1315	 4.944626e-04	 1708	 iter
1316	 4.944626e-04	 1709	 iter
1317	 4.944626e-04	 1710	 iter
1318	 4.944626e-04	 1712	 iter
1319	 4.943660e-04	 1714	 iter
1320	 4.943660e-04	 1715	 iter
1321	 4.943660e-04	 1716	 iter
1322	 4.943660e-04	 1717	 iter
1323	 4.943660e-04	 1719	 iter
1324	 4.943660e-04	 1721	 iter
1325	 4.943660e-04	 1722	 iter
1326	 4.942561e-04	 1724	 iter
1327	 4.942561e-04	 1725	 iter
1328	 4.942561e-04	 1726	 iter
1329	 4.942561e-04	 1727	 iter
1330	 4.942561e-04	 1728	 iter
1331	 4.942561e-04	 1730	 iter
1332	 4.942561e-04	 1731	 iter
1333	 4.942561e-04	 1733	 iter
1334	 4.941249e-04	 1735	 iter
1335	 4.941249e-04	 1736	 iter
1336	 4.941249e-04	 1737	 iter
1337	 4.941249e-04	 1738	 iter
1338	 4.941249e-04	 1740	 iter
1339	 4.941249e-04	 1741	 iter
1340	 4.941249e-04	 1743	 iter
1341	 4.941249e-04	 1745	 iter
1342	 4.940636e-04	 1747	 iter
1343	 4.940636e-04	 1748	 iter
1344	 4.940636e-04	 1750	 iter
1345	 4.940636e-04	 1751	 iter
1346	 4.940636e-04	 1753	 iter
1347	 4.940636e-04	 1754	 iter
1348	 4.940636e-04	 1755	 iter
1349	 4.940636e-04	 1756	 iter
1350	 4.940636e-04	 1757	 iter
1351	 4.940636e-04	 1759	 iter
1352	 4.940636e-04	 1760	 iter
1353	 4.940636e-04	 1762	 iter
1354	 4.940204e-04	 1764	 iter
1355	 4.940204e-04	 1765	 iter
1356	 4.940204e-04	 1767	 iter
1357	 4.940204e-04	 1769	 iter
1358	 4.940204e-04	 1770	 iter
1359	 4.940204e-04	 1771	 iter
1360	 4.940204e-04	 1772	 iter
1361	 4.940204e-04	 1774	 iter
1362	 4.940204e-04	 1775	 iter
1363	 4.940204e-04	 1776	 iter
1364	 4.940204e-04	 1777	 iter
1365	 4.940204e-04	 1778	 iter
1366	 4.940204e-04	 1780	 iter
1367	 4.940204e-04	 1782	 iter
1368	 4.940204e-04	 1783	 iter
1369	 4.940204e-04	 1784	 iter
1370	 4.940099e-04	 1786	 iter
1371	 4.940099e-04	 1787	 iter
1372	 4.940099e-04	 1788	 iter
1373	 4.939963e-04	 1790	 iter
1374	 4.939963e-04	 1792	 iter
1375	 4.939750e-04	 1794	 iter
1376	 4.939696e-04	 1796	 iter
1377	 4.939696e-04	 1798	 iter
1378	 4.939696e-04	 1799	 iter
1379	 4.939696e-04	 1800	 iter
1380	 4.939696e-04	 1802	 iter
1381	 4.939696e-04	 1804	 iter
1382	 4.939696e-04	 1806	 iter
1383	 4.939696e-04	 1808	 iter
1384	 4.939691e-04	 1810	 iter
1385	 4.939691e-04	 1811	 iter
1386	 4.939691e-04	 1812	 iter
1387	 4.939691e-04	 1814	 iter
1388	 4.939691e-04	 1816	 iter
1389	 4.939680e-04	 1818	 iter
1390	 4.939680e-04	 1820	 iter
1391	 4.939680e-04	 1821	 iter
1392	 4.939680e-04	 1822	 iter
1393	 4.939680e-04	 1823	 iter
1394	 4.939603e-04	 1825	 iter
1395	 4.939603e-04	 1826	 iter
1396	 4.939548e-04	 1828	 iter
1397	 4.939548e-04	 1830	 iter
1398	 4.939548e-04	 1832	 iter
1399	 4.939518e-04	 1834	 iter
1400	 4.939518e-04	 1836	 iter
1401	 4.939518e-04	 1838	 iter
1402	 4.939518e-04	 1840	 iter
1403	 4.939518e-04	 1841	 iter
1404	 4.939518e-04	 1842	 iter
1405	 4.939518e-04	 1843	 iter
1406	 4.939518e-04	 1844	 iter
1407	 4.939469e-04	 1846	 iter
1408	 4.939469e-04	 1848	 iter
1409	 4.939469e-04	 1849	 iter
1410	 4.939469e-04	 1851	 iter
1411	 4.939469e-04	 1852	 iter
1412	 4.939469e-04	 1854	 iter
1413	 4.939469e-04	 1856	 iter
1414	 4.939469e-04	 1858	 iter
1415	 4.939469e-04	 1859	 iter
1416	 4.939466e-04	 1861	 iter
1417	 4.939466e-04	 1863	 iter
1418	 4.939466e-04	 1865	 iter
1419	 4.939466e-04	 1866	 iter
1420	 4.939466e-04	 1867	 iter
1421	 4.939466e-04	 1868	 iter
1422	 4.939466e-04	 1870	 iter
1423	 4.939431e-04	 1872	 iter
1424	 4.939431e-04	 1874	 iter
1425	 4.939431e-04	 1875	 iter
1426	 4.939431e-04	 1876	 iter
1427	 4.939414e-04	 1878	 iter
1428	 4.939414e-04	 1880	 iter
1429	 4.939414e-04	 1881	 iter
1430	 4.939414e-04	 1882	 iter
1431	 4.939414e-04	 1883	 iter
1432	 4.939414e-04	 1884	 iter
1433	 4.939414e-04	 1885	 iter
1434	 4.939414e-04	 1887	 iter
1435	 4.939414e-04	 1889	 iter
1436	 4.939414e-04	 1890	 iter
1437	 4.939414e-04	 1892	 iter
1438	 4.939414e-04	 1893	 iter
1439	 4.939406e-04	 1895	 iter
1440	 4.939375e-04	 1897	 iter
1441	 4.939375e-04	 1899	 iter
1442	 4.939375e-04	 1900	 iter
1443	 4.939375e-04	 1902	 iter
1444	 4.939375e-04	 1904	 iter
1445	 4.939375e-04	 1905	 iter
1446	 4.939375e-04	 1906	 iter
1447	 4.939375e-04	 1907	 iter
1448	 4.939360e-04	 1909	 iter
1449	 4.939347e-04	 1911	 iter
1450	 4.939347e-04	 1912	 iter
1451	 4.939347e-04	 1913	 iter
1452	 4.939347e-04	 1914	 iter
1453	 4.939347e-04	 1915	 iter
1454	 4.939347e-04	 1916	 iter
1455	 4.939293e-04	 1918	 iter
1456	 4.939293e-04	 1919	 iter
1457	 4.939293e-04	 1920	 iter
1458	 4.939293e-04	 1921	 iter
1459	 4.939293e-04	 1922	 iter
1460	 4.939293e-04	 1923	 iter
1461	 4.939293e-04	 1924	 iter
1462	 4.939293e-04	 1925	 iter
1463	 4.939293e-04	 1926	 iter
1464	 4.939293e-04	 1927	 iter
1465	 4.939293e-04	 1928	 iter
1466	 4.939293e-04	 1929	 iter
1467	 4.939293e-04	 1930	 iter
1468	 4.939286e-04	 1932	 iter
1469	 4.939286e-04	 1933	 iter
1470	 4.939286e-04	 1934	 iter
1471	 4.939286e-04	 1935	 iter
1472	 4.939286e-04	 1936	 iter
1473	 4.939286e-04	 1937	 iter
1474	 4.939286e-04	 1938	 iter
1475	 4.939286e-04	 1939	 iter
1476	 4.939286e-04	 1941	 iter
1477	 4.939286e-04	 1942	 iter
1478	 4.939217e-04	 1944	 iter
1479	 4.939217e-04	 1945	 iter
1480	 4.939217e-04	 1946	 iter
1481	 4.939217e-04	 1947	 iter
1482	 4.939217e-04	 1948	 iter
1483	 4.939217e-04	 1949	 iter
1484	 4.939217e-04	 1950	 iter
1485	 4.939177e-04	 1952	 iter
1486	 4.939177e-04	 1953	 iter
1487	 4.939177e-04	 1954	 iter
1488	 4.939177e-04	 1955	 iter
1489	 4.939177e-04	 1956	 iter
1490	 4.939177e-04	 1957	 iter
1491	 4.939177e-04	 1958	 iter
1492	 4.939177e-04	 1959	 iter
1493	 4.939177e-04	 1960	 iter
1494	 4.939177e-04	 1961	 iter
1495	 4.939150e-04	 1963	 iter
1496	 4.939150e-04	 1964	 iter
1497	 4.939150e-04	 1965	 iter
1498	 4.939084e-04	 1967	 iter
1499	 4.939084e-04	 1968	 iter
1500	 4.939084e-04	 1969	 iter
1501	 4.939084e-04	 1970	 iter
1502	 4.939084e-04	 1971	 iter
1503	 4.939051e-04	 1973	 iter
1504	 4.939051e-04	 1974	 iter
1505	 4.939051e-04	 1975	 iter
1506	 4.939051e-04	 1976	 iter
1507	 4.938959e-04	 1978	 iter
1508	 4.938959e-04	 1979	 iter
1509	 4.938959e-04	 1980	 iter
1510	 4.938959e-04	 1981	 iter
1511	 4.938959e-04	 1982	 iter
1512	 4.938873e-04	 1984	 iter
1513	 4.938873e-04	 1985	 iter
1514	 4.938873e-04	 1986	 iter
1515	 4.938873e-04	 1987	 iter
1516	 4.938873e-04	 1988	 iter
1517	 4.938873e-04	 1989	 iter
1518	 4.938873e-04	 1990	 iter
1519	 4.938873e-04	 1991	 iter
1520	 4.938843e-04	 1993	 iter
1521	 4.938723e-04	 1995	 iter
1522	 4.938723e-04	 1996	 iter
1523	 4.938483e-04	 1998	 iter
1524	 4.938483e-04	 1999	 iter
1525	 4.938483e-04	 2000	 iter
1526	 4.938483e-04	 2001	 iter
1527	 4.938483e-04	 2002	 iter
1528	 4.938483e-04	 2003	 iter
1529	 4.938483e-04	 2004	 iter
1530	 4.938483e-04	 2005	 iter
1531	 4.938483e-04	 2006	 iter
1532	 4.938483e-04	 2007	 iter
1533	 4.938483e-04	 2008	 iter
1534	 4.938483e-04	 2009	 iter
1535	 4.938457e-04	 2011	 iter
1536	 4.938157e-04	 2013	 iter
1537	 4.938157e-04	 2014	 iter
1538	 4.938157e-04	 2015	 iter
1539	 4.938157e-04	 2016	 iter
1540	 4.938157e-04	 2017	 iter
1541	 4.938157e-04	 2018	 iter
1542	 4.938157e-04	 2019	 iter
1543	 4.938157e-04	 2020	 iter
1544	 4.937916e-04	 2022	 iter
1545	 4.937916e-04	 2023	 iter
1546	 4.937916e-04	 2024	 iter
1547	 4.937916e-04	 2025	 iter
1548	 4.937916e-04	 2026	 iter
1549	 4.937916e-04	 2027	 iter
1550	 4.937916e-04	 2028	 iter
1551	 4.937916e-04	 2029	 iter
1552	 4.937916e-04	 2030	 iter
1553	 4.937916e-04	 2031	 iter
1554	 4.937750e-04	 2033	 iter
1555	 4.937628e-04	 2035	 iter
1556	 4.937251e-04	 2037	 iter
1557	 4.937251e-04	 2038	 iter
1558	 4.937251e-04	 2039	 iter
1559	 4.937251e-04	 2040	 iter
1560	 4.937251e-04	 2041	 iter
1561	 4.937251e-04	 2042	 iter
1562	 4.937251e-04	 2043	 iter
1563	 4.937251e-04	 2044	 iter
1564	 4.937251e-04	 2045	 iter
1565	 4.936860e-04	 2047	 iter
1566	 4.936860e-04	 2048	 iter
1567	 4.936860e-04	 2049	 iter
1568	 4.936463e-04	 2051	 iter
1569	 4.936463e-04	 2052	 iter
1570	 4.936463e-04	 2053	 iter
1571	 4.936463e-04	 2054	 iter
1572	 4.936463e-04	 2055	 iter
1573	 4.936463e-04	 2056	 iter
1574	 4.936463e-04	 2057	 iter
1575	 4.936463e-04	 2058	 iter
1576	 4.936463e-04	 2059	 iter
1577	 4.936082e-04	 2061	 iter
1578	 4.936082e-04	 2062	 iter
1579	 4.936082e-04	 2063	 iter
1580	 4.935552e-04	 2065	 iter
1581	 4.935552e-04	 2066	 iter
1582	 4.935552e-04	 2067	 iter
1583	 4.935552e-04	 2068	 iter
1584	 4.935552e-04	 2069	 iter
1585	 4.935552e-04	 2070	 iter
1586	 4.935552e-04	 2071	 iter
1587	 4.935552e-04	 2072	 iter
1588	 4.934794e-04	 2074	 iter
1589	 4.934794e-04	 2075	 iter
1590	 4.934794e-04	 2076	 iter
1591	 4.934794e-04	 2077	 iter
1592	 4.934794e-04	 2078	 iter
1593	 4.934794e-04	 2079	 iter
1594	 4.934794e-04	 2080	 iter
1595	 4.934794e-04	 2081	 iter
1596	 4.934275e-04	 2083	 iter
1597	 4.934275e-04	 2084	 iter
1598	 4.934275e-04	 2085	 iter
1599	 4.934275e-04	 2086	 iter
1600	 4.934275e-04	 2087	 iter
1601	 4.934275e-04	 2088	 iter
1602	 4.933426e-04	 2090	 iter
1603	 4.933426e-04	 2091	 iter
1604	 4.933426e-04	 2092	 iter
1605	 4.933426e-04	 2093	 iter
1606	 4.933426e-04	 2094	 iter
1607	 4.933426e-04	 2095	 iter
1608	 4.933426e-04	 2096	 iter
1609	 4.933426e-04	 2097	 iter
1610	 4.933426e-04	 2098	 iter
1611	 4.933426e-04	 2099	 iter
1612	 4.933132e-04	 2101	 iter
1613	 4.933132e-04	 2102	 iter
1614	 4.932604e-04	 2104	 iter
1615	 4.932604e-04	 2105	 iter
1616	 4.932604e-04	 2106	 iter
1617	 4.932604e-04	 2107	 iter
1618	 4.931878e-04	 2109	 iter
1619	 4.931878e-04	 2110	 iter
1620	 4.931878e-04	 2111	 iter
1621	 4.931878e-04	 2112	 iter
1622	 4.931878e-04	 2113	 iter
1623	 4.931878e-04	 2114	 iter
1624	 4.931878e-04	 2115	 iter
1625	 4.930981e-04	 2117	 iter
1626	 4.930981e-04	 2118	 iter
1627	 4.930981e-04	 2119	 iter
1628	 4.930981e-04	 2120	 iter
1629	 4.930981e-04	 2121	 iter
1630	 4.929884e-04	 2123	 iter
1631	 4.929884e-04	 2124	 iter
1632	 4.929884e-04	 2125	 iter
1633	 4.929884e-04	 2126	 iter
1634	 4.929884e-04	 2127	 iter
1635	 4.929884e-04	 2128	 iter
1636	 4.929884e-04	 2129	 iter
1637	 4.929884e-04	 2130	 iter
1638	 4.929190e-04	 2132	 iter
1639	 4.929190e-04	 2133	 iter
1640	 4.929190e-04	 2134	 iter
1641	 4.929190e-04	 2135	 iter
1642	 4.929190e-04	 2136	 iter
1643	 4.928411e-04	 2138	 iter
1644	 4.928411e-04	 2139	 iter
1645	 4.928411e-04	 2140	 iter
1646	 4.928411e-04	 2141	 iter
1647	 4.928411e-04	 2142	 iter
1648	 4.928411e-04	 2143	 iter
1649	 4.927930e-04	 2145	 iter
1650	 4.927930e-04	 2146	 iter
1651	 4.927119e-04	 2148	 iter
1652	 4.925624e-04	 2150	 iter
1653	 4.925624e-04	 2151	 iter
1654	 4.925624e-04	 2152	 iter
1655	 4.925624e-04	 2153	 iter
1656	 4.925624e-04	 2154	 iter
1657	 4.925624e-04	 2155	 iter
1658	 4.925624e-04	 2156	 iter
1659	 4.925624e-04	 2157	 iter
1660	 4.925624e-04	 2158	 iter
1661	 4.925624e-04	 2159	 iter
1662	 4.924793e-04	 2161	 iter
1663	 4.923965e-04	 2163	 iter
1664	 4.923965e-04	 2164	 iter
1665	 4.923965e-04	 2165	 iter
1666	 4.923965e-04	 2166	 iter
1667	 4.923965e-04	 2167	 iter
1668	 4.923903e-04	 2169	 iter
1669	 4.923903e-04	 2170	 iter
1670	 4.923903e-04	 2171	 iter
1671	 4.923140e-04	 2173	 iter
1672	 4.922239e-04	 2175	 iter
1673	 4.921919e-04	 2177	 iter
1674	 4.921919e-04	 2178	 iter
1675	 4.920731e-04	 2180	 iter
1676	 4.920731e-04	 2181	 iter
1677	 4.920731e-04	 2182	 iter
1678	 4.920731e-04	 2183	 iter
1679	 4.920731e-04	 2184	 iter
1680	 4.920731e-04	 2185	 iter
1681	 4.920731e-04	 2186	 iter
1682	 4.920731e-04	 2187	 iter
1683	 4.920731e-04	 2188	 iter
1684	 4.920731e-04	 2189	 iter
1685	 4.920731e-04	 2190	 iter
1686	 4.920731e-04	 2192	 iter
1687	 4.920731e-04	 2194	 iter
1688	 4.920731e-04	 2195	 iter
1689	 4.920383e-04	 2197	 iter
1690	 4.920383e-04	 2198	 iter
1691	 4.920295e-04	 2200	 iter
1692	 4.920295e-04	 2201	 iter
1693	 4.920295e-04	 2202	 iter
1694	 4.920295e-04	 2203	 iter
1695	 4.920295e-04	 2204	 iter
1696	 4.919524e-04	 2206	 iter
1697	 4.919524e-04	 2207	 iter
1698	 4.919225e-04	 2209	 iter
1699	 4.918763e-04	 2211	 iter
1700	 4.918763e-04	 2212	 iter
1701	 4.918403e-04	 2214	 iter
1702	 4.918403e-04	 2215	 iter
1703	 4.918403e-04	 2216	 iter
1704	 4.918403e-04	 2217	 iter
1705	 4.918403e-04	 2218	 iter
1706	 4.918403e-04	 2219	 iter
1707	 4.918403e-04	 2220	 iter
1708	 4.918403e-04	 2222	 iter
1709	 4.918172e-04	 2224	 iter
1710	 4.918172e-04	 2225	 iter
1711	 4.917513e-04	 2227	 iter
1712	 4.917513e-04	 2228	 iter
1713	 4.917513e-04	 2229	 iter
1714	 4.917513e-04	 2230	 iter
1715	 4.917513e-04	 2231	 iter
1716	 4.917513e-04	 2232	 iter
1717	 4.917513e-04	 2233	 iter
1718	 4.917513e-04	 2234	 iter
1719	 4.917513e-04	 2235	 iter
1720	 4.916773e-04	 2237	 iter
1721	 4.916773e-04	 2239	 iter
1722	 4.916773e-04	 2240	 iter
1723	 4.916302e-04	 2242	 iter
1724	 4.916302e-04	 2243	 iter
1725	 4.916302e-04	 2244	 iter
1726	 4.916302e-04	 2245	 iter
1727	 4.916302e-04	 2247	 iter
1728	 4.915338e-04	 2249	 iter
1729	 4.915338e-04	 2250	 iter
1730	 4.915338e-04	 2251	 iter
1731	 4.915338e-04	 2252	 iter
1732	 4.915338e-04	 2253	 iter
1733	 4.915338e-04	 2254	 iter
1734	 4.914234e-04	 2256	 iter
1735	 4.914234e-04	 2257	 iter
1736	 4.914234e-04	 2258	 iter
1737	 4.914234e-04	 2259	 iter
1738	 4.914234e-04	 2260	 iter
1739	 4.912463e-04	 2262	 iter
1740	 4.912463e-04	 2263	 iter
1741	 4.912463e-04	 2264	 iter
1742	 4.912463e-04	 2265	 iter
1743	 4.912463e-04	 2266	 iter
1744	 4.912463e-04	 2267	 iter
1745	 4.912463e-04	 2268	 iter
1746	 4.912463e-04	 2269	 iter
1747	 4.912463e-04	 2270	 iter
1748	 4.912463e-04	 2271	 iter
1749	 4.910418e-04	 2273	 iter
1750	 4.910418e-04	 2274	 iter
1751	 4.910418e-04	 2275	 iter
1752	 4.910418e-04	 2276	 iter
1753	 4.910418e-04	 2277	 iter
1754	 4.910418e-04	 2278	 iter
1755	 4.909541e-04	 2280	 iter
1756	 4.906475e-04	 2282	 iter
1757	 4.906475e-04	 2283	 iter
1758	 4.906475e-04	 2284	 iter
1759	 4.906475e-04	 2285	 iter
1760	 4.906475e-04	 2286	 iter
1761	 4.906475e-04	 2287	 iter
1762	 4.906475e-04	 2288	 iter
1763	 4.906475e-04	 2289	 iter
1764	 4.904853e-04	 2291	 iter
1765	 4.904853e-04	 2292	 iter
1766	 4.901990e-04	 2294	 iter
1767	 4.901990e-04	 2295	 iter
1768	 4.901990e-04	 2296	 iter
1769	 4.901990e-04	 2297	 iter
1770	 4.901990e-04	 2298	 iter
1771	 4.899988e-04	 2300	 iter
1772	 4.899988e-04	 2301	 iter
1773	 4.899988e-04	 2302	 iter
1774	 4.899988e-04	 2303	 iter
1775	 4.899988e-04	 2304	 iter
1776	 4.899550e-04	 2306	 iter
1777	 4.899247e-04	 2308	 iter
1778	 4.898369e-04	 2310	 iter
1779	 4.893423e-04	 2312	 iter
1780	 4.893423e-04	 2313	 iter
1781	 4.893423e-04	 2314	 iter
1782	 4.889978e-04	 2316	 iter
1783	 4.889978e-04	 2317	 iter
1784	 4.884856e-04	 2319	 iter
1785	 4.884856e-04	 2320	 iter
1786	 4.884856e-04	 2321	 iter
1787	 4.884856e-04	 2322	 iter
1788	 4.884856e-04	 2323	 iter
1789	 4.879034e-04	 2325	 iter
1790	 4.879034e-04	 2326	 iter
1791	 4.879034e-04	 2327	 iter
1792	 4.879034e-04	 2328	 iter
1793	 4.876493e-04	 2330	 iter
1794	 4.862136e-04	 2332	 iter
1795	 4.862136e-04	 2333	 iter
1796	 4.862136e-04	 2334	 iter
1797	 4.862136e-04	 2335	 iter
1798	 4.862136e-04	 2336	 iter
1799	 4.862136e-04	 2337	 iter
1800	 4.862136e-04	 2338	 iter
1801	 4.862136e-04	 2339	 iter
1802	 4.862136e-04	 2340	 iter
1803	 4.851314e-04	 2342	 iter
1804	 4.851314e-04	 2343	 iter
1805	 4.851314e-04	 2344	 iter
1806	 4.851314e-04	 2345	 iter
1807	 4.851314e-04	 2346	 iter
1808	 4.836427e-04	 2348	 iter
1809	 4.836427e-04	 2349	 iter
1810	 4.836427e-04	 2350	 iter
1811	 4.836427e-04	 2351	 iter
1812	 4.836427e-04	 2352	 iter
1813	 4.836427e-04	 2353	 iter
1814	 4.836427e-04	 2354	 iter
1815	 4.836427e-04	 2355	 iter
1816	 4.836427e-04	 2356	 iter
1817	 4.819279e-04	 2358	 iter
1818	 4.819279e-04	 2359	 iter
1819	 4.819279e-04	 2360	 iter
1820	 4.819279e-04	 2361	 iter
1821	 4.819279e-04	 2362	 iter
1822	 4.810960e-04	 2364	 iter
1823	 4.810960e-04	 2365	 iter
1824	 4.810960e-04	 2366	 iter
1825	 4.801870e-04	 2368	 iter
1826	 4.801870e-04	 2369	 iter
1827	 4.801870e-04	 2370	 iter
1828	 4.801870e-04	 2371	 iter
1829	 4.797487e-04	 2373	 iter
1830	 4.797487e-04	 2374	 iter
1831	 4.796470e-04	 2376	 iter
1832	 4.792704e-04	 2378	 iter
1833	 4.790617e-04	 2380	 iter
1834	 4.790617e-04	 2381	 iter
1835	 4.787799e-04	 2383	 iter
1836	 4.787799e-04	 2384	 iter
1837	 4.787799e-04	 2385	 iter
1838	 4.787799e-04	 2386	 iter
1839	 4.787799e-04	 2387	 iter
1840	 4.784302e-04	 2389	 iter
1841	 4.784302e-04	 2390	 iter
1842	 4.784302e-04	 2391	 iter
1843	 4.784302e-04	 2393	 iter
1844	 4.784302e-04	 2394	 iter
1845	 4.784302e-04	 2396	 iter
1846	 4.781545e-04	 2398	 iter
1847	 4.781545e-04	 2399	 iter
1848	 4.781545e-04	 2400	 iter
1849	 4.781545e-04	 2401	 iter
1850	 4.780309e-04	 2403	 iter
1851	 4.780309e-04	 2404	 iter
1852	 4.780309e-04	 2406	 iter
1853	 4.767983e-04	 2408	 iter
1854	 4.767983e-04	 2409	 iter
1855	 4.767983e-04	 2410	 iter
1856	 4.767983e-04	 2411	 iter
1857	 4.767983e-04	 2412	 iter
1858	 4.767983e-04	 2413	 iter
1859	 4.767983e-04	 2414	 iter
1860	 4.767983e-04	 2415	 iter
1861	 4.767983e-04	 2416	 iter
1862	 4.767983e-04	 2417	 iter
1863	 4.767983e-04	 2418	 iter
1864	 4.758929e-04	 2420	 iter
1865	 4.758929e-04	 2421	 iter
1866	 4.758929e-04	 2422	 iter
1867	 4.758929e-04	 2423	 iter
1868	 4.755500e-04	 2425	 iter
1869	 4.755500e-04	 2426	 iter
1870	 4.754501e-04	 2428	 iter
1871	 4.754146e-04	 2430	 iter
1872	 4.748273e-04	 2432	 iter
1873	 4.748273e-04	 2433	 iter
1874	 4.748273e-04	 2434	 iter
1875	 4.748273e-04	 2435	 iter
1876	 4.748273e-04	 2436	 iter
1877	 4.747443e-04	 2438	 iter
1878	 4.731839e-04	 2440	 iter
1879	 4.731839e-04	 2441	 iter
1880	 4.731839e-04	 2442	 iter
1881	 4.731839e-04	 2443	 iter
1882	 4.731839e-04	 2444	 iter
1883	 4.731839e-04	 2445	 iter
1884	 4.731839e-04	 2447	 iter
1885	 4.731839e-04	 2448	 iter
1886	 4.731839e-04	 2449	 iter
1887	 4.731839e-04	 2450	 iter
1888	 4.731839e-04	 2451	 iter
1889	 4.731839e-04	 2452	 iter
1890	 4.731839e-04	 2453	 iter
1891	 4.731839e-04	 2454	 iter
1892	 4.731839e-04	 2455	 iter
1893	 4.728373e-04	 2457	 iter
1894	 4.717860e-04	 2459	 iter
1895	 4.717860e-04	 2460	 iter
1896	 4.717860e-04	 2461	 iter
1897	 4.717860e-04	 2462	 iter
1898	 4.717860e-04	 2463	 iter
1899	 4.717860e-04	 2464	 iter
1900	 4.717860e-04	 2465	 iter
1901	 4.717860e-04	 2466	 iter
1902	 4.713282e-04	 2468	 iter
1903	 4.713282e-04	 2469	 iter
1904	 4.696035e-04	 2471	 iter
1905	 4.696035e-04	 2472	 iter
1906	 4.696035e-04	 2473	 iter
1907	 4.696035e-04	 2474	 iter
1908	 4.696035e-04	 2475	 iter
1909	 4.696035e-04	 2476	 iter
1910	 4.696035e-04	 2477	 iter
1911	 4.696035e-04	 2478	 iter
1912	 4.696035e-04	 2479	 iter
1913	 4.696035e-04	 2480	 iter
1914	 4.696035e-04	 2481	 iter
1915	 4.696035e-04	 2482	 iter
1916	 4.696035e-04	 2483	 iter
1917	 4.696035e-04	 2484	 iter
1918	 4.696035e-04	 2485	 iter
1919	 4.693645e-04	 2487	 iter
1920	 4.693645e-04	 2489	 iter
1921	 4.693645e-04	 2490	 iter
1922	 4.685504e-04	 2492	 iter
1923	 4.685504e-04	 2493	 iter
1924	 4.679392e-04	 2495	 iter
1925	 4.679392e-04	 2496	 iter
1926	 4.679392e-04	 2497	 iter
1927	 4.679392e-04	 2498	 iter
1928	 4.679392e-04	 2499	 iter
1929	 4.679392e-04	 2500	 iter
1930	 4.675539e-04	 2502	 iter
1931	 4.675539e-04	 2503	 iter
1932	 4.672135e-04	 2505	 iter
1933	 4.672135e-04	 2506	 iter
1934	 4.672135e-04	 2508	 iter
1935	 4.672135e-04	 2509	 iter
1936	 4.665957e-04	 2511	 iter
1937	 4.665957e-04	 2512	 iter
1938	 4.665957e-04	 2513	 iter
1939	 4.665957e-04	 2514	 iter
1940	 4.665957e-04	 2515	 iter
1941	 4.665957e-04	 2516	 iter
1942	 4.659263e-04	 2518	 iter
1943	 4.659263e-04	 2519	 iter
1944	 4.659263e-04	 2521	 iter
1945	 4.659263e-04	 2522	 iter
1946	 4.659263e-04	 2523	 iter
1947	 4.659263e-04	 2524	 iter
1948	 4.659263e-04	 2525	 iter
1949	 4.659263e-04	 2526	 iter
1950	 4.659263e-04	 2527	 iter
1951	 4.659263e-04	 2528	 iter
1952	 4.659263e-04	 2530	 iter
1953	 4.659263e-04	 2531	 iter
1954	 4.659263e-04	 2532	 iter
1955	 4.659263e-04	 2534	 iter
1956	 4.659263e-04	 2535	 iter
1957	 4.659263e-04	 2536	 iter
1958	 4.658807e-04	 2538	 iter
1959	 4.658807e-04	 2539	 iter
1960	 4.658807e-04	 2540	 iter
1961	 4.658807e-04	 2541	 iter
1962	 4.658807e-04	 2543	 iter
1963	 4.658807e-04	 2544	 iter
1964	 4.658807e-04	 2545	 iter
1965	 4.658807e-04	 2547	 iter
1966	 4.655692e-04	 2549	 iter
1967	 4.655692e-04	 2550	 iter
1968	 4.655692e-04	 2552	 iter
1969	 4.655692e-04	 2553	 iter
1970	 4.655584e-04	 2555	 iter
1971	 4.655584e-04	 2556	 iter
1972	 4.655584e-04	 2557	 iter
1973	 4.655584e-04	 2558	 iter
1974	 4.655584e-04	 2559	 iter
1975	 4.654978e-04	 2561	 iter
1976	 4.654978e-04	 2562	 iter
1977	 4.654509e-04	 2564	 iter
1978	 4.654509e-04	 2565	 iter
1979	 4.654170e-04	 2567	 iter
1980	 4.649331e-04	 2569	 iter
1981	 4.646414e-04	 2571	 iter
1982	 4.646414e-04	 2572	 iter
1983	 4.646414e-04	 2573	 iter
1984	 4.646414e-04	 2575	 iter
1985	 4.646414e-04	 2577	 iter
1986	 4.646414e-04	 2578	 iter
1987	 4.646414e-04	 2579	 iter
1988	 4.646414e-04	 2580	 iter
1989	 4.646414e-04	 2581	 iter
1990	 4.646414e-04	 2583	 iter
1991	 4.646414e-04	 2585	 iter
1992	 4.646414e-04	 2587	 iter
1993	 4.646414e-04	 2588	 iter
1994	 4.646414e-04	 2590	 iter
1995	 4.646414e-04	 2591	 iter
1996	 4.646414e-04	 2593	 iter
1997	 4.646414e-04	 2594	 iter
1998	 4.646414e-04	 2596	 iter
1999	 4.646414e-04	 2597	 iter
2000	 4.646414e-04	 2598	 iter
2001	 4.645136e-04	 2600	 iter
2002	 4.645136e-04	 2601	 iter
2003	 4.645136e-04	 2603	 iter
2004	 4.645136e-04	 2604	 iter
2005	 4.645136e-04	 2605	 iter
2006	 4.645136e-04	 2607	 iter
2007	 4.645136e-04	 2609	 iter
2008	 4.645136e-04	 2610	 iter
2009	 4.645136e-04	 2611	 iter
2010	 4.645136e-04	 2612	 iter
2011	 4.645136e-04	 2613	 iter
2012	 4.645136e-04	 2614	 iter
2013	 4.645136e-04	 2616	 iter
2014	 4.645136e-04	 2617	 iter
2015	 4.645136e-04	 2618	 iter
2016	 4.645136e-04	 2619	 iter
2017	 4.645136e-04	 2620	 iter
2018	 4.644338e-04	 2622	 iter
2019	 4.644338e-04	 2623	 iter
2020	 4.644118e-04	 2625	 iter
2021	 4.644118e-04	 2626	 iter
2022	 4.640812e-04	 2628	 iter
2023	 4.640812e-04	 2629	 iter
2024	 4.640812e-04	 2630	 iter
2025	 4.640812e-04	 2632	 iter
2026	 4.640812e-04	 2633	 iter
2027	 4.640812e-04	 2634	 iter
2028	 4.640812e-04	 2635	 iter
2029	 4.640812e-04	 2636	 iter
2030	 4.640812e-04	 2637	 iter
2031	 4.640812e-04	 2638	 iter
2032	 4.640812e-04	 2639	 iter
2033	 4.639531e-04	 2641	 iter
2034	 4.639531e-04	 2642	 iter
2035	 4.637990e-04	 2644	 iter
2036	 4.637990e-04	 2645	 iter
2037	 4.637990e-04	 2646	 iter
2038	 4.637990e-04	 2647	 iter
2039	 4.637356e-04	 2649	 iter
2040	 4.637356e-04	 2650	 iter
2041	 4.637356e-04	 2651	 iter
2042	 4.637356e-04	 2652	 iter
2043	 4.636077e-04	 2654	 iter
2044	 4.636077e-04	 2655	 iter
2045	 4.636077e-04	 2656	 iter
2046	 4.636064e-04	 2658	 iter
2047	 4.635391e-04	 2660	 iter
2048	 4.635316e-04	 2662	 iter
2049	 4.635316e-04	 2663	 iter
2050	 4.632877e-04	 2665	 iter
2051	 4.632877e-04	 2666	 iter
2052	 4.632877e-04	 2667	 iter
2053	 4.632877e-04	 2668	 iter
2054	 4.632348e-04	 2670	 iter
2055	 4.632348e-04	 2671	 iter
2056	 4.632348e-04	 2672	 iter
2057	 4.629647e-04	 2674	 iter
2058	 4.629647e-04	 2675	 iter
2059	 4.629647e-04	 2676	 iter
2060	 4.629647e-04	 2677	 iter
2061	 4.629647e-04	 2678	 iter
2062	 4.629647e-04	 2679	 iter
2063	 4.629647e-04	 2680	 iter
2064	 4.629647e-04	 2681	 iter
2065	 4.629647e-04	 2682	 iter
2066	 4.624295e-04	 2684	 iter
2067	 4.624295e-04	 2685	 iter
2068	 4.624295e-04	 2686	 iter
2069	 4.624295e-04	 2687	 iter
2070	 4.624295e-04	 2688	 iter
2071	 4.624295e-04	 2690	 iter
2072	 4.624295e-04	 2691	 iter
2073	 4.624295e-04	 2692	 iter
2074	 4.624295e-04	 2693	 iter
2075	 4.624295e-04	 2694	 iter
2076	 4.624295e-04	 2695	 iter
2077	 4.624295e-04	 2696	 iter
2078	 4.624028e-04	 2698	 iter
2079	 4.624028e-04	 2699	 iter
2080	 4.624028e-04	 2700	 iter
2081	 4.623984e-04	 2702	 iter
2082	 4.623984e-04	 2703	 iter
2083	 4.621904e-04	 2705	 iter
2084	 4.618466e-04	 2707	 iter
2085	 4.618466e-04	 2708	 iter
2086	 4.618466e-04	 2709	 iter
2087	 4.618466e-04	 2710	 iter
2088	 4.618466e-04	 2711	 iter
2089	 4.618466e-04	 2712	 iter
2090	 4.618466e-04	 2713	 iter
2091	 4.618466e-04	 2714	 iter
2092	 4.614136e-04	 2716	 iter
2093	 4.614136e-04	 2717	 iter
2094	 4.614136e-04	 2718	 iter
2095	 4.614136e-04	 2719	 iter
2096	 4.614136e-04	 2720	 iter
2097	 4.614136e-04	 2721	 iter
2098	 4.614136e-04	 2722	 iter
2099	 4.613470e-04	 2724	 iter
2100	 4.613470e-04	 2725	 iter
2101	 4.613470e-04	 2726	 iter
2102	 4.613470e-04	 2727	 iter
2103	 4.613326e-04	 2729	 iter
2104	 4.612962e-04	 2731	 iter
2105	 4.612962e-04	 2732	 iter
2106	 4.612541e-04	 2734	 iter
2107	 4.612428e-04	 2736	 iter
2108	 4.612428e-04	 2737	 iter
2109	 4.612428e-04	 2738	 iter
2110	 4.612270e-04	 2740	 iter
2111	 4.604582e-04	 2742	 iter
2112	 4.604582e-04	 2743	 iter
2113	 4.604582e-04	 2744	 iter
2114	 4.604582e-04	 2745	 iter
2115	 4.604582e-04	 2746	 iter
2116	 4.604582e-04	 2747	 iter
2117	 4.604582e-04	 2749	 iter
2118	 4.604582e-04	 2750	 iter
2119	 4.604582e-04	 2751	 iter
2120	 4.604582e-04	 2752	 iter
2121	 4.604582e-04	 2753	 iter
2122	 4.604582e-04	 2754	 iter
2123	 4.604582e-04	 2756	 iter
2124	 4.604582e-04	 2757	 iter
2125	 4.604582e-04	 2758	 iter
2126	 4.604158e-04	 2760	 iter
2127	 4.604158e-04	 2761	 iter
2128	 4.604158e-04	 2762	 iter
2129	 4.601989e-04	 2764	 iter
2130	 4.601989e-04	 2765	 iter
2131	 4.601989e-04	 2766	 iter
2132	 4.601989e-04	 2767	 iter
2133	 4.601989e-04	 2768	 iter
2134	 4.601478e-04	 2770	 iter
2135	 4.601478e-04	 2771	 iter
2136	 4.601478e-04	 2772	 iter
2137	 4.601478e-04	 2773	 iter
2138	 4.601478e-04	 2774	 iter
2139	 4.601368e-04	 2776	 iter
2140	 4.599995e-04	 2778	 iter
2141	 4.599598e-04	 2780	 iter
2142	 4.597815e-04	 2782	 iter
2143	 4.597815e-04	 2783	 iter
2144	 4.597815e-04	 2784	 iter
2145	 4.597635e-04	 2786	 iter
2146	 4.597635e-04	 2787	 iter
2147	 4.597635e-04	 2788	 iter
2148	 4.597240e-04	 2790	 iter
2149	 4.596123e-04	 2792	 iter
2150	 4.595752e-04	 2794	 iter
2151	 4.592945e-04	 2796	 iter
2152	 4.592945e-04	 2797	 iter
2153	 4.592945e-04	 2798	 iter
2154	 4.592945e-04	 2799	 iter
2155	 4.592945e-04	 2800	 iter
2156	 4.592945e-04	 2801	 iter
2157	 4.591360e-04	 2803	 iter
2158	 4.591360e-04	 2804	 iter
2159	 4.591360e-04	 2805	 iter
2160	 4.591360e-04	 2806	 iter
2161	 4.589481e-04	 2808	 iter
2162	 4.586610e-04	 2810	 iter
2163	 4.586610e-04	 2811	 iter
2164	 4.586610e-04	 2812	 iter
2165	 4.586610e-04	 2813	 iter
2166	 4.586610e-04	 2814	 iter
2167	 4.586610e-04	 2815	 iter
2168	 4.585515e-04	 2817	 iter
2169	 4.585515e-04	 2818	 iter
2170	 4.585515e-04	 2819	 iter
2171	 4.585515e-04	 2820	 iter
2172	 4.585515e-04	 2821	 iter
2173	 4.584953e-04	 2823	 iter
2174	 4.578911e-04	 2825	 iter
2175	 4.578911e-04	 2826	 iter
2176	 4.578911e-04	 2827	 iter
2177	 4.578911e-04	 2828	 iter
2178	 4.578911e-04	 2829	 iter
2179	 4.578021e-04	 2831	 iter
2180	 4.578021e-04	 2832	 iter
2181	 4.566713e-04	 2834	 iter
2182	 4.566713e-04	 2835	 iter
2183	 4.566713e-04	 2836	 iter
2184	 4.566713e-04	 2837	 iter
2185	 4.566713e-04	 2838	 iter
2186	 4.566713e-04	 2839	 iter
2187	 4.566713e-04	 2840	 iter
2188	 4.566713e-04	 2841	 iter
2189	 4.566713e-04	 2842	 iter
2190	 4.566713e-04	 2843	 iter
2191	 4.566713e-04	 2844	 iter
2192	 4.566713e-04	 2845	 iter
2193	 4.566713e-04	 2846	 iter
2194	 4.566713e-04	 2847	 iter
2195	 4.566713e-04	 2848	 iter
2196	 4.566713e-04	 2849	 iter
2197	 4.565633e-04	 2851	 iter
2198	 4.561771e-04	 2853	 iter
2199	 4.561771e-04	 2854	 iter
2200	 4.558660e-04	 2856	 iter
2201	 4.558660e-04	 2857	 iter
2202	 4.558660e-04	 2858	 iter
2203	 4.553874e-04	 2860	 iter
2204	 4.553874e-04	 2861	 iter
2205	 4.553874e-04	 2862	 iter
2206	 4.553874e-04	 2863	 iter
2207	 4.553874e-04	 2864	 iter
2208	 4.553874e-04	 2865	 iter
2209	 4.553874e-04	 2866	 iter
2210	 4.550729e-04	 2868	 iter
2211	 4.550729e-04	 2869	 iter
2212	 4.550729e-04	 2870	 iter
2213	 4.548798e-04	 2872	 iter
2214	 4.548387e-04	 2874	 iter
2215	 4.548387e-04	 2875	 iter
2216	 4.548387e-04	 2876	 iter
2217	 4.548339e-04	 2878	 iter
2218	 4.548339e-04	 2879	 iter
2219	 4.548339e-04	 2880	 iter
2220	 4.548339e-04	 2881	 iter
2221	 4.548339e-04	 2882	 iter
2222	 4.548339e-04	 2883	 iter
2223	 4.545381e-04	 2885	 iter
2224	 4.545381e-04	 2887	 iter
2225	 4.545381e-04	 2888	 iter
2226	 4.545381e-04	 2889	 iter
2227	 4.541618e-04	 2891	 iter
2228	 4.540391e-04	 2893	 iter
2229	 4.540391e-04	 2894	 iter
2230	 4.540391e-04	 2895	 iter
2231	 4.540391e-04	 2896	 iter
2232	 4.540391e-04	 2897	 iter
2233	 4.540391e-04	 2899	 iter
2234	 4.540391e-04	 2901	 iter
2235	 4.540391e-04	 2902	 iter
2236	 4.540391e-04	 2903	 iter
2237	 4.540266e-04	 2905	 iter
2238	 4.540266e-04	 2906	 iter
2239	 4.539974e-04	 2908	 iter
2240	 4.538034e-04	 2910	 iter
2241	 4.538034e-04	 2911	 iter
2242	 4.538034e-04	 2912	 iter
2243	 4.531781e-04	 2914	 iter
2244	 4.531781e-04	 2915	 iter
2245	 4.531781e-04	 2916	 iter
2246	 4.531781e-04	 2917	 iter
2247	 4.531781e-04	 2918	 iter
2248	 4.529731e-04	 2920	 iter
2249	 4.529731e-04	 2921	 iter
2250	 4.529731e-04	 2922	 iter
2251	 4.529731e-04	 2923	 iter
2252	 4.529731e-04	 2925	 iter
2253	 4.529731e-04	 2926	 iter
2254	 4.529731e-04	 2927	 iter
2255	 4.523374e-04	 2929	 iter
2256	 4.523374e-04	 2930	 iter
2257	 4.523374e-04	 2931	 iter
2258	 4.523374e-04	 2932	 iter
2259	 4.523374e-04	 2933	 iter
2260	 4.523374e-04	 2934	 iter
2261	 4.523374e-04	 2935	 iter
2262	 4.523374e-04	 2936	 iter
2263	 4.523374e-04	 2937	 iter
2264	 4.523374e-04	 2938	 iter
2265	 4.523374e-04	 2939	 iter
2266	 4.523374e-04	 2940	 iter
2267	 4.523374e-04	 2941	 iter
2268	 4.523374e-04	 2943	 iter
2269	 4.522104e-04	 2945	 iter
2270	 4.522104e-04	 2947	 iter
2271	 4.522104e-04	 2948	 iter
2272	 4.522104e-04	 2949	 iter
2273	 4.519871e-04	 2951	 iter
2274	 4.519871e-04	 2952	 iter
2275	 4.517038e-04	 2954	 iter
2276	 4.516592e-04	 2956	 iter
2277	 4.516592e-04	 2957	 iter
2278	 4.516592e-04	 2959	 iter
2279	 4.516592e-04	 2960	 iter
2280	 4.516592e-04	 2961	 iter
2281	 4.516592e-04	 2962	 iter
2282	 4.516592e-04	 2963	 iter
2283	 4.516592e-04	 2964	 iter
2284	 4.516592e-04	 2965	 iter
2285	 4.516592e-04	 2966	 iter
2286	 4.516592e-04	 2967	 iter
2287	 4.515394e-04	 2969	 iter
2288	 4.515333e-04	 2971	 iter
2289	 4.515333e-04	 2973	 iter
2290	 4.515333e-04	 2974	 iter
2291	 4.515333e-04	 2976	 iter
2292	 4.515333e-04	 2977	 iter
2293	 4.515333e-04	 2978	 iter
2294	 4.515333e-04	 2979	 iter
2295	 4.515333e-04	 2981	 iter
2296	 4.515333e-04	 2982	 iter
2297	 4.515333e-04	 2983	 iter
2298	 4.515333e-04	 2984	 iter
2299	 4.514415e-04	 2986	 iter
2300	 4.514415e-04	 2988	 iter
2301	 4.514415e-04	 2990	 iter
2302	 4.514415e-04	 2991	 iter
2303	 4.508875e-04	 2993	 iter
2304	 4.508875e-04	 2995	 iter
2305	 4.508875e-04	 2997	 iter
2306	 4.508875e-04	 2999	 iter
2307	 4.508875e-04	 3000	 iter
2308	 4.508875e-04	 3001	 iter
2309	 4.508875e-04	 3002	 iter
2310	 4.508875e-04	 3004	 iter
2311	 4.508875e-04	 3005	 iter
2312	 4.508875e-04	 3007	 iter
2313	 4.508875e-04	 3008	 iter
2314	 4.508875e-04	 3009	 iter
2315	 4.508875e-04	 3010	 iter
2316	 4.508875e-04	 3012	 iter
2317	 4.508875e-04	 3013	 iter
2318	 4.508875e-04	 3015	 iter
2319	 4.508875e-04	 3017	 iter
2320	 4.508875e-04	 3019	 iter
2321	 4.508875e-04	 3020	 iter
2322	 4.508875e-04	 3021	 iter
2323	 4.505890e-04	 3023	 iter
2324	 4.505890e-04	 3024	 iter
2325	 4.505890e-04	 3025	 iter
2326	 4.505890e-04	 3026	 iter
2327	 4.505890e-04	 3027	 iter
2328	 4.505890e-04	 3028	 iter
2329	 4.505890e-04	 3029	 iter
2330	 4.505890e-04	 3030	 iter
2331	 4.505890e-04	 3031	 iter
2332	 4.505890e-04	 3032	 iter
2333	 4.505890e-04	 3033	 iter
2334	 4.505890e-04	 3034	 iter
2335	 4.505890e-04	 3035	 iter
2336	 4.505890e-04	 3036	 iter
2337	 4.505890e-04	 3037	 iter
2338	 4.505890e-04	 3038	 iter
2339	 4.505890e-04	 3039	 iter
2340	 4.505890e-04	 3040	 iter
2341	 4.504879e-04	 3042	 iter
2342	 4.504879e-04	 3043	 iter
2343	 4.504879e-04	 3044	 iter
2344	 4.504879e-04	 3045	 iter
2345	 4.504879e-04	 3046	 iter
2346	 4.504879e-04	 3047	 iter
2347	 4.504879e-04	 3049	 iter
2348	 4.504879e-04	 3050	 iter
2349	 4.503941e-04	 3052	 iter
2350	 4.503941e-04	 3054	 iter
2351	 4.503941e-04	 3056	 iter
2352	 4.503941e-04	 3057	 iter
2353	 4.503941e-04	 3058	 iter
2354	 4.503941e-04	 3059	 iter
2355	 4.503678e-04	 3061	 iter
2356	 4.503678e-04	 3062	 iter
2357	 4.503678e-04	 3063	 iter
2358	 4.503678e-04	 3064	 iter
2359	 4.503678e-04	 3065	 iter
2360	 4.503678e-04	 3067	 iter
2361	 4.503678e-04	 3068	 iter
2362	 4.502409e-04	 3070	 iter
2363	 4.502409e-04	 3071	 iter
2364	 4.502409e-04	 3072	 iter
2365	 4.502409e-04	 3073	 iter
2366	 4.502409e-04	 3075	 iter
2367	 4.502409e-04	 3076	 iter
2368	 4.502409e-04	 3077	 iter
2369	 4.502409e-04	 3078	 iter
2370	 4.502066e-04	 3080	 iter
2371	 4.502066e-04	 3081	 iter
2372	 4.502066e-04	 3082	 iter
2373	 4.502066e-04	 3083	 iter
2374	 4.502066e-04	 3084	 iter
2375	 4.502066e-04	 3086	 iter
2376	 4.501175e-04	 3088	 iter
2377	 4.501175e-04	 3089	 iter
2378	 4.501175e-04	 3090	 iter
2379	 4.501175e-04	 3091	 iter
2380	 4.501175e-04	 3092	 iter
2381	 4.501175e-04	 3093	 iter
2382	 4.501175e-04	 3095	 iter
2383	 4.499917e-04	 3097	 iter
2384	 4.499917e-04	 3098	 iter
2385	 4.499917e-04	 3099	 iter
2386	 4.499917e-04	 3100	 iter
2387	 4.499917e-04	 3101	 iter
2388	 4.499917e-04	 3103	 iter
2389	 4.499917e-04	 3104	 iter
2390	 4.499555e-04	 3106	 iter
2391	 4.499555e-04	 3107	 iter
2392	 4.499555e-04	 3108	 iter
2393	 4.499156e-04	 3110	 iter
2394	 4.499156e-04	 3112	 iter
2395	 4.499156e-04	 3114	 iter
2396	 4.499156e-04	 3115	 iter
2397	 4.498380e-04	 3117	 iter
2398	 4.498380e-04	 3118	 iter
2399	 4.498380e-04	 3119	 iter
2400	 4.498380e-04	 3120	 iter
2401	 4.498380e-04	 3121	 iter
2402	 4.498380e-04	 3122	 iter
2403	 4.497069e-04	 3124	 iter
2404	 4.497069e-04	 3125	 iter
2405	 4.497069e-04	 3126	 iter
2406	 4.497069e-04	 3127	 iter
2407	 4.497069e-04	 3128	 iter
2408	 4.497069e-04	 3129	 iter
2409	 4.496676e-04	 3131	 iter
2410	 4.496676e-04	 3132	 iter
2411	 4.496676e-04	 3134	 iter
2412	 4.496676e-04	 3135	 iter
2413	 4.496676e-04	 3136	 iter
2414	 4.496676e-04	 3137	 iter
2415	 4.495839e-04	 3139	 iter
2416	 4.495839e-04	 3140	 iter
2417	 4.495839e-04	 3141	 iter
2418	 4.495839e-04	 3142	 iter
2419	 4.495839e-04	 3143	 iter
2420	 4.495839e-04	 3144	 iter
2421	 4.495839e-04	 3145	 iter
2422	 4.495839e-04	 3146	 iter
2423	 4.495839e-04	 3147	 iter
2424	 4.495839e-04	 3148	 iter
2425	 4.495839e-04	 3149	 iter
2426	 4.495839e-04	 3150	 iter
2427	 4.495839e-04	 3151	 iter
2428	 4.495839e-04	 3153	 iter
2429	 4.495532e-04	 3155	 iter
2430	 4.494615e-04	 3157	 iter
2431	 4.494615e-04	 3158	 iter
2432	 4.494615e-04	 3159	 iter
2433	 4.494615e-04	 3160	 iter
2434	 4.494615e-04	 3161	 iter
2435	 4.494615e-04	 3162	 iter
2436	 4.493469e-04	 3164	 iter
2437	 4.493469e-04	 3165	 iter
2438	 4.493469e-04	 3166	 iter
2439	 4.493469e-04	 3167	 iter
2440	 4.493469e-04	 3168	 iter
2441	 4.493469e-04	 3169	 iter
2442	 4.493469e-04	 3170	 iter
2443	 4.493469e-04	 3171	 iter
2444	 4.493469e-04	 3172	 iter
2445	 4.493469e-04	 3173	 iter
2446	 4.493469e-04	 3175	 iter
2447	 4.493469e-04	 3176	 iter
2448	 4.493469e-04	 3177	 iter
2449	 4.492868e-04	 3179	 iter
2450	 4.492868e-04	 3180	 iter
2451	 4.492868e-04	 3181	 iter
2452	 4.492868e-04	 3182	 iter
2453	 4.491553e-04	 3184	 iter
2454	 4.491553e-04	 3185	 iter
2455	 4.491553e-04	 3186	 iter
2456	 4.491553e-04	 3187	 iter
2457	 4.491553e-04	 3188	 iter
2458	 4.491553e-04	 3189	 iter
2459	 4.491553e-04	 3190	 iter
2460	 4.491553e-04	 3191	 iter
2461	 4.491553e-04	 3192	 iter
2462	 4.491553e-04	 3193	 iter
2463	 4.491228e-04	 3195	 iter
2464	 4.491228e-04	 3196	 iter
2465	 4.491228e-04	 3198	 iter
2466	 4.491100e-04	 3200	 iter
2467	 4.491100e-04	 3201	 iter
2468	 4.491100e-04	 3202	 iter
2469	 4.491100e-04	 3203	 iter
2470	 4.491100e-04	 3204	 iter
2471	 4.491100e-04	 3205	 iter
2472	 4.491100e-04	 3206	 iter
2473	 4.490690e-04	 3208	 iter
2474	 4.490468e-04	 3210	 iter
2475	 4.490468e-04	 3211	 iter
2476	 4.490468e-04	 3212	 iter
2477	 4.490271e-04	 3214	 iter
2478	 4.490271e-04	 3215	 iter
2479	 4.490271e-04	 3217	 iter
2480	 4.490271e-04	 3219	 iter
2481	 4.490271e-04	 3220	 iter
2482	 4.489719e-04	 3222	 iter
2483	 4.489719e-04	 3223	 iter
2484	 4.489623e-04	 3225	 iter
2485	 4.489623e-04	 3226	 iter
2486	 4.489623e-04	 3228	 iter
2487	 4.489623e-04	 3229	 iter
2488	 4.489623e-04	 3231	 iter
2489	 4.489623e-04	 3232	 iter
2490	 4.489623e-04	 3233	 iter
2491	 4.489168e-04	 3235	 iter
2492	 4.489168e-04	 3236	 iter
2493	 4.489168e-04	 3237	 iter
2494	 4.489168e-04	 3238	 iter
2495	 4.489168e-04	 3240	 iter
2496	 4.489168e-04	 3241	 iter
2497	 4.489168e-04	 3242	 iter
2498	 4.489168e-04	 3244	 iter
2499	 4.489168e-04	 3245	 iter
2500	 4.489168e-04	 3247	 iter
2501	 4.489168e-04	 3248	 iter
2502	 4.489168e-04	 3250	 iter
2503	 4.489168e-04	 3251	 iter
2504	 4.489060e-04	 3253	 iter
2505	 4.489060e-04	 3254	 iter
2506	 4.489060e-04	 3255	 iter
2507	 4.489060e-04	 3257	 iter
2508	 4.489060e-04	 3258	 iter
2509	 4.489060e-04	 3260	 iter
2510	 4.489060e-04	 3261	 iter
2511	 4.488850e-04	 3263	 iter
2512	 4.488850e-04	 3265	 iter
2513	 4.488337e-04	 3267	 iter
2514	 4.488337e-04	 3268	 iter
2515	 4.488337e-04	 3270	 iter
2516	 4.488337e-04	 3271	 iter
2517	 4.488283e-04	 3273	 iter
2518	 4.488283e-04	 3275	 iter
2519	 4.488283e-04	 3276	 iter
2520	 4.488283e-04	 3277	 iter
2521	 4.488283e-04	 3278	 iter
2522	 4.488283e-04	 3279	 iter
2523	 4.488283e-04	 3281	 iter
2524	 4.488283e-04	 3282	 iter
2525	 4.488283e-04	 3284	 iter
2526	 4.488283e-04	 3285	 iter
2527	 4.488283e-04	 3287	 iter
2528	 4.488283e-04	 3288	 iter
2529	 4.487977e-04	 3290	 iter
2530	 4.487977e-04	 3291	 iter
2531	 4.487977e-04	 3292	 iter
2532	 4.487977e-04	 3293	 iter
2533	 4.487977e-04	 3294	 iter
2534	 4.487977e-04	 3296	 iter
2535	 4.487977e-04	 3298	 iter
2536	 4.487977e-04	 3300	 iter
2537	 4.487977e-04	 3301	 iter
2538	 4.487977e-04	 3302	 iter
2539	 4.487977e-04	 3303	 iter
2540	 4.487977e-04	 3305	 iter
2541	 4.487756e-04	 3307	 iter
2542	 4.487756e-04	 3309	 iter
2543	 4.487533e-04	 3311	 iter
2544	 4.487533e-04	 3312	 iter
2545	 4.487533e-04	 3313	 iter
2546	 4.487533e-04	 3314	 iter
2547	 4.487217e-04	 3316	 iter
2548	 4.487217e-04	 3317	 iter
2549	 4.487217e-04	 3318	 iter
2550	 4.487217e-04	 3319	 iter
2551	 4.487217e-04	 3320	 iter
2552	 4.487217e-04	 3321	 iter
2553	 4.487217e-04	 3322	 iter
2554	 4.487205e-04	 3324	 iter
2555	 4.487205e-04	 3325	 iter
2556	 4.487205e-04	 3326	 iter
2557	 4.487205e-04	 3327	 iter
2558	 4.487205e-04	 3328	 iter
2559	 4.487205e-04	 3329	 iter
2560	 4.487157e-04	 3331	 iter
2561	 4.487117e-04	 3333	 iter
2562	 4.486896e-04	 3335	 iter
2563	 4.486896e-04	 3336	 iter
2564	 4.486788e-04	 3338	 iter
2565	 4.486788e-04	 3339	 iter
2566	 4.486788e-04	 3341	 iter
2567	 4.486788e-04	 3342	 iter
2568	 4.486788e-04	 3343	 iter
2569	 4.486788e-04	 3344	 iter
2570	 4.486566e-04	 3346	 iter
2571	 4.486566e-04	 3347	 iter
2572	 4.486566e-04	 3348	 iter
2573	 4.486566e-04	 3349	 iter
2574	 4.486566e-04	 3350	 iter
2575	 4.486566e-04	 3351	 iter
2576	 4.486566e-04	 3352	 iter
2577	 4.486311e-04	 3354	 iter
2578	 4.486311e-04	 3355	 iter
2579	 4.486287e-04	 3357	 iter
2580	 4.486287e-04	 3358	 iter
2581	 4.486271e-04	 3360	 iter
2582	 4.486271e-04	 3362	 iter
2583	 4.486271e-04	 3363	 iter
2584	 4.486271e-04	 3364	 iter
2585	 4.486271e-04	 3365	 iter
2586	 4.486271e-04	 3367	 iter
2587	 4.486249e-04	 3369	 iter
2588	 4.486249e-04	 3370	 iter
2589	 4.486249e-04	 3371	 iter
2590	 4.486249e-04	 3372	 iter
2591	 4.485994e-04	 3374	 iter
2592	 4.485994e-04	 3375	 iter
2593	 4.485979e-04	 3377	 iter
2594	 4.485979e-04	 3378	 iter
2595	 4.485979e-04	 3379	 iter
2596	 4.485979e-04	 3381	 iter
2597	 4.485803e-04	 3383	 iter
2598	 4.485803e-04	 3384	 iter
2599	 4.485803e-04	 3385	 iter
2600	 4.485784e-04	 3387	 iter
2601	 4.485747e-04	 3389	 iter
2602	 4.485747e-04	 3390	 iter
2603	 4.485747e-04	 3391	 iter
2604	 4.485747e-04	 3392	 iter
2605	 4.485570e-04	 3394	 iter
2606	 4.485570e-04	 3395	 iter
2607	 4.485570e-04	 3396	 iter
2608	 4.485570e-04	 3397	 iter
2609	 4.485570e-04	 3398	 iter
2610	 4.485401e-04	 3400	 iter
2611	 4.485401e-04	 3401	 iter
2612	 4.485401e-04	 3402	 iter
2613	 4.485401e-04	 3403	 iter
2614	 4.485401e-04	 3404	 iter
2615	 4.485401e-04	 3405	 iter
2616	 4.485401e-04	 3407	 iter
2617	 4.485401e-04	 3408	 iter
2618	 4.485260e-04	 3410	 iter
2619	 4.485260e-04	 3411	 iter
2620	 4.485260e-04	 3412	 iter
2621	 4.485260e-04	 3413	 iter
2622	 4.485260e-04	 3414	 iter
2623	 4.485260e-04	 3415	 iter
2624	 4.485260e-04	 3416	 iter
2625	 4.485260e-04	 3417	 iter
2626	 4.485260e-04	 3418	 iter
2627	 4.485260e-04	 3419	 iter
2628	 4.485260e-04	 3420	 iter
2629	 4.485260e-04	 3421	 iter
2630	 4.485260e-04	 3422	 iter
2631	 4.485260e-04	 3424	 iter
2632	 4.485260e-04	 3425	 iter
2633	 4.485260e-04	 3427	 iter
2634	 4.485260e-04	 3428	 iter
2635	 4.485260e-04	 3430	 iter
2636	 4.485179e-04	 3432	 iter
2637	 4.485179e-04	 3433	 iter
2638	 4.484926e-04	 3435	 iter
2639	 4.484926e-04	 3436	 iter
2640	 4.484926e-04	 3438	 iter
2641	 4.484926e-04	 3439	 iter
2642	 4.484926e-04	 3440	 iter
2643	 4.484922e-04	 3442	 iter
2644	 4.484922e-04	 3443	 iter
2645	 4.484922e-04	 3444	 iter
2646	 4.484922e-04	 3445	 iter
2647	 4.484903e-04	 3447	 iter
2648	 4.484903e-04	 3448	 iter
2649	 4.484860e-04	 3450	 iter
2650	 4.484860e-04	 3451	 iter
2651	 4.484860e-04	 3452	 iter
2652	 4.484860e-04	 3453	 iter
2653	 4.484860e-04	 3454	 iter
2654	 4.484860e-04	 3455	 iter
2655	 4.484610e-04	 3457	 iter
2656	 4.484574e-04	 3459	 iter
2657	 4.484574e-04	 3460	 iter
2658	 4.484574e-04	 3461	 iter
2659	 4.484574e-04	 3462	 iter
2660	 4.484574e-04	 3463	 iter
2661	 4.484574e-04	 3464	 iter
2662	 4.484574e-04	 3465	 iter
2663	 4.484574e-04	 3466	 iter
2664	 4.484574e-04	 3467	 iter
2665	 4.484473e-04	 3469	 iter
2666	 4.484473e-04	 3470	 iter
2667	 4.484473e-04	 3472	 iter
2668	 4.484473e-04	 3473	 iter
2669	 4.484473e-04	 3474	 iter
2670	 4.484473e-04	 3475	 iter
2671	 4.484473e-04	 3476	 iter
2672	 4.484473e-04	 3477	 iter
2673	 4.484442e-04	 3479	 iter
2674	 4.484442e-04	 3480	 iter
2675	 4.484442e-04	 3481	 iter
2676	 4.484442e-04	 3482	 iter
2677	 4.484442e-04	 3484	 iter
2678	 4.484289e-04	 3486	 iter
2679	 4.484289e-04	 3487	 iter
2680	 4.484289e-04	 3488	 iter
2681	 4.484289e-04	 3489	 iter
2682	 4.484289e-04	 3490	 iter
2683	 4.484289e-04	 3492	 iter
2684	 4.484289e-04	 3493	 iter
2685	 4.484289e-04	 3494	 iter
2686	 4.484289e-04	 3495	 iter
2687	 4.484289e-04	 3497	 iter
2688	 4.484289e-04	 3498	 iter
2689	 4.484289e-04	 3499	 iter
2690	 4.484289e-04	 3500	 iter
2691	 4.484289e-04	 3502	 iter
2692	 4.484289e-04	 3503	 iter
2693	 4.484289e-04	 3504	 iter
2694	 4.484289e-04	 3505	 iter
2695	 4.484289e-04	 3507	 iter
2696	 4.484289e-04	 3509	 iter
2697	 4.484289e-04	 3511	 iter
2698	 4.484231e-04	 3513	 iter
2699	 4.484231e-04	 3514	 iter
2700	 4.484231e-04	 3515	 iter
2701	 4.484231e-04	 3516	 iter
2702	 4.484231e-04	 3518	 iter
2703	 4.484231e-04	 3520	 iter
2704	 4.484231e-04	 3521	 iter
2705	 4.484231e-04	 3523	 iter
2706	 4.484231e-04	 3525	 iter
2707	 4.484173e-04	 3527	 iter
2708	 4.484173e-04	 3529	 iter
2709	 4.484173e-04	 3530	 iter
2710	 4.484173e-04	 3532	 iter
2711	 4.484173e-04	 3533	 iter
2712	 4.484173e-04	 3534	 iter
2713	 4.484172e-04	 3536	 iter
2714	 4.484172e-04	 3538	 iter
2715	 4.484172e-04	 3539	 iter
2716	 4.484172e-04	 3541	 iter
2717	 4.484172e-04	 3542	 iter
2718	 4.484171e-04	 3544	 iter
2719	 4.484171e-04	 3545	 iter
2720	 4.484169e-04	 3547	 iter
2721	 4.484169e-04	 3548	 iter
2722	 4.484169e-04	 3549	 iter
2723	 4.484169e-04	 3550	 iter
2724	 4.484169e-04	 3551	 iter
2725	 4.484169e-04	 3552	 iter
2726	 4.484147e-04	 3554	 iter
2727	 4.484147e-04	 3555	 iter
2728	 4.484147e-04	 3556	 iter
2729	 4.484147e-04	 3557	 iter
2730	 4.484147e-04	 3558	 iter
2731	 4.484147e-04	 3559	 iter
2732	 4.484147e-04	 3561	 iter
2733	 4.484147e-04	 3563	 iter
2734	 4.484147e-04	 3564	 iter
2735	 4.484147e-04	 3566	 iter
2736	 4.484147e-04	 3568	 iter
2737	 4.484147e-04	 3569	 iter
2738	 4.484147e-04	 3570	 iter
2739	 4.484147e-04	 3571	 iter
2740	 4.484147e-04	 3573	 iter
2741	 4.484145e-04	 3575	 iter
2742	 4.484145e-04	 3576	 iter
2743	 4.484145e-04	 3577	 iter
2744	 4.484145e-04	 3578	 iter
2745	 4.484140e-04	 3580	 iter
2746	 4.484140e-04	 3581	 iter
2747	 4.484128e-04	 3583	 iter
2748	 4.484128e-04	 3584	 iter
2749	 4.484128e-04	 3586	 iter
2750	 4.484128e-04	 3587	 iter
2751	 4.484128e-04	 3589	 iter
2752	 4.484128e-04	 3591	 iter
2753	 4.484128e-04	 3593	 iter
2754	 4.484128e-04	 3594	 iter
2755	 4.484128e-04	 3595	 iter
2756	 4.484122e-04	 3597	 iter
2757	 4.484122e-04	 3598	 iter
2758	 4.484122e-04	 3600	 iter
2759	 4.484122e-04	 3602	 iter
2760	 4.484122e-04	 3603	 iter
2761	 4.484121e-04	 3605	 iter
2762	 4.484121e-04	 3607	 iter
2763	 4.484121e-04	 3608	 iter
2764	 4.484121e-04	 3609	 iter
2765	 4.484121e-04	 3611	 iter
2766	 4.484119e-04	 3613	 iter
2767	 4.484117e-04	 3615	 iter
2768	 4.484117e-04	 3617	 iter
2769	 4.484117e-04	 3619	 iter
2770	 4.484117e-04	 3620	 iter
2771	 4.484114e-04	 3622	 iter
2772	 4.484114e-04	 3623	 iter
2773	 4.484114e-04	 3624	 iter
2774	 4.484114e-04	 3626	 iter
2775	 4.484114e-04	 3628	 iter
2776	 4.484113e-04	 3630	 iter
2777	 4.484108e-04	 3632	 iter
2778	 4.484108e-04	 3634	 iter
2779	 4.484108e-04	 3636	 iter
2780	 4.484108e-04	 3638	 iter
2781	 4.484108e-04	 3639	 iter
2782	 4.484108e-04	 3641	 iter
2783	 4.484108e-04	 3642	 iter
2784	 4.484108e-04	 3643	 iter
2785	 4.484108e-04	 3645	 iter
2786	 4.484108e-04	 3646	 iter
2787	 4.484108e-04	 3647	 iter
2788	 4.484108e-04	 3648	 iter
2789	 4.484108e-04	 3649	 iter
2790	 4.484108e-04	 3651	 iter
2791	 4.484108e-04	 3652	 iter
2792	 4.484107e-04	 3654	 iter
2793	 4.484107e-04	 3655	 iter
2794	 4.484104e-04	 3657	 iter
2795	 4.484104e-04	 3658	 iter
2796	 4.484104e-04	 3659	 iter
2797	 4.484104e-04	 3661	 iter
2798	 4.484104e-04	 3662	 iter
2799	 4.484104e-04	 3663	 iter
2800	 4.484104e-04	 3664	 iter
2801	 4.484104e-04	 3666	 iter
2802	 4.484104e-04	 3668	 iter
2803	 4.484104e-04	 3670	 iter
2804	 4.484104e-04	 3672	 iter
2805	 4.484104e-04	 3673	 iter
2806	 4.484104e-04	 3674	 iter
2807	 4.484104e-04	 3675	 iter
2808	 4.484104e-04	 3676	 iter
2809	 4.484104e-04	 3678	 iter
2810	 4.484104e-04	 3679	 iter
2811	 4.484104e-04	 3681	 iter
2812	 4.484104e-04	 3682	 iter
2813	 4.484104e-04	 3684	 iter
2814	 4.484103e-04	 3686	 iter
2815	 4.484103e-04	 3688	 iter
2816	 4.484103e-04	 3689	 iter
2817	 4.484103e-04	 3691	 iter
2818	 4.484103e-04	 3693	 iter
2819	 4.484103e-04	 3695	 iter
2820	 4.484103e-04	 3696	 iter
2821	 4.484103e-04	 3698	 iter
2822	 4.484103e-04	 3700	 iter
2823	 4.484103e-04	 3701	 iter
2824	 4.484103e-04	 3702	 iter
2825	 4.484103e-04	 3704	 iter
2826	 4.484102e-04	 3706	 iter
2827	 4.484102e-04	 3707	 iter
2828	 4.484102e-04	 3708	 iter
2829	 4.484102e-04	 3710	 iter
2830	 4.484102e-04	 3712	 iter
2831	 4.484102e-04	 3713	 iter
2832	 4.484102e-04	 3715	 iter
2833	 4.484102e-04	 3717	 iter
2834	 4.484102e-04	 3719	 iter
2835	 4.484102e-04	 3721	 iter
2836	 4.484102e-04	 3723	 iter
2837	 4.484102e-04	 3725	 iter
2838	 4.484102e-04	 3727	 iter
2839	 4.484102e-04	 3729	 iter
2840	 4.484102e-04	 3730	 iter
2841	 4.484102e-04	 3731	 iter
2842	 4.484102e-04	 3732	 iter
2843	 4.484102e-04	 3734	 iter
2844	 4.484102e-04	 3735	 iter
2845	 4.484102e-04	 3737	 iter
2846	 4.484102e-04	 3739	 iter
2847	 4.484102e-04	 3740	 iter
2848	 4.484102e-04	 3742	 iter
2849	 4.484102e-04	 3744	 iter
2850	 4.484102e-04	 3746	 iter
2851	 4.484102e-04	 3747	 iter
2852	 4.484102e-04	 3748	 iter
2853	 4.484102e-04	 3749	 iter
2854	 4.484102e-04	 3751	 iter
2855	 4.484101e-04	 3753	 iter
2856	 4.484101e-04	 3755	 iter
2857	 4.484101e-04	 3756	 iter
2858	 4.484101e-04	 3757	 iter
2859	 4.484101e-04	 3758	 iter
2860	 4.484101e-04	 3760	 iter
2861	 4.484101e-04	 3761	 iter
2862	 4.484101e-04	 3762	 iter
2863	 4.484101e-04	 3763	 iter
2864	 4.484101e-04	 3765	 iter
2865	 4.484101e-04	 3766	 iter
2866	 4.484101e-04	 3767	 iter
2867	 4.484101e-04	 3768	 iter
2868	 4.484101e-04	 3769	 iter
2869	 4.484101e-04	 3770	 iter
2870	 4.484101e-04	 3772	 iter
2871	 4.484101e-04	 3773	 iter
2872	 4.484101e-04	 3775	 iter
2873	 4.484101e-04	 3776	 iter
2874	 4.484101e-04	 3777	 iter
2875	 4.484101e-04	 3778	 iter
2876	 4.484101e-04	 3780	 iter
2877	 4.484101e-04	 3781	 iter
2878	 4.484101e-04	 3782	 iter
2879	 4.484101e-04	 3783	 iter
2880	 4.484101e-04	 3784	 iter
2881	 4.484101e-04	 3786	 iter
2882	 4.484101e-04	 3787	 iter
2883	 4.484101e-04	 3788	 iter
2884	 4.484101e-04	 3789	 iter
2885	 4.484101e-04	 3791	 iter
2886	 4.484101e-04	 3793	 iter
2887	 4.484101e-04	 3794	 iter
2888	 4.484101e-04	 3796	 iter
2889	 4.484101e-04	 3798	 iter
2889	 4.484101e-04	 3798	 done
