0	 3.569548e-33	 1	 init
0	 3.569548e-33	 1	 iter
1	 3.569548e-33	 17	 iter
2	 3.569548e-33	 19	 iter
3	 3.569548e-33	 21	 iter
4	 3.569548e-33	 23	 iter
5	 3.569548e-33	 25	 iter
6	 3.569548e-33	 27	 iter
7	 3.569548e-33	 28	 iter
8	 3.569548e-33	 30	 iter
9	 3.569548e-33	 32	 iter
10	 3.569548e-33	 34	 iter
11	 3.569548e-33	 36	 iter
12	 3.569548e-33	 38	 iter
13	 3.569548e-33	 40	 iter
14	 3.569548e-33	 42	 iter
15	 3.569548e-33	 44	 iter
16	 3.569548e-33	 46	 iter
17	 3.569548e-33	 48	 iter
18	 3.569548e-33	 50	 iter
19	 3.569548e-33	 52	 iter
20	 3.569548e-33	 54	 iter
21	 3.569548e-33	 56	 iter
22	 3.569548e-33	 58	 iter
23	 3.569548e-33	 60	 iter
24	 3.569548e-33	 62	 iter
25	 3.569548e-33	 64	 iter
26	 3.569548e-33	 66	 iter
27	 3.569548e-33	 68	 iter
28	 3.569548e-33	 69	 iter
29	 3.569548e-33	 71	 iter
30	 3.569548e-33	 73	 iter
31	 3.569548e-33	 75	 iter
32	 3.569548e-33	 77	 iter
33	 3.569548e-33	 79	 iter
34	 3.569548e-33	 81	 iter
35	 3.569548e-33	 83	 iter
36	 3.569548e-33	 84	 iter
37	 3.569548e-33	 86	 iter
38	 3.569548e-33	 88	 iter
39	 3.569548e-33	 90	 iter
40	 3.569548e-33	 92	 iter
41	 3.569548e-33	 93	 iter
42	 3.569548e-33	 95	 iter
43	 3.569548e-33	 97	 iter
44	 3.569548e-33	 99	 iter
45	 3.569548e-33	 101	 iter
46	 3.569548e-33	 102	 iter
47	 3.569548e-33	 103	 iter
48	 3.569548e-33	 104	 iter
49	 3.569548e-33	 106	 iter
50	 3.569548e-33	 108	 iter
51	 3.569548e-33	 109	 iter
52	 3.569548e-33	 110	 iter
53	 3.569548e-33	 112	 iter
54	 3.569548e-33	 114	 iter
55	 3.569548e-33	 116	 iter
56	 3.569548e-33	 118	 iter
57	 3.569548e-33	 120	 iter
58	 3.569548e-33	 122	 iter
59	 3.569548e-33	 124	 iter
60	 3.569548e-33	 126	 iter
61	 3.569548e-33	 127	 iter
62	 3.569548e-33	 129	 iter
63	 3.569548e-33	 131	 iter
64	 3.569548e-33	 133	 iter
65	 3.569548e-33	 135	 iter
66	 3.569548e-33	 137	 iter
67	 3.569548e-33	 139	 iter
68	 3.569548e-33	 141	 iter
69	 3.569548e-33	 143	 iter
70	 3.569548e-33	 145	 iter
71	 3.569548e-33	 146	 iter
72	 3.569548e-33	 147	 iter
73	 3.569548e-33	 148	 iter
74	 3.569548e-33	 150	 iter
75	 3.569548e-33	 152	 iter
76	 3.569548e-33	 154	 iter
77	 3.569548e-33	 155	 iter
78	 3.569548e-33	 156	 iter
79	 3.569548e-33	 158	 iter
80	 3.569548e-33	 160	 iter
81	 3.569548e-33	 162	 iter
82	 3.569548e-33	 163	 iter
83	 3.569548e-33	 164	 iter
84	 3.569548e-33	 166	 iter
85	 3.569548e-33	 167	 iter
86	 3.569548e-33	 169	 iter
87	 3.569548e-33	 171	 iter
88	 3.569548e-33	 173	 iter
89	 3.569548e-33	 175	 iter
90	 3.569548e-33	 176	 iter
91	 3.569548e-33	 177	 iter
92	 3.569548e-33	 179	 iter
93	 3.569548e-33	 181	 iter
94	 3.569548e-33	 182	 iter
95	 3.569548e-33	 183	 iter
96	 3.569548e-33	 185	 iter
97	 3.569548e-33	 187	 iter
98	 3.569548e-33	 189	 iter
99	 3.569548e-33	 190	 iter
100	 3.569548e-33	 191	 iter
101	 3.569548e-33	 192	 iter
102	 3.569548e-33	 193	 iter
103	 3.569548e-33	 195	 iter
104	 3.569548e-33	 197	 iter
105	 3.569548e-33	 199	 iter
106	 3.569548e-33	 201	 iter
107	 3.569548e-33	 202	 iter
108	 3.569548e-33	 203	 iter
109	 3.569548e-33	 204	 iter
110	 3.569548e-33	 206	 iter
111	 3.569548e-33	 207	 iter
112	 3.569548e-33	 208	 iter
113	 3.569548e-33	 209	 iter
114	 3.569548e-33	 211	 iter
115	 3.569548e-33	 213	 iter
116	 3.569548e-33	 214	 iter
117	 3.569548e-33	 215	 iter
118	 3.569548e-33	 217	 iter
119	 3.569548e-33	 218	 iter
120	 3.569548e-33	 219	 iter
121	 3.569548e-33	 220	 iter
122	 3.569548e-33	 222	 iter
123	 3.569548e-33	 223	 iter
124	 3.569548e-33	 225	 iter
125	 3.569548e-33	 227	 iter
126	 3.569548e-33	 228	 iter
127	 3.569548e-33	 229	 iter
128	 3.569548e-33	 230	 iter
129	 3.569548e-33	 231	 iter
130	 3.569548e-33	 232	 iter
131	 3.569548e-33	 233	 iter
132	 3.569548e-33	 234	 iter
133	 3.569548e-33	 236	 iter
134	 3.569548e-33	 237	 iter
135	 3.569548e-33	 238	 iter
136	 3.569548e-33	 239	 iter
137	 3.569548e-33	 241	 iter
138	 3.569548e-33	 243	 iter
139	 3.569548e-33	 244	 iter
140	 3.569548e-33	 245	 iter
141	 3.569548e-33	 247	 iter
142	 3.569548e-33	 248	 iter
143	 3.569548e-33	 249	 iter
144	 3.569548e-33	 250	 iter
145	 3.569548e-33	 252	 iter
146	 3.569548e-33	 253	 iter
147	 3.569548e-33	 254	 iter
148	 3.569548e-33	 255	 iter
149	 3.569548e-33	 256	 iter
150	 3.569548e-33	 258	 iter
151	 3.569548e-33	 259	 iter
152	 3.569548e-33	 260	 iter
153	 3.569548e-33	 261	 iter
154	 3.569548e-33	 263	 iter
155	 3.569548e-33	 265	 iter
156	 3.569548e-33	 267	 iter
157	 3.569548e-33	 269	 iter
158	 3.569548e-33	 270	 iter
159	 3.569548e-33	 271	 iter
160	 3.569548e-33	 273	 iter
161	 3.569548e-33	 274	 iter
162	 3.569548e-33	 276	 iter
163	 3.569548e-33	 278	 iter
164	 3.569548e-33	 279	 iter
165	 3.569548e-33	 281	 iter
166	 3.569548e-33	 282	 iter
167	 3.569548e-33	 283	 iter
168	 3.569548e-33	 284	 iter
168	 3.569548e-33	 284	 done
