0	 7.210755e-33	 1	 init
0	 7.210755e-33	 1	 iter
1	 7.210755e-33	 17	 iter
2	 7.210755e-33	 19	 iter
3	 7.210755e-33	 21	 iter
4	 7.210755e-33	 23	 iter
5	 7.210755e-33	 25	 iter
6	 7.210755e-33	 27	 iter
7	 7.210755e-33	 28	 iter
8	 7.210755e-33	 30	 iter
9	 7.210755e-33	 32	 iter
10	 7.210755e-33	 33	 iter
11	 7.210755e-33	 35	 iter
12	 7.210755e-33	 36	 iter
13	 7.210755e-33	 38	 iter
14	 7.210755e-33	 40	 iter
15	 7.210755e-33	 42	 iter
16	 7.210755e-33	 44	 iter
17	 7.210755e-33	 46	 iter
18	 7.210755e-33	 48	 iter
19	 7.210755e-33	 50	 iter
20	 7.210755e-33	 52	 iter
21	 7.210755e-33	 54	 iter
22	 7.210755e-33	 56	 iter
23	 7.210755e-33	 58	 iter
24	 7.210755e-33	 60	 iter
25	 7.210755e-33	 62	 iter
26	 7.210755e-33	 64	 iter
27	 7.210755e-33	 66	 iter
28	 7.210755e-33	 68	 iter
29	 7.210755e-33	 70	 iter
30	 7.210755e-33	 72	 iter
31	 7.210755e-33	 74	 iter
32	 7.210755e-33	 76	 iter
33	 7.210755e-33	 78	 iter
34	 7.210755e-33	 80	 iter
35	 7.210755e-33	 82	 iter
36	 7.210755e-33	 84	 iter
37	 7.210755e-33	 86	 iter
38	 7.210755e-33	 88	 iter
39	 7.210755e-33	 90	 iter
40	 7.210755e-33	 92	 iter
41	 7.210755e-33	 93	 iter
42	 7.210755e-33	 95	 iter
43	 7.210755e-33	 96	 iter
44	 7.210755e-33	 97	 iter
45	 7.210755e-33	 99	 iter
46	 7.210755e-33	 101	 iter
47	 7.210755e-33	 103	 iter
48	 7.210755e-33	 105	 iter
49	 7.210755e-33	 107	 iter
50	 7.210755e-33	 108	 iter
51	 7.210755e-33	 110	 iter
52	 7.210755e-33	 112	 iter
53	 7.210755e-33	 113	 iter
54	 7.210755e-33	 115	 iter
55	 7.210755e-33	 117	 iter
56	 7.210755e-33	 119	 iter
57	 7.210755e-33	 121	 iter
58	 7.210755e-33	 122	 iter
59	 7.210755e-33	 124	 iter
60	 7.210755e-33	 126	 iter
61	 7.210755e-33	 128	 iter
62	 7.210755e-33	 130	 iter
63	 7.210755e-33	 131	 iter
64	 7.210755e-33	 133	 iter
65	 7.210755e-33	 134	 iter
66	 7.210755e-33	 136	 iter
67	 7.210755e-33	 138	 iter
68	 7.210755e-33	 139	 iter
69	 7.210755e-33	 140	 iter
70	 7.210755e-33	 142	 iter
71	 7.210755e-33	 144	 iter
72	 7.210755e-33	 146	 iter
73	 7.210755e-33	 148	 iter
74	 7.210755e-33	 150	 iter
75	 7.210755e-33	 151	 iter
76	 7.210755e-33	 152	 iter
77	 7.210755e-33	 154	 iter
78	 7.210755e-33	 156	 iter
79	 7.210755e-33	 157	 iter
80	 7.210755e-33	 159	 iter
81	 7.210755e-33	 161	 iter
82	 7.210755e-33	 163	 iter
83	 7.210755e-33	 165	 iter
84	 7.210755e-33	 166	 iter
85	 7.210755e-33	 168	 iter
86	 7.210755e-33	 169	 iter
87	 7.210755e-33	 171	 iter
88	 7.210755e-33	 172	 iter
89	 7.210755e-33	 174	 iter
90	 7.210755e-33	 176	 iter
91	 7.210755e-33	 177	 iter
92	 7.210755e-33	 178	 iter
93	 7.210755e-33	 180	 iter
94	 7.210755e-33	 182	 iter
95	 7.210755e-33	 184	 iter
96	 7.210755e-33	 185	 iter
97	 7.210755e-33	 187	 iter
98	 7.210755e-33	 189	 iter
99	 7.210755e-33	 191	 iter
100	 7.210755e-33	 193	 iter
101	 7.210755e-33	 194	 iter
102	 7.210755e-33	 195	 iter
103	 7.210755e-33	 197	 iter
104	 7.210755e-33	 198	 iter
105	 7.210755e-33	 199	 iter
106	 7.210755e-33	 201	 iter
107	 7.210755e-33	 203	 iter
108	 7.210755e-33	 205	 iter
109	 7.210755e-33	 207	 iter
110	 7.210755e-33	 209	 iter
111	 7.210755e-33	 211	 iter
112	 7.210755e-33	 212	 iter
113	 7.210755e-33	 214	 iter
114	 7.210755e-33	 215	 iter
115	 7.210755e-33	 216	 iter
116	 7.210755e-33	 218	 iter
117	 7.210755e-33	 220	 iter
118	 7.210755e-33	 222	 iter
119	 7.210755e-33	 224	 iter
120	 7.210755e-33	 225	 iter
121	 7.210755e-33	 226	 iter
122	 7.210755e-33	 228	 iter
123	 7.210755e-33	 230	 iter
124	 7.210755e-33	 231	 iter
125	 7.210755e-33	 233	 iter
126	 7.210755e-33	 235	 iter
127	 7.210755e-33	 237	 iter
128	 7.210755e-33	 238	 iter
129	 7.210755e-33	 239	 iter
130	 7.210755e-33	 240	 iter
131	 7.210755e-33	 241	 iter
132	 7.210755e-33	 242	 iter
133	 7.210755e-33	 243	 iter
134	 7.210755e-33	 245	 iter
135	 7.210755e-33	 247	 iter
136	 7.210755e-33	 249	 iter
137	 7.210755e-33	 251	 iter
138	 7.210755e-33	 252	 iter
139	 7.210755e-33	 253	 iter
140	 7.210755e-33	 254	 iter
141	 7.210755e-33	 256	 iter
142	 7.210755e-33	 258	 iter
143	 7.210755e-33	 259	 iter
144	 7.210755e-33	 261	 iter
145	 7.210755e-33	 262	 iter
146	 7.210755e-33	 264	 iter
147	 7.210755e-33	 266	 iter
148	 7.210755e-33	 267	 iter
149	 7.210755e-33	 269	 iter
150	 7.210755e-33	 271	 iter
151	 7.210755e-33	 273	 iter
152	 7.210755e-33	 274	 iter
153	 7.210755e-33	 275	 iter
154	 7.210755e-33	 277	 iter
155	 7.210755e-33	 278	 iter
156	 7.210755e-33	 280	 iter
157	 7.210755e-33	 281	 iter
158	 7.210755e-33	 283	 iter
159	 7.210755e-33	 285	 iter
160	 7.210755e-33	 286	 iter
161	 7.210755e-33	 288	 iter
162	 7.210755e-33	 290	 iter
163	 7.210755e-33	 291	 iter
164	 7.210755e-33	 292	 iter
165	 7.210755e-33	 294	 iter
166	 7.210755e-33	 295	 iter
167	 7.210755e-33	 296	 iter
167	 7.210755e-33	 296	 done
