0	 5.454995e-33	 1	 init
0	 5.454995e-33	 1	 iter
1	 5.454995e-33	 17	 iter
2	 5.454995e-33	 19	 iter
3	 5.454995e-33	 21	 iter
4	 5.454995e-33	 23	 iter
5	 5.454995e-33	 25	 iter
6	 5.454995e-33	 27	 iter
7	 5.454995e-33	 29	 iter
8	 5.454995e-33	 31	 iter
9	 5.454995e-33	 33	 iter
10	 5.454995e-33	 35	 iter
11	 5.454995e-33	 37	 iter
12	 5.454995e-33	 39	 iter
13	 5.454995e-33	 41	 iter
14	 5.454995e-33	 43	 iter
15	 5.454995e-33	 45	 iter
16	 5.454995e-33	 47	 iter
17	 5.454995e-33	 49	 iter
18	 5.454995e-33	 51	 iter
19	 5.454995e-33	 53	 iter
20	 5.454995e-33	 55	 iter
21	 5.454995e-33	 57	 iter
22	 5.454995e-33	 59	 iter
23	 5.454995e-33	 61	 iter
24	 5.454995e-33	 63	 iter
25	 5.454995e-33	 65	 iter
26	 5.454995e-33	 67	 iter
27	 5.454995e-33	 69	 iter
28	 5.454995e-33	 71	 iter
29	 5.454995e-33	 73	 iter
30	 5.454995e-33	 75	 iter
31	 5.454995e-33	 77	 iter
32	 5.454995e-33	 79	 iter
33	 5.454995e-33	 81	 iter
34	 5.454995e-33	 83	 iter
35	 5.454995e-33	 84	 iter
36	 5.454995e-33	 85	 iter
37	 5.454995e-33	 87	 iter
38	 5.454995e-33	 89	 iter
39	 5.454995e-33	 91	 iter
40	 5.454995e-33	 93	 iter
41	 5.454995e-33	 95	 iter
42	 5.454995e-33	 97	 iter
43	 5.454995e-33	 99	 iter
44	 5.454995e-33	 101	 iter
45	 5.454995e-33	 103	 iter
46	 5.454995e-33	 105	 iter
47	 5.454995e-33	 107	 iter
48	 5.454995e-33	 109	 iter
49	 5.454995e-33	 111	 iter
50	 5.454995e-33	 113	 iter
51	 5.454995e-33	 115	 iter
52	 5.454995e-33	 117	 iter
53	 5.454995e-33	 119	 iter
54	 5.454995e-33	 120	 iter
55	 5.454995e-33	 122	 iter
56	 5.454995e-33	 124	 iter
57	 5.454995e-33	 126	 iter
58	 5.454995e-33	 128	 iter
59	 5.454995e-33	 130	 iter
60	 5.454995e-33	 132	 iter
61	 5.454995e-33	 134	 iter
62	 5.454995e-33	 136	 iter
63	 5.454995e-33	 138	 iter
64	 5.454995e-33	 140	 iter
65	 5.454995e-33	 142	 iter
66	 5.454995e-33	 144	 iter
67	 5.454995e-33	 146	 iter
68	 5.454995e-33	 147	 iter
69	 5.454995e-33	 148	 iter
70	 5.454995e-33	 150	 iter
71	 5.454995e-33	 152	 iter
72	 5.454995e-33	 154	 iter
73	 5.454995e-33	 156	 iter
74	 5.454995e-33	 158	 iter
75	 5.454995e-33	 159	 iter
76	 5.454995e-33	 161	 iter
77	 5.454995e-33	 163	 iter
78	 5.454995e-33	 164	 iter
79	 5.454995e-33	 165	 iter
80	 5.454995e-33	 167	 iter
81	 5.454995e-33	 169	 iter
82	 5.454995e-33	 170	 iter
83	 5.454995e-33	 171	 iter
84	 5.454995e-33	 173	 iter
85	 5.454995e-33	 174	 iter
86	 5.454995e-33	 176	 iter
87	 5.454995e-33	 177	 iter
88	 5.454995e-33	 179	 iter
89	 5.454995e-33	 180	 iter
90	 5.454995e-33	 182	 iter
91	 5.454995e-33	 184	 iter
92	 5.454995e-33	 185	 iter
93	 5.454995e-33	 187	 iter
94	 5.454995e-33	 189	 iter
95	 5.454995e-33	 191	 iter
96	 5.454995e-33	 193	 iter
97	 5.454995e-33	 194	 iter
98	 5.454995e-33	 195	 iter
99	 5.454995e-33	 197	 iter
100	 5.454995e-33	 199	 iter
101	 5.454995e-33	 200	 iter
102	 5.454995e-33	 202	 iter
103	 5.454995e-33	 203	 iter
104	 5.454995e-33	 205	 iter
105	 5.454995e-33	 207	 iter
106	 5.454995e-33	 209	 iter
107	 5.454995e-33	 210	 iter
108	 5.454995e-33	 211	 iter
109	 5.454995e-33	 213	 iter
110	 5.454995e-33	 215	 iter
111	 5.454995e-33	 217	 iter
112	 5.454995e-33	 218	 iter
113	 5.454995e-33	 220	 iter
114	 5.454995e-33	 221	 iter
115	 5.454995e-33	 222	 iter
116	 5.454995e-33	 224	 iter
117	 5.454995e-33	 226	 iter
118	 5.454995e-33	 228	 iter
119	 5.454995e-33	 229	 iter
120	 5.454995e-33	 230	 iter
121	 5.454995e-33	 232	 iter
122	 5.454995e-33	 234	 iter
123	 5.454995e-33	 235	 iter
124	 5.454995e-33	 236	 iter
125	 5.454995e-33	 238	 iter
126	 5.454995e-33	 240	 iter
127	 5.454995e-33	 241	 iter
128	 5.454995e-33	 242	 iter
129	 5.454995e-33	 243	 iter
130	 5.454995e-33	 244	 iter
131	 5.454995e-33	 245	 iter
132	 5.454995e-33	 246	 iter
133	 5.454995e-33	 247	 iter
134	 5.454995e-33	 248	 iter
135	 5.454995e-33	 249	 iter
136	 5.454995e-33	 250	 iter
137	 5.454995e-33	 251	 iter
138	 5.454995e-33	 252	 iter
139	 5.454995e-33	 253	 iter
140	 5.454995e-33	 255	 iter
141	 5.454995e-33	 257	 iter
142	 5.454995e-33	 258	 iter
143	 5.454995e-33	 260	 iter
144	 5.454995e-33	 262	 iter
145	 5.454995e-33	 263	 iter
146	 5.454995e-33	 264	 iter
147	 5.454995e-33	 266	 iter
148	 5.454995e-33	 267	 iter
149	 5.454995e-33	 269	 iter
150	 5.454995e-33	 270	 iter
151	 5.454995e-33	 271	 iter
151	 5.454995e-33	 271	 done
