0	 1.786983e-33	 1	 init
0	 1.786983e-33	 1	 iter
1	 1.786983e-33	 17	 iter
2	 1.786983e-33	 19	 iter
3	 1.786983e-33	 21	 iter
4	 1.786983e-33	 23	 iter
5	 1.786983e-33	 25	 iter
6	 1.786983e-33	 27	 iter
7	 1.786983e-33	 29	 iter
8	 1.786983e-33	 31	 iter
9	 1.786983e-33	 33	 iter
10	 1.786983e-33	 35	 iter
11	 1.786983e-33	 37	 iter
12	 1.786983e-33	 39	 iter
13	 1.786983e-33	 41	 iter
14	 1.786983e-33	 43	 iter
15	 1.786983e-33	 45	 iter
16	 1.786983e-33	 47	 iter
17	 1.786983e-33	 49	 iter
18	 1.786983e-33	 51	 iter
19	 1.786983e-33	 53	 iter
20	 1.786983e-33	 55	 iter
21	 1.786983e-33	 57	 iter
22	 1.786983e-33	 59	 iter
23	 1.786983e-33	 61	 iter
24	 1.786983e-33	 63	 iter
25	 1.786983e-33	 64	 iter
26	 1.786983e-33	 66	 iter
27	 1.786983e-33	 68	 iter
28	 1.786983e-33	 70	 iter
29	 1.786983e-33	 72	 iter
30	 1.786983e-33	 74	 iter
31	 1.786983e-33	 76	 iter
32	 1.786983e-33	 78	 iter
33	 1.786983e-33	 80	 iter
34	 1.786983e-33	 81	 iter
35	 1.786983e-33	 83	 iter
36	 1.786983e-33	 85	 iter
37	 1.786983e-33	 87	 iter
38	 1.786983e-33	 89	 iter
39	 1.786983e-33	 91	 iter
40	 1.786983e-33	 92	 iter
41	 1.786983e-33	 94	 iter
42	 1.786983e-33	 96	 iter
43	 1.786983e-33	 97	 iter
44	 1.786983e-33	 99	 iter
45	 1.786983e-33	 101	 iter
46	 1.786983e-33	 102	 iter
47	 1.786983e-33	 104	 iter
48	 1.786983e-33	 106	 iter
49	 1.786983e-33	 108	 iter
50	 1.786983e-33	 110	 iter
51	 1.786983e-33	 112	 iter
52	 1.786983e-33	 114	 iter
53	 1.786983e-33	 115	 iter
54	 1.786983e-33	 117	 iter
55	 1.786983e-33	 119	 iter
56	 1.786983e-33	 120	 iter
57	 1.786983e-33	 122	 iter
58	 1.786983e-33	 123	 iter
59	 1.786983e-33	 125	 iter
60	 1.786983e-33	 126	 iter
61	 1.786983e-33	 128	 iter
62	 1.786983e-33	 130	 iter
63	 1.786983e-33	 131	 iter
64	 1.786983e-33	 133	 iter
65	 1.786983e-33	 134	 iter
66	 1.786983e-33	 135	 iter
67	 1.786983e-33	 137	 iter
68	 1.786983e-33	 139	 iter
69	 1.786983e-33	 140	 iter
70	 1.786983e-33	 141	 iter
71	 1.786983e-33	 143	 iter
72	 1.786983e-33	 145	 iter
73	 1.786983e-33	 147	 iter
74	 1.786983e-33	 149	 iter
75	 1.786983e-33	 150	 iter
76	 1.786983e-33	 152	 iter
77	 1.786983e-33	 154	 iter
78	 1.786983e-33	 155	 iter
79	 1.786983e-33	 156	 iter
80	 1.786983e-33	 158	 iter
81	 1.786983e-33	 160	 iter
82	 1.786983e-33	 161	 iter
83	 1.786983e-33	 163	 iter
84	 1.786983e-33	 164	 iter
85	 1.786983e-33	 166	 iter
86	 1.786983e-33	 168	 iter
87	 1.786983e-33	 169	 iter
88	 1.786983e-33	 171	 iter
89	 1.786983e-33	 172	 iter
90	 1.786983e-33	 173	 iter
91	 1.786983e-33	 175	 iter
92	 1.786983e-33	 176	 iter
93	 1.786983e-33	 177	 iter
94	 1.786983e-33	 179	 iter
95	 1.786983e-33	 181	 iter
96	 1.786983e-33	 182	 iter
97	 1.786983e-33	 184	 iter
98	 1.786983e-33	 186	 iter
99	 1.786983e-33	 187	 iter
100	 1.786983e-33	 189	 iter
101	 1.786983e-33	 191	 iter
102	 1.786983e-33	 193	 iter
103	 1.786983e-33	 194	 iter
104	 1.786983e-33	 196	 iter
105	 1.786983e-33	 197	 iter
106	 1.786983e-33	 199	 iter
107	 1.786983e-33	 200	 iter
108	 1.786983e-33	 202	 iter
109	 1.786983e-33	 204	 iter
110	 1.786983e-33	 205	 iter
111	 1.786983e-33	 207	 iter
112	 1.786983e-33	 209	 iter
113	 1.786983e-33	 210	 iter
114	 1.786983e-33	 212	 iter
115	 1.786983e-33	 213	 iter
116	 1.786983e-33	 215	 iter
117	 1.786983e-33	 217	 iter
118	 1.786983e-33	 219	 iter
119	 1.786983e-33	 221	 iter
120	 1.786983e-33	 222	 iter
121	 1.786983e-33	 223	 iter
122	 1.786983e-33	 225	 iter
123	 1.786983e-33	 226	 iter
124	 1.786983e-33	 227	 iter
125	 1.786983e-33	 229	 iter
126	 1.786983e-33	 231	 iter
127	 1.786983e-33	 232	 iter
128	 1.786983e-33	 234	 iter
129	 1.786983e-33	 236	 iter
130	 1.786983e-33	 237	 iter
131	 1.786983e-33	 239	 iter
132	 1.786983e-33	 240	 iter
133	 1.786983e-33	 242	 iter
134	 1.786983e-33	 244	 iter
135	 1.786983e-33	 245	 iter
136	 1.786983e-33	 247	 iter
137	 1.786983e-33	 248	 iter
138	 1.786983e-33	 249	 iter
139	 1.786983e-33	 250	 iter
140	 1.786983e-33	 252	 iter
141	 1.786983e-33	 254	 iter
142	 1.786983e-33	 255	 iter
143	 1.786983e-33	 257	 iter
144	 1.786983e-33	 258	 iter
145	 1.786983e-33	 259	 iter
146	 1.786983e-33	 261	 iter
147	 1.786983e-33	 263	 iter
148	 1.786983e-33	 264	 iter
149	 1.786983e-33	 266	 iter
150	 1.786983e-33	 268	 iter
151	 1.786983e-33	 269	 iter
152	 1.786983e-33	 270	 iter
153	 1.786983e-33	 271	 iter
154	 1.786983e-33	 273	 iter
155	 1.786983e-33	 274	 iter
156	 1.786983e-33	 276	 iter
157	 1.786983e-33	 278	 iter
158	 1.786983e-33	 280	 iter
159	 1.786983e-33	 282	 iter
160	 1.786983e-33	 284	 iter
161	 1.786983e-33	 286	 iter
162	 1.786983e-33	 288	 iter
163	 1.786983e-33	 289	 iter
164	 1.786983e-33	 290	 iter
165	 1.786983e-33	 292	 iter
166	 1.786983e-33	 294	 iter
167	 1.786983e-33	 296	 iter
168	 1.786983e-33	 298	 iter
168	 1.786983e-33	 298	 done
