0	 1.094984e-32	 1	 init
0	 1.094984e-32	 1	 iter
1	 1.094984e-32	 17	 iter
2	 1.094984e-32	 19	 iter
3	 1.094984e-32	 21	 iter
4	 1.094984e-32	 23	 iter
5	 1.094984e-32	 25	 iter
6	 1.094984e-32	 27	 iter
7	 1.094984e-32	 28	 iter
8	 1.094984e-32	 30	 iter
9	 1.094984e-32	 32	 iter
10	 1.094984e-32	 34	 iter
11	 1.094984e-32	 36	 iter
12	 1.094984e-32	 38	 iter
13	 1.094984e-32	 40	 iter
14	 1.094984e-32	 42	 iter
15	 1.094984e-32	 44	 iter
16	 1.094984e-32	 46	 iter
17	 1.094984e-32	 48	 iter
18	 1.094984e-32	 50	 iter
19	 1.094984e-32	 52	 iter
20	 1.094984e-32	 53	 iter
21	 1.094984e-32	 55	 iter
22	 1.094984e-32	 57	 iter
23	 1.094984e-32	 59	 iter
24	 1.094984e-32	 61	 iter
25	 1.094984e-32	 63	 iter
26	 1.094984e-32	 65	 iter
27	 1.094984e-32	 67	 iter
28	 1.094984e-32	 69	 iter
29	 1.094984e-32	 71	 iter
30	 1.094984e-32	 73	 iter
31	 1.094984e-32	 75	 iter
32	 1.094984e-32	 77	 iter
33	 1.094984e-32	 79	 iter
34	 1.094984e-32	 81	 iter
35	 1.094984e-32	 83	 iter
36	 1.094984e-32	 85	 iter
37	 1.094984e-32	 87	 iter
38	 1.094984e-32	 89	 iter
39	 1.094984e-32	 90	 iter
40	 1.094984e-32	 91	 iter
41	 1.094984e-32	 93	 iter
42	 1.094984e-32	 95	 iter
43	 1.094984e-32	 97	 iter
44	 1.094984e-32	 99	 iter
45	 1.094984e-32	 101	 iter
46	 1.094984e-32	 103	 iter
47	 1.094984e-32	 105	 iter
48	 1.094984e-32	 107	 iter
49	 1.094984e-32	 109	 iter
50	 1.094984e-32	 111	 iter
51	 1.094984e-32	 112	 iter
52	 1.094984e-32	 114	 iter
53	 1.094984e-32	 115	 iter
54	 1.094984e-32	 116	 iter
55	 1.094984e-32	 118	 iter
56	 1.094984e-32	 120	 iter
57	 1.094984e-32	 122	 iter
58	 1.094984e-32	 124	 iter
59	 1.094984e-32	 126	 iter
60	 1.094984e-32	 127	 iter
61	 1.094984e-32	 129	 iter
62	 1.094984e-32	 131	 iter
63	 1.094984e-32	 133	 iter
64	 1.094984e-32	 135	 iter
65	 1.094984e-32	 137	 iter
66	 1.094984e-32	 138	 iter
67	 1.094984e-32	 139	 iter
68	 1.094984e-32	 140	 iter
69	 1.094984e-32	 142	 iter
70	 1.094984e-32	 144	 iter
71	 1.094984e-32	 145	 iter
72	 1.094984e-32	 147	 iter
73	 1.094984e-32	 148	 iter
74	 1.094984e-32	 150	 iter
75	 1.094984e-32	 151	 iter
76	 1.094984e-32	 153	 iter
77	 1.094984e-32	 155	 iter
78	 1.094984e-32	 157	 iter
79	 1.094984e-32	 159	 iter
80	 1.094984e-32	 160	 iter
81	 1.094984e-32	 161	 iter
82	 1.094984e-32	 162	 iter
83	 1.094984e-32	 164	 iter
84	 1.094984e-32	 166	 iter
85	 1.094984e-32	 168	 iter
86	 1.094984e-32	 170	 iter
87	 1.094984e-32	 172	 iter
88	 1.094984e-32	 173	 iter
89	 1.094984e-32	 175	 iter
90	 1.094984e-32	 176	 iter
91	 1.094984e-32	 177	 iter
92	 1.094984e-32	 178	 iter
93	 1.094984e-32	 179	 iter
94	 1.094984e-32	 180	 iter
95	 1.094984e-32	 181	 iter
96	 1.094984e-32	 182	 iter
97	 1.094984e-32	 183	 iter
98	 1.094984e-32	 184	 iter
99	 1.094984e-32	 186	 iter
100	 1.094984e-32	 187	 iter
101	 1.094984e-32	 188	 iter
102	 1.094984e-32	 190	 iter
103	 1.094984e-32	 192	 iter
104	 1.094984e-32	 193	 iter
105	 1.094984e-32	 195	 iter
106	 1.094984e-32	 197	 iter
107	 1.094984e-32	 198	 iter
108	 1.094984e-32	 200	 iter
109	 1.094984e-32	 201	 iter
110	 1.094984e-32	 203	 iter
111	 1.094984e-32	 204	 iter
112	 1.094984e-32	 205	 iter
113	 1.094984e-32	 207	 iter
114	 1.094984e-32	 209	 iter
115	 1.094984e-32	 211	 iter
116	 1.094984e-32	 212	 iter
117	 1.094984e-32	 214	 iter
118	 1.094984e-32	 216	 iter
119	 1.094984e-32	 217	 iter
120	 1.094984e-32	 218	 iter
121	 1.094984e-32	 220	 iter
122	 1.094984e-32	 222	 iter
123	 1.094984e-32	 224	 iter
124	 1.094984e-32	 226	 iter
125	 1.094984e-32	 227	 iter
126	 1.094984e-32	 228	 iter
127	 1.094984e-32	 230	 iter
128	 1.094984e-32	 231	 iter
129	 1.094984e-32	 233	 iter
130	 1.094984e-32	 234	 iter
131	 1.094984e-32	 236	 iter
132	 1.094984e-32	 237	 iter
133	 1.094984e-32	 239	 iter
134	 1.094984e-32	 240	 iter
135	 1.094984e-32	 241	 iter
136	 1.094984e-32	 242	 iter
137	 1.094984e-32	 244	 iter
138	 1.094984e-32	 245	 iter
139	 1.094984e-32	 247	 iter
140	 1.094984e-32	 248	 iter
141	 1.094984e-32	 250	 iter
142	 1.094984e-32	 252	 iter
143	 1.094984e-32	 253	 iter
144	 1.094984e-32	 254	 iter
145	 1.094984e-32	 255	 iter
146	 1.094984e-32	 256	 iter
147	 1.094984e-32	 258	 iter
148	 1.094984e-32	 259	 iter
149	 1.094984e-32	 261	 iter
150	 1.094984e-32	 263	 iter
151	 1.094984e-32	 265	 iter
152	 1.094984e-32	 266	 iter
153	 1.094984e-32	 267	 iter
154	 1.094984e-32	 269	 iter
155	 1.094984e-32	 270	 iter
156	 1.094984e-32	 271	 iter
157	 1.094984e-32	 272	 iter
158	 1.094984e-32	 274	 iter
159	 1.094984e-32	 275	 iter
160	 1.094984e-32	 277	 iter
161	 1.094984e-32	 279	 iter
162	 1.094984e-32	 281	 iter
163	 1.094984e-32	 283	 iter
164	 1.094984e-32	 284	 iter
165	 1.094984e-32	 285	 iter
166	 1.094984e-32	 286	 iter
167	 1.094984e-32	 287	 iter
168	 1.094984e-32	 288	 iter
169	 1.094984e-32	 289	 iter
170	 1.094984e-32	 290	 iter
171	 1.094984e-32	 291	 iter
172	 1.094984e-32	 292	 iter
173	 1.094984e-32	 294	 iter
174	 1.094984e-32	 296	 iter
175	 1.094984e-32	 298	 iter
176	 1.094984e-32	 299	 iter
177	 1.094984e-32	 301	 iter
178	 1.094984e-32	 302	 iter
179	 1.094984e-32	 304	 iter
180	 1.094984e-32	 305	 iter
181	 1.094984e-32	 307	 iter
181	 1.094984e-32	 307	 done
