0	 6.643512e-33	 1	 init
0	 6.643512e-33	 1	 iter
1	 6.643512e-33	 17	 iter
2	 6.643512e-33	 19	 iter
3	 6.643512e-33	 21	 iter
4	 6.643512e-33	 23	 iter
5	 6.643512e-33	 25	 iter
6	 6.643512e-33	 27	 iter
7	 6.643512e-33	 29	 iter
8	 6.643512e-33	 31	 iter
9	 6.643512e-33	 33	 iter
10	 6.643512e-33	 34	 iter
11	 6.643512e-33	 36	 iter
12	 6.643512e-33	 38	 iter
13	 6.643512e-33	 40	 iter
14	 6.643512e-33	 42	 iter
15	 6.643512e-33	 44	 iter
16	 6.643512e-33	 46	 iter
17	 6.643512e-33	 48	 iter
18	 6.643512e-33	 50	 iter
19	 6.643512e-33	 52	 iter
20	 6.643512e-33	 54	 iter
21	 6.643512e-33	 56	 iter
22	 6.643512e-33	 58	 iter
23	 6.643512e-33	 60	 iter
24	 6.643512e-33	 62	 iter
25	 6.643512e-33	 64	 iter
26	 6.643512e-33	 66	 iter
27	 6.643512e-33	 68	 iter
28	 6.643512e-33	 70	 iter
29	 6.643512e-33	 72	 iter
30	 6.643512e-33	 74	 iter
31	 6.643512e-33	 76	 iter
32	 6.643512e-33	 78	 iter
33	 6.643512e-33	 80	 iter
34	 6.643512e-33	 82	 iter
35	 6.643512e-33	 84	 iter
36	 6.643512e-33	 86	 iter
37	 6.643512e-33	 88	 iter
38	 6.643512e-33	 89	 iter
39	 6.643512e-33	 91	 iter
40	 6.643512e-33	 93	 iter
41	 6.643512e-33	 95	 iter
42	 6.643512e-33	 97	 iter
43	 6.643512e-33	 99	 iter
44	 6.643512e-33	 100	 iter
45	 6.643512e-33	 102	 iter
46	 6.643512e-33	 104	 iter
47	 6.643512e-33	 106	 iter
48	 6.643512e-33	 108	 iter
49	 6.643512e-33	 110	 iter
50	 6.643512e-33	 112	 iter
51	 6.643512e-33	 114	 iter
52	 6.643512e-33	 116	 iter
53	 6.643512e-33	 118	 iter
54	 6.643512e-33	 119	 iter
55	 6.643512e-33	 121	 iter
56	 6.643512e-33	 123	 iter
57	 6.643512e-33	 125	 iter
58	 6.643512e-33	 126	 iter
59	 6.643512e-33	 128	 iter
60	 6.643512e-33	 129	 iter
61	 6.643512e-33	 131	 iter
62	 6.643512e-33	 132	 iter
63	 6.643512e-33	 134	 iter
64	 6.643512e-33	 136	 iter
65	 6.643512e-33	 138	 iter
66	 6.643512e-33	 140	 iter
67	 6.643512e-33	 141	 iter
68	 6.643512e-33	 143	 iter
69	 6.643512e-33	 145	 iter
70	 6.643512e-33	 147	 iter
71	 6.643512e-33	 149	 iter
72	 6.643512e-33	 151	 iter
73	 6.643512e-33	 152	 iter
74	 6.643512e-33	 154	 iter
75	 6.643512e-33	 156	 iter
76	 6.643512e-33	 157	 iter
77	 6.643512e-33	 158	 iter
78	 6.643512e-33	 159	 iter
79	 6.643512e-33	 161	 iter
80	 6.643512e-33	 162	 iter
81	 6.643512e-33	 164	 iter
82	 6.643512e-33	 166	 iter
83	 6.643512e-33	 168	 iter
84	 6.643512e-33	 169	 iter
85	 6.643512e-33	 171	 iter
86	 6.643512e-33	 172	 iter
87	 6.643512e-33	 173	 iter
88	 6.643512e-33	 174	 iter
89	 6.643512e-33	 175	 iter
90	 6.643512e-33	 177	 iter
91	 6.643512e-33	 178	 iter
92	 6.643512e-33	 180	 iter
93	 6.643512e-33	 181	 iter
94	 6.643512e-33	 182	 iter
95	 6.643512e-33	 183	 iter
96	 6.643512e-33	 185	 iter
97	 6.643512e-33	 187	 iter
98	 6.643512e-33	 189	 iter
99	 6.643512e-33	 191	 iter
100	 6.643512e-33	 193	 iter
101	 6.643512e-33	 195	 iter
102	 6.643512e-33	 197	 iter
103	 6.643512e-33	 199	 iter
104	 6.643512e-33	 200	 iter
105	 6.643512e-33	 201	 iter
106	 6.643512e-33	 203	 iter
107	 6.643512e-33	 204	 iter
108	 6.643512e-33	 205	 iter
109	 6.643512e-33	 207	 iter
110	 6.643512e-33	 209	 iter
111	 6.643512e-33	 211	 iter
112	 6.643512e-33	 212	 iter
113	 6.643512e-33	 213	 iter
114	 6.643512e-33	 215	 iter
115	 6.643512e-33	 217	 iter
116	 6.643512e-33	 218	 iter
117	 6.643512e-33	 220	 iter
118	 6.643512e-33	 221	 iter
119	 6.643512e-33	 222	 iter
120	 6.643512e-33	 223	 iter
121	 6.643512e-33	 224	 iter
122	 6.643512e-33	 226	 iter
123	 6.643512e-33	 227	 iter
124	 6.643512e-33	 228	 iter
125	 6.643512e-33	 230	 iter
126	 6.643512e-33	 232	 iter
127	 6.643512e-33	 234	 iter
128	 6.643512e-33	 235	 iter
129	 6.643512e-33	 236	 iter
130	 6.643512e-33	 237	 iter
131	 6.643512e-33	 238	 iter
132	 6.643512e-33	 239	 iter
133	 6.643512e-33	 241	 iter
134	 6.643512e-33	 243	 iter
135	 6.643512e-33	 245	 iter
136	 6.643512e-33	 246	 iter
137	 6.643512e-33	 247	 iter
138	 6.643512e-33	 249	 iter
139	 6.643512e-33	 251	 iter
140	 6.643512e-33	 252	 iter
141	 6.643512e-33	 254	 iter
142	 6.643512e-33	 256	 iter
143	 6.643512e-33	 258	 iter
144	 6.643512e-33	 259	 iter
145	 6.643512e-33	 260	 iter
146	 6.643512e-33	 262	 iter
147	 6.643512e-33	 264	 iter
148	 6.643512e-33	 266	 iter
149	 6.643512e-33	 267	 iter
150	 6.643512e-33	 268	 iter
151	 6.643512e-33	 269	 iter
152	 6.643512e-33	 271	 iter
153	 6.643512e-33	 273	 iter
154	 6.643512e-33	 275	 iter
155	 6.643512e-33	 277	 iter
156	 6.643512e-33	 279	 iter
157	 6.643512e-33	 280	 iter
158	 6.643512e-33	 282	 iter
159	 6.643512e-33	 283	 iter
160	 6.643512e-33	 284	 iter
161	 6.643512e-33	 285	 iter
162	 6.643512e-33	 287	 iter
163	 6.643512e-33	 289	 iter
164	 6.643512e-33	 291	 iter
165	 6.643512e-33	 292	 iter
166	 6.643512e-33	 294	 iter
167	 6.643512e-33	 295	 iter
168	 6.643512e-33	 296	 iter
169	 6.643512e-33	 298	 iter
170	 6.643512e-33	 300	 iter
171	 6.643512e-33	 302	 iter
172	 6.643512e-33	 304	 iter
173	 6.643512e-33	 306	 iter
174	 6.643512e-33	 307	 iter
175	 6.643512e-33	 308	 iter
176	 6.643512e-33	 309	 iter
177	 6.643512e-33	 311	 iter
178	 6.643512e-33	 312	 iter
179	 6.643512e-33	 313	 iter
180	 6.643512e-33	 314	 iter
181	 6.643512e-33	 316	 iter
182	 6.643512e-33	 317	 iter
183	 6.643512e-33	 318	 iter
184	 6.643512e-33	 320	 iter
185	 6.643512e-33	 322	 iter
186	 6.643512e-33	 323	 iter
187	 6.643512e-33	 324	 iter
188	 6.643512e-33	 325	 iter
189	 6.643512e-33	 327	 iter
190	 6.643512e-33	 328	 iter
191	 6.643512e-33	 329	 iter
192	 6.643512e-33	 331	 iter
193	 6.643512e-33	 333	 iter
194	 6.643512e-33	 334	 iter
195	 6.643512e-33	 335	 iter
196	 6.643512e-33	 337	 iter
197	 6.643512e-33	 338	 iter
198	 6.643512e-33	 340	 iter
199	 6.643512e-33	 342	 iter
200	 6.643512e-33	 343	 iter
201	 6.643512e-33	 344	 iter
202	 6.643512e-33	 345	 iter
203	 6.643512e-33	 346	 iter
203	 6.643512e-33	 346	 done
