0	 6.777848e-33	 1	 init
0	 6.777848e-33	 1	 iter
1	 6.777848e-33	 17	 iter
2	 6.777848e-33	 19	 iter
3	 6.777848e-33	 21	 iter
4	 6.777848e-33	 23	 iter
5	 6.777848e-33	 25	 iter
6	 6.777848e-33	 27	 iter
7	 6.777848e-33	 28	 iter
8	 6.777848e-33	 30	 iter
9	 6.777848e-33	 32	 iter
10	 6.777848e-33	 34	 iter
11	 6.777848e-33	 36	 iter
12	 6.777848e-33	 37	 iter
13	 6.777848e-33	 39	 iter
14	 6.777848e-33	 41	 iter
15	 6.777848e-33	 43	 iter
16	 6.777848e-33	 45	 iter
17	 6.777848e-33	 47	 iter
18	 6.777848e-33	 49	 iter
19	 6.777848e-33	 51	 iter
20	 6.777848e-33	 53	 iter
21	 6.777848e-33	 55	 iter
22	 6.777848e-33	 57	 iter
23	 6.777848e-33	 59	 iter
24	 6.777848e-33	 61	 iter
25	 6.777848e-33	 63	 iter
26	 6.777848e-33	 65	 iter
27	 6.777848e-33	 67	 iter
28	 6.777848e-33	 69	 iter
29	 6.777848e-33	 71	 iter
30	 6.777848e-33	 73	 iter
31	 6.777848e-33	 75	 iter
32	 6.777848e-33	 77	 iter
33	 6.777848e-33	 79	 iter
34	 6.777848e-33	 81	 iter
35	 6.777848e-33	 83	 iter
36	 6.777848e-33	 85	 iter
37	 6.777848e-33	 86	 iter
38	 6.777848e-33	 88	 iter
39	 6.777848e-33	 90	 iter
40	 6.777848e-33	 92	 iter
41	 6.777848e-33	 94	 iter
42	 6.777848e-33	 95	 iter
43	 6.777848e-33	 96	 iter
44	 6.777848e-33	 98	 iter
45	 6.777848e-33	 100	 iter
46	 6.777848e-33	 102	 iter
47	 6.777848e-33	 104	 iter
48	 6.777848e-33	 106	 iter
49	 6.777848e-33	 108	 iter
50	 6.777848e-33	 109	 iter
51	 6.777848e-33	 110	 iter
52	 6.777848e-33	 111	 iter
53	 6.777848e-33	 113	 iter
54	 6.777848e-33	 114	 iter
55	 6.777848e-33	 116	 iter
56	 6.777848e-33	 118	 iter
57	 6.777848e-33	 119	 iter
58	 6.777848e-33	 120	 iter
59	 6.777848e-33	 122	 iter
60	 6.777848e-33	 124	 iter
61	 6.777848e-33	 126	 iter
62	 6.777848e-33	 128	 iter
63	 6.777848e-33	 129	 iter
64	 6.777848e-33	 131	 iter
65	 6.777848e-33	 133	 iter
66	 6.777848e-33	 135	 iter
67	 6.777848e-33	 137	 iter
68	 6.777848e-33	 139	 iter
69	 6.777848e-33	 141	 iter
70	 6.777848e-33	 142	 iter
71	 6.777848e-33	 144	 iter
72	 6.777848e-33	 145	 iter
73	 6.777848e-33	 147	 iter
74	 6.777848e-33	 148	 iter
75	 6.777848e-33	 150	 iter
76	 6.777848e-33	 151	 iter
77	 6.777848e-33	 153	 iter
78	 6.777848e-33	 155	 iter
79	 6.777848e-33	 156	 iter
80	 6.777848e-33	 158	 iter
81	 6.777848e-33	 160	 iter
82	 6.777848e-33	 162	 iter
83	 6.777848e-33	 164	 iter
84	 6.777848e-33	 166	 iter
85	 6.777848e-33	 167	 iter
86	 6.777848e-33	 169	 iter
87	 6.777848e-33	 170	 iter
88	 6.777848e-33	 172	 iter
89	 6.777848e-33	 174	 iter
90	 6.777848e-33	 176	 iter
91	 6.777848e-33	 178	 iter
92	 6.777848e-33	 180	 iter
93	 6.777848e-33	 182	 iter
94	 6.777848e-33	 183	 iter
95	 6.777848e-33	 184	 iter
96	 6.777848e-33	 185	 iter
97	 6.777848e-33	 186	 iter
98	 6.777848e-33	 187	 iter
99	 6.777848e-33	 189	 iter
100	 6.777848e-33	 191	 iter
101	 6.777848e-33	 193	 iter
102	 6.777848e-33	 195	 iter
103	 6.777848e-33	 196	 iter
104	 6.777848e-33	 197	 iter
105	 6.777848e-33	 198	 iter
106	 6.777848e-33	 199	 iter
107	 6.777848e-33	 201	 iter
108	 6.777848e-33	 202	 iter
109	 6.777848e-33	 203	 iter
110	 6.777848e-33	 204	 iter
111	 6.777848e-33	 205	 iter
112	 6.777848e-33	 206	 iter
113	 6.777848e-33	 208	 iter
114	 6.777848e-33	 210	 iter
115	 6.777848e-33	 211	 iter
116	 6.777848e-33	 213	 iter
117	 6.777848e-33	 215	 iter
118	 6.777848e-33	 216	 iter
119	 6.777848e-33	 218	 iter
120	 6.777848e-33	 220	 iter
121	 6.777848e-33	 222	 iter
122	 6.777848e-33	 223	 iter
123	 6.777848e-33	 225	 iter
124	 6.777848e-33	 227	 iter
125	 6.777848e-33	 229	 iter
126	 6.777848e-33	 230	 iter
127	 6.777848e-33	 231	 iter
128	 6.777848e-33	 233	 iter
129	 6.777848e-33	 235	 iter
130	 6.777848e-33	 237	 iter
131	 6.777848e-33	 239	 iter
132	 6.777848e-33	 240	 iter
133	 6.777848e-33	 241	 iter
134	 6.777848e-33	 242	 iter
135	 6.777848e-33	 243	 iter
136	 6.777848e-33	 244	 iter
137	 6.777848e-33	 245	 iter
138	 6.777848e-33	 247	 iter
139	 6.777848e-33	 249	 iter
140	 6.777848e-33	 250	 iter
141	 6.777848e-33	 252	 iter
142	 6.777848e-33	 254	 iter
143	 6.777848e-33	 255	 iter
144	 6.777848e-33	 257	 iter
145	 6.777848e-33	 259	 iter
146	 6.777848e-33	 261	 iter
147	 6.777848e-33	 262	 iter
148	 6.777848e-33	 263	 iter
149	 6.777848e-33	 264	 iter
150	 6.777848e-33	 266	 iter
151	 6.777848e-33	 268	 iter
152	 6.777848e-33	 270	 iter
153	 6.777848e-33	 272	 iter
154	 6.777848e-33	 274	 iter
155	 6.777848e-33	 275	 iter
156	 6.777848e-33	 277	 iter
157	 6.777848e-33	 278	 iter
158	 6.777848e-33	 279	 iter
159	 6.777848e-33	 280	 iter
160	 6.777848e-33	 281	 iter
161	 6.777848e-33	 282	 iter
162	 6.777848e-33	 283	 iter
163	 6.777848e-33	 284	 iter
164	 6.777848e-33	 285	 iter
165	 6.777848e-33	 287	 iter
166	 6.777848e-33	 288	 iter
167	 6.777848e-33	 290	 iter
168	 6.777848e-33	 291	 iter
169	 6.777848e-33	 293	 iter
170	 6.777848e-33	 294	 iter
171	 6.777848e-33	 295	 iter
172	 6.777848e-33	 296	 iter
173	 6.777848e-33	 297	 iter
174	 6.777848e-33	 298	 iter
175	 6.777848e-33	 299	 iter
176	 6.777848e-33	 300	 iter
177	 6.777848e-33	 301	 iter
178	 6.777848e-33	 302	 iter
179	 6.777848e-33	 304	 iter
180	 6.777848e-33	 305	 iter
181	 6.777848e-33	 307	 iter
182	 6.777848e-33	 308	 iter
183	 6.777848e-33	 310	 iter
184	 6.777848e-33	 311	 iter
185	 6.777848e-33	 313	 iter
186	 6.777848e-33	 315	 iter
187	 6.777848e-33	 317	 iter
188	 6.777848e-33	 318	 iter
189	 6.777848e-33	 320	 iter
190	 6.777848e-33	 321	 iter
191	 6.777848e-33	 323	 iter
192	 6.777848e-33	 324	 iter
193	 6.777848e-33	 325	 iter
194	 6.777848e-33	 326	 iter
195	 6.777848e-33	 328	 iter
196	 6.777848e-33	 329	 iter
197	 6.777848e-33	 330	 iter
197	 6.777848e-33	 330	 done
