0	 2.720127e-33	 1	 init
0	 2.720127e-33	 1	 iter
1	 2.720127e-33	 17	 iter
2	 2.720127e-33	 19	 iter
3	 2.720127e-33	 21	 iter
4	 2.720127e-33	 23	 iter
5	 2.720127e-33	 25	 iter
6	 2.720127e-33	 27	 iter
7	 2.720127e-33	 29	 iter
8	 2.720127e-33	 31	 iter
9	 2.720127e-33	 33	 iter
10	 2.720127e-33	 35	 iter
11	 2.720127e-33	 37	 iter
12	 2.720127e-33	 39	 iter
13	 2.720127e-33	 41	 iter
14	 2.720127e-33	 43	 iter
15	 2.720127e-33	 45	 iter
16	 2.720127e-33	 47	 iter
17	 2.720127e-33	 49	 iter
18	 2.720127e-33	 51	 iter
19	 2.720127e-33	 53	 iter
20	 2.720127e-33	 54	 iter
21	 2.720127e-33	 56	 iter
22	 2.720127e-33	 58	 iter
23	 2.720127e-33	 60	 iter
24	 2.720127e-33	 62	 iter
25	 2.720127e-33	 64	 iter
26	 2.720127e-33	 65	 iter
27	 2.720127e-33	 66	 iter
28	 2.720127e-33	 68	 iter
29	 2.720127e-33	 70	 iter
30	 2.720127e-33	 72	 iter
31	 2.720127e-33	 74	 iter
32	 2.720127e-33	 76	 iter
33	 2.720127e-33	 78	 iter
34	 2.720127e-33	 80	 iter
35	 2.720127e-33	 82	 iter
36	 2.720127e-33	 83	 iter
37	 2.720127e-33	 84	 iter
38	 2.720127e-33	 86	 iter
39	 2.720127e-33	 88	 iter
40	 2.720127e-33	 90	 iter
41	 2.720127e-33	 92	 iter
42	 2.720127e-33	 94	 iter
43	 2.720127e-33	 96	 iter
44	 2.720127e-33	 98	 iter
45	 2.720127e-33	 99	 iter
46	 2.720127e-33	 100	 iter
47	 2.720127e-33	 102	 iter
48	 2.720127e-33	 104	 iter
49	 2.720127e-33	 105	 iter
50	 2.720127e-33	 107	 iter
51	 2.720127e-33	 109	 iter
52	 2.720127e-33	 111	 iter
53	 2.720127e-33	 113	 iter
54	 2.720127e-33	 115	 iter
55	 2.720127e-33	 116	 iter
56	 2.720127e-33	 118	 iter
57	 2.720127e-33	 119	 iter
58	 2.720127e-33	 121	 iter
59	 2.720127e-33	 123	 iter
60	 2.720127e-33	 125	 iter
61	 2.720127e-33	 127	 iter
62	 2.720127e-33	 129	 iter
63	 2.720127e-33	 131	 iter
64	 2.720127e-33	 133	 iter
65	 2.720127e-33	 135	 iter
66	 2.720127e-33	 136	 iter
67	 2.720127e-33	 137	 iter
68	 2.720127e-33	 139	 iter
69	 2.720127e-33	 140	 iter
70	 2.720127e-33	 142	 iter
71	 2.720127e-33	 144	 iter
72	 2.720127e-33	 145	 iter
73	 2.720127e-33	 146	 iter
74	 2.720127e-33	 147	 iter
75	 2.720127e-33	 149	 iter
76	 2.720127e-33	 151	 iter
77	 2.720127e-33	 152	 iter
78	 2.720127e-33	 154	 iter
79	 2.720127e-33	 156	 iter
80	 2.720127e-33	 157	 iter
81	 2.720127e-33	 159	 iter
82	 2.720127e-33	 160	 iter
83	 2.720127e-33	 162	 iter
84	 2.720127e-33	 164	 iter
85	 2.720127e-33	 166	 iter
86	 2.720127e-33	 168	 iter
87	 2.720127e-33	 169	 iter
88	 2.720127e-33	 171	 iter
89	 2.720127e-33	 173	 iter
90	 2.720127e-33	 174	 iter
91	 2.720127e-33	 175	 iter
92	 2.720127e-33	 177	 iter
93	 2.720127e-33	 178	 iter
94	 2.720127e-33	 180	 iter
95	 2.720127e-33	 182	 iter
96	 2.720127e-33	 184	 iter
97	 2.720127e-33	 186	 iter
98	 2.720127e-33	 188	 iter
99	 2.720127e-33	 190	 iter
100	 2.720127e-33	 191	 iter
101	 2.720127e-33	 192	 iter
102	 2.720127e-33	 194	 iter
103	 2.720127e-33	 196	 iter
104	 2.720127e-33	 197	 iter
105	 2.720127e-33	 198	 iter
106	 2.720127e-33	 199	 iter
107	 2.720127e-33	 200	 iter
108	 2.720127e-33	 201	 iter
109	 2.720127e-33	 203	 iter
110	 2.720127e-33	 205	 iter
111	 2.720127e-33	 207	 iter
112	 2.720127e-33	 208	 iter
113	 2.720127e-33	 210	 iter
114	 2.720127e-33	 212	 iter
115	 2.720127e-33	 213	 iter
116	 2.720127e-33	 214	 iter
117	 2.720127e-33	 215	 iter
118	 2.720127e-33	 217	 iter
119	 2.720127e-33	 218	 iter
120	 2.720127e-33	 220	 iter
121	 2.720127e-33	 222	 iter
122	 2.720127e-33	 224	 iter
123	 2.720127e-33	 225	 iter
124	 2.720127e-33	 226	 iter
125	 2.720127e-33	 228	 iter
126	 2.720127e-33	 230	 iter
127	 2.720127e-33	 231	 iter
128	 2.720127e-33	 233	 iter
129	 2.720127e-33	 235	 iter
130	 2.720127e-33	 236	 iter
131	 2.720127e-33	 237	 iter
132	 2.720127e-33	 239	 iter
133	 2.720127e-33	 241	 iter
134	 2.720127e-33	 243	 iter
135	 2.720127e-33	 245	 iter
136	 2.720127e-33	 246	 iter
137	 2.720127e-33	 247	 iter
138	 2.720127e-33	 248	 iter
139	 2.720127e-33	 250	 iter
140	 2.720127e-33	 251	 iter
141	 2.720127e-33	 252	 iter
142	 2.720127e-33	 254	 iter
143	 2.720127e-33	 256	 iter
144	 2.720127e-33	 257	 iter
145	 2.720127e-33	 258	 iter
146	 2.720127e-33	 259	 iter
147	 2.720127e-33	 261	 iter
148	 2.720127e-33	 263	 iter
149	 2.720127e-33	 265	 iter
150	 2.720127e-33	 267	 iter
151	 2.720127e-33	 268	 iter
152	 2.720127e-33	 270	 iter
153	 2.720127e-33	 272	 iter
154	 2.720127e-33	 273	 iter
155	 2.720127e-33	 274	 iter
156	 2.720127e-33	 275	 iter
157	 2.720127e-33	 277	 iter
158	 2.720127e-33	 278	 iter
159	 2.720127e-33	 280	 iter
160	 2.720127e-33	 282	 iter
161	 2.720127e-33	 284	 iter
162	 2.720127e-33	 285	 iter
163	 2.720127e-33	 287	 iter
164	 2.720127e-33	 289	 iter
165	 2.720127e-33	 290	 iter
166	 2.720127e-33	 292	 iter
167	 2.720127e-33	 294	 iter
168	 2.720127e-33	 295	 iter
169	 2.720127e-33	 296	 iter
170	 2.720127e-33	 297	 iter
171	 2.720127e-33	 298	 iter
172	 2.720127e-33	 300	 iter
173	 2.720127e-33	 301	 iter
174	 2.720127e-33	 302	 iter
175	 2.720127e-33	 304	 iter
176	 2.720127e-33	 306	 iter
177	 2.720127e-33	 308	 iter
178	 2.720127e-33	 309	 iter
178	 2.720127e-33	 309	 done
