0	 1.833044e-33	 1	 init
0	 1.833044e-33	 1	 iter
1	 1.833044e-33	 17	 iter
2	 1.833044e-33	 19	 iter
3	 1.833044e-33	 21	 iter
4	 1.833044e-33	 23	 iter
5	 1.833044e-33	 25	 iter
6	 1.833044e-33	 27	 iter
7	 1.833044e-33	 29	 iter
8	 1.833044e-33	 31	 iter
9	 1.833044e-33	 33	 iter
10	 1.833044e-33	 35	 iter
11	 1.833044e-33	 36	 iter
12	 1.833044e-33	 38	 iter
13	 1.833044e-33	 40	 iter
14	 1.833044e-33	 42	 iter
15	 1.833044e-33	 44	 iter
16	 1.833044e-33	 46	 iter
17	 1.833044e-33	 48	 iter
18	 1.833044e-33	 50	 iter
19	 1.833044e-33	 52	 iter
20	 1.833044e-33	 54	 iter
21	 1.833044e-33	 56	 iter
22	 1.833044e-33	 58	 iter
23	 1.833044e-33	 60	 iter
24	 1.833044e-33	 62	 iter
25	 1.833044e-33	 64	 iter
26	 1.833044e-33	 65	 iter
27	 1.833044e-33	 67	 iter
28	 1.833044e-33	 69	 iter
29	 1.833044e-33	 71	 iter
30	 1.833044e-33	 73	 iter
31	 1.833044e-33	 75	 iter
32	 1.833044e-33	 77	 iter
33	 1.833044e-33	 79	 iter
34	 1.833044e-33	 81	 iter
35	 1.833044e-33	 83	 iter
36	 1.833044e-33	 85	 iter
37	 1.833044e-33	 86	 iter
38	 1.833044e-33	 88	 iter
39	 1.833044e-33	 90	 iter
40	 1.833044e-33	 91	 iter
41	 1.833044e-33	 93	 iter
42	 1.833044e-33	 95	 iter
43	 1.833044e-33	 97	 iter
44	 1.833044e-33	 99	 iter
45	 1.833044e-33	 101	 iter
46	 1.833044e-33	 103	 iter
47	 1.833044e-33	 105	 iter
48	 1.833044e-33	 107	 iter
49	 1.833044e-33	 109	 iter
50	 1.833044e-33	 111	 iter
51	 1.833044e-33	 113	 iter
52	 1.833044e-33	 114	 iter
53	 1.833044e-33	 116	 iter
54	 1.833044e-33	 118	 iter
55	 1.833044e-33	 120	 iter
56	 1.833044e-33	 122	 iter
57	 1.833044e-33	 124	 iter
58	 1.833044e-33	 125	 iter
59	 1.833044e-33	 127	 iter
60	 1.833044e-33	 129	 iter
61	 1.833044e-33	 131	 iter
62	 1.833044e-33	 133	 iter
63	 1.833044e-33	 135	 iter
64	 1.833044e-33	 137	 iter
65	 1.833044e-33	 139	 iter
66	 1.833044e-33	 140	 iter
67	 1.833044e-33	 142	 iter
68	 1.833044e-33	 144	 iter
69	 1.833044e-33	 146	 iter
70	 1.833044e-33	 148	 iter
71	 1.833044e-33	 149	 iter
72	 1.833044e-33	 151	 iter
73	 1.833044e-33	 153	 iter
74	 1.833044e-33	 155	 iter
75	 1.833044e-33	 156	 iter
76	 1.833044e-33	 157	 iter
77	 1.833044e-33	 159	 iter
78	 1.833044e-33	 161	 iter
79	 1.833044e-33	 162	 iter
80	 1.833044e-33	 163	 iter
81	 1.833044e-33	 165	 iter
82	 1.833044e-33	 166	 iter
83	 1.833044e-33	 168	 iter
84	 1.833044e-33	 170	 iter
85	 1.833044e-33	 172	 iter
86	 1.833044e-33	 173	 iter
87	 1.833044e-33	 174	 iter
88	 1.833044e-33	 176	 iter
89	 1.833044e-33	 178	 iter
90	 1.833044e-33	 180	 iter
91	 1.833044e-33	 181	 iter
92	 1.833044e-33	 182	 iter
93	 1.833044e-33	 183	 iter
94	 1.833044e-33	 184	 iter
95	 1.833044e-33	 185	 iter
96	 1.833044e-33	 186	 iter
97	 1.833044e-33	 187	 iter
98	 1.833044e-33	 188	 iter
99	 1.833044e-33	 190	 iter
100	 1.833044e-33	 191	 iter
101	 1.833044e-33	 193	 iter
102	 1.833044e-33	 195	 iter
103	 1.833044e-33	 197	 iter
104	 1.833044e-33	 199	 iter
105	 1.833044e-33	 201	 iter
106	 1.833044e-33	 203	 iter
107	 1.833044e-33	 204	 iter
108	 1.833044e-33	 205	 iter
109	 1.833044e-33	 206	 iter
110	 1.833044e-33	 208	 iter
111	 1.833044e-33	 209	 iter
112	 1.833044e-33	 210	 iter
113	 1.833044e-33	 211	 iter
114	 1.833044e-33	 212	 iter
115	 1.833044e-33	 213	 iter
116	 1.833044e-33	 215	 iter
117	 1.833044e-33	 217	 iter
118	 1.833044e-33	 218	 iter
119	 1.833044e-33	 219	 iter
120	 1.833044e-33	 221	 iter
121	 1.833044e-33	 222	 iter
122	 1.833044e-33	 223	 iter
123	 1.833044e-33	 225	 iter
124	 1.833044e-33	 226	 iter
125	 1.833044e-33	 227	 iter
126	 1.833044e-33	 229	 iter
127	 1.833044e-33	 230	 iter
128	 1.833044e-33	 231	 iter
129	 1.833044e-33	 232	 iter
130	 1.833044e-33	 234	 iter
131	 1.833044e-33	 236	 iter
132	 1.833044e-33	 237	 iter
133	 1.833044e-33	 239	 iter
134	 1.833044e-33	 240	 iter
135	 1.833044e-33	 242	 iter
136	 1.833044e-33	 243	 iter
137	 1.833044e-33	 244	 iter
138	 1.833044e-33	 246	 iter
139	 1.833044e-33	 248	 iter
140	 1.833044e-33	 249	 iter
141	 1.833044e-33	 250	 iter
142	 1.833044e-33	 252	 iter
143	 1.833044e-33	 254	 iter
144	 1.833044e-33	 255	 iter
145	 1.833044e-33	 256	 iter
146	 1.833044e-33	 258	 iter
147	 1.833044e-33	 260	 iter
148	 1.833044e-33	 262	 iter
149	 1.833044e-33	 263	 iter
150	 1.833044e-33	 264	 iter
151	 1.833044e-33	 265	 iter
152	 1.833044e-33	 266	 iter
153	 1.833044e-33	 267	 iter
154	 1.833044e-33	 268	 iter
155	 1.833044e-33	 269	 iter
156	 1.833044e-33	 271	 iter
157	 1.833044e-33	 273	 iter
158	 1.833044e-33	 275	 iter
159	 1.833044e-33	 276	 iter
160	 1.833044e-33	 277	 iter
161	 1.833044e-33	 279	 iter
162	 1.833044e-33	 280	 iter
163	 1.833044e-33	 281	 iter
164	 1.833044e-33	 282	 iter
165	 1.833044e-33	 283	 iter
166	 1.833044e-33	 284	 iter
167	 1.833044e-33	 286	 iter
168	 1.833044e-33	 287	 iter
169	 1.833044e-33	 288	 iter
170	 1.833044e-33	 289	 iter
171	 1.833044e-33	 290	 iter
172	 1.833044e-33	 292	 iter
173	 1.833044e-33	 293	 iter
174	 1.833044e-33	 295	 iter
175	 1.833044e-33	 296	 iter
176	 1.833044e-33	 297	 iter
177	 1.833044e-33	 298	 iter
178	 1.833044e-33	 300	 iter
179	 1.833044e-33	 301	 iter
180	 1.833044e-33	 302	 iter
181	 1.833044e-33	 303	 iter
182	 1.833044e-33	 304	 iter
183	 1.833044e-33	 306	 iter
184	 1.833044e-33	 307	 iter
185	 1.833044e-33	 308	 iter
186	 1.833044e-33	 309	 iter
187	 1.833044e-33	 310	 iter
188	 1.833044e-33	 311	 iter
189	 1.833044e-33	 312	 iter
190	 1.833044e-33	 313	 iter
191	 1.833044e-33	 315	 iter
192	 1.833044e-33	 317	 iter
193	 1.833044e-33	 319	 iter
194	 1.833044e-33	 321	 iter
195	 1.833044e-33	 322	 iter
196	 1.833044e-33	 323	 iter
197	 1.833044e-33	 324	 iter
198	 1.833044e-33	 326	 iter
199	 1.833044e-33	 328	 iter
200	 1.833044e-33	 329	 iter
201	 1.833044e-33	 330	 iter
202	 1.833044e-33	 331	 iter
203	 1.833044e-33	 332	 iter
204	 1.833044e-33	 333	 iter
205	 1.833044e-33	 335	 iter
206	 1.833044e-33	 336	 iter
207	 1.833044e-33	 338	 iter
208	 1.833044e-33	 339	 iter
209	 1.833044e-33	 340	 iter
210	 1.833044e-33	 341	 iter
211	 1.833044e-33	 342	 iter
211	 1.833044e-33	 342	 done
