0	 1.394001e-03	 1	 init
0	 1.394001e-03	 1	 iter
1	 1.186191e-03	 17	 iter
2	 1.145560e-03	 19	 iter
3	 1.145560e-03	 20	 iter
4	 1.145560e-03	 21	 iter
5	 1.145560e-03	 22	 iter
6	 1.145560e-03	 23	 iter
7	 1.145560e-03	 24	 iter
8	 1.145560e-03	 25	 iter
9	 1.145560e-03	 26	 iter
10	 1.096093e-03	 28	 iter
11	 1.096093e-03	 29	 iter
12	 1.096093e-03	 30	 iter
13	 1.096093e-03	 31	 iter
14	 1.096093e-03	 32	 iter
15	 1.096093e-03	 33	 iter
16	 1.096093e-03	 34	 iter
17	 1.096093e-03	 35	 iter
18	 1.096093e-03	 36	 iter
19	 1.096093e-03	 37	 iter
20	 1.096093e-03	 39	 iter
21	 1.096093e-03	 41	 iter
22	 1.096093e-03	 43	 iter
23	 1.096093e-03	 45	 iter
24	 1.047738e-03	 47	 iter
25	 1.047738e-03	 49	 iter
26	 1.047738e-03	 50	 iter
27	 1.047738e-03	 51	 iter
28	 1.047738e-03	 52	 iter
29	 1.047738e-03	 54	 iter
30	 1.047738e-03	 55	 iter
31	 1.047738e-03	 57	 iter
32	 1.047738e-03	 58	 iter
33	 1.047738e-03	 59	 iter
34	 1.047738e-03	 60	 iter
35	 1.047738e-03	 61	 iter
36	 1.047738e-03	 62	 iter
37	 1.047738e-03	 63	 iter
38	 1.047738e-03	 64	 iter
39	 1.047738e-03	 66	 iter
40	 1.047738e-03	 67	 iter
41	 1.047738e-03	 68	 iter
42	 1.047738e-03	 69	 iter
43	 1.047738e-03	 70	 iter
44	 1.047738e-03	 71	 iter
45	 1.047738e-03	 72	 iter
46	 1.047738e-03	 73	 iter
47	 1.047738e-03	 74	 iter
48	 1.047738e-03	 75	 iter
49	 1.047738e-03	 76	 iter
50	 1.047738e-03	 78	 iter
51	 9.890213e-04	 80	 iter
52	 9.890213e-04	 81	 iter
53	 9.890213e-04	 82	 iter
54	 9.890213e-04	 83	 iter
55	 9.890213e-04	 84	 iter
56	 9.890213e-04	 85	 iter
57	 9.890213e-04	 86	 iter
58	 9.890213e-04	 87	 iter
59	 9.890213e-04	 88	 iter
60	 9.558461e-04	 90	 iter
61	 9.558461e-04	 91	 iter
62	 9.558461e-04	 92	 iter
63	 9.558461e-04	 93	 iter
64	 9.558461e-04	 95	 iter
65	 9.558461e-04	 96	 iter
66	 9.558461e-04	 97	 iter
67	 9.558461e-04	 98	 iter
68	 9.558461e-04	 99	 iter
69	 9.493599e-04	 101	 iter
70	 9.493599e-04	 102	 iter
71	 9.328072e-04	 104	 iter
72	 9.328072e-04	 105	 iter
73	 9.328072e-04	 106	 iter
74	 9.328072e-04	 107	 iter
75	 9.013294e-04	 109	 iter
76	 9.013294e-04	 110	 iter
77	 9.013294e-04	 111	 iter
78	 8.904328e-04	 113	 iter
79	 8.904328e-04	 114	 iter
80	 8.713820e-04	 116	 iter
81	 8.713820e-04	 117	 iter
82	 8.713820e-04	 118	 iter
83	 8.713820e-04	 119	 iter
84	 8.713820e-04	 120	 iter
85	 8.097734e-04	 122	 iter
86	 8.097734e-04	 123	 iter
87	 8.097734e-04	 124	 iter
88	 8.097734e-04	 125	 iter
89	 8.097734e-04	 126	 iter
90	 8.097734e-04	 127	 iter
91	 8.097734e-04	 128	 iter
92	 8.097734e-04	 130	 iter
93	 8.097734e-04	 131	 iter
94	 8.097734e-04	 132	 iter
95	 8.097734e-04	 133	 iter
96	 8.097734e-04	 134	 iter
97	 8.097734e-04	 136	 iter
98	 8.097734e-04	 137	 iter
99	 8.097734e-04	 138	 iter
100	 8.097734e-04	 139	 iter
101	 8.097734e-04	 141	 iter
102	 7.816806e-04	 143	 iter
103	 7.816806e-04	 144	 iter
104	 7.816806e-04	 145	 iter
105	 7.816806e-04	 146	 iter
106	 7.816806e-04	 147	 iter
107	 7.816806e-04	 148	 iter
108	 7.816806e-04	 149	 iter
109	 7.816806e-04	 150	 iter
110	 7.816806e-04	 151	 iter
111	 7.490979e-04	 153	 iter
112	 7.490979e-04	 154	 iter
113	 7.490979e-04	 155	 iter
114	 7.490979e-04	 157	 iter
115	 7.490979e-04	 158	 iter
116	 7.490979e-04	 159	 iter
117	 7.490979e-04	 161	 iter
118	 7.209408e-04	 163	 iter
119	 7.209408e-04	 164	 iter
120	 7.209408e-04	 165	 iter
121	 7.209408e-04	 166	 iter
122	 7.209408e-04	 167	 iter
123	 7.209408e-04	 168	 iter
124	 7.209408e-04	 169	 iter
125	 7.209408e-04	 171	 iter
126	 7.209408e-04	 172	 iter
127	 7.209408e-04	 173	 iter
128	 7.209408e-04	 174	 iter
129	 7.209408e-04	 175	 iter
130	 7.209408e-04	 176	 iter
131	 7.209408e-04	 177	 iter
132	 7.209408e-04	 178	 iter
133	 7.131775e-04	 180	 iter
134	 7.131775e-04	 182	 iter
135	 7.131775e-04	 183	 iter
136	 7.131775e-04	 184	 iter
137	 7.131775e-04	 186	 iter
138	 7.131775e-04	 187	 iter
139	 6.886750e-04	 189	 iter
140	 6.886750e-04	 190	 iter
141	 6.886750e-04	 191	 iter
142	 6.886750e-04	 192	 iter
143	 6.886750e-04	 193	 iter
144	 6.886750e-04	 194	 iter
145	 6.886750e-04	 195	 iter
146	 6.886750e-04	 196	 iter
147	 6.886750e-04	 198	 iter
148	 6.886750e-04	 199	 iter
149	 6.886750e-04	 200	 iter
150	 6.886750e-04	 202	 iter
151	 6.818459e-04	 204	 iter
152	 6.818459e-04	 205	 iter
153	 6.818459e-04	 206	 iter
154	 6.818459e-04	 207	 iter
155	 6.753710e-04	 209	 iter
156	 6.753710e-04	 210	 iter
157	 6.753710e-04	 211	 iter
158	 6.753710e-04	 212	 iter
159	 6.753710e-04	 213	 iter
160	 6.753710e-04	 214	 iter
161	 6.374559e-04	 216	 iter
162	 6.374559e-04	 217	 iter
163	 6.374559e-04	 218	 iter
164	 6.374559e-04	 219	 iter
165	 6.374559e-04	 220	 iter
166	 6.374559e-04	 221	 iter
167	 6.374559e-04	 222	 iter
168	 6.266158e-04	 224	 iter
169	 6.266158e-04	 225	 iter
170	 6.266158e-04	 226	 iter
171	 6.266158e-04	 227	 iter
172	 6.266158e-04	 228	 iter
173	 6.266158e-04	 229	 iter
174	 6.266158e-04	 230	 iter
175	 6.121405e-04	 232	 iter
176	 6.121405e-04	 233	 iter
177	 6.121405e-04	 234	 iter
178	 6.066126e-04	 236	 iter
179	 6.066126e-04	 237	 iter
180	 6.066126e-04	 238	 iter
181	 6.066126e-04	 239	 iter
182	 6.058310e-04	 241	 iter
183	 6.058310e-04	 242	 iter
184	 5.919986e-04	 244	 iter
185	 5.880337e-04	 246	 iter
186	 5.880337e-04	 247	 iter
187	 5.880337e-04	 248	 iter
188	 5.738993e-04	 250	 iter
189	 5.738993e-04	 251	 iter
190	 5.738993e-04	 252	 iter
191	 5.738993e-04	 253	 iter
192	 5.738993e-04	 254	 iter
193	 5.738993e-04	 256	 iter
194	 5.738993e-04	 257	 iter
195	 5.738993e-04	 258	 iter
196	 5.738993e-04	 259	 iter
197	 5.738993e-04	 261	 iter
198	 5.738993e-04	 263	 iter
199	 5.738993e-04	 264	 iter
200	 5.738993e-04	 265	 iter
201	 5.609887e-04	 267	 iter
202	 5.609887e-04	 268	 iter
203	 5.609887e-04	 269	 iter
204	 5.609887e-04	 270	 iter
205	 5.609887e-04	 272	 iter
206	 5.609887e-04	 274	 iter
207	 5.609887e-04	 275	 iter
208	 5.609887e-04	 276	 iter
209	 5.609887e-04	 278	 iter
210	 5.584320e-04	 280	 iter
211	 5.584320e-04	 281	 iter
212	 5.584320e-04	 282	 iter
213	 5.451111e-04	 284	 iter
214	 5.451111e-04	 285	 iter
215	 5.451111e-04	 286	 iter
216	 5.451111e-04	 287	 iter
217	 5.451111e-04	 288	 iter
218	 5.451111e-04	 289	 iter
219	 5.451111e-04	 290	 iter
220	 5.451111e-04	 291	 iter
221	 5.451111e-04	 292	 iter
222	 5.451111e-04	 293	 iter
223	 5.451111e-04	 294	 iter
224	 5.326824e-04	 296	 iter
225	 5.216451e-04	 298	 iter
226	 5.216451e-04	 299	 iter
227	 5.216451e-04	 300	 iter
228	 5.216451e-04	 301	 iter
229	 5.216451e-04	 302	 iter
230	 5.216451e-04	 303	 iter
231	 5.216451e-04	 305	 iter
232	 5.216451e-04	 306	 iter
233	 5.216451e-04	 307	 iter
234	 5.216451e-04	 308	 iter
235	 5.216451e-04	 309	 iter
236	 5.195808e-04	 311	 iter
237	 5.195808e-04	 312	 iter
238	 5.102379e-04	 314	 iter
239	 5.102379e-04	 315	 iter
240	 5.102379e-04	 317	 iter
241	 5.102379e-04	 318	 iter
242	 5.066201e-04	 320	 iter
243	 5.066201e-04	 321	 iter
244	 5.066201e-04	 322	 iter
245	 5.066201e-04	 323	 iter
246	 5.066201e-04	 325	 iter
247	 5.066201e-04	 326	 iter
248	 5.066201e-04	 327	 iter
249	 4.918885e-04	 329	 iter
250	 4.918885e-04	 330	 iter
251	 4.918885e-04	 331	 iter
252	 4.918885e-04	 332	 iter
253	 4.918885e-04	 333	 iter
254	 4.918885e-04	 334	 iter
255	 4.918885e-04	 335	 iter
256	 4.915916e-04	 337	 iter
257	 4.915916e-04	 338	 iter
258	 4.915916e-04	 339	 iter
259	 4.816159e-04	 341	 iter
260	 4.816159e-04	 342	 iter
261	 4.816159e-04	 343	 iter
262	 4.816159e-04	 344	 iter
263	 4.816159e-04	 346	 iter
264	 4.816159e-04	 347	 iter
265	 4.732188e-04	 349	 iter
266	 4.732188e-04	 350	 iter
267	 4.653193e-04	 352	 iter
268	 4.653193e-04	 353	 iter
269	 4.653193e-04	 354	 iter
270	 4.653193e-04	 355	 iter
271	 4.653193e-04	 356	 iter
272	 4.653193e-04	 357	 iter
273	 4.653193e-04	 359	 iter
274	 4.497293e-04	 361	 iter
275	 4.497293e-04	 362	 iter
276	 4.497293e-04	 363	 iter
277	 4.497293e-04	 364	 iter
278	 4.497293e-04	 365	 iter
279	 4.497293e-04	 366	 iter
280	 4.497293e-04	 367	 iter
281	 4.497293e-04	 368	 iter
282	 4.497293e-04	 369	 iter
283	 4.497293e-04	 370	 iter
284	 4.185184e-04	 372	 iter
285	 4.185184e-04	 373	 iter
286	 4.185184e-04	 374	 iter
287	 4.185184e-04	 375	 iter
288	 4.185184e-04	 376	 iter
289	 4.185184e-04	 377	 iter
290	 4.185184e-04	 378	 iter
291	 4.185184e-04	 379	 iter
292	 4.185184e-04	 380	 iter
293	 4.185184e-04	 381	 iter
294	 4.185184e-04	 382	 iter
295	 4.185184e-04	 383	 iter
296	 4.185184e-04	 384	 iter
297	 4.057642e-04	 386	 iter
298	 4.057642e-04	 387	 iter
299	 4.057642e-04	 388	 iter
300	 4.057642e-04	 389	 iter
301	 3.994973e-04	 391	 iter
302	 3.947486e-04	 393	 iter
303	 3.946264e-04	 395	 iter
304	 3.757834e-04	 397	 iter
305	 3.757834e-04	 398	 iter
306	 3.757834e-04	 399	 iter
307	 3.757834e-04	 400	 iter
308	 3.628781e-04	 402	 iter
309	 3.628781e-04	 403	 iter
310	 3.628781e-04	 404	 iter
311	 3.628781e-04	 405	 iter
312	 3.501714e-04	 407	 iter
313	 3.501714e-04	 408	 iter
314	 3.253679e-04	 410	 iter
315	 3.253679e-04	 411	 iter
316	 3.253679e-04	 412	 iter
317	 3.253679e-04	 413	 iter
318	 3.253679e-04	 414	 iter
319	 3.253679e-04	 415	 iter
320	 3.253679e-04	 416	 iter
321	 3.096655e-04	 418	 iter
322	 3.096655e-04	 419	 iter
323	 2.919393e-04	 421	 iter
324	 2.919393e-04	 422	 iter
325	 2.919393e-04	 423	 iter
326	 2.747106e-04	 425	 iter
327	 2.747106e-04	 426	 iter
328	 2.747106e-04	 427	 iter
329	 2.542868e-04	 429	 iter
330	 2.542868e-04	 430	 iter
331	 2.542868e-04	 431	 iter
332	 2.542868e-04	 432	 iter
333	 2.542868e-04	 433	 iter
334	 2.542868e-04	 434	 iter
335	 2.497691e-04	 436	 iter
336	 2.410519e-04	 438	 iter
337	 2.410519e-04	 439	 iter
338	 2.410519e-04	 440	 iter
339	 2.410519e-04	 441	 iter
340	 2.410519e-04	 443	 iter
341	 2.410519e-04	 444	 iter
342	 2.410519e-04	 445	 iter
343	 2.410519e-04	 446	 iter
344	 2.410519e-04	 447	 iter
345	 2.410519e-04	 448	 iter
346	 2.410519e-04	 449	 iter
347	 2.410519e-04	 450	 iter
348	 2.410519e-04	 452	 iter
349	 2.410519e-04	 453	 iter
350	 2.410519e-04	 454	 iter
351	 2.410519e-04	 456	 iter
352	 2.403802e-04	 458	 iter
353	 2.296173e-04	 460	 iter
354	 2.296173e-04	 461	 iter
355	 2.296173e-04	 463	 iter
356	 2.296173e-04	 464	 iter
357	 2.296173e-04	 466	 iter
358	 2.229651e-04	 468	 iter
359	 2.229651e-04	 469	 iter
360	 2.229651e-04	 470	 iter
361	 2.229651e-04	 471	 iter
362	 2.229651e-04	 472	 iter
363	 2.229651e-04	 473	 iter
364	 2.229651e-04	 474	 iter
365	 2.229651e-04	 476	 iter
366	 2.229651e-04	 477	 iter
367	 2.229651e-04	 479	 iter
368	 2.187048e-04	 481	 iter
369	 2.187048e-04	 482	 iter
370	 2.187048e-04	 483	 iter
371	 2.187048e-04	 484	 iter
372	 2.187048e-04	 486	 iter
373	 2.187048e-04	 487	 iter
374	 2.187048e-04	 489	 iter
375	 2.187048e-04	 491	 iter
376	 2.187048e-04	 492	 iter
377	 2.187048e-04	 493	 iter
378	 2.187048e-04	 495	 iter
379	 2.187048e-04	 497	 iter
380	 2.187048e-04	 499	 iter
381	 2.187048e-04	 501	 iter
382	 2.182076e-04	 503	 iter
383	 2.181634e-04	 505	 iter
384	 2.160505e-04	 507	 iter
385	 2.160505e-04	 508	 iter
386	 2.160505e-04	 509	 iter
387	 2.160505e-04	 510	 iter
388	 2.160505e-04	 512	 iter
389	 2.160505e-04	 513	 iter
390	 2.160505e-04	 515	 iter
391	 2.158831e-04	 517	 iter
392	 2.158831e-04	 518	 iter
393	 2.158831e-04	 520	 iter
394	 2.158831e-04	 521	 iter
395	 2.158831e-04	 523	 iter
396	 2.158831e-04	 524	 iter
397	 2.158831e-04	 525	 iter
398	 2.158831e-04	 526	 iter
399	 2.158831e-04	 527	 iter
400	 2.158831e-04	 528	 iter
401	 2.158831e-04	 529	 iter
402	 2.153444e-04	 531	 iter
403	 2.152733e-04	 533	 iter
404	 2.152733e-04	 534	 iter
405	 2.152733e-04	 535	 iter
406	 2.152733e-04	 536	 iter
407	 2.150610e-04	 538	 iter
408	 2.150610e-04	 540	 iter
409	 2.150610e-04	 541	 iter
410	 2.148359e-04	 543	 iter
411	 2.148359e-04	 545	 iter
412	 2.148359e-04	 547	 iter
413	 2.148359e-04	 548	 iter
414	 2.148185e-04	 550	 iter
415	 2.148185e-04	 551	 iter
416	 2.147280e-04	 553	 iter
417	 2.147280e-04	 554	 iter
418	 2.146442e-04	 556	 iter
419	 2.131892e-04	 558	 iter
420	 2.131892e-04	 560	 iter
421	 2.131892e-04	 562	 iter
422	 2.131892e-04	 563	 iter
423	 2.131892e-04	 564	 iter
424	 2.131892e-04	 566	 iter
425	 2.131892e-04	 568	 iter
426	 2.131892e-04	 570	 iter
427	 2.131892e-04	 572	 iter
428	 2.131892e-04	 573	 iter
429	 2.131892e-04	 574	 iter
430	 2.131892e-04	 576	 iter
431	 2.131892e-04	 577	 iter
432	 2.131892e-04	 578	 iter
433	 2.131892e-04	 579	 iter
434	 2.131892e-04	 580	 iter
435	 2.130443e-04	 582	 iter
436	 2.130443e-04	 583	 iter
437	 2.130443e-04	 584	 iter
438	 2.130443e-04	 586	 iter
439	 2.130443e-04	 587	 iter
440	 2.130443e-04	 589	 iter
441	 2.130443e-04	 591	 iter
442	 2.130443e-04	 593	 iter
443	 2.130443e-04	 594	 iter
444	 2.125327e-04	 596	 iter
445	 2.125327e-04	 597	 iter
446	 2.125327e-04	 598	 iter
447	 2.125327e-04	 599	 iter
448	 2.123834e-04	 601	 iter
449	 2.123834e-04	 602	 iter
450	 2.123834e-04	 603	 iter
451	 2.123834e-04	 604	 iter
452	 2.123834e-04	 605	 iter
453	 2.123834e-04	 606	 iter
454	 2.123834e-04	 607	 iter
455	 2.123834e-04	 608	 iter
456	 2.120829e-04	 610	 iter
457	 2.120829e-04	 612	 iter
458	 2.120829e-04	 613	 iter
459	 2.120829e-04	 614	 iter
460	 2.110994e-04	 616	 iter
461	 2.110994e-04	 617	 iter
462	 2.110994e-04	 618	 iter
463	 2.110994e-04	 619	 iter
464	 2.110994e-04	 620	 iter
465	 2.110994e-04	 621	 iter
466	 2.110994e-04	 622	 iter
467	 2.110994e-04	 623	 iter
468	 2.110994e-04	 624	 iter
469	 2.110994e-04	 625	 iter
470	 2.110994e-04	 626	 iter
471	 2.110994e-04	 627	 iter
472	 2.110994e-04	 628	 iter
473	 2.110651e-04	 630	 iter
474	 2.103981e-04	 632	 iter
475	 2.103981e-04	 633	 iter
476	 2.103981e-04	 634	 iter
477	 2.103981e-04	 635	 iter
478	 2.102629e-04	 637	 iter
479	 2.102152e-04	 639	 iter
480	 2.102152e-04	 640	 iter
481	 2.102152e-04	 641	 iter
482	 2.102152e-04	 642	 iter
483	 2.102152e-04	 643	 iter
484	 2.096067e-04	 645	 iter
485	 2.096067e-04	 646	 iter
486	 2.096067e-04	 647	 iter
487	 2.089309e-04	 649	 iter
488	 2.084637e-04	 651	 iter
489	 2.084637e-04	 652	 iter
490	 2.084637e-04	 653	 iter
491	 2.071138e-04	 655	 iter
492	 2.071138e-04	 656	 iter
493	 2.071138e-04	 657	 iter
494	 2.071138e-04	 658	 iter
495	 2.071138e-04	 659	 iter
496	 2.071138e-04	 660	 iter
497	 2.071138e-04	 661	 iter
498	 2.071138e-04	 662	 iter
499	 2.053856e-04	 664	 iter
500	 2.053856e-04	 665	 iter
501	 2.053856e-04	 666	 iter
502	 2.053856e-04	 667	 iter
503	 2.053856e-04	 668	 iter
504	 2.053856e-04	 669	 iter
505	 2.053856e-04	 670	 iter
506	 2.053856e-04	 671	 iter
507	 2.053856e-04	 672	 iter
508	 2.053856e-04	 673	 iter
509	 2.053856e-04	 674	 iter
510	 2.053856e-04	 675	 iter
511	 2.053856e-04	 677	 iter
512	 2.053856e-04	 678	 iter
513	 2.053856e-04	 679	 iter
514	 2.050065e-04	 681	 iter
515	 2.049929e-04	 683	 iter
516	 2.049929e-04	 684	 iter
517	 2.049929e-04	 685	 iter
518	 2.049929e-04	 686	 iter
519	 2.043551e-04	 688	 iter
520	 2.043551e-04	 690	 iter
521	 2.043551e-04	 691	 iter
522	 2.043551e-04	 692	 iter
523	 2.043551e-04	 693	 iter
524	 2.043551e-04	 694	 iter
525	 2.043551e-04	 695	 iter
526	 2.043551e-04	 696	 iter
527	 2.043551e-04	 697	 iter
528	 2.043551e-04	 698	 iter
529	 2.043551e-04	 700	 iter
530	 2.043551e-04	 701	 iter
531	 2.043551e-04	 702	 iter
532	 2.035173e-04	 704	 iter
533	 2.035173e-04	 705	 iter
534	 2.033386e-04	 707	 iter
535	 2.033386e-04	 708	 iter
536	 2.033386e-04	 709	 iter
537	 2.033386e-04	 711	 iter
538	 2.033386e-04	 712	 iter
539	 2.033386e-04	 713	 iter
540	 2.029485e-04	 715	 iter
541	 2.029485e-04	 716	 iter
542	 2.029485e-04	 717	 iter
543	 2.029485e-04	 718	 iter
544	 2.029485e-04	 719	 iter
545	 2.029485e-04	 720	 iter
546	 2.029485e-04	 721	 iter
547	 2.029485e-04	 722	 iter
548	 2.029485e-04	 723	 iter
549	 2.029485e-04	 725	 iter
550	 2.029485e-04	 726	 iter
551	 2.029065e-04	 728	 iter
552	 2.029065e-04	 729	 iter
553	 2.029065e-04	 730	 iter
554	 2.029065e-04	 731	 iter
555	 2.025428e-04	 733	 iter
556	 2.025428e-04	 734	 iter
557	 2.025428e-04	 735	 iter
558	 2.025428e-04	 737	 iter
559	 2.025428e-04	 738	 iter
560	 2.013776e-04	 740	 iter
561	 2.013776e-04	 741	 iter
562	 2.013776e-04	 742	 iter
563	 2.013776e-04	 744	 iter
564	 2.013776e-04	 745	 iter
565	 2.013776e-04	 746	 iter
566	 2.013776e-04	 747	 iter
567	 2.013776e-04	 748	 iter
568	 2.013776e-04	 749	 iter
569	 2.013776e-04	 750	 iter
570	 2.013776e-04	 751	 iter
571	 2.013776e-04	 752	 iter
572	 2.013776e-04	 753	 iter
573	 2.013776e-04	 754	 iter
574	 2.013776e-04	 755	 iter
575	 2.013776e-04	 756	 iter
576	 2.013776e-04	 757	 iter
577	 2.013776e-04	 758	 iter
578	 2.013776e-04	 760	 iter
579	 2.013776e-04	 761	 iter
580	 2.013776e-04	 762	 iter
581	 2.013776e-04	 763	 iter
582	 2.013776e-04	 764	 iter
583	 2.012030e-04	 766	 iter
584	 2.012030e-04	 767	 iter
585	 1.999916e-04	 769	 iter
586	 1.999916e-04	 770	 iter
587	 1.999916e-04	 771	 iter
588	 1.999916e-04	 772	 iter
589	 1.999916e-04	 773	 iter
590	 1.999916e-04	 774	 iter
591	 1.999916e-04	 775	 iter
592	 1.999916e-04	 776	 iter
593	 1.999916e-04	 777	 iter
594	 1.999916e-04	 778	 iter
595	 1.999916e-04	 779	 iter
596	 1.988983e-04	 781	 iter
597	 1.988983e-04	 782	 iter
598	 1.988983e-04	 783	 iter
599	 1.988983e-04	 784	 iter
600	 1.988983e-04	 785	 iter
601	 1.988983e-04	 786	 iter
602	 1.988983e-04	 787	 iter
603	 1.988983e-04	 788	 iter
604	 1.988983e-04	 789	 iter
605	 1.979435e-04	 791	 iter
606	 1.979435e-04	 792	 iter
607	 1.979435e-04	 793	 iter
608	 1.979435e-04	 794	 iter
609	 1.979435e-04	 795	 iter
610	 1.979435e-04	 796	 iter
611	 1.979188e-04	 798	 iter
612	 1.979188e-04	 799	 iter
613	 1.979188e-04	 800	 iter
614	 1.968862e-04	 802	 iter
615	 1.968862e-04	 803	 iter
616	 1.968862e-04	 804	 iter
617	 1.968862e-04	 805	 iter
618	 1.968862e-04	 806	 iter
619	 1.968862e-04	 807	 iter
620	 1.968862e-04	 809	 iter
621	 1.961281e-04	 811	 iter
622	 1.961281e-04	 812	 iter
623	 1.961281e-04	 813	 iter
624	 1.961281e-04	 814	 iter
625	 1.961281e-04	 815	 iter
626	 1.961281e-04	 816	 iter
627	 1.961281e-04	 817	 iter
628	 1.961281e-04	 818	 iter
629	 1.961281e-04	 819	 iter
630	 1.961281e-04	 820	 iter
631	 1.960137e-04	 822	 iter
632	 1.957442e-04	 824	 iter
633	 1.957442e-04	 825	 iter
634	 1.957442e-04	 826	 iter
635	 1.957442e-04	 827	 iter
636	 1.957442e-04	 828	 iter
637	 1.957442e-04	 830	 iter
638	 1.957442e-04	 832	 iter
639	 1.957442e-04	 833	 iter
640	 1.957442e-04	 834	 iter
641	 1.957442e-04	 835	 iter
642	 1.956563e-04	 837	 iter
643	 1.956563e-04	 838	 iter
644	 1.956563e-04	 840	 iter
645	 1.956563e-04	 842	 iter
646	 1.955093e-04	 844	 iter
647	 1.955093e-04	 845	 iter
648	 1.955093e-04	 846	 iter
649	 1.955093e-04	 847	 iter
650	 1.953014e-04	 849	 iter
651	 1.953014e-04	 850	 iter
652	 1.953014e-04	 852	 iter
653	 1.953014e-04	 853	 iter
654	 1.953014e-04	 854	 iter
655	 1.953014e-04	 855	 iter
656	 1.953014e-04	 856	 iter
657	 1.952997e-04	 858	 iter
658	 1.952997e-04	 859	 iter
659	 1.952997e-04	 860	 iter
660	 1.952997e-04	 861	 iter
661	 1.952910e-04	 863	 iter
662	 1.952348e-04	 865	 iter
663	 1.952348e-04	 867	 iter
664	 1.952348e-04	 868	 iter
665	 1.952348e-04	 870	 iter
666	 1.952348e-04	 871	 iter
667	 1.952348e-04	 872	 iter
668	 1.951824e-04	 874	 iter
669	 1.951821e-04	 876	 iter
670	 1.950576e-04	 878	 iter
671	 1.950576e-04	 879	 iter
672	 1.949225e-04	 881	 iter
673	 1.949225e-04	 883	 iter
674	 1.949225e-04	 884	 iter
675	 1.949225e-04	 885	 iter
676	 1.949225e-04	 887	 iter
677	 1.949225e-04	 888	 iter
678	 1.949225e-04	 890	 iter
679	 1.949225e-04	 892	 iter
680	 1.949225e-04	 894	 iter
681	 1.949225e-04	 895	 iter
682	 1.949225e-04	 896	 iter
683	 1.949225e-04	 897	 iter
684	 1.949225e-04	 899	 iter
685	 1.948415e-04	 901	 iter
686	 1.948415e-04	 902	 iter
687	 1.948415e-04	 903	 iter
688	 1.948415e-04	 905	 iter
689	 1.948323e-04	 907	 iter
690	 1.948202e-04	 909	 iter
691	 1.948202e-04	 911	 iter
692	 1.948202e-04	 913	 iter
693	 1.948202e-04	 915	 iter
694	 1.948202e-04	 916	 iter
695	 1.948202e-04	 917	 iter
696	 1.947475e-04	 919	 iter
697	 1.947475e-04	 920	 iter
698	 1.947094e-04	 922	 iter
699	 1.947094e-04	 923	 iter
700	 1.947094e-04	 924	 iter
701	 1.947094e-04	 925	 iter
702	 1.947094e-04	 927	 iter
703	 1.947094e-04	 928	 iter
704	 1.947094e-04	 930	 iter
705	 1.946383e-04	 932	 iter
706	 1.946383e-04	 933	 iter
707	 1.946383e-04	 935	 iter
708	 1.946383e-04	 936	 iter
709	 1.946383e-04	 937	 iter
710	 1.945847e-04	 939	 iter
711	 1.945847e-04	 940	 iter
712	 1.945847e-04	 941	 iter
713	 1.945847e-04	 942	 iter
714	 1.945847e-04	 943	 iter
715	 1.945847e-04	 944	 iter
716	 1.945847e-04	 945	 iter
717	 1.944228e-04	 947	 iter
718	 1.944228e-04	 948	 iter
719	 1.944228e-04	 949	 iter
720	 1.943908e-04	 951	 iter
721	 1.943908e-04	 952	 iter
722	 1.943908e-04	 953	 iter
723	 1.943908e-04	 954	 iter
724	 1.943908e-04	 955	 iter
725	 1.943908e-04	 956	 iter
726	 1.943821e-04	 958	 iter
727	 1.943821e-04	 959	 iter
728	 1.943821e-04	 960	 iter
729	 1.943821e-04	 961	 iter
730	 1.942950e-04	 963	 iter
731	 1.940675e-04	 965	 iter
732	 1.940675e-04	 966	 iter
733	 1.940675e-04	 967	 iter
734	 1.940675e-04	 968	 iter
735	 1.940675e-04	 969	 iter
736	 1.940675e-04	 970	 iter
737	 1.940675e-04	 971	 iter
738	 1.940675e-04	 972	 iter
739	 1.940675e-04	 973	 iter
740	 1.940675e-04	 974	 iter
741	 1.940675e-04	 975	 iter
742	 1.940029e-04	 977	 iter
743	 1.938348e-04	 979	 iter
744	 1.938348e-04	 980	 iter
745	 1.938348e-04	 981	 iter
746	 1.938348e-04	 982	 iter
747	 1.938348e-04	 983	 iter
748	 1.938348e-04	 984	 iter
749	 1.938327e-04	 986	 iter
750	 1.937958e-04	 988	 iter
751	 1.937958e-04	 989	 iter
752	 1.936793e-04	 991	 iter
753	 1.935883e-04	 993	 iter
754	 1.935883e-04	 994	 iter
755	 1.935883e-04	 995	 iter
756	 1.935883e-04	 996	 iter
757	 1.930585e-04	 998	 iter
758	 1.930585e-04	 999	 iter
759	 1.930585e-04	 1000	 iter
760	 1.930585e-04	 1001	 iter
761	 1.930585e-04	 1002	 iter
762	 1.930585e-04	 1003	 iter
763	 1.930585e-04	 1004	 iter
764	 1.930585e-04	 1005	 iter
765	 1.928570e-04	 1007	 iter
766	 1.928570e-04	 1008	 iter
767	 1.928570e-04	 1009	 iter
768	 1.928570e-04	 1010	 iter
769	 1.928570e-04	 1011	 iter
770	 1.928570e-04	 1012	 iter
771	 1.928570e-04	 1013	 iter
772	 1.928570e-04	 1014	 iter
773	 1.924020e-04	 1016	 iter
774	 1.924020e-04	 1017	 iter
775	 1.924020e-04	 1018	 iter
776	 1.924020e-04	 1019	 iter
777	 1.924020e-04	 1020	 iter
778	 1.924020e-04	 1021	 iter
779	 1.922945e-04	 1023	 iter
780	 1.922945e-04	 1024	 iter
781	 1.922945e-04	 1025	 iter
782	 1.922945e-04	 1026	 iter
783	 1.922565e-04	 1028	 iter
784	 1.922565e-04	 1029	 iter
785	 1.915288e-04	 1031	 iter
786	 1.915288e-04	 1032	 iter
787	 1.915288e-04	 1033	 iter
788	 1.915288e-04	 1034	 iter
789	 1.915288e-04	 1035	 iter
790	 1.915288e-04	 1036	 iter
791	 1.915288e-04	 1037	 iter
792	 1.915288e-04	 1038	 iter
793	 1.915288e-04	 1039	 iter
794	 1.915288e-04	 1040	 iter
795	 1.915288e-04	 1041	 iter
796	 1.915288e-04	 1042	 iter
797	 1.915288e-04	 1043	 iter
798	 1.913171e-04	 1045	 iter
799	 1.913171e-04	 1046	 iter
800	 1.913171e-04	 1047	 iter
801	 1.905129e-04	 1049	 iter
802	 1.905129e-04	 1050	 iter
803	 1.905129e-04	 1051	 iter
804	 1.905129e-04	 1052	 iter
805	 1.905129e-04	 1053	 iter
806	 1.905129e-04	 1054	 iter
807	 1.905129e-04	 1055	 iter
808	 1.905129e-04	 1056	 iter
809	 1.905129e-04	 1057	 iter
810	 1.905129e-04	 1058	 iter
811	 1.899506e-04	 1060	 iter
812	 1.899506e-04	 1061	 iter
813	 1.899506e-04	 1062	 iter
814	 1.899506e-04	 1063	 iter
815	 1.890146e-04	 1065	 iter
816	 1.890146e-04	 1066	 iter
817	 1.890146e-04	 1067	 iter
818	 1.890146e-04	 1068	 iter
819	 1.890146e-04	 1069	 iter
820	 1.890146e-04	 1070	 iter
821	 1.890146e-04	 1071	 iter
822	 1.883516e-04	 1073	 iter
823	 1.883516e-04	 1074	 iter
824	 1.883516e-04	 1075	 iter
825	 1.883516e-04	 1076	 iter
826	 1.883516e-04	 1077	 iter
827	 1.877883e-04	 1079	 iter
828	 1.877883e-04	 1080	 iter
829	 1.877883e-04	 1081	 iter
830	 1.877883e-04	 1082	 iter
831	 1.877883e-04	 1083	 iter
832	 1.877883e-04	 1084	 iter
833	 1.877883e-04	 1085	 iter
834	 1.877883e-04	 1086	 iter
835	 1.875705e-04	 1088	 iter
836	 1.875705e-04	 1089	 iter
837	 1.865375e-04	 1091	 iter
838	 1.865375e-04	 1092	 iter
839	 1.865375e-04	 1093	 iter
840	 1.865375e-04	 1094	 iter
841	 1.865375e-04	 1095	 iter
842	 1.864178e-04	 1097	 iter
843	 1.862467e-04	 1099	 iter
844	 1.854774e-04	 1101	 iter
845	 1.848043e-04	 1103	 iter
846	 1.848043e-04	 1104	 iter
847	 1.848043e-04	 1105	 iter
848	 1.848043e-04	 1106	 iter
849	 1.835292e-04	 1108	 iter
850	 1.835292e-04	 1109	 iter
851	 1.835292e-04	 1110	 iter
852	 1.824302e-04	 1112	 iter
853	 1.824302e-04	 1113	 iter
854	 1.824302e-04	 1114	 iter
855	 1.824302e-04	 1115	 iter
856	 1.824302e-04	 1116	 iter
857	 1.824302e-04	 1117	 iter
858	 1.824302e-04	 1118	 iter
859	 1.824302e-04	 1119	 iter
860	 1.824302e-04	 1120	 iter
861	 1.819901e-04	 1122	 iter
862	 1.819901e-04	 1123	 iter
863	 1.819901e-04	 1124	 iter
864	 1.804411e-04	 1126	 iter
865	 1.804411e-04	 1127	 iter
866	 1.804411e-04	 1128	 iter
867	 1.804411e-04	 1129	 iter
868	 1.804411e-04	 1130	 iter
869	 1.804411e-04	 1132	 iter
870	 1.804411e-04	 1133	 iter
871	 1.802948e-04	 1135	 iter
872	 1.802948e-04	 1136	 iter
873	 1.802948e-04	 1137	 iter
874	 1.802948e-04	 1138	 iter
875	 1.800073e-04	 1140	 iter
876	 1.800073e-04	 1141	 iter
877	 1.800073e-04	 1142	 iter
878	 1.796895e-04	 1144	 iter
879	 1.796895e-04	 1145	 iter
880	 1.796895e-04	 1147	 iter
881	 1.796895e-04	 1148	 iter
882	 1.796895e-04	 1149	 iter
883	 1.786698e-04	 1151	 iter
884	 1.786698e-04	 1152	 iter
885	 1.786522e-04	 1154	 iter
886	 1.786522e-04	 1155	 iter
887	 1.786522e-04	 1156	 iter
888	 1.786522e-04	 1157	 iter
889	 1.786522e-04	 1158	 iter
890	 1.786522e-04	 1159	 iter
891	 1.786522e-04	 1160	 iter
892	 1.786522e-04	 1161	 iter
893	 1.781477e-04	 1163	 iter
894	 1.781477e-04	 1164	 iter
895	 1.781477e-04	 1165	 iter
896	 1.781477e-04	 1166	 iter
897	 1.778390e-04	 1168	 iter
898	 1.778390e-04	 1169	 iter
899	 1.778390e-04	 1170	 iter
900	 1.778390e-04	 1171	 iter
901	 1.778390e-04	 1172	 iter
902	 1.774769e-04	 1174	 iter
903	 1.773937e-04	 1176	 iter
904	 1.773937e-04	 1177	 iter
905	 1.773937e-04	 1178	 iter
906	 1.773937e-04	 1179	 iter
907	 1.773937e-04	 1180	 iter
908	 1.773927e-04	 1182	 iter
909	 1.773927e-04	 1183	 iter
910	 1.773927e-04	 1184	 iter
911	 1.773927e-04	 1185	 iter
912	 1.773927e-04	 1187	 iter
913	 1.773927e-04	 1188	 iter
914	 1.772937e-04	 1190	 iter
915	 1.769166e-04	 1192	 iter
916	 1.769166e-04	 1193	 iter
917	 1.769166e-04	 1194	 iter
918	 1.769166e-04	 1195	 iter
919	 1.769166e-04	 1196	 iter
920	 1.756349e-04	 1198	 iter
921	 1.756349e-04	 1199	 iter
922	 1.756349e-04	 1200	 iter
923	 1.756349e-04	 1201	 iter
924	 1.756349e-04	 1202	 iter
925	 1.756349e-04	 1203	 iter
926	 1.756349e-04	 1204	 iter
927	 1.756349e-04	 1205	 iter
928	 1.756349e-04	 1206	 iter
929	 1.756349e-04	 1207	 iter
930	 1.756349e-04	 1208	 iter
931	 1.756349e-04	 1209	 iter
932	 1.756349e-04	 1210	 iter
933	 1.756349e-04	 1211	 iter
934	 1.756349e-04	 1213	 iter
935	 1.756349e-04	 1214	 iter
936	 1.756349e-04	 1216	 iter
937	 1.756349e-04	 1217	 iter
938	 1.756349e-04	 1218	 iter
939	 1.756349e-04	 1219	 iter
940	 1.756349e-04	 1220	 iter
941	 1.756349e-04	 1221	 iter
942	 1.756349e-04	 1222	 iter
943	 1.756349e-04	 1223	 iter
944	 1.756349e-04	 1224	 iter
945	 1.756349e-04	 1225	 iter
946	 1.756349e-04	 1227	 iter
947	 1.756349e-04	 1228	 iter
948	 1.756349e-04	 1229	 iter
949	 1.756349e-04	 1230	 iter
950	 1.756349e-04	 1231	 iter
951	 1.756349e-04	 1232	 iter
952	 1.754522e-04	 1234	 iter
953	 1.754522e-04	 1235	 iter
954	 1.754522e-04	 1236	 iter
955	 1.752536e-04	 1238	 iter
956	 1.752536e-04	 1239	 iter
957	 1.752536e-04	 1240	 iter
958	 1.752536e-04	 1241	 iter
959	 1.752536e-04	 1242	 iter
960	 1.752536e-04	 1243	 iter
961	 1.752536e-04	 1244	 iter
962	 1.752536e-04	 1246	 iter
963	 1.752536e-04	 1248	 iter
964	 1.752536e-04	 1250	 iter
965	 1.752536e-04	 1252	 iter
966	 1.752536e-04	 1253	 iter
967	 1.752536e-04	 1255	 iter
968	 1.752536e-04	 1257	 iter
969	 1.751210e-04	 1259	 iter
970	 1.751210e-04	 1261	 iter
971	 1.751210e-04	 1262	 iter
972	 1.751210e-04	 1263	 iter
973	 1.751210e-04	 1264	 iter
974	 1.751210e-04	 1265	 iter
975	 1.748599e-04	 1267	 iter
976	 1.748599e-04	 1269	 iter
977	 1.748599e-04	 1270	 iter
978	 1.748599e-04	 1271	 iter
979	 1.748599e-04	 1272	 iter
980	 1.748599e-04	 1273	 iter
981	 1.748599e-04	 1274	 iter
982	 1.748599e-04	 1276	 iter
983	 1.748582e-04	 1278	 iter
984	 1.748582e-04	 1279	 iter
985	 1.748582e-04	 1280	 iter
986	 1.748582e-04	 1282	 iter
987	 1.748582e-04	 1283	 iter
988	 1.746598e-04	 1285	 iter
989	 1.746598e-04	 1286	 iter
990	 1.746598e-04	 1287	 iter
991	 1.746598e-04	 1288	 iter
992	 1.746598e-04	 1289	 iter
993	 1.746598e-04	 1291	 iter
994	 1.746598e-04	 1292	 iter
995	 1.746598e-04	 1293	 iter
996	 1.746598e-04	 1294	 iter
997	 1.746598e-04	 1296	 iter
998	 1.746598e-04	 1297	 iter
999	 1.746598e-04	 1299	 iter
1000	 1.746598e-04	 1301	 iter
1001	 1.746187e-04	 1303	 iter
1002	 1.746187e-04	 1304	 iter
1003	 1.746187e-04	 1306	 iter
1004	 1.746187e-04	 1307	 iter
1005	 1.746187e-04	 1308	 iter
1006	 1.746187e-04	 1309	 iter
1007	 1.746187e-04	 1310	 iter
1008	 1.746187e-04	 1312	 iter
1009	 1.746187e-04	 1314	 iter
1010	 1.746187e-04	 1315	 iter
1011	 1.746187e-04	 1316	 iter
1012	 1.746187e-04	 1318	 iter
1013	 1.745874e-04	 1320	 iter
1014	 1.745874e-04	 1321	 iter
1015	 1.745414e-04	 1323	 iter
1016	 1.745414e-04	 1324	 iter
1017	 1.745414e-04	 1326	 iter
1018	 1.745414e-04	 1327	 iter
1019	 1.745414e-04	 1328	 iter
1020	 1.745414e-04	 1330	 iter
1021	 1.745414e-04	 1331	 iter
1022	 1.745414e-04	 1333	 iter
1023	 1.745414e-04	 1335	 iter
1024	 1.745414e-04	 1336	 iter
1025	 1.745414e-04	 1337	 iter
1026	 1.745414e-04	 1338	 iter
1027	 1.745414e-04	 1340	 iter
1028	 1.745344e-04	 1342	 iter
1029	 1.745344e-04	 1344	 iter
1030	 1.744918e-04	 1346	 iter
1031	 1.744918e-04	 1347	 iter
1032	 1.744918e-04	 1348	 iter
1033	 1.744918e-04	 1350	 iter
1034	 1.744918e-04	 1351	 iter
1035	 1.744918e-04	 1352	 iter
1036	 1.744918e-04	 1354	 iter
1037	 1.744918e-04	 1355	 iter
1038	 1.744918e-04	 1356	 iter
1039	 1.744918e-04	 1357	 iter
1040	 1.744918e-04	 1358	 iter
1041	 1.744918e-04	 1359	 iter
1042	 1.744918e-04	 1360	 iter
1043	 1.744881e-04	 1362	 iter
1044	 1.744881e-04	 1363	 iter
1045	 1.744881e-04	 1364	 iter
1046	 1.744881e-04	 1365	 iter
1047	 1.744881e-04	 1366	 iter
1048	 1.744881e-04	 1367	 iter
1049	 1.744881e-04	 1368	 iter
1050	 1.744702e-04	 1370	 iter
1051	 1.744702e-04	 1371	 iter
1052	 1.744702e-04	 1373	 iter
1053	 1.744169e-04	 1375	 iter
1054	 1.744169e-04	 1376	 iter
1055	 1.744169e-04	 1378	 iter
1056	 1.744169e-04	 1379	 iter
1057	 1.744169e-04	 1381	 iter
1058	 1.744169e-04	 1383	 iter
1059	 1.744169e-04	 1384	 iter
1060	 1.744169e-04	 1385	 iter
1061	 1.744169e-04	 1386	 iter
1062	 1.744169e-04	 1387	 iter
1063	 1.744169e-04	 1388	 iter
1064	 1.744169e-04	 1389	 iter
1065	 1.744169e-04	 1390	 iter
1066	 1.744169e-04	 1391	 iter
1067	 1.744169e-04	 1392	 iter
1068	 1.744125e-04	 1394	 iter
1069	 1.744125e-04	 1395	 iter
1070	 1.744125e-04	 1397	 iter
1071	 1.744125e-04	 1398	 iter
1072	 1.744125e-04	 1400	 iter
1073	 1.744125e-04	 1401	 iter
1074	 1.743975e-04	 1403	 iter
1075	 1.743975e-04	 1404	 iter
1076	 1.743975e-04	 1405	 iter
1077	 1.743672e-04	 1407	 iter
1078	 1.743672e-04	 1408	 iter
1079	 1.743672e-04	 1409	 iter
1080	 1.743672e-04	 1410	 iter
1081	 1.743672e-04	 1411	 iter
1082	 1.743672e-04	 1412	 iter
1083	 1.743672e-04	 1413	 iter
1084	 1.743672e-04	 1414	 iter
1085	 1.743672e-04	 1415	 iter
1086	 1.743672e-04	 1417	 iter
1087	 1.743672e-04	 1418	 iter
1088	 1.743672e-04	 1419	 iter
1089	 1.743672e-04	 1420	 iter
1090	 1.743672e-04	 1422	 iter
1091	 1.743409e-04	 1424	 iter
1092	 1.743409e-04	 1425	 iter
1093	 1.743409e-04	 1426	 iter
1094	 1.743409e-04	 1427	 iter
1095	 1.743409e-04	 1428	 iter
1096	 1.743379e-04	 1430	 iter
1097	 1.743379e-04	 1431	 iter
1098	 1.743379e-04	 1432	 iter
1099	 1.743379e-04	 1433	 iter
1100	 1.743379e-04	 1435	 iter
1101	 1.743271e-04	 1437	 iter
1102	 1.743271e-04	 1438	 iter
1103	 1.743271e-04	 1439	 iter
1104	 1.743271e-04	 1440	 iter
1105	 1.743148e-04	 1442	 iter
1106	 1.743148e-04	 1443	 iter
1107	 1.743148e-04	 1444	 iter
1108	 1.743111e-04	 1446	 iter
1109	 1.743111e-04	 1447	 iter
1110	 1.743022e-04	 1449	 iter
1111	 1.743022e-04	 1450	 iter
1112	 1.743022e-04	 1451	 iter
1113	 1.743022e-04	 1452	 iter
1114	 1.742976e-04	 1454	 iter
1115	 1.742933e-04	 1456	 iter
1116	 1.742933e-04	 1457	 iter
1117	 1.742933e-04	 1458	 iter
1118	 1.742709e-04	 1460	 iter
1119	 1.742709e-04	 1461	 iter
1120	 1.742584e-04	 1463	 iter
1121	 1.742584e-04	 1464	 iter
1122	 1.742584e-04	 1465	 iter
1123	 1.742584e-04	 1466	 iter
1124	 1.742584e-04	 1467	 iter
1125	 1.742584e-04	 1468	 iter
1126	 1.742584e-04	 1469	 iter
1127	 1.742584e-04	 1470	 iter
1128	 1.742584e-04	 1472	 iter
1129	 1.742584e-04	 1473	 iter
1130	 1.742584e-04	 1475	 iter
1131	 1.742584e-04	 1476	 iter
1132	 1.742584e-04	 1478	 iter
1133	 1.742529e-04	 1480	 iter
1134	 1.742529e-04	 1481	 iter
1135	 1.742509e-04	 1483	 iter
1136	 1.742509e-04	 1484	 iter
1137	 1.742509e-04	 1486	 iter
1138	 1.742319e-04	 1488	 iter
1139	 1.742319e-04	 1489	 iter
1140	 1.742319e-04	 1490	 iter
1141	 1.742319e-04	 1492	 iter
1142	 1.742319e-04	 1494	 iter
1143	 1.742319e-04	 1495	 iter
1144	 1.742319e-04	 1496	 iter
1145	 1.742319e-04	 1497	 iter
1146	 1.742064e-04	 1499	 iter
1147	 1.742064e-04	 1500	 iter
1148	 1.742064e-04	 1501	 iter
1149	 1.742064e-04	 1502	 iter
1150	 1.742064e-04	 1503	 iter
1151	 1.742064e-04	 1504	 iter
1152	 1.742062e-04	 1506	 iter
1153	 1.742062e-04	 1508	 iter
1154	 1.742062e-04	 1509	 iter
1155	 1.742062e-04	 1510	 iter
1156	 1.741843e-04	 1512	 iter
1157	 1.741591e-04	 1514	 iter
1158	 1.741591e-04	 1515	 iter
1159	 1.741591e-04	 1516	 iter
1160	 1.741591e-04	 1517	 iter
1161	 1.741591e-04	 1518	 iter
1162	 1.741591e-04	 1519	 iter
1163	 1.741591e-04	 1520	 iter
1164	 1.741591e-04	 1521	 iter
1165	 1.741367e-04	 1523	 iter
1166	 1.741367e-04	 1524	 iter
1167	 1.741367e-04	 1525	 iter
1168	 1.741367e-04	 1526	 iter
1169	 1.741367e-04	 1527	 iter
1170	 1.741367e-04	 1528	 iter
1171	 1.740923e-04	 1530	 iter
1172	 1.740923e-04	 1531	 iter
1173	 1.740923e-04	 1532	 iter
1174	 1.740923e-04	 1533	 iter
1175	 1.740417e-04	 1535	 iter
1176	 1.740417e-04	 1536	 iter
1177	 1.740417e-04	 1537	 iter
1178	 1.740417e-04	 1538	 iter
1179	 1.740417e-04	 1539	 iter
1180	 1.740417e-04	 1540	 iter
1181	 1.740417e-04	 1541	 iter
1182	 1.740280e-04	 1543	 iter
1183	 1.740280e-04	 1544	 iter
1184	 1.740256e-04	 1546	 iter
1185	 1.740256e-04	 1547	 iter
1186	 1.739723e-04	 1549	 iter
1187	 1.739723e-04	 1550	 iter
1188	 1.739723e-04	 1551	 iter
1189	 1.739723e-04	 1552	 iter
1190	 1.739723e-04	 1553	 iter
1191	 1.739723e-04	 1554	 iter
1192	 1.739723e-04	 1555	 iter
1193	 1.739629e-04	 1557	 iter
1194	 1.739450e-04	 1559	 iter
1195	 1.739450e-04	 1560	 iter
1196	 1.739450e-04	 1561	 iter
1197	 1.738727e-04	 1563	 iter
1198	 1.738727e-04	 1564	 iter
1199	 1.738727e-04	 1565	 iter
1200	 1.738727e-04	 1566	 iter
1201	 1.738727e-04	 1567	 iter
1202	 1.738727e-04	 1568	 iter
1203	 1.738636e-04	 1570	 iter
1204	 1.738636e-04	 1571	 iter
1205	 1.738636e-04	 1572	 iter
1206	 1.738636e-04	 1573	 iter
1207	 1.738555e-04	 1575	 iter
1208	 1.738314e-04	 1577	 iter
1209	 1.737894e-04	 1579	 iter
1210	 1.737874e-04	 1581	 iter
1211	 1.737874e-04	 1582	 iter
1212	 1.737816e-04	 1584	 iter
1213	 1.737673e-04	 1586	 iter
1214	 1.737673e-04	 1587	 iter
1215	 1.737225e-04	 1589	 iter
1216	 1.737225e-04	 1590	 iter
1217	 1.737225e-04	 1591	 iter
1218	 1.737209e-04	 1593	 iter
1219	 1.737115e-04	 1595	 iter
1220	 1.737115e-04	 1596	 iter
1221	 1.736930e-04	 1598	 iter
1222	 1.736349e-04	 1600	 iter
1223	 1.736349e-04	 1601	 iter
1224	 1.734400e-04	 1603	 iter
1225	 1.734400e-04	 1604	 iter
1226	 1.734400e-04	 1606	 iter
1227	 1.734400e-04	 1607	 iter
1228	 1.734400e-04	 1608	 iter
1229	 1.734400e-04	 1609	 iter
1230	 1.734400e-04	 1610	 iter
1231	 1.734400e-04	 1611	 iter
1232	 1.734400e-04	 1612	 iter
1233	 1.734400e-04	 1613	 iter
1234	 1.734400e-04	 1614	 iter
1235	 1.734400e-04	 1615	 iter
1236	 1.734400e-04	 1616	 iter
1237	 1.733605e-04	 1618	 iter
1238	 1.733605e-04	 1619	 iter
1239	 1.733605e-04	 1620	 iter
1240	 1.733605e-04	 1621	 iter
1241	 1.733605e-04	 1622	 iter
1242	 1.733605e-04	 1623	 iter
1243	 1.733605e-04	 1624	 iter
1244	 1.732735e-04	 1626	 iter
1245	 1.732735e-04	 1627	 iter
1246	 1.732735e-04	 1628	 iter
1247	 1.731597e-04	 1630	 iter
1248	 1.731597e-04	 1631	 iter
1249	 1.731597e-04	 1632	 iter
1250	 1.731597e-04	 1633	 iter
1251	 1.731597e-04	 1634	 iter
1252	 1.731597e-04	 1635	 iter
1253	 1.729950e-04	 1637	 iter
1254	 1.729950e-04	 1638	 iter
1255	 1.729950e-04	 1639	 iter
1256	 1.729950e-04	 1640	 iter
1257	 1.729950e-04	 1641	 iter
1258	 1.729950e-04	 1642	 iter
1259	 1.727532e-04	 1644	 iter
1260	 1.727532e-04	 1645	 iter
1261	 1.727532e-04	 1646	 iter
1262	 1.727532e-04	 1647	 iter
1263	 1.727532e-04	 1648	 iter
1264	 1.727532e-04	 1649	 iter
1265	 1.725843e-04	 1651	 iter
1266	 1.725843e-04	 1652	 iter
1267	 1.725843e-04	 1653	 iter
1268	 1.725843e-04	 1654	 iter
1269	 1.725843e-04	 1655	 iter
1270	 1.725843e-04	 1656	 iter
1271	 1.725522e-04	 1658	 iter
1272	 1.725522e-04	 1659	 iter
1273	 1.721241e-04	 1661	 iter
1274	 1.721241e-04	 1662	 iter
1275	 1.721241e-04	 1663	 iter
1276	 1.721241e-04	 1664	 iter
1277	 1.721241e-04	 1665	 iter
1278	 1.721241e-04	 1666	 iter
1279	 1.721241e-04	 1667	 iter
1280	 1.720037e-04	 1669	 iter
1281	 1.720037e-04	 1670	 iter
1282	 1.718219e-04	 1672	 iter
1283	 1.718219e-04	 1673	 iter
1284	 1.714306e-04	 1675	 iter
1285	 1.714306e-04	 1676	 iter
1286	 1.714306e-04	 1677	 iter
1287	 1.714306e-04	 1678	 iter
1288	 1.714306e-04	 1679	 iter
1289	 1.714306e-04	 1680	 iter
1290	 1.714306e-04	 1681	 iter
1291	 1.714306e-04	 1682	 iter
1292	 1.714306e-04	 1683	 iter
1293	 1.710591e-04	 1685	 iter
1294	 1.710591e-04	 1686	 iter
1295	 1.710591e-04	 1687	 iter
1296	 1.708684e-04	 1689	 iter
1297	 1.708684e-04	 1690	 iter
1298	 1.708684e-04	 1691	 iter
1299	 1.708684e-04	 1692	 iter
1300	 1.707999e-04	 1694	 iter
1301	 1.707999e-04	 1695	 iter
1302	 1.707779e-04	 1697	 iter
1303	 1.707779e-04	 1698	 iter
1304	 1.707779e-04	 1699	 iter
1305	 1.707779e-04	 1700	 iter
1306	 1.707779e-04	 1701	 iter
1307	 1.707779e-04	 1702	 iter
1308	 1.707779e-04	 1703	 iter
1309	 1.705233e-04	 1705	 iter
1310	 1.705233e-04	 1706	 iter
1311	 1.705233e-04	 1707	 iter
1312	 1.705233e-04	 1709	 iter
1313	 1.705233e-04	 1710	 iter
1314	 1.705233e-04	 1711	 iter
1315	 1.705233e-04	 1712	 iter
1316	 1.704980e-04	 1714	 iter
1317	 1.704575e-04	 1716	 iter
1318	 1.704575e-04	 1717	 iter
1319	 1.704575e-04	 1719	 iter
1320	 1.704258e-04	 1721	 iter
1321	 1.704258e-04	 1722	 iter
1322	 1.699817e-04	 1724	 iter
1323	 1.699817e-04	 1725	 iter
1324	 1.699817e-04	 1726	 iter
1325	 1.699817e-04	 1727	 iter
1326	 1.699817e-04	 1728	 iter
1327	 1.699817e-04	 1729	 iter
1328	 1.699817e-04	 1730	 iter
1329	 1.699817e-04	 1731	 iter
1330	 1.699817e-04	 1732	 iter
1331	 1.699817e-04	 1733	 iter
1332	 1.699817e-04	 1734	 iter
1333	 1.699817e-04	 1735	 iter
1334	 1.699817e-04	 1736	 iter
1335	 1.699332e-04	 1738	 iter
1336	 1.698946e-04	 1740	 iter
1337	 1.697221e-04	 1742	 iter
1338	 1.697221e-04	 1743	 iter
1339	 1.695406e-04	 1745	 iter
1340	 1.691054e-04	 1747	 iter
1341	 1.691054e-04	 1748	 iter
1342	 1.691054e-04	 1749	 iter
1343	 1.691054e-04	 1750	 iter
1344	 1.691054e-04	 1751	 iter
1345	 1.691054e-04	 1752	 iter
1346	 1.691054e-04	 1753	 iter
1347	 1.691054e-04	 1754	 iter
1348	 1.688214e-04	 1756	 iter
1349	 1.688214e-04	 1757	 iter
1350	 1.685955e-04	 1759	 iter
1351	 1.685955e-04	 1760	 iter
1352	 1.683090e-04	 1762	 iter
1353	 1.683090e-04	 1763	 iter
1354	 1.677614e-04	 1765	 iter
1355	 1.677614e-04	 1766	 iter
1356	 1.677614e-04	 1767	 iter
1357	 1.677614e-04	 1768	 iter
1358	 1.677614e-04	 1769	 iter
1359	 1.670764e-04	 1771	 iter
1360	 1.670764e-04	 1772	 iter
1361	 1.670764e-04	 1773	 iter
1362	 1.670764e-04	 1774	 iter
1363	 1.670764e-04	 1775	 iter
1364	 1.670764e-04	 1776	 iter
1365	 1.670764e-04	 1777	 iter
1366	 1.660108e-04	 1779	 iter
1367	 1.660108e-04	 1780	 iter
1368	 1.660108e-04	 1781	 iter
1369	 1.660108e-04	 1782	 iter
1370	 1.660108e-04	 1783	 iter
1371	 1.660108e-04	 1784	 iter
1372	 1.652297e-04	 1786	 iter
1373	 1.652297e-04	 1787	 iter
1374	 1.652297e-04	 1788	 iter
1375	 1.652297e-04	 1789	 iter
1376	 1.652297e-04	 1790	 iter
1377	 1.652297e-04	 1791	 iter
1378	 1.651184e-04	 1793	 iter
1379	 1.635229e-04	 1795	 iter
1380	 1.635229e-04	 1796	 iter
1381	 1.635229e-04	 1797	 iter
1382	 1.635229e-04	 1798	 iter
1383	 1.635229e-04	 1799	 iter
1384	 1.635229e-04	 1800	 iter
1385	 1.629524e-04	 1802	 iter
1386	 1.629524e-04	 1803	 iter
1387	 1.629524e-04	 1804	 iter
1388	 1.608166e-04	 1806	 iter
1389	 1.608166e-04	 1807	 iter
1390	 1.608166e-04	 1808	 iter
1391	 1.608166e-04	 1809	 iter
1392	 1.608166e-04	 1810	 iter
1393	 1.608166e-04	 1811	 iter
1394	 1.608166e-04	 1812	 iter
1395	 1.608166e-04	 1813	 iter
1396	 1.608166e-04	 1814	 iter
1397	 1.593486e-04	 1816	 iter
1398	 1.593486e-04	 1817	 iter
1399	 1.593486e-04	 1818	 iter
1400	 1.593486e-04	 1819	 iter
1401	 1.590733e-04	 1821	 iter
1402	 1.590733e-04	 1822	 iter
1403	 1.590733e-04	 1823	 iter
1404	 1.590733e-04	 1824	 iter
1405	 1.576528e-04	 1826	 iter
1406	 1.576528e-04	 1827	 iter
1407	 1.572983e-04	 1829	 iter
1408	 1.570963e-04	 1831	 iter
1409	 1.568066e-04	 1833	 iter
1410	 1.568066e-04	 1834	 iter
1411	 1.562409e-04	 1836	 iter
1412	 1.562409e-04	 1837	 iter
1413	 1.562409e-04	 1838	 iter
1414	 1.562409e-04	 1839	 iter
1415	 1.553774e-04	 1841	 iter
1416	 1.536316e-04	 1843	 iter
1417	 1.536316e-04	 1844	 iter
1418	 1.536316e-04	 1845	 iter
1419	 1.536316e-04	 1846	 iter
1420	 1.536316e-04	 1847	 iter
1421	 1.536316e-04	 1848	 iter
1422	 1.536316e-04	 1849	 iter
1423	 1.536316e-04	 1850	 iter
1424	 1.536316e-04	 1852	 iter
1425	 1.536316e-04	 1853	 iter
1426	 1.536316e-04	 1854	 iter
1427	 1.535070e-04	 1856	 iter
1428	 1.526130e-04	 1858	 iter
1429	 1.526130e-04	 1859	 iter
1430	 1.526130e-04	 1861	 iter
1431	 1.526130e-04	 1862	 iter
1432	 1.526130e-04	 1863	 iter
1433	 1.526130e-04	 1864	 iter
1434	 1.526130e-04	 1865	 iter
1435	 1.526130e-04	 1866	 iter
1436	 1.526130e-04	 1867	 iter
1437	 1.526130e-04	 1868	 iter
1438	 1.526130e-04	 1870	 iter
1439	 1.526130e-04	 1871	 iter
1440	 1.526130e-04	 1872	 iter
1441	 1.521291e-04	 1874	 iter
1442	 1.521291e-04	 1876	 iter
1443	 1.521291e-04	 1877	 iter
1444	 1.521291e-04	 1879	 iter
1445	 1.521291e-04	 1881	 iter
1446	 1.515190e-04	 1883	 iter
1447	 1.515190e-04	 1885	 iter
1448	 1.515190e-04	 1886	 iter
1449	 1.514945e-04	 1888	 iter
1450	 1.514945e-04	 1889	 iter
1451	 1.514945e-04	 1890	 iter
1452	 1.514945e-04	 1891	 iter
1453	 1.514945e-04	 1893	 iter
1454	 1.514945e-04	 1894	 iter
1455	 1.514945e-04	 1895	 iter
1456	 1.514945e-04	 1896	 iter
1457	 1.514945e-04	 1898	 iter
1458	 1.514945e-04	 1900	 iter
1459	 1.514945e-04	 1901	 iter
1460	 1.514945e-04	 1903	 iter
1461	 1.514945e-04	 1904	 iter
1462	 1.514945e-04	 1905	 iter
1463	 1.513844e-04	 1907	 iter
1464	 1.513844e-04	 1909	 iter
1465	 1.508152e-04	 1911	 iter
1466	 1.508152e-04	 1912	 iter
1467	 1.500311e-04	 1914	 iter
1468	 1.500311e-04	 1915	 iter
1469	 1.500311e-04	 1916	 iter
1470	 1.500311e-04	 1917	 iter
1471	 1.500311e-04	 1918	 iter
1472	 1.500311e-04	 1919	 iter
1473	 1.500311e-04	 1920	 iter
1474	 1.500311e-04	 1921	 iter
1475	 1.500311e-04	 1922	 iter
1476	 1.500311e-04	 1923	 iter
1477	 1.500311e-04	 1925	 iter
1478	 1.500311e-04	 1927	 iter
1479	 1.500311e-04	 1928	 iter
1480	 1.500311e-04	 1929	 iter
1481	 1.496019e-04	 1931	 iter
1482	 1.496019e-04	 1932	 iter
1483	 1.496019e-04	 1933	 iter
1484	 1.496019e-04	 1934	 iter
1485	 1.496019e-04	 1935	 iter
1486	 1.494150e-04	 1937	 iter
1487	 1.494150e-04	 1938	 iter
1488	 1.494150e-04	 1940	 iter
1489	 1.494150e-04	 1941	 iter
1490	 1.491905e-04	 1943	 iter
1491	 1.491755e-04	 1945	 iter
1492	 1.491755e-04	 1946	 iter
1493	 1.487333e-04	 1948	 iter
1494	 1.487333e-04	 1949	 iter
1495	 1.487333e-04	 1950	 iter
1496	 1.487333e-04	 1951	 iter
1497	 1.487333e-04	 1952	 iter
1498	 1.487333e-04	 1953	 iter
1499	 1.483897e-04	 1955	 iter
1500	 1.483897e-04	 1956	 iter
1501	 1.476524e-04	 1958	 iter
1502	 1.476524e-04	 1959	 iter
1503	 1.476524e-04	 1960	 iter
1504	 1.476524e-04	 1961	 iter
1505	 1.476524e-04	 1962	 iter
1506	 1.476524e-04	 1963	 iter
1507	 1.476524e-04	 1964	 iter
1508	 1.476524e-04	 1965	 iter
1509	 1.476524e-04	 1966	 iter
1510	 1.476524e-04	 1967	 iter
1511	 1.476524e-04	 1968	 iter
1512	 1.476524e-04	 1969	 iter
1513	 1.476524e-04	 1970	 iter
1514	 1.474436e-04	 1972	 iter
1515	 1.474436e-04	 1973	 iter
1516	 1.472205e-04	 1975	 iter
1517	 1.472205e-04	 1976	 iter
1518	 1.472205e-04	 1977	 iter
1519	 1.472205e-04	 1978	 iter
1520	 1.469037e-04	 1980	 iter
1521	 1.469037e-04	 1981	 iter
1522	 1.469037e-04	 1982	 iter
1523	 1.469037e-04	 1983	 iter
1524	 1.469037e-04	 1984	 iter
1525	 1.469037e-04	 1985	 iter
1526	 1.458774e-04	 1987	 iter
1527	 1.458774e-04	 1988	 iter
1528	 1.458774e-04	 1989	 iter
1529	 1.458774e-04	 1990	 iter
1530	 1.458774e-04	 1991	 iter
1531	 1.458774e-04	 1992	 iter
1532	 1.458774e-04	 1993	 iter
1533	 1.458774e-04	 1995	 iter
1534	 1.458774e-04	 1996	 iter
1535	 1.458774e-04	 1997	 iter
1536	 1.458774e-04	 1998	 iter
1537	 1.458774e-04	 1999	 iter
1538	 1.458774e-04	 2000	 iter
1539	 1.458774e-04	 2001	 iter
1540	 1.458774e-04	 2003	 iter
1541	 1.458774e-04	 2004	 iter
1542	 1.458774e-04	 2005	 iter
1543	 1.454974e-04	 2007	 iter
1544	 1.454974e-04	 2008	 iter
1545	 1.454974e-04	 2009	 iter
1546	 1.454974e-04	 2010	 iter
1547	 1.454974e-04	 2011	 iter
1548	 1.454974e-04	 2012	 iter
1549	 1.452521e-04	 2014	 iter
1550	 1.452521e-04	 2015	 iter
1551	 1.452521e-04	 2016	 iter
1552	 1.452521e-04	 2017	 iter
1553	 1.452521e-04	 2018	 iter
1554	 1.452521e-04	 2019	 iter
1555	 1.452521e-04	 2020	 iter
1556	 1.452521e-04	 2021	 iter
1557	 1.452521e-04	 2022	 iter
1558	 1.452521e-04	 2023	 iter
1559	 1.452521e-04	 2025	 iter
1560	 1.450185e-04	 2027	 iter
1561	 1.450185e-04	 2029	 iter
1562	 1.450185e-04	 2031	 iter
1563	 1.450185e-04	 2032	 iter
1564	 1.450185e-04	 2034	 iter
1565	 1.449639e-04	 2036	 iter
1566	 1.449639e-04	 2037	 iter
1567	 1.449639e-04	 2038	 iter
1568	 1.449639e-04	 2039	 iter
1569	 1.449639e-04	 2041	 iter
1570	 1.449639e-04	 2043	 iter
1571	 1.449639e-04	 2044	 iter
1572	 1.449639e-04	 2046	 iter
1573	 1.449639e-04	 2047	 iter
1574	 1.448162e-04	 2049	 iter
1575	 1.448162e-04	 2051	 iter
1576	 1.448162e-04	 2052	 iter
1577	 1.448162e-04	 2053	 iter
1578	 1.448162e-04	 2054	 iter
1579	 1.448162e-04	 2055	 iter
1580	 1.448162e-04	 2056	 iter
1581	 1.448162e-04	 2057	 iter
1582	 1.448162e-04	 2058	 iter
1583	 1.448162e-04	 2060	 iter
1584	 1.446777e-04	 2062	 iter
1585	 1.446005e-04	 2064	 iter
1586	 1.446005e-04	 2065	 iter
1587	 1.446005e-04	 2066	 iter
1588	 1.446005e-04	 2068	 iter
1589	 1.446005e-04	 2069	 iter
1590	 1.444555e-04	 2071	 iter
1591	 1.444555e-04	 2072	 iter
1592	 1.444555e-04	 2074	 iter
1593	 1.444555e-04	 2075	 iter
1594	 1.444555e-04	 2076	 iter
1595	 1.444555e-04	 2077	 iter
1596	 1.444555e-04	 2078	 iter
1597	 1.444555e-04	 2079	 iter
1598	 1.444555e-04	 2081	 iter
1599	 1.444555e-04	 2082	 iter
1600	 1.444555e-04	 2083	 iter
1601	 1.444555e-04	 2084	 iter
1602	 1.444555e-04	 2086	 iter
1603	 1.444555e-04	 2087	 iter
1604	 1.443964e-04	 2089	 iter
1605	 1.443964e-04	 2090	 iter
1606	 1.443964e-04	 2091	 iter
1607	 1.443964e-04	 2093	 iter
1608	 1.443964e-04	 2095	 iter
1609	 1.442661e-04	 2097	 iter
1610	 1.442661e-04	 2099	 iter
1611	 1.442661e-04	 2100	 iter
1612	 1.442661e-04	 2102	 iter
1613	 1.442661e-04	 2103	 iter
1614	 1.442661e-04	 2104	 iter
1615	 1.442661e-04	 2105	 iter
1616	 1.442661e-04	 2106	 iter
1617	 1.442509e-04	 2108	 iter
1618	 1.442509e-04	 2109	 iter
1619	 1.442509e-04	 2110	 iter
1620	 1.442509e-04	 2111	 iter
1621	 1.442509e-04	 2112	 iter
1622	 1.442509e-04	 2114	 iter
1623	 1.442509e-04	 2115	 iter
1624	 1.441715e-04	 2117	 iter
1625	 1.441715e-04	 2118	 iter
1626	 1.441715e-04	 2119	 iter
1627	 1.441715e-04	 2120	 iter
1628	 1.441715e-04	 2121	 iter
1629	 1.441715e-04	 2122	 iter
1630	 1.441715e-04	 2123	 iter
1631	 1.441715e-04	 2124	 iter
1632	 1.441715e-04	 2125	 iter
1633	 1.441715e-04	 2126	 iter
1634	 1.441715e-04	 2127	 iter
1635	 1.441715e-04	 2128	 iter
1636	 1.440657e-04	 2130	 iter
1637	 1.440657e-04	 2132	 iter
1638	 1.440657e-04	 2133	 iter
1639	 1.440657e-04	 2134	 iter
1640	 1.440657e-04	 2135	 iter
1641	 1.440144e-04	 2137	 iter
1642	 1.440144e-04	 2138	 iter
1643	 1.440144e-04	 2140	 iter
1644	 1.440144e-04	 2142	 iter
1645	 1.440144e-04	 2143	 iter
1646	 1.440144e-04	 2144	 iter
1647	 1.440144e-04	 2146	 iter
1648	 1.440144e-04	 2147	 iter
1649	 1.440144e-04	 2148	 iter
1650	 1.440144e-04	 2150	 iter
1651	 1.440144e-04	 2152	 iter
1652	 1.440144e-04	 2153	 iter
1653	 1.440144e-04	 2154	 iter
1654	 1.440144e-04	 2155	 iter
1655	 1.440144e-04	 2156	 iter
1656	 1.440144e-04	 2158	 iter
1657	 1.440144e-04	 2159	 iter
1658	 1.440144e-04	 2160	 iter
1659	 1.440144e-04	 2161	 iter
1660	 1.440144e-04	 2162	 iter
1661	 1.440144e-04	 2163	 iter
1662	 1.440144e-04	 2164	 iter
1663	 1.440144e-04	 2165	 iter
1664	 1.440144e-04	 2166	 iter
1665	 1.439866e-04	 2168	 iter
1666	 1.439866e-04	 2169	 iter
1667	 1.439866e-04	 2171	 iter
1668	 1.439866e-04	 2172	 iter
1669	 1.439787e-04	 2174	 iter
1670	 1.439787e-04	 2175	 iter
1671	 1.439787e-04	 2176	 iter
1672	 1.439787e-04	 2177	 iter
1673	 1.439787e-04	 2178	 iter
1674	 1.439787e-04	 2179	 iter
1675	 1.439787e-04	 2181	 iter
1676	 1.439787e-04	 2182	 iter
1677	 1.439787e-04	 2184	 iter
1678	 1.439787e-04	 2186	 iter
1679	 1.439514e-04	 2188	 iter
1680	 1.439514e-04	 2189	 iter
1681	 1.439514e-04	 2190	 iter
1682	 1.439514e-04	 2191	 iter
1683	 1.439514e-04	 2192	 iter
1684	 1.439514e-04	 2193	 iter
1685	 1.439514e-04	 2195	 iter
1686	 1.439419e-04	 2197	 iter
1687	 1.439419e-04	 2199	 iter
1688	 1.439419e-04	 2200	 iter
1689	 1.439419e-04	 2202	 iter
1690	 1.439419e-04	 2203	 iter
1691	 1.439419e-04	 2204	 iter
1692	 1.439419e-04	 2205	 iter
1693	 1.439419e-04	 2207	 iter
1694	 1.439419e-04	 2209	 iter
1695	 1.439383e-04	 2211	 iter
1696	 1.439383e-04	 2212	 iter
1697	 1.439383e-04	 2214	 iter
1698	 1.439383e-04	 2215	 iter
1699	 1.439358e-04	 2217	 iter
1700	 1.439358e-04	 2219	 iter
1701	 1.439358e-04	 2220	 iter
1702	 1.439358e-04	 2221	 iter
1703	 1.439358e-04	 2222	 iter
1704	 1.439354e-04	 2224	 iter
1705	 1.439354e-04	 2225	 iter
1706	 1.439174e-04	 2227	 iter
1707	 1.439174e-04	 2228	 iter
1708	 1.439174e-04	 2230	 iter
1709	 1.439174e-04	 2232	 iter
1710	 1.439169e-04	 2234	 iter
1711	 1.439169e-04	 2236	 iter
1712	 1.439162e-04	 2238	 iter
1713	 1.439162e-04	 2240	 iter
1714	 1.439162e-04	 2241	 iter
1715	 1.439162e-04	 2243	 iter
1716	 1.439162e-04	 2244	 iter
1717	 1.439162e-04	 2245	 iter
1718	 1.439162e-04	 2247	 iter
1719	 1.439162e-04	 2248	 iter
1720	 1.439162e-04	 2250	 iter
1721	 1.439162e-04	 2251	 iter
1722	 1.439158e-04	 2253	 iter
1723	 1.439158e-04	 2254	 iter
1724	 1.439123e-04	 2256	 iter
1725	 1.439123e-04	 2258	 iter
1726	 1.439052e-04	 2260	 iter
1727	 1.439052e-04	 2261	 iter
1728	 1.439052e-04	 2262	 iter
1729	 1.439052e-04	 2264	 iter
1730	 1.439052e-04	 2266	 iter
1731	 1.439052e-04	 2268	 iter
1732	 1.439052e-04	 2269	 iter
1733	 1.439052e-04	 2270	 iter
1734	 1.438978e-04	 2272	 iter
1735	 1.438978e-04	 2274	 iter
1736	 1.438978e-04	 2276	 iter
1737	 1.438978e-04	 2277	 iter
1738	 1.438978e-04	 2278	 iter
1739	 1.438978e-04	 2279	 iter
1740	 1.438978e-04	 2280	 iter
1741	 1.438968e-04	 2282	 iter
1742	 1.438968e-04	 2283	 iter
1743	 1.438968e-04	 2284	 iter
1744	 1.438968e-04	 2285	 iter
1745	 1.438968e-04	 2287	 iter
1746	 1.438968e-04	 2288	 iter
1747	 1.438968e-04	 2289	 iter
1748	 1.438968e-04	 2291	 iter
1749	 1.438968e-04	 2293	 iter
1750	 1.438968e-04	 2295	 iter
1751	 1.438968e-04	 2297	 iter
1752	 1.438968e-04	 2298	 iter
1753	 1.438968e-04	 2299	 iter
1754	 1.438959e-04	 2301	 iter
1755	 1.438959e-04	 2302	 iter
1756	 1.438959e-04	 2303	 iter
1757	 1.438959e-04	 2304	 iter
1758	 1.438959e-04	 2305	 iter
1759	 1.438959e-04	 2306	 iter
1760	 1.438906e-04	 2308	 iter
1761	 1.438906e-04	 2309	 iter
1762	 1.438906e-04	 2310	 iter
1763	 1.438906e-04	 2312	 iter
1764	 1.438906e-04	 2314	 iter
1765	 1.438906e-04	 2316	 iter
1766	 1.438906e-04	 2318	 iter
1767	 1.438906e-04	 2319	 iter
1768	 1.438906e-04	 2321	 iter
1769	 1.438906e-04	 2323	 iter
1770	 1.438906e-04	 2324	 iter
1771	 1.438906e-04	 2325	 iter
1772	 1.438906e-04	 2326	 iter
1773	 1.438906e-04	 2327	 iter
1774	 1.438906e-04	 2328	 iter
1775	 1.438906e-04	 2329	 iter
1776	 1.438906e-04	 2331	 iter
1777	 1.438906e-04	 2332	 iter
1778	 1.438906e-04	 2333	 iter
1779	 1.438906e-04	 2335	 iter
1780	 1.438906e-04	 2336	 iter
1781	 1.438906e-04	 2337	 iter
1782	 1.438878e-04	 2339	 iter
1783	 1.438874e-04	 2341	 iter
1784	 1.438874e-04	 2342	 iter
1785	 1.438874e-04	 2343	 iter
1786	 1.438874e-04	 2344	 iter
1787	 1.438874e-04	 2345	 iter
1788	 1.438874e-04	 2346	 iter
1789	 1.438874e-04	 2347	 iter
1790	 1.438874e-04	 2348	 iter
1791	 1.438874e-04	 2349	 iter
1792	 1.438851e-04	 2351	 iter
1793	 1.438851e-04	 2352	 iter
1794	 1.438851e-04	 2354	 iter
1795	 1.438851e-04	 2355	 iter
1796	 1.438851e-04	 2356	 iter
1797	 1.438851e-04	 2357	 iter
1798	 1.438851e-04	 2358	 iter
1799	 1.438851e-04	 2360	 iter
1800	 1.438851e-04	 2362	 iter
1801	 1.438851e-04	 2363	 iter
1802	 1.438851e-04	 2364	 iter
1803	 1.438851e-04	 2365	 iter
1804	 1.438851e-04	 2366	 iter
1805	 1.438839e-04	 2368	 iter
1806	 1.438839e-04	 2369	 iter
1807	 1.438839e-04	 2370	 iter
1808	 1.438839e-04	 2371	 iter
1809	 1.438839e-04	 2372	 iter
1810	 1.438823e-04	 2374	 iter
1811	 1.438823e-04	 2375	 iter
1812	 1.438823e-04	 2377	 iter
1813	 1.438823e-04	 2378	 iter
1814	 1.438823e-04	 2380	 iter
1815	 1.438823e-04	 2381	 iter
1816	 1.438822e-04	 2383	 iter
1817	 1.438822e-04	 2384	 iter
1818	 1.438811e-04	 2386	 iter
1819	 1.438811e-04	 2387	 iter
1820	 1.438811e-04	 2388	 iter
1821	 1.438788e-04	 2390	 iter
1822	 1.438788e-04	 2391	 iter
1823	 1.438788e-04	 2392	 iter
1824	 1.438788e-04	 2393	 iter
1825	 1.438788e-04	 2394	 iter
1826	 1.438760e-04	 2396	 iter
1827	 1.438760e-04	 2397	 iter
1828	 1.438760e-04	 2398	 iter
1829	 1.438760e-04	 2399	 iter
1830	 1.438760e-04	 2400	 iter
1831	 1.438760e-04	 2401	 iter
1832	 1.438760e-04	 2402	 iter
1833	 1.438760e-04	 2403	 iter
1834	 1.438737e-04	 2405	 iter
1835	 1.438737e-04	 2406	 iter
1836	 1.438737e-04	 2407	 iter
1837	 1.438707e-04	 2409	 iter
1838	 1.438707e-04	 2410	 iter
1839	 1.438707e-04	 2411	 iter
1840	 1.438707e-04	 2412	 iter
1841	 1.438707e-04	 2413	 iter
1842	 1.438707e-04	 2414	 iter
1843	 1.438707e-04	 2415	 iter
1844	 1.438707e-04	 2416	 iter
1845	 1.438707e-04	 2417	 iter
1846	 1.438691e-04	 2419	 iter
1847	 1.438691e-04	 2420	 iter
1848	 1.438691e-04	 2421	 iter
1849	 1.438691e-04	 2422	 iter
1850	 1.438691e-04	 2423	 iter
1851	 1.438685e-04	 2425	 iter
1852	 1.438685e-04	 2426	 iter
1853	 1.438685e-04	 2427	 iter
1854	 1.438685e-04	 2428	 iter
1855	 1.438652e-04	 2430	 iter
1856	 1.438652e-04	 2431	 iter
1857	 1.438652e-04	 2432	 iter
1858	 1.438652e-04	 2433	 iter
1859	 1.438652e-04	 2434	 iter
1860	 1.438652e-04	 2435	 iter
1861	 1.438652e-04	 2436	 iter
1862	 1.438652e-04	 2437	 iter
1863	 1.438652e-04	 2438	 iter
1864	 1.438652e-04	 2439	 iter
1865	 1.438652e-04	 2441	 iter
1866	 1.438652e-04	 2442	 iter
1867	 1.438649e-04	 2444	 iter
1868	 1.438649e-04	 2445	 iter
1869	 1.438649e-04	 2446	 iter
1870	 1.438649e-04	 2447	 iter
1871	 1.438649e-04	 2448	 iter
1872	 1.438649e-04	 2449	 iter
1873	 1.438644e-04	 2451	 iter
1874	 1.438644e-04	 2452	 iter
1875	 1.438644e-04	 2453	 iter
1876	 1.438644e-04	 2455	 iter
1877	 1.438644e-04	 2456	 iter
1878	 1.438638e-04	 2458	 iter
1879	 1.438638e-04	 2460	 iter
1880	 1.438598e-04	 2462	 iter
1881	 1.438598e-04	 2463	 iter
1882	 1.438594e-04	 2465	 iter
1883	 1.438594e-04	 2466	 iter
1884	 1.438594e-04	 2467	 iter
1885	 1.438594e-04	 2468	 iter
1886	 1.438594e-04	 2469	 iter
1887	 1.438594e-04	 2470	 iter
1888	 1.438594e-04	 2471	 iter
1889	 1.438594e-04	 2473	 iter
1890	 1.438594e-04	 2474	 iter
1891	 1.438594e-04	 2475	 iter
1892	 1.438582e-04	 2477	 iter
1893	 1.438582e-04	 2478	 iter
1894	 1.438571e-04	 2480	 iter
1895	 1.438571e-04	 2481	 iter
1896	 1.438533e-04	 2483	 iter
1897	 1.438533e-04	 2484	 iter
1898	 1.438533e-04	 2485	 iter
1899	 1.438533e-04	 2486	 iter
1900	 1.438533e-04	 2487	 iter
1901	 1.438533e-04	 2488	 iter
1902	 1.438533e-04	 2489	 iter
1903	 1.438533e-04	 2490	 iter
1904	 1.438533e-04	 2491	 iter
1905	 1.438533e-04	 2492	 iter
1906	 1.438514e-04	 2494	 iter
1907	 1.438514e-04	 2495	 iter
1908	 1.438514e-04	 2496	 iter
1909	 1.438514e-04	 2497	 iter
1910	 1.438501e-04	 2499	 iter
1911	 1.438496e-04	 2501	 iter
1912	 1.438496e-04	 2502	 iter
1913	 1.438496e-04	 2503	 iter
1914	 1.438496e-04	 2504	 iter
1915	 1.438496e-04	 2505	 iter
1916	 1.438496e-04	 2506	 iter
1917	 1.438478e-04	 2508	 iter
1918	 1.438478e-04	 2509	 iter
1919	 1.438470e-04	 2511	 iter
1920	 1.438470e-04	 2512	 iter
1921	 1.438462e-04	 2514	 iter
1922	 1.438462e-04	 2515	 iter
1923	 1.438444e-04	 2517	 iter
1924	 1.438444e-04	 2518	 iter
1925	 1.438415e-04	 2520	 iter
1926	 1.438415e-04	 2521	 iter
1927	 1.438415e-04	 2522	 iter
1928	 1.438415e-04	 2523	 iter
1929	 1.438415e-04	 2524	 iter
1930	 1.438415e-04	 2525	 iter
1931	 1.438415e-04	 2526	 iter
1932	 1.438415e-04	 2527	 iter
1933	 1.438415e-04	 2528	 iter
1934	 1.438415e-04	 2529	 iter
1935	 1.438415e-04	 2530	 iter
1936	 1.438415e-04	 2531	 iter
1937	 1.438368e-04	 2533	 iter
1938	 1.438331e-04	 2535	 iter
1939	 1.438331e-04	 2536	 iter
1940	 1.438331e-04	 2537	 iter
1941	 1.438285e-04	 2539	 iter
1942	 1.438285e-04	 2540	 iter
1943	 1.438285e-04	 2541	 iter
1944	 1.438285e-04	 2542	 iter
1945	 1.438285e-04	 2543	 iter
1946	 1.438285e-04	 2544	 iter
1947	 1.438285e-04	 2545	 iter
1948	 1.438285e-04	 2546	 iter
1949	 1.438239e-04	 2548	 iter
1950	 1.438239e-04	 2549	 iter
1951	 1.438239e-04	 2550	 iter
1952	 1.438239e-04	 2551	 iter
1953	 1.438239e-04	 2552	 iter
1954	 1.438218e-04	 2554	 iter
1955	 1.438218e-04	 2555	 iter
1956	 1.438218e-04	 2556	 iter
1957	 1.438218e-04	 2557	 iter
1958	 1.438094e-04	 2559	 iter
1959	 1.438094e-04	 2560	 iter
1960	 1.438094e-04	 2561	 iter
1961	 1.438094e-04	 2562	 iter
1962	 1.438052e-04	 2564	 iter
1963	 1.438052e-04	 2565	 iter
1964	 1.438052e-04	 2566	 iter
1965	 1.438052e-04	 2567	 iter
1966	 1.438052e-04	 2568	 iter
1967	 1.438018e-04	 2570	 iter
1968	 1.438018e-04	 2571	 iter
1969	 1.437941e-04	 2573	 iter
1970	 1.437941e-04	 2574	 iter
1971	 1.437941e-04	 2575	 iter
1972	 1.437941e-04	 2576	 iter
1973	 1.437941e-04	 2577	 iter
1974	 1.437918e-04	 2579	 iter
1975	 1.437918e-04	 2580	 iter
1976	 1.437918e-04	 2581	 iter
1977	 1.437752e-04	 2583	 iter
1978	 1.437752e-04	 2584	 iter
1979	 1.437752e-04	 2585	 iter
1980	 1.437637e-04	 2587	 iter
1981	 1.437637e-04	 2588	 iter
1982	 1.437637e-04	 2589	 iter
1983	 1.437637e-04	 2590	 iter
1984	 1.437637e-04	 2591	 iter
1985	 1.437637e-04	 2592	 iter
1986	 1.437637e-04	 2593	 iter
1987	 1.437637e-04	 2594	 iter
1988	 1.437637e-04	 2595	 iter
1989	 1.437575e-04	 2597	 iter
1990	 1.437575e-04	 2598	 iter
1991	 1.437575e-04	 2599	 iter
1992	 1.437521e-04	 2601	 iter
1993	 1.437492e-04	 2603	 iter
1994	 1.437492e-04	 2604	 iter
1995	 1.437492e-04	 2605	 iter
1996	 1.437451e-04	 2607	 iter
1997	 1.437451e-04	 2608	 iter
1998	 1.437451e-04	 2609	 iter
1999	 1.437451e-04	 2610	 iter
2000	 1.437424e-04	 2612	 iter
2001	 1.437347e-04	 2614	 iter
2002	 1.437347e-04	 2615	 iter
2003	 1.437322e-04	 2617	 iter
2004	 1.437322e-04	 2618	 iter
2005	 1.437239e-04	 2620	 iter
2006	 1.437239e-04	 2621	 iter
2007	 1.437239e-04	 2622	 iter
2008	 1.437239e-04	 2623	 iter
2009	 1.437239e-04	 2624	 iter
2010	 1.437198e-04	 2626	 iter
2011	 1.437118e-04	 2628	 iter
2012	 1.437118e-04	 2629	 iter
2013	 1.437118e-04	 2630	 iter
2014	 1.437118e-04	 2631	 iter
2015	 1.436855e-04	 2633	 iter
2016	 1.436855e-04	 2634	 iter
2017	 1.436855e-04	 2635	 iter
2018	 1.436855e-04	 2636	 iter
2019	 1.436855e-04	 2637	 iter
2020	 1.436855e-04	 2638	 iter
2021	 1.436561e-04	 2640	 iter
2022	 1.436561e-04	 2641	 iter
2023	 1.436561e-04	 2642	 iter
2024	 1.436561e-04	 2643	 iter
2025	 1.436561e-04	 2644	 iter
2026	 1.436561e-04	 2645	 iter
2027	 1.436561e-04	 2646	 iter
2028	 1.436561e-04	 2647	 iter
2029	 1.436561e-04	 2648	 iter
2030	 1.436561e-04	 2649	 iter
2031	 1.436561e-04	 2650	 iter
2032	 1.436561e-04	 2651	 iter
2033	 1.436551e-04	 2653	 iter
2034	 1.436538e-04	 2655	 iter
2035	 1.436538e-04	 2656	 iter
2036	 1.436256e-04	 2658	 iter
2037	 1.436256e-04	 2659	 iter
2038	 1.436256e-04	 2660	 iter
2039	 1.436099e-04	 2662	 iter
2040	 1.436099e-04	 2663	 iter
2041	 1.435783e-04	 2665	 iter
2042	 1.435783e-04	 2666	 iter
2043	 1.435783e-04	 2667	 iter
2044	 1.435783e-04	 2668	 iter
2045	 1.435783e-04	 2669	 iter
2046	 1.435783e-04	 2670	 iter
2047	 1.435783e-04	 2671	 iter
2048	 1.435716e-04	 2673	 iter
2049	 1.435716e-04	 2674	 iter
2050	 1.435618e-04	 2676	 iter
2051	 1.435246e-04	 2678	 iter
2052	 1.435246e-04	 2679	 iter
2053	 1.435246e-04	 2680	 iter
2054	 1.435246e-04	 2681	 iter
2055	 1.435097e-04	 2683	 iter
2056	 1.434948e-04	 2685	 iter
2057	 1.434822e-04	 2687	 iter
2058	 1.434822e-04	 2688	 iter
2059	 1.434822e-04	 2689	 iter
2060	 1.434615e-04	 2691	 iter
2061	 1.434615e-04	 2692	 iter
2062	 1.434502e-04	 2694	 iter
2063	 1.434265e-04	 2696	 iter
2064	 1.434265e-04	 2697	 iter
2065	 1.434250e-04	 2699	 iter
2066	 1.433265e-04	 2701	 iter
2067	 1.433265e-04	 2702	 iter
2068	 1.433265e-04	 2703	 iter
2069	 1.433265e-04	 2704	 iter
2070	 1.433265e-04	 2705	 iter
2071	 1.433265e-04	 2706	 iter
2072	 1.433265e-04	 2707	 iter
2073	 1.433265e-04	 2708	 iter
2074	 1.433265e-04	 2709	 iter
2075	 1.433265e-04	 2710	 iter
2076	 1.433265e-04	 2712	 iter
2077	 1.432786e-04	 2714	 iter
2078	 1.432786e-04	 2715	 iter
2079	 1.432786e-04	 2716	 iter
2080	 1.432191e-04	 2718	 iter
2081	 1.432191e-04	 2719	 iter
2082	 1.432191e-04	 2720	 iter
2083	 1.432191e-04	 2721	 iter
2084	 1.432191e-04	 2722	 iter
2085	 1.432191e-04	 2723	 iter
2086	 1.432191e-04	 2724	 iter
2087	 1.431904e-04	 2726	 iter
2088	 1.431904e-04	 2727	 iter
2089	 1.431084e-04	 2729	 iter
2090	 1.431084e-04	 2730	 iter
2091	 1.431084e-04	 2731	 iter
2092	 1.431084e-04	 2732	 iter
2093	 1.431084e-04	 2733	 iter
2094	 1.429242e-04	 2735	 iter
2095	 1.429242e-04	 2736	 iter
2096	 1.429242e-04	 2737	 iter
2097	 1.429242e-04	 2738	 iter
2098	 1.429242e-04	 2739	 iter
2099	 1.429242e-04	 2740	 iter
2100	 1.429242e-04	 2741	 iter
2101	 1.429242e-04	 2742	 iter
2102	 1.428486e-04	 2744	 iter
2103	 1.428486e-04	 2745	 iter
2104	 1.428486e-04	 2746	 iter
2105	 1.428486e-04	 2747	 iter
2106	 1.427366e-04	 2749	 iter
2107	 1.427366e-04	 2750	 iter
2108	 1.427366e-04	 2751	 iter
2109	 1.427366e-04	 2752	 iter
2110	 1.427366e-04	 2753	 iter
2111	 1.427016e-04	 2755	 iter
2112	 1.426453e-04	 2757	 iter
2113	 1.426453e-04	 2758	 iter
2114	 1.426453e-04	 2759	 iter
2115	 1.424425e-04	 2761	 iter
2116	 1.424425e-04	 2762	 iter
2117	 1.424425e-04	 2763	 iter
2118	 1.424425e-04	 2764	 iter
2119	 1.423647e-04	 2766	 iter
2120	 1.423647e-04	 2767	 iter
2121	 1.423647e-04	 2768	 iter
2122	 1.423647e-04	 2769	 iter
2123	 1.423647e-04	 2770	 iter
2124	 1.422238e-04	 2772	 iter
2125	 1.422238e-04	 2773	 iter
2126	 1.422238e-04	 2774	 iter
2127	 1.422238e-04	 2775	 iter
2128	 1.422238e-04	 2776	 iter
2129	 1.420829e-04	 2778	 iter
2130	 1.420829e-04	 2779	 iter
2131	 1.420829e-04	 2780	 iter
2132	 1.420829e-04	 2781	 iter
2133	 1.420829e-04	 2782	 iter
2134	 1.420829e-04	 2783	 iter
2135	 1.420829e-04	 2784	 iter
2136	 1.420829e-04	 2785	 iter
2137	 1.419670e-04	 2787	 iter
2138	 1.419670e-04	 2788	 iter
2139	 1.419670e-04	 2789	 iter
2140	 1.419670e-04	 2790	 iter
2141	 1.419670e-04	 2791	 iter
2142	 1.419670e-04	 2792	 iter
2143	 1.419670e-04	 2793	 iter
2144	 1.419670e-04	 2794	 iter
2145	 1.419670e-04	 2795	 iter
2146	 1.419670e-04	 2796	 iter
2147	 1.418108e-04	 2798	 iter
2148	 1.418108e-04	 2800	 iter
2149	 1.418108e-04	 2801	 iter
2150	 1.418108e-04	 2802	 iter
2151	 1.418108e-04	 2803	 iter
2152	 1.418108e-04	 2804	 iter
2153	 1.418108e-04	 2805	 iter
2154	 1.418108e-04	 2806	 iter
2155	 1.418108e-04	 2807	 iter
2156	 1.418108e-04	 2809	 iter
2157	 1.418108e-04	 2810	 iter
2158	 1.418108e-04	 2811	 iter
2159	 1.418108e-04	 2813	 iter
2160	 1.418108e-04	 2814	 iter
2161	 1.418108e-04	 2815	 iter
2162	 1.418108e-04	 2816	 iter
2163	 1.418108e-04	 2817	 iter
2164	 1.416575e-04	 2819	 iter
2165	 1.416575e-04	 2820	 iter
2166	 1.416575e-04	 2821	 iter
2167	 1.416575e-04	 2822	 iter
2168	 1.416575e-04	 2823	 iter
2169	 1.416575e-04	 2824	 iter
2170	 1.416575e-04	 2825	 iter
2171	 1.416575e-04	 2826	 iter
2172	 1.416575e-04	 2827	 iter
2173	 1.416575e-04	 2828	 iter
2174	 1.416575e-04	 2830	 iter
2175	 1.415983e-04	 2832	 iter
2176	 1.415983e-04	 2833	 iter
2177	 1.415983e-04	 2834	 iter
2178	 1.415983e-04	 2835	 iter
2179	 1.415983e-04	 2836	 iter
2180	 1.415983e-04	 2838	 iter
2181	 1.415983e-04	 2839	 iter
2182	 1.415983e-04	 2840	 iter
2183	 1.415983e-04	 2841	 iter
2184	 1.415983e-04	 2842	 iter
2185	 1.415983e-04	 2843	 iter
2186	 1.415983e-04	 2844	 iter
2187	 1.415541e-04	 2846	 iter
2188	 1.415541e-04	 2848	 iter
2189	 1.415541e-04	 2849	 iter
2190	 1.415541e-04	 2851	 iter
2191	 1.415541e-04	 2852	 iter
2192	 1.415541e-04	 2854	 iter
2193	 1.415541e-04	 2855	 iter
2194	 1.415541e-04	 2856	 iter
2195	 1.415541e-04	 2858	 iter
2196	 1.415541e-04	 2859	 iter
2197	 1.415541e-04	 2860	 iter
2198	 1.415541e-04	 2861	 iter
2199	 1.415541e-04	 2862	 iter
2200	 1.415541e-04	 2863	 iter
2201	 1.415541e-04	 2864	 iter
2202	 1.415500e-04	 2866	 iter
2203	 1.415500e-04	 2868	 iter
2204	 1.415500e-04	 2870	 iter
2205	 1.415500e-04	 2871	 iter
2206	 1.415462e-04	 2873	 iter
2207	 1.415462e-04	 2874	 iter
2208	 1.415462e-04	 2875	 iter
2209	 1.415385e-04	 2877	 iter
2210	 1.415369e-04	 2879	 iter
2211	 1.415369e-04	 2880	 iter
2212	 1.415203e-04	 2882	 iter
2213	 1.415203e-04	 2883	 iter
2214	 1.415160e-04	 2885	 iter
2215	 1.415160e-04	 2887	 iter
2216	 1.415158e-04	 2889	 iter
2217	 1.415158e-04	 2891	 iter
2218	 1.415101e-04	 2893	 iter
2219	 1.415101e-04	 2895	 iter
2220	 1.415101e-04	 2896	 iter
2221	 1.415101e-04	 2898	 iter
2222	 1.414903e-04	 2900	 iter
2223	 1.414903e-04	 2901	 iter
2224	 1.414903e-04	 2902	 iter
2225	 1.414903e-04	 2904	 iter
2226	 1.414903e-04	 2905	 iter
2227	 1.414903e-04	 2906	 iter
2228	 1.414903e-04	 2908	 iter
2229	 1.414757e-04	 2910	 iter
2230	 1.414757e-04	 2912	 iter
2231	 1.414757e-04	 2913	 iter
2232	 1.414757e-04	 2915	 iter
2233	 1.414757e-04	 2916	 iter
2234	 1.414757e-04	 2918	 iter
2235	 1.414757e-04	 2920	 iter
2236	 1.414757e-04	 2922	 iter
2237	 1.414757e-04	 2923	 iter
2238	 1.414757e-04	 2924	 iter
2239	 1.414757e-04	 2926	 iter
2240	 1.414757e-04	 2927	 iter
2241	 1.414757e-04	 2928	 iter
2242	 1.414757e-04	 2929	 iter
2243	 1.414757e-04	 2930	 iter
2244	 1.414665e-04	 2932	 iter
2245	 1.414665e-04	 2933	 iter
2246	 1.414665e-04	 2934	 iter
2247	 1.414661e-04	 2936	 iter
2248	 1.414661e-04	 2937	 iter
2249	 1.414648e-04	 2939	 iter
2250	 1.414648e-04	 2941	 iter
2251	 1.414648e-04	 2942	 iter
2252	 1.414648e-04	 2943	 iter
2253	 1.414648e-04	 2944	 iter
2254	 1.414648e-04	 2945	 iter
2255	 1.414648e-04	 2946	 iter
2256	 1.414616e-04	 2948	 iter
2257	 1.414519e-04	 2950	 iter
2258	 1.414519e-04	 2951	 iter
2259	 1.414486e-04	 2953	 iter
2260	 1.414486e-04	 2954	 iter
2261	 1.414405e-04	 2956	 iter
2262	 1.414405e-04	 2957	 iter
2263	 1.414405e-04	 2958	 iter
2264	 1.414405e-04	 2960	 iter
2265	 1.414405e-04	 2961	 iter
2266	 1.414405e-04	 2962	 iter
2267	 1.414405e-04	 2963	 iter
2268	 1.414405e-04	 2964	 iter
2269	 1.414405e-04	 2965	 iter
2270	 1.414405e-04	 2966	 iter
2271	 1.414405e-04	 2968	 iter
2272	 1.414405e-04	 2969	 iter
2273	 1.414405e-04	 2970	 iter
2274	 1.414405e-04	 2972	 iter
2275	 1.414405e-04	 2973	 iter
2276	 1.414331e-04	 2975	 iter
2277	 1.414331e-04	 2977	 iter
2278	 1.414331e-04	 2978	 iter
2279	 1.414331e-04	 2979	 iter
2280	 1.414331e-04	 2980	 iter
2281	 1.414331e-04	 2981	 iter
2282	 1.414295e-04	 2983	 iter
2283	 1.414295e-04	 2984	 iter
2284	 1.414295e-04	 2985	 iter
2285	 1.414286e-04	 2987	 iter
2286	 1.414286e-04	 2988	 iter
2287	 1.414286e-04	 2990	 iter
2288	 1.414286e-04	 2991	 iter
2289	 1.414197e-04	 2993	 iter
2290	 1.414197e-04	 2994	 iter
2291	 1.414197e-04	 2995	 iter
2292	 1.414197e-04	 2996	 iter
2293	 1.414197e-04	 2997	 iter
2294	 1.414168e-04	 2999	 iter
2295	 1.414168e-04	 3000	 iter
2296	 1.414168e-04	 3001	 iter
2297	 1.414168e-04	 3002	 iter
2298	 1.414168e-04	 3003	 iter
2299	 1.414168e-04	 3004	 iter
2300	 1.414089e-04	 3006	 iter
2301	 1.414089e-04	 3007	 iter
2302	 1.414089e-04	 3008	 iter
2303	 1.414056e-04	 3010	 iter
2304	 1.414056e-04	 3011	 iter
2305	 1.414056e-04	 3012	 iter
2306	 1.414056e-04	 3013	 iter
2307	 1.414056e-04	 3014	 iter
2308	 1.414056e-04	 3016	 iter
2309	 1.414027e-04	 3018	 iter
2310	 1.414027e-04	 3019	 iter
2311	 1.414027e-04	 3020	 iter
2312	 1.414027e-04	 3021	 iter
2313	 1.413989e-04	 3023	 iter
2314	 1.413989e-04	 3025	 iter
2315	 1.413989e-04	 3026	 iter
2316	 1.413989e-04	 3027	 iter
2317	 1.413989e-04	 3028	 iter
2318	 1.413989e-04	 3030	 iter
2319	 1.413989e-04	 3031	 iter
2320	 1.413983e-04	 3033	 iter
2321	 1.413983e-04	 3034	 iter
2322	 1.413946e-04	 3036	 iter
2323	 1.413946e-04	 3037	 iter
2324	 1.413946e-04	 3038	 iter
2325	 1.413946e-04	 3039	 iter
2326	 1.413946e-04	 3040	 iter
2327	 1.413861e-04	 3042	 iter
2328	 1.413861e-04	 3043	 iter
2329	 1.413861e-04	 3045	 iter
2330	 1.413861e-04	 3046	 iter
2331	 1.413861e-04	 3047	 iter
2332	 1.413861e-04	 3048	 iter
2333	 1.413861e-04	 3050	 iter
2334	 1.413861e-04	 3052	 iter
2335	 1.413861e-04	 3053	 iter
2336	 1.413861e-04	 3054	 iter
2337	 1.413861e-04	 3055	 iter
2338	 1.413861e-04	 3056	 iter
2339	 1.413861e-04	 3057	 iter
2340	 1.413861e-04	 3058	 iter
2341	 1.413830e-04	 3060	 iter
2342	 1.413830e-04	 3061	 iter
2343	 1.413830e-04	 3062	 iter
2344	 1.413830e-04	 3063	 iter
2345	 1.413830e-04	 3065	 iter
2346	 1.413830e-04	 3066	 iter
2347	 1.413830e-04	 3067	 iter
2348	 1.413830e-04	 3068	 iter
2349	 1.413830e-04	 3069	 iter
2350	 1.413830e-04	 3070	 iter
2351	 1.413818e-04	 3072	 iter
2352	 1.413818e-04	 3073	 iter
2353	 1.413818e-04	 3074	 iter
2354	 1.413818e-04	 3075	 iter
2355	 1.413818e-04	 3076	 iter
2356	 1.413818e-04	 3077	 iter
2357	 1.413818e-04	 3079	 iter
2358	 1.413818e-04	 3080	 iter
2359	 1.413818e-04	 3081	 iter
2360	 1.413818e-04	 3082	 iter
2361	 1.413818e-04	 3083	 iter
2362	 1.413818e-04	 3085	 iter
2363	 1.413818e-04	 3086	 iter
2364	 1.413815e-04	 3088	 iter
2365	 1.413815e-04	 3089	 iter
2366	 1.413815e-04	 3091	 iter
2367	 1.413815e-04	 3092	 iter
2368	 1.413814e-04	 3094	 iter
2369	 1.413813e-04	 3096	 iter
2370	 1.413769e-04	 3098	 iter
2371	 1.413769e-04	 3099	 iter
2372	 1.413769e-04	 3100	 iter
2373	 1.413767e-04	 3102	 iter
2374	 1.413767e-04	 3104	 iter
2375	 1.413767e-04	 3105	 iter
2376	 1.413767e-04	 3106	 iter
2377	 1.413767e-04	 3107	 iter
2378	 1.413767e-04	 3108	 iter
2379	 1.413767e-04	 3110	 iter
2380	 1.413767e-04	 3112	 iter
2381	 1.413767e-04	 3113	 iter
2382	 1.413767e-04	 3114	 iter
2383	 1.413767e-04	 3116	 iter
2384	 1.413767e-04	 3118	 iter
2385	 1.413767e-04	 3120	 iter
2386	 1.413767e-04	 3121	 iter
2387	 1.413767e-04	 3122	 iter
2388	 1.413767e-04	 3123	 iter
2389	 1.413760e-04	 3125	 iter
2390	 1.413760e-04	 3126	 iter
2391	 1.413760e-04	 3127	 iter
2392	 1.413752e-04	 3129	 iter
2393	 1.413752e-04	 3131	 iter
2394	 1.413752e-04	 3132	 iter
2395	 1.413752e-04	 3134	 iter
2396	 1.413752e-04	 3136	 iter
2397	 1.413752e-04	 3137	 iter
2398	 1.413752e-04	 3138	 iter
2399	 1.413750e-04	 3140	 iter
2400	 1.413750e-04	 3141	 iter
2401	 1.413750e-04	 3142	 iter
2402	 1.413750e-04	 3143	 iter
2403	 1.413744e-04	 3145	 iter
2404	 1.413744e-04	 3146	 iter
2405	 1.413744e-04	 3148	 iter
2406	 1.413744e-04	 3149	 iter
2407	 1.413744e-04	 3151	 iter
2408	 1.413744e-04	 3152	 iter
2409	 1.413744e-04	 3153	 iter
2410	 1.413744e-04	 3155	 iter
2411	 1.413744e-04	 3156	 iter
2412	 1.413744e-04	 3158	 iter
2413	 1.413744e-04	 3160	 iter
2414	 1.413744e-04	 3161	 iter
2415	 1.413744e-04	 3162	 iter
2416	 1.413738e-04	 3164	 iter
2417	 1.413738e-04	 3165	 iter
2418	 1.413738e-04	 3166	 iter
2419	 1.413738e-04	 3167	 iter
2420	 1.413738e-04	 3169	 iter
2421	 1.413738e-04	 3170	 iter
2422	 1.413738e-04	 3172	 iter
2423	 1.413738e-04	 3173	 iter
2424	 1.413738e-04	 3174	 iter
2425	 1.413738e-04	 3175	 iter
2426	 1.413738e-04	 3177	 iter
2427	 1.413738e-04	 3179	 iter
2428	 1.413738e-04	 3180	 iter
2429	 1.413738e-04	 3181	 iter
2430	 1.413738e-04	 3182	 iter
2431	 1.413738e-04	 3183	 iter
2432	 1.413738e-04	 3184	 iter
2433	 1.413738e-04	 3185	 iter
2434	 1.413738e-04	 3186	 iter
2435	 1.413736e-04	 3188	 iter
2436	 1.413736e-04	 3190	 iter
2437	 1.413736e-04	 3192	 iter
2438	 1.413736e-04	 3194	 iter
2439	 1.413736e-04	 3196	 iter
2440	 1.413736e-04	 3197	 iter
2441	 1.413736e-04	 3198	 iter
2442	 1.413735e-04	 3200	 iter
2443	 1.413735e-04	 3202	 iter
2444	 1.413735e-04	 3203	 iter
2445	 1.413735e-04	 3205	 iter
2446	 1.413735e-04	 3206	 iter
2447	 1.413735e-04	 3207	 iter
2448	 1.413735e-04	 3208	 iter
2449	 1.413735e-04	 3209	 iter
2450	 1.413734e-04	 3211	 iter
2451	 1.413734e-04	 3213	 iter
2452	 1.413734e-04	 3215	 iter
2453	 1.413734e-04	 3216	 iter
2454	 1.413733e-04	 3218	 iter
2455	 1.413733e-04	 3220	 iter
2456	 1.413733e-04	 3222	 iter
2457	 1.413733e-04	 3224	 iter
2458	 1.413733e-04	 3226	 iter
2459	 1.413733e-04	 3227	 iter
2460	 1.413733e-04	 3229	 iter
2461	 1.413733e-04	 3231	 iter
2462	 1.413733e-04	 3232	 iter
2463	 1.413732e-04	 3234	 iter
2464	 1.413730e-04	 3236	 iter
2465	 1.413730e-04	 3238	 iter
2466	 1.413730e-04	 3239	 iter
2467	 1.413730e-04	 3240	 iter
2468	 1.413730e-04	 3242	 iter
2469	 1.413730e-04	 3243	 iter
2470	 1.413730e-04	 3244	 iter
2471	 1.413730e-04	 3245	 iter
2472	 1.413730e-04	 3246	 iter
2473	 1.413730e-04	 3247	 iter
2474	 1.413730e-04	 3249	 iter
2475	 1.413730e-04	 3250	 iter
2476	 1.413727e-04	 3252	 iter
2477	 1.413727e-04	 3253	 iter
2478	 1.413727e-04	 3255	 iter
2479	 1.413727e-04	 3256	 iter
2480	 1.413727e-04	 3257	 iter
2481	 1.413727e-04	 3258	 iter
2482	 1.413727e-04	 3259	 iter
2483	 1.413727e-04	 3260	 iter
2484	 1.413727e-04	 3261	 iter
2485	 1.413727e-04	 3262	 iter
2486	 1.413727e-04	 3263	 iter
2487	 1.413727e-04	 3264	 iter
2488	 1.413727e-04	 3266	 iter
2489	 1.413727e-04	 3267	 iter
2490	 1.413727e-04	 3269	 iter
2491	 1.413727e-04	 3270	 iter
2492	 1.413727e-04	 3271	 iter
2493	 1.413727e-04	 3273	 iter
2494	 1.413727e-04	 3274	 iter
2495	 1.413727e-04	 3275	 iter
2496	 1.413727e-04	 3276	 iter
2497	 1.413727e-04	 3277	 iter
2498	 1.413726e-04	 3279	 iter
2499	 1.413726e-04	 3280	 iter
2500	 1.413725e-04	 3282	 iter
2501	 1.413725e-04	 3283	 iter
2502	 1.413725e-04	 3284	 iter
2503	 1.413725e-04	 3286	 iter
2504	 1.413725e-04	 3287	 iter
2505	 1.413724e-04	 3289	 iter
2506	 1.413723e-04	 3291	 iter
2507	 1.413723e-04	 3292	 iter
2508	 1.413723e-04	 3293	 iter
2509	 1.413723e-04	 3294	 iter
2510	 1.413721e-04	 3296	 iter
2511	 1.413721e-04	 3297	 iter
2512	 1.413721e-04	 3298	 iter
2513	 1.413721e-04	 3299	 iter
2514	 1.413721e-04	 3300	 iter
2515	 1.413721e-04	 3301	 iter
2516	 1.413721e-04	 3302	 iter
2517	 1.413721e-04	 3303	 iter
2518	 1.413721e-04	 3304	 iter
2519	 1.413721e-04	 3305	 iter
2520	 1.413720e-04	 3307	 iter
2521	 1.413720e-04	 3308	 iter
2522	 1.413720e-04	 3309	 iter
2523	 1.413720e-04	 3310	 iter
2524	 1.413720e-04	 3311	 iter
2525	 1.413719e-04	 3313	 iter
2526	 1.413719e-04	 3314	 iter
2527	 1.413719e-04	 3315	 iter
2528	 1.413719e-04	 3316	 iter
2529	 1.413718e-04	 3318	 iter
2530	 1.413718e-04	 3319	 iter
2531	 1.413718e-04	 3320	 iter
2532	 1.413718e-04	 3321	 iter
2533	 1.413718e-04	 3322	 iter
2534	 1.413718e-04	 3323	 iter
2535	 1.413718e-04	 3324	 iter
2536	 1.413718e-04	 3326	 iter
2537	 1.413718e-04	 3327	 iter
2538	 1.413718e-04	 3328	 iter
2539	 1.413718e-04	 3329	 iter
2540	 1.413718e-04	 3331	 iter
2541	 1.413718e-04	 3332	 iter
2542	 1.413718e-04	 3334	 iter
2543	 1.413718e-04	 3336	 iter
2544	 1.413716e-04	 3338	 iter
2545	 1.413716e-04	 3340	 iter
2546	 1.413716e-04	 3341	 iter
2547	 1.413716e-04	 3342	 iter
2548	 1.413716e-04	 3344	 iter
2549	 1.413716e-04	 3345	 iter
2550	 1.413716e-04	 3346	 iter
2551	 1.413716e-04	 3347	 iter
2552	 1.413716e-04	 3348	 iter
2553	 1.413716e-04	 3350	 iter
2554	 1.413716e-04	 3351	 iter
2555	 1.413716e-04	 3352	 iter
2556	 1.413715e-04	 3354	 iter
2557	 1.413715e-04	 3355	 iter
2558	 1.413715e-04	 3356	 iter
2559	 1.413715e-04	 3357	 iter
2560	 1.413715e-04	 3358	 iter
2561	 1.413714e-04	 3360	 iter
2562	 1.413714e-04	 3361	 iter
2563	 1.413714e-04	 3362	 iter
2564	 1.413714e-04	 3363	 iter
2565	 1.413714e-04	 3364	 iter
2566	 1.413714e-04	 3365	 iter
2567	 1.413714e-04	 3366	 iter
2568	 1.413714e-04	 3367	 iter
2569	 1.413713e-04	 3369	 iter
2570	 1.413713e-04	 3370	 iter
2571	 1.413713e-04	 3372	 iter
2572	 1.413713e-04	 3373	 iter
2573	 1.413713e-04	 3374	 iter
2574	 1.413713e-04	 3376	 iter
2575	 1.413713e-04	 3377	 iter
2576	 1.413713e-04	 3378	 iter
2577	 1.413713e-04	 3379	 iter
2578	 1.413713e-04	 3380	 iter
2579	 1.413713e-04	 3381	 iter
2580	 1.413713e-04	 3382	 iter
2581	 1.413713e-04	 3384	 iter
2582	 1.413713e-04	 3385	 iter
2583	 1.413713e-04	 3386	 iter
2584	 1.413712e-04	 3388	 iter
2585	 1.413712e-04	 3389	 iter
2586	 1.413712e-04	 3390	 iter
2587	 1.413712e-04	 3391	 iter
2588	 1.413712e-04	 3392	 iter
2589	 1.413712e-04	 3394	 iter
2590	 1.413712e-04	 3396	 iter
2591	 1.413712e-04	 3398	 iter
2592	 1.413712e-04	 3399	 iter
2593	 1.413712e-04	 3401	 iter
2594	 1.413712e-04	 3402	 iter
2595	 1.413712e-04	 3404	 iter
2596	 1.413712e-04	 3405	 iter
2597	 1.413712e-04	 3407	 iter
2598	 1.413712e-04	 3408	 iter
2599	 1.413712e-04	 3409	 iter
2600	 1.413712e-04	 3410	 iter
2601	 1.413712e-04	 3411	 iter
2602	 1.413712e-04	 3413	 iter
2603	 1.413712e-04	 3414	 iter
2604	 1.413712e-04	 3416	 iter
2605	 1.413712e-04	 3417	 iter
2606	 1.413712e-04	 3419	 iter
2607	 1.413712e-04	 3420	 iter
2608	 1.413711e-04	 3422	 iter
2609	 1.413711e-04	 3423	 iter
2610	 1.413711e-04	 3424	 iter
2611	 1.413711e-04	 3426	 iter
2612	 1.413711e-04	 3427	 iter
2613	 1.413711e-04	 3428	 iter
2614	 1.413711e-04	 3429	 iter
2615	 1.413711e-04	 3430	 iter
2616	 1.413711e-04	 3431	 iter
2617	 1.413711e-04	 3432	 iter
2618	 1.413711e-04	 3433	 iter
2619	 1.413711e-04	 3435	 iter
2620	 1.413711e-04	 3436	 iter
2621	 1.413710e-04	 3438	 iter
2622	 1.413710e-04	 3439	 iter
2623	 1.413710e-04	 3440	 iter
2624	 1.413710e-04	 3442	 iter
2625	 1.413710e-04	 3443	 iter
2626	 1.413710e-04	 3444	 iter
2627	 1.413710e-04	 3445	 iter
2628	 1.413710e-04	 3446	 iter
2629	 1.413710e-04	 3447	 iter
2630	 1.413710e-04	 3448	 iter
2631	 1.413710e-04	 3450	 iter
2632	 1.413710e-04	 3451	 iter
2633	 1.413710e-04	 3452	 iter
2634	 1.413710e-04	 3453	 iter
2635	 1.413710e-04	 3454	 iter
2636	 1.413710e-04	 3455	 iter
2636	 1.413710e-04	 3455	 done
