0	 2.343297e-32	 1	 init
0	 2.343297e-32	 1	 iter
1	 2.343297e-32	 17	 iter
2	 2.343297e-32	 19	 iter
3	 2.343297e-32	 21	 iter
4	 2.343297e-32	 23	 iter
5	 2.343297e-32	 25	 iter
6	 2.343297e-32	 27	 iter
7	 2.343297e-32	 29	 iter
8	 2.343297e-32	 31	 iter
9	 2.343297e-32	 33	 iter
10	 2.343297e-32	 35	 iter
11	 2.343297e-32	 37	 iter
12	 2.343297e-32	 39	 iter
13	 2.343297e-32	 40	 iter
14	 2.343297e-32	 42	 iter
15	 2.343297e-32	 44	 iter
16	 2.343297e-32	 46	 iter
17	 2.343297e-32	 48	 iter
18	 2.343297e-32	 50	 iter
19	 2.343297e-32	 52	 iter
20	 2.343297e-32	 54	 iter
21	 2.343297e-32	 55	 iter
22	 2.343297e-32	 57	 iter
23	 2.343297e-32	 59	 iter
24	 2.343297e-32	 61	 iter
25	 2.343297e-32	 63	 iter
26	 2.343297e-32	 65	 iter
27	 2.343297e-32	 67	 iter
28	 2.343297e-32	 69	 iter
29	 2.343297e-32	 71	 iter
30	 2.343297e-32	 73	 iter
31	 2.343297e-32	 75	 iter
32	 2.343297e-32	 77	 iter
33	 2.343297e-32	 79	 iter
34	 2.343297e-32	 81	 iter
35	 2.343297e-32	 83	 iter
36	 2.343297e-32	 84	 iter
37	 2.343297e-32	 86	 iter
38	 2.343297e-32	 88	 iter
39	 2.343297e-32	 90	 iter
40	 2.343297e-32	 92	 iter
41	 2.343297e-32	 94	 iter
42	 2.343297e-32	 96	 iter
43	 2.343297e-32	 97	 iter
44	 2.343297e-32	 98	 iter
45	 2.343297e-32	 100	 iter
46	 2.343297e-32	 102	 iter
47	 2.343297e-32	 103	 iter
48	 2.343297e-32	 105	 iter
49	 2.343297e-32	 107	 iter
50	 2.343297e-32	 109	 iter
51	 2.343297e-32	 111	 iter
52	 2.343297e-32	 113	 iter
53	 2.343297e-32	 114	 iter
54	 2.343297e-32	 115	 iter
55	 2.343297e-32	 116	 iter
56	 2.343297e-32	 118	 iter
57	 2.343297e-32	 119	 iter
58	 2.343297e-32	 120	 iter
59	 2.343297e-32	 122	 iter
60	 2.343297e-32	 124	 iter
61	 2.343297e-32	 125	 iter
62	 2.343297e-32	 127	 iter
63	 2.343297e-32	 128	 iter
64	 2.343297e-32	 129	 iter
65	 2.343297e-32	 131	 iter
66	 2.343297e-32	 133	 iter
67	 2.343297e-32	 135	 iter
68	 2.343297e-32	 137	 iter
69	 2.343297e-32	 138	 iter
70	 2.343297e-32	 140	 iter
71	 2.343297e-32	 142	 iter
72	 2.343297e-32	 143	 iter
73	 2.343297e-32	 145	 iter
74	 2.343297e-32	 146	 iter
75	 2.343297e-32	 147	 iter
76	 2.343297e-32	 149	 iter
77	 2.343297e-32	 151	 iter
78	 2.343297e-32	 152	 iter
79	 2.343297e-32	 154	 iter
80	 2.343297e-32	 156	 iter
81	 2.343297e-32	 158	 iter
82	 2.343297e-32	 159	 iter
83	 2.343297e-32	 161	 iter
84	 2.343297e-32	 162	 iter
85	 2.343297e-32	 164	 iter
86	 2.343297e-32	 166	 iter
87	 2.343297e-32	 167	 iter
88	 2.343297e-32	 168	 iter
89	 2.343297e-32	 169	 iter
90	 2.343297e-32	 171	 iter
91	 2.343297e-32	 173	 iter
92	 2.343297e-32	 174	 iter
93	 2.343297e-32	 176	 iter
94	 2.343297e-32	 177	 iter
95	 2.343297e-32	 178	 iter
96	 2.343297e-32	 179	 iter
97	 2.343297e-32	 180	 iter
98	 2.343297e-32	 182	 iter
99	 2.343297e-32	 183	 iter
100	 2.343297e-32	 185	 iter
101	 2.343297e-32	 187	 iter
102	 2.343297e-32	 189	 iter
103	 2.343297e-32	 191	 iter
104	 2.343297e-32	 192	 iter
105	 2.343297e-32	 194	 iter
106	 2.343297e-32	 196	 iter
107	 2.343297e-32	 198	 iter
108	 2.343297e-32	 199	 iter
109	 2.343297e-32	 200	 iter
110	 2.343297e-32	 202	 iter
111	 2.343297e-32	 203	 iter
112	 2.343297e-32	 205	 iter
113	 2.343297e-32	 207	 iter
114	 2.343297e-32	 209	 iter
115	 2.343297e-32	 210	 iter
116	 2.343297e-32	 212	 iter
117	 2.343297e-32	 213	 iter
118	 2.343297e-32	 214	 iter
119	 2.343297e-32	 216	 iter
120	 2.343297e-32	 218	 iter
121	 2.343297e-32	 220	 iter
122	 2.343297e-32	 222	 iter
123	 2.343297e-32	 224	 iter
124	 2.343297e-32	 225	 iter
125	 2.343297e-32	 227	 iter
126	 2.343297e-32	 229	 iter
127	 2.343297e-32	 231	 iter
128	 2.343297e-32	 233	 iter
129	 2.343297e-32	 235	 iter
130	 2.343297e-32	 236	 iter
131	 2.343297e-32	 238	 iter
132	 2.343297e-32	 240	 iter
133	 2.343297e-32	 242	 iter
134	 2.343297e-32	 243	 iter
135	 2.343297e-32	 244	 iter
136	 2.343297e-32	 246	 iter
137	 2.343297e-32	 247	 iter
138	 2.343297e-32	 249	 iter
139	 2.343297e-32	 251	 iter
140	 2.343297e-32	 253	 iter
141	 2.343297e-32	 254	 iter
142	 2.343297e-32	 256	 iter
143	 2.343297e-32	 257	 iter
144	 2.343297e-32	 259	 iter
145	 2.343297e-32	 261	 iter
146	 2.343297e-32	 262	 iter
147	 2.343297e-32	 263	 iter
148	 2.343297e-32	 264	 iter
149	 2.343297e-32	 265	 iter
150	 2.343297e-32	 267	 iter
151	 2.343297e-32	 269	 iter
152	 2.343297e-32	 271	 iter
153	 2.343297e-32	 272	 iter
154	 2.343297e-32	 274	 iter
155	 2.343297e-32	 275	 iter
156	 2.343297e-32	 276	 iter
157	 2.343297e-32	 277	 iter
158	 2.343297e-32	 279	 iter
159	 2.343297e-32	 280	 iter
160	 2.343297e-32	 282	 iter
161	 2.343297e-32	 284	 iter
162	 2.343297e-32	 285	 iter
163	 2.343297e-32	 287	 iter
164	 2.343297e-32	 288	 iter
165	 2.343297e-32	 289	 iter
166	 2.343297e-32	 290	 iter
167	 2.343297e-32	 291	 iter
168	 2.343297e-32	 292	 iter
169	 2.343297e-32	 293	 iter
170	 2.343297e-32	 294	 iter
171	 2.343297e-32	 296	 iter
172	 2.343297e-32	 298	 iter
173	 2.343297e-32	 300	 iter
174	 2.343297e-32	 302	 iter
175	 2.343297e-32	 304	 iter
176	 2.343297e-32	 306	 iter
177	 2.343297e-32	 307	 iter
178	 2.343297e-32	 308	 iter
179	 2.343297e-32	 309	 iter
180	 2.343297e-32	 311	 iter
181	 2.343297e-32	 313	 iter
182	 2.343297e-32	 315	 iter
183	 2.343297e-32	 316	 iter
184	 2.343297e-32	 318	 iter
185	 2.343297e-32	 319	 iter
186	 2.343297e-32	 320	 iter
187	 2.343297e-32	 322	 iter
188	 2.343297e-32	 324	 iter
189	 2.343297e-32	 325	 iter
190	 2.343297e-32	 326	 iter
191	 2.343297e-32	 327	 iter
192	 2.343297e-32	 329	 iter
193	 2.343297e-32	 331	 iter
193	 2.343297e-32	 331	 done
