0	 3.338555e-33	 1	 init
0	 3.338555e-33	 1	 iter
1	 3.338555e-33	 17	 iter
2	 3.338555e-33	 19	 iter
3	 3.338555e-33	 21	 iter
4	 3.338555e-33	 23	 iter
5	 3.338555e-33	 25	 iter
6	 3.338555e-33	 27	 iter
7	 3.338555e-33	 29	 iter
8	 3.338555e-33	 31	 iter
9	 3.338555e-33	 33	 iter
10	 3.338555e-33	 34	 iter
11	 3.338555e-33	 36	 iter
12	 3.338555e-33	 38	 iter
13	 3.338555e-33	 40	 iter
14	 3.338555e-33	 42	 iter
15	 3.338555e-33	 43	 iter
16	 3.338555e-33	 44	 iter
17	 3.338555e-33	 46	 iter
18	 3.338555e-33	 48	 iter
19	 3.338555e-33	 50	 iter
20	 3.338555e-33	 51	 iter
21	 3.338555e-33	 53	 iter
22	 3.338555e-33	 55	 iter
23	 3.338555e-33	 57	 iter
24	 3.338555e-33	 59	 iter
25	 3.338555e-33	 60	 iter
26	 3.338555e-33	 62	 iter
27	 3.338555e-33	 64	 iter
28	 3.338555e-33	 66	 iter
29	 3.338555e-33	 68	 iter
30	 3.338555e-33	 70	 iter
31	 3.338555e-33	 71	 iter
32	 3.338555e-33	 73	 iter
33	 3.338555e-33	 75	 iter
34	 3.338555e-33	 77	 iter
35	 3.338555e-33	 79	 iter
36	 3.338555e-33	 81	 iter
37	 3.338555e-33	 83	 iter
38	 3.338555e-33	 85	 iter
39	 3.338555e-33	 86	 iter
40	 3.338555e-33	 88	 iter
41	 3.338555e-33	 90	 iter
42	 3.338555e-33	 92	 iter
43	 3.338555e-33	 94	 iter
44	 3.338555e-33	 96	 iter
45	 3.338555e-33	 98	 iter
46	 3.338555e-33	 100	 iter
47	 3.338555e-33	 102	 iter
48	 3.338555e-33	 104	 iter
49	 3.338555e-33	 106	 iter
50	 3.338555e-33	 107	 iter
51	 3.338555e-33	 108	 iter
52	 3.338555e-33	 110	 iter
53	 3.338555e-33	 112	 iter
54	 3.338555e-33	 114	 iter
55	 3.338555e-33	 115	 iter
56	 3.338555e-33	 117	 iter
57	 3.338555e-33	 119	 iter
58	 3.338555e-33	 121	 iter
59	 3.338555e-33	 123	 iter
60	 3.338555e-33	 125	 iter
61	 3.338555e-33	 127	 iter
62	 3.338555e-33	 129	 iter
63	 3.338555e-33	 131	 iter
64	 3.338555e-33	 133	 iter
65	 3.338555e-33	 135	 iter
66	 3.338555e-33	 137	 iter
67	 3.338555e-33	 139	 iter
68	 3.338555e-33	 141	 iter
69	 3.338555e-33	 143	 iter
70	 3.338555e-33	 145	 iter
71	 3.338555e-33	 147	 iter
72	 3.338555e-33	 149	 iter
73	 3.338555e-33	 151	 iter
74	 3.338555e-33	 152	 iter
75	 3.338555e-33	 154	 iter
76	 3.338555e-33	 155	 iter
77	 3.338555e-33	 156	 iter
78	 3.338555e-33	 158	 iter
79	 3.338555e-33	 160	 iter
80	 3.338555e-33	 162	 iter
81	 3.338555e-33	 164	 iter
82	 3.338555e-33	 166	 iter
83	 3.338555e-33	 168	 iter
84	 3.338555e-33	 170	 iter
85	 3.338555e-33	 172	 iter
86	 3.338555e-33	 174	 iter
87	 3.338555e-33	 175	 iter
88	 3.338555e-33	 176	 iter
89	 3.338555e-33	 177	 iter
90	 3.338555e-33	 179	 iter
91	 3.338555e-33	 181	 iter
92	 3.338555e-33	 183	 iter
93	 3.338555e-33	 184	 iter
94	 3.338555e-33	 185	 iter
95	 3.338555e-33	 187	 iter
96	 3.338555e-33	 189	 iter
97	 3.338555e-33	 191	 iter
98	 3.338555e-33	 192	 iter
99	 3.338555e-33	 194	 iter
100	 3.338555e-33	 196	 iter
101	 3.338555e-33	 197	 iter
102	 3.338555e-33	 198	 iter
103	 3.338555e-33	 200	 iter
104	 3.338555e-33	 201	 iter
105	 3.338555e-33	 202	 iter
106	 3.338555e-33	 204	 iter
107	 3.338555e-33	 206	 iter
108	 3.338555e-33	 207	 iter
109	 3.338555e-33	 208	 iter
110	 3.338555e-33	 209	 iter
111	 3.338555e-33	 210	 iter
112	 3.338555e-33	 212	 iter
113	 3.338555e-33	 213	 iter
114	 3.338555e-33	 215	 iter
115	 3.338555e-33	 216	 iter
116	 3.338555e-33	 217	 iter
117	 3.338555e-33	 218	 iter
118	 3.338555e-33	 220	 iter
119	 3.338555e-33	 222	 iter
120	 3.338555e-33	 223	 iter
121	 3.338555e-33	 224	 iter
122	 3.338555e-33	 225	 iter
123	 3.338555e-33	 226	 iter
124	 3.338555e-33	 227	 iter
125	 3.338555e-33	 229	 iter
126	 3.338555e-33	 230	 iter
127	 3.338555e-33	 231	 iter
128	 3.338555e-33	 232	 iter
129	 3.338555e-33	 233	 iter
130	 3.338555e-33	 235	 iter
131	 3.338555e-33	 236	 iter
132	 3.338555e-33	 238	 iter
133	 3.338555e-33	 239	 iter
134	 3.338555e-33	 240	 iter
135	 3.338555e-33	 242	 iter
136	 3.338555e-33	 244	 iter
137	 3.338555e-33	 246	 iter
138	 3.338555e-33	 247	 iter
139	 3.338555e-33	 248	 iter
140	 3.338555e-33	 249	 iter
141	 3.338555e-33	 250	 iter
142	 3.338555e-33	 252	 iter
143	 3.338555e-33	 253	 iter
144	 3.338555e-33	 254	 iter
145	 3.338555e-33	 255	 iter
146	 3.338555e-33	 257	 iter
147	 3.338555e-33	 259	 iter
148	 3.338555e-33	 261	 iter
149	 3.338555e-33	 262	 iter
150	 3.338555e-33	 264	 iter
151	 3.338555e-33	 265	 iter
152	 3.338555e-33	 266	 iter
153	 3.338555e-33	 268	 iter
154	 3.338555e-33	 269	 iter
155	 3.338555e-33	 271	 iter
156	 3.338555e-33	 272	 iter
157	 3.338555e-33	 273	 iter
158	 3.338555e-33	 275	 iter
159	 3.338555e-33	 277	 iter
159	 3.338555e-33	 277	 done
