0	 4.840959e-06	 1	 init
0	 4.840959e-06	 1	 iter
1	 4.529207e-06	 17	 iter
2	 4.529207e-06	 18	 iter
3	 4.529207e-06	 20	 iter
4	 4.529207e-06	 22	 iter
5	 4.529207e-06	 24	 iter
6	 4.529207e-06	 26	 iter
7	 4.529207e-06	 27	 iter
8	 4.357272e-06	 29	 iter
9	 7.917604e-07	 31	 iter
10	 3.906085e-07	 33	 iter
11	 3.906085e-07	 34	 iter
12	 3.906085e-07	 36	 iter
13	 3.906085e-07	 37	 iter
14	 3.906085e-07	 38	 iter
15	 3.906085e-07	 40	 iter
16	 3.906085e-07	 41	 iter
17	 3.906085e-07	 42	 iter
18	 3.906085e-07	 43	 iter
19	 3.906085e-07	 44	 iter
20	 3.906085e-07	 45	 iter
21	 3.906085e-07	 47	 iter
22	 3.906085e-07	 49	 iter
23	 3.906085e-07	 51	 iter
24	 3.906085e-07	 53	 iter
25	 3.906085e-07	 54	 iter
26	 3.906085e-07	 55	 iter
27	 3.906085e-07	 57	 iter
28	 3.906085e-07	 58	 iter
29	 3.906085e-07	 60	 iter
30	 3.906085e-07	 61	 iter
31	 3.906085e-07	 62	 iter
32	 3.906085e-07	 64	 iter
33	 3.906085e-07	 66	 iter
34	 3.906085e-07	 68	 iter
35	 3.906085e-07	 70	 iter
36	 3.906085e-07	 72	 iter
37	 3.906085e-07	 74	 iter
38	 3.906085e-07	 76	 iter
39	 2.823189e-07	 78	 iter
40	 2.823189e-07	 79	 iter
41	 2.407665e-07	 81	 iter
42	 2.407665e-07	 83	 iter
43	 2.407665e-07	 85	 iter
44	 2.407665e-07	 86	 iter
45	 2.407665e-07	 87	 iter
46	 2.407665e-07	 89	 iter
47	 2.407665e-07	 91	 iter
48	 2.089935e-07	 93	 iter
49	 2.089935e-07	 95	 iter
50	 2.089746e-07	 97	 iter
51	 2.089746e-07	 98	 iter
52	 2.089746e-07	 100	 iter
53	 2.089746e-07	 101	 iter
54	 2.089746e-07	 103	 iter
55	 2.089746e-07	 105	 iter
56	 2.089746e-07	 107	 iter
57	 2.089746e-07	 108	 iter
58	 1.948650e-07	 110	 iter
59	 1.948650e-07	 112	 iter
60	 1.924173e-07	 114	 iter
61	 1.911729e-07	 116	 iter
62	 1.526907e-07	 118	 iter
63	 1.198753e-07	 120	 iter
64	 1.198753e-07	 122	 iter
65	 1.198753e-07	 123	 iter
66	 1.198753e-07	 125	 iter
67	 1.198753e-07	 126	 iter
68	 1.198753e-07	 128	 iter
69	 1.198753e-07	 129	 iter
70	 1.198753e-07	 130	 iter
71	 1.198753e-07	 132	 iter
72	 1.198753e-07	 133	 iter
73	 1.193340e-07	 135	 iter
74	 1.193340e-07	 137	 iter
75	 1.193340e-07	 138	 iter
76	 1.193340e-07	 139	 iter
77	 1.100330e-07	 141	 iter
78	 1.100330e-07	 142	 iter
79	 1.100330e-07	 144	 iter
80	 1.100330e-07	 145	 iter
81	 1.100330e-07	 147	 iter
82	 1.100330e-07	 149	 iter
83	 1.100330e-07	 151	 iter
84	 1.030883e-07	 153	 iter
85	 1.030883e-07	 155	 iter
86	 1.030883e-07	 156	 iter
87	 1.030883e-07	 158	 iter
88	 1.030883e-07	 159	 iter
89	 8.150287e-08	 161	 iter
90	 8.150287e-08	 162	 iter
91	 8.150287e-08	 164	 iter
92	 8.150287e-08	 165	 iter
93	 8.150287e-08	 166	 iter
94	 8.150287e-08	 168	 iter
95	 8.150287e-08	 170	 iter
96	 8.150287e-08	 171	 iter
97	 8.150287e-08	 172	 iter
98	 8.150287e-08	 173	 iter
99	 8.150287e-08	 175	 iter
100	 8.150287e-08	 176	 iter
101	 8.076511e-08	 178	 iter
102	 8.076511e-08	 180	 iter
103	 8.076511e-08	 181	 iter
104	 8.076511e-08	 182	 iter
105	 8.076511e-08	 184	 iter
106	 8.076511e-08	 185	 iter
107	 8.076511e-08	 186	 iter
108	 8.076511e-08	 188	 iter
109	 8.076511e-08	 189	 iter
110	 7.068871e-08	 191	 iter
111	 7.068871e-08	 193	 iter
112	 7.068871e-08	 195	 iter
113	 7.039059e-08	 197	 iter
114	 7.039059e-08	 199	 iter
115	 7.039059e-08	 201	 iter
116	 7.039059e-08	 203	 iter
117	 6.739102e-08	 205	 iter
118	 6.533264e-08	 207	 iter
119	 6.533264e-08	 209	 iter
120	 6.528954e-08	 211	 iter
121	 6.528954e-08	 212	 iter
122	 6.528954e-08	 213	 iter
123	 6.528954e-08	 214	 iter
124	 6.528954e-08	 215	 iter
125	 6.528954e-08	 216	 iter
126	 6.528954e-08	 218	 iter
127	 6.528954e-08	 219	 iter
128	 6.528954e-08	 220	 iter
129	 6.528954e-08	 221	 iter
130	 5.568138e-08	 223	 iter
131	 5.568138e-08	 224	 iter
132	 5.568138e-08	 225	 iter
133	 5.513530e-08	 227	 iter
134	 5.513530e-08	 228	 iter
135	 5.292817e-08	 230	 iter
136	 5.292817e-08	 231	 iter
137	 5.292817e-08	 232	 iter
138	 5.292817e-08	 234	 iter
139	 5.292817e-08	 235	 iter
140	 5.292817e-08	 236	 iter
141	 5.292817e-08	 238	 iter
142	 5.292817e-08	 239	 iter
143	 5.292817e-08	 240	 iter
144	 5.292817e-08	 241	 iter
145	 5.215852e-08	 243	 iter
146	 5.215852e-08	 244	 iter
147	 5.215852e-08	 245	 iter
148	 5.215852e-08	 246	 iter
149	 5.213564e-08	 248	 iter
150	 5.213564e-08	 249	 iter
151	 4.878775e-08	 251	 iter
152	 4.756057e-08	 253	 iter
153	 4.756057e-08	 254	 iter
154	 4.756057e-08	 256	 iter
155	 4.756057e-08	 257	 iter
156	 4.655273e-08	 259	 iter
157	 4.655273e-08	 261	 iter
158	 4.655273e-08	 262	 iter
159	 4.655273e-08	 263	 iter
160	 4.434787e-08	 265	 iter
161	 4.434787e-08	 266	 iter
162	 4.434787e-08	 268	 iter
163	 4.434787e-08	 269	 iter
164	 4.434787e-08	 270	 iter
165	 3.878015e-08	 272	 iter
166	 3.878015e-08	 273	 iter
167	 3.878015e-08	 274	 iter
168	 3.878015e-08	 275	 iter
169	 3.878015e-08	 276	 iter
170	 3.815000e-08	 278	 iter
171	 3.309428e-08	 280	 iter
172	 3.309428e-08	 281	 iter
173	 3.309428e-08	 283	 iter
174	 3.309428e-08	 284	 iter
175	 3.309428e-08	 285	 iter
176	 3.309428e-08	 286	 iter
177	 3.309428e-08	 287	 iter
178	 3.309428e-08	 288	 iter
179	 3.309428e-08	 289	 iter
180	 2.664420e-08	 291	 iter
181	 2.664420e-08	 292	 iter
182	 2.664420e-08	 293	 iter
183	 2.664420e-08	 294	 iter
184	 2.664420e-08	 295	 iter
185	 2.664420e-08	 296	 iter
186	 2.664420e-08	 297	 iter
187	 2.664420e-08	 298	 iter
188	 2.664420e-08	 299	 iter
189	 2.664420e-08	 300	 iter
190	 2.664420e-08	 301	 iter
191	 2.491084e-08	 303	 iter
192	 2.491084e-08	 304	 iter
193	 2.491084e-08	 305	 iter
194	 2.491084e-08	 306	 iter
195	 2.424672e-08	 308	 iter
196	 2.424672e-08	 309	 iter
197	 2.347810e-08	 311	 iter
198	 2.347810e-08	 312	 iter
199	 2.250104e-08	 314	 iter
200	 2.250104e-08	 315	 iter
201	 2.250104e-08	 316	 iter
202	 2.250104e-08	 317	 iter
203	 2.250104e-08	 318	 iter
204	 2.130232e-08	 320	 iter
205	 2.130232e-08	 322	 iter
206	 2.130232e-08	 323	 iter
207	 2.130232e-08	 324	 iter
208	 2.130232e-08	 325	 iter
209	 2.130232e-08	 326	 iter
210	 2.130232e-08	 328	 iter
211	 2.130232e-08	 329	 iter
212	 2.040217e-08	 331	 iter
213	 2.040217e-08	 333	 iter
214	 2.040217e-08	 335	 iter
215	 2.040217e-08	 336	 iter
216	 2.040217e-08	 337	 iter
217	 1.979638e-08	 339	 iter
218	 1.875104e-08	 341	 iter
219	 1.875104e-08	 342	 iter
220	 1.875104e-08	 343	 iter
221	 1.857604e-08	 345	 iter
222	 1.857604e-08	 346	 iter
223	 1.857604e-08	 347	 iter
224	 1.857604e-08	 349	 iter
225	 1.716533e-08	 351	 iter
226	 1.690265e-08	 353	 iter
227	 1.690265e-08	 354	 iter
228	 1.690265e-08	 355	 iter
229	 1.690265e-08	 356	 iter
230	 1.594177e-08	 358	 iter
231	 1.585808e-08	 360	 iter
232	 1.585808e-08	 361	 iter
233	 1.585808e-08	 363	 iter
234	 1.585808e-08	 365	 iter
235	 1.585808e-08	 367	 iter
236	 1.585808e-08	 369	 iter
237	 1.585808e-08	 370	 iter
238	 1.585808e-08	 371	 iter
239	 1.585808e-08	 372	 iter
240	 1.585808e-08	 373	 iter
241	 1.585808e-08	 374	 iter
242	 1.585808e-08	 375	 iter
243	 1.585808e-08	 377	 iter
244	 1.499191e-08	 379	 iter
245	 1.499191e-08	 380	 iter
246	 1.499191e-08	 381	 iter
247	 1.499191e-08	 382	 iter
248	 1.499191e-08	 384	 iter
249	 1.499191e-08	 386	 iter
250	 1.499191e-08	 388	 iter
251	 1.499191e-08	 389	 iter
252	 1.499191e-08	 391	 iter
253	 1.499191e-08	 392	 iter
254	 1.445901e-08	 394	 iter
255	 1.404167e-08	 396	 iter
256	 1.404167e-08	 397	 iter
257	 1.404167e-08	 398	 iter
258	 1.404167e-08	 399	 iter
259	 1.404167e-08	 400	 iter
260	 1.404167e-08	 402	 iter
261	 1.404167e-08	 403	 iter
262	 1.404167e-08	 404	 iter
263	 1.348717e-08	 406	 iter
264	 1.348717e-08	 408	 iter
265	 1.348717e-08	 410	 iter
266	 1.348717e-08	 411	 iter
267	 1.348717e-08	 413	 iter
268	 1.348717e-08	 414	 iter
269	 1.348717e-08	 415	 iter
270	 1.323877e-08	 417	 iter
271	 1.323877e-08	 418	 iter
272	 1.323877e-08	 419	 iter
273	 1.323877e-08	 421	 iter
274	 1.323877e-08	 422	 iter
275	 1.323877e-08	 424	 iter
276	 1.323877e-08	 426	 iter
277	 1.323877e-08	 427	 iter
278	 1.323877e-08	 428	 iter
279	 1.323877e-08	 429	 iter
280	 1.323877e-08	 430	 iter
281	 1.317807e-08	 432	 iter
282	 1.317807e-08	 433	 iter
283	 1.317807e-08	 434	 iter
284	 1.274855e-08	 436	 iter
285	 1.274855e-08	 438	 iter
286	 1.269186e-08	 440	 iter
287	 1.269186e-08	 441	 iter
288	 1.269186e-08	 443	 iter
289	 1.269186e-08	 445	 iter
290	 1.269186e-08	 446	 iter
291	 1.269186e-08	 447	 iter
292	 1.269186e-08	 449	 iter
293	 1.269186e-08	 450	 iter
294	 1.245945e-08	 452	 iter
295	 1.245945e-08	 454	 iter
296	 1.245945e-08	 455	 iter
297	 1.245945e-08	 456	 iter
298	 1.245945e-08	 457	 iter
299	 1.245338e-08	 459	 iter
300	 1.245338e-08	 460	 iter
301	 1.243367e-08	 462	 iter
302	 1.243367e-08	 464	 iter
303	 1.243367e-08	 465	 iter
304	 1.240128e-08	 467	 iter
305	 1.240128e-08	 468	 iter
306	 1.218168e-08	 470	 iter
307	 1.218168e-08	 472	 iter
308	 1.218168e-08	 473	 iter
309	 1.186068e-08	 475	 iter
310	 1.186068e-08	 476	 iter
311	 1.186068e-08	 477	 iter
312	 1.186068e-08	 478	 iter
313	 1.186068e-08	 479	 iter
314	 1.186068e-08	 480	 iter
315	 1.186068e-08	 481	 iter
316	 1.186068e-08	 483	 iter
317	 1.186068e-08	 484	 iter
318	 1.185872e-08	 486	 iter
319	 1.185872e-08	 487	 iter
320	 1.161820e-08	 489	 iter
321	 1.161820e-08	 490	 iter
322	 1.161820e-08	 491	 iter
323	 1.161820e-08	 492	 iter
324	 1.145271e-08	 494	 iter
325	 1.145271e-08	 495	 iter
326	 1.145271e-08	 496	 iter
327	 1.145271e-08	 497	 iter
328	 1.145271e-08	 498	 iter
329	 1.145271e-08	 499	 iter
330	 1.145271e-08	 501	 iter
331	 1.145271e-08	 502	 iter
332	 1.114224e-08	 504	 iter
333	 1.114224e-08	 505	 iter
334	 1.114224e-08	 507	 iter
335	 1.114224e-08	 508	 iter
336	 1.114224e-08	 509	 iter
337	 1.114224e-08	 510	 iter
338	 1.114224e-08	 512	 iter
339	 1.114224e-08	 513	 iter
340	 1.102315e-08	 515	 iter
341	 1.102315e-08	 516	 iter
342	 1.102315e-08	 517	 iter
343	 1.102315e-08	 518	 iter
344	 1.102315e-08	 520	 iter
345	 1.102315e-08	 521	 iter
346	 1.101706e-08	 523	 iter
347	 1.101706e-08	 524	 iter
348	 1.101706e-08	 526	 iter
349	 1.101706e-08	 527	 iter
350	 1.101706e-08	 528	 iter
351	 1.099227e-08	 530	 iter
352	 1.073738e-08	 532	 iter
353	 1.044846e-08	 534	 iter
354	 1.044846e-08	 535	 iter
355	 1.044846e-08	 536	 iter
356	 1.044846e-08	 537	 iter
357	 1.044846e-08	 538	 iter
358	 1.044846e-08	 539	 iter
359	 1.044846e-08	 540	 iter
360	 1.044846e-08	 541	 iter
361	 1.044846e-08	 542	 iter
362	 1.044846e-08	 543	 iter
363	 1.044846e-08	 545	 iter
364	 1.042172e-08	 547	 iter
365	 1.042172e-08	 548	 iter
366	 1.042172e-08	 549	 iter
367	 1.042172e-08	 550	 iter
368	 1.021701e-08	 552	 iter
369	 1.021701e-08	 553	 iter
370	 1.021701e-08	 554	 iter
371	 1.021701e-08	 555	 iter
372	 1.021701e-08	 556	 iter
373	 1.020248e-08	 558	 iter
374	 1.020248e-08	 559	 iter
375	 1.015250e-08	 561	 iter
376	 1.015250e-08	 562	 iter
377	 9.955921e-09	 564	 iter
378	 9.955921e-09	 565	 iter
379	 9.955921e-09	 566	 iter
380	 9.955921e-09	 567	 iter
381	 9.955921e-09	 568	 iter
382	 9.955921e-09	 570	 iter
383	 9.955921e-09	 571	 iter
384	 9.955921e-09	 572	 iter
385	 9.955921e-09	 574	 iter
386	 9.955921e-09	 575	 iter
387	 9.955921e-09	 576	 iter
388	 9.871908e-09	 578	 iter
389	 9.871908e-09	 579	 iter
390	 9.871908e-09	 580	 iter
391	 9.871908e-09	 581	 iter
392	 9.871908e-09	 582	 iter
393	 9.871908e-09	 584	 iter
394	 9.871908e-09	 586	 iter
395	 9.871908e-09	 587	 iter
396	 9.805056e-09	 589	 iter
397	 9.676999e-09	 591	 iter
398	 9.676999e-09	 593	 iter
399	 9.676999e-09	 595	 iter
400	 9.676999e-09	 596	 iter
401	 9.676804e-09	 598	 iter
402	 9.661099e-09	 600	 iter
403	 9.661099e-09	 601	 iter
404	 9.661099e-09	 602	 iter
405	 9.661099e-09	 603	 iter
406	 9.661099e-09	 604	 iter
407	 9.661099e-09	 605	 iter
408	 9.661099e-09	 606	 iter
409	 9.542551e-09	 608	 iter
410	 9.542551e-09	 609	 iter
411	 9.542551e-09	 610	 iter
412	 9.542551e-09	 611	 iter
413	 9.542551e-09	 612	 iter
414	 9.542551e-09	 613	 iter
415	 9.447914e-09	 615	 iter
416	 9.372337e-09	 617	 iter
417	 9.372337e-09	 618	 iter
418	 9.372337e-09	 619	 iter
419	 9.372337e-09	 620	 iter
420	 9.372337e-09	 621	 iter
421	 9.372337e-09	 622	 iter
422	 9.372337e-09	 623	 iter
423	 9.372337e-09	 624	 iter
424	 9.372337e-09	 626	 iter
425	 9.368070e-09	 628	 iter
426	 9.368070e-09	 629	 iter
427	 9.368070e-09	 630	 iter
428	 9.368070e-09	 631	 iter
429	 9.368070e-09	 632	 iter
430	 9.368070e-09	 633	 iter
431	 9.328727e-09	 635	 iter
432	 9.328727e-09	 636	 iter
433	 9.328727e-09	 638	 iter
434	 9.328727e-09	 639	 iter
435	 9.328727e-09	 640	 iter
436	 9.328727e-09	 642	 iter
437	 9.319634e-09	 644	 iter
438	 9.319634e-09	 645	 iter
439	 9.319634e-09	 647	 iter
440	 9.255257e-09	 649	 iter
441	 9.255257e-09	 650	 iter
442	 9.255257e-09	 651	 iter
443	 9.255257e-09	 652	 iter
444	 9.255257e-09	 653	 iter
445	 9.255257e-09	 654	 iter
446	 9.246388e-09	 656	 iter
447	 9.246388e-09	 658	 iter
448	 9.246388e-09	 659	 iter
449	 9.246388e-09	 661	 iter
450	 9.246388e-09	 662	 iter
451	 9.246388e-09	 664	 iter
452	 9.246388e-09	 666	 iter
453	 9.246388e-09	 667	 iter
454	 9.246388e-09	 668	 iter
455	 9.246388e-09	 669	 iter
456	 9.246388e-09	 670	 iter
457	 9.246388e-09	 671	 iter
458	 9.246388e-09	 672	 iter
459	 9.238241e-09	 674	 iter
460	 9.238241e-09	 675	 iter
461	 9.238241e-09	 677	 iter
462	 9.238241e-09	 679	 iter
463	 9.238241e-09	 680	 iter
464	 9.238241e-09	 681	 iter
465	 9.238241e-09	 682	 iter
466	 9.233502e-09	 684	 iter
467	 9.233502e-09	 686	 iter
468	 9.233502e-09	 687	 iter
469	 9.233502e-09	 689	 iter
470	 9.233502e-09	 691	 iter
471	 9.233502e-09	 693	 iter
472	 9.199897e-09	 695	 iter
472	 9.199897e-09	 695	 done
