0	 2.021250e-33	 1	 init
0	 2.021250e-33	 1	 iter
1	 2.021250e-33	 17	 iter
2	 2.021250e-33	 19	 iter
3	 2.021250e-33	 21	 iter
4	 2.021250e-33	 23	 iter
5	 2.021250e-33	 25	 iter
6	 2.021250e-33	 27	 iter
7	 2.021250e-33	 29	 iter
8	 2.021250e-33	 30	 iter
9	 2.021250e-33	 32	 iter
10	 2.021250e-33	 34	 iter
11	 2.021250e-33	 36	 iter
12	 2.021250e-33	 38	 iter
13	 2.021250e-33	 40	 iter
14	 2.021250e-33	 42	 iter
15	 2.021250e-33	 44	 iter
16	 2.021250e-33	 46	 iter
17	 2.021250e-33	 48	 iter
18	 2.021250e-33	 50	 iter
19	 2.021250e-33	 52	 iter
20	 2.021250e-33	 54	 iter
21	 2.021250e-33	 56	 iter
22	 2.021250e-33	 58	 iter
23	 2.021250e-33	 60	 iter
24	 2.021250e-33	 62	 iter
25	 2.021250e-33	 64	 iter
26	 2.021250e-33	 66	 iter
27	 2.021250e-33	 68	 iter
28	 2.021250e-33	 70	 iter
29	 2.021250e-33	 72	 iter
30	 2.021250e-33	 74	 iter
31	 2.021250e-33	 76	 iter
32	 2.021250e-33	 78	 iter
33	 2.021250e-33	 80	 iter
34	 2.021250e-33	 82	 iter
35	 2.021250e-33	 84	 iter
36	 2.021250e-33	 86	 iter
37	 2.021250e-33	 88	 iter
38	 2.021250e-33	 90	 iter
39	 2.021250e-33	 91	 iter
40	 2.021250e-33	 93	 iter
41	 2.021250e-33	 95	 iter
42	 2.021250e-33	 97	 iter
43	 2.021250e-33	 99	 iter
44	 2.021250e-33	 101	 iter
45	 2.021250e-33	 103	 iter
46	 2.021250e-33	 105	 iter
47	 2.021250e-33	 107	 iter
48	 2.021250e-33	 109	 iter
49	 2.021250e-33	 111	 iter
50	 2.021250e-33	 112	 iter
51	 2.021250e-33	 114	 iter
52	 2.021250e-33	 116	 iter
53	 2.021250e-33	 117	 iter
54	 2.021250e-33	 118	 iter
55	 2.021250e-33	 120	 iter
56	 2.021250e-33	 122	 iter
57	 2.021250e-33	 124	 iter
58	 2.021250e-33	 126	 iter
59	 2.021250e-33	 127	 iter
60	 2.021250e-33	 129	 iter
61	 2.021250e-33	 131	 iter
62	 2.021250e-33	 132	 iter
63	 2.021250e-33	 134	 iter
64	 2.021250e-33	 136	 iter
65	 2.021250e-33	 138	 iter
66	 2.021250e-33	 140	 iter
67	 2.021250e-33	 142	 iter
68	 2.021250e-33	 144	 iter
69	 2.021250e-33	 145	 iter
70	 2.021250e-33	 146	 iter
71	 2.021250e-33	 148	 iter
72	 2.021250e-33	 150	 iter
73	 2.021250e-33	 152	 iter
74	 2.021250e-33	 154	 iter
75	 2.021250e-33	 156	 iter
76	 2.021250e-33	 157	 iter
77	 2.021250e-33	 159	 iter
78	 2.021250e-33	 161	 iter
79	 2.021250e-33	 163	 iter
80	 2.021250e-33	 165	 iter
81	 2.021250e-33	 167	 iter
82	 2.021250e-33	 168	 iter
83	 2.021250e-33	 169	 iter
84	 2.021250e-33	 171	 iter
85	 2.021250e-33	 173	 iter
86	 2.021250e-33	 175	 iter
87	 2.021250e-33	 177	 iter
88	 2.021250e-33	 178	 iter
89	 2.021250e-33	 179	 iter
90	 2.021250e-33	 180	 iter
91	 2.021250e-33	 181	 iter
92	 2.021250e-33	 183	 iter
93	 2.021250e-33	 185	 iter
94	 2.021250e-33	 186	 iter
95	 2.021250e-33	 188	 iter
96	 2.021250e-33	 190	 iter
97	 2.021250e-33	 192	 iter
98	 2.021250e-33	 194	 iter
99	 2.021250e-33	 195	 iter
100	 2.021250e-33	 197	 iter
101	 2.021250e-33	 198	 iter
102	 2.021250e-33	 199	 iter
103	 2.021250e-33	 200	 iter
104	 2.021250e-33	 202	 iter
105	 2.021250e-33	 204	 iter
106	 2.021250e-33	 205	 iter
107	 2.021250e-33	 206	 iter
108	 2.021250e-33	 208	 iter
109	 2.021250e-33	 209	 iter
110	 2.021250e-33	 211	 iter
111	 2.021250e-33	 213	 iter
112	 2.021250e-33	 214	 iter
113	 2.021250e-33	 216	 iter
114	 2.021250e-33	 218	 iter
115	 2.021250e-33	 220	 iter
116	 2.021250e-33	 221	 iter
117	 2.021250e-33	 222	 iter
118	 2.021250e-33	 224	 iter
119	 2.021250e-33	 226	 iter
120	 2.021250e-33	 227	 iter
121	 2.021250e-33	 228	 iter
122	 2.021250e-33	 229	 iter
123	 2.021250e-33	 230	 iter
124	 2.021250e-33	 231	 iter
125	 2.021250e-33	 233	 iter
126	 2.021250e-33	 235	 iter
127	 2.021250e-33	 236	 iter
128	 2.021250e-33	 238	 iter
129	 2.021250e-33	 239	 iter
130	 2.021250e-33	 241	 iter
131	 2.021250e-33	 243	 iter
132	 2.021250e-33	 244	 iter
133	 2.021250e-33	 246	 iter
134	 2.021250e-33	 247	 iter
135	 2.021250e-33	 248	 iter
136	 2.021250e-33	 250	 iter
137	 2.021250e-33	 251	 iter
138	 2.021250e-33	 252	 iter
139	 2.021250e-33	 254	 iter
140	 2.021250e-33	 255	 iter
141	 2.021250e-33	 256	 iter
142	 2.021250e-33	 257	 iter
142	 2.021250e-33	 257	 done
