0	 8.592100e-33	 1	 init
0	 8.592100e-33	 1	 iter
1	 8.592100e-33	 17	 iter
2	 8.592100e-33	 19	 iter
3	 8.592100e-33	 21	 iter
4	 8.592100e-33	 23	 iter
5	 8.592100e-33	 25	 iter
6	 8.592100e-33	 27	 iter
7	 8.592100e-33	 29	 iter
8	 8.592100e-33	 31	 iter
9	 8.592100e-33	 33	 iter
10	 8.592100e-33	 35	 iter
11	 8.592100e-33	 37	 iter
12	 8.592100e-33	 39	 iter
13	 8.592100e-33	 41	 iter
14	 8.592100e-33	 43	 iter
15	 8.592100e-33	 45	 iter
16	 8.592100e-33	 47	 iter
17	 8.592100e-33	 49	 iter
18	 8.592100e-33	 51	 iter
19	 8.592100e-33	 53	 iter
20	 8.592100e-33	 55	 iter
21	 8.592100e-33	 57	 iter
22	 8.592100e-33	 59	 iter
23	 8.592100e-33	 60	 iter
24	 8.592100e-33	 62	 iter
25	 8.592100e-33	 64	 iter
26	 8.592100e-33	 66	 iter
27	 8.592100e-33	 68	 iter
28	 8.592100e-33	 70	 iter
29	 8.592100e-33	 72	 iter
30	 8.592100e-33	 74	 iter
31	 8.592100e-33	 76	 iter
32	 8.592100e-33	 78	 iter
33	 8.592100e-33	 80	 iter
34	 8.592100e-33	 82	 iter
35	 8.592100e-33	 83	 iter
36	 8.592100e-33	 84	 iter
37	 8.592100e-33	 86	 iter
38	 8.592100e-33	 87	 iter
39	 8.592100e-33	 89	 iter
40	 8.592100e-33	 91	 iter
41	 8.592100e-33	 92	 iter
42	 8.592100e-33	 94	 iter
43	 8.592100e-33	 95	 iter
44	 8.592100e-33	 97	 iter
45	 8.592100e-33	 99	 iter
46	 8.592100e-33	 101	 iter
47	 8.592100e-33	 103	 iter
48	 8.592100e-33	 105	 iter
49	 8.592100e-33	 107	 iter
50	 8.592100e-33	 109	 iter
51	 8.592100e-33	 111	 iter
52	 8.592100e-33	 113	 iter
53	 8.592100e-33	 115	 iter
54	 8.592100e-33	 117	 iter
55	 8.592100e-33	 118	 iter
56	 8.592100e-33	 120	 iter
57	 8.592100e-33	 121	 iter
58	 8.592100e-33	 123	 iter
59	 8.592100e-33	 124	 iter
60	 8.592100e-33	 126	 iter
61	 8.592100e-33	 128	 iter
62	 8.592100e-33	 130	 iter
63	 8.592100e-33	 132	 iter
64	 8.592100e-33	 133	 iter
65	 8.592100e-33	 134	 iter
66	 8.592100e-33	 136	 iter
67	 8.592100e-33	 138	 iter
68	 8.592100e-33	 140	 iter
69	 8.592100e-33	 142	 iter
70	 8.592100e-33	 144	 iter
71	 8.592100e-33	 146	 iter
72	 8.592100e-33	 148	 iter
73	 8.592100e-33	 149	 iter
74	 8.592100e-33	 151	 iter
75	 8.592100e-33	 152	 iter
76	 8.592100e-33	 154	 iter
77	 8.592100e-33	 156	 iter
78	 8.592100e-33	 158	 iter
79	 8.592100e-33	 160	 iter
80	 8.592100e-33	 161	 iter
81	 8.592100e-33	 163	 iter
82	 8.592100e-33	 165	 iter
83	 8.592100e-33	 167	 iter
84	 8.592100e-33	 168	 iter
85	 8.592100e-33	 170	 iter
86	 8.592100e-33	 171	 iter
87	 8.592100e-33	 173	 iter
88	 8.592100e-33	 174	 iter
89	 8.592100e-33	 176	 iter
90	 8.592100e-33	 178	 iter
91	 8.592100e-33	 180	 iter
92	 8.592100e-33	 182	 iter
93	 8.592100e-33	 183	 iter
94	 8.592100e-33	 184	 iter
95	 8.592100e-33	 186	 iter
96	 8.592100e-33	 188	 iter
97	 8.592100e-33	 189	 iter
98	 8.592100e-33	 191	 iter
99	 8.592100e-33	 192	 iter
100	 8.592100e-33	 193	 iter
101	 8.592100e-33	 194	 iter
102	 8.592100e-33	 195	 iter
103	 8.592100e-33	 196	 iter
104	 8.592100e-33	 197	 iter
105	 8.592100e-33	 199	 iter
106	 8.592100e-33	 201	 iter
107	 8.592100e-33	 202	 iter
108	 8.592100e-33	 204	 iter
109	 8.592100e-33	 206	 iter
110	 8.592100e-33	 207	 iter
111	 8.592100e-33	 208	 iter
112	 8.592100e-33	 210	 iter
113	 8.592100e-33	 212	 iter
114	 8.592100e-33	 214	 iter
115	 8.592100e-33	 216	 iter
116	 8.592100e-33	 218	 iter
117	 8.592100e-33	 219	 iter
118	 8.592100e-33	 221	 iter
119	 8.592100e-33	 222	 iter
120	 8.592100e-33	 224	 iter
121	 8.592100e-33	 225	 iter
122	 8.592100e-33	 226	 iter
123	 8.592100e-33	 228	 iter
124	 8.592100e-33	 230	 iter
125	 8.592100e-33	 232	 iter
126	 8.592100e-33	 234	 iter
127	 8.592100e-33	 235	 iter
128	 8.592100e-33	 236	 iter
129	 8.592100e-33	 237	 iter
130	 8.592100e-33	 239	 iter
131	 8.592100e-33	 241	 iter
132	 8.592100e-33	 242	 iter
133	 8.592100e-33	 243	 iter
134	 8.592100e-33	 245	 iter
135	 8.592100e-33	 246	 iter
136	 8.592100e-33	 247	 iter
137	 8.592100e-33	 248	 iter
138	 8.592100e-33	 249	 iter
139	 8.592100e-33	 251	 iter
140	 8.592100e-33	 252	 iter
141	 8.592100e-33	 254	 iter
142	 8.592100e-33	 256	 iter
143	 8.592100e-33	 257	 iter
144	 8.592100e-33	 258	 iter
145	 8.592100e-33	 260	 iter
146	 8.592100e-33	 261	 iter
147	 8.592100e-33	 262	 iter
148	 8.592100e-33	 264	 iter
149	 8.592100e-33	 265	 iter
150	 8.592100e-33	 266	 iter
151	 8.592100e-33	 268	 iter
152	 8.592100e-33	 269	 iter
153	 8.592100e-33	 271	 iter
154	 8.592100e-33	 272	 iter
155	 8.592100e-33	 273	 iter
156	 8.592100e-33	 275	 iter
157	 8.592100e-33	 277	 iter
158	 8.592100e-33	 278	 iter
159	 8.592100e-33	 279	 iter
160	 8.592100e-33	 281	 iter
161	 8.592100e-33	 282	 iter
162	 8.592100e-33	 284	 iter
163	 8.592100e-33	 286	 iter
164	 8.592100e-33	 287	 iter
165	 8.592100e-33	 289	 iter
166	 8.592100e-33	 290	 iter
167	 8.592100e-33	 291	 iter
168	 8.592100e-33	 293	 iter
169	 8.592100e-33	 295	 iter
170	 8.592100e-33	 296	 iter
171	 8.592100e-33	 298	 iter
172	 8.592100e-33	 300	 iter
173	 8.592100e-33	 302	 iter
174	 8.592100e-33	 303	 iter
175	 8.592100e-33	 305	 iter
176	 8.592100e-33	 306	 iter
177	 8.592100e-33	 307	 iter
178	 8.592100e-33	 309	 iter
179	 8.592100e-33	 310	 iter
180	 8.592100e-33	 312	 iter
181	 8.592100e-33	 314	 iter
182	 8.592100e-33	 316	 iter
183	 8.592100e-33	 317	 iter
184	 8.592100e-33	 318	 iter
185	 8.592100e-33	 319	 iter
186	 8.592100e-33	 321	 iter
187	 8.592100e-33	 323	 iter
188	 8.592100e-33	 324	 iter
189	 8.592100e-33	 326	 iter
190	 8.592100e-33	 327	 iter
191	 8.592100e-33	 328	 iter
192	 8.592100e-33	 329	 iter
193	 8.592100e-33	 330	 iter
194	 8.592100e-33	 332	 iter
195	 8.592100e-33	 333	 iter
196	 8.592100e-33	 335	 iter
197	 8.592100e-33	 337	 iter
198	 8.592100e-33	 339	 iter
199	 8.592100e-33	 341	 iter
200	 8.592100e-33	 343	 iter
200	 8.592100e-33	 343	 done
