0	 9.135612e-33	 1	 init
0	 9.135612e-33	 1	 iter
1	 9.135612e-33	 17	 iter
2	 9.135612e-33	 19	 iter
3	 9.135612e-33	 21	 iter
4	 9.135612e-33	 23	 iter
5	 9.135612e-33	 25	 iter
6	 9.135612e-33	 27	 iter
7	 9.135612e-33	 29	 iter
8	 9.135612e-33	 31	 iter
9	 9.135612e-33	 33	 iter
10	 9.135612e-33	 35	 iter
11	 9.135612e-33	 37	 iter
12	 9.135612e-33	 39	 iter
13	 9.135612e-33	 41	 iter
14	 9.135612e-33	 43	 iter
15	 9.135612e-33	 45	 iter
16	 9.135612e-33	 46	 iter
17	 9.135612e-33	 48	 iter
18	 9.135612e-33	 49	 iter
19	 9.135612e-33	 51	 iter
20	 9.135612e-33	 53	 iter
21	 9.135612e-33	 55	 iter
22	 9.135612e-33	 57	 iter
23	 9.135612e-33	 59	 iter
24	 9.135612e-33	 61	 iter
25	 9.135612e-33	 63	 iter
26	 9.135612e-33	 65	 iter
27	 9.135612e-33	 67	 iter
28	 9.135612e-33	 69	 iter
29	 9.135612e-33	 71	 iter
30	 9.135612e-33	 73	 iter
31	 9.135612e-33	 75	 iter
32	 9.135612e-33	 77	 iter
33	 9.135612e-33	 79	 iter
34	 9.135612e-33	 81	 iter
35	 9.135612e-33	 83	 iter
36	 9.135612e-33	 84	 iter
37	 9.135612e-33	 86	 iter
38	 9.135612e-33	 88	 iter
39	 9.135612e-33	 90	 iter
40	 9.135612e-33	 92	 iter
41	 9.135612e-33	 94	 iter
42	 9.135612e-33	 96	 iter
43	 9.135612e-33	 97	 iter
44	 9.135612e-33	 99	 iter
45	 9.135612e-33	 101	 iter
46	 9.135612e-33	 103	 iter
47	 9.135612e-33	 105	 iter
48	 9.135612e-33	 106	 iter
49	 9.135612e-33	 108	 iter
50	 9.135612e-33	 110	 iter
51	 9.135612e-33	 112	 iter
52	 9.135612e-33	 114	 iter
53	 9.135612e-33	 116	 iter
54	 9.135612e-33	 118	 iter
55	 9.135612e-33	 119	 iter
56	 9.135612e-33	 120	 iter
57	 9.135612e-33	 121	 iter
58	 9.135612e-33	 123	 iter
59	 9.135612e-33	 124	 iter
60	 9.135612e-33	 126	 iter
61	 9.135612e-33	 127	 iter
62	 9.135612e-33	 129	 iter
63	 9.135612e-33	 131	 iter
64	 9.135612e-33	 133	 iter
65	 9.135612e-33	 135	 iter
66	 9.135612e-33	 137	 iter
67	 9.135612e-33	 138	 iter
68	 9.135612e-33	 140	 iter
69	 9.135612e-33	 141	 iter
70	 9.135612e-33	 143	 iter
71	 9.135612e-33	 144	 iter
72	 9.135612e-33	 146	 iter
73	 9.135612e-33	 148	 iter
74	 9.135612e-33	 149	 iter
75	 9.135612e-33	 151	 iter
76	 9.135612e-33	 152	 iter
77	 9.135612e-33	 154	 iter
78	 9.135612e-33	 156	 iter
79	 9.135612e-33	 158	 iter
80	 9.135612e-33	 160	 iter
81	 9.135612e-33	 162	 iter
82	 9.135612e-33	 164	 iter
83	 9.135612e-33	 166	 iter
84	 9.135612e-33	 168	 iter
85	 9.135612e-33	 169	 iter
86	 9.135612e-33	 171	 iter
87	 9.135612e-33	 173	 iter
88	 9.135612e-33	 174	 iter
89	 9.135612e-33	 175	 iter
90	 9.135612e-33	 177	 iter
91	 9.135612e-33	 179	 iter
92	 9.135612e-33	 181	 iter
93	 9.135612e-33	 183	 iter
94	 9.135612e-33	 185	 iter
95	 9.135612e-33	 186	 iter
96	 9.135612e-33	 188	 iter
97	 9.135612e-33	 190	 iter
98	 9.135612e-33	 192	 iter
99	 9.135612e-33	 193	 iter
100	 9.135612e-33	 195	 iter
101	 9.135612e-33	 196	 iter
102	 9.135612e-33	 198	 iter
103	 9.135612e-33	 200	 iter
104	 9.135612e-33	 202	 iter
105	 9.135612e-33	 204	 iter
106	 9.135612e-33	 206	 iter
107	 9.135612e-33	 207	 iter
108	 9.135612e-33	 208	 iter
109	 9.135612e-33	 209	 iter
110	 9.135612e-33	 210	 iter
111	 9.135612e-33	 211	 iter
112	 9.135612e-33	 212	 iter
113	 9.135612e-33	 213	 iter
114	 9.135612e-33	 214	 iter
115	 9.135612e-33	 215	 iter
116	 9.135612e-33	 216	 iter
117	 9.135612e-33	 218	 iter
118	 9.135612e-33	 220	 iter
119	 9.135612e-33	 222	 iter
120	 9.135612e-33	 223	 iter
121	 9.135612e-33	 225	 iter
122	 9.135612e-33	 226	 iter
123	 9.135612e-33	 227	 iter
124	 9.135612e-33	 228	 iter
125	 9.135612e-33	 229	 iter
126	 9.135612e-33	 231	 iter
127	 9.135612e-33	 233	 iter
128	 9.135612e-33	 234	 iter
129	 9.135612e-33	 235	 iter
130	 9.135612e-33	 236	 iter
131	 9.135612e-33	 237	 iter
132	 9.135612e-33	 238	 iter
133	 9.135612e-33	 240	 iter
134	 9.135612e-33	 242	 iter
135	 9.135612e-33	 243	 iter
136	 9.135612e-33	 245	 iter
137	 9.135612e-33	 247	 iter
138	 9.135612e-33	 249	 iter
139	 9.135612e-33	 251	 iter
140	 9.135612e-33	 252	 iter
141	 9.135612e-33	 253	 iter
142	 9.135612e-33	 255	 iter
143	 9.135612e-33	 257	 iter
144	 9.135612e-33	 258	 iter
145	 9.135612e-33	 259	 iter
146	 9.135612e-33	 260	 iter
147	 9.135612e-33	 261	 iter
148	 9.135612e-33	 262	 iter
149	 9.135612e-33	 264	 iter
150	 9.135612e-33	 265	 iter
151	 9.135612e-33	 266	 iter
152	 9.135612e-33	 268	 iter
153	 9.135612e-33	 269	 iter
154	 9.135612e-33	 271	 iter
155	 9.135612e-33	 272	 iter
156	 9.135612e-33	 273	 iter
157	 9.135612e-33	 275	 iter
158	 9.135612e-33	 276	 iter
159	 9.135612e-33	 278	 iter
160	 9.135612e-33	 280	 iter
161	 9.135612e-33	 282	 iter
162	 9.135612e-33	 283	 iter
163	 9.135612e-33	 284	 iter
164	 9.135612e-33	 285	 iter
165	 9.135612e-33	 286	 iter
166	 9.135612e-33	 287	 iter
167	 9.135612e-33	 289	 iter
168	 9.135612e-33	 291	 iter
169	 9.135612e-33	 293	 iter
170	 9.135612e-33	 295	 iter
171	 9.135612e-33	 297	 iter
172	 9.135612e-33	 299	 iter
173	 9.135612e-33	 300	 iter
174	 9.135612e-33	 302	 iter
175	 9.135612e-33	 304	 iter
176	 9.135612e-33	 305	 iter
177	 9.135612e-33	 307	 iter
178	 9.135612e-33	 308	 iter
179	 9.135612e-33	 310	 iter
180	 9.135612e-33	 312	 iter
181	 9.135612e-33	 313	 iter
182	 9.135612e-33	 314	 iter
183	 9.135612e-33	 316	 iter
184	 9.135612e-33	 318	 iter
185	 9.135612e-33	 320	 iter
186	 9.135612e-33	 322	 iter
187	 9.135612e-33	 324	 iter
188	 9.135612e-33	 325	 iter
189	 9.135612e-33	 327	 iter
189	 9.135612e-33	 327	 done
