0	 6.434687e-33	 1	 init
0	 6.434687e-33	 1	 iter
1	 6.434687e-33	 17	 iter
2	 6.434687e-33	 19	 iter
3	 6.434687e-33	 21	 iter
4	 6.434687e-33	 23	 iter
5	 6.434687e-33	 25	 iter
6	 6.434687e-33	 27	 iter
7	 6.434687e-33	 29	 iter
8	 6.434687e-33	 31	 iter
9	 6.434687e-33	 33	 iter
10	 6.434687e-33	 35	 iter
11	 6.434687e-33	 37	 iter
12	 6.434687e-33	 39	 iter
13	 6.434687e-33	 41	 iter
14	 6.434687e-33	 43	 iter
15	 6.434687e-33	 45	 iter
16	 6.434687e-33	 47	 iter
17	 6.434687e-33	 49	 iter
18	 6.434687e-33	 51	 iter
19	 6.434687e-33	 52	 iter
20	 6.434687e-33	 54	 iter
21	 6.434687e-33	 56	 iter
22	 6.434687e-33	 58	 iter
23	 6.434687e-33	 60	 iter
24	 6.434687e-33	 62	 iter
25	 6.434687e-33	 64	 iter
26	 6.434687e-33	 66	 iter
27	 6.434687e-33	 68	 iter
28	 6.434687e-33	 70	 iter
29	 6.434687e-33	 72	 iter
30	 6.434687e-33	 74	 iter
31	 6.434687e-33	 76	 iter
32	 6.434687e-33	 78	 iter
33	 6.434687e-33	 79	 iter
34	 6.434687e-33	 81	 iter
35	 6.434687e-33	 82	 iter
36	 6.434687e-33	 84	 iter
37	 6.434687e-33	 85	 iter
38	 6.434687e-33	 87	 iter
39	 6.434687e-33	 89	 iter
40	 6.434687e-33	 91	 iter
41	 6.434687e-33	 93	 iter
42	 6.434687e-33	 94	 iter
43	 6.434687e-33	 96	 iter
44	 6.434687e-33	 98	 iter
45	 6.434687e-33	 100	 iter
46	 6.434687e-33	 102	 iter
47	 6.434687e-33	 104	 iter
48	 6.434687e-33	 105	 iter
49	 6.434687e-33	 107	 iter
50	 6.434687e-33	 109	 iter
51	 6.434687e-33	 110	 iter
52	 6.434687e-33	 112	 iter
53	 6.434687e-33	 114	 iter
54	 6.434687e-33	 116	 iter
55	 6.434687e-33	 118	 iter
56	 6.434687e-33	 119	 iter
57	 6.434687e-33	 121	 iter
58	 6.434687e-33	 123	 iter
59	 6.434687e-33	 125	 iter
60	 6.434687e-33	 127	 iter
61	 6.434687e-33	 128	 iter
62	 6.434687e-33	 130	 iter
63	 6.434687e-33	 132	 iter
64	 6.434687e-33	 134	 iter
65	 6.434687e-33	 135	 iter
66	 6.434687e-33	 136	 iter
67	 6.434687e-33	 138	 iter
68	 6.434687e-33	 140	 iter
69	 6.434687e-33	 141	 iter
70	 6.434687e-33	 143	 iter
71	 6.434687e-33	 145	 iter
72	 6.434687e-33	 147	 iter
73	 6.434687e-33	 149	 iter
74	 6.434687e-33	 151	 iter
75	 6.434687e-33	 153	 iter
76	 6.434687e-33	 154	 iter
77	 6.434687e-33	 155	 iter
78	 6.434687e-33	 156	 iter
79	 6.434687e-33	 158	 iter
80	 6.434687e-33	 159	 iter
81	 6.434687e-33	 160	 iter
82	 6.434687e-33	 162	 iter
83	 6.434687e-33	 164	 iter
84	 6.434687e-33	 165	 iter
85	 6.434687e-33	 166	 iter
86	 6.434687e-33	 168	 iter
87	 6.434687e-33	 170	 iter
88	 6.434687e-33	 172	 iter
89	 6.434687e-33	 174	 iter
90	 6.434687e-33	 176	 iter
91	 6.434687e-33	 177	 iter
92	 6.434687e-33	 178	 iter
93	 6.434687e-33	 179	 iter
94	 6.434687e-33	 181	 iter
95	 6.434687e-33	 182	 iter
96	 6.434687e-33	 183	 iter
97	 6.434687e-33	 184	 iter
98	 6.434687e-33	 186	 iter
99	 6.434687e-33	 187	 iter
100	 6.434687e-33	 189	 iter
101	 6.434687e-33	 190	 iter
102	 6.434687e-33	 192	 iter
103	 6.434687e-33	 194	 iter
104	 6.434687e-33	 195	 iter
105	 6.434687e-33	 196	 iter
106	 6.434687e-33	 198	 iter
107	 6.434687e-33	 200	 iter
108	 6.434687e-33	 202	 iter
109	 6.434687e-33	 203	 iter
110	 6.434687e-33	 204	 iter
111	 6.434687e-33	 205	 iter
112	 6.434687e-33	 207	 iter
113	 6.434687e-33	 208	 iter
114	 6.434687e-33	 209	 iter
115	 6.434687e-33	 211	 iter
116	 6.434687e-33	 213	 iter
117	 6.434687e-33	 215	 iter
118	 6.434687e-33	 217	 iter
119	 6.434687e-33	 219	 iter
120	 6.434687e-33	 221	 iter
121	 6.434687e-33	 222	 iter
122	 6.434687e-33	 224	 iter
123	 6.434687e-33	 225	 iter
124	 6.434687e-33	 226	 iter
125	 6.434687e-33	 227	 iter
126	 6.434687e-33	 228	 iter
127	 6.434687e-33	 229	 iter
128	 6.434687e-33	 231	 iter
129	 6.434687e-33	 232	 iter
130	 6.434687e-33	 233	 iter
131	 6.434687e-33	 234	 iter
132	 6.434687e-33	 235	 iter
133	 6.434687e-33	 236	 iter
134	 6.434687e-33	 237	 iter
135	 6.434687e-33	 238	 iter
136	 6.434687e-33	 239	 iter
137	 6.434687e-33	 240	 iter
138	 6.434687e-33	 241	 iter
139	 6.434687e-33	 243	 iter
140	 6.434687e-33	 245	 iter
141	 6.434687e-33	 247	 iter
142	 6.434687e-33	 249	 iter
143	 6.434687e-33	 250	 iter
144	 6.434687e-33	 252	 iter
145	 6.434687e-33	 253	 iter
146	 6.434687e-33	 255	 iter
147	 6.434687e-33	 256	 iter
148	 6.434687e-33	 257	 iter
149	 6.434687e-33	 259	 iter
150	 6.434687e-33	 261	 iter
151	 6.434687e-33	 263	 iter
152	 6.434687e-33	 264	 iter
153	 6.434687e-33	 266	 iter
154	 6.434687e-33	 268	 iter
155	 6.434687e-33	 269	 iter
156	 6.434687e-33	 271	 iter
157	 6.434687e-33	 272	 iter
158	 6.434687e-33	 274	 iter
159	 6.434687e-33	 275	 iter
160	 6.434687e-33	 276	 iter
161	 6.434687e-33	 277	 iter
162	 6.434687e-33	 278	 iter
163	 6.434687e-33	 279	 iter
164	 6.434687e-33	 280	 iter
165	 6.434687e-33	 282	 iter
166	 6.434687e-33	 284	 iter
167	 6.434687e-33	 285	 iter
168	 6.434687e-33	 286	 iter
169	 6.434687e-33	 287	 iter
169	 6.434687e-33	 287	 done
