0	 8.746749e-33	 1	 init
0	 8.746749e-33	 1	 iter
1	 8.746749e-33	 17	 iter
2	 8.746749e-33	 19	 iter
3	 8.746749e-33	 21	 iter
4	 8.746749e-33	 23	 iter
5	 8.746749e-33	 25	 iter
6	 8.746749e-33	 27	 iter
7	 8.746749e-33	 29	 iter
8	 8.746749e-33	 31	 iter
9	 8.746749e-33	 32	 iter
10	 8.746749e-33	 34	 iter
11	 8.746749e-33	 36	 iter
12	 8.746749e-33	 38	 iter
13	 8.746749e-33	 39	 iter
14	 8.746749e-33	 41	 iter
15	 8.746749e-33	 43	 iter
16	 8.746749e-33	 45	 iter
17	 8.746749e-33	 46	 iter
18	 8.746749e-33	 48	 iter
19	 8.746749e-33	 50	 iter
20	 8.746749e-33	 52	 iter
21	 8.746749e-33	 53	 iter
22	 8.746749e-33	 55	 iter
23	 8.746749e-33	 57	 iter
24	 8.746749e-33	 59	 iter
25	 8.746749e-33	 61	 iter
26	 8.746749e-33	 63	 iter
27	 8.746749e-33	 65	 iter
28	 8.746749e-33	 67	 iter
29	 8.746749e-33	 68	 iter
30	 8.746749e-33	 70	 iter
31	 8.746749e-33	 71	 iter
32	 8.746749e-33	 73	 iter
33	 8.746749e-33	 75	 iter
34	 8.746749e-33	 77	 iter
35	 8.746749e-33	 79	 iter
36	 8.746749e-33	 81	 iter
37	 8.746749e-33	 83	 iter
38	 8.746749e-33	 85	 iter
39	 8.746749e-33	 87	 iter
40	 8.746749e-33	 89	 iter
41	 8.746749e-33	 90	 iter
42	 8.746749e-33	 92	 iter
43	 8.746749e-33	 94	 iter
44	 8.746749e-33	 95	 iter
45	 8.746749e-33	 97	 iter
46	 8.746749e-33	 99	 iter
47	 8.746749e-33	 100	 iter
48	 8.746749e-33	 102	 iter
49	 8.746749e-33	 104	 iter
50	 8.746749e-33	 106	 iter
51	 8.746749e-33	 108	 iter
52	 8.746749e-33	 110	 iter
53	 8.746749e-33	 112	 iter
54	 8.746749e-33	 114	 iter
55	 8.746749e-33	 115	 iter
56	 8.746749e-33	 117	 iter
57	 8.746749e-33	 119	 iter
58	 8.746749e-33	 121	 iter
59	 8.746749e-33	 123	 iter
60	 8.746749e-33	 124	 iter
61	 8.746749e-33	 125	 iter
62	 8.746749e-33	 126	 iter
63	 8.746749e-33	 128	 iter
64	 8.746749e-33	 129	 iter
65	 8.746749e-33	 131	 iter
66	 8.746749e-33	 133	 iter
67	 8.746749e-33	 135	 iter
68	 8.746749e-33	 137	 iter
69	 8.746749e-33	 139	 iter
70	 8.746749e-33	 141	 iter
71	 8.746749e-33	 143	 iter
72	 8.746749e-33	 145	 iter
73	 8.746749e-33	 147	 iter
74	 8.746749e-33	 149	 iter
75	 8.746749e-33	 151	 iter
76	 8.746749e-33	 153	 iter
77	 8.746749e-33	 155	 iter
78	 8.746749e-33	 157	 iter
79	 8.746749e-33	 159	 iter
80	 8.746749e-33	 161	 iter
81	 8.746749e-33	 162	 iter
82	 8.746749e-33	 164	 iter
83	 8.746749e-33	 166	 iter
84	 8.746749e-33	 168	 iter
85	 8.746749e-33	 170	 iter
86	 8.746749e-33	 172	 iter
87	 8.746749e-33	 174	 iter
88	 8.746749e-33	 176	 iter
89	 8.746749e-33	 177	 iter
90	 8.746749e-33	 179	 iter
91	 8.746749e-33	 181	 iter
92	 8.746749e-33	 183	 iter
93	 8.746749e-33	 184	 iter
94	 8.746749e-33	 186	 iter
95	 8.746749e-33	 187	 iter
96	 8.746749e-33	 188	 iter
97	 8.746749e-33	 189	 iter
98	 8.746749e-33	 191	 iter
99	 8.746749e-33	 193	 iter
100	 8.746749e-33	 194	 iter
101	 8.746749e-33	 196	 iter
102	 8.746749e-33	 197	 iter
103	 8.746749e-33	 198	 iter
104	 8.746749e-33	 200	 iter
105	 8.746749e-33	 202	 iter
106	 8.746749e-33	 204	 iter
107	 8.746749e-33	 205	 iter
108	 8.746749e-33	 207	 iter
109	 8.746749e-33	 208	 iter
110	 8.746749e-33	 210	 iter
111	 8.746749e-33	 211	 iter
112	 8.746749e-33	 213	 iter
113	 8.746749e-33	 215	 iter
114	 8.746749e-33	 216	 iter
115	 8.746749e-33	 217	 iter
116	 8.746749e-33	 219	 iter
117	 8.746749e-33	 220	 iter
118	 8.746749e-33	 222	 iter
119	 8.746749e-33	 224	 iter
120	 8.746749e-33	 225	 iter
121	 8.746749e-33	 226	 iter
122	 8.746749e-33	 228	 iter
123	 8.746749e-33	 230	 iter
124	 8.746749e-33	 231	 iter
125	 8.746749e-33	 233	 iter
126	 8.746749e-33	 234	 iter
127	 8.746749e-33	 235	 iter
128	 8.746749e-33	 236	 iter
129	 8.746749e-33	 237	 iter
130	 8.746749e-33	 238	 iter
131	 8.746749e-33	 240	 iter
132	 8.746749e-33	 241	 iter
133	 8.746749e-33	 242	 iter
134	 8.746749e-33	 243	 iter
135	 8.746749e-33	 244	 iter
136	 8.746749e-33	 245	 iter
137	 8.746749e-33	 247	 iter
138	 8.746749e-33	 249	 iter
139	 8.746749e-33	 251	 iter
140	 8.746749e-33	 252	 iter
141	 8.746749e-33	 253	 iter
142	 8.746749e-33	 254	 iter
143	 8.746749e-33	 256	 iter
144	 8.746749e-33	 258	 iter
145	 8.746749e-33	 259	 iter
146	 8.746749e-33	 261	 iter
147	 8.746749e-33	 262	 iter
148	 8.746749e-33	 263	 iter
149	 8.746749e-33	 265	 iter
150	 8.746749e-33	 266	 iter
151	 8.746749e-33	 268	 iter
152	 8.746749e-33	 269	 iter
153	 8.746749e-33	 271	 iter
154	 8.746749e-33	 273	 iter
155	 8.746749e-33	 274	 iter
156	 8.746749e-33	 275	 iter
157	 8.746749e-33	 276	 iter
158	 8.746749e-33	 277	 iter
159	 8.746749e-33	 278	 iter
160	 8.746749e-33	 280	 iter
161	 8.746749e-33	 281	 iter
162	 8.746749e-33	 282	 iter
163	 8.746749e-33	 284	 iter
164	 8.746749e-33	 286	 iter
165	 8.746749e-33	 288	 iter
166	 8.746749e-33	 289	 iter
167	 8.746749e-33	 290	 iter
168	 8.746749e-33	 291	 iter
169	 8.746749e-33	 292	 iter
170	 8.746749e-33	 294	 iter
171	 8.746749e-33	 296	 iter
172	 8.746749e-33	 298	 iter
173	 8.746749e-33	 299	 iter
174	 8.746749e-33	 301	 iter
175	 8.746749e-33	 303	 iter
176	 8.746749e-33	 305	 iter
177	 8.746749e-33	 306	 iter
178	 8.746749e-33	 308	 iter
179	 8.746749e-33	 309	 iter
180	 8.746749e-33	 310	 iter
181	 8.746749e-33	 312	 iter
182	 8.746749e-33	 314	 iter
183	 8.746749e-33	 315	 iter
184	 8.746749e-33	 317	 iter
185	 8.746749e-33	 318	 iter
186	 8.746749e-33	 320	 iter
187	 8.746749e-33	 322	 iter
188	 8.746749e-33	 324	 iter
189	 8.746749e-33	 325	 iter
190	 8.746749e-33	 326	 iter
191	 8.746749e-33	 327	 iter
192	 8.746749e-33	 329	 iter
193	 8.746749e-33	 330	 iter
194	 8.746749e-33	 331	 iter
195	 8.746749e-33	 333	 iter
196	 8.746749e-33	 335	 iter
197	 8.746749e-33	 336	 iter
198	 8.746749e-33	 337	 iter
199	 8.746749e-33	 339	 iter
200	 8.746749e-33	 341	 iter
201	 8.746749e-33	 343	 iter
202	 8.746749e-33	 344	 iter
203	 8.746749e-33	 345	 iter
204	 8.746749e-33	 346	 iter
205	 8.746749e-33	 348	 iter
206	 8.746749e-33	 349	 iter
207	 8.746749e-33	 351	 iter
208	 8.746749e-33	 352	 iter
209	 8.746749e-33	 353	 iter
210	 8.746749e-33	 354	 iter
210	 8.746749e-33	 354	 done
