0	 1.445195e-04	 1	 init
0	 1.445195e-04	 1	 iter
1	 6.408346e-05	 17	 iter
2	 3.066597e-05	 19	 iter
3	 1.589698e-05	 21	 iter
4	 1.589698e-05	 22	 iter
5	 1.589698e-05	 23	 iter
6	 1.589698e-05	 24	 iter
7	 7.765633e-06	 26	 iter
8	 7.765633e-06	 27	 iter
9	 7.765633e-06	 28	 iter
10	 7.765633e-06	 29	 iter
11	 7.765633e-06	 30	 iter
12	 7.765633e-06	 31	 iter
13	 7.765633e-06	 32	 iter
14	 7.765633e-06	 33	 iter
15	 7.765633e-06	 35	 iter
16	 7.765633e-06	 37	 iter
17	 7.765633e-06	 39	 iter
18	 7.765633e-06	 41	 iter
19	 7.765633e-06	 43	 iter
20	 7.765633e-06	 45	 iter
21	 7.765633e-06	 46	 iter
22	 7.765633e-06	 48	 iter
23	 7.765633e-06	 50	 iter
24	 7.765633e-06	 52	 iter
25	 7.765633e-06	 54	 iter
26	 7.765633e-06	 56	 iter
27	 7.765633e-06	 57	 iter
28	 7.765633e-06	 58	 iter
29	 7.765633e-06	 60	 iter
30	 7.765633e-06	 62	 iter
31	 7.765633e-06	 64	 iter
32	 7.765633e-06	 66	 iter
33	 7.765633e-06	 68	 iter
34	 7.765633e-06	 70	 iter
35	 7.765633e-06	 72	 iter
36	 7.765633e-06	 73	 iter
37	 7.765633e-06	 74	 iter
38	 7.765633e-06	 75	 iter
39	 7.765633e-06	 76	 iter
40	 7.765633e-06	 77	 iter
41	 7.765633e-06	 78	 iter
42	 7.765633e-06	 79	 iter
43	 7.765633e-06	 81	 iter
44	 7.765633e-06	 82	 iter
45	 7.765633e-06	 84	 iter
46	 7.765633e-06	 85	 iter
47	 7.765633e-06	 86	 iter
48	 7.765633e-06	 88	 iter
49	 5.861184e-06	 90	 iter
50	 5.861184e-06	 91	 iter
51	 5.861184e-06	 92	 iter
52	 5.861184e-06	 93	 iter
53	 5.861184e-06	 94	 iter
54	 5.861184e-06	 95	 iter
55	 5.861184e-06	 96	 iter
56	 5.861184e-06	 97	 iter
57	 5.861184e-06	 99	 iter
58	 5.861184e-06	 101	 iter
59	 5.861184e-06	 102	 iter
60	 5.861184e-06	 104	 iter
61	 5.861184e-06	 106	 iter
62	 5.861184e-06	 107	 iter
63	 5.861184e-06	 109	 iter
64	 5.861184e-06	 110	 iter
65	 5.861184e-06	 111	 iter
66	 5.861184e-06	 113	 iter
67	 5.861184e-06	 114	 iter
68	 5.179983e-06	 116	 iter
69	 5.179983e-06	 117	 iter
70	 5.179983e-06	 118	 iter
71	 5.179983e-06	 120	 iter
72	 5.179983e-06	 122	 iter
73	 5.179983e-06	 124	 iter
74	 5.075232e-06	 126	 iter
75	 5.075232e-06	 127	 iter
76	 4.331161e-06	 129	 iter
77	 4.193151e-06	 131	 iter
78	 4.193151e-06	 132	 iter
79	 4.193151e-06	 133	 iter
80	 3.771217e-06	 135	 iter
81	 3.771217e-06	 137	 iter
82	 3.771217e-06	 139	 iter
83	 3.771217e-06	 140	 iter
84	 3.771217e-06	 141	 iter
85	 3.771217e-06	 143	 iter
86	 3.771217e-06	 144	 iter
87	 3.771217e-06	 145	 iter
88	 3.166406e-06	 147	 iter
89	 3.166406e-06	 148	 iter
90	 3.166406e-06	 149	 iter
91	 3.166406e-06	 151	 iter
92	 3.166406e-06	 153	 iter
93	 3.166406e-06	 154	 iter
94	 3.166406e-06	 155	 iter
95	 3.166406e-06	 156	 iter
96	 3.166406e-06	 158	 iter
97	 3.166406e-06	 159	 iter
98	 3.166406e-06	 160	 iter
99	 3.166406e-06	 161	 iter
100	 3.166406e-06	 163	 iter
101	 3.166406e-06	 164	 iter
102	 3.166406e-06	 166	 iter
103	 2.781819e-06	 168	 iter
104	 2.781819e-06	 169	 iter
105	 2.781819e-06	 170	 iter
106	 2.781819e-06	 171	 iter
107	 2.781819e-06	 173	 iter
108	 2.781819e-06	 175	 iter
109	 2.781819e-06	 177	 iter
110	 2.781819e-06	 179	 iter
111	 2.781819e-06	 181	 iter
112	 2.781819e-06	 182	 iter
113	 2.781819e-06	 183	 iter
114	 2.781819e-06	 185	 iter
115	 2.781819e-06	 186	 iter
116	 2.781819e-06	 187	 iter
117	 2.781819e-06	 189	 iter
118	 2.781819e-06	 191	 iter
119	 2.781819e-06	 193	 iter
120	 2.742414e-06	 195	 iter
121	 2.742414e-06	 196	 iter
122	 2.742414e-06	 198	 iter
123	 2.742414e-06	 199	 iter
124	 2.742414e-06	 200	 iter
125	 2.742414e-06	 201	 iter
126	 2.742414e-06	 202	 iter
127	 2.742414e-06	 203	 iter
128	 2.729301e-06	 205	 iter
129	 2.729301e-06	 206	 iter
130	 2.729301e-06	 208	 iter
131	 2.729301e-06	 209	 iter
132	 2.729301e-06	 210	 iter
133	 2.729301e-06	 211	 iter
134	 2.729301e-06	 212	 iter
135	 2.729301e-06	 213	 iter
136	 2.642117e-06	 215	 iter
137	 2.642117e-06	 217	 iter
138	 2.642117e-06	 218	 iter
139	 2.570930e-06	 220	 iter
140	 2.570930e-06	 221	 iter
141	 2.570930e-06	 223	 iter
142	 2.570930e-06	 225	 iter
143	 2.570930e-06	 227	 iter
144	 2.570930e-06	 228	 iter
145	 2.548032e-06	 230	 iter
146	 2.538839e-06	 232	 iter
147	 2.538839e-06	 233	 iter
148	 2.538839e-06	 234	 iter
149	 2.538839e-06	 236	 iter
150	 2.538839e-06	 237	 iter
151	 2.538839e-06	 238	 iter
152	 2.538839e-06	 239	 iter
153	 2.538839e-06	 241	 iter
154	 2.538839e-06	 243	 iter
155	 2.291296e-06	 245	 iter
156	 2.291296e-06	 246	 iter
157	 2.291296e-06	 247	 iter
158	 2.291296e-06	 248	 iter
159	 2.291296e-06	 250	 iter
160	 2.291296e-06	 251	 iter
161	 2.291296e-06	 252	 iter
162	 2.291296e-06	 254	 iter
163	 2.291296e-06	 256	 iter
164	 2.291296e-06	 258	 iter
165	 2.291296e-06	 259	 iter
166	 2.291296e-06	 260	 iter
167	 2.291296e-06	 261	 iter
168	 2.291296e-06	 263	 iter
169	 2.291296e-06	 265	 iter
170	 2.291296e-06	 266	 iter
171	 2.291296e-06	 267	 iter
172	 2.291296e-06	 268	 iter
173	 2.291296e-06	 269	 iter
174	 2.291296e-06	 270	 iter
175	 2.291296e-06	 271	 iter
176	 2.291296e-06	 273	 iter
177	 2.291296e-06	 274	 iter
178	 2.291296e-06	 275	 iter
179	 2.291296e-06	 276	 iter
180	 2.291296e-06	 277	 iter
181	 2.291296e-06	 278	 iter
182	 2.254822e-06	 280	 iter
183	 2.195569e-06	 282	 iter
184	 2.195569e-06	 283	 iter
185	 2.195569e-06	 284	 iter
186	 2.195569e-06	 285	 iter
187	 2.164723e-06	 287	 iter
188	 2.146114e-06	 289	 iter
189	 2.146114e-06	 290	 iter
190	 2.146114e-06	 291	 iter
191	 2.146114e-06	 292	 iter
192	 2.146114e-06	 293	 iter
193	 2.111032e-06	 295	 iter
194	 2.111032e-06	 297	 iter
195	 2.111032e-06	 298	 iter
196	 1.974203e-06	 300	 iter
197	 1.974203e-06	 301	 iter
198	 1.974203e-06	 302	 iter
199	 1.974203e-06	 303	 iter
200	 1.974203e-06	 304	 iter
201	 1.974203e-06	 305	 iter
202	 1.974203e-06	 306	 iter
203	 1.974203e-06	 307	 iter
204	 1.974203e-06	 308	 iter
205	 1.974203e-06	 309	 iter
206	 1.969273e-06	 311	 iter
207	 1.969273e-06	 312	 iter
208	 1.969273e-06	 314	 iter
209	 1.969273e-06	 315	 iter
210	 1.969273e-06	 316	 iter
211	 1.969273e-06	 317	 iter
212	 1.969273e-06	 318	 iter
213	 1.895387e-06	 320	 iter
214	 1.895387e-06	 321	 iter
215	 1.895387e-06	 322	 iter
216	 1.895387e-06	 324	 iter
217	 1.895387e-06	 326	 iter
218	 1.895387e-06	 327	 iter
219	 1.895387e-06	 328	 iter
220	 1.895387e-06	 329	 iter
221	 1.895387e-06	 330	 iter
222	 1.884839e-06	 332	 iter
223	 1.884839e-06	 334	 iter
224	 1.884839e-06	 335	 iter
225	 1.884839e-06	 337	 iter
226	 1.884839e-06	 338	 iter
227	 1.884839e-06	 339	 iter
228	 1.807259e-06	 341	 iter
229	 1.807259e-06	 342	 iter
230	 1.807259e-06	 343	 iter
231	 1.807259e-06	 344	 iter
232	 1.807259e-06	 345	 iter
233	 1.807259e-06	 346	 iter
234	 1.736590e-06	 348	 iter
235	 1.736590e-06	 349	 iter
236	 1.736590e-06	 350	 iter
237	 1.736590e-06	 351	 iter
238	 1.736590e-06	 352	 iter
239	 1.736590e-06	 353	 iter
240	 1.736590e-06	 354	 iter
241	 1.736590e-06	 355	 iter
242	 1.736590e-06	 356	 iter
243	 1.736590e-06	 357	 iter
244	 1.735007e-06	 359	 iter
245	 1.710790e-06	 361	 iter
246	 1.710790e-06	 362	 iter
247	 1.710790e-06	 363	 iter
248	 1.710790e-06	 364	 iter
249	 1.710790e-06	 365	 iter
250	 1.710790e-06	 366	 iter
251	 1.710790e-06	 367	 iter
252	 1.694024e-06	 369	 iter
253	 1.694024e-06	 370	 iter
254	 1.694024e-06	 371	 iter
255	 1.687344e-06	 373	 iter
256	 1.687344e-06	 375	 iter
257	 1.661446e-06	 377	 iter
258	 1.661446e-06	 378	 iter
259	 1.661446e-06	 379	 iter
260	 1.661446e-06	 380	 iter
261	 1.657798e-06	 382	 iter
262	 1.657798e-06	 383	 iter
263	 1.657798e-06	 384	 iter
264	 1.657798e-06	 385	 iter
265	 1.631377e-06	 387	 iter
266	 1.631377e-06	 389	 iter
267	 1.631377e-06	 390	 iter
268	 1.631377e-06	 391	 iter
269	 1.627216e-06	 393	 iter
270	 1.627216e-06	 395	 iter
271	 1.621381e-06	 397	 iter
272	 1.511784e-06	 399	 iter
273	 1.511784e-06	 400	 iter
274	 1.511784e-06	 401	 iter
275	 1.511784e-06	 402	 iter
276	 1.511784e-06	 403	 iter
277	 1.511784e-06	 404	 iter
278	 1.511784e-06	 406	 iter
279	 1.511784e-06	 407	 iter
280	 1.511784e-06	 408	 iter
281	 1.511784e-06	 409	 iter
282	 1.511784e-06	 410	 iter
283	 1.511784e-06	 411	 iter
284	 1.511784e-06	 412	 iter
285	 1.511784e-06	 413	 iter
286	 1.511784e-06	 414	 iter
287	 1.511784e-06	 415	 iter
288	 1.511784e-06	 416	 iter
289	 1.511784e-06	 417	 iter
290	 1.511784e-06	 418	 iter
291	 1.511784e-06	 419	 iter
292	 1.511784e-06	 420	 iter
293	 1.483588e-06	 422	 iter
294	 1.483588e-06	 423	 iter
295	 1.483588e-06	 424	 iter
296	 1.483588e-06	 425	 iter
297	 1.483588e-06	 426	 iter
298	 1.483588e-06	 427	 iter
299	 1.483588e-06	 428	 iter
300	 1.483588e-06	 429	 iter
301	 1.483588e-06	 430	 iter
302	 1.483588e-06	 432	 iter
303	 1.483588e-06	 433	 iter
304	 1.483588e-06	 434	 iter
305	 1.483588e-06	 435	 iter
306	 1.483588e-06	 436	 iter
307	 1.483588e-06	 437	 iter
308	 1.483588e-06	 438	 iter
309	 1.483588e-06	 440	 iter
310	 1.474354e-06	 442	 iter
311	 1.474354e-06	 443	 iter
312	 1.474354e-06	 444	 iter
313	 1.474354e-06	 445	 iter
314	 1.474354e-06	 446	 iter
315	 1.474354e-06	 447	 iter
316	 1.474354e-06	 448	 iter
317	 1.474354e-06	 449	 iter
318	 1.406410e-06	 451	 iter
319	 1.406410e-06	 452	 iter
320	 1.406410e-06	 453	 iter
321	 1.406410e-06	 455	 iter
322	 1.406410e-06	 457	 iter
323	 1.406410e-06	 458	 iter
324	 1.406410e-06	 459	 iter
325	 1.406410e-06	 460	 iter
326	 1.406410e-06	 461	 iter
327	 1.406410e-06	 462	 iter
328	 1.406410e-06	 463	 iter
329	 1.406410e-06	 464	 iter
330	 1.406410e-06	 465	 iter
331	 1.406410e-06	 466	 iter
332	 1.406410e-06	 467	 iter
333	 1.406410e-06	 468	 iter
334	 1.406410e-06	 469	 iter
335	 1.406410e-06	 471	 iter
336	 1.406410e-06	 473	 iter
337	 1.406410e-06	 474	 iter
338	 1.406410e-06	 475	 iter
339	 1.406410e-06	 476	 iter
340	 1.406410e-06	 477	 iter
341	 1.394440e-06	 479	 iter
342	 1.394440e-06	 480	 iter
343	 1.384465e-06	 482	 iter
344	 1.363410e-06	 484	 iter
345	 1.363410e-06	 485	 iter
346	 1.363410e-06	 486	 iter
347	 1.363410e-06	 487	 iter
348	 1.363410e-06	 488	 iter
349	 1.363410e-06	 489	 iter
350	 1.363410e-06	 490	 iter
351	 1.353205e-06	 492	 iter
352	 1.353205e-06	 493	 iter
353	 1.353205e-06	 495	 iter
354	 1.353205e-06	 496	 iter
355	 1.353205e-06	 497	 iter
356	 1.353205e-06	 498	 iter
357	 1.353205e-06	 499	 iter
358	 1.347474e-06	 501	 iter
359	 1.302241e-06	 503	 iter
360	 1.256750e-06	 505	 iter
361	 1.256750e-06	 506	 iter
362	 1.256750e-06	 507	 iter
363	 1.256750e-06	 508	 iter
364	 1.256750e-06	 509	 iter
365	 1.256750e-06	 510	 iter
366	 1.256750e-06	 511	 iter
367	 1.256750e-06	 512	 iter
368	 1.256750e-06	 513	 iter
369	 1.256750e-06	 514	 iter
370	 1.256750e-06	 515	 iter
371	 1.256750e-06	 516	 iter
372	 1.256750e-06	 517	 iter
373	 1.250274e-06	 519	 iter
374	 1.206280e-06	 521	 iter
375	 1.206280e-06	 522	 iter
376	 1.206280e-06	 523	 iter
377	 1.206280e-06	 524	 iter
378	 1.206280e-06	 525	 iter
379	 1.206280e-06	 526	 iter
380	 1.180371e-06	 528	 iter
381	 1.180371e-06	 529	 iter
382	 1.171905e-06	 531	 iter
383	 1.171905e-06	 532	 iter
384	 1.171905e-06	 533	 iter
385	 1.148657e-06	 535	 iter
386	 1.069347e-06	 537	 iter
387	 1.069347e-06	 538	 iter
388	 1.069347e-06	 539	 iter
389	 1.069347e-06	 540	 iter
390	 1.069347e-06	 541	 iter
391	 1.069347e-06	 542	 iter
392	 1.069347e-06	 543	 iter
393	 1.069347e-06	 544	 iter
394	 1.069347e-06	 545	 iter
395	 1.069347e-06	 546	 iter
396	 1.039021e-06	 548	 iter
397	 1.039021e-06	 549	 iter
398	 1.032537e-06	 551	 iter
399	 1.032537e-06	 552	 iter
400	 1.026619e-06	 554	 iter
401	 1.026619e-06	 555	 iter
402	 1.026619e-06	 556	 iter
403	 1.022121e-06	 558	 iter
404	 1.022121e-06	 559	 iter
405	 9.811503e-07	 561	 iter
406	 9.811503e-07	 562	 iter
407	 9.811503e-07	 563	 iter
408	 9.683938e-07	 565	 iter
409	 9.530051e-07	 567	 iter
410	 9.530051e-07	 568	 iter
411	 9.530051e-07	 569	 iter
412	 9.530051e-07	 570	 iter
413	 9.530051e-07	 571	 iter
414	 9.530051e-07	 572	 iter
415	 9.530051e-07	 573	 iter
416	 9.530051e-07	 574	 iter
417	 9.530051e-07	 576	 iter
418	 9.483867e-07	 578	 iter
419	 9.483867e-07	 579	 iter
420	 9.483867e-07	 580	 iter
421	 9.483867e-07	 582	 iter
422	 9.430048e-07	 584	 iter
423	 9.430048e-07	 585	 iter
424	 9.430048e-07	 586	 iter
425	 9.430048e-07	 587	 iter
426	 9.430048e-07	 588	 iter
427	 9.430048e-07	 589	 iter
428	 9.430048e-07	 590	 iter
429	 9.430048e-07	 591	 iter
430	 9.430048e-07	 593	 iter
431	 9.430048e-07	 594	 iter
432	 9.393101e-07	 596	 iter
433	 9.203815e-07	 598	 iter
434	 9.203815e-07	 599	 iter
435	 9.203815e-07	 601	 iter
436	 9.203815e-07	 602	 iter
437	 9.203815e-07	 604	 iter
438	 9.203815e-07	 605	 iter
439	 9.203815e-07	 607	 iter
440	 9.203815e-07	 609	 iter
441	 9.203815e-07	 610	 iter
442	 9.203815e-07	 611	 iter
443	 9.203815e-07	 612	 iter
444	 9.203815e-07	 614	 iter
445	 9.203815e-07	 615	 iter
446	 9.203815e-07	 617	 iter
447	 9.203815e-07	 619	 iter
448	 9.203815e-07	 620	 iter
449	 9.203815e-07	 622	 iter
450	 9.203815e-07	 624	 iter
451	 9.203815e-07	 625	 iter
452	 9.203815e-07	 626	 iter
453	 9.203815e-07	 628	 iter
454	 9.145320e-07	 630	 iter
455	 9.145320e-07	 632	 iter
456	 9.145320e-07	 633	 iter
457	 9.145320e-07	 634	 iter
458	 9.125584e-07	 636	 iter
459	 9.125584e-07	 638	 iter
460	 9.125584e-07	 639	 iter
461	 9.125584e-07	 641	 iter
462	 9.076598e-07	 643	 iter
463	 9.076598e-07	 645	 iter
464	 9.076598e-07	 647	 iter
465	 9.076598e-07	 649	 iter
466	 9.076598e-07	 650	 iter
467	 9.076598e-07	 651	 iter
468	 9.076598e-07	 652	 iter
469	 9.076598e-07	 653	 iter
470	 9.076598e-07	 655	 iter
471	 9.076598e-07	 656	 iter
472	 9.076598e-07	 657	 iter
473	 9.076598e-07	 658	 iter
474	 9.076598e-07	 659	 iter
475	 9.076598e-07	 661	 iter
476	 9.076598e-07	 663	 iter
477	 9.076598e-07	 665	 iter
478	 9.076598e-07	 666	 iter
479	 9.076598e-07	 668	 iter
480	 9.053085e-07	 670	 iter
481	 9.053085e-07	 672	 iter
482	 9.053085e-07	 673	 iter
483	 9.031354e-07	 675	 iter
484	 9.031354e-07	 676	 iter
485	 9.031354e-07	 677	 iter
486	 9.031354e-07	 678	 iter
487	 9.031354e-07	 679	 iter
488	 9.031354e-07	 681	 iter
489	 9.031354e-07	 682	 iter
490	 9.031354e-07	 684	 iter
491	 9.031354e-07	 685	 iter
492	 9.031354e-07	 687	 iter
493	 9.031354e-07	 688	 iter
494	 9.015577e-07	 690	 iter
495	 9.015577e-07	 691	 iter
496	 9.015577e-07	 692	 iter
497	 9.015577e-07	 693	 iter
498	 9.015577e-07	 694	 iter
499	 9.015577e-07	 695	 iter
500	 9.015577e-07	 696	 iter
501	 9.015577e-07	 697	 iter
502	 9.015577e-07	 699	 iter
503	 9.015577e-07	 700	 iter
504	 9.015577e-07	 701	 iter
505	 9.015577e-07	 703	 iter
506	 9.015577e-07	 704	 iter
507	 9.015577e-07	 705	 iter
508	 9.015577e-07	 706	 iter
509	 9.015577e-07	 708	 iter
510	 9.015577e-07	 709	 iter
511	 9.015577e-07	 710	 iter
512	 9.015577e-07	 711	 iter
513	 8.989532e-07	 713	 iter
514	 8.989532e-07	 714	 iter
515	 8.989532e-07	 715	 iter
516	 8.989532e-07	 716	 iter
517	 8.989532e-07	 718	 iter
518	 8.989532e-07	 719	 iter
519	 8.989532e-07	 721	 iter
520	 8.989532e-07	 722	 iter
521	 8.989532e-07	 723	 iter
522	 8.989532e-07	 724	 iter
523	 8.989532e-07	 725	 iter
524	 8.989532e-07	 726	 iter
525	 8.989532e-07	 727	 iter
526	 8.989532e-07	 729	 iter
527	 8.979185e-07	 731	 iter
528	 8.979185e-07	 733	 iter
529	 8.968758e-07	 735	 iter
530	 8.966924e-07	 737	 iter
531	 8.924330e-07	 739	 iter
532	 8.924330e-07	 740	 iter
533	 8.924330e-07	 741	 iter
534	 8.924330e-07	 742	 iter
535	 8.924330e-07	 743	 iter
536	 8.924330e-07	 744	 iter
537	 8.924330e-07	 745	 iter
538	 8.924330e-07	 746	 iter
539	 8.924330e-07	 747	 iter
540	 8.919445e-07	 749	 iter
541	 8.904009e-07	 751	 iter
542	 8.904009e-07	 752	 iter
543	 8.903459e-07	 754	 iter
544	 8.860433e-07	 756	 iter
545	 8.860433e-07	 757	 iter
546	 8.860433e-07	 759	 iter
547	 8.860433e-07	 760	 iter
548	 8.860433e-07	 761	 iter
549	 8.860433e-07	 762	 iter
550	 8.860433e-07	 763	 iter
551	 8.860433e-07	 764	 iter
552	 8.796673e-07	 766	 iter
553	 8.796673e-07	 767	 iter
554	 8.796673e-07	 768	 iter
555	 8.796673e-07	 769	 iter
556	 8.751855e-07	 771	 iter
557	 8.751855e-07	 772	 iter
558	 8.751855e-07	 773	 iter
559	 8.751855e-07	 774	 iter
560	 8.751855e-07	 775	 iter
561	 8.751855e-07	 776	 iter
562	 8.751855e-07	 777	 iter
563	 8.750217e-07	 779	 iter
564	 8.736746e-07	 781	 iter
565	 8.727064e-07	 783	 iter
566	 8.695679e-07	 785	 iter
567	 8.679044e-07	 787	 iter
568	 8.669638e-07	 789	 iter
569	 8.669638e-07	 790	 iter
570	 8.518110e-07	 792	 iter
571	 8.518110e-07	 793	 iter
572	 8.518110e-07	 794	 iter
573	 8.518110e-07	 795	 iter
574	 8.518110e-07	 796	 iter
575	 8.518110e-07	 797	 iter
576	 8.518110e-07	 798	 iter
577	 8.518110e-07	 799	 iter
578	 8.518110e-07	 800	 iter
579	 8.414834e-07	 802	 iter
580	 8.414834e-07	 803	 iter
581	 8.414834e-07	 804	 iter
582	 8.414834e-07	 805	 iter
583	 8.379652e-07	 807	 iter
584	 8.379652e-07	 808	 iter
585	 8.379652e-07	 809	 iter
586	 8.265368e-07	 811	 iter
587	 8.265368e-07	 812	 iter
588	 8.265368e-07	 813	 iter
589	 8.205337e-07	 815	 iter
590	 8.205337e-07	 816	 iter
591	 8.205337e-07	 817	 iter
592	 8.090399e-07	 819	 iter
593	 7.905543e-07	 821	 iter
594	 7.905543e-07	 822	 iter
595	 7.905543e-07	 823	 iter
596	 7.905543e-07	 824	 iter
597	 7.905543e-07	 825	 iter
598	 7.905543e-07	 826	 iter
599	 7.905543e-07	 827	 iter
600	 7.865216e-07	 829	 iter
601	 7.865216e-07	 830	 iter
602	 7.865216e-07	 831	 iter
603	 7.865216e-07	 832	 iter
604	 7.803618e-07	 834	 iter
605	 7.803618e-07	 835	 iter
606	 7.803618e-07	 836	 iter
607	 7.543952e-07	 838	 iter
608	 7.543952e-07	 839	 iter
609	 7.543952e-07	 840	 iter
610	 7.337563e-07	 842	 iter
611	 7.337563e-07	 843	 iter
612	 7.337563e-07	 844	 iter
613	 7.337563e-07	 845	 iter
614	 7.337563e-07	 846	 iter
615	 7.337563e-07	 847	 iter
616	 7.337563e-07	 848	 iter
617	 7.337563e-07	 849	 iter
618	 7.183249e-07	 851	 iter
619	 7.183249e-07	 852	 iter
620	 7.183249e-07	 853	 iter
621	 7.183249e-07	 854	 iter
622	 7.183249e-07	 855	 iter
623	 7.183249e-07	 856	 iter
624	 7.183249e-07	 857	 iter
625	 7.183249e-07	 858	 iter
626	 7.183249e-07	 859	 iter
627	 7.183249e-07	 860	 iter
628	 7.131786e-07	 862	 iter
629	 6.902213e-07	 864	 iter
630	 6.902213e-07	 865	 iter
631	 6.902213e-07	 866	 iter
632	 6.902213e-07	 867	 iter
633	 6.902213e-07	 868	 iter
634	 6.902213e-07	 869	 iter
635	 6.902213e-07	 870	 iter
636	 6.869509e-07	 872	 iter
637	 6.869509e-07	 873	 iter
638	 6.869509e-07	 874	 iter
639	 6.775504e-07	 876	 iter
640	 6.775504e-07	 877	 iter
641	 6.775504e-07	 878	 iter
642	 6.775504e-07	 879	 iter
643	 6.775504e-07	 880	 iter
644	 6.635565e-07	 882	 iter
645	 6.635565e-07	 883	 iter
646	 6.635565e-07	 884	 iter
647	 6.635565e-07	 885	 iter
648	 6.635565e-07	 886	 iter
649	 6.630336e-07	 888	 iter
650	 6.582968e-07	 890	 iter
651	 6.547224e-07	 892	 iter
652	 6.547224e-07	 893	 iter
653	 6.547224e-07	 894	 iter
654	 6.547224e-07	 895	 iter
655	 6.547224e-07	 896	 iter
656	 6.547224e-07	 897	 iter
657	 6.547224e-07	 898	 iter
658	 6.547224e-07	 900	 iter
659	 6.547224e-07	 901	 iter
660	 6.547224e-07	 902	 iter
661	 6.547224e-07	 903	 iter
662	 6.547224e-07	 904	 iter
663	 6.509929e-07	 906	 iter
664	 6.509929e-07	 907	 iter
665	 6.509929e-07	 908	 iter
666	 6.509929e-07	 910	 iter
667	 6.509929e-07	 911	 iter
668	 6.509929e-07	 912	 iter
669	 6.509929e-07	 913	 iter
670	 6.509929e-07	 915	 iter
671	 6.509929e-07	 917	 iter
672	 6.509929e-07	 918	 iter
673	 6.509929e-07	 919	 iter
674	 6.509929e-07	 921	 iter
675	 6.509929e-07	 922	 iter
676	 6.509929e-07	 923	 iter
677	 6.509929e-07	 924	 iter
678	 6.497466e-07	 926	 iter
679	 6.497466e-07	 927	 iter
680	 6.497466e-07	 929	 iter
681	 6.497466e-07	 931	 iter
682	 6.497466e-07	 933	 iter
683	 6.497466e-07	 934	 iter
684	 6.491732e-07	 936	 iter
685	 6.491732e-07	 938	 iter
686	 6.491596e-07	 940	 iter
687	 6.465710e-07	 942	 iter
688	 6.465710e-07	 944	 iter
689	 6.449397e-07	 946	 iter
690	 6.449397e-07	 947	 iter
691	 6.449397e-07	 948	 iter
692	 6.449397e-07	 949	 iter
693	 6.449397e-07	 951	 iter
694	 6.449397e-07	 953	 iter
695	 6.449397e-07	 954	 iter
696	 6.449397e-07	 956	 iter
697	 6.449397e-07	 958	 iter
698	 6.449397e-07	 960	 iter
699	 6.449397e-07	 961	 iter
700	 6.433071e-07	 963	 iter
701	 6.433071e-07	 964	 iter
702	 6.433071e-07	 966	 iter
703	 6.409014e-07	 968	 iter
704	 6.409014e-07	 969	 iter
705	 6.409014e-07	 971	 iter
706	 6.409014e-07	 973	 iter
707	 6.409014e-07	 974	 iter
708	 6.409014e-07	 976	 iter
709	 6.409014e-07	 978	 iter
710	 6.409014e-07	 979	 iter
711	 6.409014e-07	 980	 iter
712	 6.409014e-07	 981	 iter
713	 6.409014e-07	 982	 iter
714	 6.409014e-07	 983	 iter
715	 6.401629e-07	 985	 iter
716	 6.401629e-07	 987	 iter
717	 6.401629e-07	 988	 iter
718	 6.401629e-07	 989	 iter
719	 6.401629e-07	 991	 iter
720	 6.401629e-07	 992	 iter
721	 6.401629e-07	 993	 iter
722	 6.401629e-07	 994	 iter
723	 6.401629e-07	 995	 iter
724	 6.393957e-07	 997	 iter
725	 6.392929e-07	 999	 iter
726	 6.392929e-07	 1000	 iter
727	 6.387497e-07	 1002	 iter
728	 6.387497e-07	 1003	 iter
729	 6.367726e-07	 1005	 iter
730	 6.367726e-07	 1006	 iter
731	 6.367726e-07	 1007	 iter
732	 6.367726e-07	 1008	 iter
733	 6.367726e-07	 1009	 iter
734	 6.367726e-07	 1010	 iter
735	 6.367726e-07	 1011	 iter
736	 6.365972e-07	 1013	 iter
737	 6.365972e-07	 1015	 iter
738	 6.365972e-07	 1016	 iter
739	 6.324370e-07	 1018	 iter
740	 6.324370e-07	 1019	 iter
741	 6.324370e-07	 1020	 iter
742	 6.324370e-07	 1021	 iter
743	 6.324370e-07	 1022	 iter
744	 6.324370e-07	 1023	 iter
745	 6.324370e-07	 1024	 iter
746	 6.324370e-07	 1025	 iter
747	 6.324370e-07	 1026	 iter
748	 6.324370e-07	 1027	 iter
749	 6.324370e-07	 1028	 iter
750	 6.289511e-07	 1030	 iter
751	 6.289511e-07	 1031	 iter
752	 6.289511e-07	 1032	 iter
753	 6.289511e-07	 1033	 iter
754	 6.289511e-07	 1034	 iter
755	 6.289511e-07	 1035	 iter
756	 6.289511e-07	 1036	 iter
757	 6.289511e-07	 1037	 iter
758	 6.289511e-07	 1038	 iter
759	 6.289511e-07	 1039	 iter
760	 6.260528e-07	 1041	 iter
761	 6.260528e-07	 1042	 iter
762	 6.232363e-07	 1044	 iter
763	 6.232363e-07	 1045	 iter
764	 6.232363e-07	 1046	 iter
765	 6.232363e-07	 1047	 iter
766	 6.232363e-07	 1048	 iter
767	 6.232363e-07	 1049	 iter
768	 6.232363e-07	 1050	 iter
769	 6.232363e-07	 1051	 iter
770	 6.217492e-07	 1053	 iter
771	 6.204548e-07	 1055	 iter
772	 6.200045e-07	 1057	 iter
773	 6.195983e-07	 1059	 iter
774	 6.141556e-07	 1061	 iter
775	 6.141556e-07	 1062	 iter
776	 6.141556e-07	 1063	 iter
777	 6.141556e-07	 1064	 iter
778	 6.141556e-07	 1065	 iter
779	 6.141556e-07	 1066	 iter
780	 6.141556e-07	 1067	 iter
781	 6.139504e-07	 1069	 iter
782	 6.135128e-07	 1071	 iter
783	 6.120014e-07	 1073	 iter
784	 6.099156e-07	 1075	 iter
785	 6.082649e-07	 1077	 iter
786	 6.082446e-07	 1079	 iter
787	 6.064466e-07	 1081	 iter
788	 6.064466e-07	 1082	 iter
789	 5.958346e-07	 1084	 iter
790	 5.958346e-07	 1085	 iter
791	 5.958346e-07	 1086	 iter
792	 5.958346e-07	 1087	 iter
793	 5.958346e-07	 1088	 iter
794	 5.958346e-07	 1089	 iter
795	 5.958346e-07	 1090	 iter
796	 5.958346e-07	 1091	 iter
797	 5.958346e-07	 1092	 iter
798	 5.958346e-07	 1093	 iter
799	 5.932860e-07	 1095	 iter
800	 5.932860e-07	 1096	 iter
801	 5.922645e-07	 1098	 iter
802	 5.908569e-07	 1100	 iter
803	 5.908569e-07	 1101	 iter
804	 5.887410e-07	 1103	 iter
805	 5.882775e-07	 1105	 iter
806	 5.882775e-07	 1106	 iter
807	 5.882775e-07	 1107	 iter
808	 5.866626e-07	 1109	 iter
809	 5.858995e-07	 1111	 iter
810	 5.731756e-07	 1113	 iter
811	 5.731756e-07	 1114	 iter
812	 5.731756e-07	 1115	 iter
813	 5.731756e-07	 1116	 iter
814	 5.731756e-07	 1117	 iter
815	 5.731756e-07	 1118	 iter
816	 5.731756e-07	 1119	 iter
817	 5.731756e-07	 1120	 iter
818	 5.731756e-07	 1121	 iter
819	 5.731756e-07	 1122	 iter
820	 5.731756e-07	 1123	 iter
821	 5.731756e-07	 1124	 iter
822	 5.731756e-07	 1125	 iter
823	 5.611004e-07	 1127	 iter
824	 5.611004e-07	 1128	 iter
825	 5.611004e-07	 1129	 iter
826	 5.611004e-07	 1130	 iter
827	 5.611004e-07	 1131	 iter
828	 5.611004e-07	 1132	 iter
829	 5.611004e-07	 1133	 iter
830	 5.611004e-07	 1134	 iter
831	 5.611004e-07	 1135	 iter
832	 5.590970e-07	 1137	 iter
833	 5.590970e-07	 1138	 iter
834	 5.590970e-07	 1139	 iter
835	 5.457512e-07	 1141	 iter
836	 5.457512e-07	 1142	 iter
837	 5.457512e-07	 1143	 iter
838	 5.457512e-07	 1144	 iter
839	 5.457512e-07	 1145	 iter
840	 5.457512e-07	 1146	 iter
841	 5.457512e-07	 1147	 iter
842	 5.457512e-07	 1148	 iter
843	 5.457512e-07	 1149	 iter
844	 5.445266e-07	 1151	 iter
845	 5.445266e-07	 1152	 iter
846	 5.445266e-07	 1153	 iter
847	 5.325119e-07	 1155	 iter
848	 5.325119e-07	 1156	 iter
849	 5.325119e-07	 1157	 iter
850	 5.325119e-07	 1158	 iter
851	 5.226355e-07	 1160	 iter
852	 5.226355e-07	 1161	 iter
853	 5.226355e-07	 1162	 iter
854	 5.226355e-07	 1163	 iter
855	 5.226355e-07	 1164	 iter
856	 5.226355e-07	 1165	 iter
857	 5.226355e-07	 1166	 iter
858	 5.226355e-07	 1167	 iter
859	 5.226355e-07	 1168	 iter
860	 5.226355e-07	 1169	 iter
861	 5.200874e-07	 1171	 iter
862	 5.129686e-07	 1173	 iter
863	 5.129686e-07	 1174	 iter
864	 5.129686e-07	 1175	 iter
865	 5.129686e-07	 1176	 iter
866	 5.071524e-07	 1178	 iter
867	 5.071524e-07	 1179	 iter
868	 5.071524e-07	 1180	 iter
869	 5.071524e-07	 1181	 iter
870	 5.071524e-07	 1182	 iter
871	 5.065332e-07	 1184	 iter
872	 5.065332e-07	 1185	 iter
873	 5.065332e-07	 1186	 iter
874	 5.065332e-07	 1187	 iter
875	 5.065332e-07	 1188	 iter
876	 5.065332e-07	 1189	 iter
877	 5.065332e-07	 1190	 iter
878	 5.065332e-07	 1191	 iter
879	 5.065332e-07	 1192	 iter
880	 5.065332e-07	 1193	 iter
881	 5.065332e-07	 1194	 iter
882	 5.065332e-07	 1195	 iter
883	 5.049300e-07	 1197	 iter
884	 5.044324e-07	 1199	 iter
885	 5.044324e-07	 1200	 iter
886	 5.044324e-07	 1201	 iter
887	 5.044324e-07	 1202	 iter
888	 5.044324e-07	 1203	 iter
889	 5.044324e-07	 1204	 iter
890	 5.044324e-07	 1206	 iter
891	 5.044324e-07	 1208	 iter
892	 5.044324e-07	 1210	 iter
893	 5.044324e-07	 1211	 iter
894	 5.044324e-07	 1212	 iter
895	 5.044324e-07	 1213	 iter
896	 5.044324e-07	 1214	 iter
897	 5.036788e-07	 1216	 iter
898	 5.036788e-07	 1217	 iter
899	 5.025151e-07	 1219	 iter
900	 5.025151e-07	 1221	 iter
901	 5.017215e-07	 1223	 iter
902	 5.017215e-07	 1225	 iter
903	 5.017215e-07	 1226	 iter
904	 5.017215e-07	 1228	 iter
905	 5.017215e-07	 1229	 iter
906	 5.017215e-07	 1231	 iter
907	 5.015923e-07	 1233	 iter
908	 5.015923e-07	 1235	 iter
909	 5.014502e-07	 1237	 iter
910	 5.014502e-07	 1239	 iter
911	 5.014502e-07	 1240	 iter
912	 5.014502e-07	 1241	 iter
913	 5.013592e-07	 1243	 iter
914	 5.013592e-07	 1245	 iter
915	 5.013592e-07	 1247	 iter
916	 5.001026e-07	 1249	 iter
917	 5.001026e-07	 1250	 iter
918	 5.001026e-07	 1252	 iter
919	 5.001026e-07	 1254	 iter
920	 5.001026e-07	 1256	 iter
921	 5.001026e-07	 1258	 iter
922	 5.001026e-07	 1259	 iter
923	 5.001026e-07	 1261	 iter
924	 5.001026e-07	 1263	 iter
925	 5.001026e-07	 1265	 iter
926	 5.001026e-07	 1266	 iter
927	 5.001026e-07	 1267	 iter
928	 5.001026e-07	 1269	 iter
929	 5.001026e-07	 1270	 iter
930	 5.001026e-07	 1271	 iter
931	 5.001026e-07	 1273	 iter
932	 5.001026e-07	 1274	 iter
933	 5.000170e-07	 1276	 iter
934	 5.000170e-07	 1277	 iter
935	 5.000170e-07	 1278	 iter
936	 5.000170e-07	 1280	 iter
937	 5.000170e-07	 1282	 iter
938	 5.000170e-07	 1284	 iter
939	 5.000170e-07	 1285	 iter
940	 5.000170e-07	 1286	 iter
941	 4.999052e-07	 1288	 iter
942	 4.999052e-07	 1290	 iter
943	 4.999052e-07	 1291	 iter
944	 4.999052e-07	 1292	 iter
945	 4.998800e-07	 1294	 iter
946	 4.998800e-07	 1295	 iter
947	 4.998589e-07	 1297	 iter
948	 4.993713e-07	 1299	 iter
949	 4.993713e-07	 1300	 iter
950	 4.993713e-07	 1301	 iter
951	 4.991528e-07	 1303	 iter
952	 4.991528e-07	 1305	 iter
953	 4.991528e-07	 1307	 iter
954	 4.991528e-07	 1308	 iter
955	 4.991528e-07	 1310	 iter
956	 4.991528e-07	 1311	 iter
957	 4.991528e-07	 1312	 iter
958	 4.991528e-07	 1314	 iter
959	 4.991528e-07	 1315	 iter
960	 4.990072e-07	 1317	 iter
961	 4.990072e-07	 1318	 iter
962	 4.990072e-07	 1319	 iter
963	 4.990072e-07	 1321	 iter
964	 4.990072e-07	 1322	 iter
965	 4.990072e-07	 1323	 iter
966	 4.990072e-07	 1325	 iter
967	 4.990072e-07	 1326	 iter
968	 4.990072e-07	 1327	 iter
969	 4.990072e-07	 1328	 iter
970	 4.990072e-07	 1329	 iter
971	 4.990072e-07	 1330	 iter
972	 4.989957e-07	 1332	 iter
973	 4.986787e-07	 1334	 iter
974	 4.986787e-07	 1335	 iter
975	 4.982538e-07	 1337	 iter
976	 4.982538e-07	 1338	 iter
977	 4.982538e-07	 1339	 iter
978	 4.982538e-07	 1340	 iter
979	 4.982538e-07	 1341	 iter
980	 4.982538e-07	 1342	 iter
981	 4.982538e-07	 1343	 iter
982	 4.982538e-07	 1344	 iter
983	 4.982538e-07	 1345	 iter
984	 4.982538e-07	 1346	 iter
985	 4.982538e-07	 1347	 iter
986	 4.981110e-07	 1349	 iter
987	 4.981110e-07	 1350	 iter
988	 4.981110e-07	 1351	 iter
989	 4.981110e-07	 1352	 iter
990	 4.981110e-07	 1354	 iter
991	 4.981110e-07	 1355	 iter
992	 4.979864e-07	 1357	 iter
993	 4.979237e-07	 1359	 iter
994	 4.979237e-07	 1360	 iter
995	 4.979237e-07	 1361	 iter
996	 4.979237e-07	 1362	 iter
997	 4.972613e-07	 1364	 iter
998	 4.972613e-07	 1365	 iter
999	 4.972613e-07	 1366	 iter
1000	 4.972613e-07	 1367	 iter
1001	 4.969439e-07	 1369	 iter
1002	 4.969439e-07	 1370	 iter
1003	 4.969439e-07	 1371	 iter
1004	 4.969439e-07	 1372	 iter
1005	 4.961898e-07	 1374	 iter
1006	 4.961898e-07	 1375	 iter
1007	 4.961898e-07	 1376	 iter
1008	 4.961898e-07	 1377	 iter
1009	 4.961898e-07	 1378	 iter
1010	 4.961898e-07	 1379	 iter
1011	 4.961834e-07	 1381	 iter
1012	 4.961834e-07	 1382	 iter
1013	 4.961834e-07	 1383	 iter
1014	 4.947837e-07	 1385	 iter
1015	 4.947837e-07	 1386	 iter
1016	 4.947837e-07	 1387	 iter
1017	 4.947837e-07	 1388	 iter
1018	 4.947837e-07	 1389	 iter
1019	 4.947837e-07	 1390	 iter
1020	 4.947837e-07	 1391	 iter
1021	 4.947837e-07	 1392	 iter
1022	 4.939554e-07	 1394	 iter
1023	 4.939554e-07	 1395	 iter
1024	 4.939554e-07	 1396	 iter
1025	 4.939554e-07	 1397	 iter
1026	 4.939554e-07	 1398	 iter
1027	 4.936440e-07	 1400	 iter
1028	 4.936440e-07	 1401	 iter
1029	 4.926897e-07	 1403	 iter
1030	 4.926897e-07	 1404	 iter
1031	 4.926897e-07	 1405	 iter
1032	 4.926897e-07	 1406	 iter
1033	 4.926897e-07	 1407	 iter
1034	 4.924031e-07	 1409	 iter
1035	 4.920789e-07	 1411	 iter
1036	 4.902625e-07	 1413	 iter
1037	 4.902625e-07	 1414	 iter
1038	 4.902625e-07	 1415	 iter
1039	 4.902625e-07	 1416	 iter
1040	 4.895104e-07	 1418	 iter
1041	 4.895104e-07	 1419	 iter
1042	 4.895104e-07	 1420	 iter
1043	 4.874242e-07	 1422	 iter
1044	 4.874242e-07	 1423	 iter
1045	 4.874242e-07	 1424	 iter
1046	 4.874242e-07	 1425	 iter
1047	 4.874242e-07	 1426	 iter
1048	 4.874242e-07	 1427	 iter
1049	 4.874242e-07	 1428	 iter
1050	 4.874242e-07	 1429	 iter
1051	 4.874242e-07	 1430	 iter
1052	 4.874242e-07	 1431	 iter
1053	 4.874029e-07	 1433	 iter
1054	 4.874029e-07	 1434	 iter
1055	 4.855226e-07	 1436	 iter
1056	 4.855226e-07	 1437	 iter
1057	 4.855226e-07	 1438	 iter
1058	 4.855226e-07	 1439	 iter
1059	 4.836800e-07	 1441	 iter
1060	 4.836800e-07	 1442	 iter
1061	 4.836800e-07	 1443	 iter
1062	 4.836800e-07	 1444	 iter
1063	 4.836800e-07	 1445	 iter
1064	 4.824280e-07	 1447	 iter
1065	 4.824280e-07	 1448	 iter
1066	 4.824280e-07	 1449	 iter
1067	 4.824280e-07	 1450	 iter
1068	 4.815250e-07	 1452	 iter
1069	 4.815250e-07	 1453	 iter
1070	 4.815250e-07	 1454	 iter
1071	 4.815250e-07	 1455	 iter
1072	 4.812510e-07	 1457	 iter
1073	 4.810373e-07	 1459	 iter
1074	 4.810373e-07	 1460	 iter
1075	 4.810373e-07	 1461	 iter
1076	 4.810373e-07	 1462	 iter
1077	 4.810373e-07	 1463	 iter
1078	 4.800841e-07	 1465	 iter
1079	 4.800841e-07	 1466	 iter
1080	 4.781626e-07	 1468	 iter
1081	 4.781626e-07	 1469	 iter
1082	 4.781626e-07	 1470	 iter
1083	 4.781626e-07	 1471	 iter
1084	 4.781626e-07	 1472	 iter
1085	 4.774425e-07	 1474	 iter
1086	 4.774425e-07	 1475	 iter
1087	 4.774425e-07	 1477	 iter
1088	 4.774425e-07	 1478	 iter
1089	 4.774425e-07	 1479	 iter
1090	 4.774425e-07	 1480	 iter
1091	 4.774425e-07	 1481	 iter
1092	 4.765492e-07	 1483	 iter
1093	 4.765492e-07	 1484	 iter
1094	 4.765492e-07	 1485	 iter
1095	 4.765492e-07	 1486	 iter
1096	 4.765492e-07	 1487	 iter
1097	 4.765492e-07	 1488	 iter
1098	 4.762404e-07	 1490	 iter
1099	 4.761987e-07	 1492	 iter
1100	 4.756728e-07	 1494	 iter
1101	 4.756728e-07	 1495	 iter
1102	 4.756728e-07	 1496	 iter
1103	 4.756728e-07	 1497	 iter
1104	 4.756728e-07	 1498	 iter
1105	 4.756728e-07	 1499	 iter
1106	 4.747022e-07	 1501	 iter
1107	 4.747022e-07	 1502	 iter
1108	 4.747022e-07	 1504	 iter
1109	 4.747022e-07	 1505	 iter
1110	 4.747022e-07	 1506	 iter
1111	 4.747022e-07	 1508	 iter
1112	 4.747022e-07	 1509	 iter
1113	 4.747022e-07	 1510	 iter
1114	 4.747022e-07	 1512	 iter
1115	 4.736420e-07	 1514	 iter
1116	 4.736420e-07	 1515	 iter
1117	 4.736420e-07	 1516	 iter
1118	 4.732442e-07	 1518	 iter
1119	 4.732442e-07	 1519	 iter
1120	 4.732442e-07	 1520	 iter
1121	 4.732442e-07	 1521	 iter
1122	 4.732442e-07	 1522	 iter
1123	 4.732442e-07	 1523	 iter
1124	 4.732277e-07	 1525	 iter
1125	 4.730451e-07	 1527	 iter
1126	 4.730451e-07	 1528	 iter
1127	 4.726262e-07	 1530	 iter
1128	 4.726262e-07	 1531	 iter
1129	 4.722352e-07	 1533	 iter
1130	 4.722352e-07	 1534	 iter
1131	 4.721579e-07	 1536	 iter
1132	 4.721579e-07	 1537	 iter
1133	 4.721579e-07	 1538	 iter
1134	 4.721579e-07	 1539	 iter
1135	 4.721579e-07	 1540	 iter
1136	 4.719786e-07	 1542	 iter
1137	 4.719786e-07	 1543	 iter
1138	 4.719786e-07	 1544	 iter
1139	 4.719786e-07	 1545	 iter
1140	 4.719786e-07	 1546	 iter
1141	 4.719786e-07	 1548	 iter
1142	 4.719786e-07	 1549	 iter
1143	 4.719786e-07	 1550	 iter
1144	 4.719786e-07	 1551	 iter
1145	 4.719786e-07	 1553	 iter
1146	 4.719786e-07	 1554	 iter
1147	 4.719786e-07	 1556	 iter
1148	 4.719786e-07	 1557	 iter
1149	 4.712775e-07	 1559	 iter
1150	 4.712775e-07	 1560	 iter
1151	 4.712775e-07	 1561	 iter
1152	 4.712775e-07	 1562	 iter
1153	 4.712775e-07	 1564	 iter
1154	 4.712775e-07	 1566	 iter
1155	 4.712775e-07	 1568	 iter
1156	 4.712775e-07	 1570	 iter
1157	 4.711035e-07	 1572	 iter
1158	 4.711035e-07	 1574	 iter
1159	 4.709442e-07	 1576	 iter
1160	 4.709442e-07	 1577	 iter
1161	 4.709442e-07	 1579	 iter
1162	 4.709442e-07	 1580	 iter
1163	 4.709442e-07	 1581	 iter
1164	 4.709442e-07	 1582	 iter
1165	 4.709442e-07	 1584	 iter
1166	 4.709442e-07	 1585	 iter
1167	 4.709442e-07	 1586	 iter
1168	 4.709442e-07	 1587	 iter
1169	 4.709442e-07	 1589	 iter
1170	 4.709442e-07	 1590	 iter
1171	 4.709442e-07	 1591	 iter
1172	 4.709442e-07	 1593	 iter
1173	 4.709442e-07	 1595	 iter
1174	 4.709442e-07	 1596	 iter
1175	 4.708950e-07	 1598	 iter
1176	 4.706997e-07	 1600	 iter
1177	 4.706997e-07	 1601	 iter
1178	 4.706997e-07	 1602	 iter
1179	 4.706997e-07	 1604	 iter
1180	 4.706997e-07	 1605	 iter
1181	 4.706997e-07	 1606	 iter
1182	 4.706997e-07	 1607	 iter
1183	 4.706997e-07	 1609	 iter
1184	 4.705550e-07	 1611	 iter
1185	 4.705550e-07	 1612	 iter
1186	 4.704866e-07	 1614	 iter
1187	 4.704866e-07	 1615	 iter
1188	 4.704866e-07	 1617	 iter
1189	 4.704866e-07	 1618	 iter
1190	 4.704866e-07	 1619	 iter
1191	 4.704866e-07	 1621	 iter
1192	 4.704866e-07	 1622	 iter
1193	 4.704866e-07	 1623	 iter
1194	 4.704866e-07	 1624	 iter
1195	 4.704866e-07	 1626	 iter
1196	 4.704866e-07	 1627	 iter
1197	 4.704866e-07	 1628	 iter
1198	 4.704866e-07	 1630	 iter
1199	 4.704866e-07	 1631	 iter
1200	 4.704866e-07	 1632	 iter
1201	 4.704438e-07	 1634	 iter
1202	 4.704438e-07	 1636	 iter
1203	 4.704438e-07	 1637	 iter
1204	 4.704438e-07	 1639	 iter
1205	 4.704438e-07	 1641	 iter
1206	 4.703053e-07	 1643	 iter
1207	 4.703053e-07	 1644	 iter
1208	 4.703053e-07	 1645	 iter
1209	 4.703053e-07	 1646	 iter
1210	 4.703053e-07	 1648	 iter
1211	 4.703053e-07	 1649	 iter
1212	 4.702727e-07	 1651	 iter
1213	 4.702727e-07	 1653	 iter
1214	 4.702727e-07	 1654	 iter
1215	 4.702727e-07	 1656	 iter
1216	 4.702727e-07	 1658	 iter
1217	 4.702727e-07	 1659	 iter
1218	 4.702727e-07	 1660	 iter
1219	 4.702727e-07	 1661	 iter
1220	 4.702727e-07	 1662	 iter
1221	 4.702727e-07	 1663	 iter
1222	 4.702556e-07	 1665	 iter
1223	 4.702556e-07	 1666	 iter
1224	 4.702556e-07	 1667	 iter
1225	 4.701585e-07	 1669	 iter
1226	 4.701585e-07	 1670	 iter
1227	 4.701585e-07	 1672	 iter
1228	 4.701585e-07	 1674	 iter
1229	 4.701585e-07	 1675	 iter
1230	 4.701585e-07	 1676	 iter
1231	 4.701585e-07	 1677	 iter
1232	 4.701451e-07	 1679	 iter
1233	 4.701451e-07	 1680	 iter
1234	 4.701451e-07	 1682	 iter
1235	 4.701451e-07	 1683	 iter
1236	 4.701451e-07	 1684	 iter
1237	 4.701451e-07	 1685	 iter
1238	 4.701434e-07	 1687	 iter
1239	 4.701434e-07	 1688	 iter
1240	 4.701434e-07	 1689	 iter
1241	 4.701434e-07	 1691	 iter
1242	 4.701434e-07	 1692	 iter
1243	 4.701434e-07	 1693	 iter
1244	 4.701434e-07	 1694	 iter
1245	 4.701434e-07	 1696	 iter
1246	 4.701434e-07	 1698	 iter
1247	 4.700794e-07	 1700	 iter
1248	 4.700794e-07	 1701	 iter
1249	 4.700050e-07	 1703	 iter
1250	 4.700050e-07	 1704	 iter
1251	 4.700050e-07	 1705	 iter
1252	 4.700050e-07	 1706	 iter
1253	 4.699816e-07	 1708	 iter
1254	 4.699816e-07	 1709	 iter
1255	 4.699816e-07	 1710	 iter
1256	 4.699816e-07	 1712	 iter
1257	 4.699189e-07	 1714	 iter
1258	 4.699159e-07	 1716	 iter
1259	 4.699159e-07	 1717	 iter
1260	 4.699159e-07	 1718	 iter
1261	 4.699159e-07	 1719	 iter
1262	 4.699159e-07	 1720	 iter
1263	 4.698625e-07	 1722	 iter
1264	 4.698625e-07	 1723	 iter
1265	 4.698625e-07	 1724	 iter
1266	 4.698559e-07	 1726	 iter
1267	 4.698030e-07	 1728	 iter
1268	 4.697824e-07	 1730	 iter
1269	 4.697824e-07	 1731	 iter
1270	 4.697824e-07	 1732	 iter
1271	 4.697824e-07	 1733	 iter
1272	 4.697824e-07	 1734	 iter
1273	 4.697824e-07	 1735	 iter
1274	 4.697824e-07	 1736	 iter
1275	 4.697618e-07	 1738	 iter
1276	 4.697618e-07	 1739	 iter
1277	 4.697618e-07	 1740	 iter
1278	 4.697169e-07	 1742	 iter
1279	 4.697169e-07	 1743	 iter
1280	 4.697169e-07	 1744	 iter
1281	 4.697169e-07	 1745	 iter
1282	 4.697169e-07	 1746	 iter
1283	 4.697169e-07	 1747	 iter
1284	 4.697169e-07	 1748	 iter
1285	 4.697169e-07	 1749	 iter
1286	 4.697169e-07	 1750	 iter
1287	 4.697169e-07	 1751	 iter
1288	 4.696941e-07	 1753	 iter
1289	 4.696176e-07	 1755	 iter
1290	 4.696176e-07	 1756	 iter
1291	 4.696176e-07	 1757	 iter
1292	 4.696176e-07	 1758	 iter
1293	 4.696176e-07	 1759	 iter
1294	 4.696176e-07	 1761	 iter
1295	 4.696176e-07	 1762	 iter
1296	 4.696176e-07	 1764	 iter
1297	 4.696176e-07	 1765	 iter
1298	 4.696102e-07	 1767	 iter
1299	 4.696102e-07	 1769	 iter
1300	 4.696102e-07	 1770	 iter
1301	 4.696102e-07	 1771	 iter
1302	 4.695993e-07	 1773	 iter
1303	 4.695993e-07	 1774	 iter
1304	 4.695993e-07	 1775	 iter
1305	 4.695993e-07	 1776	 iter
1306	 4.695993e-07	 1777	 iter
1307	 4.695993e-07	 1778	 iter
1308	 4.695978e-07	 1780	 iter
1309	 4.695978e-07	 1781	 iter
1310	 4.695978e-07	 1782	 iter
1311	 4.695978e-07	 1783	 iter
1312	 4.695978e-07	 1784	 iter
1313	 4.695978e-07	 1785	 iter
1314	 4.695978e-07	 1786	 iter
1315	 4.695504e-07	 1788	 iter
1316	 4.695504e-07	 1790	 iter
1317	 4.695504e-07	 1791	 iter
1318	 4.695504e-07	 1792	 iter
1319	 4.695445e-07	 1794	 iter
1320	 4.695445e-07	 1795	 iter
1321	 4.695445e-07	 1796	 iter
1322	 4.695445e-07	 1797	 iter
1323	 4.695445e-07	 1798	 iter
1324	 4.695445e-07	 1800	 iter
1325	 4.695445e-07	 1802	 iter
1326	 4.695445e-07	 1803	 iter
1327	 4.695445e-07	 1805	 iter
1328	 4.695445e-07	 1806	 iter
1329	 4.695445e-07	 1807	 iter
1330	 4.695445e-07	 1808	 iter
1331	 4.695445e-07	 1810	 iter
1332	 4.695445e-07	 1811	 iter
1333	 4.695421e-07	 1813	 iter
1334	 4.695421e-07	 1814	 iter
1335	 4.695324e-07	 1816	 iter
1336	 4.695324e-07	 1817	 iter
1337	 4.695324e-07	 1818	 iter
1338	 4.695324e-07	 1820	 iter
1339	 4.695324e-07	 1822	 iter
1340	 4.695324e-07	 1823	 iter
1341	 4.695286e-07	 1825	 iter
1342	 4.695286e-07	 1826	 iter
1343	 4.695286e-07	 1828	 iter
1344	 4.695286e-07	 1829	 iter
1345	 4.695286e-07	 1830	 iter
1346	 4.695286e-07	 1831	 iter
1347	 4.695286e-07	 1833	 iter
1348	 4.695286e-07	 1834	 iter
1349	 4.695286e-07	 1835	 iter
1350	 4.695286e-07	 1836	 iter
1351	 4.695286e-07	 1837	 iter
1352	 4.695221e-07	 1839	 iter
1353	 4.695202e-07	 1841	 iter
1354	 4.695202e-07	 1842	 iter
1355	 4.694955e-07	 1844	 iter
1356	 4.694955e-07	 1846	 iter
1357	 4.694955e-07	 1847	 iter
1358	 4.694955e-07	 1849	 iter
1359	 4.694955e-07	 1851	 iter
1360	 4.694955e-07	 1853	 iter
1361	 4.694955e-07	 1854	 iter
1362	 4.694955e-07	 1855	 iter
1363	 4.694955e-07	 1856	 iter
1364	 4.694955e-07	 1857	 iter
1365	 4.694955e-07	 1858	 iter
1366	 4.694955e-07	 1859	 iter
1367	 4.694955e-07	 1861	 iter
1368	 4.694955e-07	 1862	 iter
1369	 4.694955e-07	 1863	 iter
1370	 4.694955e-07	 1864	 iter
1371	 4.694955e-07	 1866	 iter
1372	 4.694955e-07	 1867	 iter
1373	 4.694955e-07	 1869	 iter
1374	 4.694925e-07	 1871	 iter
1375	 4.694925e-07	 1873	 iter
1376	 4.694925e-07	 1874	 iter
1377	 4.694925e-07	 1876	 iter
1378	 4.694925e-07	 1878	 iter
1379	 4.694925e-07	 1879	 iter
1380	 4.694925e-07	 1881	 iter
1381	 4.694925e-07	 1883	 iter
1382	 4.694925e-07	 1884	 iter
1383	 4.694925e-07	 1886	 iter
1384	 4.694897e-07	 1888	 iter
1384	 4.694897e-07	 1888	 done
