0	 5.750674e-04	 1	 init
0	 5.750674e-04	 1	 iter
1	 4.020180e-04	 17	 iter
2	 3.800449e-04	 19	 iter
3	 3.800449e-04	 20	 iter
4	 3.800449e-04	 21	 iter
5	 3.800449e-04	 22	 iter
6	 3.800449e-04	 23	 iter
7	 3.800449e-04	 24	 iter
8	 3.800449e-04	 25	 iter
9	 3.800449e-04	 26	 iter
10	 3.800449e-04	 27	 iter
11	 3.750018e-04	 29	 iter
12	 3.734103e-04	 31	 iter
13	 3.732533e-04	 33	 iter
14	 3.732533e-04	 34	 iter
15	 3.732533e-04	 35	 iter
16	 3.732533e-04	 36	 iter
17	 3.732533e-04	 38	 iter
18	 3.732533e-04	 39	 iter
19	 3.732533e-04	 40	 iter
20	 3.732533e-04	 42	 iter
21	 3.732533e-04	 44	 iter
22	 3.732533e-04	 46	 iter
23	 3.732533e-04	 48	 iter
24	 3.732533e-04	 50	 iter
25	 3.732533e-04	 52	 iter
26	 3.732533e-04	 53	 iter
27	 3.732533e-04	 55	 iter
28	 3.732533e-04	 56	 iter
29	 3.732533e-04	 58	 iter
30	 3.732533e-04	 60	 iter
31	 3.732533e-04	 61	 iter
32	 3.732533e-04	 62	 iter
33	 3.732533e-04	 64	 iter
34	 3.732533e-04	 66	 iter
35	 3.732533e-04	 68	 iter
36	 3.727526e-04	 70	 iter
37	 3.727526e-04	 71	 iter
38	 3.727526e-04	 72	 iter
39	 3.727322e-04	 74	 iter
40	 3.727322e-04	 75	 iter
41	 3.727322e-04	 77	 iter
42	 3.727175e-04	 79	 iter
43	 3.727175e-04	 80	 iter
44	 3.725790e-04	 82	 iter
45	 3.713192e-04	 84	 iter
46	 3.713192e-04	 86	 iter
47	 3.713192e-04	 88	 iter
48	 3.713192e-04	 90	 iter
49	 3.713192e-04	 91	 iter
50	 3.713192e-04	 92	 iter
51	 3.703750e-04	 94	 iter
52	 3.703750e-04	 96	 iter
53	 3.703750e-04	 97	 iter
54	 3.703750e-04	 99	 iter
55	 3.703750e-04	 101	 iter
56	 3.640641e-04	 103	 iter
57	 3.640641e-04	 104	 iter
58	 3.640641e-04	 105	 iter
59	 3.640641e-04	 107	 iter
60	 3.640641e-04	 108	 iter
61	 3.640641e-04	 109	 iter
62	 3.640641e-04	 111	 iter
63	 3.640641e-04	 113	 iter
64	 3.640641e-04	 115	 iter
65	 3.640641e-04	 116	 iter
66	 3.640641e-04	 117	 iter
67	 3.640641e-04	 118	 iter
68	 3.640641e-04	 119	 iter
69	 3.640641e-04	 121	 iter
70	 3.640641e-04	 122	 iter
71	 3.640641e-04	 123	 iter
72	 3.640641e-04	 124	 iter
73	 3.640641e-04	 125	 iter
74	 3.640641e-04	 126	 iter
75	 3.640641e-04	 127	 iter
76	 3.640641e-04	 129	 iter
77	 3.640641e-04	 130	 iter
78	 3.609301e-04	 132	 iter
79	 3.609301e-04	 133	 iter
80	 3.609301e-04	 135	 iter
81	 3.609301e-04	 136	 iter
82	 3.609301e-04	 137	 iter
83	 3.609301e-04	 138	 iter
84	 3.609301e-04	 139	 iter
85	 3.609301e-04	 140	 iter
86	 3.609301e-04	 141	 iter
87	 3.609301e-04	 142	 iter
88	 3.578113e-04	 144	 iter
89	 3.578113e-04	 145	 iter
90	 3.578113e-04	 146	 iter
91	 3.578113e-04	 147	 iter
92	 3.578113e-04	 148	 iter
93	 3.578113e-04	 149	 iter
94	 3.578113e-04	 150	 iter
95	 3.542113e-04	 152	 iter
96	 3.542113e-04	 153	 iter
97	 3.542113e-04	 154	 iter
98	 3.542113e-04	 155	 iter
99	 3.542113e-04	 156	 iter
100	 3.542113e-04	 157	 iter
101	 3.542113e-04	 158	 iter
102	 3.503345e-04	 160	 iter
103	 3.503345e-04	 161	 iter
104	 3.503345e-04	 162	 iter
105	 3.503345e-04	 163	 iter
106	 3.503345e-04	 164	 iter
107	 3.503345e-04	 165	 iter
108	 3.503345e-04	 166	 iter
109	 3.473221e-04	 168	 iter
110	 3.473221e-04	 169	 iter
111	 3.473221e-04	 170	 iter
112	 3.418007e-04	 172	 iter
113	 3.418007e-04	 173	 iter
114	 3.418007e-04	 174	 iter
115	 3.418007e-04	 175	 iter
116	 3.418007e-04	 176	 iter
117	 3.418007e-04	 177	 iter
118	 3.372059e-04	 179	 iter
119	 3.372059e-04	 180	 iter
120	 3.372059e-04	 181	 iter
121	 3.372059e-04	 182	 iter
122	 3.372059e-04	 183	 iter
123	 3.372059e-04	 184	 iter
124	 3.288380e-04	 186	 iter
125	 3.288380e-04	 187	 iter
126	 3.288380e-04	 188	 iter
127	 3.288380e-04	 189	 iter
128	 3.288380e-04	 190	 iter
129	 3.288380e-04	 191	 iter
130	 3.288380e-04	 192	 iter
131	 3.288380e-04	 193	 iter
132	 3.234925e-04	 195	 iter
133	 3.234925e-04	 196	 iter
134	 3.234925e-04	 197	 iter
135	 3.234925e-04	 198	 iter
136	 3.234925e-04	 199	 iter
137	 3.234925e-04	 200	 iter
138	 3.234925e-04	 201	 iter
139	 3.165217e-04	 203	 iter
140	 3.165217e-04	 204	 iter
141	 3.165217e-04	 205	 iter
142	 3.165217e-04	 206	 iter
143	 3.165217e-04	 207	 iter
144	 3.165217e-04	 208	 iter
145	 3.165217e-04	 209	 iter
146	 3.165217e-04	 210	 iter
147	 3.165217e-04	 211	 iter
148	 3.165217e-04	 212	 iter
149	 3.165217e-04	 213	 iter
150	 3.164577e-04	 215	 iter
151	 3.164577e-04	 216	 iter
152	 3.155295e-04	 218	 iter
153	 3.126742e-04	 220	 iter
154	 3.126742e-04	 221	 iter
155	 3.126742e-04	 222	 iter
156	 3.126742e-04	 223	 iter
157	 3.126742e-04	 224	 iter
158	 3.126742e-04	 225	 iter
159	 3.126742e-04	 226	 iter
160	 3.126742e-04	 227	 iter
161	 3.070502e-04	 229	 iter
162	 3.070502e-04	 230	 iter
163	 3.070502e-04	 231	 iter
164	 3.070502e-04	 232	 iter
165	 3.070502e-04	 234	 iter
166	 3.070502e-04	 236	 iter
167	 3.070502e-04	 237	 iter
168	 3.070502e-04	 238	 iter
169	 3.070502e-04	 239	 iter
170	 3.070502e-04	 240	 iter
171	 3.070502e-04	 241	 iter
172	 3.061780e-04	 243	 iter
173	 3.061780e-04	 244	 iter
174	 3.023872e-04	 246	 iter
175	 3.023872e-04	 247	 iter
176	 3.023872e-04	 248	 iter
177	 3.023872e-04	 249	 iter
178	 3.023872e-04	 251	 iter
179	 3.023872e-04	 252	 iter
180	 3.006310e-04	 254	 iter
181	 3.006310e-04	 255	 iter
182	 3.006310e-04	 256	 iter
183	 3.006310e-04	 257	 iter
184	 2.967673e-04	 259	 iter
185	 2.967673e-04	 260	 iter
186	 2.967673e-04	 261	 iter
187	 2.967673e-04	 262	 iter
188	 2.967673e-04	 263	 iter
189	 2.967673e-04	 264	 iter
190	 2.967673e-04	 265	 iter
191	 2.967673e-04	 266	 iter
192	 2.967673e-04	 267	 iter
193	 2.911406e-04	 269	 iter
194	 2.911406e-04	 270	 iter
195	 2.911406e-04	 271	 iter
196	 2.911406e-04	 272	 iter
197	 2.911406e-04	 273	 iter
198	 2.911406e-04	 274	 iter
199	 2.911406e-04	 275	 iter
200	 2.911406e-04	 276	 iter
201	 2.911406e-04	 277	 iter
202	 2.911406e-04	 278	 iter
203	 2.911406e-04	 279	 iter
204	 2.911406e-04	 280	 iter
205	 2.911406e-04	 281	 iter
206	 2.911068e-04	 283	 iter
207	 2.911068e-04	 284	 iter
208	 2.911068e-04	 286	 iter
209	 2.910014e-04	 288	 iter
210	 2.910014e-04	 289	 iter
211	 2.910014e-04	 290	 iter
212	 2.878446e-04	 292	 iter
213	 2.878446e-04	 293	 iter
214	 2.878446e-04	 294	 iter
215	 2.878446e-04	 295	 iter
216	 2.868819e-04	 297	 iter
217	 2.842574e-04	 299	 iter
218	 2.826541e-04	 301	 iter
219	 2.826541e-04	 302	 iter
220	 2.809347e-04	 304	 iter
221	 2.809347e-04	 305	 iter
222	 2.809347e-04	 306	 iter
223	 2.809347e-04	 307	 iter
224	 2.754037e-04	 309	 iter
225	 2.754037e-04	 310	 iter
226	 2.754037e-04	 311	 iter
227	 2.754037e-04	 312	 iter
228	 2.754037e-04	 313	 iter
229	 2.754037e-04	 314	 iter
230	 2.754037e-04	 315	 iter
231	 2.754037e-04	 316	 iter
232	 2.754037e-04	 317	 iter
233	 2.754037e-04	 318	 iter
234	 2.701236e-04	 320	 iter
235	 2.658286e-04	 322	 iter
236	 2.658286e-04	 323	 iter
237	 2.658286e-04	 324	 iter
238	 2.658286e-04	 325	 iter
239	 2.658286e-04	 326	 iter
240	 2.658286e-04	 327	 iter
241	 2.658286e-04	 328	 iter
242	 2.629759e-04	 330	 iter
243	 2.629759e-04	 331	 iter
244	 2.629759e-04	 332	 iter
245	 2.629759e-04	 333	 iter
246	 2.629759e-04	 334	 iter
247	 2.629759e-04	 335	 iter
248	 2.629759e-04	 336	 iter
249	 2.629759e-04	 337	 iter
250	 2.614201e-04	 339	 iter
251	 2.614201e-04	 340	 iter
252	 2.614201e-04	 341	 iter
253	 2.614201e-04	 342	 iter
254	 2.614201e-04	 343	 iter
255	 2.614201e-04	 344	 iter
256	 2.614201e-04	 346	 iter
257	 2.614201e-04	 347	 iter
258	 2.614201e-04	 348	 iter
259	 2.614201e-04	 350	 iter
260	 2.589336e-04	 352	 iter
261	 2.589336e-04	 353	 iter
262	 2.589336e-04	 355	 iter
263	 2.589336e-04	 356	 iter
264	 2.589336e-04	 358	 iter
265	 2.589336e-04	 360	 iter
266	 2.589336e-04	 362	 iter
267	 2.589336e-04	 363	 iter
268	 2.589336e-04	 364	 iter
269	 2.589336e-04	 366	 iter
270	 2.589336e-04	 368	 iter
271	 2.589336e-04	 369	 iter
272	 2.589336e-04	 371	 iter
273	 2.589336e-04	 373	 iter
274	 2.589336e-04	 374	 iter
275	 2.589336e-04	 375	 iter
276	 2.589336e-04	 376	 iter
277	 2.589336e-04	 377	 iter
278	 2.589336e-04	 378	 iter
279	 2.589336e-04	 379	 iter
280	 2.589336e-04	 380	 iter
281	 2.589336e-04	 381	 iter
282	 2.589336e-04	 382	 iter
283	 2.589336e-04	 384	 iter
284	 2.589336e-04	 385	 iter
285	 2.568950e-04	 387	 iter
286	 2.568950e-04	 389	 iter
287	 2.568950e-04	 391	 iter
288	 2.568950e-04	 392	 iter
289	 2.568950e-04	 394	 iter
290	 2.568950e-04	 395	 iter
291	 2.552259e-04	 397	 iter
292	 2.552259e-04	 398	 iter
293	 2.552259e-04	 399	 iter
294	 2.538858e-04	 401	 iter
295	 2.538858e-04	 402	 iter
296	 2.538858e-04	 403	 iter
297	 2.538858e-04	 404	 iter
298	 2.538858e-04	 405	 iter
299	 2.538858e-04	 406	 iter
300	 2.538858e-04	 407	 iter
301	 2.526433e-04	 409	 iter
302	 2.526433e-04	 410	 iter
303	 2.524733e-04	 412	 iter
304	 2.524733e-04	 413	 iter
305	 2.524733e-04	 414	 iter
306	 2.485842e-04	 416	 iter
307	 2.485842e-04	 417	 iter
308	 2.485842e-04	 418	 iter
309	 2.485842e-04	 419	 iter
310	 2.485842e-04	 420	 iter
311	 2.485842e-04	 421	 iter
312	 2.485842e-04	 422	 iter
313	 2.485842e-04	 423	 iter
314	 2.485842e-04	 424	 iter
315	 2.485842e-04	 425	 iter
316	 2.485842e-04	 426	 iter
317	 2.485842e-04	 427	 iter
318	 2.478610e-04	 429	 iter
319	 2.427293e-04	 431	 iter
320	 2.427293e-04	 432	 iter
321	 2.427293e-04	 433	 iter
322	 2.427293e-04	 434	 iter
323	 2.427293e-04	 435	 iter
324	 2.427293e-04	 436	 iter
325	 2.427293e-04	 437	 iter
326	 2.427293e-04	 438	 iter
327	 2.427293e-04	 439	 iter
328	 2.427293e-04	 440	 iter
329	 2.427293e-04	 441	 iter
330	 2.427293e-04	 442	 iter
331	 2.427293e-04	 443	 iter
332	 2.403252e-04	 445	 iter
333	 2.403252e-04	 446	 iter
334	 2.403252e-04	 447	 iter
335	 2.403252e-04	 448	 iter
336	 2.403252e-04	 449	 iter
337	 2.394316e-04	 451	 iter
338	 2.394316e-04	 452	 iter
339	 2.318219e-04	 454	 iter
340	 2.318219e-04	 455	 iter
341	 2.318219e-04	 456	 iter
342	 2.318219e-04	 457	 iter
343	 2.318219e-04	 458	 iter
344	 2.318219e-04	 459	 iter
345	 2.318219e-04	 460	 iter
346	 2.318219e-04	 461	 iter
347	 2.285813e-04	 463	 iter
348	 2.285813e-04	 464	 iter
349	 2.285813e-04	 465	 iter
350	 2.285813e-04	 466	 iter
351	 2.285813e-04	 467	 iter
352	 2.182509e-04	 469	 iter
353	 2.182509e-04	 470	 iter
354	 2.182509e-04	 471	 iter
355	 2.182509e-04	 472	 iter
356	 2.182509e-04	 473	 iter
357	 2.182509e-04	 474	 iter
358	 2.182509e-04	 475	 iter
359	 2.182509e-04	 476	 iter
360	 2.182509e-04	 477	 iter
361	 2.182509e-04	 478	 iter
362	 2.182509e-04	 479	 iter
363	 2.182509e-04	 480	 iter
364	 2.182509e-04	 481	 iter
365	 2.156730e-04	 483	 iter
366	 2.101959e-04	 485	 iter
367	 2.006662e-04	 487	 iter
368	 2.006662e-04	 488	 iter
369	 2.006662e-04	 489	 iter
370	 2.006662e-04	 490	 iter
371	 2.006662e-04	 491	 iter
372	 2.006662e-04	 492	 iter
373	 2.006662e-04	 493	 iter
374	 2.006662e-04	 494	 iter
375	 1.944191e-04	 496	 iter
376	 1.944191e-04	 497	 iter
377	 1.944191e-04	 498	 iter
378	 1.944191e-04	 499	 iter
379	 1.944191e-04	 500	 iter
380	 1.899962e-04	 502	 iter
381	 1.750506e-04	 504	 iter
382	 1.750506e-04	 505	 iter
383	 1.750506e-04	 506	 iter
384	 1.750506e-04	 507	 iter
385	 1.750506e-04	 508	 iter
386	 1.750506e-04	 509	 iter
387	 1.750506e-04	 510	 iter
388	 1.750506e-04	 511	 iter
389	 1.750506e-04	 512	 iter
390	 1.750506e-04	 513	 iter
391	 1.750506e-04	 514	 iter
392	 1.750506e-04	 515	 iter
393	 1.679472e-04	 517	 iter
394	 1.679472e-04	 518	 iter
395	 1.679472e-04	 519	 iter
396	 1.679472e-04	 520	 iter
397	 1.679472e-04	 521	 iter
398	 1.679472e-04	 522	 iter
399	 1.661177e-04	 524	 iter
400	 1.535200e-04	 526	 iter
401	 1.535200e-04	 527	 iter
402	 1.535200e-04	 529	 iter
403	 1.535200e-04	 531	 iter
404	 1.535200e-04	 532	 iter
405	 1.535200e-04	 533	 iter
406	 1.535200e-04	 535	 iter
407	 1.535200e-04	 536	 iter
408	 1.535200e-04	 537	 iter
409	 1.535200e-04	 538	 iter
410	 1.535200e-04	 539	 iter
411	 1.535200e-04	 540	 iter
412	 1.535200e-04	 541	 iter
413	 1.535200e-04	 542	 iter
414	 1.535200e-04	 543	 iter
415	 1.535200e-04	 544	 iter
416	 1.535200e-04	 545	 iter
417	 1.535200e-04	 547	 iter
418	 1.535200e-04	 548	 iter
419	 1.521378e-04	 550	 iter
420	 1.521378e-04	 551	 iter
421	 1.521378e-04	 553	 iter
422	 1.521378e-04	 554	 iter
423	 1.521378e-04	 555	 iter
424	 1.440109e-04	 557	 iter
425	 1.440109e-04	 558	 iter
426	 1.440109e-04	 559	 iter
427	 1.440109e-04	 560	 iter
428	 1.440109e-04	 561	 iter
429	 1.440109e-04	 562	 iter
430	 1.440109e-04	 563	 iter
431	 1.440109e-04	 564	 iter
432	 1.440109e-04	 565	 iter
433	 1.440109e-04	 566	 iter
434	 1.440109e-04	 567	 iter
435	 1.440109e-04	 569	 iter
436	 1.440109e-04	 570	 iter
437	 1.440109e-04	 571	 iter
438	 1.440109e-04	 572	 iter
439	 1.440109e-04	 573	 iter
440	 1.440109e-04	 574	 iter
441	 1.440109e-04	 575	 iter
442	 1.406960e-04	 577	 iter
443	 1.406960e-04	 578	 iter
444	 1.406960e-04	 579	 iter
445	 1.406960e-04	 581	 iter
446	 1.406960e-04	 582	 iter
447	 1.406960e-04	 584	 iter
448	 1.360639e-04	 586	 iter
449	 1.360639e-04	 588	 iter
450	 1.360639e-04	 589	 iter
451	 1.360639e-04	 590	 iter
452	 1.360639e-04	 591	 iter
453	 1.360639e-04	 592	 iter
454	 1.352780e-04	 594	 iter
455	 1.352780e-04	 596	 iter
456	 1.352780e-04	 597	 iter
457	 1.352780e-04	 598	 iter
458	 1.352780e-04	 599	 iter
459	 1.352780e-04	 600	 iter
460	 1.352780e-04	 602	 iter
461	 1.341191e-04	 604	 iter
462	 1.341191e-04	 605	 iter
463	 1.341191e-04	 606	 iter
464	 1.341191e-04	 607	 iter
465	 1.310301e-04	 609	 iter
466	 1.310301e-04	 610	 iter
467	 1.310301e-04	 611	 iter
468	 1.310301e-04	 612	 iter
469	 1.310301e-04	 613	 iter
470	 1.310301e-04	 614	 iter
471	 1.310301e-04	 615	 iter
472	 1.310301e-04	 616	 iter
473	 1.268619e-04	 618	 iter
474	 1.268619e-04	 619	 iter
475	 1.268619e-04	 620	 iter
476	 1.268619e-04	 622	 iter
477	 1.268619e-04	 623	 iter
478	 1.268619e-04	 625	 iter
479	 1.268619e-04	 627	 iter
480	 1.268619e-04	 629	 iter
481	 1.268619e-04	 630	 iter
482	 1.267669e-04	 632	 iter
483	 1.246001e-04	 634	 iter
484	 1.246001e-04	 635	 iter
485	 1.246001e-04	 636	 iter
486	 1.246001e-04	 638	 iter
487	 1.246001e-04	 640	 iter
488	 1.246001e-04	 641	 iter
489	 1.246001e-04	 642	 iter
490	 1.246001e-04	 643	 iter
491	 1.246001e-04	 644	 iter
492	 1.218985e-04	 646	 iter
493	 1.218985e-04	 647	 iter
494	 1.218985e-04	 648	 iter
495	 1.218985e-04	 650	 iter
496	 1.217730e-04	 652	 iter
497	 1.217730e-04	 653	 iter
498	 1.217730e-04	 654	 iter
499	 1.217730e-04	 655	 iter
500	 1.217730e-04	 656	 iter
501	 1.217730e-04	 657	 iter
502	 1.215852e-04	 659	 iter
503	 1.202449e-04	 661	 iter
504	 1.200185e-04	 663	 iter
505	 1.200185e-04	 664	 iter
506	 1.200185e-04	 665	 iter
507	 1.200185e-04	 666	 iter
508	 1.200185e-04	 667	 iter
509	 1.200185e-04	 668	 iter
510	 1.200185e-04	 669	 iter
511	 1.200185e-04	 670	 iter
512	 1.200185e-04	 672	 iter
513	 1.200185e-04	 674	 iter
514	 1.200185e-04	 675	 iter
515	 1.200185e-04	 676	 iter
516	 1.182618e-04	 678	 iter
517	 1.182618e-04	 679	 iter
518	 1.182618e-04	 680	 iter
519	 1.182618e-04	 682	 iter
520	 1.164641e-04	 684	 iter
521	 1.164641e-04	 686	 iter
522	 1.164641e-04	 688	 iter
523	 1.164641e-04	 689	 iter
524	 1.164641e-04	 690	 iter
525	 1.164641e-04	 691	 iter
526	 1.164641e-04	 692	 iter
527	 1.164641e-04	 693	 iter
528	 1.164641e-04	 695	 iter
529	 1.164641e-04	 696	 iter
530	 1.164641e-04	 698	 iter
531	 1.164641e-04	 700	 iter
532	 1.164641e-04	 701	 iter
533	 1.164641e-04	 702	 iter
534	 1.152298e-04	 704	 iter
535	 1.152298e-04	 706	 iter
536	 1.152298e-04	 707	 iter
537	 1.152298e-04	 708	 iter
538	 1.152298e-04	 709	 iter
539	 1.152298e-04	 710	 iter
540	 1.152298e-04	 711	 iter
541	 1.152298e-04	 713	 iter
542	 1.152298e-04	 715	 iter
543	 1.152298e-04	 716	 iter
544	 1.152298e-04	 717	 iter
545	 1.149586e-04	 719	 iter
546	 1.149586e-04	 720	 iter
547	 1.149586e-04	 721	 iter
548	 1.149586e-04	 722	 iter
549	 1.149586e-04	 723	 iter
550	 1.149586e-04	 724	 iter
551	 1.149586e-04	 725	 iter
552	 1.149586e-04	 727	 iter
553	 1.149586e-04	 728	 iter
554	 1.149586e-04	 729	 iter
555	 1.149586e-04	 731	 iter
556	 1.144678e-04	 733	 iter
557	 1.144678e-04	 735	 iter
558	 1.138899e-04	 737	 iter
559	 1.138899e-04	 738	 iter
560	 1.138899e-04	 740	 iter
561	 1.138899e-04	 742	 iter
562	 1.138899e-04	 743	 iter
563	 1.138899e-04	 744	 iter
564	 1.138899e-04	 746	 iter
565	 1.138899e-04	 748	 iter
566	 1.138899e-04	 749	 iter
567	 1.138899e-04	 750	 iter
568	 1.138899e-04	 752	 iter
569	 1.138899e-04	 753	 iter
570	 1.138899e-04	 754	 iter
571	 1.138899e-04	 755	 iter
572	 1.138899e-04	 756	 iter
573	 1.138899e-04	 757	 iter
574	 1.138899e-04	 758	 iter
575	 1.138899e-04	 759	 iter
576	 1.136468e-04	 761	 iter
577	 1.136468e-04	 762	 iter
578	 1.133734e-04	 764	 iter
579	 1.133734e-04	 765	 iter
580	 1.133734e-04	 766	 iter
581	 1.123812e-04	 768	 iter
582	 1.123812e-04	 769	 iter
583	 1.123812e-04	 770	 iter
584	 1.123812e-04	 771	 iter
585	 1.123812e-04	 772	 iter
586	 1.123812e-04	 773	 iter
587	 1.123812e-04	 774	 iter
588	 1.123812e-04	 775	 iter
589	 1.123812e-04	 776	 iter
590	 1.123812e-04	 777	 iter
591	 1.123812e-04	 778	 iter
592	 1.123812e-04	 779	 iter
593	 1.120874e-04	 781	 iter
594	 1.120874e-04	 782	 iter
595	 1.120874e-04	 783	 iter
596	 1.120874e-04	 784	 iter
597	 1.117906e-04	 786	 iter
598	 1.114986e-04	 788	 iter
599	 1.114986e-04	 789	 iter
600	 1.114368e-04	 791	 iter
601	 1.114368e-04	 792	 iter
602	 1.114368e-04	 793	 iter
603	 1.113008e-04	 795	 iter
604	 1.113008e-04	 796	 iter
605	 1.108616e-04	 798	 iter
606	 1.108616e-04	 799	 iter
607	 1.105654e-04	 801	 iter
608	 1.105183e-04	 803	 iter
609	 1.105183e-04	 804	 iter
610	 1.104753e-04	 806	 iter
611	 1.104753e-04	 807	 iter
612	 1.092409e-04	 809	 iter
613	 1.092409e-04	 810	 iter
614	 1.092409e-04	 811	 iter
615	 1.092409e-04	 812	 iter
616	 1.092409e-04	 813	 iter
617	 1.092409e-04	 814	 iter
618	 1.092409e-04	 815	 iter
619	 1.092409e-04	 816	 iter
620	 1.092409e-04	 817	 iter
621	 1.088202e-04	 819	 iter
622	 1.088202e-04	 820	 iter
623	 1.088202e-04	 821	 iter
624	 1.087967e-04	 823	 iter
625	 1.087967e-04	 824	 iter
626	 1.087967e-04	 825	 iter
627	 1.069548e-04	 827	 iter
628	 1.069548e-04	 828	 iter
629	 1.069548e-04	 829	 iter
630	 1.069548e-04	 830	 iter
631	 1.069548e-04	 831	 iter
632	 1.069548e-04	 832	 iter
633	 1.069548e-04	 833	 iter
634	 1.068176e-04	 835	 iter
635	 1.068176e-04	 836	 iter
636	 1.068176e-04	 837	 iter
637	 1.049358e-04	 839	 iter
638	 1.049358e-04	 840	 iter
639	 1.049358e-04	 841	 iter
640	 1.049358e-04	 842	 iter
641	 1.049358e-04	 843	 iter
642	 1.049358e-04	 844	 iter
643	 1.049358e-04	 845	 iter
644	 1.041981e-04	 847	 iter
645	 1.041206e-04	 849	 iter
646	 1.041206e-04	 850	 iter
647	 1.041206e-04	 851	 iter
648	 1.029428e-04	 853	 iter
649	 1.014192e-04	 855	 iter
650	 1.014192e-04	 856	 iter
651	 1.014192e-04	 857	 iter
652	 1.014192e-04	 858	 iter
653	 9.892906e-05	 860	 iter
654	 9.892906e-05	 861	 iter
655	 9.892906e-05	 862	 iter
656	 9.892906e-05	 863	 iter
657	 9.892906e-05	 864	 iter
658	 9.892906e-05	 865	 iter
659	 9.892906e-05	 866	 iter
660	 9.892906e-05	 867	 iter
661	 9.674857e-05	 869	 iter
662	 9.674857e-05	 870	 iter
663	 9.674857e-05	 871	 iter
664	 9.674857e-05	 872	 iter
665	 9.674857e-05	 873	 iter
666	 9.674857e-05	 874	 iter
667	 9.293213e-05	 876	 iter
668	 9.293213e-05	 877	 iter
669	 9.293213e-05	 878	 iter
670	 9.293213e-05	 879	 iter
671	 9.293213e-05	 880	 iter
672	 8.995061e-05	 882	 iter
673	 8.995061e-05	 883	 iter
674	 8.995061e-05	 884	 iter
675	 8.995061e-05	 885	 iter
676	 8.707978e-05	 887	 iter
677	 8.707978e-05	 888	 iter
678	 8.707978e-05	 889	 iter
679	 8.707978e-05	 890	 iter
680	 8.707978e-05	 891	 iter
681	 8.707978e-05	 892	 iter
682	 8.707978e-05	 893	 iter
683	 8.630576e-05	 895	 iter
684	 8.525470e-05	 897	 iter
685	 8.525470e-05	 898	 iter
686	 8.525470e-05	 899	 iter
687	 8.525470e-05	 900	 iter
688	 8.469730e-05	 902	 iter
689	 8.171929e-05	 904	 iter
690	 8.171929e-05	 905	 iter
691	 8.171929e-05	 906	 iter
692	 8.171929e-05	 907	 iter
693	 8.171929e-05	 908	 iter
694	 8.171929e-05	 909	 iter
695	 8.171929e-05	 910	 iter
696	 8.171929e-05	 911	 iter
697	 8.171929e-05	 912	 iter
698	 8.171929e-05	 913	 iter
699	 8.171929e-05	 914	 iter
700	 7.978574e-05	 916	 iter
701	 7.978574e-05	 917	 iter
702	 7.978574e-05	 918	 iter
703	 7.978574e-05	 919	 iter
704	 7.978574e-05	 920	 iter
705	 7.978574e-05	 922	 iter
706	 7.978574e-05	 923	 iter
707	 7.978574e-05	 925	 iter
708	 7.978574e-05	 926	 iter
709	 7.962690e-05	 928	 iter
710	 7.962690e-05	 929	 iter
711	 7.962690e-05	 930	 iter
712	 7.962690e-05	 932	 iter
713	 7.962690e-05	 933	 iter
714	 7.962690e-05	 934	 iter
715	 7.962690e-05	 935	 iter
716	 7.962690e-05	 936	 iter
717	 7.962690e-05	 937	 iter
718	 7.962690e-05	 938	 iter
719	 7.962690e-05	 939	 iter
720	 7.891243e-05	 941	 iter
721	 7.891243e-05	 942	 iter
722	 7.891243e-05	 943	 iter
723	 7.891243e-05	 945	 iter
724	 7.891243e-05	 947	 iter
725	 7.891243e-05	 949	 iter
726	 7.891243e-05	 950	 iter
727	 7.891243e-05	 951	 iter
728	 7.891243e-05	 952	 iter
729	 7.891243e-05	 953	 iter
730	 7.881370e-05	 955	 iter
731	 7.869189e-05	 957	 iter
732	 7.861989e-05	 959	 iter
733	 7.861989e-05	 961	 iter
734	 7.861989e-05	 962	 iter
735	 7.847724e-05	 964	 iter
736	 7.783097e-05	 966	 iter
737	 7.783097e-05	 967	 iter
738	 7.783097e-05	 969	 iter
739	 7.783097e-05	 970	 iter
740	 7.783097e-05	 972	 iter
741	 7.783097e-05	 974	 iter
742	 7.783097e-05	 976	 iter
743	 7.783097e-05	 977	 iter
744	 7.783097e-05	 978	 iter
745	 7.783097e-05	 979	 iter
746	 7.783097e-05	 980	 iter
747	 7.750907e-05	 982	 iter
748	 7.750907e-05	 984	 iter
749	 7.750907e-05	 985	 iter
750	 7.750907e-05	 987	 iter
751	 7.750907e-05	 989	 iter
752	 7.750907e-05	 990	 iter
753	 7.750907e-05	 991	 iter
754	 7.750907e-05	 992	 iter
755	 7.750907e-05	 994	 iter
756	 7.750907e-05	 995	 iter
757	 7.750907e-05	 996	 iter
758	 7.750907e-05	 997	 iter
759	 7.718717e-05	 999	 iter
760	 7.718717e-05	 1000	 iter
761	 7.703066e-05	 1002	 iter
762	 7.703066e-05	 1003	 iter
763	 7.703066e-05	 1004	 iter
764	 7.703066e-05	 1005	 iter
765	 7.703066e-05	 1007	 iter
766	 7.703066e-05	 1009	 iter
767	 7.703066e-05	 1010	 iter
768	 7.703066e-05	 1012	 iter
769	 7.683080e-05	 1014	 iter
770	 7.683080e-05	 1015	 iter
771	 7.683080e-05	 1016	 iter
772	 7.683080e-05	 1017	 iter
773	 7.683080e-05	 1018	 iter
774	 7.657886e-05	 1020	 iter
775	 7.657886e-05	 1021	 iter
776	 7.657886e-05	 1022	 iter
777	 7.657886e-05	 1023	 iter
778	 7.657886e-05	 1024	 iter
779	 7.606776e-05	 1026	 iter
780	 7.606776e-05	 1027	 iter
781	 7.606776e-05	 1028	 iter
782	 7.606776e-05	 1029	 iter
783	 7.606776e-05	 1030	 iter
784	 7.606776e-05	 1031	 iter
785	 7.606776e-05	 1032	 iter
786	 7.606776e-05	 1033	 iter
787	 7.606776e-05	 1034	 iter
788	 7.606776e-05	 1035	 iter
789	 7.606776e-05	 1036	 iter
790	 7.606776e-05	 1037	 iter
791	 7.605505e-05	 1039	 iter
792	 7.605505e-05	 1040	 iter
793	 7.546766e-05	 1042	 iter
794	 7.546766e-05	 1043	 iter
795	 7.546766e-05	 1044	 iter
796	 7.519535e-05	 1046	 iter
797	 7.519535e-05	 1047	 iter
798	 7.519535e-05	 1048	 iter
799	 7.519535e-05	 1049	 iter
800	 7.463572e-05	 1051	 iter
801	 7.463572e-05	 1052	 iter
802	 7.463572e-05	 1053	 iter
803	 7.463572e-05	 1054	 iter
804	 7.463572e-05	 1055	 iter
805	 7.463572e-05	 1056	 iter
806	 7.463572e-05	 1057	 iter
807	 7.463572e-05	 1058	 iter
808	 7.463572e-05	 1059	 iter
809	 7.358593e-05	 1061	 iter
810	 7.358593e-05	 1062	 iter
811	 7.261367e-05	 1064	 iter
812	 7.261367e-05	 1065	 iter
813	 7.261367e-05	 1066	 iter
814	 7.261367e-05	 1067	 iter
815	 7.261367e-05	 1068	 iter
816	 7.261367e-05	 1069	 iter
817	 7.261367e-05	 1070	 iter
818	 7.225519e-05	 1072	 iter
819	 7.225519e-05	 1073	 iter
820	 7.225519e-05	 1074	 iter
821	 7.225519e-05	 1075	 iter
822	 7.222377e-05	 1077	 iter
823	 7.156286e-05	 1079	 iter
824	 7.057074e-05	 1081	 iter
825	 6.933539e-05	 1083	 iter
826	 6.933539e-05	 1084	 iter
827	 6.933539e-05	 1085	 iter
828	 6.933539e-05	 1086	 iter
829	 6.933539e-05	 1087	 iter
830	 6.933539e-05	 1088	 iter
831	 6.933539e-05	 1089	 iter
832	 6.933539e-05	 1090	 iter
833	 6.933539e-05	 1091	 iter
834	 6.826055e-05	 1093	 iter
835	 6.826055e-05	 1094	 iter
836	 6.826055e-05	 1095	 iter
837	 6.826055e-05	 1096	 iter
838	 6.826055e-05	 1097	 iter
839	 6.804095e-05	 1099	 iter
840	 6.780517e-05	 1101	 iter
841	 6.715027e-05	 1103	 iter
842	 6.715027e-05	 1104	 iter
843	 6.715027e-05	 1105	 iter
844	 6.702567e-05	 1107	 iter
845	 6.698826e-05	 1109	 iter
846	 6.698826e-05	 1110	 iter
847	 6.698826e-05	 1111	 iter
848	 6.698826e-05	 1112	 iter
849	 6.698826e-05	 1113	 iter
850	 6.698826e-05	 1114	 iter
851	 6.698826e-05	 1115	 iter
852	 6.698826e-05	 1116	 iter
853	 6.612554e-05	 1118	 iter
854	 6.612554e-05	 1120	 iter
855	 6.612554e-05	 1122	 iter
856	 6.520248e-05	 1124	 iter
857	 6.520248e-05	 1125	 iter
858	 6.520248e-05	 1126	 iter
859	 6.520248e-05	 1127	 iter
860	 6.520248e-05	 1128	 iter
861	 6.520248e-05	 1129	 iter
862	 6.520248e-05	 1130	 iter
863	 6.520248e-05	 1131	 iter
864	 6.520248e-05	 1132	 iter
865	 6.520248e-05	 1133	 iter
866	 6.463121e-05	 1135	 iter
867	 6.463121e-05	 1136	 iter
868	 6.458434e-05	 1138	 iter
869	 6.458434e-05	 1139	 iter
870	 6.458434e-05	 1140	 iter
871	 6.392804e-05	 1142	 iter
872	 6.387054e-05	 1144	 iter
873	 6.387054e-05	 1145	 iter
874	 6.387054e-05	 1146	 iter
875	 6.387054e-05	 1147	 iter
876	 6.387054e-05	 1148	 iter
877	 6.387054e-05	 1149	 iter
878	 6.325755e-05	 1151	 iter
879	 6.325755e-05	 1152	 iter
880	 6.325755e-05	 1153	 iter
881	 6.325755e-05	 1154	 iter
882	 6.325755e-05	 1155	 iter
883	 6.325755e-05	 1157	 iter
884	 6.325755e-05	 1159	 iter
885	 6.310254e-05	 1161	 iter
886	 6.310254e-05	 1163	 iter
887	 6.310254e-05	 1164	 iter
888	 6.310254e-05	 1165	 iter
889	 6.310254e-05	 1166	 iter
890	 6.310254e-05	 1167	 iter
891	 6.232767e-05	 1169	 iter
892	 6.232767e-05	 1170	 iter
893	 6.232767e-05	 1171	 iter
894	 6.232767e-05	 1172	 iter
895	 6.232767e-05	 1174	 iter
896	 6.232767e-05	 1176	 iter
897	 6.232767e-05	 1177	 iter
898	 6.232767e-05	 1178	 iter
899	 6.232767e-05	 1180	 iter
900	 6.183320e-05	 1182	 iter
901	 6.183320e-05	 1183	 iter
902	 6.183320e-05	 1184	 iter
903	 6.183320e-05	 1185	 iter
904	 6.183320e-05	 1186	 iter
905	 6.183320e-05	 1187	 iter
906	 6.183320e-05	 1188	 iter
907	 6.182627e-05	 1190	 iter
908	 6.182627e-05	 1191	 iter
909	 6.136574e-05	 1193	 iter
910	 6.136574e-05	 1194	 iter
911	 6.136574e-05	 1195	 iter
912	 6.136574e-05	 1196	 iter
913	 6.106626e-05	 1198	 iter
914	 6.106626e-05	 1199	 iter
915	 6.106626e-05	 1200	 iter
916	 6.106626e-05	 1201	 iter
917	 6.106626e-05	 1202	 iter
918	 6.106626e-05	 1203	 iter
919	 6.106626e-05	 1204	 iter
920	 6.106626e-05	 1205	 iter
921	 6.103439e-05	 1207	 iter
922	 6.103439e-05	 1208	 iter
923	 6.075995e-05	 1210	 iter
924	 6.075995e-05	 1212	 iter
925	 6.075995e-05	 1213	 iter
926	 6.075995e-05	 1214	 iter
927	 6.075995e-05	 1215	 iter
928	 6.075995e-05	 1216	 iter
929	 6.050234e-05	 1218	 iter
930	 6.050234e-05	 1219	 iter
931	 6.050234e-05	 1221	 iter
932	 6.050234e-05	 1222	 iter
933	 6.050234e-05	 1224	 iter
934	 6.050234e-05	 1226	 iter
935	 6.047171e-05	 1228	 iter
936	 6.040483e-05	 1230	 iter
937	 6.040483e-05	 1232	 iter
938	 6.040483e-05	 1233	 iter
939	 6.040483e-05	 1234	 iter
940	 6.040483e-05	 1235	 iter
941	 6.040483e-05	 1236	 iter
942	 6.040483e-05	 1237	 iter
943	 6.040483e-05	 1239	 iter
944	 6.023465e-05	 1241	 iter
945	 6.023465e-05	 1243	 iter
946	 6.023465e-05	 1244	 iter
947	 6.023465e-05	 1245	 iter
948	 6.012576e-05	 1247	 iter
949	 6.012576e-05	 1248	 iter
950	 6.012576e-05	 1250	 iter
951	 6.012576e-05	 1251	 iter
952	 6.012576e-05	 1252	 iter
953	 6.012576e-05	 1254	 iter
954	 6.012576e-05	 1255	 iter
955	 6.012576e-05	 1256	 iter
956	 6.012576e-05	 1257	 iter
957	 6.010549e-05	 1259	 iter
958	 6.010549e-05	 1260	 iter
959	 6.010549e-05	 1261	 iter
960	 6.010549e-05	 1263	 iter
961	 6.010549e-05	 1265	 iter
962	 6.010549e-05	 1267	 iter
963	 6.010549e-05	 1268	 iter
964	 6.010549e-05	 1269	 iter
965	 6.010549e-05	 1270	 iter
966	 5.983830e-05	 1272	 iter
967	 5.983830e-05	 1274	 iter
968	 5.983830e-05	 1275	 iter
969	 5.983830e-05	 1276	 iter
970	 5.983830e-05	 1278	 iter
971	 5.983830e-05	 1280	 iter
972	 5.983830e-05	 1281	 iter
973	 5.983830e-05	 1282	 iter
974	 5.983830e-05	 1284	 iter
975	 5.983830e-05	 1286	 iter
976	 5.983830e-05	 1288	 iter
977	 5.983830e-05	 1289	 iter
978	 5.983830e-05	 1291	 iter
979	 5.983830e-05	 1292	 iter
980	 5.983830e-05	 1293	 iter
981	 5.983830e-05	 1294	 iter
982	 5.983830e-05	 1295	 iter
983	 5.983830e-05	 1297	 iter
984	 5.983830e-05	 1298	 iter
985	 5.983830e-05	 1299	 iter
986	 5.983830e-05	 1300	 iter
987	 5.983830e-05	 1301	 iter
988	 5.983830e-05	 1302	 iter
989	 5.983830e-05	 1303	 iter
990	 5.983830e-05	 1305	 iter
991	 5.983830e-05	 1306	 iter
992	 5.983830e-05	 1307	 iter
993	 5.983830e-05	 1308	 iter
994	 5.980267e-05	 1310	 iter
995	 5.980267e-05	 1311	 iter
996	 5.980267e-05	 1312	 iter
997	 5.978138e-05	 1314	 iter
998	 5.978138e-05	 1315	 iter
999	 5.978138e-05	 1316	 iter
1000	 5.978138e-05	 1318	 iter
1001	 5.978138e-05	 1319	 iter
1002	 5.978138e-05	 1320	 iter
1003	 5.978138e-05	 1322	 iter
1004	 5.978138e-05	 1323	 iter
1005	 5.978138e-05	 1324	 iter
1006	 5.972909e-05	 1326	 iter
1007	 5.972909e-05	 1327	 iter
1008	 5.970638e-05	 1329	 iter
1009	 5.970638e-05	 1330	 iter
1010	 5.970638e-05	 1332	 iter
1011	 5.970638e-05	 1334	 iter
1012	 5.970638e-05	 1335	 iter
1013	 5.970638e-05	 1336	 iter
1014	 5.970638e-05	 1337	 iter
1015	 5.970638e-05	 1339	 iter
1016	 5.970638e-05	 1340	 iter
1017	 5.970638e-05	 1341	 iter
1018	 5.970638e-05	 1343	 iter
1019	 5.970486e-05	 1345	 iter
1020	 5.970486e-05	 1346	 iter
1021	 5.970486e-05	 1347	 iter
1022	 5.970486e-05	 1348	 iter
1023	 5.970486e-05	 1350	 iter
1024	 5.970486e-05	 1351	 iter
1025	 5.970486e-05	 1352	 iter
1026	 5.970486e-05	 1354	 iter
1027	 5.970486e-05	 1356	 iter
1028	 5.970486e-05	 1358	 iter
1029	 5.969541e-05	 1360	 iter
1030	 5.969541e-05	 1362	 iter
1031	 5.964018e-05	 1364	 iter
1032	 5.964018e-05	 1365	 iter
1033	 5.964018e-05	 1366	 iter
1034	 5.962054e-05	 1368	 iter
1035	 5.962054e-05	 1370	 iter
1036	 5.962054e-05	 1372	 iter
1037	 5.962054e-05	 1374	 iter
1038	 5.962054e-05	 1375	 iter
1039	 5.962054e-05	 1377	 iter
1040	 5.962054e-05	 1378	 iter
1041	 5.962054e-05	 1379	 iter
1042	 5.959787e-05	 1381	 iter
1043	 5.959787e-05	 1382	 iter
1044	 5.959787e-05	 1383	 iter
1045	 5.959787e-05	 1384	 iter
1046	 5.959787e-05	 1385	 iter
1047	 5.959787e-05	 1386	 iter
1048	 5.959787e-05	 1387	 iter
1049	 5.959638e-05	 1389	 iter
1050	 5.959638e-05	 1390	 iter
1051	 5.957785e-05	 1392	 iter
1052	 5.950750e-05	 1394	 iter
1053	 5.950750e-05	 1395	 iter
1054	 5.950750e-05	 1396	 iter
1055	 5.950750e-05	 1397	 iter
1056	 5.950750e-05	 1398	 iter
1057	 5.950750e-05	 1399	 iter
1058	 5.950750e-05	 1400	 iter
1059	 5.950750e-05	 1401	 iter
1060	 5.950750e-05	 1402	 iter
1061	 5.950750e-05	 1403	 iter
1062	 5.950750e-05	 1404	 iter
1063	 5.950750e-05	 1405	 iter
1064	 5.950750e-05	 1406	 iter
1065	 5.950750e-05	 1408	 iter
1066	 5.950750e-05	 1409	 iter
1067	 5.946545e-05	 1411	 iter
1068	 5.946545e-05	 1412	 iter
1069	 5.946545e-05	 1413	 iter
1070	 5.941043e-05	 1415	 iter
1071	 5.941043e-05	 1416	 iter
1072	 5.941043e-05	 1417	 iter
1073	 5.941043e-05	 1418	 iter
1074	 5.941043e-05	 1419	 iter
1075	 5.941043e-05	 1420	 iter
1076	 5.941043e-05	 1421	 iter
1077	 5.941043e-05	 1422	 iter
1078	 5.941043e-05	 1423	 iter
1079	 5.941043e-05	 1424	 iter
1080	 5.938913e-05	 1426	 iter
1081	 5.926791e-05	 1428	 iter
1082	 5.926791e-05	 1429	 iter
1083	 5.926791e-05	 1430	 iter
1084	 5.926791e-05	 1431	 iter
1085	 5.926791e-05	 1432	 iter
1086	 5.926791e-05	 1433	 iter
1087	 5.926791e-05	 1434	 iter
1088	 5.926791e-05	 1435	 iter
1089	 5.926791e-05	 1436	 iter
1090	 5.918030e-05	 1438	 iter
1091	 5.918030e-05	 1439	 iter
1092	 5.918030e-05	 1440	 iter
1093	 5.918030e-05	 1441	 iter
1094	 5.916119e-05	 1443	 iter
1095	 5.916119e-05	 1444	 iter
1096	 5.913854e-05	 1446	 iter
1097	 5.913854e-05	 1447	 iter
1098	 5.903744e-05	 1449	 iter
1099	 5.888478e-05	 1451	 iter
1100	 5.888478e-05	 1452	 iter
1101	 5.888478e-05	 1453	 iter
1102	 5.888478e-05	 1454	 iter
1103	 5.888478e-05	 1455	 iter
1104	 5.888478e-05	 1456	 iter
1105	 5.881748e-05	 1458	 iter
1106	 5.881748e-05	 1459	 iter
1107	 5.881748e-05	 1460	 iter
1108	 5.881748e-05	 1461	 iter
1109	 5.872204e-05	 1463	 iter
1110	 5.872204e-05	 1464	 iter
1111	 5.872204e-05	 1465	 iter
1112	 5.846700e-05	 1467	 iter
1113	 5.846700e-05	 1468	 iter
1114	 5.819209e-05	 1470	 iter
1115	 5.819209e-05	 1471	 iter
1116	 5.819209e-05	 1472	 iter
1117	 5.819209e-05	 1473	 iter
1118	 5.819209e-05	 1474	 iter
1119	 5.819209e-05	 1475	 iter
1120	 5.819209e-05	 1476	 iter
1121	 5.819209e-05	 1477	 iter
1122	 5.819209e-05	 1478	 iter
1123	 5.792868e-05	 1480	 iter
1124	 5.792868e-05	 1481	 iter
1125	 5.792868e-05	 1482	 iter
1126	 5.792868e-05	 1483	 iter
1127	 5.792868e-05	 1484	 iter
1128	 5.775933e-05	 1486	 iter
1129	 5.775933e-05	 1487	 iter
1130	 5.775933e-05	 1488	 iter
1131	 5.775933e-05	 1489	 iter
1132	 5.775933e-05	 1490	 iter
1133	 5.758078e-05	 1492	 iter
1134	 5.758078e-05	 1493	 iter
1135	 5.758078e-05	 1494	 iter
1136	 5.723201e-05	 1496	 iter
1137	 5.685771e-05	 1498	 iter
1138	 5.685771e-05	 1499	 iter
1139	 5.685771e-05	 1500	 iter
1140	 5.685771e-05	 1501	 iter
1141	 5.685771e-05	 1502	 iter
1142	 5.685771e-05	 1503	 iter
1143	 5.648928e-05	 1505	 iter
1144	 5.648928e-05	 1506	 iter
1145	 5.648928e-05	 1507	 iter
1146	 5.648928e-05	 1508	 iter
1147	 5.614119e-05	 1510	 iter
1148	 5.614119e-05	 1511	 iter
1149	 5.614119e-05	 1512	 iter
1150	 5.614119e-05	 1513	 iter
1151	 5.614119e-05	 1514	 iter
1152	 5.614119e-05	 1516	 iter
1153	 5.614119e-05	 1517	 iter
1154	 5.614119e-05	 1518	 iter
1155	 5.504060e-05	 1520	 iter
1156	 5.504060e-05	 1521	 iter
1157	 5.504060e-05	 1522	 iter
1158	 5.504060e-05	 1523	 iter
1159	 5.504060e-05	 1524	 iter
1160	 5.504060e-05	 1525	 iter
1161	 5.504060e-05	 1526	 iter
1162	 5.504060e-05	 1527	 iter
1163	 5.504060e-05	 1528	 iter
1164	 5.504060e-05	 1529	 iter
1165	 5.504060e-05	 1530	 iter
1166	 5.495738e-05	 1532	 iter
1167	 5.495738e-05	 1533	 iter
1168	 5.495738e-05	 1534	 iter
1169	 5.495738e-05	 1535	 iter
1170	 5.495738e-05	 1536	 iter
1171	 5.495738e-05	 1537	 iter
1172	 5.495738e-05	 1539	 iter
1173	 5.495738e-05	 1540	 iter
1174	 5.495738e-05	 1541	 iter
1175	 5.495738e-05	 1542	 iter
1176	 5.495738e-05	 1544	 iter
1177	 5.487044e-05	 1546	 iter
1178	 5.484839e-05	 1548	 iter
1179	 5.468679e-05	 1550	 iter
1180	 5.468679e-05	 1551	 iter
1181	 5.468679e-05	 1553	 iter
1182	 5.468679e-05	 1554	 iter
1183	 5.468679e-05	 1555	 iter
1184	 5.454116e-05	 1557	 iter
1185	 5.454116e-05	 1558	 iter
1186	 5.454116e-05	 1559	 iter
1187	 5.435133e-05	 1561	 iter
1188	 5.435133e-05	 1562	 iter
1189	 5.435133e-05	 1564	 iter
1190	 5.433564e-05	 1566	 iter
1191	 5.433564e-05	 1567	 iter
1192	 5.433564e-05	 1568	 iter
1193	 5.433564e-05	 1569	 iter
1194	 5.433564e-05	 1570	 iter
1195	 5.433564e-05	 1571	 iter
1196	 5.433564e-05	 1572	 iter
1197	 5.428897e-05	 1574	 iter
1198	 5.422327e-05	 1576	 iter
1199	 5.387344e-05	 1578	 iter
1200	 5.387344e-05	 1579	 iter
1201	 5.387344e-05	 1581	 iter
1202	 5.387344e-05	 1582	 iter
1203	 5.387344e-05	 1583	 iter
1204	 5.387344e-05	 1584	 iter
1205	 5.387344e-05	 1585	 iter
1206	 5.387344e-05	 1586	 iter
1207	 5.366607e-05	 1588	 iter
1208	 5.366607e-05	 1589	 iter
1209	 5.351442e-05	 1591	 iter
1210	 5.351442e-05	 1592	 iter
1211	 5.351442e-05	 1593	 iter
1212	 5.351442e-05	 1594	 iter
1213	 5.351442e-05	 1595	 iter
1214	 5.333231e-05	 1597	 iter
1215	 5.333231e-05	 1598	 iter
1216	 5.333231e-05	 1599	 iter
1217	 5.333231e-05	 1600	 iter
1218	 5.315651e-05	 1602	 iter
1219	 5.315651e-05	 1603	 iter
1220	 5.315651e-05	 1604	 iter
1221	 5.310593e-05	 1606	 iter
1222	 5.310593e-05	 1607	 iter
1223	 5.310593e-05	 1609	 iter
1224	 5.295854e-05	 1611	 iter
1225	 5.295854e-05	 1612	 iter
1226	 5.295854e-05	 1613	 iter
1227	 5.290295e-05	 1615	 iter
1228	 5.290295e-05	 1616	 iter
1229	 5.290295e-05	 1617	 iter
1230	 5.290295e-05	 1618	 iter
1231	 5.279707e-05	 1620	 iter
1232	 5.259111e-05	 1622	 iter
1233	 5.259111e-05	 1623	 iter
1234	 5.259111e-05	 1624	 iter
1235	 5.259111e-05	 1625	 iter
1236	 5.259111e-05	 1626	 iter
1237	 5.259111e-05	 1627	 iter
1238	 5.259111e-05	 1629	 iter
1239	 5.259111e-05	 1630	 iter
1240	 5.247536e-05	 1632	 iter
1241	 5.192527e-05	 1634	 iter
1242	 5.192527e-05	 1635	 iter
1243	 5.192527e-05	 1636	 iter
1244	 5.192527e-05	 1637	 iter
1245	 5.192527e-05	 1638	 iter
1246	 5.192527e-05	 1639	 iter
1247	 5.192527e-05	 1640	 iter
1248	 5.192527e-05	 1641	 iter
1249	 5.192527e-05	 1642	 iter
1250	 5.192527e-05	 1643	 iter
1251	 5.191550e-05	 1645	 iter
1252	 5.190537e-05	 1647	 iter
1253	 5.190537e-05	 1648	 iter
1254	 5.190537e-05	 1649	 iter
1255	 5.190537e-05	 1650	 iter
1256	 5.190537e-05	 1651	 iter
1257	 5.190537e-05	 1653	 iter
1258	 5.160421e-05	 1655	 iter
1259	 5.160421e-05	 1656	 iter
1260	 5.151475e-05	 1658	 iter
1261	 5.151475e-05	 1659	 iter
1262	 5.151475e-05	 1660	 iter
1263	 5.038931e-05	 1662	 iter
1264	 5.038931e-05	 1663	 iter
1265	 5.038931e-05	 1664	 iter
1266	 5.038931e-05	 1665	 iter
1267	 5.038931e-05	 1666	 iter
1268	 5.038931e-05	 1667	 iter
1269	 5.038931e-05	 1668	 iter
1270	 5.038931e-05	 1669	 iter
1271	 5.038931e-05	 1670	 iter
1272	 5.038931e-05	 1671	 iter
1273	 5.038931e-05	 1672	 iter
1274	 5.038931e-05	 1673	 iter
1275	 5.038931e-05	 1674	 iter
1276	 5.038931e-05	 1675	 iter
1277	 5.038931e-05	 1676	 iter
1278	 5.038931e-05	 1677	 iter
1279	 5.012884e-05	 1679	 iter
1280	 5.012884e-05	 1680	 iter
1281	 5.012884e-05	 1681	 iter
1282	 5.012884e-05	 1682	 iter
1283	 4.870632e-05	 1684	 iter
1284	 4.870632e-05	 1685	 iter
1285	 4.870632e-05	 1686	 iter
1286	 4.870632e-05	 1687	 iter
1287	 4.870632e-05	 1688	 iter
1288	 4.870632e-05	 1689	 iter
1289	 4.870632e-05	 1690	 iter
1290	 4.870632e-05	 1691	 iter
1291	 4.870632e-05	 1692	 iter
1292	 4.870632e-05	 1693	 iter
1293	 4.870632e-05	 1694	 iter
1294	 4.870632e-05	 1696	 iter
1295	 4.870632e-05	 1697	 iter
1296	 4.870632e-05	 1698	 iter
1297	 4.858760e-05	 1700	 iter
1298	 4.858760e-05	 1701	 iter
1299	 4.749027e-05	 1703	 iter
1300	 4.749027e-05	 1704	 iter
1301	 4.749027e-05	 1705	 iter
1302	 4.749027e-05	 1706	 iter
1303	 4.749027e-05	 1707	 iter
1304	 4.749027e-05	 1708	 iter
1305	 4.749027e-05	 1709	 iter
1306	 4.749027e-05	 1710	 iter
1307	 4.749027e-05	 1712	 iter
1308	 4.749027e-05	 1713	 iter
1309	 4.749027e-05	 1714	 iter
1310	 4.742137e-05	 1716	 iter
1311	 4.742137e-05	 1717	 iter
1312	 4.735500e-05	 1719	 iter
1313	 4.735500e-05	 1721	 iter
1314	 4.685868e-05	 1723	 iter
1315	 4.678347e-05	 1725	 iter
1316	 4.678347e-05	 1726	 iter
1317	 4.678347e-05	 1727	 iter
1318	 4.636717e-05	 1729	 iter
1319	 4.636717e-05	 1730	 iter
1320	 4.582280e-05	 1732	 iter
1321	 4.582280e-05	 1733	 iter
1322	 4.582280e-05	 1734	 iter
1323	 4.582280e-05	 1735	 iter
1324	 4.582280e-05	 1736	 iter
1325	 4.582280e-05	 1737	 iter
1326	 4.582280e-05	 1738	 iter
1327	 4.582280e-05	 1739	 iter
1328	 4.582280e-05	 1740	 iter
1329	 4.582280e-05	 1741	 iter
1330	 4.582280e-05	 1742	 iter
1331	 4.582280e-05	 1743	 iter
1332	 4.582280e-05	 1744	 iter
1333	 4.546215e-05	 1746	 iter
1334	 4.511515e-05	 1748	 iter
1335	 4.511515e-05	 1749	 iter
1336	 4.511515e-05	 1751	 iter
1337	 4.511515e-05	 1752	 iter
1338	 4.511515e-05	 1753	 iter
1339	 4.511515e-05	 1754	 iter
1340	 4.511515e-05	 1755	 iter
1341	 4.511515e-05	 1757	 iter
1342	 4.464948e-05	 1759	 iter
1343	 4.464948e-05	 1761	 iter
1344	 4.464948e-05	 1763	 iter
1345	 4.464948e-05	 1765	 iter
1346	 4.464948e-05	 1767	 iter
1347	 4.464948e-05	 1768	 iter
1348	 4.464948e-05	 1769	 iter
1349	 4.464948e-05	 1770	 iter
1350	 4.464948e-05	 1771	 iter
1351	 4.464948e-05	 1772	 iter
1352	 4.464948e-05	 1773	 iter
1353	 4.413442e-05	 1775	 iter
1354	 4.413442e-05	 1776	 iter
1355	 4.413442e-05	 1777	 iter
1356	 4.413442e-05	 1779	 iter
1357	 4.413442e-05	 1780	 iter
1358	 4.413442e-05	 1781	 iter
1359	 4.373653e-05	 1783	 iter
1360	 4.373653e-05	 1785	 iter
1361	 4.373653e-05	 1786	 iter
1362	 4.373653e-05	 1787	 iter
1363	 4.373653e-05	 1789	 iter
1364	 4.373653e-05	 1790	 iter
1365	 4.373653e-05	 1791	 iter
1366	 4.373653e-05	 1792	 iter
1367	 4.373653e-05	 1793	 iter
1368	 4.373653e-05	 1794	 iter
1369	 4.373653e-05	 1795	 iter
1370	 4.373653e-05	 1796	 iter
1371	 4.362941e-05	 1798	 iter
1372	 4.333811e-05	 1800	 iter
1373	 4.333811e-05	 1801	 iter
1374	 4.333811e-05	 1802	 iter
1375	 4.323370e-05	 1804	 iter
1376	 4.318180e-05	 1806	 iter
1377	 4.318180e-05	 1807	 iter
1378	 4.318180e-05	 1808	 iter
1379	 4.318180e-05	 1809	 iter
1380	 4.318180e-05	 1810	 iter
1381	 4.318180e-05	 1811	 iter
1382	 4.318180e-05	 1812	 iter
1383	 4.318180e-05	 1813	 iter
1384	 4.298249e-05	 1815	 iter
1385	 4.298249e-05	 1816	 iter
1386	 4.298249e-05	 1817	 iter
1387	 4.298249e-05	 1818	 iter
1388	 4.298249e-05	 1819	 iter
1389	 4.298249e-05	 1820	 iter
1390	 4.298249e-05	 1821	 iter
1391	 4.298249e-05	 1823	 iter
1392	 4.298249e-05	 1824	 iter
1393	 4.298249e-05	 1825	 iter
1394	 4.286035e-05	 1827	 iter
1395	 4.286035e-05	 1828	 iter
1396	 4.286035e-05	 1829	 iter
1397	 4.285254e-05	 1831	 iter
1398	 4.285254e-05	 1832	 iter
1399	 4.285254e-05	 1834	 iter
1400	 4.285254e-05	 1835	 iter
1401	 4.285254e-05	 1837	 iter
1402	 4.275292e-05	 1839	 iter
1403	 4.275292e-05	 1840	 iter
1404	 4.275292e-05	 1841	 iter
1405	 4.275292e-05	 1843	 iter
1406	 4.275292e-05	 1845	 iter
1407	 4.275292e-05	 1847	 iter
1408	 4.260544e-05	 1849	 iter
1409	 4.260544e-05	 1850	 iter
1410	 4.260544e-05	 1852	 iter
1411	 4.260544e-05	 1853	 iter
1412	 4.260544e-05	 1854	 iter
1413	 4.260544e-05	 1856	 iter
1414	 4.260544e-05	 1858	 iter
1415	 4.241695e-05	 1860	 iter
1416	 4.241695e-05	 1861	 iter
1417	 4.241695e-05	 1862	 iter
1418	 4.241695e-05	 1864	 iter
1419	 4.241695e-05	 1865	 iter
1420	 4.225465e-05	 1867	 iter
1421	 4.225465e-05	 1868	 iter
1422	 4.205181e-05	 1870	 iter
1423	 4.205181e-05	 1871	 iter
1424	 4.205181e-05	 1872	 iter
1425	 4.205181e-05	 1873	 iter
1426	 4.205181e-05	 1875	 iter
1427	 4.205181e-05	 1876	 iter
1428	 4.205181e-05	 1877	 iter
1429	 4.205181e-05	 1878	 iter
1430	 4.205181e-05	 1879	 iter
1431	 4.205181e-05	 1880	 iter
1432	 4.205181e-05	 1881	 iter
1433	 4.205181e-05	 1882	 iter
1434	 4.205181e-05	 1883	 iter
1435	 4.172202e-05	 1885	 iter
1436	 4.172202e-05	 1886	 iter
1437	 4.172202e-05	 1887	 iter
1438	 4.172202e-05	 1888	 iter
1439	 4.172202e-05	 1889	 iter
1440	 4.172202e-05	 1890	 iter
1441	 4.172202e-05	 1891	 iter
1442	 4.149025e-05	 1893	 iter
1443	 4.149025e-05	 1894	 iter
1444	 4.149025e-05	 1895	 iter
1445	 4.149025e-05	 1896	 iter
1446	 4.149025e-05	 1897	 iter
1447	 4.149025e-05	 1898	 iter
1448	 4.149025e-05	 1899	 iter
1449	 4.149025e-05	 1900	 iter
1450	 4.149025e-05	 1901	 iter
1451	 4.149025e-05	 1902	 iter
1452	 4.149025e-05	 1903	 iter
1453	 4.149025e-05	 1904	 iter
1454	 4.149025e-05	 1905	 iter
1455	 4.113657e-05	 1907	 iter
1456	 4.113657e-05	 1908	 iter
1457	 4.113657e-05	 1909	 iter
1458	 4.113657e-05	 1910	 iter
1459	 4.113657e-05	 1912	 iter
1460	 4.113657e-05	 1913	 iter
1461	 4.113657e-05	 1914	 iter
1462	 4.113657e-05	 1915	 iter
1463	 4.112329e-05	 1917	 iter
1464	 4.100206e-05	 1919	 iter
1465	 4.096006e-05	 1921	 iter
1466	 4.096006e-05	 1922	 iter
1467	 4.096006e-05	 1923	 iter
1468	 4.096006e-05	 1924	 iter
1469	 4.093041e-05	 1926	 iter
1470	 4.084560e-05	 1928	 iter
1471	 4.084560e-05	 1929	 iter
1472	 4.084560e-05	 1930	 iter
1473	 4.084560e-05	 1931	 iter
1474	 4.023982e-05	 1933	 iter
1475	 4.023982e-05	 1934	 iter
1476	 4.023982e-05	 1935	 iter
1477	 4.023982e-05	 1936	 iter
1478	 4.023982e-05	 1937	 iter
1479	 4.023982e-05	 1938	 iter
1480	 4.023982e-05	 1939	 iter
1481	 4.023982e-05	 1940	 iter
1482	 4.023982e-05	 1941	 iter
1483	 4.023982e-05	 1942	 iter
1484	 4.023982e-05	 1943	 iter
1485	 4.023397e-05	 1945	 iter
1486	 4.023397e-05	 1946	 iter
1487	 4.023397e-05	 1947	 iter
1488	 3.986035e-05	 1949	 iter
1489	 3.986035e-05	 1950	 iter
1490	 3.986035e-05	 1951	 iter
1491	 3.986035e-05	 1952	 iter
1492	 3.986035e-05	 1953	 iter
1493	 3.945115e-05	 1955	 iter
1494	 3.945115e-05	 1956	 iter
1495	 3.945115e-05	 1957	 iter
1496	 3.945115e-05	 1958	 iter
1497	 3.945115e-05	 1959	 iter
1498	 3.945115e-05	 1960	 iter
1499	 3.945115e-05	 1961	 iter
1500	 3.945115e-05	 1962	 iter
1501	 3.945115e-05	 1963	 iter
1502	 3.945115e-05	 1964	 iter
1503	 3.945115e-05	 1965	 iter
1504	 3.945115e-05	 1966	 iter
1505	 3.928449e-05	 1968	 iter
1506	 3.928449e-05	 1969	 iter
1507	 3.911590e-05	 1971	 iter
1508	 3.911590e-05	 1972	 iter
1509	 3.908982e-05	 1974	 iter
1510	 3.908982e-05	 1975	 iter
1511	 3.908982e-05	 1976	 iter
1512	 3.908982e-05	 1977	 iter
1513	 3.908982e-05	 1978	 iter
1514	 3.908982e-05	 1979	 iter
1515	 3.908982e-05	 1980	 iter
1516	 3.908982e-05	 1981	 iter
1517	 3.908982e-05	 1982	 iter
1518	 3.908982e-05	 1983	 iter
1519	 3.908982e-05	 1984	 iter
1520	 3.908982e-05	 1985	 iter
1521	 3.908982e-05	 1987	 iter
1522	 3.908982e-05	 1988	 iter
1523	 3.908982e-05	 1990	 iter
1524	 3.908982e-05	 1992	 iter
1525	 3.908982e-05	 1993	 iter
1526	 3.908982e-05	 1995	 iter
1527	 3.908982e-05	 1997	 iter
1528	 3.908982e-05	 1998	 iter
1529	 3.904718e-05	 2000	 iter
1530	 3.904718e-05	 2002	 iter
1531	 3.904718e-05	 2004	 iter
1532	 3.902794e-05	 2006	 iter
1533	 3.902095e-05	 2008	 iter
1534	 3.900938e-05	 2010	 iter
1535	 3.899707e-05	 2012	 iter
1536	 3.896828e-05	 2014	 iter
1537	 3.896828e-05	 2016	 iter
1538	 3.896828e-05	 2018	 iter
1539	 3.896828e-05	 2019	 iter
1540	 3.896828e-05	 2020	 iter
1541	 3.896828e-05	 2021	 iter
1542	 3.896828e-05	 2022	 iter
1543	 3.896828e-05	 2023	 iter
1544	 3.896105e-05	 2025	 iter
1545	 3.896105e-05	 2027	 iter
1546	 3.895860e-05	 2029	 iter
1547	 3.894997e-05	 2031	 iter
1548	 3.894997e-05	 2032	 iter
1549	 3.894997e-05	 2033	 iter
1550	 3.893953e-05	 2035	 iter
1551	 3.893953e-05	 2037	 iter
1552	 3.893953e-05	 2039	 iter
1553	 3.892686e-05	 2041	 iter
1554	 3.892686e-05	 2043	 iter
1555	 3.892686e-05	 2045	 iter
1556	 3.892686e-05	 2046	 iter
1557	 3.892121e-05	 2048	 iter
1558	 3.892121e-05	 2049	 iter
1559	 3.890723e-05	 2051	 iter
1560	 3.890723e-05	 2052	 iter
1561	 3.890723e-05	 2053	 iter
1562	 3.890507e-05	 2055	 iter
1563	 3.890507e-05	 2056	 iter
1564	 3.889796e-05	 2058	 iter
1565	 3.889796e-05	 2059	 iter
1566	 3.889707e-05	 2061	 iter
1567	 3.889521e-05	 2063	 iter
1568	 3.889521e-05	 2065	 iter
1569	 3.889521e-05	 2067	 iter
1570	 3.889521e-05	 2069	 iter
1571	 3.889477e-05	 2071	 iter
1572	 3.889477e-05	 2073	 iter
1573	 3.889477e-05	 2074	 iter
1574	 3.889138e-05	 2076	 iter
1575	 3.889138e-05	 2078	 iter
1576	 3.889137e-05	 2080	 iter
1577	 3.888458e-05	 2082	 iter
1578	 3.888458e-05	 2083	 iter
1579	 3.888458e-05	 2084	 iter
1580	 3.888458e-05	 2086	 iter
1581	 3.888458e-05	 2088	 iter
1582	 3.888458e-05	 2090	 iter
1583	 3.888458e-05	 2091	 iter
1584	 3.888380e-05	 2093	 iter
1585	 3.888380e-05	 2094	 iter
1586	 3.888380e-05	 2095	 iter
1587	 3.888380e-05	 2096	 iter
1588	 3.888106e-05	 2098	 iter
1589	 3.888106e-05	 2099	 iter
1590	 3.888106e-05	 2100	 iter
1591	 3.888073e-05	 2102	 iter
1592	 3.888073e-05	 2103	 iter
1593	 3.887965e-05	 2105	 iter
1594	 3.887218e-05	 2107	 iter
1595	 3.887218e-05	 2108	 iter
1596	 3.887218e-05	 2110	 iter
1597	 3.887218e-05	 2112	 iter
1598	 3.887218e-05	 2113	 iter
1599	 3.887218e-05	 2114	 iter
1600	 3.887218e-05	 2115	 iter
1601	 3.887218e-05	 2117	 iter
1602	 3.887218e-05	 2118	 iter
1603	 3.887218e-05	 2119	 iter
1604	 3.887218e-05	 2121	 iter
1605	 3.887218e-05	 2123	 iter
1606	 3.887218e-05	 2125	 iter
1607	 3.887218e-05	 2127	 iter
1608	 3.886967e-05	 2129	 iter
1609	 3.886967e-05	 2131	 iter
1610	 3.886967e-05	 2132	 iter
1611	 3.886963e-05	 2134	 iter
1612	 3.886963e-05	 2136	 iter
1613	 3.886716e-05	 2138	 iter
1614	 3.886716e-05	 2139	 iter
1615	 3.886716e-05	 2140	 iter
1616	 3.886716e-05	 2142	 iter
1617	 3.886716e-05	 2144	 iter
1618	 3.886716e-05	 2145	 iter
1619	 3.886716e-05	 2146	 iter
1620	 3.886502e-05	 2148	 iter
1621	 3.886502e-05	 2149	 iter
1622	 3.886502e-05	 2150	 iter
1623	 3.886321e-05	 2152	 iter
1624	 3.886321e-05	 2153	 iter
1625	 3.886321e-05	 2154	 iter
1626	 3.886321e-05	 2156	 iter
1627	 3.886321e-05	 2157	 iter
1628	 3.886321e-05	 2158	 iter
1629	 3.886321e-05	 2159	 iter
1630	 3.886167e-05	 2161	 iter
1631	 3.886167e-05	 2162	 iter
1632	 3.886167e-05	 2163	 iter
1633	 3.886167e-05	 2164	 iter
1634	 3.886166e-05	 2166	 iter
1635	 3.886166e-05	 2167	 iter
1636	 3.886166e-05	 2169	 iter
1637	 3.886166e-05	 2170	 iter
1638	 3.886166e-05	 2171	 iter
1639	 3.886166e-05	 2173	 iter
1640	 3.886166e-05	 2174	 iter
1641	 3.886166e-05	 2175	 iter
1642	 3.886166e-05	 2176	 iter
1643	 3.886166e-05	 2177	 iter
1644	 3.886166e-05	 2179	 iter
1645	 3.886166e-05	 2180	 iter
1646	 3.886166e-05	 2182	 iter
1647	 3.886166e-05	 2183	 iter
1648	 3.885878e-05	 2185	 iter
1649	 3.885878e-05	 2186	 iter
1650	 3.885856e-05	 2188	 iter
1651	 3.885856e-05	 2190	 iter
1652	 3.885856e-05	 2192	 iter
1653	 3.885856e-05	 2193	 iter
1654	 3.885856e-05	 2195	 iter
1655	 3.885856e-05	 2196	 iter
1656	 3.885856e-05	 2198	 iter
1657	 3.885856e-05	 2199	 iter
1658	 3.885856e-05	 2200	 iter
1659	 3.885856e-05	 2202	 iter
1660	 3.885856e-05	 2204	 iter
1661	 3.885856e-05	 2206	 iter
1662	 3.885856e-05	 2208	 iter
1663	 3.885594e-05	 2210	 iter
1664	 3.885594e-05	 2211	 iter
1665	 3.885594e-05	 2212	 iter
1666	 3.885594e-05	 2213	 iter
1667	 3.885594e-05	 2214	 iter
1668	 3.885594e-05	 2215	 iter
1669	 3.885561e-05	 2217	 iter
1670	 3.885561e-05	 2218	 iter
1671	 3.885561e-05	 2220	 iter
1672	 3.885561e-05	 2221	 iter
1673	 3.885561e-05	 2222	 iter
1674	 3.885561e-05	 2223	 iter
1675	 3.885516e-05	 2225	 iter
1676	 3.885516e-05	 2226	 iter
1677	 3.885516e-05	 2227	 iter
1678	 3.885516e-05	 2228	 iter
1679	 3.885463e-05	 2230	 iter
1680	 3.885463e-05	 2231	 iter
1681	 3.885338e-05	 2233	 iter
1682	 3.885281e-05	 2235	 iter
1683	 3.885281e-05	 2236	 iter
1684	 3.885281e-05	 2237	 iter
1685	 3.885260e-05	 2239	 iter
1686	 3.885260e-05	 2240	 iter
1687	 3.885260e-05	 2241	 iter
1688	 3.885260e-05	 2242	 iter
1689	 3.885260e-05	 2243	 iter
1690	 3.885260e-05	 2244	 iter
1691	 3.885186e-05	 2246	 iter
1692	 3.885172e-05	 2248	 iter
1693	 3.885089e-05	 2250	 iter
1694	 3.885089e-05	 2251	 iter
1695	 3.885089e-05	 2252	 iter
1696	 3.885026e-05	 2254	 iter
1697	 3.885026e-05	 2255	 iter
1698	 3.885026e-05	 2256	 iter
1699	 3.885026e-05	 2257	 iter
1700	 3.885026e-05	 2258	 iter
1701	 3.885026e-05	 2259	 iter
1702	 3.885026e-05	 2260	 iter
1703	 3.885026e-05	 2262	 iter
1704	 3.884960e-05	 2264	 iter
1705	 3.884960e-05	 2265	 iter
1706	 3.884960e-05	 2266	 iter
1707	 3.884960e-05	 2268	 iter
1708	 3.884831e-05	 2270	 iter
1709	 3.884597e-05	 2272	 iter
1710	 3.884597e-05	 2273	 iter
1711	 3.884597e-05	 2274	 iter
1712	 3.884597e-05	 2275	 iter
1713	 3.884597e-05	 2276	 iter
1714	 3.884597e-05	 2277	 iter
1715	 3.884597e-05	 2278	 iter
1716	 3.884597e-05	 2279	 iter
1717	 3.884597e-05	 2280	 iter
1718	 3.884597e-05	 2281	 iter
1719	 3.884597e-05	 2282	 iter
1720	 3.884436e-05	 2284	 iter
1721	 3.884436e-05	 2285	 iter
1722	 3.884436e-05	 2286	 iter
1723	 3.884436e-05	 2287	 iter
1724	 3.884293e-05	 2289	 iter
1725	 3.884293e-05	 2290	 iter
1726	 3.883902e-05	 2292	 iter
1727	 3.883902e-05	 2293	 iter
1728	 3.883902e-05	 2294	 iter
1729	 3.883902e-05	 2295	 iter
1730	 3.883902e-05	 2296	 iter
1731	 3.883902e-05	 2297	 iter
1732	 3.883902e-05	 2298	 iter
1733	 3.883902e-05	 2299	 iter
1734	 3.883902e-05	 2300	 iter
1735	 3.883902e-05	 2301	 iter
1736	 3.883689e-05	 2303	 iter
1737	 3.883264e-05	 2305	 iter
1738	 3.883264e-05	 2306	 iter
1739	 3.883264e-05	 2307	 iter
1740	 3.883264e-05	 2308	 iter
1741	 3.883264e-05	 2309	 iter
1742	 3.883264e-05	 2310	 iter
1743	 3.883264e-05	 2311	 iter
1744	 3.883264e-05	 2312	 iter
1745	 3.883261e-05	 2314	 iter
1746	 3.883261e-05	 2315	 iter
1747	 3.883261e-05	 2316	 iter
1748	 3.883034e-05	 2318	 iter
1749	 3.882404e-05	 2320	 iter
1750	 3.882404e-05	 2321	 iter
1751	 3.882404e-05	 2322	 iter
1752	 3.882404e-05	 2323	 iter
1753	 3.882404e-05	 2324	 iter
1754	 3.882404e-05	 2325	 iter
1755	 3.882404e-05	 2326	 iter
1756	 3.882404e-05	 2327	 iter
1757	 3.882404e-05	 2328	 iter
1758	 3.882404e-05	 2329	 iter
1759	 3.882404e-05	 2330	 iter
1760	 3.882054e-05	 2332	 iter
1761	 3.882054e-05	 2333	 iter
1762	 3.882054e-05	 2334	 iter
1763	 3.881858e-05	 2336	 iter
1764	 3.881022e-05	 2338	 iter
1765	 3.881022e-05	 2339	 iter
1766	 3.881022e-05	 2340	 iter
1767	 3.881022e-05	 2341	 iter
1768	 3.881022e-05	 2342	 iter
1769	 3.881022e-05	 2343	 iter
1770	 3.881022e-05	 2344	 iter
1771	 3.881022e-05	 2345	 iter
1772	 3.881022e-05	 2346	 iter
1773	 3.881022e-05	 2347	 iter
1774	 3.881022e-05	 2348	 iter
1775	 3.881022e-05	 2349	 iter
1776	 3.881022e-05	 2350	 iter
1777	 3.881022e-05	 2351	 iter
1778	 3.881022e-05	 2352	 iter
1779	 3.881022e-05	 2353	 iter
1780	 3.880836e-05	 2355	 iter
1781	 3.880628e-05	 2357	 iter
1782	 3.880615e-05	 2359	 iter
1783	 3.880615e-05	 2360	 iter
1784	 3.880615e-05	 2361	 iter
1785	 3.880615e-05	 2362	 iter
1786	 3.880608e-05	 2364	 iter
1787	 3.880608e-05	 2365	 iter
1788	 3.880608e-05	 2366	 iter
1789	 3.880525e-05	 2368	 iter
1790	 3.880493e-05	 2370	 iter
1791	 3.880490e-05	 2372	 iter
1792	 3.880457e-05	 2374	 iter
1793	 3.880457e-05	 2375	 iter
1794	 3.880391e-05	 2377	 iter
1795	 3.880224e-05	 2379	 iter
1796	 3.880224e-05	 2380	 iter
1797	 3.880224e-05	 2381	 iter
1798	 3.880129e-05	 2383	 iter
1799	 3.880129e-05	 2384	 iter
1800	 3.880129e-05	 2385	 iter
1801	 3.880040e-05	 2387	 iter
1802	 3.880040e-05	 2388	 iter
1803	 3.880040e-05	 2389	 iter
1804	 3.880040e-05	 2390	 iter
1805	 3.880040e-05	 2391	 iter
1806	 3.880040e-05	 2393	 iter
1807	 3.879807e-05	 2395	 iter
1808	 3.879807e-05	 2396	 iter
1809	 3.879807e-05	 2397	 iter
1810	 3.879807e-05	 2398	 iter
1811	 3.879807e-05	 2399	 iter
1812	 3.879807e-05	 2400	 iter
1813	 3.879807e-05	 2401	 iter
1814	 3.879807e-05	 2402	 iter
1815	 3.879807e-05	 2403	 iter
1816	 3.879272e-05	 2405	 iter
1817	 3.879272e-05	 2406	 iter
1818	 3.879272e-05	 2407	 iter
1819	 3.879272e-05	 2409	 iter
1820	 3.879272e-05	 2410	 iter
1821	 3.879272e-05	 2411	 iter
1822	 3.879272e-05	 2412	 iter
1823	 3.879272e-05	 2413	 iter
1824	 3.879272e-05	 2414	 iter
1825	 3.879272e-05	 2415	 iter
1826	 3.879272e-05	 2416	 iter
1827	 3.879272e-05	 2417	 iter
1828	 3.879272e-05	 2418	 iter
1829	 3.879272e-05	 2419	 iter
1830	 3.879272e-05	 2420	 iter
1831	 3.879272e-05	 2421	 iter
1832	 3.879272e-05	 2422	 iter
1833	 3.879272e-05	 2423	 iter
1834	 3.879272e-05	 2424	 iter
1835	 3.879272e-05	 2425	 iter
1836	 3.879272e-05	 2426	 iter
1837	 3.878798e-05	 2428	 iter
1838	 3.878798e-05	 2429	 iter
1839	 3.878798e-05	 2430	 iter
1840	 3.878798e-05	 2431	 iter
1841	 3.878798e-05	 2432	 iter
1842	 3.878798e-05	 2433	 iter
1843	 3.878734e-05	 2435	 iter
1844	 3.878734e-05	 2437	 iter
1845	 3.878734e-05	 2438	 iter
1846	 3.878734e-05	 2439	 iter
1847	 3.878734e-05	 2440	 iter
1848	 3.878734e-05	 2441	 iter
1849	 3.878734e-05	 2442	 iter
1850	 3.878734e-05	 2443	 iter
1851	 3.878143e-05	 2445	 iter
1852	 3.878143e-05	 2446	 iter
1853	 3.878143e-05	 2447	 iter
1854	 3.878143e-05	 2448	 iter
1855	 3.878143e-05	 2449	 iter
1856	 3.877243e-05	 2451	 iter
1857	 3.877243e-05	 2452	 iter
1858	 3.877243e-05	 2453	 iter
1859	 3.877243e-05	 2454	 iter
1860	 3.877243e-05	 2455	 iter
1861	 3.877243e-05	 2456	 iter
1862	 3.877243e-05	 2457	 iter
1863	 3.877243e-05	 2458	 iter
1864	 3.877243e-05	 2459	 iter
1865	 3.877243e-05	 2460	 iter
1866	 3.877243e-05	 2461	 iter
1867	 3.877243e-05	 2462	 iter
1868	 3.877243e-05	 2463	 iter
1869	 3.876459e-05	 2465	 iter
1870	 3.876459e-05	 2466	 iter
1871	 3.876459e-05	 2467	 iter
1872	 3.876459e-05	 2468	 iter
1873	 3.876459e-05	 2469	 iter
1874	 3.876459e-05	 2470	 iter
1875	 3.876459e-05	 2471	 iter
1876	 3.876459e-05	 2472	 iter
1877	 3.876459e-05	 2473	 iter
1878	 3.876459e-05	 2474	 iter
1879	 3.876459e-05	 2475	 iter
1880	 3.876459e-05	 2476	 iter
1881	 3.875406e-05	 2478	 iter
1882	 3.875406e-05	 2479	 iter
1883	 3.875406e-05	 2480	 iter
1884	 3.875406e-05	 2481	 iter
1885	 3.875406e-05	 2482	 iter
1886	 3.875406e-05	 2483	 iter
1887	 3.874458e-05	 2485	 iter
1888	 3.874458e-05	 2486	 iter
1889	 3.874458e-05	 2487	 iter
1890	 3.874458e-05	 2488	 iter
1891	 3.874458e-05	 2489	 iter
1892	 3.874458e-05	 2490	 iter
1893	 3.874458e-05	 2491	 iter
1894	 3.874458e-05	 2492	 iter
1895	 3.873639e-05	 2494	 iter
1896	 3.873639e-05	 2495	 iter
1897	 3.873639e-05	 2496	 iter
1898	 3.873639e-05	 2497	 iter
1899	 3.873639e-05	 2498	 iter
1900	 3.873639e-05	 2499	 iter
1901	 3.873502e-05	 2501	 iter
1902	 3.873305e-05	 2503	 iter
1903	 3.873180e-05	 2505	 iter
1904	 3.873180e-05	 2506	 iter
1905	 3.871380e-05	 2508	 iter
1906	 3.871380e-05	 2509	 iter
1907	 3.871380e-05	 2510	 iter
1908	 3.871380e-05	 2511	 iter
1909	 3.871380e-05	 2512	 iter
1910	 3.871380e-05	 2513	 iter
1911	 3.869183e-05	 2515	 iter
1912	 3.869183e-05	 2516	 iter
1913	 3.869183e-05	 2517	 iter
1914	 3.869183e-05	 2518	 iter
1915	 3.869183e-05	 2519	 iter
1916	 3.869183e-05	 2520	 iter
1917	 3.869183e-05	 2521	 iter
1918	 3.869183e-05	 2522	 iter
1919	 3.869183e-05	 2523	 iter
1920	 3.868325e-05	 2525	 iter
1921	 3.868325e-05	 2526	 iter
1922	 3.868325e-05	 2527	 iter
1923	 3.867313e-05	 2529	 iter
1924	 3.865456e-05	 2531	 iter
1925	 3.865456e-05	 2532	 iter
1926	 3.865456e-05	 2533	 iter
1927	 3.865456e-05	 2534	 iter
1928	 3.865456e-05	 2535	 iter
1929	 3.865456e-05	 2536	 iter
1930	 3.865456e-05	 2537	 iter
1931	 3.865456e-05	 2538	 iter
1932	 3.863696e-05	 2540	 iter
1933	 3.863696e-05	 2541	 iter
1934	 3.863696e-05	 2542	 iter
1935	 3.862270e-05	 2544	 iter
1936	 3.862270e-05	 2545	 iter
1937	 3.859737e-05	 2547	 iter
1938	 3.859737e-05	 2548	 iter
1939	 3.859737e-05	 2549	 iter
1940	 3.859737e-05	 2550	 iter
1941	 3.859737e-05	 2551	 iter
1942	 3.859737e-05	 2552	 iter
1943	 3.857925e-05	 2554	 iter
1944	 3.857925e-05	 2555	 iter
1945	 3.857925e-05	 2556	 iter
1946	 3.857925e-05	 2557	 iter
1947	 3.856258e-05	 2559	 iter
1948	 3.853897e-05	 2561	 iter
1949	 3.853897e-05	 2562	 iter
1950	 3.853897e-05	 2563	 iter
1951	 3.853897e-05	 2564	 iter
1952	 3.851944e-05	 2566	 iter
1953	 3.851944e-05	 2567	 iter
1954	 3.851944e-05	 2568	 iter
1955	 3.851944e-05	 2569	 iter
1956	 3.851944e-05	 2570	 iter
1957	 3.851944e-05	 2571	 iter
1958	 3.851435e-05	 2573	 iter
1959	 3.851435e-05	 2574	 iter
1960	 3.851435e-05	 2575	 iter
1961	 3.851435e-05	 2576	 iter
1962	 3.850532e-05	 2578	 iter
1963	 3.849688e-05	 2580	 iter
1964	 3.848656e-05	 2582	 iter
1965	 3.847507e-05	 2584	 iter
1966	 3.847507e-05	 2585	 iter
1967	 3.847507e-05	 2586	 iter
1968	 3.845726e-05	 2588	 iter
1969	 3.845726e-05	 2589	 iter
1970	 3.845726e-05	 2590	 iter
1971	 3.845726e-05	 2591	 iter
1972	 3.845726e-05	 2592	 iter
1973	 3.845726e-05	 2593	 iter
1974	 3.841994e-05	 2595	 iter
1975	 3.841994e-05	 2596	 iter
1976	 3.841994e-05	 2597	 iter
1977	 3.841994e-05	 2598	 iter
1978	 3.841994e-05	 2599	 iter
1979	 3.841994e-05	 2600	 iter
1980	 3.841994e-05	 2601	 iter
1981	 3.841994e-05	 2602	 iter
1982	 3.841994e-05	 2603	 iter
1983	 3.841994e-05	 2604	 iter
1984	 3.841338e-05	 2606	 iter
1985	 3.841338e-05	 2607	 iter
1986	 3.841338e-05	 2608	 iter
1987	 3.840963e-05	 2610	 iter
1988	 3.840963e-05	 2611	 iter
1989	 3.840963e-05	 2612	 iter
1990	 3.840473e-05	 2614	 iter
1991	 3.840473e-05	 2615	 iter
1992	 3.840473e-05	 2616	 iter
1993	 3.840473e-05	 2617	 iter
1994	 3.837232e-05	 2619	 iter
1995	 3.835777e-05	 2621	 iter
1996	 3.835777e-05	 2622	 iter
1997	 3.835777e-05	 2623	 iter
1998	 3.835777e-05	 2624	 iter
1999	 3.835531e-05	 2626	 iter
2000	 3.833989e-05	 2628	 iter
2001	 3.833989e-05	 2629	 iter
2002	 3.833989e-05	 2630	 iter
2003	 3.833989e-05	 2631	 iter
2004	 3.833989e-05	 2632	 iter
2005	 3.833989e-05	 2633	 iter
2006	 3.832840e-05	 2635	 iter
2007	 3.832840e-05	 2636	 iter
2008	 3.832305e-05	 2638	 iter
2009	 3.832305e-05	 2639	 iter
2010	 3.832305e-05	 2640	 iter
2011	 3.831767e-05	 2642	 iter
2012	 3.831767e-05	 2643	 iter
2013	 3.829371e-05	 2645	 iter
2014	 3.829371e-05	 2646	 iter
2015	 3.829371e-05	 2647	 iter
2016	 3.829371e-05	 2648	 iter
2017	 3.829371e-05	 2649	 iter
2018	 3.827984e-05	 2651	 iter
2019	 3.827984e-05	 2653	 iter
2020	 3.827984e-05	 2654	 iter
2021	 3.826768e-05	 2656	 iter
2022	 3.826768e-05	 2657	 iter
2023	 3.826768e-05	 2658	 iter
2024	 3.826768e-05	 2659	 iter
2025	 3.818858e-05	 2661	 iter
2026	 3.818858e-05	 2662	 iter
2027	 3.818858e-05	 2663	 iter
2028	 3.818858e-05	 2664	 iter
2029	 3.818858e-05	 2665	 iter
2030	 3.818858e-05	 2666	 iter
2031	 3.818858e-05	 2667	 iter
2032	 3.818858e-05	 2668	 iter
2033	 3.818858e-05	 2669	 iter
2034	 3.818858e-05	 2670	 iter
2035	 3.818858e-05	 2671	 iter
2036	 3.814516e-05	 2673	 iter
2037	 3.814516e-05	 2674	 iter
2038	 3.809095e-05	 2676	 iter
2039	 3.809095e-05	 2677	 iter
2040	 3.809095e-05	 2678	 iter
2041	 3.809095e-05	 2679	 iter
2042	 3.809095e-05	 2680	 iter
2043	 3.808111e-05	 2682	 iter
2044	 3.808111e-05	 2683	 iter
2045	 3.804927e-05	 2685	 iter
2046	 3.804927e-05	 2686	 iter
2047	 3.798899e-05	 2688	 iter
2048	 3.798899e-05	 2689	 iter
2049	 3.790882e-05	 2691	 iter
2050	 3.790882e-05	 2692	 iter
2051	 3.790882e-05	 2693	 iter
2052	 3.790882e-05	 2694	 iter
2053	 3.790882e-05	 2695	 iter
2054	 3.790882e-05	 2696	 iter
2055	 3.790882e-05	 2697	 iter
2056	 3.790882e-05	 2698	 iter
2057	 3.790882e-05	 2699	 iter
2058	 3.790882e-05	 2700	 iter
2059	 3.780945e-05	 2702	 iter
2060	 3.780945e-05	 2703	 iter
2061	 3.780945e-05	 2704	 iter
2062	 3.767332e-05	 2706	 iter
2063	 3.767332e-05	 2707	 iter
2064	 3.767332e-05	 2708	 iter
2065	 3.767332e-05	 2709	 iter
2066	 3.767332e-05	 2710	 iter
2067	 3.767332e-05	 2711	 iter
2068	 3.767332e-05	 2712	 iter
2069	 3.767332e-05	 2713	 iter
2070	 3.767332e-05	 2714	 iter
2071	 3.767332e-05	 2715	 iter
2072	 3.760114e-05	 2717	 iter
2073	 3.760114e-05	 2718	 iter
2074	 3.760114e-05	 2719	 iter
2075	 3.760114e-05	 2720	 iter
2076	 3.743064e-05	 2722	 iter
2077	 3.743064e-05	 2723	 iter
2078	 3.743064e-05	 2724	 iter
2079	 3.743064e-05	 2725	 iter
2080	 3.743064e-05	 2726	 iter
2081	 3.743064e-05	 2727	 iter
2082	 3.743064e-05	 2728	 iter
2083	 3.740275e-05	 2730	 iter
2084	 3.734877e-05	 2732	 iter
2085	 3.732684e-05	 2734	 iter
2086	 3.732684e-05	 2735	 iter
2087	 3.732684e-05	 2736	 iter
2088	 3.709410e-05	 2738	 iter
2089	 3.709410e-05	 2739	 iter
2090	 3.709410e-05	 2740	 iter
2091	 3.709410e-05	 2741	 iter
2092	 3.709410e-05	 2742	 iter
2093	 3.709410e-05	 2743	 iter
2094	 3.702316e-05	 2745	 iter
2095	 3.702316e-05	 2746	 iter
2096	 3.702316e-05	 2747	 iter
2097	 3.702316e-05	 2748	 iter
2098	 3.702316e-05	 2749	 iter
2099	 3.699873e-05	 2751	 iter
2100	 3.699873e-05	 2752	 iter
2101	 3.699873e-05	 2753	 iter
2102	 3.695186e-05	 2755	 iter
2103	 3.686010e-05	 2757	 iter
2104	 3.686010e-05	 2758	 iter
2105	 3.686010e-05	 2759	 iter
2106	 3.686010e-05	 2761	 iter
2107	 3.686010e-05	 2762	 iter
2108	 3.686010e-05	 2763	 iter
2109	 3.686010e-05	 2764	 iter
2110	 3.680124e-05	 2766	 iter
2111	 3.678111e-05	 2768	 iter
2112	 3.678111e-05	 2769	 iter
2113	 3.678111e-05	 2770	 iter
2114	 3.676839e-05	 2772	 iter
2115	 3.676839e-05	 2773	 iter
2116	 3.676839e-05	 2774	 iter
2117	 3.676839e-05	 2775	 iter
2118	 3.676839e-05	 2776	 iter
2119	 3.676839e-05	 2777	 iter
2120	 3.676839e-05	 2778	 iter
2121	 3.676839e-05	 2779	 iter
2122	 3.676839e-05	 2780	 iter
2123	 3.676839e-05	 2781	 iter
2124	 3.676839e-05	 2782	 iter
2125	 3.667709e-05	 2784	 iter
2126	 3.667709e-05	 2785	 iter
2127	 3.667709e-05	 2786	 iter
2128	 3.667709e-05	 2787	 iter
2129	 3.667709e-05	 2788	 iter
2130	 3.667709e-05	 2789	 iter
2131	 3.667709e-05	 2790	 iter
2132	 3.667709e-05	 2791	 iter
2133	 3.667709e-05	 2792	 iter
2134	 3.667709e-05	 2794	 iter
2135	 3.667709e-05	 2796	 iter
2136	 3.667709e-05	 2797	 iter
2137	 3.667709e-05	 2799	 iter
2138	 3.667709e-05	 2800	 iter
2139	 3.667709e-05	 2801	 iter
2140	 3.667709e-05	 2802	 iter
2141	 3.667709e-05	 2803	 iter
2142	 3.667709e-05	 2805	 iter
2143	 3.667709e-05	 2806	 iter
2144	 3.667709e-05	 2807	 iter
2145	 3.667709e-05	 2809	 iter
2146	 3.667709e-05	 2811	 iter
2147	 3.667709e-05	 2813	 iter
2148	 3.667709e-05	 2815	 iter
2149	 3.662195e-05	 2817	 iter
2150	 3.662195e-05	 2819	 iter
2151	 3.662195e-05	 2820	 iter
2152	 3.662195e-05	 2821	 iter
2153	 3.662195e-05	 2822	 iter
2154	 3.662195e-05	 2823	 iter
2155	 3.662195e-05	 2824	 iter
2156	 3.662195e-05	 2825	 iter
2157	 3.662195e-05	 2827	 iter
2158	 3.662195e-05	 2828	 iter
2159	 3.662195e-05	 2830	 iter
2160	 3.662195e-05	 2831	 iter
2161	 3.662195e-05	 2832	 iter
2162	 3.662195e-05	 2834	 iter
2163	 3.662195e-05	 2835	 iter
2164	 3.661014e-05	 2837	 iter
2165	 3.661014e-05	 2838	 iter
2166	 3.660678e-05	 2840	 iter
2167	 3.660071e-05	 2842	 iter
2168	 3.657787e-05	 2844	 iter
2169	 3.657787e-05	 2845	 iter
2170	 3.657787e-05	 2847	 iter
2171	 3.657787e-05	 2848	 iter
2172	 3.657787e-05	 2850	 iter
2173	 3.657787e-05	 2851	 iter
2174	 3.657787e-05	 2852	 iter
2175	 3.657787e-05	 2853	 iter
2176	 3.657787e-05	 2855	 iter
2177	 3.657787e-05	 2856	 iter
2178	 3.657787e-05	 2857	 iter
2179	 3.657787e-05	 2858	 iter
2180	 3.657787e-05	 2859	 iter
2181	 3.657787e-05	 2860	 iter
2182	 3.655825e-05	 2862	 iter
2183	 3.655825e-05	 2863	 iter
2184	 3.655440e-05	 2865	 iter
2185	 3.655440e-05	 2866	 iter
2186	 3.655440e-05	 2868	 iter
2187	 3.647857e-05	 2870	 iter
2188	 3.647857e-05	 2871	 iter
2189	 3.647857e-05	 2872	 iter
2190	 3.647857e-05	 2873	 iter
2191	 3.647857e-05	 2874	 iter
2192	 3.647857e-05	 2875	 iter
2193	 3.647857e-05	 2876	 iter
2194	 3.647857e-05	 2877	 iter
2195	 3.647857e-05	 2878	 iter
2196	 3.647857e-05	 2879	 iter
2197	 3.647857e-05	 2880	 iter
2198	 3.647857e-05	 2881	 iter
2199	 3.647857e-05	 2882	 iter
2200	 3.647857e-05	 2883	 iter
2201	 3.647857e-05	 2884	 iter
2202	 3.647857e-05	 2885	 iter
2203	 3.647857e-05	 2886	 iter
2204	 3.647857e-05	 2887	 iter
2205	 3.647857e-05	 2888	 iter
2206	 3.647857e-05	 2889	 iter
2207	 3.646771e-05	 2891	 iter
2208	 3.646771e-05	 2892	 iter
2209	 3.645842e-05	 2894	 iter
2210	 3.645842e-05	 2895	 iter
2211	 3.645842e-05	 2896	 iter
2212	 3.645842e-05	 2897	 iter
2213	 3.645842e-05	 2898	 iter
2214	 3.645316e-05	 2900	 iter
2215	 3.645301e-05	 2902	 iter
2216	 3.643885e-05	 2904	 iter
2217	 3.643294e-05	 2906	 iter
2218	 3.642234e-05	 2908	 iter
2219	 3.642234e-05	 2909	 iter
2220	 3.642234e-05	 2911	 iter
2221	 3.642234e-05	 2912	 iter
2222	 3.642234e-05	 2913	 iter
2223	 3.642234e-05	 2914	 iter
2224	 3.642234e-05	 2915	 iter
2225	 3.642234e-05	 2916	 iter
2226	 3.642234e-05	 2917	 iter
2227	 3.642234e-05	 2919	 iter
2228	 3.638477e-05	 2921	 iter
2229	 3.638477e-05	 2922	 iter
2230	 3.638477e-05	 2923	 iter
2231	 3.638477e-05	 2924	 iter
2232	 3.636934e-05	 2926	 iter
2233	 3.636934e-05	 2927	 iter
2234	 3.636934e-05	 2928	 iter
2235	 3.636240e-05	 2930	 iter
2236	 3.636240e-05	 2931	 iter
2237	 3.636240e-05	 2932	 iter
2238	 3.636240e-05	 2933	 iter
2239	 3.631900e-05	 2935	 iter
2240	 3.631900e-05	 2936	 iter
2241	 3.631900e-05	 2937	 iter
2242	 3.627091e-05	 2939	 iter
2243	 3.627091e-05	 2940	 iter
2244	 3.627091e-05	 2941	 iter
2245	 3.627091e-05	 2942	 iter
2246	 3.627091e-05	 2943	 iter
2247	 3.627091e-05	 2944	 iter
2248	 3.624662e-05	 2946	 iter
2249	 3.624662e-05	 2947	 iter
2250	 3.624662e-05	 2948	 iter
2251	 3.624498e-05	 2950	 iter
2252	 3.620042e-05	 2952	 iter
2253	 3.620042e-05	 2953	 iter
2254	 3.620042e-05	 2954	 iter
2255	 3.620042e-05	 2955	 iter
2256	 3.613215e-05	 2957	 iter
2257	 3.613215e-05	 2958	 iter
2258	 3.613215e-05	 2959	 iter
2259	 3.613215e-05	 2960	 iter
2260	 3.606182e-05	 2962	 iter
2261	 3.606182e-05	 2963	 iter
2262	 3.606182e-05	 2964	 iter
2263	 3.600609e-05	 2966	 iter
2264	 3.600609e-05	 2967	 iter
2265	 3.600609e-05	 2968	 iter
2266	 3.600609e-05	 2969	 iter
2267	 3.596022e-05	 2971	 iter
2268	 3.596022e-05	 2972	 iter
2269	 3.579996e-05	 2974	 iter
2270	 3.579996e-05	 2975	 iter
2271	 3.579996e-05	 2976	 iter
2272	 3.579996e-05	 2977	 iter
2273	 3.579996e-05	 2978	 iter
2274	 3.568860e-05	 2980	 iter
2275	 3.568860e-05	 2981	 iter
2276	 3.568860e-05	 2982	 iter
2277	 3.568860e-05	 2983	 iter
2278	 3.568860e-05	 2984	 iter
2279	 3.568860e-05	 2985	 iter
2280	 3.568860e-05	 2986	 iter
2281	 3.556750e-05	 2988	 iter
2282	 3.556750e-05	 2989	 iter
2283	 3.556750e-05	 2990	 iter
2284	 3.556750e-05	 2991	 iter
2285	 3.536501e-05	 2993	 iter
2286	 3.536501e-05	 2994	 iter
2287	 3.536501e-05	 2995	 iter
2288	 3.536501e-05	 2996	 iter
2289	 3.536501e-05	 2997	 iter
2290	 3.536501e-05	 2998	 iter
2291	 3.536501e-05	 2999	 iter
2292	 3.536501e-05	 3000	 iter
2293	 3.536501e-05	 3001	 iter
2294	 3.531392e-05	 3003	 iter
2295	 3.531392e-05	 3004	 iter
2296	 3.507592e-05	 3006	 iter
2297	 3.507592e-05	 3007	 iter
2298	 3.507592e-05	 3008	 iter
2299	 3.507592e-05	 3009	 iter
2300	 3.507592e-05	 3010	 iter
2301	 3.495312e-05	 3012	 iter
2302	 3.495312e-05	 3013	 iter
2303	 3.495312e-05	 3014	 iter
2304	 3.495312e-05	 3015	 iter
2305	 3.495312e-05	 3016	 iter
2306	 3.495312e-05	 3017	 iter
2307	 3.486111e-05	 3019	 iter
2308	 3.475172e-05	 3021	 iter
2309	 3.475172e-05	 3022	 iter
2310	 3.475135e-05	 3024	 iter
2311	 3.475135e-05	 3025	 iter
2312	 3.452198e-05	 3027	 iter
2313	 3.452198e-05	 3028	 iter
2314	 3.431902e-05	 3030	 iter
2315	 3.431902e-05	 3031	 iter
2316	 3.431902e-05	 3032	 iter
2317	 3.431902e-05	 3033	 iter
2318	 3.421394e-05	 3035	 iter
2319	 3.421394e-05	 3036	 iter
2320	 3.421394e-05	 3037	 iter
2321	 3.421394e-05	 3038	 iter
2322	 3.400029e-05	 3040	 iter
2323	 3.388767e-05	 3042	 iter
2324	 3.388767e-05	 3043	 iter
2325	 3.388767e-05	 3044	 iter
2326	 3.388767e-05	 3045	 iter
2327	 3.388157e-05	 3047	 iter
2328	 3.382024e-05	 3049	 iter
2329	 3.374583e-05	 3051	 iter
2330	 3.347185e-05	 3053	 iter
2331	 3.347185e-05	 3054	 iter
2332	 3.328520e-05	 3056	 iter
2333	 3.328520e-05	 3057	 iter
2334	 3.328520e-05	 3058	 iter
2335	 3.328520e-05	 3059	 iter
2336	 3.328520e-05	 3060	 iter
2337	 3.316217e-05	 3062	 iter
2338	 3.316217e-05	 3063	 iter
2339	 3.316217e-05	 3064	 iter
2340	 3.316217e-05	 3065	 iter
2341	 3.307855e-05	 3067	 iter
2342	 3.307855e-05	 3068	 iter
2343	 3.307855e-05	 3069	 iter
2344	 3.307855e-05	 3070	 iter
2345	 3.307855e-05	 3071	 iter
2346	 3.307855e-05	 3072	 iter
2347	 3.297790e-05	 3074	 iter
2348	 3.280675e-05	 3076	 iter
2349	 3.280675e-05	 3077	 iter
2350	 3.280675e-05	 3078	 iter
2351	 3.280675e-05	 3079	 iter
2352	 3.280675e-05	 3080	 iter
2353	 3.280675e-05	 3081	 iter
2354	 3.280448e-05	 3083	 iter
2355	 3.280448e-05	 3084	 iter
2356	 3.280448e-05	 3086	 iter
2357	 3.243092e-05	 3088	 iter
2358	 3.243092e-05	 3089	 iter
2359	 3.243092e-05	 3090	 iter
2360	 3.243092e-05	 3091	 iter
2361	 3.243092e-05	 3092	 iter
2362	 3.243092e-05	 3093	 iter
2363	 3.243092e-05	 3094	 iter
2364	 3.243092e-05	 3095	 iter
2365	 3.243092e-05	 3096	 iter
2366	 3.243092e-05	 3097	 iter
2367	 3.229925e-05	 3099	 iter
2368	 3.229925e-05	 3100	 iter
2369	 3.226488e-05	 3102	 iter
2370	 3.226488e-05	 3103	 iter
2371	 3.226488e-05	 3104	 iter
2372	 3.226488e-05	 3106	 iter
2373	 3.220848e-05	 3108	 iter
2374	 3.220848e-05	 3109	 iter
2375	 3.216748e-05	 3111	 iter
2376	 3.216748e-05	 3112	 iter
2377	 3.216748e-05	 3113	 iter
2378	 3.216748e-05	 3114	 iter
2379	 3.216748e-05	 3115	 iter
2380	 3.216748e-05	 3116	 iter
2381	 3.216748e-05	 3117	 iter
2382	 3.216748e-05	 3118	 iter
2383	 3.216748e-05	 3119	 iter
2384	 3.202058e-05	 3121	 iter
2385	 3.202058e-05	 3122	 iter
2386	 3.202058e-05	 3124	 iter
2387	 3.200392e-05	 3126	 iter
2388	 3.200392e-05	 3127	 iter
2389	 3.200392e-05	 3128	 iter
2390	 3.200392e-05	 3129	 iter
2391	 3.200392e-05	 3130	 iter
2392	 3.197676e-05	 3132	 iter
2393	 3.192676e-05	 3134	 iter
2394	 3.192676e-05	 3135	 iter
2395	 3.192676e-05	 3136	 iter
2396	 3.192676e-05	 3138	 iter
2397	 3.192676e-05	 3139	 iter
2398	 3.191167e-05	 3141	 iter
2399	 3.191167e-05	 3142	 iter
2400	 3.191167e-05	 3143	 iter
2401	 3.191167e-05	 3144	 iter
2402	 3.191167e-05	 3145	 iter
2403	 3.171849e-05	 3147	 iter
2404	 3.168517e-05	 3149	 iter
2405	 3.168517e-05	 3150	 iter
2406	 3.168517e-05	 3151	 iter
2407	 3.168517e-05	 3152	 iter
2408	 3.168517e-05	 3154	 iter
2409	 3.168517e-05	 3155	 iter
2410	 3.168517e-05	 3156	 iter
2411	 3.168517e-05	 3157	 iter
2412	 3.168517e-05	 3158	 iter
2413	 3.168517e-05	 3159	 iter
2414	 3.168517e-05	 3160	 iter
2415	 3.168517e-05	 3161	 iter
2416	 3.168517e-05	 3162	 iter
2417	 3.168517e-05	 3163	 iter
2418	 3.157390e-05	 3165	 iter
2419	 3.157390e-05	 3167	 iter
2420	 3.157390e-05	 3168	 iter
2421	 3.157390e-05	 3170	 iter
2422	 3.157390e-05	 3171	 iter
2423	 3.157390e-05	 3172	 iter
2424	 3.154196e-05	 3174	 iter
2425	 3.154196e-05	 3175	 iter
2426	 3.154196e-05	 3176	 iter
2427	 3.154196e-05	 3177	 iter
2428	 3.154196e-05	 3178	 iter
2429	 3.148811e-05	 3180	 iter
2430	 3.148811e-05	 3182	 iter
2431	 3.148811e-05	 3183	 iter
2432	 3.148811e-05	 3185	 iter
2433	 3.148811e-05	 3187	 iter
2434	 3.148811e-05	 3188	 iter
2435	 3.147864e-05	 3190	 iter
2436	 3.147864e-05	 3192	 iter
2437	 3.147864e-05	 3193	 iter
2438	 3.147864e-05	 3194	 iter
2439	 3.147864e-05	 3195	 iter
2440	 3.145051e-05	 3197	 iter
2441	 3.145051e-05	 3198	 iter
2442	 3.145051e-05	 3199	 iter
2443	 3.141978e-05	 3201	 iter
2444	 3.141978e-05	 3202	 iter
2445	 3.141978e-05	 3203	 iter
2446	 3.141978e-05	 3205	 iter
2447	 3.141978e-05	 3206	 iter
2448	 3.141978e-05	 3207	 iter
2449	 3.141978e-05	 3208	 iter
2450	 3.141978e-05	 3210	 iter
2451	 3.138598e-05	 3212	 iter
2452	 3.138598e-05	 3213	 iter
2453	 3.138598e-05	 3214	 iter
2454	 3.138598e-05	 3216	 iter
2455	 3.138598e-05	 3217	 iter
2456	 3.138598e-05	 3219	 iter
2457	 3.135407e-05	 3221	 iter
2458	 3.135407e-05	 3222	 iter
2459	 3.135407e-05	 3224	 iter
2460	 3.135407e-05	 3225	 iter
2461	 3.135407e-05	 3226	 iter
2462	 3.135407e-05	 3228	 iter
2463	 3.135407e-05	 3229	 iter
2464	 3.133539e-05	 3231	 iter
2465	 3.133539e-05	 3232	 iter
2466	 3.133539e-05	 3233	 iter
2467	 3.133539e-05	 3234	 iter
2468	 3.130524e-05	 3236	 iter
2469	 3.129882e-05	 3238	 iter
2470	 3.129882e-05	 3239	 iter
2471	 3.128128e-05	 3241	 iter
2472	 3.128128e-05	 3242	 iter
2473	 3.128128e-05	 3243	 iter
2474	 3.127727e-05	 3245	 iter
2475	 3.127727e-05	 3247	 iter
2476	 3.127727e-05	 3248	 iter
2477	 3.127567e-05	 3250	 iter
2478	 3.123363e-05	 3252	 iter
2479	 3.123363e-05	 3253	 iter
2480	 3.123363e-05	 3254	 iter
2481	 3.123363e-05	 3255	 iter
2482	 3.123363e-05	 3256	 iter
2483	 3.123363e-05	 3257	 iter
2484	 3.122624e-05	 3259	 iter
2485	 3.122624e-05	 3260	 iter
2486	 3.122624e-05	 3261	 iter
2487	 3.122624e-05	 3262	 iter
2488	 3.122624e-05	 3263	 iter
2489	 3.122624e-05	 3264	 iter
2490	 3.122624e-05	 3266	 iter
2491	 3.120207e-05	 3268	 iter
2492	 3.119962e-05	 3270	 iter
2493	 3.119962e-05	 3271	 iter
2494	 3.119492e-05	 3273	 iter
2495	 3.119492e-05	 3274	 iter
2496	 3.119492e-05	 3275	 iter
2497	 3.119492e-05	 3277	 iter
2498	 3.116992e-05	 3279	 iter
2499	 3.116992e-05	 3280	 iter
2500	 3.115566e-05	 3282	 iter
2501	 3.115566e-05	 3283	 iter
2502	 3.115566e-05	 3284	 iter
2503	 3.115566e-05	 3285	 iter
2504	 3.115566e-05	 3286	 iter
2505	 3.115566e-05	 3287	 iter
2506	 3.113506e-05	 3289	 iter
2507	 3.113506e-05	 3291	 iter
2508	 3.113506e-05	 3292	 iter
2509	 3.113506e-05	 3293	 iter
2510	 3.113506e-05	 3294	 iter
2511	 3.113117e-05	 3296	 iter
2512	 3.113117e-05	 3297	 iter
2513	 3.113117e-05	 3299	 iter
2514	 3.111954e-05	 3301	 iter
2515	 3.111954e-05	 3302	 iter
2516	 3.111954e-05	 3303	 iter
2517	 3.111954e-05	 3304	 iter
2518	 3.111954e-05	 3305	 iter
2519	 3.111954e-05	 3306	 iter
2520	 3.111954e-05	 3307	 iter
2521	 3.111739e-05	 3309	 iter
2522	 3.111739e-05	 3310	 iter
2523	 3.111739e-05	 3311	 iter
2524	 3.111739e-05	 3312	 iter
2525	 3.111739e-05	 3313	 iter
2526	 3.111739e-05	 3314	 iter
2527	 3.111739e-05	 3315	 iter
2528	 3.106168e-05	 3317	 iter
2529	 3.106168e-05	 3318	 iter
2530	 3.106168e-05	 3319	 iter
2531	 3.106168e-05	 3320	 iter
2532	 3.106168e-05	 3322	 iter
2533	 3.106168e-05	 3323	 iter
2534	 3.103003e-05	 3325	 iter
2535	 3.103003e-05	 3326	 iter
2536	 3.103003e-05	 3327	 iter
2537	 3.103003e-05	 3328	 iter
2538	 3.103003e-05	 3329	 iter
2539	 3.103003e-05	 3330	 iter
2540	 3.103003e-05	 3331	 iter
2541	 3.103003e-05	 3332	 iter
2542	 3.103003e-05	 3333	 iter
2543	 3.103003e-05	 3334	 iter
2544	 3.103003e-05	 3335	 iter
2545	 3.103003e-05	 3336	 iter
2546	 3.103003e-05	 3337	 iter
2547	 3.102382e-05	 3339	 iter
2548	 3.102382e-05	 3340	 iter
2549	 3.102382e-05	 3341	 iter
2550	 3.099565e-05	 3343	 iter
2551	 3.099565e-05	 3344	 iter
2552	 3.099565e-05	 3345	 iter
2553	 3.099565e-05	 3346	 iter
2554	 3.099565e-05	 3347	 iter
2555	 3.099565e-05	 3348	 iter
2556	 3.098201e-05	 3350	 iter
2557	 3.098201e-05	 3351	 iter
2558	 3.098008e-05	 3353	 iter
2559	 3.098008e-05	 3354	 iter
2560	 3.098008e-05	 3355	 iter
2561	 3.097602e-05	 3357	 iter
2562	 3.097602e-05	 3358	 iter
2563	 3.097602e-05	 3359	 iter
2564	 3.097602e-05	 3361	 iter
2565	 3.097602e-05	 3363	 iter
2566	 3.097602e-05	 3364	 iter
2567	 3.097602e-05	 3365	 iter
2568	 3.097602e-05	 3367	 iter
2569	 3.097602e-05	 3369	 iter
2570	 3.097602e-05	 3370	 iter
2571	 3.096460e-05	 3372	 iter
2572	 3.096460e-05	 3373	 iter
2573	 3.096460e-05	 3374	 iter
2574	 3.096460e-05	 3375	 iter
2575	 3.096460e-05	 3376	 iter
2576	 3.096460e-05	 3377	 iter
2577	 3.096460e-05	 3379	 iter
2578	 3.096460e-05	 3381	 iter
2579	 3.096460e-05	 3382	 iter
2580	 3.095449e-05	 3384	 iter
2581	 3.094818e-05	 3386	 iter
2582	 3.094818e-05	 3387	 iter
2583	 3.094818e-05	 3389	 iter
2584	 3.094818e-05	 3390	 iter
2585	 3.094420e-05	 3392	 iter
2586	 3.094420e-05	 3393	 iter
2587	 3.094420e-05	 3394	 iter
2588	 3.094420e-05	 3396	 iter
2589	 3.094420e-05	 3397	 iter
2590	 3.094420e-05	 3398	 iter
2591	 3.094420e-05	 3400	 iter
2592	 3.094420e-05	 3401	 iter
2593	 3.094363e-05	 3403	 iter
2594	 3.094363e-05	 3405	 iter
2595	 3.094308e-05	 3407	 iter
2596	 3.093379e-05	 3409	 iter
2597	 3.093379e-05	 3410	 iter
2598	 3.093379e-05	 3411	 iter
2599	 3.093379e-05	 3412	 iter
2600	 3.093379e-05	 3413	 iter
2601	 3.093379e-05	 3414	 iter
2602	 3.093060e-05	 3416	 iter
2603	 3.093060e-05	 3417	 iter
2604	 3.093060e-05	 3418	 iter
2605	 3.093060e-05	 3419	 iter
2606	 3.093060e-05	 3420	 iter
2607	 3.093060e-05	 3421	 iter
2608	 3.092225e-05	 3423	 iter
2609	 3.092225e-05	 3424	 iter
2610	 3.092225e-05	 3425	 iter
2611	 3.092225e-05	 3426	 iter
2612	 3.092225e-05	 3428	 iter
2613	 3.092225e-05	 3429	 iter
2614	 3.092225e-05	 3430	 iter
2615	 3.092225e-05	 3431	 iter
2616	 3.091517e-05	 3433	 iter
2617	 3.091249e-05	 3435	 iter
2618	 3.091249e-05	 3436	 iter
2619	 3.091249e-05	 3437	 iter
2620	 3.091249e-05	 3438	 iter
2621	 3.091249e-05	 3439	 iter
2622	 3.091249e-05	 3441	 iter
2623	 3.091249e-05	 3442	 iter
2624	 3.091249e-05	 3444	 iter
2625	 3.091249e-05	 3446	 iter
2626	 3.091249e-05	 3448	 iter
2627	 3.091249e-05	 3449	 iter
2628	 3.090873e-05	 3451	 iter
2629	 3.090873e-05	 3453	 iter
2630	 3.090873e-05	 3454	 iter
2631	 3.090873e-05	 3455	 iter
2632	 3.090337e-05	 3457	 iter
2633	 3.090337e-05	 3458	 iter
2634	 3.090337e-05	 3459	 iter
2635	 3.090337e-05	 3461	 iter
2636	 3.090337e-05	 3463	 iter
2637	 3.090337e-05	 3464	 iter
2638	 3.090337e-05	 3465	 iter
2639	 3.090337e-05	 3466	 iter
2640	 3.090337e-05	 3467	 iter
2641	 3.090337e-05	 3468	 iter
2642	 3.090337e-05	 3470	 iter
2643	 3.090337e-05	 3471	 iter
2644	 3.089879e-05	 3473	 iter
2645	 3.089879e-05	 3474	 iter
2646	 3.089760e-05	 3476	 iter
2647	 3.089760e-05	 3478	 iter
2648	 3.089760e-05	 3479	 iter
2649	 3.089760e-05	 3480	 iter
2650	 3.089760e-05	 3481	 iter
2651	 3.089760e-05	 3483	 iter
2652	 3.089760e-05	 3484	 iter
2653	 3.089760e-05	 3485	 iter
2654	 3.089760e-05	 3486	 iter
2655	 3.089760e-05	 3487	 iter
2656	 3.089364e-05	 3489	 iter
2657	 3.089364e-05	 3490	 iter
2658	 3.089364e-05	 3491	 iter
2659	 3.089364e-05	 3492	 iter
2660	 3.089364e-05	 3493	 iter
2661	 3.089364e-05	 3494	 iter
2662	 3.089364e-05	 3495	 iter
2663	 3.089101e-05	 3497	 iter
2664	 3.088986e-05	 3499	 iter
2665	 3.088986e-05	 3500	 iter
2666	 3.088896e-05	 3502	 iter
2667	 3.088896e-05	 3503	 iter
2668	 3.088599e-05	 3505	 iter
2669	 3.088599e-05	 3506	 iter
2670	 3.088599e-05	 3508	 iter
2671	 3.088599e-05	 3509	 iter
2672	 3.088599e-05	 3510	 iter
2673	 3.088599e-05	 3511	 iter
2674	 3.088599e-05	 3512	 iter
2675	 3.088599e-05	 3513	 iter
2676	 3.088599e-05	 3514	 iter
2677	 3.088599e-05	 3515	 iter
2678	 3.088599e-05	 3516	 iter
2679	 3.088454e-05	 3518	 iter
2680	 3.088454e-05	 3519	 iter
2681	 3.088327e-05	 3521	 iter
2682	 3.088327e-05	 3522	 iter
2683	 3.088327e-05	 3523	 iter
2684	 3.088233e-05	 3525	 iter
2685	 3.088233e-05	 3526	 iter
2686	 3.088007e-05	 3528	 iter
2687	 3.088007e-05	 3529	 iter
2688	 3.088007e-05	 3530	 iter
2689	 3.088007e-05	 3531	 iter
2690	 3.088007e-05	 3532	 iter
2691	 3.088007e-05	 3533	 iter
2692	 3.087988e-05	 3535	 iter
2693	 3.087988e-05	 3536	 iter
2694	 3.087988e-05	 3538	 iter
2695	 3.087988e-05	 3539	 iter
2696	 3.087988e-05	 3540	 iter
2697	 3.087988e-05	 3541	 iter
2698	 3.087554e-05	 3543	 iter
2699	 3.087554e-05	 3544	 iter
2700	 3.087554e-05	 3545	 iter
2701	 3.087554e-05	 3546	 iter
2702	 3.087554e-05	 3547	 iter
2703	 3.087554e-05	 3548	 iter
2704	 3.087554e-05	 3549	 iter
2705	 3.087554e-05	 3550	 iter
2706	 3.087554e-05	 3551	 iter
2707	 3.087554e-05	 3552	 iter
2708	 3.087554e-05	 3553	 iter
2709	 3.087554e-05	 3554	 iter
2710	 3.087554e-05	 3555	 iter
2711	 3.087253e-05	 3557	 iter
2712	 3.087253e-05	 3558	 iter
2713	 3.087253e-05	 3559	 iter
2714	 3.087253e-05	 3560	 iter
2715	 3.087253e-05	 3561	 iter
2716	 3.087185e-05	 3563	 iter
2717	 3.087185e-05	 3565	 iter
2718	 3.087185e-05	 3566	 iter
2719	 3.087185e-05	 3567	 iter
2720	 3.087185e-05	 3568	 iter
2721	 3.087185e-05	 3569	 iter
2722	 3.087185e-05	 3570	 iter
2723	 3.087185e-05	 3572	 iter
2724	 3.087185e-05	 3574	 iter
2725	 3.087180e-05	 3576	 iter
2726	 3.087180e-05	 3577	 iter
2727	 3.087180e-05	 3579	 iter
2728	 3.087180e-05	 3580	 iter
2729	 3.087079e-05	 3582	 iter
2730	 3.087079e-05	 3584	 iter
2731	 3.087079e-05	 3585	 iter
2732	 3.087062e-05	 3587	 iter
2733	 3.087062e-05	 3588	 iter
2734	 3.087062e-05	 3589	 iter
2735	 3.087062e-05	 3591	 iter
2736	 3.086954e-05	 3593	 iter
2737	 3.086954e-05	 3594	 iter
2738	 3.086954e-05	 3596	 iter
2739	 3.086954e-05	 3598	 iter
2740	 3.086954e-05	 3599	 iter
2741	 3.086954e-05	 3600	 iter
2742	 3.086954e-05	 3602	 iter
2743	 3.086954e-05	 3603	 iter
2744	 3.086954e-05	 3604	 iter
2745	 3.086954e-05	 3606	 iter
2746	 3.086954e-05	 3607	 iter
2747	 3.086858e-05	 3609	 iter
2748	 3.086858e-05	 3610	 iter
2749	 3.086858e-05	 3611	 iter
2750	 3.086858e-05	 3612	 iter
2751	 3.086858e-05	 3613	 iter
2752	 3.086858e-05	 3615	 iter
2753	 3.086858e-05	 3617	 iter
2754	 3.086858e-05	 3619	 iter
2755	 3.086858e-05	 3620	 iter
2756	 3.086858e-05	 3621	 iter
2757	 3.086858e-05	 3622	 iter
2758	 3.086858e-05	 3624	 iter
2759	 3.086858e-05	 3625	 iter
2760	 3.086858e-05	 3626	 iter
2761	 3.086858e-05	 3627	 iter
2762	 3.086858e-05	 3628	 iter
2763	 3.086858e-05	 3629	 iter
2764	 3.086858e-05	 3631	 iter
2765	 3.086858e-05	 3633	 iter
2766	 3.086858e-05	 3634	 iter
2767	 3.086858e-05	 3635	 iter
2768	 3.086850e-05	 3637	 iter
2769	 3.086846e-05	 3639	 iter
2770	 3.086845e-05	 3641	 iter
2771	 3.086825e-05	 3643	 iter
2772	 3.086825e-05	 3645	 iter
2773	 3.086825e-05	 3646	 iter
2774	 3.086825e-05	 3647	 iter
2775	 3.086817e-05	 3649	 iter
2776	 3.086813e-05	 3651	 iter
2777	 3.086813e-05	 3652	 iter
2778	 3.086797e-05	 3654	 iter
2779	 3.086796e-05	 3656	 iter
2780	 3.086796e-05	 3657	 iter
2781	 3.086796e-05	 3659	 iter
2782	 3.086796e-05	 3660	 iter
2783	 3.086796e-05	 3661	 iter
2784	 3.086788e-05	 3663	 iter
2785	 3.086780e-05	 3665	 iter
2786	 3.086766e-05	 3667	 iter
2787	 3.086766e-05	 3668	 iter
2788	 3.086766e-05	 3670	 iter
2789	 3.086766e-05	 3672	 iter
2790	 3.086766e-05	 3674	 iter
2791	 3.086766e-05	 3675	 iter
2792	 3.086766e-05	 3676	 iter
2793	 3.086766e-05	 3678	 iter
2794	 3.086766e-05	 3680	 iter
2795	 3.086766e-05	 3681	 iter
2796	 3.086766e-05	 3682	 iter
2797	 3.086766e-05	 3683	 iter
2798	 3.086766e-05	 3684	 iter
2799	 3.086766e-05	 3685	 iter
2800	 3.086766e-05	 3687	 iter
2801	 3.086766e-05	 3689	 iter
2802	 3.086766e-05	 3691	 iter
2803	 3.086766e-05	 3693	 iter
2804	 3.086766e-05	 3694	 iter
2805	 3.086766e-05	 3695	 iter
2806	 3.086763e-05	 3697	 iter
2807	 3.086763e-05	 3699	 iter
2808	 3.086761e-05	 3701	 iter
2809	 3.086761e-05	 3702	 iter
2810	 3.086758e-05	 3704	 iter
2811	 3.086758e-05	 3706	 iter
2812	 3.086758e-05	 3708	 iter
2813	 3.086755e-05	 3710	 iter
2814	 3.086753e-05	 3712	 iter
2815	 3.086753e-05	 3714	 iter
2816	 3.086753e-05	 3715	 iter
2817	 3.086752e-05	 3717	 iter
2818	 3.086752e-05	 3718	 iter
2819	 3.086752e-05	 3719	 iter
2820	 3.086752e-05	 3720	 iter
2821	 3.086752e-05	 3721	 iter
2822	 3.086752e-05	 3723	 iter
2823	 3.086752e-05	 3725	 iter
2824	 3.086752e-05	 3727	 iter
2825	 3.086751e-05	 3729	 iter
2826	 3.086751e-05	 3730	 iter
2827	 3.086751e-05	 3732	 iter
2828	 3.086751e-05	 3734	 iter
2829	 3.086750e-05	 3736	 iter
2830	 3.086750e-05	 3738	 iter
2831	 3.086750e-05	 3740	 iter
2832	 3.086750e-05	 3741	 iter
2833	 3.086750e-05	 3742	 iter
2834	 3.086748e-05	 3744	 iter
2835	 3.086748e-05	 3746	 iter
2836	 3.086748e-05	 3747	 iter
2837	 3.086747e-05	 3749	 iter
2838	 3.086747e-05	 3751	 iter
2839	 3.086747e-05	 3753	 iter
2840	 3.086747e-05	 3755	 iter
2841	 3.086747e-05	 3757	 iter
2842	 3.086745e-05	 3759	 iter
2842	 3.086745e-05	 3759	 done
