0	 3.978019e-33	 1	 init
0	 3.978019e-33	 1	 iter
1	 3.978019e-33	 17	 iter
2	 3.978019e-33	 19	 iter
3	 3.978019e-33	 21	 iter
4	 3.978019e-33	 23	 iter
5	 3.978019e-33	 25	 iter
6	 3.978019e-33	 27	 iter
7	 3.978019e-33	 29	 iter
8	 3.978019e-33	 31	 iter
9	 3.978019e-33	 32	 iter
10	 3.978019e-33	 34	 iter
11	 3.978019e-33	 36	 iter
12	 3.978019e-33	 38	 iter
13	 3.978019e-33	 40	 iter
14	 3.978019e-33	 42	 iter
15	 3.978019e-33	 43	 iter
16	 3.978019e-33	 44	 iter
17	 3.978019e-33	 46	 iter
18	 3.978019e-33	 48	 iter
19	 3.978019e-33	 50	 iter
20	 3.978019e-33	 52	 iter
21	 3.978019e-33	 54	 iter
22	 3.978019e-33	 56	 iter
23	 3.978019e-33	 58	 iter
24	 3.978019e-33	 59	 iter
25	 3.978019e-33	 60	 iter
26	 3.978019e-33	 62	 iter
27	 3.978019e-33	 64	 iter
28	 3.978019e-33	 66	 iter
29	 3.978019e-33	 68	 iter
30	 3.978019e-33	 70	 iter
31	 3.978019e-33	 72	 iter
32	 3.978019e-33	 74	 iter
33	 3.978019e-33	 76	 iter
34	 3.978019e-33	 78	 iter
35	 3.978019e-33	 80	 iter
36	 3.978019e-33	 82	 iter
37	 3.978019e-33	 84	 iter
38	 3.978019e-33	 86	 iter
39	 3.978019e-33	 88	 iter
40	 3.978019e-33	 90	 iter
41	 3.978019e-33	 91	 iter
42	 3.978019e-33	 93	 iter
43	 3.978019e-33	 94	 iter
44	 3.978019e-33	 96	 iter
45	 3.978019e-33	 98	 iter
46	 3.978019e-33	 100	 iter
47	 3.978019e-33	 102	 iter
48	 3.978019e-33	 104	 iter
49	 3.978019e-33	 106	 iter
50	 3.978019e-33	 108	 iter
51	 3.978019e-33	 110	 iter
52	 3.978019e-33	 112	 iter
53	 3.978019e-33	 114	 iter
54	 3.978019e-33	 116	 iter
55	 3.978019e-33	 118	 iter
56	 3.978019e-33	 119	 iter
57	 3.978019e-33	 121	 iter
58	 3.978019e-33	 123	 iter
59	 3.978019e-33	 125	 iter
60	 3.978019e-33	 127	 iter
61	 3.978019e-33	 129	 iter
62	 3.978019e-33	 130	 iter
63	 3.978019e-33	 131	 iter
64	 3.978019e-33	 133	 iter
65	 3.978019e-33	 135	 iter
66	 3.978019e-33	 137	 iter
67	 3.978019e-33	 139	 iter
68	 3.978019e-33	 141	 iter
69	 3.978019e-33	 143	 iter
70	 3.978019e-33	 145	 iter
71	 3.978019e-33	 146	 iter
72	 3.978019e-33	 147	 iter
73	 3.978019e-33	 149	 iter
74	 3.978019e-33	 151	 iter
75	 3.978019e-33	 152	 iter
76	 3.978019e-33	 154	 iter
77	 3.978019e-33	 156	 iter
78	 3.978019e-33	 157	 iter
79	 3.978019e-33	 159	 iter
80	 3.978019e-33	 160	 iter
81	 3.978019e-33	 162	 iter
82	 3.978019e-33	 164	 iter
83	 3.978019e-33	 166	 iter
84	 3.978019e-33	 168	 iter
85	 3.978019e-33	 169	 iter
86	 3.978019e-33	 170	 iter
87	 3.978019e-33	 171	 iter
88	 3.978019e-33	 173	 iter
89	 3.978019e-33	 175	 iter
90	 3.978019e-33	 177	 iter
91	 3.978019e-33	 179	 iter
92	 3.978019e-33	 181	 iter
93	 3.978019e-33	 182	 iter
94	 3.978019e-33	 183	 iter
95	 3.978019e-33	 184	 iter
96	 3.978019e-33	 186	 iter
97	 3.978019e-33	 188	 iter
98	 3.978019e-33	 190	 iter
99	 3.978019e-33	 191	 iter
100	 3.978019e-33	 193	 iter
101	 3.978019e-33	 194	 iter
102	 3.978019e-33	 195	 iter
103	 3.978019e-33	 196	 iter
104	 3.978019e-33	 198	 iter
105	 3.978019e-33	 200	 iter
106	 3.978019e-33	 202	 iter
107	 3.978019e-33	 203	 iter
108	 3.978019e-33	 204	 iter
109	 3.978019e-33	 205	 iter
110	 3.978019e-33	 207	 iter
111	 3.978019e-33	 209	 iter
112	 3.978019e-33	 211	 iter
113	 3.978019e-33	 213	 iter
114	 3.978019e-33	 215	 iter
115	 3.978019e-33	 217	 iter
116	 3.978019e-33	 218	 iter
117	 3.978019e-33	 220	 iter
118	 3.978019e-33	 221	 iter
119	 3.978019e-33	 222	 iter
120	 3.978019e-33	 224	 iter
121	 3.978019e-33	 225	 iter
122	 3.978019e-33	 226	 iter
123	 3.978019e-33	 227	 iter
124	 3.978019e-33	 229	 iter
125	 3.978019e-33	 230	 iter
126	 3.978019e-33	 231	 iter
127	 3.978019e-33	 232	 iter
128	 3.978019e-33	 234	 iter
129	 3.978019e-33	 236	 iter
130	 3.978019e-33	 237	 iter
131	 3.978019e-33	 238	 iter
132	 3.978019e-33	 240	 iter
133	 3.978019e-33	 241	 iter
134	 3.978019e-33	 242	 iter
135	 3.978019e-33	 243	 iter
136	 3.978019e-33	 245	 iter
137	 3.978019e-33	 247	 iter
138	 3.978019e-33	 248	 iter
139	 3.978019e-33	 249	 iter
140	 3.978019e-33	 251	 iter
141	 3.978019e-33	 253	 iter
142	 3.978019e-33	 255	 iter
143	 3.978019e-33	 256	 iter
144	 3.978019e-33	 257	 iter
145	 3.978019e-33	 258	 iter
146	 3.978019e-33	 259	 iter
147	 3.978019e-33	 261	 iter
148	 3.978019e-33	 263	 iter
149	 3.978019e-33	 265	 iter
150	 3.978019e-33	 267	 iter
151	 3.978019e-33	 268	 iter
152	 3.978019e-33	 269	 iter
153	 3.978019e-33	 271	 iter
154	 3.978019e-33	 272	 iter
155	 3.978019e-33	 273	 iter
156	 3.978019e-33	 275	 iter
157	 3.978019e-33	 276	 iter
158	 3.978019e-33	 278	 iter
159	 3.978019e-33	 279	 iter
160	 3.978019e-33	 280	 iter
161	 3.978019e-33	 282	 iter
162	 3.978019e-33	 283	 iter
163	 3.978019e-33	 284	 iter
164	 3.978019e-33	 286	 iter
165	 3.978019e-33	 287	 iter
166	 3.978019e-33	 288	 iter
167	 3.978019e-33	 290	 iter
168	 3.978019e-33	 291	 iter
169	 3.978019e-33	 293	 iter
170	 3.978019e-33	 295	 iter
171	 3.978019e-33	 296	 iter
172	 3.978019e-33	 298	 iter
173	 3.978019e-33	 300	 iter
174	 3.978019e-33	 302	 iter
175	 3.978019e-33	 304	 iter
176	 3.978019e-33	 306	 iter
177	 3.978019e-33	 308	 iter
178	 3.978019e-33	 309	 iter
179	 3.978019e-33	 311	 iter
180	 3.978019e-33	 313	 iter
181	 3.978019e-33	 314	 iter
182	 3.978019e-33	 315	 iter
183	 3.978019e-33	 316	 iter
184	 3.978019e-33	 318	 iter
185	 3.978019e-33	 319	 iter
186	 3.978019e-33	 321	 iter
187	 3.978019e-33	 322	 iter
188	 3.978019e-33	 323	 iter
189	 3.978019e-33	 325	 iter
190	 3.978019e-33	 326	 iter
191	 3.978019e-33	 327	 iter
192	 3.978019e-33	 328	 iter
193	 3.978019e-33	 329	 iter
194	 3.978019e-33	 331	 iter
195	 3.978019e-33	 332	 iter
196	 3.978019e-33	 333	 iter
197	 3.978019e-33	 334	 iter
198	 3.978019e-33	 335	 iter
199	 3.978019e-33	 336	 iter
200	 3.978019e-33	 338	 iter
201	 3.978019e-33	 340	 iter
202	 3.978019e-33	 342	 iter
203	 3.978019e-33	 344	 iter
204	 3.978019e-33	 346	 iter
205	 3.978019e-33	 348	 iter
206	 3.978019e-33	 350	 iter
207	 3.978019e-33	 351	 iter
208	 3.978019e-33	 352	 iter
209	 3.978019e-33	 353	 iter
210	 3.978019e-33	 354	 iter
211	 3.978019e-33	 356	 iter
212	 3.978019e-33	 358	 iter
213	 3.978019e-33	 360	 iter
214	 3.978019e-33	 361	 iter
215	 3.978019e-33	 362	 iter
216	 3.978019e-33	 364	 iter
217	 3.978019e-33	 365	 iter
218	 3.978019e-33	 366	 iter
218	 3.978019e-33	 366	 done
