0	 4.035366e-04	 1	 init
0	 4.035366e-04	 1	 iter
1	 3.663958e-04	 17	 iter
2	 3.663958e-04	 19	 iter
3	 3.663958e-04	 21	 iter
4	 3.455532e-04	 23	 iter
5	 3.455532e-04	 24	 iter
6	 3.455532e-04	 25	 iter
7	 3.455532e-04	 26	 iter
8	 3.455532e-04	 27	 iter
9	 3.455532e-04	 28	 iter
10	 3.453796e-04	 30	 iter
11	 3.448109e-04	 32	 iter
12	 3.448109e-04	 33	 iter
13	 3.448109e-04	 34	 iter
14	 3.448109e-04	 35	 iter
15	 3.448109e-04	 36	 iter
16	 3.448109e-04	 37	 iter
17	 3.448109e-04	 39	 iter
18	 3.448109e-04	 41	 iter
19	 3.448109e-04	 43	 iter
20	 3.334884e-04	 45	 iter
21	 3.334884e-04	 47	 iter
22	 3.334884e-04	 48	 iter
23	 3.334884e-04	 49	 iter
24	 3.334884e-04	 50	 iter
25	 3.334884e-04	 51	 iter
26	 3.334884e-04	 53	 iter
27	 3.334884e-04	 54	 iter
28	 3.334884e-04	 55	 iter
29	 3.334884e-04	 56	 iter
30	 3.334884e-04	 58	 iter
31	 3.334884e-04	 59	 iter
32	 3.334884e-04	 61	 iter
33	 3.334884e-04	 63	 iter
34	 3.334884e-04	 64	 iter
35	 3.334884e-04	 66	 iter
36	 3.334884e-04	 67	 iter
37	 3.334884e-04	 68	 iter
38	 3.334884e-04	 69	 iter
39	 3.334884e-04	 71	 iter
40	 3.334884e-04	 72	 iter
41	 3.334884e-04	 73	 iter
42	 3.334884e-04	 74	 iter
43	 3.293092e-04	 76	 iter
44	 3.293092e-04	 77	 iter
45	 3.293092e-04	 78	 iter
46	 3.235115e-04	 80	 iter
47	 3.235115e-04	 81	 iter
48	 3.235115e-04	 82	 iter
49	 3.235115e-04	 83	 iter
50	 3.235115e-04	 84	 iter
51	 3.235115e-04	 85	 iter
52	 3.235115e-04	 86	 iter
53	 3.235115e-04	 88	 iter
54	 3.235115e-04	 89	 iter
55	 3.235115e-04	 90	 iter
56	 3.129904e-04	 92	 iter
57	 3.129904e-04	 93	 iter
58	 3.129904e-04	 94	 iter
59	 3.129904e-04	 95	 iter
60	 3.129904e-04	 96	 iter
61	 3.129904e-04	 97	 iter
62	 3.129904e-04	 98	 iter
63	 3.129904e-04	 99	 iter
64	 3.129904e-04	 100	 iter
65	 3.129904e-04	 101	 iter
66	 3.129904e-04	 102	 iter
67	 3.129904e-04	 103	 iter
68	 3.129904e-04	 104	 iter
69	 3.129904e-04	 106	 iter
70	 3.129904e-04	 107	 iter
71	 3.129904e-04	 108	 iter
72	 3.129904e-04	 109	 iter
73	 3.129904e-04	 110	 iter
74	 3.129904e-04	 111	 iter
75	 3.129904e-04	 113	 iter
76	 3.129904e-04	 114	 iter
77	 3.129904e-04	 116	 iter
78	 3.129904e-04	 117	 iter
79	 3.105696e-04	 119	 iter
80	 3.105696e-04	 120	 iter
81	 3.105696e-04	 121	 iter
82	 3.105696e-04	 122	 iter
83	 3.105696e-04	 123	 iter
84	 3.105696e-04	 124	 iter
85	 3.105696e-04	 125	 iter
86	 3.022133e-04	 127	 iter
87	 3.022133e-04	 128	 iter
88	 3.022133e-04	 129	 iter
89	 3.022133e-04	 130	 iter
90	 3.022133e-04	 131	 iter
91	 3.022133e-04	 132	 iter
92	 3.022133e-04	 134	 iter
93	 3.022133e-04	 136	 iter
94	 3.022133e-04	 137	 iter
95	 3.022133e-04	 138	 iter
96	 3.022133e-04	 139	 iter
97	 2.977324e-04	 141	 iter
98	 2.977324e-04	 142	 iter
99	 2.977324e-04	 143	 iter
100	 2.977324e-04	 144	 iter
101	 2.977324e-04	 145	 iter
102	 2.977324e-04	 146	 iter
103	 2.977324e-04	 147	 iter
104	 2.977324e-04	 148	 iter
105	 2.977324e-04	 149	 iter
106	 2.977324e-04	 150	 iter
107	 2.977324e-04	 151	 iter
108	 2.926412e-04	 153	 iter
109	 2.926412e-04	 154	 iter
110	 2.926412e-04	 155	 iter
111	 2.926412e-04	 156	 iter
112	 2.926412e-04	 157	 iter
113	 2.821517e-04	 159	 iter
114	 2.821517e-04	 160	 iter
115	 2.821517e-04	 161	 iter
116	 2.821517e-04	 162	 iter
117	 2.821517e-04	 163	 iter
118	 2.821517e-04	 164	 iter
119	 2.821517e-04	 165	 iter
120	 2.821517e-04	 166	 iter
121	 2.821517e-04	 167	 iter
122	 2.821517e-04	 168	 iter
123	 2.821517e-04	 169	 iter
124	 2.768100e-04	 171	 iter
125	 2.768100e-04	 172	 iter
126	 2.768100e-04	 173	 iter
127	 2.768100e-04	 174	 iter
128	 2.768100e-04	 175	 iter
129	 2.768100e-04	 176	 iter
130	 2.768100e-04	 177	 iter
131	 2.727608e-04	 179	 iter
132	 2.727608e-04	 180	 iter
133	 2.727608e-04	 181	 iter
134	 2.727608e-04	 182	 iter
135	 2.727608e-04	 183	 iter
136	 2.727608e-04	 184	 iter
137	 2.691116e-04	 186	 iter
138	 2.637513e-04	 188	 iter
139	 2.637513e-04	 189	 iter
140	 2.637513e-04	 190	 iter
141	 2.637513e-04	 191	 iter
142	 2.637513e-04	 192	 iter
143	 2.637513e-04	 194	 iter
144	 2.637513e-04	 195	 iter
145	 2.637513e-04	 196	 iter
146	 2.637513e-04	 197	 iter
147	 2.637513e-04	 198	 iter
148	 2.637513e-04	 199	 iter
149	 2.637513e-04	 200	 iter
150	 2.637513e-04	 201	 iter
151	 2.637513e-04	 202	 iter
152	 2.637513e-04	 204	 iter
153	 2.637513e-04	 206	 iter
154	 2.637513e-04	 207	 iter
155	 2.637513e-04	 209	 iter
156	 2.637513e-04	 210	 iter
157	 2.637513e-04	 211	 iter
158	 2.637513e-04	 213	 iter
159	 2.570042e-04	 215	 iter
160	 2.570042e-04	 216	 iter
161	 2.570042e-04	 217	 iter
162	 2.570042e-04	 218	 iter
163	 2.570042e-04	 219	 iter
164	 2.570042e-04	 220	 iter
165	 2.570042e-04	 221	 iter
166	 2.570042e-04	 222	 iter
167	 2.570042e-04	 223	 iter
168	 2.570042e-04	 224	 iter
169	 2.570042e-04	 225	 iter
170	 2.570042e-04	 226	 iter
171	 2.570042e-04	 228	 iter
172	 2.570042e-04	 229	 iter
173	 2.529549e-04	 231	 iter
174	 2.529549e-04	 232	 iter
175	 2.529549e-04	 233	 iter
176	 2.529549e-04	 234	 iter
177	 2.529549e-04	 235	 iter
178	 2.529549e-04	 237	 iter
179	 2.456834e-04	 239	 iter
180	 2.456834e-04	 240	 iter
181	 2.456834e-04	 241	 iter
182	 2.456834e-04	 242	 iter
183	 2.456834e-04	 243	 iter
184	 2.456834e-04	 244	 iter
185	 2.456834e-04	 245	 iter
186	 2.456834e-04	 246	 iter
187	 2.456834e-04	 247	 iter
188	 2.456834e-04	 248	 iter
189	 2.456834e-04	 249	 iter
190	 2.456834e-04	 250	 iter
191	 2.456834e-04	 251	 iter
192	 2.439635e-04	 253	 iter
193	 2.347999e-04	 255	 iter
194	 2.347999e-04	 256	 iter
195	 2.347999e-04	 257	 iter
196	 2.347999e-04	 258	 iter
197	 2.347999e-04	 259	 iter
198	 2.347999e-04	 260	 iter
199	 2.347999e-04	 261	 iter
200	 2.347999e-04	 262	 iter
201	 2.347999e-04	 263	 iter
202	 2.347999e-04	 264	 iter
203	 2.262715e-04	 266	 iter
204	 2.262715e-04	 267	 iter
205	 2.262715e-04	 268	 iter
206	 2.262715e-04	 269	 iter
207	 2.262715e-04	 270	 iter
208	 2.262715e-04	 271	 iter
209	 2.262715e-04	 272	 iter
210	 2.248680e-04	 274	 iter
211	 2.248680e-04	 275	 iter
212	 2.248680e-04	 276	 iter
213	 2.227802e-04	 278	 iter
214	 2.139473e-04	 280	 iter
215	 2.139473e-04	 281	 iter
216	 2.139473e-04	 282	 iter
217	 2.139473e-04	 283	 iter
218	 2.139473e-04	 284	 iter
219	 2.139473e-04	 285	 iter
220	 2.139473e-04	 286	 iter
221	 2.139473e-04	 287	 iter
222	 2.097205e-04	 289	 iter
223	 2.062871e-04	 291	 iter
224	 2.062871e-04	 292	 iter
225	 2.062871e-04	 293	 iter
226	 2.062871e-04	 294	 iter
227	 2.038206e-04	 296	 iter
228	 2.038206e-04	 297	 iter
229	 2.038206e-04	 298	 iter
230	 2.038206e-04	 300	 iter
231	 2.038206e-04	 301	 iter
232	 2.038206e-04	 302	 iter
233	 2.038206e-04	 303	 iter
234	 2.038206e-04	 304	 iter
235	 2.026999e-04	 306	 iter
236	 1.982165e-04	 308	 iter
237	 1.982165e-04	 309	 iter
238	 1.982165e-04	 310	 iter
239	 1.982165e-04	 311	 iter
240	 1.892719e-04	 313	 iter
241	 1.892719e-04	 314	 iter
242	 1.892719e-04	 315	 iter
243	 1.892719e-04	 316	 iter
244	 1.892719e-04	 317	 iter
245	 1.828426e-04	 319	 iter
246	 1.828426e-04	 320	 iter
247	 1.828426e-04	 322	 iter
248	 1.828426e-04	 323	 iter
249	 1.828426e-04	 325	 iter
250	 1.828426e-04	 326	 iter
251	 1.828426e-04	 327	 iter
252	 1.828426e-04	 328	 iter
253	 1.828426e-04	 329	 iter
254	 1.828426e-04	 330	 iter
255	 1.828426e-04	 331	 iter
256	 1.795787e-04	 333	 iter
257	 1.795787e-04	 334	 iter
258	 1.795787e-04	 335	 iter
259	 1.795787e-04	 336	 iter
260	 1.795787e-04	 337	 iter
261	 1.795787e-04	 338	 iter
262	 1.748415e-04	 340	 iter
263	 1.714429e-04	 342	 iter
264	 1.714429e-04	 343	 iter
265	 1.714429e-04	 344	 iter
266	 1.714429e-04	 345	 iter
267	 1.714429e-04	 346	 iter
268	 1.714429e-04	 347	 iter
269	 1.714429e-04	 348	 iter
270	 1.714429e-04	 349	 iter
271	 1.626610e-04	 351	 iter
272	 1.626610e-04	 352	 iter
273	 1.626610e-04	 353	 iter
274	 1.626610e-04	 354	 iter
275	 1.626610e-04	 355	 iter
276	 1.626610e-04	 356	 iter
277	 1.626610e-04	 357	 iter
278	 1.588137e-04	 359	 iter
279	 1.588137e-04	 360	 iter
280	 1.588137e-04	 361	 iter
281	 1.588137e-04	 363	 iter
282	 1.588137e-04	 364	 iter
283	 1.588137e-04	 365	 iter
284	 1.588137e-04	 366	 iter
285	 1.588137e-04	 368	 iter
286	 1.565301e-04	 370	 iter
287	 1.565301e-04	 371	 iter
288	 1.565301e-04	 372	 iter
289	 1.565301e-04	 373	 iter
290	 1.565301e-04	 374	 iter
291	 1.565301e-04	 376	 iter
292	 1.565301e-04	 377	 iter
293	 1.565301e-04	 378	 iter
294	 1.565301e-04	 379	 iter
295	 1.565301e-04	 381	 iter
296	 1.556972e-04	 383	 iter
297	 1.556972e-04	 385	 iter
298	 1.556972e-04	 386	 iter
299	 1.556972e-04	 387	 iter
300	 1.556972e-04	 388	 iter
301	 1.536826e-04	 390	 iter
302	 1.536826e-04	 392	 iter
303	 1.536826e-04	 393	 iter
304	 1.536826e-04	 395	 iter
305	 1.536826e-04	 396	 iter
306	 1.536826e-04	 397	 iter
307	 1.536826e-04	 398	 iter
308	 1.536826e-04	 400	 iter
309	 1.536826e-04	 401	 iter
310	 1.536826e-04	 403	 iter
311	 1.536826e-04	 405	 iter
312	 1.536826e-04	 406	 iter
313	 1.535329e-04	 408	 iter
314	 1.535329e-04	 409	 iter
315	 1.535329e-04	 410	 iter
316	 1.535329e-04	 411	 iter
317	 1.535329e-04	 412	 iter
318	 1.535329e-04	 413	 iter
319	 1.535329e-04	 414	 iter
320	 1.523904e-04	 416	 iter
321	 1.523904e-04	 417	 iter
322	 1.523904e-04	 419	 iter
323	 1.523904e-04	 421	 iter
324	 1.523904e-04	 422	 iter
325	 1.523904e-04	 423	 iter
326	 1.500473e-04	 425	 iter
327	 1.500473e-04	 427	 iter
328	 1.500473e-04	 429	 iter
329	 1.500473e-04	 430	 iter
330	 1.500473e-04	 432	 iter
331	 1.498343e-04	 434	 iter
332	 1.498343e-04	 436	 iter
333	 1.498343e-04	 437	 iter
334	 1.498343e-04	 438	 iter
335	 1.498343e-04	 440	 iter
336	 1.498343e-04	 442	 iter
337	 1.498343e-04	 443	 iter
338	 1.498343e-04	 445	 iter
339	 1.497592e-04	 447	 iter
340	 1.497592e-04	 449	 iter
341	 1.497592e-04	 451	 iter
342	 1.497592e-04	 452	 iter
343	 1.497592e-04	 453	 iter
344	 1.497592e-04	 455	 iter
345	 1.489868e-04	 457	 iter
346	 1.489868e-04	 458	 iter
347	 1.489868e-04	 459	 iter
348	 1.489868e-04	 460	 iter
349	 1.489868e-04	 461	 iter
350	 1.489868e-04	 463	 iter
351	 1.472530e-04	 465	 iter
352	 1.472530e-04	 466	 iter
353	 1.472530e-04	 467	 iter
354	 1.472530e-04	 468	 iter
355	 1.472530e-04	 469	 iter
356	 1.472530e-04	 470	 iter
357	 1.472530e-04	 471	 iter
358	 1.465020e-04	 473	 iter
359	 1.441704e-04	 475	 iter
360	 1.441704e-04	 476	 iter
361	 1.441704e-04	 477	 iter
362	 1.441704e-04	 478	 iter
363	 1.441704e-04	 479	 iter
364	 1.441704e-04	 480	 iter
365	 1.421676e-04	 482	 iter
366	 1.421676e-04	 483	 iter
367	 1.421676e-04	 484	 iter
368	 1.421676e-04	 485	 iter
369	 1.385098e-04	 487	 iter
370	 1.385098e-04	 488	 iter
371	 1.385098e-04	 489	 iter
372	 1.385098e-04	 490	 iter
373	 1.385098e-04	 491	 iter
374	 1.385098e-04	 492	 iter
375	 1.385098e-04	 493	 iter
376	 1.385098e-04	 494	 iter
377	 1.359439e-04	 496	 iter
378	 1.359439e-04	 497	 iter
379	 1.359439e-04	 498	 iter
380	 1.359439e-04	 499	 iter
381	 1.359439e-04	 500	 iter
382	 1.348504e-04	 502	 iter
383	 1.348504e-04	 503	 iter
384	 1.348504e-04	 504	 iter
385	 1.343653e-04	 506	 iter
386	 1.343653e-04	 507	 iter
387	 1.343653e-04	 508	 iter
388	 1.319106e-04	 510	 iter
389	 1.283596e-04	 512	 iter
390	 1.283596e-04	 513	 iter
391	 1.283596e-04	 514	 iter
392	 1.283596e-04	 515	 iter
393	 1.283596e-04	 516	 iter
394	 1.283596e-04	 517	 iter
395	 1.260904e-04	 519	 iter
396	 1.260904e-04	 520	 iter
397	 1.260904e-04	 521	 iter
398	 1.260904e-04	 522	 iter
399	 1.260904e-04	 523	 iter
400	 1.260904e-04	 524	 iter
401	 1.260904e-04	 525	 iter
402	 1.260904e-04	 526	 iter
403	 1.260904e-04	 527	 iter
404	 1.241553e-04	 529	 iter
405	 1.241553e-04	 530	 iter
406	 1.241553e-04	 531	 iter
407	 1.239056e-04	 533	 iter
408	 1.239056e-04	 534	 iter
409	 1.239056e-04	 535	 iter
410	 1.239056e-04	 536	 iter
411	 1.239056e-04	 537	 iter
412	 1.239056e-04	 538	 iter
413	 1.238495e-04	 540	 iter
414	 1.238495e-04	 541	 iter
415	 1.238495e-04	 543	 iter
416	 1.238495e-04	 544	 iter
417	 1.237997e-04	 546	 iter
418	 1.237997e-04	 547	 iter
419	 1.237997e-04	 548	 iter
420	 1.237997e-04	 550	 iter
421	 1.237997e-04	 552	 iter
422	 1.237997e-04	 553	 iter
423	 1.237997e-04	 555	 iter
424	 1.237997e-04	 556	 iter
425	 1.237997e-04	 557	 iter
426	 1.237997e-04	 558	 iter
427	 1.237997e-04	 559	 iter
428	 1.237997e-04	 560	 iter
429	 1.235663e-04	 562	 iter
430	 1.233922e-04	 564	 iter
431	 1.233922e-04	 566	 iter
432	 1.233037e-04	 568	 iter
433	 1.229316e-04	 570	 iter
434	 1.229316e-04	 572	 iter
435	 1.229316e-04	 574	 iter
436	 1.229316e-04	 576	 iter
437	 1.229316e-04	 578	 iter
438	 1.226060e-04	 580	 iter
439	 1.226060e-04	 581	 iter
440	 1.226060e-04	 583	 iter
441	 1.226060e-04	 584	 iter
442	 1.226060e-04	 586	 iter
443	 1.221712e-04	 588	 iter
444	 1.221712e-04	 589	 iter
445	 1.221712e-04	 590	 iter
446	 1.221712e-04	 592	 iter
447	 1.221712e-04	 594	 iter
448	 1.221712e-04	 595	 iter
449	 1.221712e-04	 596	 iter
450	 1.221712e-04	 597	 iter
451	 1.221712e-04	 598	 iter
452	 1.221712e-04	 600	 iter
453	 1.219882e-04	 602	 iter
454	 1.219617e-04	 604	 iter
455	 1.219617e-04	 605	 iter
456	 1.219617e-04	 606	 iter
457	 1.219617e-04	 607	 iter
458	 1.219617e-04	 608	 iter
459	 1.219617e-04	 609	 iter
460	 1.217911e-04	 611	 iter
461	 1.217911e-04	 612	 iter
462	 1.217911e-04	 613	 iter
463	 1.217911e-04	 614	 iter
464	 1.217911e-04	 615	 iter
465	 1.217911e-04	 616	 iter
466	 1.217911e-04	 617	 iter
467	 1.217862e-04	 619	 iter
468	 1.214451e-04	 621	 iter
469	 1.214451e-04	 622	 iter
470	 1.214451e-04	 623	 iter
471	 1.214451e-04	 624	 iter
472	 1.214033e-04	 626	 iter
473	 1.214033e-04	 627	 iter
474	 1.212239e-04	 629	 iter
475	 1.212239e-04	 630	 iter
476	 1.212239e-04	 631	 iter
477	 1.212239e-04	 633	 iter
478	 1.212239e-04	 634	 iter
479	 1.212239e-04	 635	 iter
480	 1.212239e-04	 637	 iter
481	 1.212239e-04	 639	 iter
482	 1.200770e-04	 641	 iter
483	 1.200770e-04	 642	 iter
484	 1.200770e-04	 643	 iter
485	 1.200770e-04	 644	 iter
486	 1.200770e-04	 645	 iter
487	 1.200770e-04	 646	 iter
488	 1.200770e-04	 647	 iter
489	 1.200770e-04	 648	 iter
490	 1.200770e-04	 649	 iter
491	 1.200770e-04	 650	 iter
492	 1.200770e-04	 651	 iter
493	 1.200770e-04	 652	 iter
494	 1.200770e-04	 654	 iter
495	 1.200770e-04	 655	 iter
496	 1.200770e-04	 656	 iter
497	 1.200770e-04	 657	 iter
498	 1.194199e-04	 659	 iter
499	 1.194199e-04	 660	 iter
500	 1.194199e-04	 661	 iter
501	 1.194199e-04	 662	 iter
502	 1.194199e-04	 663	 iter
503	 1.194199e-04	 664	 iter
504	 1.194199e-04	 665	 iter
505	 1.194199e-04	 666	 iter
506	 1.194199e-04	 667	 iter
507	 1.194199e-04	 668	 iter
508	 1.194199e-04	 669	 iter
509	 1.194199e-04	 670	 iter
510	 1.194199e-04	 671	 iter
511	 1.183321e-04	 673	 iter
512	 1.183321e-04	 674	 iter
513	 1.183321e-04	 675	 iter
514	 1.183321e-04	 676	 iter
515	 1.183321e-04	 677	 iter
516	 1.183321e-04	 678	 iter
517	 1.183321e-04	 679	 iter
518	 1.183321e-04	 680	 iter
519	 1.183321e-04	 681	 iter
520	 1.180830e-04	 683	 iter
521	 1.173979e-04	 685	 iter
522	 1.173979e-04	 686	 iter
523	 1.173979e-04	 687	 iter
524	 1.173979e-04	 688	 iter
525	 1.173979e-04	 689	 iter
526	 1.173979e-04	 690	 iter
527	 1.173979e-04	 691	 iter
528	 1.173979e-04	 692	 iter
529	 1.173979e-04	 693	 iter
530	 1.173979e-04	 694	 iter
531	 1.173695e-04	 696	 iter
532	 1.158538e-04	 698	 iter
533	 1.158538e-04	 699	 iter
534	 1.158538e-04	 700	 iter
535	 1.158538e-04	 701	 iter
536	 1.158538e-04	 702	 iter
537	 1.158538e-04	 703	 iter
538	 1.158538e-04	 704	 iter
539	 1.158538e-04	 705	 iter
540	 1.158538e-04	 706	 iter
541	 1.158538e-04	 707	 iter
542	 1.158538e-04	 708	 iter
543	 1.158538e-04	 709	 iter
544	 1.156435e-04	 711	 iter
545	 1.156435e-04	 712	 iter
546	 1.156435e-04	 713	 iter
547	 1.153142e-04	 715	 iter
548	 1.151797e-04	 717	 iter
549	 1.151797e-04	 718	 iter
550	 1.151797e-04	 719	 iter
551	 1.132423e-04	 721	 iter
552	 1.132423e-04	 722	 iter
553	 1.132423e-04	 723	 iter
554	 1.132423e-04	 724	 iter
555	 1.132423e-04	 725	 iter
556	 1.132423e-04	 726	 iter
557	 1.132423e-04	 727	 iter
558	 1.132423e-04	 728	 iter
559	 1.132423e-04	 729	 iter
560	 1.132423e-04	 730	 iter
561	 1.120893e-04	 732	 iter
562	 1.120893e-04	 734	 iter
563	 1.120893e-04	 735	 iter
564	 1.120893e-04	 736	 iter
565	 1.120893e-04	 737	 iter
566	 1.120893e-04	 738	 iter
567	 1.120893e-04	 739	 iter
568	 1.120893e-04	 740	 iter
569	 1.120893e-04	 741	 iter
570	 1.120893e-04	 742	 iter
571	 1.112301e-04	 744	 iter
572	 1.108260e-04	 746	 iter
573	 1.108260e-04	 747	 iter
574	 1.091739e-04	 749	 iter
575	 1.091739e-04	 750	 iter
576	 1.091739e-04	 751	 iter
577	 1.091739e-04	 752	 iter
578	 1.091739e-04	 753	 iter
579	 1.091739e-04	 754	 iter
580	 1.091739e-04	 755	 iter
581	 1.091739e-04	 756	 iter
582	 1.079471e-04	 758	 iter
583	 1.079471e-04	 759	 iter
584	 1.079471e-04	 760	 iter
585	 1.061056e-04	 762	 iter
586	 1.061056e-04	 763	 iter
587	 1.061056e-04	 764	 iter
588	 1.061056e-04	 765	 iter
589	 1.061056e-04	 766	 iter
590	 1.061056e-04	 767	 iter
591	 1.061056e-04	 768	 iter
592	 1.061056e-04	 769	 iter
593	 1.061056e-04	 770	 iter
594	 1.061056e-04	 771	 iter
595	 1.061056e-04	 772	 iter
596	 1.061056e-04	 773	 iter
597	 1.061056e-04	 774	 iter
598	 1.061056e-04	 775	 iter
599	 1.057577e-04	 777	 iter
600	 1.057577e-04	 778	 iter
601	 1.046753e-04	 780	 iter
602	 1.046753e-04	 781	 iter
603	 1.046753e-04	 782	 iter
604	 1.046753e-04	 783	 iter
605	 1.046753e-04	 784	 iter
606	 1.046753e-04	 785	 iter
607	 1.046753e-04	 786	 iter
608	 1.042954e-04	 788	 iter
609	 1.042954e-04	 789	 iter
610	 1.042954e-04	 790	 iter
611	 1.042954e-04	 791	 iter
612	 1.042954e-04	 792	 iter
613	 1.042954e-04	 794	 iter
614	 1.042954e-04	 796	 iter
615	 1.033175e-04	 798	 iter
616	 1.033175e-04	 800	 iter
617	 1.033175e-04	 801	 iter
618	 1.033175e-04	 802	 iter
619	 1.033175e-04	 803	 iter
620	 1.033175e-04	 804	 iter
621	 1.033175e-04	 806	 iter
622	 1.033175e-04	 807	 iter
623	 1.033175e-04	 808	 iter
624	 1.033175e-04	 809	 iter
625	 1.033064e-04	 811	 iter
626	 1.033064e-04	 812	 iter
627	 1.031637e-04	 814	 iter
628	 1.031637e-04	 816	 iter
629	 1.031637e-04	 817	 iter
630	 1.029286e-04	 819	 iter
631	 1.029286e-04	 820	 iter
632	 1.029286e-04	 821	 iter
633	 1.029286e-04	 822	 iter
634	 1.029286e-04	 823	 iter
635	 1.029286e-04	 825	 iter
636	 1.029286e-04	 826	 iter
637	 1.029286e-04	 827	 iter
638	 1.029286e-04	 828	 iter
639	 1.029286e-04	 829	 iter
640	 1.027753e-04	 831	 iter
641	 1.027753e-04	 832	 iter
642	 1.027753e-04	 833	 iter
643	 1.027753e-04	 835	 iter
644	 1.027753e-04	 836	 iter
645	 1.027753e-04	 837	 iter
646	 1.026923e-04	 839	 iter
647	 1.026923e-04	 841	 iter
648	 1.026923e-04	 842	 iter
649	 1.026923e-04	 843	 iter
650	 1.026868e-04	 845	 iter
651	 1.026868e-04	 846	 iter
652	 1.026868e-04	 847	 iter
653	 1.026635e-04	 849	 iter
654	 1.026635e-04	 850	 iter
655	 1.026635e-04	 851	 iter
656	 1.026635e-04	 852	 iter
657	 1.025756e-04	 854	 iter
658	 1.024952e-04	 856	 iter
659	 1.024743e-04	 858	 iter
660	 1.024743e-04	 860	 iter
661	 1.024743e-04	 861	 iter
662	 1.024386e-04	 863	 iter
663	 1.024110e-04	 865	 iter
664	 1.024110e-04	 867	 iter
665	 1.019311e-04	 869	 iter
666	 1.019311e-04	 870	 iter
667	 1.019311e-04	 872	 iter
668	 1.019311e-04	 873	 iter
669	 1.019311e-04	 875	 iter
670	 1.019311e-04	 877	 iter
671	 1.019311e-04	 878	 iter
672	 1.019311e-04	 879	 iter
673	 1.019311e-04	 880	 iter
674	 1.019311e-04	 881	 iter
675	 1.019311e-04	 882	 iter
676	 1.019311e-04	 884	 iter
677	 1.019311e-04	 885	 iter
678	 1.019311e-04	 886	 iter
679	 1.019311e-04	 887	 iter
680	 1.018791e-04	 889	 iter
681	 1.015791e-04	 891	 iter
682	 1.015791e-04	 892	 iter
683	 1.015791e-04	 893	 iter
684	 1.015791e-04	 894	 iter
685	 1.015791e-04	 895	 iter
686	 1.015791e-04	 896	 iter
687	 1.015791e-04	 897	 iter
688	 1.015791e-04	 898	 iter
689	 1.015791e-04	 899	 iter
690	 1.015791e-04	 900	 iter
691	 1.015791e-04	 901	 iter
692	 1.015791e-04	 902	 iter
693	 1.015791e-04	 903	 iter
694	 1.014001e-04	 905	 iter
695	 1.014001e-04	 906	 iter
696	 1.014001e-04	 907	 iter
697	 1.012784e-04	 909	 iter
698	 1.012784e-04	 910	 iter
699	 1.010393e-04	 912	 iter
700	 1.010393e-04	 913	 iter
701	 1.010393e-04	 914	 iter
702	 1.010393e-04	 915	 iter
703	 1.010393e-04	 916	 iter
704	 1.010393e-04	 917	 iter
705	 1.010393e-04	 918	 iter
706	 1.010393e-04	 919	 iter
707	 1.010393e-04	 920	 iter
708	 1.010393e-04	 921	 iter
709	 1.010393e-04	 922	 iter
710	 1.010393e-04	 923	 iter
711	 1.009060e-04	 925	 iter
712	 1.009060e-04	 926	 iter
713	 1.009060e-04	 927	 iter
714	 1.009060e-04	 928	 iter
715	 1.009060e-04	 929	 iter
716	 1.009060e-04	 930	 iter
717	 1.007957e-04	 932	 iter
718	 1.007761e-04	 934	 iter
719	 1.007761e-04	 935	 iter
720	 1.007761e-04	 936	 iter
721	 1.007761e-04	 937	 iter
722	 1.007761e-04	 938	 iter
723	 1.005047e-04	 940	 iter
724	 1.005047e-04	 941	 iter
725	 1.005047e-04	 942	 iter
726	 1.005047e-04	 943	 iter
727	 1.005047e-04	 944	 iter
728	 1.005047e-04	 945	 iter
729	 1.003628e-04	 947	 iter
730	 1.003628e-04	 948	 iter
731	 1.003628e-04	 950	 iter
732	 1.003628e-04	 951	 iter
733	 1.003628e-04	 952	 iter
734	 1.002866e-04	 954	 iter
735	 9.978904e-05	 956	 iter
736	 9.978904e-05	 957	 iter
737	 9.978904e-05	 958	 iter
738	 9.978904e-05	 959	 iter
739	 9.978904e-05	 960	 iter
740	 9.978904e-05	 961	 iter
741	 9.978904e-05	 962	 iter
742	 9.978904e-05	 963	 iter
743	 9.966673e-05	 965	 iter
744	 9.966673e-05	 966	 iter
745	 9.966673e-05	 967	 iter
746	 9.940206e-05	 969	 iter
747	 9.940206e-05	 970	 iter
748	 9.868299e-05	 972	 iter
749	 9.868299e-05	 973	 iter
750	 9.868299e-05	 974	 iter
751	 9.868299e-05	 975	 iter
752	 9.868299e-05	 976	 iter
753	 9.868299e-05	 977	 iter
754	 9.795374e-05	 979	 iter
755	 9.795374e-05	 980	 iter
756	 9.795374e-05	 981	 iter
757	 9.795374e-05	 982	 iter
758	 9.747725e-05	 984	 iter
759	 9.649078e-05	 986	 iter
760	 9.649078e-05	 987	 iter
761	 9.649078e-05	 988	 iter
762	 9.649078e-05	 989	 iter
763	 9.649078e-05	 990	 iter
764	 9.649078e-05	 991	 iter
765	 9.649078e-05	 992	 iter
766	 9.649078e-05	 993	 iter
767	 9.633202e-05	 995	 iter
768	 9.598534e-05	 997	 iter
769	 9.564422e-05	 999	 iter
770	 9.564422e-05	 1000	 iter
771	 9.546625e-05	 1002	 iter
772	 9.499783e-05	 1004	 iter
773	 9.377716e-05	 1006	 iter
774	 9.377716e-05	 1007	 iter
775	 9.377716e-05	 1008	 iter
776	 9.377716e-05	 1009	 iter
777	 9.377716e-05	 1010	 iter
778	 9.377716e-05	 1011	 iter
779	 9.368401e-05	 1013	 iter
780	 9.143458e-05	 1015	 iter
781	 9.143458e-05	 1016	 iter
782	 9.143458e-05	 1017	 iter
783	 9.143458e-05	 1018	 iter
784	 9.143458e-05	 1019	 iter
785	 9.143458e-05	 1020	 iter
786	 9.143458e-05	 1021	 iter
787	 9.122333e-05	 1023	 iter
788	 9.122333e-05	 1024	 iter
789	 9.068536e-05	 1026	 iter
790	 9.006655e-05	 1028	 iter
791	 8.882488e-05	 1030	 iter
792	 8.882488e-05	 1031	 iter
793	 8.882488e-05	 1032	 iter
794	 8.882488e-05	 1033	 iter
795	 8.882488e-05	 1034	 iter
796	 8.882488e-05	 1035	 iter
797	 8.760176e-05	 1037	 iter
798	 8.751398e-05	 1039	 iter
799	 8.545208e-05	 1041	 iter
800	 8.545208e-05	 1042	 iter
801	 8.318676e-05	 1044	 iter
802	 8.318676e-05	 1045	 iter
803	 8.318676e-05	 1046	 iter
804	 8.318676e-05	 1047	 iter
805	 8.318676e-05	 1048	 iter
806	 8.318676e-05	 1049	 iter
807	 8.318676e-05	 1051	 iter
808	 8.318676e-05	 1052	 iter
809	 8.318676e-05	 1053	 iter
810	 8.318676e-05	 1054	 iter
811	 8.318676e-05	 1055	 iter
812	 8.318676e-05	 1056	 iter
813	 8.318676e-05	 1057	 iter
814	 8.318676e-05	 1058	 iter
815	 8.318676e-05	 1059	 iter
816	 8.318676e-05	 1060	 iter
817	 8.318676e-05	 1062	 iter
818	 8.318676e-05	 1063	 iter
819	 8.318676e-05	 1064	 iter
820	 8.318676e-05	 1066	 iter
821	 8.318676e-05	 1067	 iter
822	 8.318676e-05	 1068	 iter
823	 8.164741e-05	 1070	 iter
824	 8.164741e-05	 1071	 iter
825	 8.164741e-05	 1072	 iter
826	 8.164741e-05	 1074	 iter
827	 8.164741e-05	 1076	 iter
828	 8.164741e-05	 1077	 iter
829	 8.164741e-05	 1079	 iter
830	 8.164741e-05	 1081	 iter
831	 8.164741e-05	 1082	 iter
832	 8.164741e-05	 1083	 iter
833	 8.164741e-05	 1084	 iter
834	 8.164741e-05	 1085	 iter
835	 8.164741e-05	 1086	 iter
836	 8.164741e-05	 1087	 iter
837	 8.164741e-05	 1088	 iter
838	 8.118200e-05	 1090	 iter
839	 8.118200e-05	 1091	 iter
840	 8.118200e-05	 1092	 iter
841	 8.118200e-05	 1094	 iter
842	 8.118200e-05	 1096	 iter
843	 8.118200e-05	 1097	 iter
844	 8.118200e-05	 1098	 iter
845	 8.118200e-05	 1099	 iter
846	 8.047234e-05	 1101	 iter
847	 8.016285e-05	 1103	 iter
848	 8.016285e-05	 1104	 iter
849	 8.016285e-05	 1105	 iter
850	 8.016285e-05	 1107	 iter
851	 8.016285e-05	 1108	 iter
852	 8.016285e-05	 1109	 iter
853	 8.016285e-05	 1110	 iter
854	 7.977036e-05	 1112	 iter
855	 7.977036e-05	 1113	 iter
856	 7.977036e-05	 1114	 iter
857	 7.923985e-05	 1116	 iter
858	 7.923985e-05	 1117	 iter
859	 7.923985e-05	 1118	 iter
860	 7.923985e-05	 1120	 iter
861	 7.923985e-05	 1121	 iter
862	 7.923985e-05	 1122	 iter
863	 7.923985e-05	 1124	 iter
864	 7.923985e-05	 1126	 iter
865	 7.923985e-05	 1127	 iter
866	 7.923985e-05	 1128	 iter
867	 7.916409e-05	 1130	 iter
868	 7.916409e-05	 1131	 iter
869	 7.916409e-05	 1132	 iter
870	 7.916409e-05	 1133	 iter
871	 7.906659e-05	 1135	 iter
872	 7.906659e-05	 1136	 iter
873	 7.904299e-05	 1138	 iter
874	 7.904299e-05	 1140	 iter
875	 7.903347e-05	 1142	 iter
876	 7.843893e-05	 1144	 iter
877	 7.843893e-05	 1145	 iter
878	 7.843893e-05	 1146	 iter
879	 7.788598e-05	 1148	 iter
880	 7.788598e-05	 1149	 iter
881	 7.788598e-05	 1150	 iter
882	 7.788598e-05	 1152	 iter
883	 7.788598e-05	 1153	 iter
884	 7.788598e-05	 1154	 iter
885	 7.714412e-05	 1156	 iter
886	 7.714412e-05	 1158	 iter
887	 7.714412e-05	 1159	 iter
888	 7.714412e-05	 1161	 iter
889	 7.714412e-05	 1162	 iter
890	 7.714412e-05	 1163	 iter
891	 7.714412e-05	 1164	 iter
892	 7.714412e-05	 1165	 iter
893	 7.714412e-05	 1166	 iter
894	 7.714412e-05	 1167	 iter
895	 7.714412e-05	 1168	 iter
896	 7.714412e-05	 1169	 iter
897	 7.714412e-05	 1170	 iter
898	 7.714412e-05	 1171	 iter
899	 7.714412e-05	 1172	 iter
900	 7.714412e-05	 1174	 iter
901	 7.673816e-05	 1176	 iter
902	 7.673816e-05	 1177	 iter
903	 7.673816e-05	 1179	 iter
904	 7.673816e-05	 1180	 iter
905	 7.673816e-05	 1181	 iter
906	 7.664050e-05	 1183	 iter
907	 7.628225e-05	 1185	 iter
908	 7.628225e-05	 1186	 iter
909	 7.628225e-05	 1187	 iter
910	 7.628225e-05	 1188	 iter
911	 7.615848e-05	 1190	 iter
912	 7.615848e-05	 1191	 iter
913	 7.592328e-05	 1193	 iter
914	 7.592328e-05	 1194	 iter
915	 7.592328e-05	 1195	 iter
916	 7.540239e-05	 1197	 iter
917	 7.540239e-05	 1198	 iter
918	 7.540239e-05	 1199	 iter
919	 7.540239e-05	 1200	 iter
920	 7.540239e-05	 1201	 iter
921	 7.540239e-05	 1202	 iter
922	 7.540239e-05	 1203	 iter
923	 7.540239e-05	 1204	 iter
924	 7.540239e-05	 1205	 iter
925	 7.540239e-05	 1206	 iter
926	 7.540239e-05	 1208	 iter
927	 7.540239e-05	 1209	 iter
928	 7.540239e-05	 1210	 iter
929	 7.516536e-05	 1212	 iter
930	 7.516536e-05	 1213	 iter
931	 7.516536e-05	 1214	 iter
932	 7.512919e-05	 1216	 iter
933	 7.512919e-05	 1217	 iter
934	 7.512919e-05	 1218	 iter
935	 7.512919e-05	 1219	 iter
936	 7.512919e-05	 1220	 iter
937	 7.512919e-05	 1221	 iter
938	 7.467163e-05	 1223	 iter
939	 7.467163e-05	 1225	 iter
940	 7.467163e-05	 1226	 iter
941	 7.467163e-05	 1227	 iter
942	 7.467163e-05	 1228	 iter
943	 7.467163e-05	 1229	 iter
944	 7.424162e-05	 1231	 iter
945	 7.424162e-05	 1233	 iter
946	 7.424162e-05	 1234	 iter
947	 7.424162e-05	 1236	 iter
948	 7.424162e-05	 1237	 iter
949	 7.424162e-05	 1238	 iter
950	 7.424162e-05	 1239	 iter
951	 7.424162e-05	 1240	 iter
952	 7.424162e-05	 1241	 iter
953	 7.424162e-05	 1243	 iter
954	 7.424162e-05	 1244	 iter
955	 7.424162e-05	 1246	 iter
956	 7.424162e-05	 1247	 iter
957	 7.424162e-05	 1248	 iter
958	 7.424162e-05	 1250	 iter
959	 7.384943e-05	 1252	 iter
960	 7.337886e-05	 1254	 iter
961	 7.337886e-05	 1255	 iter
962	 7.337886e-05	 1256	 iter
963	 7.337886e-05	 1257	 iter
964	 7.337886e-05	 1258	 iter
965	 7.337886e-05	 1259	 iter
966	 7.337886e-05	 1260	 iter
967	 7.337886e-05	 1261	 iter
968	 7.337886e-05	 1262	 iter
969	 7.337886e-05	 1263	 iter
970	 7.312204e-05	 1265	 iter
971	 7.312204e-05	 1266	 iter
972	 7.312204e-05	 1267	 iter
973	 7.312204e-05	 1268	 iter
974	 7.312204e-05	 1269	 iter
975	 7.244418e-05	 1271	 iter
976	 7.244418e-05	 1272	 iter
977	 7.244418e-05	 1273	 iter
978	 7.244418e-05	 1274	 iter
979	 7.244418e-05	 1275	 iter
980	 7.244418e-05	 1276	 iter
981	 7.244418e-05	 1277	 iter
982	 7.244418e-05	 1278	 iter
983	 7.244418e-05	 1280	 iter
984	 7.226804e-05	 1282	 iter
985	 7.226804e-05	 1283	 iter
986	 7.226804e-05	 1284	 iter
987	 7.226804e-05	 1285	 iter
988	 7.226804e-05	 1286	 iter
989	 7.226804e-05	 1287	 iter
990	 7.218708e-05	 1289	 iter
991	 7.218708e-05	 1290	 iter
992	 7.218708e-05	 1291	 iter
993	 7.173673e-05	 1293	 iter
994	 7.173673e-05	 1294	 iter
995	 7.173673e-05	 1295	 iter
996	 7.173673e-05	 1296	 iter
997	 7.173673e-05	 1298	 iter
998	 7.173673e-05	 1299	 iter
999	 7.135791e-05	 1301	 iter
1000	 7.135791e-05	 1302	 iter
1001	 7.135791e-05	 1304	 iter
1002	 7.135791e-05	 1305	 iter
1003	 7.135791e-05	 1307	 iter
1004	 7.135791e-05	 1308	 iter
1005	 7.135791e-05	 1309	 iter
1006	 7.135791e-05	 1310	 iter
1007	 7.124792e-05	 1312	 iter
1008	 7.124792e-05	 1313	 iter
1009	 7.124792e-05	 1314	 iter
1010	 7.124792e-05	 1316	 iter
1011	 7.124792e-05	 1318	 iter
1012	 7.124792e-05	 1320	 iter
1013	 7.124792e-05	 1321	 iter
1014	 7.119748e-05	 1323	 iter
1015	 7.119748e-05	 1324	 iter
1016	 7.119748e-05	 1325	 iter
1017	 7.119748e-05	 1326	 iter
1018	 7.119748e-05	 1327	 iter
1019	 7.109898e-05	 1329	 iter
1020	 7.109898e-05	 1331	 iter
1021	 7.060297e-05	 1333	 iter
1022	 7.060297e-05	 1334	 iter
1023	 7.060297e-05	 1335	 iter
1024	 7.060297e-05	 1336	 iter
1025	 7.041496e-05	 1338	 iter
1026	 7.041496e-05	 1339	 iter
1027	 7.023217e-05	 1341	 iter
1028	 7.023217e-05	 1342	 iter
1029	 7.023217e-05	 1343	 iter
1030	 7.023217e-05	 1344	 iter
1031	 7.023217e-05	 1345	 iter
1032	 7.023217e-05	 1346	 iter
1033	 6.983931e-05	 1348	 iter
1034	 6.983931e-05	 1349	 iter
1035	 6.983931e-05	 1350	 iter
1036	 6.983931e-05	 1351	 iter
1037	 6.983931e-05	 1352	 iter
1038	 6.975431e-05	 1354	 iter
1039	 6.965779e-05	 1356	 iter
1040	 6.910902e-05	 1358	 iter
1041	 6.910902e-05	 1359	 iter
1042	 6.910902e-05	 1360	 iter
1043	 6.910902e-05	 1361	 iter
1044	 6.910902e-05	 1362	 iter
1045	 6.910902e-05	 1363	 iter
1046	 6.892775e-05	 1365	 iter
1047	 6.892775e-05	 1366	 iter
1048	 6.892775e-05	 1367	 iter
1049	 6.848304e-05	 1369	 iter
1050	 6.848304e-05	 1370	 iter
1051	 6.848304e-05	 1371	 iter
1052	 6.848304e-05	 1372	 iter
1053	 6.848304e-05	 1373	 iter
1054	 6.848304e-05	 1374	 iter
1055	 6.848304e-05	 1375	 iter
1056	 6.848304e-05	 1376	 iter
1057	 6.848304e-05	 1377	 iter
1058	 6.848304e-05	 1378	 iter
1059	 6.800845e-05	 1380	 iter
1060	 6.800845e-05	 1381	 iter
1061	 6.800845e-05	 1382	 iter
1062	 6.800845e-05	 1383	 iter
1063	 6.800845e-05	 1385	 iter
1064	 6.800845e-05	 1386	 iter
1065	 6.726659e-05	 1388	 iter
1066	 6.726659e-05	 1390	 iter
1067	 6.726659e-05	 1391	 iter
1068	 6.726659e-05	 1392	 iter
1069	 6.726659e-05	 1393	 iter
1070	 6.726659e-05	 1394	 iter
1071	 6.726659e-05	 1396	 iter
1072	 6.726659e-05	 1398	 iter
1073	 6.726659e-05	 1399	 iter
1074	 6.726659e-05	 1400	 iter
1075	 6.726659e-05	 1401	 iter
1076	 6.726659e-05	 1403	 iter
1077	 6.726659e-05	 1404	 iter
1078	 6.612320e-05	 1406	 iter
1079	 6.612320e-05	 1407	 iter
1080	 6.612320e-05	 1408	 iter
1081	 6.612320e-05	 1409	 iter
1082	 6.612320e-05	 1410	 iter
1083	 6.612320e-05	 1412	 iter
1084	 6.612320e-05	 1413	 iter
1085	 6.612320e-05	 1414	 iter
1086	 6.612320e-05	 1415	 iter
1087	 6.612320e-05	 1416	 iter
1088	 6.612320e-05	 1417	 iter
1089	 6.612320e-05	 1418	 iter
1090	 6.612320e-05	 1419	 iter
1091	 6.612320e-05	 1420	 iter
1092	 6.612320e-05	 1421	 iter
1093	 6.608067e-05	 1423	 iter
1094	 6.608067e-05	 1425	 iter
1095	 6.608067e-05	 1426	 iter
1096	 6.608067e-05	 1427	 iter
1097	 6.576545e-05	 1429	 iter
1098	 6.568884e-05	 1431	 iter
1099	 6.568884e-05	 1432	 iter
1100	 6.568884e-05	 1433	 iter
1101	 6.551114e-05	 1435	 iter
1102	 6.551114e-05	 1436	 iter
1103	 6.551114e-05	 1438	 iter
1104	 6.551114e-05	 1439	 iter
1105	 6.551114e-05	 1440	 iter
1106	 6.551114e-05	 1441	 iter
1107	 6.551114e-05	 1443	 iter
1108	 6.551114e-05	 1444	 iter
1109	 6.539925e-05	 1446	 iter
1110	 6.415917e-05	 1448	 iter
1111	 6.415917e-05	 1449	 iter
1112	 6.415917e-05	 1451	 iter
1113	 6.415917e-05	 1452	 iter
1114	 6.415917e-05	 1453	 iter
1115	 6.415917e-05	 1454	 iter
1116	 6.415917e-05	 1455	 iter
1117	 6.415917e-05	 1456	 iter
1118	 6.415917e-05	 1457	 iter
1119	 6.415917e-05	 1458	 iter
1120	 6.415917e-05	 1459	 iter
1121	 6.415917e-05	 1460	 iter
1122	 6.415917e-05	 1461	 iter
1123	 6.415917e-05	 1462	 iter
1124	 6.415917e-05	 1463	 iter
1125	 6.401775e-05	 1465	 iter
1126	 6.387165e-05	 1467	 iter
1127	 6.387165e-05	 1468	 iter
1128	 6.387165e-05	 1469	 iter
1129	 6.387165e-05	 1470	 iter
1130	 6.387165e-05	 1471	 iter
1131	 6.387165e-05	 1472	 iter
1132	 6.376405e-05	 1474	 iter
1133	 6.367487e-05	 1476	 iter
1134	 6.367487e-05	 1477	 iter
1135	 6.367487e-05	 1479	 iter
1136	 6.367487e-05	 1480	 iter
1137	 6.367487e-05	 1482	 iter
1138	 6.367487e-05	 1483	 iter
1139	 6.367487e-05	 1484	 iter
1140	 6.233168e-05	 1486	 iter
1141	 6.233168e-05	 1487	 iter
1142	 6.233168e-05	 1488	 iter
1143	 6.233168e-05	 1489	 iter
1144	 6.233168e-05	 1490	 iter
1145	 6.233168e-05	 1491	 iter
1146	 6.233168e-05	 1492	 iter
1147	 6.233168e-05	 1493	 iter
1148	 6.233168e-05	 1494	 iter
1149	 6.233168e-05	 1496	 iter
1150	 6.233168e-05	 1498	 iter
1151	 6.233168e-05	 1499	 iter
1152	 6.233168e-05	 1500	 iter
1153	 6.233168e-05	 1501	 iter
1154	 6.233168e-05	 1502	 iter
1155	 6.233168e-05	 1503	 iter
1156	 6.233168e-05	 1504	 iter
1157	 6.170299e-05	 1506	 iter
1158	 6.170299e-05	 1507	 iter
1159	 6.170299e-05	 1508	 iter
1160	 6.170299e-05	 1509	 iter
1161	 6.170299e-05	 1510	 iter
1162	 6.170299e-05	 1511	 iter
1163	 6.170299e-05	 1512	 iter
1164	 6.170299e-05	 1513	 iter
1165	 6.150629e-05	 1515	 iter
1166	 6.150629e-05	 1516	 iter
1167	 6.146376e-05	 1518	 iter
1168	 6.146376e-05	 1519	 iter
1169	 6.146376e-05	 1520	 iter
1170	 6.146376e-05	 1521	 iter
1171	 6.120940e-05	 1523	 iter
1172	 6.120940e-05	 1524	 iter
1173	 6.120940e-05	 1525	 iter
1174	 6.088232e-05	 1527	 iter
1175	 6.088232e-05	 1528	 iter
1176	 6.079248e-05	 1530	 iter
1177	 6.079248e-05	 1531	 iter
1178	 6.079248e-05	 1533	 iter
1179	 6.075180e-05	 1535	 iter
1180	 6.001006e-05	 1537	 iter
1181	 6.001006e-05	 1538	 iter
1182	 6.001006e-05	 1540	 iter
1183	 6.001006e-05	 1541	 iter
1184	 6.001006e-05	 1542	 iter
1185	 6.001006e-05	 1543	 iter
1186	 6.001006e-05	 1544	 iter
1187	 6.001006e-05	 1545	 iter
1188	 5.991292e-05	 1547	 iter
1189	 5.989585e-05	 1549	 iter
1190	 5.989585e-05	 1550	 iter
1191	 5.989585e-05	 1551	 iter
1192	 5.989585e-05	 1552	 iter
1193	 5.989585e-05	 1554	 iter
1194	 5.989585e-05	 1555	 iter
1195	 5.989585e-05	 1557	 iter
1196	 5.989585e-05	 1558	 iter
1197	 5.989585e-05	 1560	 iter
1198	 5.931918e-05	 1562	 iter
1199	 5.884178e-05	 1564	 iter
1200	 5.884178e-05	 1565	 iter
1201	 5.884178e-05	 1566	 iter
1202	 5.884178e-05	 1567	 iter
1203	 5.884178e-05	 1568	 iter
1204	 5.884178e-05	 1569	 iter
1205	 5.884178e-05	 1571	 iter
1206	 5.884178e-05	 1572	 iter
1207	 5.884178e-05	 1573	 iter
1208	 5.884178e-05	 1575	 iter
1209	 5.884178e-05	 1576	 iter
1210	 5.851663e-05	 1578	 iter
1211	 5.851663e-05	 1579	 iter
1212	 5.836810e-05	 1581	 iter
1213	 5.836810e-05	 1582	 iter
1214	 5.820676e-05	 1584	 iter
1215	 5.820676e-05	 1585	 iter
1216	 5.820676e-05	 1586	 iter
1217	 5.820676e-05	 1587	 iter
1218	 5.820676e-05	 1588	 iter
1219	 5.820676e-05	 1590	 iter
1220	 5.820676e-05	 1591	 iter
1221	 5.817716e-05	 1593	 iter
1222	 5.817716e-05	 1594	 iter
1223	 5.817716e-05	 1595	 iter
1224	 5.777132e-05	 1597	 iter
1225	 5.777132e-05	 1599	 iter
1226	 5.770991e-05	 1601	 iter
1227	 5.770991e-05	 1602	 iter
1228	 5.770991e-05	 1603	 iter
1229	 5.770991e-05	 1605	 iter
1230	 5.761687e-05	 1607	 iter
1231	 5.761687e-05	 1608	 iter
1232	 5.761687e-05	 1610	 iter
1233	 5.633584e-05	 1612	 iter
1234	 5.633584e-05	 1614	 iter
1235	 5.633584e-05	 1615	 iter
1236	 5.633584e-05	 1616	 iter
1237	 5.633584e-05	 1618	 iter
1238	 5.633584e-05	 1619	 iter
1239	 5.633584e-05	 1620	 iter
1240	 5.633584e-05	 1621	 iter
1241	 5.633584e-05	 1622	 iter
1242	 5.633584e-05	 1623	 iter
1243	 5.633584e-05	 1624	 iter
1244	 5.633584e-05	 1625	 iter
1245	 5.633584e-05	 1627	 iter
1246	 5.633584e-05	 1628	 iter
1247	 5.633584e-05	 1629	 iter
1248	 5.633584e-05	 1630	 iter
1249	 5.633584e-05	 1631	 iter
1250	 5.633584e-05	 1632	 iter
1251	 5.633584e-05	 1633	 iter
1252	 5.633584e-05	 1634	 iter
1253	 5.558923e-05	 1636	 iter
1254	 5.558923e-05	 1637	 iter
1255	 5.558923e-05	 1638	 iter
1256	 5.558923e-05	 1639	 iter
1257	 5.558923e-05	 1640	 iter
1258	 5.558923e-05	 1642	 iter
1259	 5.558923e-05	 1643	 iter
1260	 5.558923e-05	 1644	 iter
1261	 5.558923e-05	 1645	 iter
1262	 5.534632e-05	 1647	 iter
1263	 5.534632e-05	 1648	 iter
1264	 5.534632e-05	 1650	 iter
1265	 5.534632e-05	 1651	 iter
1266	 5.534632e-05	 1652	 iter
1267	 5.534632e-05	 1653	 iter
1268	 5.534632e-05	 1654	 iter
1269	 5.534632e-05	 1655	 iter
1270	 5.534632e-05	 1656	 iter
1271	 5.534632e-05	 1657	 iter
1272	 5.534632e-05	 1658	 iter
1273	 5.488458e-05	 1660	 iter
1274	 5.488458e-05	 1661	 iter
1275	 5.488458e-05	 1662	 iter
1276	 5.460990e-05	 1664	 iter
1277	 5.460990e-05	 1665	 iter
1278	 5.460990e-05	 1666	 iter
1279	 5.460990e-05	 1668	 iter
1280	 5.460990e-05	 1669	 iter
1281	 5.460990e-05	 1671	 iter
1282	 5.460990e-05	 1672	 iter
1283	 5.460990e-05	 1673	 iter
1284	 5.460990e-05	 1675	 iter
1285	 5.460990e-05	 1676	 iter
1286	 5.446801e-05	 1678	 iter
1287	 5.446801e-05	 1679	 iter
1288	 5.446801e-05	 1680	 iter
1289	 5.446801e-05	 1681	 iter
1290	 5.446801e-05	 1682	 iter
1291	 5.446801e-05	 1683	 iter
1292	 5.446801e-05	 1684	 iter
1293	 5.446801e-05	 1685	 iter
1294	 5.445749e-05	 1687	 iter
1295	 5.445749e-05	 1689	 iter
1296	 5.445749e-05	 1690	 iter
1297	 5.445749e-05	 1691	 iter
1298	 5.445749e-05	 1692	 iter
1299	 5.445749e-05	 1694	 iter
1300	 5.383821e-05	 1696	 iter
1301	 5.383821e-05	 1697	 iter
1302	 5.383821e-05	 1698	 iter
1303	 5.383821e-05	 1700	 iter
1304	 5.383821e-05	 1701	 iter
1305	 5.383821e-05	 1702	 iter
1306	 5.383821e-05	 1704	 iter
1307	 5.383821e-05	 1705	 iter
1308	 5.383821e-05	 1706	 iter
1309	 5.383821e-05	 1707	 iter
1310	 5.383821e-05	 1709	 iter
1311	 5.383821e-05	 1710	 iter
1312	 5.383821e-05	 1711	 iter
1313	 5.383821e-05	 1712	 iter
1314	 5.383821e-05	 1713	 iter
1315	 5.383821e-05	 1714	 iter
1316	 5.383821e-05	 1715	 iter
1317	 5.366735e-05	 1717	 iter
1318	 5.366735e-05	 1718	 iter
1319	 5.366735e-05	 1720	 iter
1320	 5.366735e-05	 1721	 iter
1321	 5.366735e-05	 1723	 iter
1322	 5.366735e-05	 1724	 iter
1323	 5.366735e-05	 1725	 iter
1324	 5.366735e-05	 1726	 iter
1325	 5.348667e-05	 1728	 iter
1326	 5.348667e-05	 1729	 iter
1327	 5.348667e-05	 1730	 iter
1328	 5.348667e-05	 1732	 iter
1329	 5.348667e-05	 1734	 iter
1330	 5.348667e-05	 1736	 iter
1331	 5.348667e-05	 1737	 iter
1332	 5.348667e-05	 1738	 iter
1333	 5.348667e-05	 1739	 iter
1334	 5.348667e-05	 1740	 iter
1335	 5.346520e-05	 1742	 iter
1336	 5.346520e-05	 1744	 iter
1337	 5.346520e-05	 1745	 iter
1338	 5.333078e-05	 1747	 iter
1339	 5.333078e-05	 1748	 iter
1340	 5.333078e-05	 1749	 iter
1341	 5.333078e-05	 1751	 iter
1342	 5.333078e-05	 1753	 iter
1343	 5.333078e-05	 1754	 iter
1344	 5.333078e-05	 1755	 iter
1345	 5.332085e-05	 1757	 iter
1346	 5.332085e-05	 1759	 iter
1347	 5.332085e-05	 1760	 iter
1348	 5.331263e-05	 1762	 iter
1349	 5.320929e-05	 1764	 iter
1350	 5.320929e-05	 1765	 iter
1351	 5.320929e-05	 1766	 iter
1352	 5.320929e-05	 1767	 iter
1353	 5.320929e-05	 1768	 iter
1354	 5.320929e-05	 1769	 iter
1355	 5.320929e-05	 1770	 iter
1356	 5.320929e-05	 1772	 iter
1357	 5.320929e-05	 1774	 iter
1358	 5.320929e-05	 1776	 iter
1359	 5.320929e-05	 1777	 iter
1360	 5.296247e-05	 1779	 iter
1361	 5.296247e-05	 1780	 iter
1362	 5.296247e-05	 1782	 iter
1363	 5.296247e-05	 1783	 iter
1364	 5.296247e-05	 1784	 iter
1365	 5.296247e-05	 1785	 iter
1366	 5.296247e-05	 1787	 iter
1367	 5.296247e-05	 1788	 iter
1368	 5.296247e-05	 1789	 iter
1369	 5.296247e-05	 1790	 iter
1370	 5.296247e-05	 1792	 iter
1371	 5.295779e-05	 1794	 iter
1372	 5.295779e-05	 1795	 iter
1373	 5.295060e-05	 1797	 iter
1374	 5.295060e-05	 1798	 iter
1375	 5.295060e-05	 1799	 iter
1376	 5.295060e-05	 1800	 iter
1377	 5.295060e-05	 1801	 iter
1378	 5.295060e-05	 1802	 iter
1379	 5.275470e-05	 1804	 iter
1380	 5.275470e-05	 1805	 iter
1381	 5.274822e-05	 1807	 iter
1382	 5.274822e-05	 1809	 iter
1383	 5.262894e-05	 1811	 iter
1384	 5.262894e-05	 1812	 iter
1385	 5.262894e-05	 1814	 iter
1386	 5.262894e-05	 1816	 iter
1387	 5.262894e-05	 1817	 iter
1388	 5.262894e-05	 1818	 iter
1389	 5.262894e-05	 1820	 iter
1390	 5.253891e-05	 1822	 iter
1391	 5.253891e-05	 1823	 iter
1392	 5.253891e-05	 1824	 iter
1393	 5.253891e-05	 1825	 iter
1394	 5.253891e-05	 1826	 iter
1395	 5.250429e-05	 1828	 iter
1396	 5.229731e-05	 1830	 iter
1397	 5.229731e-05	 1831	 iter
1398	 5.229731e-05	 1832	 iter
1399	 5.229731e-05	 1833	 iter
1400	 5.205988e-05	 1835	 iter
1401	 5.205988e-05	 1836	 iter
1402	 5.205988e-05	 1837	 iter
1403	 5.205988e-05	 1838	 iter
1404	 5.205988e-05	 1839	 iter
1405	 5.205988e-05	 1840	 iter
1406	 5.205988e-05	 1841	 iter
1407	 5.205988e-05	 1842	 iter
1408	 5.205988e-05	 1843	 iter
1409	 5.205988e-05	 1844	 iter
1410	 5.198218e-05	 1846	 iter
1411	 5.178175e-05	 1848	 iter
1412	 5.157870e-05	 1850	 iter
1413	 5.157870e-05	 1851	 iter
1414	 5.157870e-05	 1852	 iter
1415	 5.157870e-05	 1853	 iter
1416	 5.157870e-05	 1854	 iter
1417	 5.133264e-05	 1856	 iter
1418	 5.133264e-05	 1857	 iter
1419	 5.133264e-05	 1858	 iter
1420	 5.133264e-05	 1859	 iter
1421	 5.133264e-05	 1860	 iter
1422	 5.133264e-05	 1861	 iter
1423	 5.133264e-05	 1862	 iter
1424	 5.133264e-05	 1863	 iter
1425	 5.133264e-05	 1864	 iter
1426	 5.130953e-05	 1866	 iter
1427	 5.129730e-05	 1868	 iter
1428	 5.129730e-05	 1869	 iter
1429	 5.129730e-05	 1870	 iter
1430	 5.129730e-05	 1871	 iter
1431	 5.129730e-05	 1872	 iter
1432	 5.129730e-05	 1873	 iter
1433	 5.098573e-05	 1875	 iter
1434	 5.098573e-05	 1876	 iter
1435	 5.098573e-05	 1877	 iter
1436	 5.098573e-05	 1878	 iter
1437	 5.098573e-05	 1879	 iter
1438	 5.098573e-05	 1881	 iter
1439	 5.098573e-05	 1882	 iter
1440	 5.098573e-05	 1883	 iter
1441	 5.098573e-05	 1884	 iter
1442	 5.098573e-05	 1885	 iter
1443	 5.098573e-05	 1886	 iter
1444	 5.098573e-05	 1887	 iter
1445	 5.098573e-05	 1889	 iter
1446	 5.098573e-05	 1890	 iter
1447	 5.095629e-05	 1892	 iter
1448	 5.088693e-05	 1894	 iter
1449	 5.088693e-05	 1895	 iter
1450	 5.088693e-05	 1897	 iter
1451	 5.088693e-05	 1898	 iter
1452	 5.078725e-05	 1900	 iter
1453	 5.067276e-05	 1902	 iter
1454	 5.056947e-05	 1904	 iter
1455	 5.056947e-05	 1905	 iter
1456	 5.056947e-05	 1906	 iter
1457	 5.056947e-05	 1907	 iter
1458	 5.047699e-05	 1909	 iter
1459	 5.047699e-05	 1910	 iter
1460	 5.047699e-05	 1911	 iter
1461	 5.047699e-05	 1912	 iter
1462	 5.047699e-05	 1913	 iter
1463	 5.047699e-05	 1914	 iter
1464	 5.045624e-05	 1916	 iter
1465	 5.045624e-05	 1917	 iter
1466	 5.045624e-05	 1918	 iter
1467	 5.045624e-05	 1919	 iter
1468	 5.045624e-05	 1920	 iter
1469	 5.035019e-05	 1922	 iter
1470	 5.035019e-05	 1923	 iter
1471	 5.032951e-05	 1925	 iter
1472	 5.032951e-05	 1926	 iter
1473	 5.032951e-05	 1927	 iter
1474	 5.032951e-05	 1928	 iter
1475	 5.032951e-05	 1930	 iter
1476	 4.992054e-05	 1932	 iter
1477	 4.992054e-05	 1933	 iter
1478	 4.992054e-05	 1934	 iter
1479	 4.992054e-05	 1935	 iter
1480	 4.992054e-05	 1936	 iter
1481	 4.992054e-05	 1938	 iter
1482	 4.992054e-05	 1939	 iter
1483	 4.992054e-05	 1941	 iter
1484	 4.992054e-05	 1942	 iter
1485	 4.992054e-05	 1943	 iter
1486	 4.992054e-05	 1944	 iter
1487	 4.992054e-05	 1945	 iter
1488	 4.992054e-05	 1946	 iter
1489	 4.992054e-05	 1948	 iter
1490	 4.992054e-05	 1949	 iter
1491	 4.992054e-05	 1950	 iter
1492	 4.992054e-05	 1951	 iter
1493	 4.992054e-05	 1952	 iter
1494	 4.952981e-05	 1954	 iter
1495	 4.952981e-05	 1955	 iter
1496	 4.952981e-05	 1956	 iter
1497	 4.952981e-05	 1957	 iter
1498	 4.952981e-05	 1958	 iter
1499	 4.952981e-05	 1959	 iter
1500	 4.952981e-05	 1960	 iter
1501	 4.952981e-05	 1961	 iter
1502	 4.952981e-05	 1962	 iter
1503	 4.952981e-05	 1963	 iter
1504	 4.945565e-05	 1965	 iter
1505	 4.945565e-05	 1966	 iter
1506	 4.938791e-05	 1968	 iter
1507	 4.938791e-05	 1969	 iter
1508	 4.892328e-05	 1971	 iter
1509	 4.892328e-05	 1972	 iter
1510	 4.892328e-05	 1973	 iter
1511	 4.892328e-05	 1974	 iter
1512	 4.892328e-05	 1975	 iter
1513	 4.892328e-05	 1976	 iter
1514	 4.892328e-05	 1977	 iter
1515	 4.892328e-05	 1978	 iter
1516	 4.892328e-05	 1979	 iter
1517	 4.862003e-05	 1981	 iter
1518	 4.862003e-05	 1982	 iter
1519	 4.862003e-05	 1983	 iter
1520	 4.862003e-05	 1984	 iter
1521	 4.862003e-05	 1985	 iter
1522	 4.862003e-05	 1986	 iter
1523	 4.862003e-05	 1987	 iter
1524	 4.820223e-05	 1989	 iter
1525	 4.820223e-05	 1990	 iter
1526	 4.820223e-05	 1991	 iter
1527	 4.820223e-05	 1992	 iter
1528	 4.820223e-05	 1993	 iter
1529	 4.820223e-05	 1994	 iter
1530	 4.820223e-05	 1995	 iter
1531	 4.820223e-05	 1996	 iter
1532	 4.779930e-05	 1998	 iter
1533	 4.779930e-05	 1999	 iter
1534	 4.779930e-05	 2000	 iter
1535	 4.779930e-05	 2001	 iter
1536	 4.779930e-05	 2002	 iter
1537	 4.779930e-05	 2003	 iter
1538	 4.779930e-05	 2004	 iter
1539	 4.758072e-05	 2006	 iter
1540	 4.727846e-05	 2008	 iter
1541	 4.727846e-05	 2010	 iter
1542	 4.727846e-05	 2011	 iter
1543	 4.727846e-05	 2012	 iter
1544	 4.727846e-05	 2013	 iter
1545	 4.727846e-05	 2014	 iter
1546	 4.727846e-05	 2015	 iter
1547	 4.727846e-05	 2016	 iter
1548	 4.714237e-05	 2018	 iter
1549	 4.712905e-05	 2020	 iter
1550	 4.712905e-05	 2021	 iter
1551	 4.687118e-05	 2023	 iter
1552	 4.603063e-05	 2025	 iter
1553	 4.603063e-05	 2026	 iter
1554	 4.603063e-05	 2027	 iter
1555	 4.603063e-05	 2028	 iter
1556	 4.603063e-05	 2029	 iter
1557	 4.603063e-05	 2030	 iter
1558	 4.603063e-05	 2032	 iter
1559	 4.603063e-05	 2033	 iter
1560	 4.603063e-05	 2034	 iter
1561	 4.603063e-05	 2035	 iter
1562	 4.603063e-05	 2037	 iter
1563	 4.603063e-05	 2038	 iter
1564	 4.603063e-05	 2039	 iter
1565	 4.603063e-05	 2040	 iter
1566	 4.603063e-05	 2041	 iter
1567	 4.603063e-05	 2042	 iter
1568	 4.603063e-05	 2043	 iter
1569	 4.597866e-05	 2045	 iter
1570	 4.597866e-05	 2046	 iter
1571	 4.587944e-05	 2048	 iter
1572	 4.587944e-05	 2049	 iter
1573	 4.587944e-05	 2050	 iter
1574	 4.587944e-05	 2051	 iter
1575	 4.587944e-05	 2052	 iter
1576	 4.587944e-05	 2053	 iter
1577	 4.540418e-05	 2055	 iter
1578	 4.540418e-05	 2056	 iter
1579	 4.540418e-05	 2057	 iter
1580	 4.540418e-05	 2058	 iter
1581	 4.540418e-05	 2059	 iter
1582	 4.540418e-05	 2060	 iter
1583	 4.540418e-05	 2061	 iter
1584	 4.540418e-05	 2063	 iter
1585	 4.540418e-05	 2064	 iter
1586	 4.519505e-05	 2066	 iter
1587	 4.519505e-05	 2067	 iter
1588	 4.469906e-05	 2069	 iter
1589	 4.469906e-05	 2070	 iter
1590	 4.469906e-05	 2071	 iter
1591	 4.469906e-05	 2072	 iter
1592	 4.469906e-05	 2073	 iter
1593	 4.469906e-05	 2074	 iter
1594	 4.469906e-05	 2075	 iter
1595	 4.469906e-05	 2076	 iter
1596	 4.469906e-05	 2077	 iter
1597	 4.469906e-05	 2078	 iter
1598	 4.469906e-05	 2079	 iter
1599	 4.469906e-05	 2081	 iter
1600	 4.464031e-05	 2083	 iter
1601	 4.462323e-05	 2085	 iter
1602	 4.462323e-05	 2086	 iter
1603	 4.462323e-05	 2087	 iter
1604	 4.462323e-05	 2088	 iter
1605	 4.462323e-05	 2089	 iter
1606	 4.462323e-05	 2090	 iter
1607	 4.457544e-05	 2092	 iter
1608	 4.457544e-05	 2093	 iter
1609	 4.457544e-05	 2095	 iter
1610	 4.448146e-05	 2097	 iter
1611	 4.448146e-05	 2099	 iter
1612	 4.448146e-05	 2100	 iter
1613	 4.448146e-05	 2101	 iter
1614	 4.448146e-05	 2102	 iter
1615	 4.448146e-05	 2103	 iter
1616	 4.448146e-05	 2105	 iter
1617	 4.444127e-05	 2107	 iter
1618	 4.444127e-05	 2109	 iter
1619	 4.444127e-05	 2110	 iter
1620	 4.444127e-05	 2111	 iter
1621	 4.434407e-05	 2113	 iter
1622	 4.434407e-05	 2114	 iter
1623	 4.434407e-05	 2115	 iter
1624	 4.423809e-05	 2117	 iter
1625	 4.423809e-05	 2118	 iter
1626	 4.423809e-05	 2120	 iter
1627	 4.423809e-05	 2121	 iter
1628	 4.423809e-05	 2123	 iter
1629	 4.403401e-05	 2125	 iter
1630	 4.403401e-05	 2126	 iter
1631	 4.403401e-05	 2127	 iter
1632	 4.403401e-05	 2128	 iter
1633	 4.403401e-05	 2129	 iter
1634	 4.403401e-05	 2130	 iter
1635	 4.403401e-05	 2131	 iter
1636	 4.403401e-05	 2132	 iter
1637	 4.403401e-05	 2133	 iter
1638	 4.403401e-05	 2134	 iter
1639	 4.403401e-05	 2135	 iter
1640	 4.403401e-05	 2136	 iter
1641	 4.400745e-05	 2138	 iter
1642	 4.400745e-05	 2140	 iter
1643	 4.396896e-05	 2142	 iter
1644	 4.396896e-05	 2143	 iter
1645	 4.394310e-05	 2145	 iter
1646	 4.394310e-05	 2146	 iter
1647	 4.394310e-05	 2147	 iter
1648	 4.394310e-05	 2148	 iter
1649	 4.394310e-05	 2150	 iter
1650	 4.394310e-05	 2151	 iter
1651	 4.392490e-05	 2153	 iter
1652	 4.392490e-05	 2154	 iter
1653	 4.392490e-05	 2155	 iter
1654	 4.367245e-05	 2157	 iter
1655	 4.367245e-05	 2158	 iter
1656	 4.367245e-05	 2159	 iter
1657	 4.367245e-05	 2161	 iter
1658	 4.367245e-05	 2162	 iter
1659	 4.367245e-05	 2163	 iter
1660	 4.367245e-05	 2164	 iter
1661	 4.367245e-05	 2165	 iter
1662	 4.367245e-05	 2166	 iter
1663	 4.367245e-05	 2167	 iter
1664	 4.367245e-05	 2168	 iter
1665	 4.361456e-05	 2170	 iter
1666	 4.361456e-05	 2171	 iter
1667	 4.355308e-05	 2173	 iter
1668	 4.355308e-05	 2175	 iter
1669	 4.355308e-05	 2176	 iter
1670	 4.355308e-05	 2177	 iter
1671	 4.355308e-05	 2178	 iter
1672	 4.342337e-05	 2180	 iter
1673	 4.342337e-05	 2181	 iter
1674	 4.342337e-05	 2182	 iter
1675	 4.342337e-05	 2183	 iter
1676	 4.342337e-05	 2184	 iter
1677	 4.342337e-05	 2185	 iter
1678	 4.342337e-05	 2186	 iter
1679	 4.342337e-05	 2187	 iter
1680	 4.316922e-05	 2189	 iter
1681	 4.316922e-05	 2190	 iter
1682	 4.316922e-05	 2191	 iter
1683	 4.316922e-05	 2192	 iter
1684	 4.316818e-05	 2194	 iter
1685	 4.316818e-05	 2195	 iter
1686	 4.316818e-05	 2196	 iter
1687	 4.316818e-05	 2197	 iter
1688	 4.316818e-05	 2198	 iter
1689	 4.316818e-05	 2199	 iter
1690	 4.290992e-05	 2201	 iter
1691	 4.290992e-05	 2202	 iter
1692	 4.290992e-05	 2203	 iter
1693	 4.290992e-05	 2204	 iter
1694	 4.290992e-05	 2205	 iter
1695	 4.278372e-05	 2207	 iter
1696	 4.278372e-05	 2208	 iter
1697	 4.278372e-05	 2209	 iter
1698	 4.278372e-05	 2210	 iter
1699	 4.278372e-05	 2211	 iter
1700	 4.278372e-05	 2212	 iter
1701	 4.268461e-05	 2214	 iter
1702	 4.268461e-05	 2216	 iter
1703	 4.268461e-05	 2217	 iter
1704	 4.268461e-05	 2218	 iter
1705	 4.255220e-05	 2220	 iter
1706	 4.255220e-05	 2221	 iter
1707	 4.255220e-05	 2222	 iter
1708	 4.255220e-05	 2223	 iter
1709	 4.255220e-05	 2224	 iter
1710	 4.255220e-05	 2225	 iter
1711	 4.255220e-05	 2226	 iter
1712	 4.255220e-05	 2227	 iter
1713	 4.255220e-05	 2228	 iter
1714	 4.254129e-05	 2230	 iter
1715	 4.254129e-05	 2231	 iter
1716	 4.242967e-05	 2233	 iter
1717	 4.242967e-05	 2234	 iter
1718	 4.242967e-05	 2235	 iter
1719	 4.242967e-05	 2237	 iter
1720	 4.242967e-05	 2238	 iter
1721	 4.242967e-05	 2239	 iter
1722	 4.236794e-05	 2241	 iter
1723	 4.236794e-05	 2242	 iter
1724	 4.236794e-05	 2243	 iter
1725	 4.236794e-05	 2244	 iter
1726	 4.236794e-05	 2246	 iter
1727	 4.236794e-05	 2247	 iter
1728	 4.236794e-05	 2248	 iter
1729	 4.236794e-05	 2249	 iter
1730	 4.236755e-05	 2251	 iter
1731	 4.236755e-05	 2252	 iter
1732	 4.236755e-05	 2253	 iter
1733	 4.232357e-05	 2255	 iter
1734	 4.232357e-05	 2257	 iter
1735	 4.232357e-05	 2258	 iter
1736	 4.232357e-05	 2260	 iter
1737	 4.232357e-05	 2261	 iter
1738	 4.232357e-05	 2263	 iter
1739	 4.226708e-05	 2265	 iter
1740	 4.226708e-05	 2267	 iter
1741	 4.226708e-05	 2268	 iter
1742	 4.226708e-05	 2269	 iter
1743	 4.226708e-05	 2270	 iter
1744	 4.226708e-05	 2271	 iter
1745	 4.226708e-05	 2273	 iter
1746	 4.226708e-05	 2274	 iter
1747	 4.223535e-05	 2276	 iter
1748	 4.219805e-05	 2278	 iter
1749	 4.219805e-05	 2279	 iter
1750	 4.219805e-05	 2281	 iter
1751	 4.219805e-05	 2282	 iter
1752	 4.219602e-05	 2284	 iter
1753	 4.219602e-05	 2286	 iter
1754	 4.219602e-05	 2287	 iter
1755	 4.219602e-05	 2288	 iter
1756	 4.219602e-05	 2289	 iter
1757	 4.219602e-05	 2290	 iter
1758	 4.219602e-05	 2291	 iter
1759	 4.202402e-05	 2293	 iter
1760	 4.202402e-05	 2294	 iter
1761	 4.202402e-05	 2295	 iter
1762	 4.202402e-05	 2296	 iter
1763	 4.202402e-05	 2297	 iter
1764	 4.202402e-05	 2298	 iter
1765	 4.202402e-05	 2299	 iter
1766	 4.202402e-05	 2300	 iter
1767	 4.202402e-05	 2301	 iter
1768	 4.202402e-05	 2302	 iter
1769	 4.202402e-05	 2303	 iter
1770	 4.202402e-05	 2304	 iter
1771	 4.202402e-05	 2305	 iter
1772	 4.202402e-05	 2306	 iter
1773	 4.198750e-05	 2308	 iter
1774	 4.198750e-05	 2309	 iter
1775	 4.198750e-05	 2310	 iter
1776	 4.196240e-05	 2312	 iter
1777	 4.189098e-05	 2314	 iter
1778	 4.189098e-05	 2315	 iter
1779	 4.189098e-05	 2316	 iter
1780	 4.189098e-05	 2317	 iter
1781	 4.189098e-05	 2318	 iter
1782	 4.189098e-05	 2319	 iter
1783	 4.189098e-05	 2320	 iter
1784	 4.189098e-05	 2321	 iter
1785	 4.186207e-05	 2323	 iter
1786	 4.186207e-05	 2324	 iter
1787	 4.186207e-05	 2326	 iter
1788	 4.179092e-05	 2328	 iter
1789	 4.178517e-05	 2330	 iter
1790	 4.178517e-05	 2331	 iter
1791	 4.178517e-05	 2332	 iter
1792	 4.176124e-05	 2334	 iter
1793	 4.161459e-05	 2336	 iter
1794	 4.161459e-05	 2337	 iter
1795	 4.161459e-05	 2338	 iter
1796	 4.161459e-05	 2339	 iter
1797	 4.161459e-05	 2340	 iter
1798	 4.161459e-05	 2341	 iter
1799	 4.161459e-05	 2342	 iter
1800	 4.161459e-05	 2343	 iter
1801	 4.161459e-05	 2344	 iter
1802	 4.161459e-05	 2345	 iter
1803	 4.161459e-05	 2346	 iter
1804	 4.161459e-05	 2347	 iter
1805	 4.149110e-05	 2349	 iter
1806	 4.149110e-05	 2350	 iter
1807	 4.149110e-05	 2351	 iter
1808	 4.149110e-05	 2352	 iter
1809	 4.149110e-05	 2353	 iter
1810	 4.149110e-05	 2354	 iter
1811	 4.149110e-05	 2356	 iter
1812	 4.149110e-05	 2357	 iter
1813	 4.149110e-05	 2358	 iter
1814	 4.149110e-05	 2360	 iter
1815	 4.149110e-05	 2361	 iter
1816	 4.149110e-05	 2362	 iter
1817	 4.149110e-05	 2363	 iter
1818	 4.149110e-05	 2364	 iter
1819	 4.149110e-05	 2365	 iter
1820	 4.144331e-05	 2367	 iter
1821	 4.139394e-05	 2369	 iter
1822	 4.139394e-05	 2370	 iter
1823	 4.139394e-05	 2371	 iter
1824	 4.136482e-05	 2373	 iter
1825	 4.136482e-05	 2374	 iter
1826	 4.136370e-05	 2376	 iter
1827	 4.132594e-05	 2378	 iter
1828	 4.132594e-05	 2379	 iter
1829	 4.132594e-05	 2380	 iter
1830	 4.131727e-05	 2382	 iter
1831	 4.131727e-05	 2383	 iter
1832	 4.131727e-05	 2384	 iter
1833	 4.131727e-05	 2385	 iter
1834	 4.129454e-05	 2387	 iter
1835	 4.129454e-05	 2388	 iter
1836	 4.129454e-05	 2389	 iter
1837	 4.125094e-05	 2391	 iter
1838	 4.125094e-05	 2392	 iter
1839	 4.125094e-05	 2393	 iter
1840	 4.120295e-05	 2395	 iter
1841	 4.120295e-05	 2396	 iter
1842	 4.120290e-05	 2398	 iter
1843	 4.120290e-05	 2399	 iter
1844	 4.120290e-05	 2400	 iter
1845	 4.120290e-05	 2402	 iter
1846	 4.120290e-05	 2404	 iter
1847	 4.120290e-05	 2406	 iter
1848	 4.120290e-05	 2407	 iter
1849	 4.118106e-05	 2409	 iter
1850	 4.118106e-05	 2410	 iter
1851	 4.115965e-05	 2412	 iter
1852	 4.115965e-05	 2413	 iter
1853	 4.115965e-05	 2414	 iter
1854	 4.108898e-05	 2416	 iter
1855	 4.108898e-05	 2417	 iter
1856	 4.108898e-05	 2418	 iter
1857	 4.108898e-05	 2419	 iter
1858	 4.108898e-05	 2420	 iter
1859	 4.098629e-05	 2422	 iter
1860	 4.098629e-05	 2423	 iter
1861	 4.098629e-05	 2424	 iter
1862	 4.098629e-05	 2425	 iter
1863	 4.098629e-05	 2426	 iter
1864	 4.098629e-05	 2427	 iter
1865	 4.098629e-05	 2428	 iter
1866	 4.098629e-05	 2429	 iter
1867	 4.098629e-05	 2430	 iter
1868	 4.098629e-05	 2431	 iter
1869	 4.098629e-05	 2432	 iter
1870	 4.098629e-05	 2433	 iter
1871	 4.098629e-05	 2434	 iter
1872	 4.091847e-05	 2436	 iter
1873	 4.087854e-05	 2438	 iter
1874	 4.087854e-05	 2439	 iter
1875	 4.087854e-05	 2440	 iter
1876	 4.087854e-05	 2441	 iter
1877	 4.087854e-05	 2442	 iter
1878	 4.087854e-05	 2443	 iter
1879	 4.087032e-05	 2445	 iter
1880	 4.087032e-05	 2446	 iter
1881	 4.087032e-05	 2447	 iter
1882	 4.087032e-05	 2448	 iter
1883	 4.083409e-05	 2450	 iter
1884	 4.083409e-05	 2451	 iter
1885	 4.083409e-05	 2452	 iter
1886	 4.083409e-05	 2453	 iter
1887	 4.083409e-05	 2454	 iter
1888	 4.083409e-05	 2455	 iter
1889	 4.083409e-05	 2456	 iter
1890	 4.083409e-05	 2458	 iter
1891	 4.083409e-05	 2459	 iter
1892	 4.083409e-05	 2460	 iter
1893	 4.079770e-05	 2462	 iter
1894	 4.079770e-05	 2463	 iter
1895	 4.079770e-05	 2464	 iter
1896	 4.076392e-05	 2466	 iter
1897	 4.076392e-05	 2467	 iter
1898	 4.076392e-05	 2468	 iter
1899	 4.076392e-05	 2469	 iter
1900	 4.076392e-05	 2471	 iter
1901	 4.076392e-05	 2473	 iter
1902	 4.076392e-05	 2475	 iter
1903	 4.076392e-05	 2476	 iter
1904	 4.076392e-05	 2477	 iter
1905	 4.076392e-05	 2479	 iter
1906	 4.076392e-05	 2480	 iter
1907	 4.075884e-05	 2482	 iter
1908	 4.075884e-05	 2483	 iter
1909	 4.075884e-05	 2484	 iter
1910	 4.075884e-05	 2485	 iter
1911	 4.075884e-05	 2486	 iter
1912	 4.075884e-05	 2488	 iter
1913	 4.075884e-05	 2490	 iter
1914	 4.073793e-05	 2492	 iter
1915	 4.073090e-05	 2494	 iter
1916	 4.073090e-05	 2495	 iter
1917	 4.073090e-05	 2496	 iter
1918	 4.073090e-05	 2497	 iter
1919	 4.073090e-05	 2498	 iter
1920	 4.073090e-05	 2500	 iter
1921	 4.073090e-05	 2501	 iter
1922	 4.070570e-05	 2503	 iter
1923	 4.070570e-05	 2504	 iter
1924	 4.070570e-05	 2505	 iter
1925	 4.070570e-05	 2507	 iter
1926	 4.070570e-05	 2509	 iter
1927	 4.069886e-05	 2511	 iter
1928	 4.069886e-05	 2512	 iter
1929	 4.069886e-05	 2513	 iter
1930	 4.069886e-05	 2514	 iter
1931	 4.069886e-05	 2515	 iter
1932	 4.069636e-05	 2517	 iter
1933	 4.069636e-05	 2518	 iter
1934	 4.069636e-05	 2520	 iter
1935	 4.069636e-05	 2521	 iter
1936	 4.069636e-05	 2522	 iter
1937	 4.069636e-05	 2523	 iter
1938	 4.069636e-05	 2525	 iter
1939	 4.068185e-05	 2527	 iter
1940	 4.068185e-05	 2529	 iter
1941	 4.068185e-05	 2530	 iter
1942	 4.068185e-05	 2531	 iter
1943	 4.068185e-05	 2533	 iter
1944	 4.067808e-05	 2535	 iter
1945	 4.067808e-05	 2536	 iter
1946	 4.067808e-05	 2537	 iter
1947	 4.067764e-05	 2539	 iter
1948	 4.067764e-05	 2540	 iter
1949	 4.067764e-05	 2541	 iter
1950	 4.067764e-05	 2542	 iter
1951	 4.067764e-05	 2543	 iter
1952	 4.067764e-05	 2544	 iter
1953	 4.067764e-05	 2546	 iter
1954	 4.067764e-05	 2548	 iter
1955	 4.067764e-05	 2549	 iter
1956	 4.065876e-05	 2551	 iter
1957	 4.065876e-05	 2552	 iter
1958	 4.065876e-05	 2553	 iter
1959	 4.065876e-05	 2555	 iter
1960	 4.065876e-05	 2556	 iter
1961	 4.065876e-05	 2557	 iter
1962	 4.065876e-05	 2558	 iter
1963	 4.065450e-05	 2560	 iter
1964	 4.065450e-05	 2561	 iter
1965	 4.065450e-05	 2562	 iter
1966	 4.065450e-05	 2563	 iter
1967	 4.065450e-05	 2564	 iter
1968	 4.065450e-05	 2565	 iter
1969	 4.065450e-05	 2566	 iter
1970	 4.065450e-05	 2568	 iter
1971	 4.065450e-05	 2570	 iter
1972	 4.065450e-05	 2571	 iter
1973	 4.065450e-05	 2572	 iter
1974	 4.065450e-05	 2574	 iter
1975	 4.065450e-05	 2576	 iter
1976	 4.065450e-05	 2578	 iter
1977	 4.064315e-05	 2580	 iter
1978	 4.064315e-05	 2582	 iter
1979	 4.064315e-05	 2583	 iter
1980	 4.064315e-05	 2584	 iter
1981	 4.064315e-05	 2585	 iter
1982	 4.064315e-05	 2587	 iter
1983	 4.064315e-05	 2589	 iter
1984	 4.063506e-05	 2591	 iter
1985	 4.063506e-05	 2592	 iter
1986	 4.063506e-05	 2593	 iter
1987	 4.063082e-05	 2595	 iter
1988	 4.063082e-05	 2596	 iter
1989	 4.062907e-05	 2598	 iter
1990	 4.062907e-05	 2599	 iter
1991	 4.062907e-05	 2600	 iter
1992	 4.062907e-05	 2601	 iter
1993	 4.062907e-05	 2602	 iter
1994	 4.062907e-05	 2603	 iter
1995	 4.062907e-05	 2604	 iter
1996	 4.061526e-05	 2606	 iter
1997	 4.061526e-05	 2607	 iter
1998	 4.061526e-05	 2608	 iter
1999	 4.061381e-05	 2610	 iter
2000	 4.061381e-05	 2611	 iter
2001	 4.061381e-05	 2612	 iter
2002	 4.061381e-05	 2613	 iter
2003	 4.061381e-05	 2614	 iter
2004	 4.061029e-05	 2616	 iter
2005	 4.061029e-05	 2617	 iter
2006	 4.060149e-05	 2619	 iter
2007	 4.060149e-05	 2620	 iter
2008	 4.060149e-05	 2621	 iter
2009	 4.060149e-05	 2622	 iter
2010	 4.060149e-05	 2623	 iter
2011	 4.060149e-05	 2624	 iter
2012	 4.060149e-05	 2625	 iter
2013	 4.060149e-05	 2626	 iter
2014	 4.060149e-05	 2628	 iter
2015	 4.060149e-05	 2629	 iter
2016	 4.060149e-05	 2630	 iter
2017	 4.060149e-05	 2631	 iter
2018	 4.060149e-05	 2632	 iter
2019	 4.060149e-05	 2634	 iter
2020	 4.060149e-05	 2636	 iter
2021	 4.060149e-05	 2637	 iter
2022	 4.060149e-05	 2638	 iter
2023	 4.060149e-05	 2639	 iter
2024	 4.060149e-05	 2640	 iter
2025	 4.060149e-05	 2641	 iter
2026	 4.060149e-05	 2642	 iter
2027	 4.060149e-05	 2643	 iter
2028	 4.059943e-05	 2645	 iter
2029	 4.059943e-05	 2647	 iter
2030	 4.059943e-05	 2648	 iter
2031	 4.059437e-05	 2650	 iter
2032	 4.059437e-05	 2652	 iter
2033	 4.059437e-05	 2654	 iter
2034	 4.059437e-05	 2656	 iter
2035	 4.059437e-05	 2658	 iter
2036	 4.059437e-05	 2659	 iter
2037	 4.059437e-05	 2660	 iter
2038	 4.059437e-05	 2662	 iter
2039	 4.059437e-05	 2663	 iter
2040	 4.059437e-05	 2664	 iter
2041	 4.059437e-05	 2666	 iter
2042	 4.059437e-05	 2667	 iter
2043	 4.059437e-05	 2669	 iter
2044	 4.059437e-05	 2670	 iter
2045	 4.059191e-05	 2672	 iter
2046	 4.059191e-05	 2673	 iter
2047	 4.059191e-05	 2675	 iter
2048	 4.059191e-05	 2677	 iter
2049	 4.059191e-05	 2679	 iter
2050	 4.059191e-05	 2681	 iter
2051	 4.059191e-05	 2682	 iter
2052	 4.059191e-05	 2684	 iter
2053	 4.059191e-05	 2685	 iter
2054	 4.059191e-05	 2687	 iter
2055	 4.059191e-05	 2688	 iter
2056	 4.059191e-05	 2689	 iter
2057	 4.059191e-05	 2691	 iter
2058	 4.059191e-05	 2692	 iter
2059	 4.059191e-05	 2693	 iter
2060	 4.059190e-05	 2695	 iter
2061	 4.059190e-05	 2696	 iter
2062	 4.059150e-05	 2698	 iter
2063	 4.059150e-05	 2699	 iter
2064	 4.059132e-05	 2701	 iter
2065	 4.059132e-05	 2702	 iter
2066	 4.059102e-05	 2704	 iter
2067	 4.059102e-05	 2705	 iter
2068	 4.059102e-05	 2706	 iter
2069	 4.059102e-05	 2708	 iter
2070	 4.059102e-05	 2709	 iter
2071	 4.059081e-05	 2711	 iter
2072	 4.059081e-05	 2712	 iter
2073	 4.059075e-05	 2714	 iter
2074	 4.059036e-05	 2716	 iter
2075	 4.059036e-05	 2717	 iter
2076	 4.059036e-05	 2718	 iter
2077	 4.059036e-05	 2720	 iter
2078	 4.058851e-05	 2722	 iter
2079	 4.058851e-05	 2724	 iter
2080	 4.058851e-05	 2726	 iter
2081	 4.058851e-05	 2727	 iter
2082	 4.058851e-05	 2728	 iter
2083	 4.058851e-05	 2730	 iter
2084	 4.058851e-05	 2732	 iter
2085	 4.058851e-05	 2734	 iter
2086	 4.058851e-05	 2735	 iter
2087	 4.058851e-05	 2737	 iter
2088	 4.058851e-05	 2738	 iter
2089	 4.058851e-05	 2740	 iter
2090	 4.058851e-05	 2741	 iter
2091	 4.058851e-05	 2742	 iter
2092	 4.058851e-05	 2743	 iter
2093	 4.058851e-05	 2744	 iter
2094	 4.058851e-05	 2746	 iter
2095	 4.058851e-05	 2748	 iter
2096	 4.058851e-05	 2749	 iter
2097	 4.058851e-05	 2750	 iter
2098	 4.058851e-05	 2751	 iter
2099	 4.058851e-05	 2752	 iter
2100	 4.058851e-05	 2753	 iter
2101	 4.058851e-05	 2754	 iter
2102	 4.058851e-05	 2755	 iter
2103	 4.058851e-05	 2757	 iter
2104	 4.058851e-05	 2758	 iter
2105	 4.058851e-05	 2760	 iter
2106	 4.058843e-05	 2762	 iter
2107	 4.058840e-05	 2764	 iter
2108	 4.058840e-05	 2765	 iter
2109	 4.058827e-05	 2767	 iter
2110	 4.058827e-05	 2768	 iter
2111	 4.058787e-05	 2770	 iter
2112	 4.058787e-05	 2771	 iter
2113	 4.058787e-05	 2772	 iter
2114	 4.058787e-05	 2773	 iter
2115	 4.058787e-05	 2774	 iter
2116	 4.058787e-05	 2776	 iter
2117	 4.058787e-05	 2777	 iter
2118	 4.058780e-05	 2779	 iter
2119	 4.058780e-05	 2780	 iter
2120	 4.058780e-05	 2782	 iter
2121	 4.058780e-05	 2783	 iter
2122	 4.058780e-05	 2784	 iter
2123	 4.058780e-05	 2785	 iter
2124	 4.058780e-05	 2786	 iter
2125	 4.058780e-05	 2788	 iter
2126	 4.058780e-05	 2790	 iter
2127	 4.058740e-05	 2792	 iter
2128	 4.058740e-05	 2793	 iter
2129	 4.058740e-05	 2794	 iter
2130	 4.058740e-05	 2795	 iter
2131	 4.058740e-05	 2796	 iter
2132	 4.058740e-05	 2798	 iter
2133	 4.058740e-05	 2799	 iter
2134	 4.058740e-05	 2800	 iter
2135	 4.058740e-05	 2802	 iter
2136	 4.058740e-05	 2803	 iter
2137	 4.058740e-05	 2804	 iter
2138	 4.058740e-05	 2805	 iter
2139	 4.058740e-05	 2806	 iter
2140	 4.058740e-05	 2808	 iter
2141	 4.058740e-05	 2809	 iter
2142	 4.058740e-05	 2810	 iter
2143	 4.058740e-05	 2812	 iter
2144	 4.058740e-05	 2813	 iter
2145	 4.058730e-05	 2815	 iter
2146	 4.058730e-05	 2816	 iter
2147	 4.058730e-05	 2817	 iter
2148	 4.058730e-05	 2818	 iter
2149	 4.058726e-05	 2820	 iter
2150	 4.058726e-05	 2821	 iter
2151	 4.058726e-05	 2822	 iter
2152	 4.058726e-05	 2823	 iter
2153	 4.058717e-05	 2825	 iter
2154	 4.058717e-05	 2826	 iter
2155	 4.058699e-05	 2828	 iter
2156	 4.058699e-05	 2829	 iter
2157	 4.058699e-05	 2831	 iter
2158	 4.058699e-05	 2832	 iter
2159	 4.058699e-05	 2833	 iter
2160	 4.058699e-05	 2834	 iter
2161	 4.058699e-05	 2835	 iter
2162	 4.058699e-05	 2836	 iter
2163	 4.058688e-05	 2838	 iter
2164	 4.058688e-05	 2839	 iter
2165	 4.058688e-05	 2841	 iter
2166	 4.058688e-05	 2843	 iter
2167	 4.058688e-05	 2845	 iter
2168	 4.058688e-05	 2846	 iter
2169	 4.058688e-05	 2848	 iter
2170	 4.058688e-05	 2849	 iter
2171	 4.058688e-05	 2851	 iter
2172	 4.058686e-05	 2853	 iter
2173	 4.058686e-05	 2854	 iter
2174	 4.058686e-05	 2855	 iter
2175	 4.058686e-05	 2856	 iter
2176	 4.058686e-05	 2857	 iter
2177	 4.058685e-05	 2859	 iter
2178	 4.058685e-05	 2860	 iter
2179	 4.058685e-05	 2861	 iter
2180	 4.058685e-05	 2862	 iter
2181	 4.058685e-05	 2864	 iter
2182	 4.058685e-05	 2865	 iter
2183	 4.058685e-05	 2867	 iter
2184	 4.058674e-05	 2869	 iter
2185	 4.058670e-05	 2871	 iter
2186	 4.058670e-05	 2873	 iter
2187	 4.058666e-05	 2875	 iter
2188	 4.058666e-05	 2876	 iter
2189	 4.058661e-05	 2878	 iter
2190	 4.058661e-05	 2879	 iter
2191	 4.058661e-05	 2880	 iter
2192	 4.058660e-05	 2882	 iter
2193	 4.058660e-05	 2884	 iter
2194	 4.058660e-05	 2885	 iter
2195	 4.058655e-05	 2887	 iter
2196	 4.058655e-05	 2888	 iter
2197	 4.058655e-05	 2890	 iter
2198	 4.058651e-05	 2892	 iter
2199	 4.058651e-05	 2893	 iter
2200	 4.058651e-05	 2894	 iter
2201	 4.058651e-05	 2895	 iter
2202	 4.058651e-05	 2896	 iter
2203	 4.058623e-05	 2898	 iter
2204	 4.058623e-05	 2899	 iter
2205	 4.058623e-05	 2900	 iter
2206	 4.058623e-05	 2901	 iter
2207	 4.058623e-05	 2902	 iter
2208	 4.058623e-05	 2904	 iter
2209	 4.058623e-05	 2905	 iter
2210	 4.058623e-05	 2906	 iter
2211	 4.058616e-05	 2908	 iter
2212	 4.058616e-05	 2909	 iter
2213	 4.058616e-05	 2910	 iter
2214	 4.058616e-05	 2911	 iter
2215	 4.058616e-05	 2912	 iter
2216	 4.058616e-05	 2913	 iter
2217	 4.058616e-05	 2914	 iter
2218	 4.058616e-05	 2915	 iter
2219	 4.058607e-05	 2917	 iter
2220	 4.058595e-05	 2919	 iter
2221	 4.058595e-05	 2920	 iter
2222	 4.058555e-05	 2922	 iter
2223	 4.058555e-05	 2923	 iter
2224	 4.058555e-05	 2924	 iter
2225	 4.058555e-05	 2925	 iter
2226	 4.058555e-05	 2926	 iter
2227	 4.058555e-05	 2927	 iter
2228	 4.058555e-05	 2928	 iter
2229	 4.058555e-05	 2929	 iter
2230	 4.058555e-05	 2930	 iter
2231	 4.058555e-05	 2931	 iter
2232	 4.058555e-05	 2932	 iter
2233	 4.058552e-05	 2934	 iter
2234	 4.058552e-05	 2936	 iter
2235	 4.058552e-05	 2937	 iter
2236	 4.058527e-05	 2939	 iter
2237	 4.058527e-05	 2940	 iter
2238	 4.058516e-05	 2942	 iter
2239	 4.058516e-05	 2943	 iter
2240	 4.058516e-05	 2944	 iter
2241	 4.058498e-05	 2946	 iter
2242	 4.058498e-05	 2947	 iter
2243	 4.058498e-05	 2948	 iter
2244	 4.058498e-05	 2949	 iter
2245	 4.058481e-05	 2951	 iter
2246	 4.058436e-05	 2953	 iter
2247	 4.058436e-05	 2954	 iter
2248	 4.058436e-05	 2955	 iter
2249	 4.058436e-05	 2956	 iter
2250	 4.058436e-05	 2957	 iter
2251	 4.058420e-05	 2959	 iter
2252	 4.058405e-05	 2961	 iter
2253	 4.058405e-05	 2962	 iter
2254	 4.058405e-05	 2963	 iter
2255	 4.058345e-05	 2965	 iter
2256	 4.058345e-05	 2966	 iter
2257	 4.058345e-05	 2967	 iter
2258	 4.058345e-05	 2968	 iter
2259	 4.058308e-05	 2970	 iter
2260	 4.058308e-05	 2971	 iter
2261	 4.058308e-05	 2972	 iter
2262	 4.058308e-05	 2973	 iter
2263	 4.058308e-05	 2974	 iter
2264	 4.058257e-05	 2976	 iter
2265	 4.058257e-05	 2977	 iter
2266	 4.058185e-05	 2979	 iter
2267	 4.058185e-05	 2980	 iter
2268	 4.058185e-05	 2981	 iter
2269	 4.058185e-05	 2982	 iter
2270	 4.058185e-05	 2983	 iter
2271	 4.058185e-05	 2984	 iter
2272	 4.058185e-05	 2985	 iter
2273	 4.058112e-05	 2987	 iter
2274	 4.058112e-05	 2988	 iter
2275	 4.058112e-05	 2989	 iter
2276	 4.058112e-05	 2990	 iter
2277	 4.058112e-05	 2991	 iter
2278	 4.058112e-05	 2992	 iter
2279	 4.058112e-05	 2993	 iter
2280	 4.058112e-05	 2994	 iter
2281	 4.058094e-05	 2996	 iter
2282	 4.058077e-05	 2998	 iter
2283	 4.058077e-05	 2999	 iter
2284	 4.058066e-05	 3001	 iter
2285	 4.057852e-05	 3003	 iter
2286	 4.057852e-05	 3004	 iter
2287	 4.057852e-05	 3005	 iter
2288	 4.057852e-05	 3006	 iter
2289	 4.057852e-05	 3007	 iter
2290	 4.057852e-05	 3008	 iter
2291	 4.057852e-05	 3009	 iter
2292	 4.057852e-05	 3010	 iter
2293	 4.057852e-05	 3011	 iter
2294	 4.057852e-05	 3012	 iter
2295	 4.057852e-05	 3013	 iter
2296	 4.057785e-05	 3015	 iter
2297	 4.057785e-05	 3016	 iter
2298	 4.057785e-05	 3017	 iter
2299	 4.057701e-05	 3019	 iter
2300	 4.057701e-05	 3020	 iter
2301	 4.057701e-05	 3021	 iter
2302	 4.057701e-05	 3022	 iter
2303	 4.057701e-05	 3023	 iter
2304	 4.057579e-05	 3025	 iter
2305	 4.057327e-05	 3027	 iter
2306	 4.057327e-05	 3028	 iter
2307	 4.057327e-05	 3029	 iter
2308	 4.057327e-05	 3030	 iter
2309	 4.057327e-05	 3031	 iter
2310	 4.057327e-05	 3032	 iter
2311	 4.057327e-05	 3033	 iter
2312	 4.057327e-05	 3034	 iter
2313	 4.057327e-05	 3035	 iter
2314	 4.057318e-05	 3037	 iter
2315	 4.057287e-05	 3039	 iter
2316	 4.057200e-05	 3041	 iter
2317	 4.057122e-05	 3043	 iter
2318	 4.057040e-05	 3045	 iter
2319	 4.056525e-05	 3047	 iter
2320	 4.056525e-05	 3048	 iter
2321	 4.056525e-05	 3049	 iter
2322	 4.056525e-05	 3050	 iter
2323	 4.056525e-05	 3051	 iter
2324	 4.056525e-05	 3052	 iter
2325	 4.056525e-05	 3053	 iter
2326	 4.056525e-05	 3054	 iter
2327	 4.056525e-05	 3055	 iter
2328	 4.056154e-05	 3057	 iter
2329	 4.056154e-05	 3058	 iter
2330	 4.056154e-05	 3059	 iter
2331	 4.056154e-05	 3060	 iter
2332	 4.056154e-05	 3061	 iter
2333	 4.056154e-05	 3062	 iter
2334	 4.056154e-05	 3063	 iter
2335	 4.056048e-05	 3065	 iter
2336	 4.056048e-05	 3066	 iter
2337	 4.056048e-05	 3067	 iter
2338	 4.056048e-05	 3068	 iter
2339	 4.056048e-05	 3069	 iter
2340	 4.056048e-05	 3070	 iter
2341	 4.055439e-05	 3072	 iter
2342	 4.055439e-05	 3073	 iter
2343	 4.055439e-05	 3074	 iter
2344	 4.055439e-05	 3075	 iter
2345	 4.055439e-05	 3076	 iter
2346	 4.055042e-05	 3078	 iter
2347	 4.055042e-05	 3079	 iter
2348	 4.055042e-05	 3080	 iter
2349	 4.055042e-05	 3081	 iter
2350	 4.055042e-05	 3082	 iter
2351	 4.055042e-05	 3083	 iter
2352	 4.055042e-05	 3084	 iter
2353	 4.055042e-05	 3085	 iter
2354	 4.054915e-05	 3087	 iter
2355	 4.054827e-05	 3089	 iter
2356	 4.054368e-05	 3091	 iter
2357	 4.054368e-05	 3092	 iter
2358	 4.054368e-05	 3093	 iter
2359	 4.054368e-05	 3094	 iter
2360	 4.054368e-05	 3095	 iter
2361	 4.054368e-05	 3096	 iter
2362	 4.054368e-05	 3097	 iter
2363	 4.054368e-05	 3098	 iter
2364	 4.053834e-05	 3100	 iter
2365	 4.053834e-05	 3101	 iter
2366	 4.053834e-05	 3102	 iter
2367	 4.053834e-05	 3103	 iter
2368	 4.053834e-05	 3104	 iter
2369	 4.053834e-05	 3105	 iter
2370	 4.053737e-05	 3107	 iter
2371	 4.053737e-05	 3108	 iter
2372	 4.053737e-05	 3109	 iter
2373	 4.053737e-05	 3110	 iter
2374	 4.053737e-05	 3111	 iter
2375	 4.053475e-05	 3113	 iter
2376	 4.053475e-05	 3115	 iter
2377	 4.052411e-05	 3117	 iter
2378	 4.052411e-05	 3118	 iter
2379	 4.052411e-05	 3119	 iter
2380	 4.052411e-05	 3120	 iter
2381	 4.052411e-05	 3122	 iter
2382	 4.052411e-05	 3123	 iter
2383	 4.052411e-05	 3124	 iter
2384	 4.052411e-05	 3125	 iter
2385	 4.052411e-05	 3126	 iter
2386	 4.052411e-05	 3127	 iter
2387	 4.052411e-05	 3128	 iter
2388	 4.052411e-05	 3129	 iter
2389	 4.052411e-05	 3130	 iter
2390	 4.052411e-05	 3131	 iter
2391	 4.052411e-05	 3132	 iter
2392	 4.052411e-05	 3133	 iter
2393	 4.051836e-05	 3135	 iter
2394	 4.051836e-05	 3136	 iter
2395	 4.051836e-05	 3137	 iter
2396	 4.051836e-05	 3138	 iter
2397	 4.051836e-05	 3139	 iter
2398	 4.051642e-05	 3141	 iter
2399	 4.051315e-05	 3143	 iter
2400	 4.051315e-05	 3144	 iter
2401	 4.051315e-05	 3145	 iter
2402	 4.051315e-05	 3146	 iter
2403	 4.051243e-05	 3148	 iter
2404	 4.051032e-05	 3150	 iter
2405	 4.050545e-05	 3152	 iter
2406	 4.050545e-05	 3153	 iter
2407	 4.049350e-05	 3155	 iter
2408	 4.049350e-05	 3156	 iter
2409	 4.049350e-05	 3157	 iter
2410	 4.048497e-05	 3159	 iter
2411	 4.048497e-05	 3160	 iter
2412	 4.048497e-05	 3161	 iter
2413	 4.047097e-05	 3163	 iter
2414	 4.047097e-05	 3164	 iter
2415	 4.047097e-05	 3165	 iter
2416	 4.047097e-05	 3166	 iter
2417	 4.047097e-05	 3167	 iter
2418	 4.047097e-05	 3168	 iter
2419	 4.047097e-05	 3169	 iter
2420	 4.047097e-05	 3170	 iter
2421	 4.046456e-05	 3172	 iter
2422	 4.046456e-05	 3173	 iter
2423	 4.046456e-05	 3174	 iter
2424	 4.046456e-05	 3175	 iter
2425	 4.046456e-05	 3176	 iter
2426	 4.046456e-05	 3177	 iter
2427	 4.045810e-05	 3179	 iter
2428	 4.045810e-05	 3180	 iter
2429	 4.045056e-05	 3182	 iter
2430	 4.045056e-05	 3183	 iter
2431	 4.045056e-05	 3184	 iter
2432	 4.045056e-05	 3185	 iter
2433	 4.045056e-05	 3186	 iter
2434	 4.045056e-05	 3187	 iter
2435	 4.043856e-05	 3189	 iter
2436	 4.043856e-05	 3190	 iter
2437	 4.043856e-05	 3191	 iter
2438	 4.043856e-05	 3192	 iter
2439	 4.043856e-05	 3193	 iter
2440	 4.043620e-05	 3195	 iter
2441	 4.043620e-05	 3196	 iter
2442	 4.043409e-05	 3198	 iter
2443	 4.043409e-05	 3199	 iter
2444	 4.043409e-05	 3200	 iter
2445	 4.043409e-05	 3201	 iter
2446	 4.042925e-05	 3203	 iter
2447	 4.042925e-05	 3204	 iter
2448	 4.042925e-05	 3205	 iter
2449	 4.042925e-05	 3206	 iter
2450	 4.041910e-05	 3208	 iter
2451	 4.041910e-05	 3209	 iter
2452	 4.041910e-05	 3211	 iter
2453	 4.041910e-05	 3212	 iter
2454	 4.041910e-05	 3213	 iter
2455	 4.041910e-05	 3214	 iter
2456	 4.041831e-05	 3216	 iter
2457	 4.041831e-05	 3217	 iter
2458	 4.041831e-05	 3219	 iter
2459	 4.041831e-05	 3220	 iter
2460	 4.041831e-05	 3221	 iter
2461	 4.041831e-05	 3223	 iter
2462	 4.041831e-05	 3224	 iter
2463	 4.041831e-05	 3225	 iter
2464	 4.041186e-05	 3227	 iter
2465	 4.041186e-05	 3228	 iter
2466	 4.041186e-05	 3229	 iter
2467	 4.041186e-05	 3230	 iter
2468	 4.040826e-05	 3232	 iter
2469	 4.040826e-05	 3233	 iter
2470	 4.040826e-05	 3234	 iter
2471	 4.040826e-05	 3235	 iter
2472	 4.040826e-05	 3236	 iter
2473	 4.040826e-05	 3237	 iter
2474	 4.040826e-05	 3238	 iter
2475	 4.040826e-05	 3239	 iter
2476	 4.040826e-05	 3240	 iter
2477	 4.040826e-05	 3241	 iter
2478	 4.040826e-05	 3243	 iter
2479	 4.040826e-05	 3244	 iter
2480	 4.040522e-05	 3246	 iter
2481	 4.040522e-05	 3247	 iter
2482	 4.040522e-05	 3248	 iter
2483	 4.040522e-05	 3249	 iter
2484	 4.040522e-05	 3250	 iter
2485	 4.040522e-05	 3251	 iter
2486	 4.040275e-05	 3253	 iter
2487	 4.040275e-05	 3254	 iter
2488	 4.040275e-05	 3256	 iter
2489	 4.040275e-05	 3257	 iter
2490	 4.040275e-05	 3258	 iter
2491	 4.040275e-05	 3259	 iter
2492	 4.040275e-05	 3261	 iter
2493	 4.040275e-05	 3262	 iter
2494	 4.040275e-05	 3264	 iter
2495	 4.040275e-05	 3266	 iter
2496	 4.040039e-05	 3268	 iter
2497	 4.040019e-05	 3270	 iter
2498	 4.040019e-05	 3272	 iter
2499	 4.040019e-05	 3273	 iter
2500	 4.040019e-05	 3275	 iter
2501	 4.040019e-05	 3277	 iter
2502	 4.040019e-05	 3279	 iter
2503	 4.040019e-05	 3280	 iter
2504	 4.039866e-05	 3282	 iter
2505	 4.039866e-05	 3284	 iter
2506	 4.039866e-05	 3285	 iter
2507	 4.039866e-05	 3286	 iter
2508	 4.039866e-05	 3287	 iter
2509	 4.039835e-05	 3289	 iter
2510	 4.039831e-05	 3291	 iter
2511	 4.039831e-05	 3292	 iter
2512	 4.039831e-05	 3293	 iter
2513	 4.039596e-05	 3295	 iter
2514	 4.039596e-05	 3296	 iter
2515	 4.039596e-05	 3297	 iter
2516	 4.039596e-05	 3298	 iter
2517	 4.039367e-05	 3300	 iter
2518	 4.039367e-05	 3301	 iter
2519	 4.039367e-05	 3302	 iter
2520	 4.039367e-05	 3303	 iter
2521	 4.039367e-05	 3304	 iter
2522	 4.039367e-05	 3305	 iter
2523	 4.039367e-05	 3307	 iter
2524	 4.039367e-05	 3308	 iter
2525	 4.039367e-05	 3309	 iter
2526	 4.039367e-05	 3310	 iter
2527	 4.039367e-05	 3311	 iter
2528	 4.039367e-05	 3313	 iter
2529	 4.039367e-05	 3315	 iter
2530	 4.039367e-05	 3316	 iter
2531	 4.039367e-05	 3317	 iter
2532	 4.039335e-05	 3319	 iter
2533	 4.039174e-05	 3321	 iter
2534	 4.039174e-05	 3322	 iter
2535	 4.039162e-05	 3324	 iter
2536	 4.039162e-05	 3325	 iter
2537	 4.038962e-05	 3327	 iter
2538	 4.038962e-05	 3328	 iter
2539	 4.038962e-05	 3329	 iter
2540	 4.038946e-05	 3331	 iter
2541	 4.038946e-05	 3332	 iter
2542	 4.038941e-05	 3334	 iter
2543	 4.038941e-05	 3335	 iter
2544	 4.038941e-05	 3336	 iter
2545	 4.038941e-05	 3337	 iter
2546	 4.038941e-05	 3338	 iter
2547	 4.038941e-05	 3339	 iter
2548	 4.038941e-05	 3340	 iter
2549	 4.038941e-05	 3341	 iter
2550	 4.038941e-05	 3342	 iter
2551	 4.038941e-05	 3343	 iter
2552	 4.038941e-05	 3345	 iter
2553	 4.038941e-05	 3346	 iter
2554	 4.038941e-05	 3347	 iter
2555	 4.038830e-05	 3349	 iter
2556	 4.038830e-05	 3350	 iter
2557	 4.038830e-05	 3351	 iter
2558	 4.038830e-05	 3352	 iter
2559	 4.038830e-05	 3354	 iter
2560	 4.038716e-05	 3356	 iter
2561	 4.038716e-05	 3357	 iter
2562	 4.038695e-05	 3359	 iter
2563	 4.038695e-05	 3360	 iter
2564	 4.038695e-05	 3361	 iter
2565	 4.038695e-05	 3363	 iter
2566	 4.038695e-05	 3365	 iter
2567	 4.038695e-05	 3366	 iter
2568	 4.038695e-05	 3367	 iter
2569	 4.038660e-05	 3369	 iter
2570	 4.038660e-05	 3371	 iter
2571	 4.038660e-05	 3372	 iter
2572	 4.038660e-05	 3373	 iter
2573	 4.038660e-05	 3374	 iter
2574	 4.038660e-05	 3375	 iter
2575	 4.038660e-05	 3376	 iter
2576	 4.038660e-05	 3377	 iter
2577	 4.038660e-05	 3379	 iter
2578	 4.038660e-05	 3380	 iter
2579	 4.038660e-05	 3382	 iter
2580	 4.038660e-05	 3383	 iter
2581	 4.038660e-05	 3385	 iter
2582	 4.038660e-05	 3386	 iter
2583	 4.038572e-05	 3388	 iter
2584	 4.038572e-05	 3390	 iter
2585	 4.038572e-05	 3391	 iter
2586	 4.038572e-05	 3392	 iter
2587	 4.038572e-05	 3394	 iter
2588	 4.038572e-05	 3395	 iter
2589	 4.038572e-05	 3396	 iter
2590	 4.038528e-05	 3398	 iter
2591	 4.038528e-05	 3399	 iter
2592	 4.038528e-05	 3401	 iter
2593	 4.038528e-05	 3402	 iter
2594	 4.038528e-05	 3403	 iter
2595	 4.038515e-05	 3405	 iter
2596	 4.038515e-05	 3406	 iter
2597	 4.038515e-05	 3407	 iter
2598	 4.038510e-05	 3409	 iter
2599	 4.038508e-05	 3411	 iter
2600	 4.038508e-05	 3412	 iter
2601	 4.038508e-05	 3414	 iter
2602	 4.038508e-05	 3416	 iter
2603	 4.038498e-05	 3418	 iter
2604	 4.038498e-05	 3420	 iter
2605	 4.038498e-05	 3421	 iter
2606	 4.038498e-05	 3422	 iter
2607	 4.038498e-05	 3423	 iter
2608	 4.038498e-05	 3424	 iter
2609	 4.038498e-05	 3426	 iter
2610	 4.038498e-05	 3428	 iter
2611	 4.038473e-05	 3430	 iter
2612	 4.038473e-05	 3431	 iter
2613	 4.038473e-05	 3432	 iter
2614	 4.038473e-05	 3434	 iter
2615	 4.038473e-05	 3436	 iter
2616	 4.038473e-05	 3438	 iter
2617	 4.038473e-05	 3439	 iter
2618	 4.038473e-05	 3441	 iter
2619	 4.038465e-05	 3443	 iter
2620	 4.038465e-05	 3444	 iter
2621	 4.038437e-05	 3446	 iter
2622	 4.038437e-05	 3447	 iter
2623	 4.038437e-05	 3448	 iter
2624	 4.038437e-05	 3449	 iter
2625	 4.038437e-05	 3450	 iter
2626	 4.038437e-05	 3451	 iter
2627	 4.038437e-05	 3452	 iter
2628	 4.038437e-05	 3453	 iter
2629	 4.038437e-05	 3455	 iter
2630	 4.038437e-05	 3457	 iter
2631	 4.038437e-05	 3459	 iter
2632	 4.038437e-05	 3461	 iter
2633	 4.038424e-05	 3463	 iter
2634	 4.038424e-05	 3465	 iter
2635	 4.038424e-05	 3467	 iter
2636	 4.038424e-05	 3468	 iter
2637	 4.038424e-05	 3469	 iter
2638	 4.038424e-05	 3470	 iter
2639	 4.038424e-05	 3471	 iter
2640	 4.038424e-05	 3472	 iter
2641	 4.038424e-05	 3474	 iter
2642	 4.038424e-05	 3476	 iter
2643	 4.038424e-05	 3477	 iter
2644	 4.038422e-05	 3479	 iter
2645	 4.038422e-05	 3480	 iter
2646	 4.038414e-05	 3482	 iter
2647	 4.038407e-05	 3484	 iter
2648	 4.038407e-05	 3485	 iter
2649	 4.038407e-05	 3486	 iter
2650	 4.038407e-05	 3487	 iter
2651	 4.038407e-05	 3488	 iter
2652	 4.038407e-05	 3489	 iter
2653	 4.038388e-05	 3491	 iter
2654	 4.038388e-05	 3493	 iter
2655	 4.038388e-05	 3495	 iter
2656	 4.038388e-05	 3497	 iter
2657	 4.038388e-05	 3498	 iter
2658	 4.038388e-05	 3499	 iter
2659	 4.038388e-05	 3500	 iter
2660	 4.038388e-05	 3502	 iter
2661	 4.038388e-05	 3503	 iter
2662	 4.038388e-05	 3505	 iter
2663	 4.038388e-05	 3506	 iter
2664	 4.038388e-05	 3507	 iter
2665	 4.038388e-05	 3508	 iter
2666	 4.038388e-05	 3510	 iter
2667	 4.038388e-05	 3511	 iter
2668	 4.038388e-05	 3512	 iter
2669	 4.038388e-05	 3514	 iter
2670	 4.038383e-05	 3516	 iter
2671	 4.038383e-05	 3517	 iter
2672	 4.038382e-05	 3519	 iter
2673	 4.038382e-05	 3521	 iter
2674	 4.038382e-05	 3523	 iter
2675	 4.038382e-05	 3524	 iter
2676	 4.038382e-05	 3526	 iter
2677	 4.038382e-05	 3527	 iter
2678	 4.038382e-05	 3528	 iter
2679	 4.038378e-05	 3530	 iter
2680	 4.038377e-05	 3532	 iter
2681	 4.038377e-05	 3533	 iter
2682	 4.038377e-05	 3535	 iter
2683	 4.038377e-05	 3536	 iter
2684	 4.038377e-05	 3538	 iter
2685	 4.038377e-05	 3539	 iter
2686	 4.038377e-05	 3540	 iter
2687	 4.038377e-05	 3541	 iter
2688	 4.038377e-05	 3542	 iter
2689	 4.038377e-05	 3544	 iter
2690	 4.038377e-05	 3546	 iter
2691	 4.038377e-05	 3548	 iter
2692	 4.038377e-05	 3549	 iter
2693	 4.038372e-05	 3551	 iter
2694	 4.038372e-05	 3552	 iter
2695	 4.038372e-05	 3553	 iter
2696	 4.038372e-05	 3554	 iter
2697	 4.038372e-05	 3555	 iter
2698	 4.038372e-05	 3556	 iter
2699	 4.038372e-05	 3557	 iter
2700	 4.038372e-05	 3559	 iter
2701	 4.038369e-05	 3561	 iter
2702	 4.038368e-05	 3563	 iter
2703	 4.038368e-05	 3564	 iter
2704	 4.038367e-05	 3566	 iter
2705	 4.038363e-05	 3568	 iter
2706	 4.038363e-05	 3569	 iter
2707	 4.038363e-05	 3570	 iter
2708	 4.038363e-05	 3571	 iter
2709	 4.038363e-05	 3572	 iter
2710	 4.038363e-05	 3573	 iter
2711	 4.038363e-05	 3574	 iter
2712	 4.038363e-05	 3575	 iter
2713	 4.038359e-05	 3577	 iter
2714	 4.038359e-05	 3578	 iter
2715	 4.038359e-05	 3579	 iter
2716	 4.038359e-05	 3581	 iter
2717	 4.038357e-05	 3583	 iter
2718	 4.038357e-05	 3585	 iter
2719	 4.038357e-05	 3586	 iter
2720	 4.038357e-05	 3587	 iter
2721	 4.038357e-05	 3588	 iter
2722	 4.038355e-05	 3590	 iter
2723	 4.038355e-05	 3591	 iter
2724	 4.038355e-05	 3592	 iter
2725	 4.038353e-05	 3594	 iter
2726	 4.038353e-05	 3595	 iter
2727	 4.038353e-05	 3596	 iter
2728	 4.038353e-05	 3598	 iter
2729	 4.038353e-05	 3599	 iter
2730	 4.038353e-05	 3600	 iter
2731	 4.038353e-05	 3602	 iter
2732	 4.038353e-05	 3603	 iter
2733	 4.038353e-05	 3604	 iter
2734	 4.038353e-05	 3606	 iter
2735	 4.038353e-05	 3607	 iter
2736	 4.038352e-05	 3609	 iter
2737	 4.038352e-05	 3610	 iter
2738	 4.038352e-05	 3611	 iter
2739	 4.038352e-05	 3612	 iter
2740	 4.038352e-05	 3613	 iter
2741	 4.038352e-05	 3614	 iter
2742	 4.038350e-05	 3616	 iter
2743	 4.038350e-05	 3617	 iter
2744	 4.038350e-05	 3619	 iter
2745	 4.038350e-05	 3620	 iter
2746	 4.038350e-05	 3621	 iter
2747	 4.038350e-05	 3623	 iter
2748	 4.038350e-05	 3624	 iter
2749	 4.038348e-05	 3626	 iter
2750	 4.038348e-05	 3627	 iter
2751	 4.038348e-05	 3628	 iter
2752	 4.038348e-05	 3629	 iter
2753	 4.038348e-05	 3630	 iter
2754	 4.038348e-05	 3631	 iter
2755	 4.038348e-05	 3632	 iter
2756	 4.038348e-05	 3634	 iter
2757	 4.038348e-05	 3635	 iter
2758	 4.038348e-05	 3637	 iter
2759	 4.038348e-05	 3638	 iter
2760	 4.038347e-05	 3640	 iter
2760	 4.038347e-05	 3640	 done
