0	 5.988081e-33	 1	 init
0	 5.988081e-33	 1	 iter
1	 5.988081e-33	 17	 iter
2	 5.988081e-33	 19	 iter
3	 5.988081e-33	 21	 iter
4	 5.988081e-33	 23	 iter
5	 5.988081e-33	 25	 iter
6	 5.988081e-33	 27	 iter
7	 5.988081e-33	 29	 iter
8	 5.988081e-33	 31	 iter
9	 5.988081e-33	 33	 iter
10	 5.988081e-33	 35	 iter
11	 5.988081e-33	 37	 iter
12	 5.988081e-33	 39	 iter
13	 5.988081e-33	 40	 iter
14	 5.988081e-33	 42	 iter
15	 5.988081e-33	 44	 iter
16	 5.988081e-33	 46	 iter
17	 5.988081e-33	 48	 iter
18	 5.988081e-33	 50	 iter
19	 5.988081e-33	 52	 iter
20	 5.988081e-33	 54	 iter
21	 5.988081e-33	 56	 iter
22	 5.988081e-33	 58	 iter
23	 5.988081e-33	 60	 iter
24	 5.988081e-33	 62	 iter
25	 5.988081e-33	 64	 iter
26	 5.988081e-33	 65	 iter
27	 5.988081e-33	 67	 iter
28	 5.988081e-33	 69	 iter
29	 5.988081e-33	 71	 iter
30	 5.988081e-33	 73	 iter
31	 5.988081e-33	 74	 iter
32	 5.988081e-33	 75	 iter
33	 5.988081e-33	 77	 iter
34	 5.988081e-33	 79	 iter
35	 5.988081e-33	 81	 iter
36	 5.988081e-33	 83	 iter
37	 5.988081e-33	 85	 iter
38	 5.988081e-33	 87	 iter
39	 5.988081e-33	 89	 iter
40	 5.988081e-33	 91	 iter
41	 5.988081e-33	 93	 iter
42	 5.988081e-33	 95	 iter
43	 5.988081e-33	 97	 iter
44	 5.988081e-33	 98	 iter
45	 5.988081e-33	 99	 iter
46	 5.988081e-33	 101	 iter
47	 5.988081e-33	 103	 iter
48	 5.988081e-33	 105	 iter
49	 5.988081e-33	 107	 iter
50	 5.988081e-33	 108	 iter
51	 5.988081e-33	 110	 iter
52	 5.988081e-33	 112	 iter
53	 5.988081e-33	 114	 iter
54	 5.988081e-33	 116	 iter
55	 5.988081e-33	 117	 iter
56	 5.988081e-33	 119	 iter
57	 5.988081e-33	 121	 iter
58	 5.988081e-33	 122	 iter
59	 5.988081e-33	 124	 iter
60	 5.988081e-33	 126	 iter
61	 5.988081e-33	 127	 iter
62	 5.988081e-33	 128	 iter
63	 5.988081e-33	 130	 iter
64	 5.988081e-33	 132	 iter
65	 5.988081e-33	 134	 iter
66	 5.988081e-33	 136	 iter
67	 5.988081e-33	 138	 iter
68	 5.988081e-33	 140	 iter
69	 5.988081e-33	 142	 iter
70	 5.988081e-33	 143	 iter
71	 5.988081e-33	 144	 iter
72	 5.988081e-33	 146	 iter
73	 5.988081e-33	 147	 iter
74	 5.988081e-33	 148	 iter
75	 5.988081e-33	 150	 iter
76	 5.988081e-33	 152	 iter
77	 5.988081e-33	 154	 iter
78	 5.988081e-33	 155	 iter
79	 5.988081e-33	 157	 iter
80	 5.988081e-33	 158	 iter
81	 5.988081e-33	 160	 iter
82	 5.988081e-33	 162	 iter
83	 5.988081e-33	 164	 iter
84	 5.988081e-33	 166	 iter
85	 5.988081e-33	 167	 iter
86	 5.988081e-33	 169	 iter
87	 5.988081e-33	 171	 iter
88	 5.988081e-33	 172	 iter
89	 5.988081e-33	 173	 iter
90	 5.988081e-33	 175	 iter
91	 5.988081e-33	 177	 iter
92	 5.988081e-33	 179	 iter
93	 5.988081e-33	 180	 iter
94	 5.988081e-33	 181	 iter
95	 5.988081e-33	 183	 iter
96	 5.988081e-33	 184	 iter
97	 5.988081e-33	 185	 iter
98	 5.988081e-33	 187	 iter
99	 5.988081e-33	 188	 iter
100	 5.988081e-33	 189	 iter
101	 5.988081e-33	 191	 iter
102	 5.988081e-33	 192	 iter
103	 5.988081e-33	 193	 iter
104	 5.988081e-33	 194	 iter
105	 5.988081e-33	 195	 iter
106	 5.988081e-33	 196	 iter
107	 5.988081e-33	 198	 iter
108	 5.988081e-33	 200	 iter
109	 5.988081e-33	 201	 iter
110	 5.988081e-33	 202	 iter
111	 5.988081e-33	 204	 iter
112	 5.988081e-33	 206	 iter
113	 5.988081e-33	 207	 iter
114	 5.988081e-33	 209	 iter
115	 5.988081e-33	 211	 iter
116	 5.988081e-33	 213	 iter
117	 5.988081e-33	 214	 iter
118	 5.988081e-33	 216	 iter
119	 5.988081e-33	 218	 iter
120	 5.988081e-33	 220	 iter
121	 5.988081e-33	 222	 iter
122	 5.988081e-33	 224	 iter
123	 5.988081e-33	 226	 iter
124	 5.988081e-33	 227	 iter
125	 5.988081e-33	 229	 iter
126	 5.988081e-33	 231	 iter
127	 5.988081e-33	 233	 iter
128	 5.988081e-33	 235	 iter
129	 5.988081e-33	 237	 iter
130	 5.988081e-33	 239	 iter
131	 5.988081e-33	 241	 iter
132	 5.988081e-33	 243	 iter
133	 5.988081e-33	 245	 iter
134	 5.988081e-33	 247	 iter
135	 5.988081e-33	 248	 iter
136	 5.988081e-33	 249	 iter
137	 5.988081e-33	 250	 iter
138	 5.988081e-33	 252	 iter
139	 5.988081e-33	 254	 iter
140	 5.988081e-33	 256	 iter
141	 5.988081e-33	 258	 iter
142	 5.988081e-33	 260	 iter
143	 5.988081e-33	 262	 iter
144	 5.988081e-33	 264	 iter
145	 5.988081e-33	 266	 iter
146	 5.988081e-33	 268	 iter
147	 5.988081e-33	 269	 iter
148	 5.988081e-33	 270	 iter
149	 5.988081e-33	 272	 iter
150	 5.988081e-33	 274	 iter
151	 5.988081e-33	 276	 iter
152	 5.988081e-33	 277	 iter
153	 5.988081e-33	 278	 iter
154	 5.988081e-33	 280	 iter
155	 5.988081e-33	 282	 iter
156	 5.988081e-33	 284	 iter
157	 5.988081e-33	 285	 iter
158	 5.988081e-33	 287	 iter
159	 5.988081e-33	 288	 iter
159	 5.988081e-33	 288	 done
