0	 1.450252e-04	 1	 init
0	 1.450252e-04	 1	 iter
1	 1.413788e-04	 17	 iter
2	 1.413788e-04	 19	 iter
3	 1.413788e-04	 21	 iter
4	 1.413788e-04	 23	 iter
5	 1.413788e-04	 25	 iter
6	 1.413788e-04	 27	 iter
7	 1.413788e-04	 29	 iter
8	 1.413788e-04	 31	 iter
9	 1.380593e-04	 33	 iter
10	 1.380593e-04	 34	 iter
11	 1.380593e-04	 36	 iter
12	 1.380593e-04	 38	 iter
13	 1.380593e-04	 39	 iter
14	 1.380593e-04	 40	 iter
15	 1.380593e-04	 42	 iter
16	 1.380593e-04	 43	 iter
17	 1.380593e-04	 44	 iter
18	 1.380593e-04	 45	 iter
19	 1.380593e-04	 46	 iter
20	 1.353258e-04	 48	 iter
21	 1.353258e-04	 49	 iter
22	 1.353258e-04	 50	 iter
23	 1.353258e-04	 51	 iter
24	 1.353258e-04	 52	 iter
25	 1.306315e-04	 54	 iter
26	 1.306315e-04	 55	 iter
27	 1.306315e-04	 56	 iter
28	 1.306315e-04	 57	 iter
29	 1.306315e-04	 58	 iter
30	 1.306315e-04	 59	 iter
31	 1.306315e-04	 60	 iter
32	 1.266224e-04	 62	 iter
33	 1.266224e-04	 63	 iter
34	 1.266224e-04	 64	 iter
35	 1.266224e-04	 65	 iter
36	 1.266224e-04	 66	 iter
37	 1.266224e-04	 67	 iter
38	 1.184405e-04	 69	 iter
39	 1.184405e-04	 70	 iter
40	 1.184405e-04	 71	 iter
41	 1.184405e-04	 72	 iter
42	 1.184405e-04	 73	 iter
43	 1.184405e-04	 74	 iter
44	 1.184405e-04	 75	 iter
45	 1.184405e-04	 76	 iter
46	 1.184405e-04	 77	 iter
47	 1.104896e-04	 79	 iter
48	 1.104896e-04	 80	 iter
49	 1.104896e-04	 81	 iter
50	 1.104896e-04	 82	 iter
51	 1.104896e-04	 83	 iter
52	 1.104896e-04	 84	 iter
53	 1.104896e-04	 85	 iter
54	 1.104896e-04	 86	 iter
55	 1.019810e-04	 88	 iter
56	 1.019810e-04	 89	 iter
57	 1.019810e-04	 90	 iter
58	 1.019810e-04	 91	 iter
59	 1.019810e-04	 92	 iter
60	 1.019810e-04	 93	 iter
61	 9.360427e-05	 95	 iter
62	 9.360427e-05	 96	 iter
63	 9.360427e-05	 97	 iter
64	 9.360427e-05	 98	 iter
65	 9.360427e-05	 99	 iter
66	 9.360427e-05	 100	 iter
67	 9.360427e-05	 101	 iter
68	 9.360427e-05	 102	 iter
69	 9.360427e-05	 103	 iter
70	 8.830936e-05	 105	 iter
71	 8.830936e-05	 106	 iter
72	 8.830936e-05	 107	 iter
73	 7.955458e-05	 109	 iter
74	 7.955458e-05	 110	 iter
75	 7.955458e-05	 111	 iter
76	 7.955458e-05	 112	 iter
77	 7.955458e-05	 113	 iter
78	 7.955458e-05	 114	 iter
79	 7.955458e-05	 115	 iter
80	 7.955458e-05	 116	 iter
81	 7.174213e-05	 118	 iter
82	 7.174213e-05	 119	 iter
83	 7.174213e-05	 120	 iter
84	 7.174213e-05	 121	 iter
85	 7.174213e-05	 122	 iter
86	 7.174213e-05	 123	 iter
87	 7.174213e-05	 124	 iter
88	 7.174213e-05	 125	 iter
89	 6.435338e-05	 127	 iter
90	 6.435338e-05	 128	 iter
91	 6.435338e-05	 129	 iter
92	 6.435338e-05	 130	 iter
93	 6.435338e-05	 131	 iter
94	 6.435338e-05	 132	 iter
95	 6.435338e-05	 133	 iter
96	 6.435338e-05	 135	 iter
97	 6.123773e-05	 137	 iter
98	 6.123773e-05	 138	 iter
99	 6.123773e-05	 139	 iter
100	 5.664305e-05	 141	 iter
101	 5.664305e-05	 142	 iter
102	 5.664305e-05	 143	 iter
103	 4.854060e-05	 145	 iter
104	 4.854060e-05	 146	 iter
105	 4.854060e-05	 147	 iter
106	 4.854060e-05	 148	 iter
107	 4.854060e-05	 149	 iter
108	 4.286099e-05	 151	 iter
109	 4.286099e-05	 152	 iter
110	 4.286099e-05	 153	 iter
111	 4.286099e-05	 154	 iter
112	 4.286099e-05	 155	 iter
113	 4.286099e-05	 156	 iter
114	 4.286099e-05	 157	 iter
115	 3.803681e-05	 159	 iter
116	 3.803681e-05	 160	 iter
117	 3.803681e-05	 161	 iter
118	 3.505231e-05	 163	 iter
119	 3.505231e-05	 164	 iter
120	 3.505231e-05	 165	 iter
121	 3.505231e-05	 166	 iter
122	 3.505231e-05	 167	 iter
123	 3.505231e-05	 168	 iter
124	 3.487736e-05	 170	 iter
125	 2.395760e-05	 172	 iter
126	 2.395760e-05	 173	 iter
127	 2.395760e-05	 174	 iter
128	 2.395760e-05	 175	 iter
129	 2.395760e-05	 176	 iter
130	 2.395760e-05	 177	 iter
131	 2.395760e-05	 178	 iter
132	 2.395760e-05	 179	 iter
133	 2.395760e-05	 181	 iter
134	 2.395760e-05	 183	 iter
135	 2.395760e-05	 184	 iter
136	 2.395760e-05	 185	 iter
137	 2.395760e-05	 187	 iter
138	 2.395760e-05	 188	 iter
139	 2.395760e-05	 189	 iter
140	 2.395760e-05	 190	 iter
141	 2.395760e-05	 192	 iter
142	 2.395760e-05	 193	 iter
143	 2.395760e-05	 194	 iter
144	 2.395760e-05	 196	 iter
145	 2.395760e-05	 198	 iter
146	 2.395760e-05	 199	 iter
147	 2.395760e-05	 200	 iter
148	 2.395760e-05	 201	 iter
149	 2.395760e-05	 202	 iter
150	 2.395760e-05	 203	 iter
151	 2.395760e-05	 204	 iter
152	 2.395760e-05	 205	 iter
153	 2.395760e-05	 206	 iter
154	 2.395760e-05	 207	 iter
155	 2.395760e-05	 208	 iter
156	 2.395760e-05	 209	 iter
157	 2.366181e-05	 211	 iter
158	 2.366181e-05	 213	 iter
159	 2.339242e-05	 215	 iter
160	 2.195447e-05	 217	 iter
161	 2.195447e-05	 218	 iter
162	 2.195447e-05	 219	 iter
163	 2.195447e-05	 220	 iter
164	 2.195447e-05	 221	 iter
165	 2.123576e-05	 223	 iter
166	 2.123576e-05	 224	 iter
167	 2.123576e-05	 225	 iter
168	 2.123576e-05	 226	 iter
169	 2.080239e-05	 228	 iter
170	 2.080239e-05	 229	 iter
171	 2.080239e-05	 230	 iter
172	 2.080239e-05	 232	 iter
173	 1.971153e-05	 234	 iter
174	 1.971153e-05	 236	 iter
175	 1.971153e-05	 237	 iter
176	 1.971153e-05	 238	 iter
177	 1.971153e-05	 239	 iter
178	 1.971153e-05	 240	 iter
179	 1.971153e-05	 242	 iter
180	 1.971153e-05	 243	 iter
181	 1.971153e-05	 244	 iter
182	 1.971153e-05	 245	 iter
183	 1.971153e-05	 246	 iter
184	 1.971153e-05	 247	 iter
185	 1.971153e-05	 248	 iter
186	 1.971153e-05	 250	 iter
187	 1.971153e-05	 251	 iter
188	 1.971153e-05	 252	 iter
189	 1.971153e-05	 254	 iter
190	 1.971153e-05	 256	 iter
191	 1.971153e-05	 257	 iter
192	 1.971153e-05	 258	 iter
193	 1.971153e-05	 259	 iter
194	 1.971153e-05	 260	 iter
195	 1.971153e-05	 262	 iter
196	 1.971153e-05	 264	 iter
197	 1.920258e-05	 266	 iter
198	 1.920258e-05	 267	 iter
199	 1.920258e-05	 268	 iter
200	 1.920258e-05	 270	 iter
201	 1.920258e-05	 271	 iter
202	 1.920258e-05	 272	 iter
203	 1.920258e-05	 274	 iter
204	 1.920258e-05	 276	 iter
205	 1.900678e-05	 278	 iter
206	 1.900678e-05	 279	 iter
207	 1.900678e-05	 281	 iter
208	 1.900678e-05	 282	 iter
209	 1.846626e-05	 284	 iter
210	 1.846626e-05	 285	 iter
211	 1.846626e-05	 287	 iter
212	 1.846626e-05	 288	 iter
213	 1.846626e-05	 289	 iter
214	 1.846626e-05	 291	 iter
215	 1.846626e-05	 292	 iter
216	 1.846626e-05	 293	 iter
217	 1.846626e-05	 294	 iter
218	 1.845823e-05	 296	 iter
219	 1.845823e-05	 297	 iter
220	 1.845823e-05	 298	 iter
221	 1.845823e-05	 299	 iter
222	 1.841636e-05	 301	 iter
223	 1.841636e-05	 302	 iter
224	 1.801066e-05	 304	 iter
225	 1.801066e-05	 306	 iter
226	 1.799387e-05	 308	 iter
227	 1.799387e-05	 310	 iter
228	 1.799387e-05	 311	 iter
229	 1.799387e-05	 312	 iter
230	 1.799387e-05	 313	 iter
231	 1.758993e-05	 315	 iter
232	 1.758993e-05	 316	 iter
233	 1.758993e-05	 317	 iter
234	 1.758993e-05	 318	 iter
235	 1.758993e-05	 319	 iter
236	 1.758993e-05	 321	 iter
237	 1.758993e-05	 322	 iter
238	 1.758993e-05	 323	 iter
239	 1.758993e-05	 325	 iter
240	 1.758993e-05	 326	 iter
241	 1.758993e-05	 327	 iter
242	 1.758993e-05	 328	 iter
243	 1.758993e-05	 329	 iter
244	 1.734741e-05	 331	 iter
245	 1.697259e-05	 333	 iter
246	 1.697259e-05	 335	 iter
247	 1.697259e-05	 336	 iter
248	 1.697259e-05	 338	 iter
249	 1.697259e-05	 339	 iter
250	 1.697259e-05	 340	 iter
251	 1.697259e-05	 341	 iter
252	 1.697259e-05	 342	 iter
253	 1.697259e-05	 344	 iter
254	 1.697259e-05	 346	 iter
255	 1.697259e-05	 347	 iter
256	 1.697259e-05	 348	 iter
257	 1.697259e-05	 349	 iter
258	 1.676105e-05	 351	 iter
259	 1.638481e-05	 353	 iter
260	 1.638481e-05	 354	 iter
261	 1.638481e-05	 355	 iter
262	 1.638481e-05	 356	 iter
263	 1.638481e-05	 357	 iter
264	 1.638481e-05	 358	 iter
265	 1.638481e-05	 359	 iter
266	 1.612527e-05	 361	 iter
267	 1.612527e-05	 362	 iter
268	 1.612527e-05	 363	 iter
269	 1.612527e-05	 364	 iter
270	 1.607508e-05	 366	 iter
271	 1.605280e-05	 368	 iter
272	 1.574155e-05	 370	 iter
273	 1.574155e-05	 371	 iter
274	 1.574155e-05	 372	 iter
275	 1.574155e-05	 373	 iter
276	 1.574155e-05	 374	 iter
277	 1.552708e-05	 376	 iter
278	 1.552708e-05	 377	 iter
279	 1.539072e-05	 379	 iter
280	 1.539072e-05	 380	 iter
281	 1.539072e-05	 381	 iter
282	 1.523404e-05	 383	 iter
283	 1.523404e-05	 384	 iter
284	 1.523404e-05	 385	 iter
285	 1.523404e-05	 386	 iter
286	 1.516682e-05	 388	 iter
287	 1.516682e-05	 389	 iter
288	 1.516682e-05	 390	 iter
289	 1.516682e-05	 392	 iter
290	 1.514120e-05	 394	 iter
291	 1.491633e-05	 396	 iter
292	 1.462977e-05	 398	 iter
293	 1.462977e-05	 399	 iter
294	 1.462977e-05	 401	 iter
295	 1.462977e-05	 402	 iter
296	 1.462977e-05	 403	 iter
297	 1.462977e-05	 404	 iter
298	 1.462977e-05	 406	 iter
299	 1.462977e-05	 407	 iter
300	 1.462977e-05	 408	 iter
301	 1.462977e-05	 409	 iter
302	 1.462977e-05	 410	 iter
303	 1.459299e-05	 412	 iter
304	 1.459299e-05	 413	 iter
305	 1.459299e-05	 414	 iter
306	 1.448425e-05	 416	 iter
307	 1.448425e-05	 417	 iter
308	 1.437271e-05	 419	 iter
309	 1.437271e-05	 421	 iter
310	 1.437271e-05	 422	 iter
311	 1.437271e-05	 423	 iter
312	 1.437271e-05	 424	 iter
313	 1.437271e-05	 426	 iter
314	 1.437271e-05	 427	 iter
315	 1.437271e-05	 429	 iter
316	 1.429962e-05	 431	 iter
317	 1.429962e-05	 432	 iter
318	 1.425790e-05	 434	 iter
319	 1.425790e-05	 435	 iter
320	 1.425790e-05	 437	 iter
321	 1.425790e-05	 438	 iter
322	 1.425790e-05	 439	 iter
323	 1.416742e-05	 441	 iter
324	 1.416742e-05	 442	 iter
325	 1.416742e-05	 443	 iter
326	 1.416742e-05	 445	 iter
327	 1.403614e-05	 447	 iter
328	 1.399951e-05	 449	 iter
329	 1.399951e-05	 451	 iter
330	 1.399951e-05	 452	 iter
331	 1.399951e-05	 453	 iter
332	 1.399951e-05	 454	 iter
333	 1.399951e-05	 456	 iter
334	 1.399951e-05	 458	 iter
335	 1.389335e-05	 460	 iter
336	 1.389335e-05	 461	 iter
337	 1.389335e-05	 462	 iter
338	 1.389335e-05	 464	 iter
339	 1.389335e-05	 465	 iter
340	 1.389335e-05	 466	 iter
341	 1.389335e-05	 467	 iter
342	 1.388518e-05	 469	 iter
343	 1.388518e-05	 470	 iter
344	 1.388518e-05	 471	 iter
345	 1.388518e-05	 472	 iter
346	 1.388518e-05	 474	 iter
347	 1.388518e-05	 475	 iter
348	 1.383790e-05	 477	 iter
349	 1.383790e-05	 478	 iter
350	 1.383790e-05	 479	 iter
351	 1.383790e-05	 481	 iter
352	 1.383790e-05	 482	 iter
353	 1.383790e-05	 483	 iter
354	 1.383790e-05	 484	 iter
355	 1.383790e-05	 486	 iter
356	 1.383790e-05	 487	 iter
357	 1.383790e-05	 488	 iter
358	 1.382406e-05	 490	 iter
359	 1.382406e-05	 491	 iter
360	 1.382406e-05	 492	 iter
361	 1.382406e-05	 493	 iter
362	 1.371206e-05	 495	 iter
363	 1.371206e-05	 496	 iter
364	 1.371206e-05	 497	 iter
365	 1.371206e-05	 498	 iter
366	 1.369027e-05	 500	 iter
367	 1.369027e-05	 501	 iter
368	 1.369027e-05	 502	 iter
369	 1.369027e-05	 504	 iter
370	 1.369027e-05	 506	 iter
371	 1.364334e-05	 508	 iter
372	 1.364334e-05	 509	 iter
373	 1.357787e-05	 511	 iter
374	 1.357787e-05	 512	 iter
375	 1.357787e-05	 513	 iter
376	 1.357787e-05	 514	 iter
377	 1.357787e-05	 515	 iter
378	 1.357787e-05	 516	 iter
379	 1.357787e-05	 518	 iter
380	 1.357787e-05	 519	 iter
381	 1.357787e-05	 520	 iter
382	 1.357787e-05	 521	 iter
383	 1.357596e-05	 523	 iter
384	 1.332915e-05	 525	 iter
385	 1.332915e-05	 526	 iter
386	 1.332915e-05	 527	 iter
387	 1.332915e-05	 528	 iter
388	 1.332915e-05	 529	 iter
389	 1.332915e-05	 530	 iter
390	 1.332915e-05	 531	 iter
391	 1.332915e-05	 532	 iter
392	 1.332915e-05	 533	 iter
393	 1.332915e-05	 534	 iter
394	 1.332915e-05	 535	 iter
395	 1.328202e-05	 537	 iter
396	 1.325527e-05	 539	 iter
397	 1.325527e-05	 540	 iter
398	 1.325527e-05	 541	 iter
399	 1.325527e-05	 542	 iter
400	 1.322140e-05	 544	 iter
401	 1.314259e-05	 546	 iter
402	 1.314259e-05	 547	 iter
403	 1.313322e-05	 549	 iter
404	 1.313322e-05	 550	 iter
405	 1.313322e-05	 551	 iter
406	 1.304808e-05	 553	 iter
407	 1.304808e-05	 554	 iter
408	 1.304808e-05	 556	 iter
409	 1.304808e-05	 557	 iter
410	 1.304808e-05	 558	 iter
411	 1.300080e-05	 560	 iter
412	 1.300080e-05	 561	 iter
413	 1.300080e-05	 562	 iter
414	 1.300080e-05	 563	 iter
415	 1.300080e-05	 564	 iter
416	 1.300080e-05	 565	 iter
417	 1.286699e-05	 567	 iter
418	 1.286699e-05	 568	 iter
419	 1.286699e-05	 569	 iter
420	 1.286699e-05	 570	 iter
421	 1.284381e-05	 572	 iter
422	 1.284381e-05	 573	 iter
423	 1.271695e-05	 575	 iter
424	 1.271695e-05	 576	 iter
425	 1.262280e-05	 578	 iter
426	 1.262280e-05	 579	 iter
427	 1.262280e-05	 580	 iter
428	 1.262280e-05	 581	 iter
429	 1.262280e-05	 582	 iter
430	 1.262280e-05	 583	 iter
431	 1.259694e-05	 585	 iter
432	 1.259694e-05	 586	 iter
433	 1.249494e-05	 588	 iter
434	 1.249494e-05	 589	 iter
435	 1.249494e-05	 590	 iter
436	 1.249494e-05	 591	 iter
437	 1.247360e-05	 593	 iter
438	 1.247360e-05	 594	 iter
439	 1.247360e-05	 595	 iter
440	 1.244996e-05	 597	 iter
441	 1.238956e-05	 599	 iter
442	 1.238956e-05	 600	 iter
443	 1.238956e-05	 601	 iter
444	 1.238956e-05	 602	 iter
445	 1.238956e-05	 603	 iter
446	 1.238384e-05	 605	 iter
447	 1.238384e-05	 606	 iter
448	 1.238384e-05	 607	 iter
449	 1.238384e-05	 608	 iter
450	 1.236244e-05	 610	 iter
451	 1.236244e-05	 611	 iter
452	 1.235524e-05	 613	 iter
453	 1.231459e-05	 615	 iter
454	 1.231459e-05	 616	 iter
455	 1.231459e-05	 618	 iter
456	 1.231459e-05	 620	 iter
457	 1.231459e-05	 622	 iter
458	 1.231459e-05	 623	 iter
459	 1.228415e-05	 625	 iter
460	 1.228415e-05	 627	 iter
461	 1.228415e-05	 628	 iter
462	 1.228415e-05	 629	 iter
463	 1.228415e-05	 631	 iter
464	 1.228415e-05	 632	 iter
465	 1.228415e-05	 633	 iter
466	 1.228415e-05	 635	 iter
467	 1.226596e-05	 637	 iter
468	 1.226596e-05	 638	 iter
469	 1.226596e-05	 640	 iter
470	 1.226596e-05	 642	 iter
471	 1.226596e-05	 643	 iter
472	 1.226596e-05	 644	 iter
473	 1.226596e-05	 645	 iter
474	 1.225169e-05	 647	 iter
475	 1.225169e-05	 648	 iter
476	 1.225169e-05	 649	 iter
477	 1.222523e-05	 651	 iter
478	 1.222523e-05	 652	 iter
479	 1.222523e-05	 653	 iter
480	 1.222523e-05	 654	 iter
481	 1.222523e-05	 655	 iter
482	 1.222523e-05	 656	 iter
483	 1.222523e-05	 658	 iter
484	 1.219845e-05	 660	 iter
485	 1.219845e-05	 661	 iter
486	 1.219845e-05	 662	 iter
487	 1.219845e-05	 664	 iter
488	 1.219845e-05	 665	 iter
489	 1.219845e-05	 666	 iter
490	 1.219845e-05	 667	 iter
491	 1.219845e-05	 668	 iter
492	 1.219845e-05	 669	 iter
493	 1.219845e-05	 670	 iter
494	 1.219607e-05	 672	 iter
495	 1.219042e-05	 674	 iter
496	 1.219042e-05	 675	 iter
497	 1.219042e-05	 676	 iter
498	 1.218830e-05	 678	 iter
499	 1.216153e-05	 680	 iter
500	 1.212695e-05	 682	 iter
501	 1.212695e-05	 683	 iter
502	 1.212695e-05	 684	 iter
503	 1.212695e-05	 685	 iter
504	 1.212695e-05	 686	 iter
505	 1.212695e-05	 687	 iter
506	 1.212695e-05	 688	 iter
507	 1.212695e-05	 689	 iter
508	 1.212695e-05	 690	 iter
509	 1.212695e-05	 691	 iter
510	 1.212695e-05	 693	 iter
511	 1.212695e-05	 695	 iter
512	 1.212695e-05	 696	 iter
513	 1.212695e-05	 697	 iter
514	 1.212695e-05	 698	 iter
515	 1.212695e-05	 700	 iter
516	 1.212695e-05	 701	 iter
517	 1.205053e-05	 703	 iter
518	 1.205053e-05	 704	 iter
519	 1.205053e-05	 705	 iter
520	 1.205053e-05	 706	 iter
521	 1.205053e-05	 707	 iter
522	 1.205053e-05	 708	 iter
523	 1.205053e-05	 710	 iter
524	 1.205053e-05	 711	 iter
525	 1.205053e-05	 712	 iter
526	 1.205053e-05	 713	 iter
527	 1.205053e-05	 714	 iter
528	 1.205053e-05	 715	 iter
529	 1.204428e-05	 717	 iter
530	 1.204428e-05	 718	 iter
531	 1.204428e-05	 719	 iter
532	 1.204428e-05	 720	 iter
533	 1.204428e-05	 721	 iter
534	 1.204428e-05	 722	 iter
535	 1.204428e-05	 723	 iter
536	 1.204428e-05	 724	 iter
537	 1.204428e-05	 725	 iter
538	 1.204428e-05	 726	 iter
539	 1.199610e-05	 728	 iter
540	 1.199610e-05	 729	 iter
541	 1.199610e-05	 730	 iter
542	 1.199610e-05	 731	 iter
543	 1.185917e-05	 733	 iter
544	 1.185917e-05	 734	 iter
545	 1.185917e-05	 735	 iter
546	 1.185917e-05	 736	 iter
547	 1.185917e-05	 737	 iter
548	 1.185917e-05	 738	 iter
549	 1.185917e-05	 739	 iter
550	 1.185917e-05	 740	 iter
551	 1.185917e-05	 741	 iter
552	 1.185917e-05	 742	 iter
553	 1.185917e-05	 743	 iter
554	 1.185917e-05	 744	 iter
555	 1.185917e-05	 745	 iter
556	 1.185917e-05	 746	 iter
557	 1.185917e-05	 747	 iter
558	 1.185648e-05	 749	 iter
559	 1.185648e-05	 750	 iter
560	 1.182464e-05	 752	 iter
561	 1.182464e-05	 753	 iter
562	 1.182464e-05	 754	 iter
563	 1.179279e-05	 756	 iter
564	 1.179269e-05	 758	 iter
565	 1.179269e-05	 759	 iter
566	 1.175364e-05	 761	 iter
567	 1.175364e-05	 762	 iter
568	 1.175226e-05	 764	 iter
569	 1.175226e-05	 765	 iter
570	 1.175226e-05	 766	 iter
571	 1.169941e-05	 768	 iter
572	 1.169941e-05	 769	 iter
573	 1.168922e-05	 771	 iter
574	 1.168922e-05	 772	 iter
575	 1.153567e-05	 774	 iter
576	 1.153567e-05	 775	 iter
577	 1.153567e-05	 776	 iter
578	 1.153567e-05	 777	 iter
579	 1.153567e-05	 778	 iter
580	 1.153567e-05	 779	 iter
581	 1.153567e-05	 780	 iter
582	 1.153567e-05	 781	 iter
583	 1.153567e-05	 782	 iter
584	 1.153567e-05	 783	 iter
585	 1.153567e-05	 784	 iter
586	 1.153567e-05	 785	 iter
587	 1.146303e-05	 787	 iter
588	 1.137782e-05	 789	 iter
589	 1.137782e-05	 790	 iter
590	 1.137782e-05	 791	 iter
591	 1.137782e-05	 792	 iter
592	 1.137782e-05	 793	 iter
593	 1.123379e-05	 795	 iter
594	 1.123379e-05	 796	 iter
595	 1.123379e-05	 797	 iter
596	 1.123379e-05	 798	 iter
597	 1.123379e-05	 799	 iter
598	 1.123379e-05	 800	 iter
599	 1.120854e-05	 802	 iter
600	 1.099844e-05	 804	 iter
601	 1.099844e-05	 805	 iter
602	 1.099844e-05	 806	 iter
603	 1.080066e-05	 808	 iter
604	 1.080066e-05	 809	 iter
605	 1.080066e-05	 810	 iter
606	 1.080066e-05	 811	 iter
607	 1.080066e-05	 812	 iter
608	 1.080066e-05	 813	 iter
609	 1.080066e-05	 814	 iter
610	 1.080066e-05	 815	 iter
611	 1.080066e-05	 816	 iter
612	 1.072556e-05	 818	 iter
613	 1.051880e-05	 820	 iter
614	 1.051880e-05	 821	 iter
615	 1.051880e-05	 822	 iter
616	 1.051880e-05	 823	 iter
617	 1.051880e-05	 824	 iter
618	 1.046823e-05	 826	 iter
619	 1.044606e-05	 828	 iter
620	 1.010549e-05	 830	 iter
621	 1.010549e-05	 831	 iter
622	 1.010549e-05	 832	 iter
623	 1.010549e-05	 833	 iter
624	 1.010549e-05	 834	 iter
625	 1.010549e-05	 835	 iter
626	 1.010549e-05	 836	 iter
627	 1.006798e-05	 838	 iter
628	 1.006798e-05	 839	 iter
629	 1.006798e-05	 840	 iter
630	 1.006798e-05	 841	 iter
631	 1.006798e-05	 842	 iter
632	 1.006798e-05	 843	 iter
633	 1.006798e-05	 844	 iter
634	 1.006798e-05	 845	 iter
635	 1.006798e-05	 846	 iter
636	 9.860336e-06	 848	 iter
637	 9.860336e-06	 849	 iter
638	 9.860336e-06	 851	 iter
639	 9.860336e-06	 852	 iter
640	 9.860336e-06	 853	 iter
641	 9.860336e-06	 854	 iter
642	 9.860336e-06	 855	 iter
643	 9.564836e-06	 857	 iter
644	 9.564836e-06	 858	 iter
645	 9.564836e-06	 859	 iter
646	 9.564836e-06	 860	 iter
647	 9.564836e-06	 861	 iter
648	 9.564836e-06	 862	 iter
649	 9.564836e-06	 863	 iter
650	 9.564836e-06	 864	 iter
651	 9.500824e-06	 866	 iter
652	 9.500824e-06	 867	 iter
653	 9.500824e-06	 868	 iter
654	 9.495409e-06	 870	 iter
655	 9.495409e-06	 872	 iter
656	 9.450878e-06	 874	 iter
657	 9.450878e-06	 875	 iter
658	 9.450878e-06	 876	 iter
659	 9.450878e-06	 877	 iter
660	 9.450878e-06	 878	 iter
661	 9.450878e-06	 880	 iter
662	 9.450878e-06	 881	 iter
663	 9.450878e-06	 882	 iter
664	 9.450878e-06	 884	 iter
665	 9.450878e-06	 886	 iter
666	 9.450878e-06	 887	 iter
667	 9.327805e-06	 889	 iter
668	 9.327805e-06	 890	 iter
669	 9.261587e-06	 892	 iter
670	 9.261587e-06	 894	 iter
671	 9.261587e-06	 896	 iter
672	 9.261587e-06	 897	 iter
673	 9.261587e-06	 898	 iter
674	 9.261587e-06	 899	 iter
675	 9.199032e-06	 901	 iter
676	 9.199032e-06	 902	 iter
677	 9.199032e-06	 903	 iter
678	 9.199032e-06	 904	 iter
679	 9.199032e-06	 905	 iter
680	 9.199032e-06	 907	 iter
681	 9.199032e-06	 908	 iter
682	 9.199032e-06	 909	 iter
683	 9.193047e-06	 911	 iter
684	 9.193047e-06	 912	 iter
685	 9.193047e-06	 913	 iter
686	 9.193047e-06	 914	 iter
687	 9.193047e-06	 915	 iter
688	 9.193047e-06	 916	 iter
689	 9.193047e-06	 917	 iter
690	 9.012397e-06	 919	 iter
691	 9.012397e-06	 920	 iter
692	 9.012397e-06	 921	 iter
693	 9.012397e-06	 922	 iter
694	 9.012397e-06	 923	 iter
695	 9.012397e-06	 924	 iter
696	 9.012397e-06	 925	 iter
697	 8.935839e-06	 927	 iter
698	 8.931198e-06	 929	 iter
699	 8.931198e-06	 930	 iter
700	 8.931198e-06	 931	 iter
701	 8.931198e-06	 932	 iter
702	 8.931198e-06	 933	 iter
703	 8.931198e-06	 934	 iter
704	 8.813399e-06	 936	 iter
705	 8.813399e-06	 937	 iter
706	 8.813399e-06	 938	 iter
707	 8.813399e-06	 939	 iter
708	 8.813399e-06	 940	 iter
709	 8.768424e-06	 942	 iter
710	 8.754179e-06	 944	 iter
711	 8.688775e-06	 946	 iter
712	 8.688775e-06	 947	 iter
713	 8.688775e-06	 948	 iter
714	 8.688775e-06	 949	 iter
715	 8.688775e-06	 950	 iter
716	 8.505308e-06	 952	 iter
717	 8.505308e-06	 953	 iter
718	 8.505308e-06	 954	 iter
719	 8.505308e-06	 955	 iter
720	 8.505308e-06	 956	 iter
721	 8.505185e-06	 958	 iter
722	 8.505185e-06	 959	 iter
723	 8.505185e-06	 960	 iter
724	 8.505185e-06	 961	 iter
725	 8.505185e-06	 962	 iter
726	 8.505185e-06	 963	 iter
727	 8.440975e-06	 965	 iter
728	 8.440975e-06	 966	 iter
729	 8.335660e-06	 968	 iter
730	 8.335660e-06	 969	 iter
731	 8.256953e-06	 971	 iter
732	 8.256953e-06	 972	 iter
733	 8.256953e-06	 973	 iter
734	 8.256953e-06	 974	 iter
735	 8.256953e-06	 975	 iter
736	 8.256953e-06	 976	 iter
737	 8.256953e-06	 977	 iter
738	 8.229386e-06	 979	 iter
739	 8.222247e-06	 981	 iter
740	 8.222247e-06	 982	 iter
741	 8.222247e-06	 983	 iter
742	 8.147422e-06	 985	 iter
743	 8.117695e-06	 987	 iter
744	 8.089566e-06	 989	 iter
745	 8.078557e-06	 991	 iter
746	 8.078557e-06	 992	 iter
747	 8.078557e-06	 994	 iter
748	 8.078557e-06	 995	 iter
749	 8.042405e-06	 997	 iter
750	 8.042405e-06	 998	 iter
751	 8.042405e-06	 999	 iter
752	 8.042405e-06	 1000	 iter
753	 8.042405e-06	 1001	 iter
754	 8.042405e-06	 1002	 iter
755	 8.007021e-06	 1004	 iter
756	 8.007021e-06	 1005	 iter
757	 8.007021e-06	 1006	 iter
758	 7.945606e-06	 1008	 iter
759	 7.945606e-06	 1009	 iter
760	 7.945606e-06	 1010	 iter
761	 7.945606e-06	 1011	 iter
762	 7.945606e-06	 1012	 iter
763	 7.945606e-06	 1013	 iter
764	 7.903720e-06	 1015	 iter
765	 7.903720e-06	 1017	 iter
766	 7.880534e-06	 1019	 iter
767	 7.880534e-06	 1021	 iter
768	 7.880534e-06	 1023	 iter
769	 7.880534e-06	 1024	 iter
770	 7.880534e-06	 1025	 iter
771	 7.880534e-06	 1026	 iter
772	 7.880534e-06	 1027	 iter
773	 7.880534e-06	 1028	 iter
774	 7.880534e-06	 1029	 iter
775	 7.870887e-06	 1031	 iter
776	 7.868104e-06	 1033	 iter
777	 7.868104e-06	 1035	 iter
778	 7.842371e-06	 1037	 iter
779	 7.842371e-06	 1039	 iter
780	 7.842371e-06	 1041	 iter
781	 7.842371e-06	 1043	 iter
782	 7.842371e-06	 1044	 iter
783	 7.810325e-06	 1046	 iter
784	 7.810325e-06	 1048	 iter
785	 7.810325e-06	 1049	 iter
786	 7.810325e-06	 1050	 iter
787	 7.810325e-06	 1051	 iter
788	 7.803097e-06	 1053	 iter
789	 7.803097e-06	 1054	 iter
790	 7.803097e-06	 1056	 iter
791	 7.774044e-06	 1058	 iter
792	 7.774044e-06	 1060	 iter
793	 7.774044e-06	 1062	 iter
794	 7.774044e-06	 1063	 iter
795	 7.774044e-06	 1064	 iter
796	 7.774044e-06	 1066	 iter
797	 7.766135e-06	 1068	 iter
798	 7.766135e-06	 1070	 iter
799	 7.766135e-06	 1071	 iter
800	 7.727930e-06	 1073	 iter
801	 7.727384e-06	 1075	 iter
802	 7.716820e-06	 1077	 iter
803	 7.716820e-06	 1079	 iter
804	 7.716820e-06	 1080	 iter
805	 7.716820e-06	 1082	 iter
806	 7.716820e-06	 1083	 iter
807	 7.716820e-06	 1085	 iter
808	 7.716820e-06	 1086	 iter
809	 7.716820e-06	 1087	 iter
810	 7.716820e-06	 1088	 iter
811	 7.716820e-06	 1089	 iter
812	 7.716820e-06	 1090	 iter
813	 7.695251e-06	 1092	 iter
814	 7.682352e-06	 1094	 iter
815	 7.682352e-06	 1095	 iter
816	 7.682352e-06	 1096	 iter
817	 7.682352e-06	 1097	 iter
818	 7.682352e-06	 1098	 iter
819	 7.668003e-06	 1100	 iter
820	 7.668003e-06	 1101	 iter
821	 7.607368e-06	 1103	 iter
822	 7.607368e-06	 1104	 iter
823	 7.607368e-06	 1105	 iter
824	 7.607368e-06	 1106	 iter
825	 7.607368e-06	 1108	 iter
826	 7.607368e-06	 1109	 iter
827	 7.607368e-06	 1110	 iter
828	 7.607368e-06	 1111	 iter
829	 7.607368e-06	 1112	 iter
830	 7.607368e-06	 1113	 iter
831	 7.602813e-06	 1115	 iter
832	 7.602813e-06	 1116	 iter
833	 7.602813e-06	 1117	 iter
834	 7.602813e-06	 1118	 iter
835	 7.602813e-06	 1119	 iter
836	 7.602813e-06	 1120	 iter
837	 7.602813e-06	 1121	 iter
838	 7.602813e-06	 1122	 iter
839	 7.586056e-06	 1124	 iter
840	 7.581921e-06	 1126	 iter
841	 7.581921e-06	 1127	 iter
842	 7.580572e-06	 1129	 iter
843	 7.580572e-06	 1130	 iter
844	 7.580572e-06	 1131	 iter
845	 7.524445e-06	 1133	 iter
846	 7.524445e-06	 1134	 iter
847	 7.524445e-06	 1135	 iter
848	 7.524445e-06	 1136	 iter
849	 7.524445e-06	 1137	 iter
850	 7.498203e-06	 1139	 iter
851	 7.498203e-06	 1140	 iter
852	 7.498203e-06	 1141	 iter
853	 7.498203e-06	 1142	 iter
854	 7.498203e-06	 1143	 iter
855	 7.498203e-06	 1144	 iter
856	 7.498203e-06	 1145	 iter
857	 7.498203e-06	 1146	 iter
858	 7.497085e-06	 1148	 iter
859	 7.497085e-06	 1149	 iter
860	 7.493612e-06	 1151	 iter
861	 7.493612e-06	 1152	 iter
862	 7.463670e-06	 1154	 iter
863	 7.463670e-06	 1155	 iter
864	 7.463670e-06	 1156	 iter
865	 7.463670e-06	 1157	 iter
866	 7.463670e-06	 1158	 iter
867	 7.463670e-06	 1159	 iter
868	 7.463670e-06	 1160	 iter
869	 7.444807e-06	 1162	 iter
870	 7.438152e-06	 1164	 iter
871	 7.438152e-06	 1165	 iter
872	 7.438152e-06	 1166	 iter
873	 7.438152e-06	 1167	 iter
874	 7.438152e-06	 1168	 iter
875	 7.438152e-06	 1169	 iter
876	 7.406038e-06	 1171	 iter
877	 7.406038e-06	 1173	 iter
878	 7.406038e-06	 1174	 iter
879	 7.406038e-06	 1175	 iter
880	 7.406038e-06	 1176	 iter
881	 7.406038e-06	 1177	 iter
882	 7.406038e-06	 1178	 iter
883	 7.406038e-06	 1179	 iter
884	 7.406038e-06	 1180	 iter
885	 7.390527e-06	 1182	 iter
886	 7.390527e-06	 1183	 iter
887	 7.390527e-06	 1184	 iter
888	 7.390527e-06	 1185	 iter
889	 7.390527e-06	 1187	 iter
890	 7.376871e-06	 1189	 iter
891	 7.376871e-06	 1191	 iter
892	 7.376871e-06	 1192	 iter
893	 7.376871e-06	 1194	 iter
894	 7.376871e-06	 1195	 iter
895	 7.376871e-06	 1196	 iter
896	 7.376871e-06	 1197	 iter
897	 7.376871e-06	 1198	 iter
898	 7.356352e-06	 1200	 iter
899	 7.356352e-06	 1201	 iter
900	 7.356352e-06	 1202	 iter
901	 7.356352e-06	 1203	 iter
902	 7.356352e-06	 1204	 iter
903	 7.356352e-06	 1205	 iter
904	 7.356352e-06	 1206	 iter
905	 7.356352e-06	 1207	 iter
906	 7.328696e-06	 1209	 iter
907	 7.324903e-06	 1211	 iter
908	 7.319872e-06	 1213	 iter
909	 7.319872e-06	 1214	 iter
910	 7.319872e-06	 1215	 iter
911	 7.319872e-06	 1216	 iter
912	 7.319872e-06	 1217	 iter
913	 7.319872e-06	 1218	 iter
914	 7.319872e-06	 1219	 iter
915	 7.319872e-06	 1220	 iter
916	 7.314433e-06	 1222	 iter
917	 7.305221e-06	 1224	 iter
918	 7.305221e-06	 1225	 iter
919	 7.305221e-06	 1226	 iter
920	 7.305221e-06	 1227	 iter
921	 7.271443e-06	 1229	 iter
922	 7.271443e-06	 1230	 iter
923	 7.271443e-06	 1231	 iter
924	 7.271443e-06	 1232	 iter
925	 7.271443e-06	 1233	 iter
926	 7.271443e-06	 1234	 iter
927	 7.271443e-06	 1235	 iter
928	 7.271443e-06	 1236	 iter
929	 7.271443e-06	 1237	 iter
930	 7.271443e-06	 1238	 iter
931	 7.264081e-06	 1240	 iter
932	 7.263389e-06	 1242	 iter
933	 7.241713e-06	 1244	 iter
934	 7.234292e-06	 1246	 iter
935	 7.231075e-06	 1248	 iter
936	 7.231075e-06	 1249	 iter
937	 7.231075e-06	 1250	 iter
938	 7.231075e-06	 1251	 iter
939	 7.231075e-06	 1252	 iter
940	 7.231075e-06	 1253	 iter
941	 7.231075e-06	 1254	 iter
942	 7.231075e-06	 1255	 iter
943	 7.231075e-06	 1256	 iter
944	 7.228021e-06	 1258	 iter
945	 7.228021e-06	 1259	 iter
946	 7.226117e-06	 1261	 iter
947	 7.226117e-06	 1263	 iter
948	 7.211420e-06	 1265	 iter
949	 7.184364e-06	 1267	 iter
950	 7.184364e-06	 1268	 iter
951	 7.179769e-06	 1270	 iter
952	 7.179769e-06	 1271	 iter
953	 7.179769e-06	 1273	 iter
954	 7.179769e-06	 1274	 iter
955	 7.150196e-06	 1276	 iter
956	 7.150196e-06	 1278	 iter
957	 7.150196e-06	 1279	 iter
958	 7.150196e-06	 1280	 iter
959	 7.150196e-06	 1281	 iter
960	 7.150196e-06	 1282	 iter
961	 7.150196e-06	 1283	 iter
962	 7.119080e-06	 1285	 iter
963	 7.119080e-06	 1286	 iter
964	 7.119080e-06	 1287	 iter
965	 7.119080e-06	 1288	 iter
966	 7.119080e-06	 1289	 iter
967	 7.119080e-06	 1291	 iter
968	 7.119080e-06	 1292	 iter
969	 7.035383e-06	 1294	 iter
970	 7.035383e-06	 1295	 iter
971	 7.035383e-06	 1296	 iter
972	 7.035383e-06	 1297	 iter
973	 7.035383e-06	 1298	 iter
974	 7.035383e-06	 1299	 iter
975	 7.035383e-06	 1300	 iter
976	 7.035383e-06	 1301	 iter
977	 7.035383e-06	 1302	 iter
978	 7.035383e-06	 1303	 iter
979	 7.035383e-06	 1304	 iter
980	 7.035383e-06	 1305	 iter
981	 7.035383e-06	 1306	 iter
982	 7.035383e-06	 1307	 iter
983	 7.027732e-06	 1309	 iter
984	 7.008398e-06	 1311	 iter
985	 7.008398e-06	 1312	 iter
986	 7.008398e-06	 1313	 iter
987	 6.931681e-06	 1315	 iter
988	 6.931681e-06	 1316	 iter
989	 6.931681e-06	 1317	 iter
990	 6.931681e-06	 1318	 iter
991	 6.931681e-06	 1319	 iter
992	 6.931681e-06	 1320	 iter
993	 6.931681e-06	 1321	 iter
994	 6.898574e-06	 1323	 iter
995	 6.898574e-06	 1324	 iter
996	 6.898574e-06	 1325	 iter
997	 6.798403e-06	 1327	 iter
998	 6.798403e-06	 1328	 iter
999	 6.798403e-06	 1329	 iter
1000	 6.798403e-06	 1330	 iter
1001	 6.798403e-06	 1331	 iter
1002	 6.798403e-06	 1332	 iter
1003	 6.798403e-06	 1333	 iter
1004	 6.798403e-06	 1334	 iter
1005	 6.798403e-06	 1335	 iter
1006	 6.786959e-06	 1337	 iter
1007	 6.786959e-06	 1338	 iter
1008	 6.743581e-06	 1340	 iter
1009	 6.743581e-06	 1341	 iter
1010	 6.743581e-06	 1342	 iter
1011	 6.704155e-06	 1344	 iter
1012	 6.700193e-06	 1346	 iter
1013	 6.700193e-06	 1347	 iter
1014	 6.683505e-06	 1349	 iter
1015	 6.615680e-06	 1351	 iter
1016	 6.615680e-06	 1352	 iter
1017	 6.615680e-06	 1353	 iter
1018	 6.615680e-06	 1354	 iter
1019	 6.615680e-06	 1355	 iter
1020	 6.615680e-06	 1356	 iter
1021	 6.615680e-06	 1357	 iter
1022	 6.585740e-06	 1359	 iter
1023	 6.585740e-06	 1360	 iter
1024	 6.585740e-06	 1361	 iter
1025	 6.582003e-06	 1363	 iter
1026	 6.582003e-06	 1364	 iter
1027	 6.582003e-06	 1365	 iter
1028	 6.565676e-06	 1367	 iter
1029	 6.565676e-06	 1368	 iter
1030	 6.552544e-06	 1370	 iter
1031	 6.542838e-06	 1372	 iter
1032	 6.542838e-06	 1374	 iter
1033	 6.542838e-06	 1375	 iter
1034	 6.542838e-06	 1376	 iter
1035	 6.542838e-06	 1377	 iter
1036	 6.542838e-06	 1379	 iter
1037	 6.502559e-06	 1381	 iter
1038	 6.502559e-06	 1382	 iter
1039	 6.502559e-06	 1383	 iter
1040	 6.502559e-06	 1384	 iter
1041	 6.502559e-06	 1385	 iter
1042	 6.495973e-06	 1387	 iter
1043	 6.495973e-06	 1388	 iter
1044	 6.495973e-06	 1389	 iter
1045	 6.495973e-06	 1390	 iter
1046	 6.495973e-06	 1391	 iter
1047	 6.495973e-06	 1392	 iter
1048	 6.495973e-06	 1393	 iter
1049	 6.495973e-06	 1394	 iter
1050	 6.450191e-06	 1396	 iter
1051	 6.450191e-06	 1398	 iter
1052	 6.450191e-06	 1399	 iter
1053	 6.436853e-06	 1401	 iter
1054	 6.436853e-06	 1402	 iter
1055	 6.436853e-06	 1403	 iter
1056	 6.436853e-06	 1405	 iter
1057	 6.429152e-06	 1407	 iter
1058	 6.429152e-06	 1408	 iter
1059	 6.429152e-06	 1409	 iter
1060	 6.429152e-06	 1410	 iter
1061	 6.429152e-06	 1411	 iter
1062	 6.429152e-06	 1412	 iter
1063	 6.392882e-06	 1414	 iter
1064	 6.392882e-06	 1416	 iter
1065	 6.392882e-06	 1417	 iter
1066	 6.392882e-06	 1418	 iter
1067	 6.392882e-06	 1419	 iter
1068	 6.392882e-06	 1420	 iter
1069	 6.392882e-06	 1421	 iter
1070	 6.392882e-06	 1422	 iter
1071	 6.392882e-06	 1423	 iter
1072	 6.370356e-06	 1425	 iter
1073	 6.365094e-06	 1427	 iter
1074	 6.365094e-06	 1428	 iter
1075	 6.365094e-06	 1429	 iter
1076	 6.365094e-06	 1430	 iter
1077	 6.365094e-06	 1431	 iter
1078	 6.365094e-06	 1432	 iter
1079	 6.359839e-06	 1434	 iter
1080	 6.359839e-06	 1435	 iter
1081	 6.342568e-06	 1437	 iter
1082	 6.342568e-06	 1438	 iter
1083	 6.342568e-06	 1440	 iter
1084	 6.342568e-06	 1441	 iter
1085	 6.299389e-06	 1443	 iter
1086	 6.299389e-06	 1444	 iter
1087	 6.299389e-06	 1445	 iter
1088	 6.299389e-06	 1446	 iter
1089	 6.299389e-06	 1447	 iter
1090	 6.299389e-06	 1448	 iter
1091	 6.299389e-06	 1449	 iter
1092	 6.299389e-06	 1450	 iter
1093	 6.299389e-06	 1451	 iter
1094	 6.299389e-06	 1452	 iter
1095	 6.291118e-06	 1454	 iter
1096	 6.260249e-06	 1456	 iter
1097	 6.260249e-06	 1458	 iter
1098	 6.260249e-06	 1459	 iter
1099	 6.260249e-06	 1460	 iter
1100	 6.260249e-06	 1461	 iter
1101	 6.257169e-06	 1463	 iter
1102	 6.230981e-06	 1465	 iter
1103	 6.230981e-06	 1466	 iter
1104	 6.230981e-06	 1467	 iter
1105	 6.230981e-06	 1468	 iter
1106	 6.230981e-06	 1469	 iter
1107	 6.230981e-06	 1470	 iter
1108	 6.230981e-06	 1471	 iter
1109	 6.190728e-06	 1473	 iter
1110	 6.190728e-06	 1474	 iter
1111	 6.190728e-06	 1475	 iter
1112	 6.190728e-06	 1476	 iter
1113	 6.189635e-06	 1478	 iter
1114	 6.189635e-06	 1479	 iter
1115	 6.189635e-06	 1480	 iter
1116	 6.189635e-06	 1481	 iter
1117	 6.189635e-06	 1482	 iter
1118	 6.189635e-06	 1483	 iter
1119	 6.189635e-06	 1484	 iter
1120	 6.171899e-06	 1486	 iter
1121	 6.171899e-06	 1488	 iter
1122	 6.171899e-06	 1489	 iter
1123	 6.171899e-06	 1490	 iter
1124	 6.167732e-06	 1492	 iter
1125	 6.167732e-06	 1493	 iter
1126	 6.167732e-06	 1494	 iter
1127	 6.167732e-06	 1495	 iter
1128	 6.160449e-06	 1497	 iter
1129	 6.160449e-06	 1498	 iter
1130	 6.147914e-06	 1500	 iter
1131	 6.147914e-06	 1501	 iter
1132	 6.147914e-06	 1502	 iter
1133	 6.147914e-06	 1503	 iter
1134	 6.147914e-06	 1504	 iter
1135	 6.147914e-06	 1505	 iter
1136	 6.132591e-06	 1507	 iter
1137	 6.132591e-06	 1508	 iter
1138	 6.132591e-06	 1509	 iter
1139	 6.118938e-06	 1511	 iter
1140	 6.118938e-06	 1512	 iter
1141	 6.118938e-06	 1513	 iter
1142	 6.118938e-06	 1514	 iter
1143	 6.118938e-06	 1515	 iter
1144	 6.118938e-06	 1516	 iter
1145	 6.118938e-06	 1518	 iter
1146	 6.102652e-06	 1520	 iter
1147	 6.102652e-06	 1521	 iter
1148	 6.102652e-06	 1522	 iter
1149	 6.102652e-06	 1523	 iter
1150	 6.102652e-06	 1524	 iter
1151	 6.102652e-06	 1525	 iter
1152	 6.102652e-06	 1526	 iter
1153	 6.102652e-06	 1527	 iter
1154	 6.102652e-06	 1528	 iter
1155	 6.102652e-06	 1529	 iter
1156	 6.102652e-06	 1531	 iter
1157	 6.102652e-06	 1532	 iter
1158	 6.102652e-06	 1534	 iter
1159	 6.102652e-06	 1535	 iter
1160	 6.102652e-06	 1536	 iter
1161	 6.102652e-06	 1537	 iter
1162	 6.102652e-06	 1538	 iter
1163	 6.102652e-06	 1539	 iter
1164	 6.084915e-06	 1541	 iter
1165	 6.077137e-06	 1543	 iter
1166	 6.077137e-06	 1544	 iter
1167	 6.077137e-06	 1546	 iter
1168	 6.077137e-06	 1548	 iter
1169	 6.077137e-06	 1550	 iter
1170	 6.076315e-06	 1552	 iter
1171	 6.076315e-06	 1554	 iter
1172	 6.076315e-06	 1555	 iter
1173	 6.076315e-06	 1556	 iter
1174	 6.072931e-06	 1558	 iter
1175	 6.072931e-06	 1560	 iter
1176	 6.072931e-06	 1561	 iter
1177	 6.072931e-06	 1563	 iter
1178	 6.072931e-06	 1565	 iter
1179	 6.070318e-06	 1567	 iter
1180	 6.070318e-06	 1568	 iter
1181	 6.070318e-06	 1569	 iter
1182	 6.070318e-06	 1570	 iter
1183	 6.070318e-06	 1572	 iter
1184	 6.061122e-06	 1574	 iter
1185	 6.061122e-06	 1575	 iter
1186	 6.061122e-06	 1577	 iter
1187	 6.061122e-06	 1579	 iter
1188	 6.061122e-06	 1581	 iter
1189	 6.061122e-06	 1582	 iter
1190	 6.061122e-06	 1583	 iter
1191	 6.061122e-06	 1584	 iter
1192	 6.060676e-06	 1586	 iter
1193	 6.058470e-06	 1588	 iter
1194	 6.051801e-06	 1590	 iter
1195	 6.051801e-06	 1591	 iter
1196	 6.051801e-06	 1592	 iter
1197	 6.051801e-06	 1593	 iter
1198	 6.047219e-06	 1595	 iter
1199	 6.041968e-06	 1597	 iter
1200	 6.038575e-06	 1599	 iter
1201	 6.038575e-06	 1600	 iter
1202	 6.038575e-06	 1601	 iter
1203	 6.038575e-06	 1602	 iter
1204	 6.038575e-06	 1603	 iter
1205	 6.038575e-06	 1604	 iter
1206	 6.034013e-06	 1606	 iter
1207	 6.030389e-06	 1608	 iter
1208	 6.030389e-06	 1609	 iter
1209	 6.030389e-06	 1610	 iter
1210	 6.030243e-06	 1612	 iter
1211	 6.030243e-06	 1613	 iter
1212	 6.027315e-06	 1615	 iter
1213	 6.027315e-06	 1616	 iter
1214	 6.022049e-06	 1618	 iter
1215	 6.022049e-06	 1619	 iter
1216	 6.022049e-06	 1620	 iter
1217	 6.022049e-06	 1621	 iter
1218	 6.021143e-06	 1623	 iter
1219	 6.021143e-06	 1624	 iter
1220	 6.021143e-06	 1625	 iter
1221	 6.021143e-06	 1626	 iter
1222	 6.021014e-06	 1628	 iter
1223	 6.021014e-06	 1629	 iter
1224	 6.021014e-06	 1630	 iter
1225	 6.021014e-06	 1631	 iter
1226	 6.021014e-06	 1632	 iter
1227	 6.010712e-06	 1634	 iter
1228	 6.010712e-06	 1635	 iter
1229	 6.010712e-06	 1637	 iter
1230	 6.010712e-06	 1638	 iter
1231	 6.010712e-06	 1639	 iter
1232	 6.004940e-06	 1641	 iter
1233	 6.004940e-06	 1642	 iter
1234	 6.004940e-06	 1643	 iter
1235	 6.004940e-06	 1645	 iter
1236	 6.004940e-06	 1646	 iter
1237	 6.004940e-06	 1647	 iter
1238	 6.004940e-06	 1648	 iter
1239	 6.004940e-06	 1650	 iter
1240	 6.004940e-06	 1652	 iter
1241	 6.004940e-06	 1653	 iter
1242	 6.004940e-06	 1654	 iter
1243	 6.004940e-06	 1655	 iter
1244	 6.000197e-06	 1657	 iter
1245	 6.000197e-06	 1658	 iter
1246	 6.000197e-06	 1659	 iter
1247	 6.000197e-06	 1660	 iter
1248	 6.000197e-06	 1661	 iter
1249	 5.996871e-06	 1663	 iter
1250	 5.996871e-06	 1665	 iter
1251	 5.996871e-06	 1666	 iter
1252	 5.996871e-06	 1668	 iter
1253	 5.996871e-06	 1670	 iter
1254	 5.996871e-06	 1671	 iter
1255	 5.996871e-06	 1672	 iter
1256	 5.990191e-06	 1674	 iter
1257	 5.990191e-06	 1675	 iter
1258	 5.990191e-06	 1676	 iter
1259	 5.990191e-06	 1677	 iter
1260	 5.990191e-06	 1679	 iter
1261	 5.990191e-06	 1680	 iter
1262	 5.990191e-06	 1681	 iter
1263	 5.990191e-06	 1683	 iter
1264	 5.990191e-06	 1684	 iter
1265	 5.990191e-06	 1685	 iter
1266	 5.990191e-06	 1686	 iter
1267	 5.990191e-06	 1687	 iter
1268	 5.990191e-06	 1688	 iter
1269	 5.990191e-06	 1690	 iter
1270	 5.987674e-06	 1692	 iter
1271	 5.985806e-06	 1694	 iter
1272	 5.985806e-06	 1695	 iter
1273	 5.985806e-06	 1696	 iter
1274	 5.985806e-06	 1697	 iter
1275	 5.985806e-06	 1698	 iter
1276	 5.983829e-06	 1700	 iter
1277	 5.982194e-06	 1702	 iter
1278	 5.982194e-06	 1703	 iter
1279	 5.982194e-06	 1704	 iter
1280	 5.982194e-06	 1705	 iter
1281	 5.982194e-06	 1706	 iter
1282	 5.982194e-06	 1708	 iter
1283	 5.982194e-06	 1709	 iter
1284	 5.980326e-06	 1711	 iter
1285	 5.980326e-06	 1712	 iter
1286	 5.980326e-06	 1713	 iter
1287	 5.980326e-06	 1715	 iter
1288	 5.980326e-06	 1716	 iter
1289	 5.978069e-06	 1718	 iter
1290	 5.978069e-06	 1719	 iter
1291	 5.978069e-06	 1720	 iter
1292	 5.978069e-06	 1721	 iter
1293	 5.978069e-06	 1723	 iter
1294	 5.978069e-06	 1724	 iter
1295	 5.978069e-06	 1725	 iter
1296	 5.978069e-06	 1726	 iter
1297	 5.978069e-06	 1727	 iter
1298	 5.977065e-06	 1729	 iter
1299	 5.977065e-06	 1731	 iter
1300	 5.977065e-06	 1732	 iter
1301	 5.975829e-06	 1734	 iter
1302	 5.975829e-06	 1735	 iter
1303	 5.975829e-06	 1736	 iter
1304	 5.975829e-06	 1737	 iter
1305	 5.975829e-06	 1738	 iter
1306	 5.974297e-06	 1740	 iter
1307	 5.968817e-06	 1742	 iter
1308	 5.968817e-06	 1743	 iter
1309	 5.968817e-06	 1744	 iter
1310	 5.968817e-06	 1745	 iter
1311	 5.968817e-06	 1746	 iter
1312	 5.968817e-06	 1747	 iter
1313	 5.965475e-06	 1749	 iter
1314	 5.965475e-06	 1750	 iter
1315	 5.965475e-06	 1751	 iter
1316	 5.965475e-06	 1752	 iter
1317	 5.965475e-06	 1753	 iter
1318	 5.964867e-06	 1755	 iter
1319	 5.964867e-06	 1756	 iter
1320	 5.964867e-06	 1757	 iter
1321	 5.963561e-06	 1759	 iter
1322	 5.963561e-06	 1760	 iter
1323	 5.963561e-06	 1761	 iter
1324	 5.963561e-06	 1762	 iter
1325	 5.962096e-06	 1764	 iter
1326	 5.962096e-06	 1765	 iter
1327	 5.960799e-06	 1767	 iter
1328	 5.952642e-06	 1769	 iter
1329	 5.952642e-06	 1770	 iter
1330	 5.952642e-06	 1771	 iter
1331	 5.952642e-06	 1772	 iter
1332	 5.952642e-06	 1773	 iter
1333	 5.952642e-06	 1774	 iter
1334	 5.952642e-06	 1775	 iter
1335	 5.952642e-06	 1776	 iter
1336	 5.945096e-06	 1778	 iter
1337	 5.945096e-06	 1779	 iter
1338	 5.945096e-06	 1780	 iter
1339	 5.945096e-06	 1781	 iter
1340	 5.945096e-06	 1782	 iter
1341	 5.945096e-06	 1783	 iter
1342	 5.945096e-06	 1784	 iter
1343	 5.940728e-06	 1786	 iter
1344	 5.940728e-06	 1787	 iter
1345	 5.940728e-06	 1788	 iter
1346	 5.940298e-06	 1790	 iter
1347	 5.931580e-06	 1792	 iter
1348	 5.931580e-06	 1793	 iter
1349	 5.931580e-06	 1794	 iter
1350	 5.931580e-06	 1795	 iter
1351	 5.931580e-06	 1796	 iter
1352	 5.930352e-06	 1798	 iter
1353	 5.918982e-06	 1800	 iter
1354	 5.918982e-06	 1801	 iter
1355	 5.918982e-06	 1802	 iter
1356	 5.918982e-06	 1803	 iter
1357	 5.918982e-06	 1804	 iter
1358	 5.913563e-06	 1806	 iter
1359	 5.913563e-06	 1807	 iter
1360	 5.913563e-06	 1808	 iter
1361	 5.911692e-06	 1810	 iter
1362	 5.909332e-06	 1812	 iter
1363	 5.900720e-06	 1814	 iter
1364	 5.900426e-06	 1816	 iter
1365	 5.898440e-06	 1818	 iter
1366	 5.898440e-06	 1819	 iter
1367	 5.898440e-06	 1820	 iter
1368	 5.896858e-06	 1822	 iter
1369	 5.895431e-06	 1824	 iter
1370	 5.893672e-06	 1826	 iter
1371	 5.878062e-06	 1828	 iter
1372	 5.878062e-06	 1829	 iter
1373	 5.878062e-06	 1830	 iter
1374	 5.874557e-06	 1832	 iter
1375	 5.874557e-06	 1833	 iter
1376	 5.874557e-06	 1834	 iter
1377	 5.874557e-06	 1835	 iter
1378	 5.857541e-06	 1837	 iter
1379	 5.857541e-06	 1838	 iter
1380	 5.841374e-06	 1840	 iter
1381	 5.841374e-06	 1841	 iter
1382	 5.841374e-06	 1842	 iter
1383	 5.841374e-06	 1843	 iter
1384	 5.841374e-06	 1844	 iter
1385	 5.841374e-06	 1845	 iter
1386	 5.818436e-06	 1847	 iter
1387	 5.818436e-06	 1848	 iter
1388	 5.818436e-06	 1849	 iter
1389	 5.818436e-06	 1850	 iter
1390	 5.818436e-06	 1851	 iter
1391	 5.818436e-06	 1852	 iter
1392	 5.818436e-06	 1853	 iter
1393	 5.818436e-06	 1854	 iter
1394	 5.818436e-06	 1855	 iter
1395	 5.818436e-06	 1856	 iter
1396	 5.815923e-06	 1858	 iter
1397	 5.804468e-06	 1860	 iter
1398	 5.804468e-06	 1861	 iter
1399	 5.804468e-06	 1862	 iter
1400	 5.785703e-06	 1864	 iter
1401	 5.785703e-06	 1865	 iter
1402	 5.785703e-06	 1866	 iter
1403	 5.785703e-06	 1867	 iter
1404	 5.785703e-06	 1868	 iter
1405	 5.785703e-06	 1869	 iter
1406	 5.781909e-06	 1871	 iter
1407	 5.781909e-06	 1872	 iter
1408	 5.781909e-06	 1873	 iter
1409	 5.781909e-06	 1874	 iter
1410	 5.781909e-06	 1875	 iter
1411	 5.781449e-06	 1877	 iter
1412	 5.781449e-06	 1878	 iter
1413	 5.769334e-06	 1880	 iter
1414	 5.769334e-06	 1881	 iter
1415	 5.769334e-06	 1882	 iter
1416	 5.753119e-06	 1884	 iter
1417	 5.753119e-06	 1885	 iter
1418	 5.753119e-06	 1886	 iter
1419	 5.753119e-06	 1887	 iter
1420	 5.753119e-06	 1888	 iter
1421	 5.730818e-06	 1890	 iter
1422	 5.730818e-06	 1891	 iter
1423	 5.730818e-06	 1892	 iter
1424	 5.730818e-06	 1893	 iter
1425	 5.730818e-06	 1894	 iter
1426	 5.730818e-06	 1895	 iter
1427	 5.730818e-06	 1896	 iter
1428	 5.730818e-06	 1897	 iter
1429	 5.716383e-06	 1899	 iter
1430	 5.716383e-06	 1900	 iter
1431	 5.714026e-06	 1902	 iter
1432	 5.710438e-06	 1904	 iter
1433	 5.710438e-06	 1905	 iter
1434	 5.710438e-06	 1906	 iter
1435	 5.686277e-06	 1908	 iter
1436	 5.686277e-06	 1909	 iter
1437	 5.684722e-06	 1911	 iter
1438	 5.684722e-06	 1912	 iter
1439	 5.684722e-06	 1913	 iter
1440	 5.684722e-06	 1914	 iter
1441	 5.651213e-06	 1916	 iter
1442	 5.647785e-06	 1918	 iter
1443	 5.647785e-06	 1919	 iter
1444	 5.647785e-06	 1920	 iter
1445	 5.647785e-06	 1921	 iter
1446	 5.633483e-06	 1923	 iter
1447	 5.632325e-06	 1925	 iter
1448	 5.632325e-06	 1926	 iter
1449	 5.632325e-06	 1927	 iter
1450	 5.614841e-06	 1929	 iter
1451	 5.608164e-06	 1931	 iter
1452	 5.608164e-06	 1932	 iter
1453	 5.608164e-06	 1933	 iter
1454	 5.605648e-06	 1935	 iter
1455	 5.605648e-06	 1936	 iter
1456	 5.605648e-06	 1937	 iter
1457	 5.600347e-06	 1939	 iter
1458	 5.600347e-06	 1940	 iter
1459	 5.584488e-06	 1942	 iter
1460	 5.567555e-06	 1944	 iter
1461	 5.528244e-06	 1946	 iter
1462	 5.528244e-06	 1947	 iter
1463	 5.528244e-06	 1948	 iter
1464	 5.528244e-06	 1949	 iter
1465	 5.528244e-06	 1950	 iter
1466	 5.528244e-06	 1951	 iter
1467	 5.528244e-06	 1952	 iter
1468	 5.528244e-06	 1953	 iter
1469	 5.528244e-06	 1954	 iter
1470	 5.528244e-06	 1955	 iter
1471	 5.521281e-06	 1957	 iter
1472	 5.471763e-06	 1959	 iter
1473	 5.471763e-06	 1960	 iter
1474	 5.471763e-06	 1961	 iter
1475	 5.471763e-06	 1962	 iter
1476	 5.471763e-06	 1963	 iter
1477	 5.471763e-06	 1964	 iter
1478	 5.471763e-06	 1965	 iter
1479	 5.471763e-06	 1966	 iter
1480	 5.392007e-06	 1968	 iter
1481	 5.392007e-06	 1969	 iter
1482	 5.392007e-06	 1970	 iter
1483	 5.392007e-06	 1971	 iter
1484	 5.392007e-06	 1972	 iter
1485	 5.374029e-06	 1974	 iter
1486	 5.374029e-06	 1975	 iter
1487	 5.374029e-06	 1976	 iter
1488	 5.374029e-06	 1977	 iter
1489	 5.374029e-06	 1978	 iter
1490	 5.374029e-06	 1979	 iter
1491	 5.372809e-06	 1981	 iter
1492	 5.322603e-06	 1983	 iter
1493	 5.318413e-06	 1985	 iter
1494	 5.318413e-06	 1986	 iter
1495	 5.318413e-06	 1987	 iter
1496	 5.318413e-06	 1988	 iter
1497	 5.235424e-06	 1990	 iter
1498	 5.235424e-06	 1991	 iter
1499	 5.235424e-06	 1992	 iter
1500	 5.235424e-06	 1993	 iter
1501	 5.235424e-06	 1994	 iter
1502	 5.235424e-06	 1995	 iter
1503	 5.235424e-06	 1996	 iter
1504	 5.235424e-06	 1997	 iter
1505	 5.235424e-06	 1998	 iter
1506	 5.118325e-06	 2000	 iter
1507	 5.118325e-06	 2001	 iter
1508	 5.118325e-06	 2002	 iter
1509	 5.118325e-06	 2003	 iter
1510	 5.118325e-06	 2004	 iter
1511	 5.118325e-06	 2005	 iter
1512	 5.118325e-06	 2006	 iter
1513	 5.118325e-06	 2007	 iter
1514	 5.118325e-06	 2008	 iter
1515	 5.118325e-06	 2009	 iter
1516	 5.118325e-06	 2010	 iter
1517	 5.019629e-06	 2012	 iter
1518	 5.019629e-06	 2013	 iter
1519	 5.019629e-06	 2014	 iter
1520	 5.019629e-06	 2015	 iter
1521	 5.019629e-06	 2016	 iter
1522	 5.019629e-06	 2017	 iter
1523	 5.019629e-06	 2018	 iter
1524	 5.019629e-06	 2019	 iter
1525	 5.019629e-06	 2020	 iter
1526	 5.019629e-06	 2021	 iter
1527	 4.897165e-06	 2023	 iter
1528	 4.897165e-06	 2024	 iter
1529	 4.897165e-06	 2025	 iter
1530	 4.897165e-06	 2026	 iter
1531	 4.897165e-06	 2027	 iter
1532	 4.849331e-06	 2029	 iter
1533	 4.849331e-06	 2030	 iter
1534	 4.849331e-06	 2031	 iter
1535	 4.849331e-06	 2032	 iter
1536	 4.747559e-06	 2034	 iter
1537	 4.747559e-06	 2035	 iter
1538	 4.747559e-06	 2036	 iter
1539	 4.747559e-06	 2037	 iter
1540	 4.695204e-06	 2039	 iter
1541	 4.695204e-06	 2040	 iter
1542	 4.695204e-06	 2041	 iter
1543	 4.546646e-06	 2043	 iter
1544	 4.546646e-06	 2044	 iter
1545	 4.546646e-06	 2045	 iter
1546	 4.546646e-06	 2046	 iter
1547	 4.546646e-06	 2047	 iter
1548	 4.477499e-06	 2049	 iter
1549	 4.477499e-06	 2050	 iter
1550	 4.335178e-06	 2052	 iter
1551	 4.335178e-06	 2053	 iter
1552	 4.335178e-06	 2054	 iter
1553	 4.335178e-06	 2055	 iter
1554	 4.335178e-06	 2056	 iter
1555	 4.335178e-06	 2057	 iter
1556	 4.335178e-06	 2058	 iter
1557	 4.335178e-06	 2059	 iter
1558	 4.262308e-06	 2061	 iter
1559	 4.262308e-06	 2062	 iter
1560	 4.262308e-06	 2063	 iter
1561	 4.262308e-06	 2064	 iter
1562	 4.167116e-06	 2066	 iter
1563	 4.167116e-06	 2067	 iter
1564	 4.167116e-06	 2068	 iter
1565	 4.032970e-06	 2070	 iter
1566	 4.032970e-06	 2071	 iter
1567	 4.032970e-06	 2072	 iter
1568	 4.032970e-06	 2073	 iter
1569	 4.032970e-06	 2074	 iter
1570	 4.032970e-06	 2075	 iter
1571	 4.032970e-06	 2076	 iter
1572	 4.032970e-06	 2077	 iter
1573	 4.032970e-06	 2078	 iter
1574	 4.032970e-06	 2079	 iter
1575	 4.032970e-06	 2080	 iter
1576	 4.032970e-06	 2081	 iter
1577	 4.032970e-06	 2082	 iter
1578	 4.030188e-06	 2084	 iter
1579	 4.013967e-06	 2086	 iter
1580	 3.918624e-06	 2088	 iter
1581	 3.918624e-06	 2089	 iter
1582	 3.918624e-06	 2090	 iter
1583	 3.918624e-06	 2092	 iter
1584	 3.918624e-06	 2093	 iter
1585	 3.918624e-06	 2094	 iter
1586	 3.918624e-06	 2095	 iter
1587	 3.842350e-06	 2097	 iter
1588	 3.842350e-06	 2098	 iter
1589	 3.842350e-06	 2099	 iter
1590	 3.842350e-06	 2100	 iter
1591	 3.842350e-06	 2101	 iter
1592	 3.842350e-06	 2102	 iter
1593	 3.842350e-06	 2103	 iter
1594	 3.842350e-06	 2104	 iter
1595	 3.842350e-06	 2105	 iter
1596	 3.842350e-06	 2106	 iter
1597	 3.842350e-06	 2108	 iter
1598	 3.842350e-06	 2109	 iter
1599	 3.831070e-06	 2111	 iter
1600	 3.813086e-06	 2113	 iter
1601	 3.813086e-06	 2114	 iter
1602	 3.776839e-06	 2116	 iter
1603	 3.776839e-06	 2117	 iter
1604	 3.776839e-06	 2118	 iter
1605	 3.776839e-06	 2119	 iter
1606	 3.776839e-06	 2120	 iter
1607	 3.776839e-06	 2121	 iter
1608	 3.776839e-06	 2122	 iter
1609	 3.776839e-06	 2124	 iter
1610	 3.776839e-06	 2125	 iter
1611	 3.776839e-06	 2126	 iter
1612	 3.776839e-06	 2127	 iter
1613	 3.776839e-06	 2128	 iter
1614	 3.776839e-06	 2129	 iter
1615	 3.739888e-06	 2131	 iter
1616	 3.739888e-06	 2133	 iter
1617	 3.739888e-06	 2134	 iter
1618	 3.739888e-06	 2135	 iter
1619	 3.739888e-06	 2136	 iter
1620	 3.739888e-06	 2138	 iter
1621	 3.739888e-06	 2139	 iter
1622	 3.739888e-06	 2141	 iter
1623	 3.739888e-06	 2142	 iter
1624	 3.739888e-06	 2144	 iter
1625	 3.739888e-06	 2146	 iter
1626	 3.739888e-06	 2148	 iter
1627	 3.719811e-06	 2150	 iter
1628	 3.719811e-06	 2152	 iter
1629	 3.719811e-06	 2153	 iter
1630	 3.699894e-06	 2155	 iter
1631	 3.699894e-06	 2156	 iter
1632	 3.699894e-06	 2158	 iter
1633	 3.699894e-06	 2159	 iter
1634	 3.699894e-06	 2161	 iter
1635	 3.699894e-06	 2163	 iter
1636	 3.699894e-06	 2164	 iter
1637	 3.677239e-06	 2166	 iter
1638	 3.677239e-06	 2167	 iter
1639	 3.663966e-06	 2169	 iter
1640	 3.663966e-06	 2170	 iter
1641	 3.663966e-06	 2171	 iter
1642	 3.663966e-06	 2173	 iter
1643	 3.663966e-06	 2174	 iter
1644	 3.663966e-06	 2175	 iter
1645	 3.663966e-06	 2176	 iter
1646	 3.663966e-06	 2178	 iter
1647	 3.663966e-06	 2179	 iter
1648	 3.663966e-06	 2180	 iter
1649	 3.663966e-06	 2181	 iter
1650	 3.663966e-06	 2182	 iter
1651	 3.663966e-06	 2183	 iter
1652	 3.663966e-06	 2184	 iter
1653	 3.658003e-06	 2186	 iter
1654	 3.658003e-06	 2187	 iter
1655	 3.658003e-06	 2188	 iter
1656	 3.658003e-06	 2189	 iter
1657	 3.658003e-06	 2190	 iter
1658	 3.658003e-06	 2192	 iter
1659	 3.658003e-06	 2193	 iter
1660	 3.658003e-06	 2195	 iter
1661	 3.658003e-06	 2197	 iter
1662	 3.658003e-06	 2198	 iter
1663	 3.658003e-06	 2200	 iter
1664	 3.658003e-06	 2201	 iter
1665	 3.658003e-06	 2202	 iter
1666	 3.658003e-06	 2204	 iter
1667	 3.658003e-06	 2205	 iter
1668	 3.658003e-06	 2206	 iter
1669	 3.658003e-06	 2207	 iter
1670	 3.658003e-06	 2208	 iter
1671	 3.658003e-06	 2209	 iter
1672	 3.637257e-06	 2211	 iter
1673	 3.637257e-06	 2212	 iter
1674	 3.637257e-06	 2213	 iter
1675	 3.637257e-06	 2215	 iter
1676	 3.637257e-06	 2217	 iter
1677	 3.637257e-06	 2219	 iter
1678	 3.637257e-06	 2220	 iter
1679	 3.637257e-06	 2222	 iter
1680	 3.637257e-06	 2223	 iter
1681	 3.637257e-06	 2225	 iter
1682	 3.637257e-06	 2227	 iter
1683	 3.637257e-06	 2228	 iter
1684	 3.637257e-06	 2229	 iter
1685	 3.637257e-06	 2231	 iter
1686	 3.637257e-06	 2232	 iter
1687	 3.637257e-06	 2233	 iter
1688	 3.637257e-06	 2234	 iter
1689	 3.637257e-06	 2235	 iter
1690	 3.637257e-06	 2237	 iter
1691	 3.637257e-06	 2239	 iter
1692	 3.637257e-06	 2241	 iter
1693	 3.637257e-06	 2243	 iter
1694	 3.637257e-06	 2244	 iter
1695	 3.637257e-06	 2245	 iter
1696	 3.637257e-06	 2246	 iter
1697	 3.637257e-06	 2248	 iter
1698	 3.637257e-06	 2249	 iter
1699	 3.637257e-06	 2250	 iter
1700	 3.637257e-06	 2252	 iter
1701	 3.637257e-06	 2253	 iter
1702	 3.637257e-06	 2255	 iter
1703	 3.637257e-06	 2256	 iter
1704	 3.637257e-06	 2258	 iter
1705	 3.637257e-06	 2259	 iter
1706	 3.637257e-06	 2260	 iter
1707	 3.637257e-06	 2261	 iter
1708	 3.637257e-06	 2263	 iter
1709	 3.637257e-06	 2264	 iter
1710	 3.637257e-06	 2266	 iter
1711	 3.637257e-06	 2267	 iter
1712	 3.637257e-06	 2269	 iter
1713	 3.637257e-06	 2271	 iter
1714	 3.637257e-06	 2272	 iter
1715	 3.637257e-06	 2273	 iter
1716	 3.637257e-06	 2274	 iter
1717	 3.637257e-06	 2276	 iter
1718	 3.637257e-06	 2278	 iter
1719	 3.637257e-06	 2279	 iter
1720	 3.637257e-06	 2281	 iter
1721	 3.637257e-06	 2282	 iter
1722	 3.637257e-06	 2283	 iter
1723	 3.637257e-06	 2284	 iter
1724	 3.634186e-06	 2286	 iter
1725	 3.634186e-06	 2287	 iter
1726	 3.634186e-06	 2288	 iter
1727	 3.634186e-06	 2289	 iter
1728	 3.634186e-06	 2290	 iter
1729	 3.634186e-06	 2291	 iter
1730	 3.634186e-06	 2292	 iter
1731	 3.634186e-06	 2293	 iter
1732	 3.634186e-06	 2294	 iter
1733	 3.634186e-06	 2295	 iter
1734	 3.634186e-06	 2296	 iter
1735	 3.631650e-06	 2298	 iter
1736	 3.631650e-06	 2299	 iter
1737	 3.631650e-06	 2300	 iter
1738	 3.631650e-06	 2301	 iter
1739	 3.631650e-06	 2302	 iter
1740	 3.631650e-06	 2303	 iter
1741	 3.631650e-06	 2304	 iter
1742	 3.631650e-06	 2305	 iter
1743	 3.631650e-06	 2307	 iter
1744	 3.631650e-06	 2309	 iter
1745	 3.631650e-06	 2311	 iter
1746	 3.631650e-06	 2312	 iter
1747	 3.631479e-06	 2314	 iter
1748	 3.631479e-06	 2315	 iter
1749	 3.631479e-06	 2316	 iter
1750	 3.631479e-06	 2318	 iter
1751	 3.630763e-06	 2320	 iter
1752	 3.630763e-06	 2321	 iter
1753	 3.630763e-06	 2322	 iter
1754	 3.630367e-06	 2324	 iter
1755	 3.630367e-06	 2325	 iter
1756	 3.630367e-06	 2326	 iter
1757	 3.629691e-06	 2328	 iter
1758	 3.629691e-06	 2330	 iter
1759	 3.629691e-06	 2331	 iter
1760	 3.629691e-06	 2332	 iter
1761	 3.629691e-06	 2333	 iter
1762	 3.629691e-06	 2334	 iter
1763	 3.628603e-06	 2336	 iter
1764	 3.628603e-06	 2337	 iter
1765	 3.628603e-06	 2338	 iter
1766	 3.628603e-06	 2339	 iter
1767	 3.628603e-06	 2340	 iter
1768	 3.628603e-06	 2341	 iter
1769	 3.628603e-06	 2343	 iter
1770	 3.627422e-06	 2345	 iter
1771	 3.627422e-06	 2346	 iter
1772	 3.627422e-06	 2347	 iter
1773	 3.627422e-06	 2348	 iter
1774	 3.627422e-06	 2350	 iter
1775	 3.627422e-06	 2351	 iter
1776	 3.627422e-06	 2352	 iter
1777	 3.627422e-06	 2353	 iter
1778	 3.627422e-06	 2355	 iter
1779	 3.627422e-06	 2357	 iter
1780	 3.627422e-06	 2358	 iter
1781	 3.627422e-06	 2359	 iter
1782	 3.627422e-06	 2360	 iter
1783	 3.627422e-06	 2361	 iter
1784	 3.627422e-06	 2363	 iter
1785	 3.627422e-06	 2365	 iter
1786	 3.626082e-06	 2367	 iter
1787	 3.626082e-06	 2368	 iter
1788	 3.626082e-06	 2369	 iter
1789	 3.625987e-06	 2371	 iter
1790	 3.625987e-06	 2373	 iter
1791	 3.624600e-06	 2375	 iter
1792	 3.624600e-06	 2376	 iter
1793	 3.624600e-06	 2377	 iter
1794	 3.624600e-06	 2378	 iter
1795	 3.624600e-06	 2379	 iter
1796	 3.624600e-06	 2380	 iter
1797	 3.624600e-06	 2381	 iter
1798	 3.624600e-06	 2382	 iter
1799	 3.624600e-06	 2383	 iter
1800	 3.622440e-06	 2385	 iter
1801	 3.622440e-06	 2386	 iter
1802	 3.620420e-06	 2388	 iter
1803	 3.620420e-06	 2389	 iter
1804	 3.620420e-06	 2390	 iter
1805	 3.620420e-06	 2391	 iter
1806	 3.620420e-06	 2392	 iter
1807	 3.620420e-06	 2393	 iter
1808	 3.620420e-06	 2394	 iter
1809	 3.618509e-06	 2396	 iter
1810	 3.618509e-06	 2397	 iter
1811	 3.618509e-06	 2398	 iter
1812	 3.618509e-06	 2399	 iter
1813	 3.618509e-06	 2400	 iter
1814	 3.618509e-06	 2401	 iter
1815	 3.618509e-06	 2402	 iter
1816	 3.617064e-06	 2404	 iter
1817	 3.617064e-06	 2405	 iter
1818	 3.617064e-06	 2406	 iter
1819	 3.617064e-06	 2407	 iter
1820	 3.616916e-06	 2409	 iter
1821	 3.614940e-06	 2411	 iter
1822	 3.614940e-06	 2412	 iter
1823	 3.614940e-06	 2413	 iter
1824	 3.614940e-06	 2414	 iter
1825	 3.614940e-06	 2415	 iter
1826	 3.614940e-06	 2416	 iter
1827	 3.614441e-06	 2418	 iter
1828	 3.614441e-06	 2419	 iter
1829	 3.614441e-06	 2420	 iter
1830	 3.614441e-06	 2421	 iter
1831	 3.614321e-06	 2423	 iter
1832	 3.614321e-06	 2424	 iter
1833	 3.614247e-06	 2426	 iter
1834	 3.614247e-06	 2427	 iter
1835	 3.612654e-06	 2429	 iter
1836	 3.612654e-06	 2430	 iter
1837	 3.612654e-06	 2431	 iter
1838	 3.612554e-06	 2433	 iter
1839	 3.612554e-06	 2434	 iter
1840	 3.612554e-06	 2435	 iter
1841	 3.612554e-06	 2436	 iter
1842	 3.612257e-06	 2438	 iter
1843	 3.612257e-06	 2439	 iter
1844	 3.612257e-06	 2441	 iter
1845	 3.612257e-06	 2442	 iter
1846	 3.611371e-06	 2444	 iter
1847	 3.611371e-06	 2445	 iter
1848	 3.611335e-06	 2447	 iter
1849	 3.611335e-06	 2448	 iter
1850	 3.611335e-06	 2450	 iter
1851	 3.611335e-06	 2451	 iter
1852	 3.611335e-06	 2452	 iter
1853	 3.610514e-06	 2454	 iter
1854	 3.610143e-06	 2456	 iter
1855	 3.610143e-06	 2457	 iter
1856	 3.610143e-06	 2458	 iter
1857	 3.610143e-06	 2459	 iter
1858	 3.610143e-06	 2460	 iter
1859	 3.610143e-06	 2462	 iter
1860	 3.609356e-06	 2464	 iter
1861	 3.609356e-06	 2465	 iter
1862	 3.609356e-06	 2466	 iter
1863	 3.609356e-06	 2467	 iter
1864	 3.609356e-06	 2468	 iter
1865	 3.609356e-06	 2469	 iter
1866	 3.609356e-06	 2470	 iter
1867	 3.608677e-06	 2472	 iter
1868	 3.608677e-06	 2473	 iter
1869	 3.608677e-06	 2474	 iter
1870	 3.608677e-06	 2475	 iter
1871	 3.608677e-06	 2476	 iter
1872	 3.608677e-06	 2478	 iter
1873	 3.608515e-06	 2480	 iter
1874	 3.608378e-06	 2482	 iter
1875	 3.608378e-06	 2483	 iter
1876	 3.608378e-06	 2484	 iter
1877	 3.608378e-06	 2486	 iter
1878	 3.608378e-06	 2487	 iter
1879	 3.608378e-06	 2489	 iter
1880	 3.608378e-06	 2490	 iter
1881	 3.607554e-06	 2492	 iter
1882	 3.607554e-06	 2493	 iter
1883	 3.607554e-06	 2495	 iter
1884	 3.607554e-06	 2496	 iter
1885	 3.607554e-06	 2497	 iter
1886	 3.607554e-06	 2498	 iter
1887	 3.607554e-06	 2499	 iter
1888	 3.607554e-06	 2500	 iter
1889	 3.607554e-06	 2501	 iter
1890	 3.607554e-06	 2502	 iter
1891	 3.607014e-06	 2504	 iter
1892	 3.606990e-06	 2506	 iter
1893	 3.606990e-06	 2507	 iter
1894	 3.605935e-06	 2509	 iter
1895	 3.605935e-06	 2510	 iter
1896	 3.605935e-06	 2511	 iter
1897	 3.605935e-06	 2512	 iter
1898	 3.605935e-06	 2513	 iter
1899	 3.605935e-06	 2514	 iter
1900	 3.604760e-06	 2516	 iter
1901	 3.604760e-06	 2517	 iter
1902	 3.604760e-06	 2518	 iter
1903	 3.604760e-06	 2519	 iter
1904	 3.604760e-06	 2520	 iter
1905	 3.604760e-06	 2521	 iter
1906	 3.604760e-06	 2522	 iter
1907	 3.604760e-06	 2523	 iter
1908	 3.604724e-06	 2525	 iter
1909	 3.604724e-06	 2526	 iter
1910	 3.603113e-06	 2528	 iter
1911	 3.603113e-06	 2529	 iter
1912	 3.603113e-06	 2530	 iter
1913	 3.603113e-06	 2531	 iter
1914	 3.601927e-06	 2533	 iter
1915	 3.601927e-06	 2534	 iter
1916	 3.601927e-06	 2535	 iter
1917	 3.601259e-06	 2537	 iter
1918	 3.601259e-06	 2538	 iter
1919	 3.601259e-06	 2539	 iter
1920	 3.601230e-06	 2541	 iter
1921	 3.601230e-06	 2542	 iter
1922	 3.601131e-06	 2544	 iter
1923	 3.601131e-06	 2545	 iter
1924	 3.601131e-06	 2546	 iter
1925	 3.600360e-06	 2548	 iter
1926	 3.597111e-06	 2550	 iter
1927	 3.597111e-06	 2551	 iter
1928	 3.597111e-06	 2552	 iter
1929	 3.597111e-06	 2553	 iter
1930	 3.597111e-06	 2554	 iter
1931	 3.597111e-06	 2555	 iter
1932	 3.597111e-06	 2556	 iter
1933	 3.597111e-06	 2557	 iter
1934	 3.594936e-06	 2559	 iter
1935	 3.594936e-06	 2560	 iter
1936	 3.594936e-06	 2561	 iter
1937	 3.594936e-06	 2562	 iter
1938	 3.594936e-06	 2563	 iter
1939	 3.594936e-06	 2564	 iter
1940	 3.594936e-06	 2565	 iter
1941	 3.591718e-06	 2567	 iter
1942	 3.591718e-06	 2568	 iter
1943	 3.591718e-06	 2569	 iter
1944	 3.591718e-06	 2570	 iter
1945	 3.591718e-06	 2571	 iter
1946	 3.591718e-06	 2572	 iter
1947	 3.591718e-06	 2573	 iter
1948	 3.591475e-06	 2575	 iter
1949	 3.591475e-06	 2576	 iter
1950	 3.591475e-06	 2577	 iter
1951	 3.588301e-06	 2579	 iter
1952	 3.588301e-06	 2580	 iter
1953	 3.588301e-06	 2581	 iter
1954	 3.588301e-06	 2582	 iter
1955	 3.588301e-06	 2583	 iter
1956	 3.588301e-06	 2584	 iter
1957	 3.588301e-06	 2585	 iter
1958	 3.587086e-06	 2587	 iter
1959	 3.587086e-06	 2588	 iter
1960	 3.587086e-06	 2589	 iter
1961	 3.587086e-06	 2590	 iter
1962	 3.587086e-06	 2591	 iter
1963	 3.587086e-06	 2592	 iter
1964	 3.586394e-06	 2594	 iter
1965	 3.585996e-06	 2596	 iter
1966	 3.585996e-06	 2597	 iter
1967	 3.585996e-06	 2598	 iter
1968	 3.585996e-06	 2599	 iter
1969	 3.585996e-06	 2600	 iter
1970	 3.585831e-06	 2602	 iter
1971	 3.585831e-06	 2604	 iter
1972	 3.584702e-06	 2606	 iter
1973	 3.583319e-06	 2608	 iter
1974	 3.583319e-06	 2609	 iter
1975	 3.583319e-06	 2610	 iter
1976	 3.583319e-06	 2611	 iter
1977	 3.583319e-06	 2612	 iter
1978	 3.583319e-06	 2613	 iter
1979	 3.583319e-06	 2614	 iter
1980	 3.583319e-06	 2615	 iter
1981	 3.583319e-06	 2616	 iter
1982	 3.583319e-06	 2617	 iter
1983	 3.583319e-06	 2618	 iter
1984	 3.583319e-06	 2619	 iter
1985	 3.581170e-06	 2621	 iter
1986	 3.581170e-06	 2622	 iter
1987	 3.581170e-06	 2623	 iter
1988	 3.579845e-06	 2625	 iter
1989	 3.579845e-06	 2626	 iter
1990	 3.579845e-06	 2627	 iter
1991	 3.579845e-06	 2628	 iter
1992	 3.578859e-06	 2630	 iter
1993	 3.578859e-06	 2631	 iter
1994	 3.578859e-06	 2632	 iter
1995	 3.578859e-06	 2633	 iter
1996	 3.578859e-06	 2634	 iter
1997	 3.578680e-06	 2636	 iter
1998	 3.577959e-06	 2638	 iter
1999	 3.577959e-06	 2639	 iter
2000	 3.577959e-06	 2640	 iter
2001	 3.577959e-06	 2641	 iter
2002	 3.576617e-06	 2643	 iter
2003	 3.576617e-06	 2644	 iter
2004	 3.576617e-06	 2646	 iter
2005	 3.576617e-06	 2647	 iter
2006	 3.576617e-06	 2648	 iter
2007	 3.576617e-06	 2649	 iter
2008	 3.576617e-06	 2650	 iter
2009	 3.575434e-06	 2652	 iter
2010	 3.575434e-06	 2653	 iter
2011	 3.575434e-06	 2654	 iter
2012	 3.575434e-06	 2656	 iter
2013	 3.575434e-06	 2657	 iter
2014	 3.574707e-06	 2659	 iter
2015	 3.574707e-06	 2660	 iter
2016	 3.574707e-06	 2661	 iter
2017	 3.574707e-06	 2662	 iter
2018	 3.574707e-06	 2663	 iter
2019	 3.574707e-06	 2664	 iter
2020	 3.574707e-06	 2665	 iter
2021	 3.574707e-06	 2666	 iter
2022	 3.574707e-06	 2667	 iter
2023	 3.574707e-06	 2668	 iter
2024	 3.572901e-06	 2670	 iter
2025	 3.572901e-06	 2671	 iter
2026	 3.572901e-06	 2672	 iter
2027	 3.572718e-06	 2674	 iter
2028	 3.572718e-06	 2675	 iter
2029	 3.572408e-06	 2677	 iter
2030	 3.572408e-06	 2678	 iter
2031	 3.572408e-06	 2680	 iter
2032	 3.572408e-06	 2681	 iter
2033	 3.572408e-06	 2682	 iter
2034	 3.572408e-06	 2683	 iter
2035	 3.572408e-06	 2684	 iter
2036	 3.571971e-06	 2686	 iter
2037	 3.571971e-06	 2687	 iter
2038	 3.571971e-06	 2688	 iter
2039	 3.571971e-06	 2689	 iter
2040	 3.571971e-06	 2690	 iter
2041	 3.571971e-06	 2691	 iter
2042	 3.571971e-06	 2692	 iter
2043	 3.571971e-06	 2693	 iter
2044	 3.571060e-06	 2695	 iter
2045	 3.571060e-06	 2697	 iter
2046	 3.571060e-06	 2698	 iter
2047	 3.569908e-06	 2700	 iter
2048	 3.569908e-06	 2702	 iter
2049	 3.569908e-06	 2703	 iter
2050	 3.569908e-06	 2705	 iter
2051	 3.569908e-06	 2706	 iter
2052	 3.569100e-06	 2708	 iter
2053	 3.569100e-06	 2709	 iter
2054	 3.569100e-06	 2710	 iter
2055	 3.569100e-06	 2711	 iter
2056	 3.569100e-06	 2712	 iter
2057	 3.569100e-06	 2713	 iter
2058	 3.569100e-06	 2714	 iter
2059	 3.569100e-06	 2715	 iter
2060	 3.569100e-06	 2716	 iter
2061	 3.569100e-06	 2717	 iter
2062	 3.569100e-06	 2718	 iter
2063	 3.569100e-06	 2719	 iter
2064	 3.568685e-06	 2721	 iter
2065	 3.568685e-06	 2722	 iter
2066	 3.566820e-06	 2724	 iter
2067	 3.566820e-06	 2725	 iter
2068	 3.566820e-06	 2726	 iter
2069	 3.566820e-06	 2727	 iter
2070	 3.566820e-06	 2728	 iter
2071	 3.566820e-06	 2729	 iter
2072	 3.566820e-06	 2730	 iter
2073	 3.566820e-06	 2731	 iter
2074	 3.566820e-06	 2732	 iter
2075	 3.566820e-06	 2733	 iter
2076	 3.566820e-06	 2734	 iter
2077	 3.566607e-06	 2736	 iter
2078	 3.566607e-06	 2737	 iter
2079	 3.566607e-06	 2738	 iter
2080	 3.565909e-06	 2740	 iter
2081	 3.565909e-06	 2741	 iter
2082	 3.565909e-06	 2742	 iter
2083	 3.565390e-06	 2744	 iter
2084	 3.564116e-06	 2746	 iter
2085	 3.564116e-06	 2747	 iter
2086	 3.564116e-06	 2748	 iter
2087	 3.564116e-06	 2749	 iter
2088	 3.564116e-06	 2750	 iter
2089	 3.564116e-06	 2751	 iter
2090	 3.564116e-06	 2752	 iter
2091	 3.564116e-06	 2753	 iter
2092	 3.564116e-06	 2754	 iter
2093	 3.564116e-06	 2755	 iter
2094	 3.564116e-06	 2756	 iter
2095	 3.564116e-06	 2757	 iter
2096	 3.564116e-06	 2758	 iter
2097	 3.564116e-06	 2759	 iter
2098	 3.564116e-06	 2760	 iter
2099	 3.564116e-06	 2761	 iter
2100	 3.564116e-06	 2762	 iter
2101	 3.564116e-06	 2764	 iter
2102	 3.564116e-06	 2765	 iter
2103	 3.564116e-06	 2766	 iter
2104	 3.560695e-06	 2768	 iter
2105	 3.560695e-06	 2769	 iter
2106	 3.560695e-06	 2770	 iter
2107	 3.560695e-06	 2771	 iter
2108	 3.560695e-06	 2772	 iter
2109	 3.560695e-06	 2773	 iter
2110	 3.560695e-06	 2774	 iter
2111	 3.560695e-06	 2775	 iter
2112	 3.560695e-06	 2777	 iter
2113	 3.560695e-06	 2778	 iter
2114	 3.560695e-06	 2779	 iter
2115	 3.560695e-06	 2780	 iter
2116	 3.560695e-06	 2781	 iter
2117	 3.560695e-06	 2782	 iter
2118	 3.560695e-06	 2783	 iter
2119	 3.560695e-06	 2784	 iter
2120	 3.560695e-06	 2785	 iter
2121	 3.560695e-06	 2786	 iter
2122	 3.560695e-06	 2787	 iter
2123	 3.560695e-06	 2788	 iter
2124	 3.560695e-06	 2789	 iter
2125	 3.560140e-06	 2791	 iter
2126	 3.560140e-06	 2792	 iter
2127	 3.560140e-06	 2793	 iter
2128	 3.560140e-06	 2794	 iter
2129	 3.559822e-06	 2796	 iter
2130	 3.558509e-06	 2798	 iter
2131	 3.558509e-06	 2799	 iter
2132	 3.558509e-06	 2800	 iter
2133	 3.558509e-06	 2801	 iter
2134	 3.558509e-06	 2802	 iter
2135	 3.558509e-06	 2803	 iter
2136	 3.558389e-06	 2805	 iter
2137	 3.558389e-06	 2806	 iter
2138	 3.558389e-06	 2807	 iter
2139	 3.558389e-06	 2808	 iter
2140	 3.558389e-06	 2809	 iter
2141	 3.558389e-06	 2810	 iter
2142	 3.558389e-06	 2811	 iter
2143	 3.557150e-06	 2813	 iter
2144	 3.557150e-06	 2814	 iter
2145	 3.557150e-06	 2815	 iter
2146	 3.557150e-06	 2816	 iter
2147	 3.557150e-06	 2817	 iter
2148	 3.557150e-06	 2818	 iter
2149	 3.557150e-06	 2819	 iter
2150	 3.557150e-06	 2820	 iter
2151	 3.556567e-06	 2822	 iter
2152	 3.556567e-06	 2823	 iter
2153	 3.556567e-06	 2824	 iter
2154	 3.556567e-06	 2825	 iter
2155	 3.556567e-06	 2827	 iter
2156	 3.556567e-06	 2828	 iter
2157	 3.556567e-06	 2829	 iter
2158	 3.556567e-06	 2830	 iter
2159	 3.556567e-06	 2831	 iter
2160	 3.555151e-06	 2833	 iter
2161	 3.555151e-06	 2835	 iter
2162	 3.555151e-06	 2836	 iter
2163	 3.555036e-06	 2838	 iter
2164	 3.555036e-06	 2839	 iter
2165	 3.555036e-06	 2840	 iter
2166	 3.555036e-06	 2841	 iter
2167	 3.555036e-06	 2842	 iter
2168	 3.555036e-06	 2843	 iter
2169	 3.555036e-06	 2844	 iter
2170	 3.555036e-06	 2845	 iter
2171	 3.554558e-06	 2847	 iter
2172	 3.554420e-06	 2849	 iter
2173	 3.554420e-06	 2850	 iter
2174	 3.554420e-06	 2851	 iter
2175	 3.554420e-06	 2852	 iter
2176	 3.552624e-06	 2854	 iter
2177	 3.552624e-06	 2855	 iter
2178	 3.552624e-06	 2856	 iter
2179	 3.552624e-06	 2857	 iter
2180	 3.552624e-06	 2858	 iter
2181	 3.552624e-06	 2859	 iter
2182	 3.552624e-06	 2860	 iter
2183	 3.552624e-06	 2861	 iter
2184	 3.552624e-06	 2862	 iter
2185	 3.552624e-06	 2863	 iter
2186	 3.552624e-06	 2864	 iter
2187	 3.552624e-06	 2865	 iter
2188	 3.552624e-06	 2866	 iter
2189	 3.552624e-06	 2867	 iter
2190	 3.551668e-06	 2869	 iter
2191	 3.550705e-06	 2871	 iter
2192	 3.550705e-06	 2872	 iter
2193	 3.550705e-06	 2873	 iter
2194	 3.550705e-06	 2874	 iter
2195	 3.550705e-06	 2875	 iter
2196	 3.550646e-06	 2877	 iter
2197	 3.549524e-06	 2879	 iter
2198	 3.549524e-06	 2880	 iter
2199	 3.549524e-06	 2881	 iter
2200	 3.549524e-06	 2882	 iter
2201	 3.549524e-06	 2883	 iter
2202	 3.549524e-06	 2884	 iter
2203	 3.549524e-06	 2885	 iter
2204	 3.549256e-06	 2887	 iter
2205	 3.549256e-06	 2888	 iter
2206	 3.549256e-06	 2889	 iter
2207	 3.549256e-06	 2890	 iter
2208	 3.549245e-06	 2892	 iter
2209	 3.547504e-06	 2894	 iter
2210	 3.547504e-06	 2895	 iter
2211	 3.547504e-06	 2896	 iter
2212	 3.547504e-06	 2897	 iter
2213	 3.545293e-06	 2899	 iter
2214	 3.545293e-06	 2900	 iter
2215	 3.545293e-06	 2901	 iter
2216	 3.545293e-06	 2902	 iter
2217	 3.545293e-06	 2903	 iter
2218	 3.545293e-06	 2904	 iter
2219	 3.545293e-06	 2905	 iter
2220	 3.545293e-06	 2906	 iter
2221	 3.545293e-06	 2907	 iter
2222	 3.544495e-06	 2909	 iter
2223	 3.544495e-06	 2910	 iter
2224	 3.544495e-06	 2911	 iter
2225	 3.543712e-06	 2913	 iter
2226	 3.543712e-06	 2914	 iter
2227	 3.543470e-06	 2916	 iter
2228	 3.543470e-06	 2917	 iter
2229	 3.543470e-06	 2918	 iter
2230	 3.543470e-06	 2919	 iter
2231	 3.543341e-06	 2921	 iter
2232	 3.543341e-06	 2922	 iter
2233	 3.543082e-06	 2924	 iter
2234	 3.542806e-06	 2926	 iter
2235	 3.542806e-06	 2927	 iter
2236	 3.542121e-06	 2929	 iter
2237	 3.542004e-06	 2931	 iter
2238	 3.541686e-06	 2933	 iter
2239	 3.541686e-06	 2934	 iter
2240	 3.539134e-06	 2936	 iter
2241	 3.539134e-06	 2937	 iter
2242	 3.539134e-06	 2938	 iter
2243	 3.539134e-06	 2939	 iter
2244	 3.538884e-06	 2941	 iter
2245	 3.535650e-06	 2943	 iter
2246	 3.535650e-06	 2944	 iter
2247	 3.535650e-06	 2945	 iter
2248	 3.535650e-06	 2946	 iter
2249	 3.535650e-06	 2947	 iter
2250	 3.535650e-06	 2948	 iter
2251	 3.535650e-06	 2949	 iter
2252	 3.535650e-06	 2950	 iter
2253	 3.535650e-06	 2951	 iter
2254	 3.535471e-06	 2953	 iter
2255	 3.534703e-06	 2955	 iter
2256	 3.534703e-06	 2956	 iter
2257	 3.533640e-06	 2958	 iter
2258	 3.532113e-06	 2960	 iter
2259	 3.532113e-06	 2961	 iter
2260	 3.532113e-06	 2962	 iter
2261	 3.532113e-06	 2963	 iter
2262	 3.532113e-06	 2964	 iter
2263	 3.532113e-06	 2965	 iter
2264	 3.527099e-06	 2967	 iter
2265	 3.527099e-06	 2968	 iter
2266	 3.527099e-06	 2969	 iter
2267	 3.527099e-06	 2970	 iter
2268	 3.527099e-06	 2971	 iter
2269	 3.525679e-06	 2973	 iter
2270	 3.525679e-06	 2974	 iter
2271	 3.525679e-06	 2975	 iter
2272	 3.525679e-06	 2976	 iter
2273	 3.525089e-06	 2978	 iter
2274	 3.524320e-06	 2980	 iter
2275	 3.523781e-06	 2982	 iter
2276	 3.523781e-06	 2983	 iter
2277	 3.523781e-06	 2984	 iter
2278	 3.521428e-06	 2986	 iter
2279	 3.521013e-06	 2988	 iter
2280	 3.516003e-06	 2990	 iter
2281	 3.516003e-06	 2991	 iter
2282	 3.516003e-06	 2992	 iter
2283	 3.516003e-06	 2993	 iter
2284	 3.516003e-06	 2994	 iter
2285	 3.513826e-06	 2996	 iter
2286	 3.513826e-06	 2997	 iter
2287	 3.513826e-06	 2998	 iter
2288	 3.513826e-06	 2999	 iter
2289	 3.513826e-06	 3000	 iter
2290	 3.513826e-06	 3001	 iter
2291	 3.513826e-06	 3002	 iter
2292	 3.505736e-06	 3004	 iter
2293	 3.498709e-06	 3006	 iter
2294	 3.498709e-06	 3007	 iter
2295	 3.498709e-06	 3008	 iter
2296	 3.498709e-06	 3009	 iter
2297	 3.498709e-06	 3010	 iter
2298	 3.498709e-06	 3011	 iter
2299	 3.498709e-06	 3012	 iter
2300	 3.498709e-06	 3013	 iter
2301	 3.498709e-06	 3014	 iter
2302	 3.498709e-06	 3015	 iter
2303	 3.494416e-06	 3017	 iter
2304	 3.494416e-06	 3018	 iter
2305	 3.494416e-06	 3019	 iter
2306	 3.494128e-06	 3021	 iter
2307	 3.494128e-06	 3022	 iter
2308	 3.491002e-06	 3024	 iter
2309	 3.491002e-06	 3025	 iter
2310	 3.491002e-06	 3026	 iter
2311	 3.490029e-06	 3028	 iter
2312	 3.490029e-06	 3029	 iter
2313	 3.484440e-06	 3031	 iter
2314	 3.484440e-06	 3032	 iter
2315	 3.479740e-06	 3034	 iter
2316	 3.479740e-06	 3035	 iter
2317	 3.479740e-06	 3036	 iter
2318	 3.479740e-06	 3037	 iter
2319	 3.479740e-06	 3038	 iter
2320	 3.479740e-06	 3039	 iter
2321	 3.479740e-06	 3040	 iter
2322	 3.479740e-06	 3041	 iter
2323	 3.465155e-06	 3043	 iter
2324	 3.465155e-06	 3044	 iter
2325	 3.465155e-06	 3045	 iter
2326	 3.465155e-06	 3046	 iter
2327	 3.465155e-06	 3047	 iter
2328	 3.465155e-06	 3048	 iter
2329	 3.465155e-06	 3049	 iter
2330	 3.455494e-06	 3051	 iter
2331	 3.455494e-06	 3052	 iter
2332	 3.455494e-06	 3053	 iter
2333	 3.455494e-06	 3054	 iter
2334	 3.455494e-06	 3055	 iter
2335	 3.455494e-06	 3056	 iter
2336	 3.455494e-06	 3057	 iter
2337	 3.455494e-06	 3058	 iter
2338	 3.455494e-06	 3059	 iter
2339	 3.455494e-06	 3060	 iter
2340	 3.453960e-06	 3062	 iter
2341	 3.451677e-06	 3064	 iter
2342	 3.451677e-06	 3065	 iter
2343	 3.451677e-06	 3066	 iter
2344	 3.451677e-06	 3067	 iter
2345	 3.451677e-06	 3068	 iter
2346	 3.448080e-06	 3070	 iter
2347	 3.439350e-06	 3072	 iter
2348	 3.439350e-06	 3073	 iter
2349	 3.439350e-06	 3074	 iter
2350	 3.439350e-06	 3075	 iter
2351	 3.439350e-06	 3076	 iter
2352	 3.439350e-06	 3077	 iter
2353	 3.436358e-06	 3079	 iter
2354	 3.436358e-06	 3080	 iter
2355	 3.436358e-06	 3081	 iter
2356	 3.432355e-06	 3083	 iter
2357	 3.432355e-06	 3084	 iter
2358	 3.432355e-06	 3085	 iter
2359	 3.432355e-06	 3086	 iter
2360	 3.430813e-06	 3088	 iter
2361	 3.417160e-06	 3090	 iter
2362	 3.417160e-06	 3091	 iter
2363	 3.417160e-06	 3092	 iter
2364	 3.417160e-06	 3093	 iter
2365	 3.417160e-06	 3094	 iter
2366	 3.415857e-06	 3096	 iter
2367	 3.415857e-06	 3097	 iter
2368	 3.415857e-06	 3098	 iter
2369	 3.415857e-06	 3099	 iter
2370	 3.414456e-06	 3101	 iter
2371	 3.414456e-06	 3102	 iter
2372	 3.414456e-06	 3103	 iter
2373	 3.414456e-06	 3104	 iter
2374	 3.411312e-06	 3106	 iter
2375	 3.386146e-06	 3108	 iter
2376	 3.386146e-06	 3109	 iter
2377	 3.386146e-06	 3110	 iter
2378	 3.386146e-06	 3111	 iter
2379	 3.386146e-06	 3112	 iter
2380	 3.386146e-06	 3113	 iter
2381	 3.386146e-06	 3114	 iter
2382	 3.386146e-06	 3115	 iter
2383	 3.386146e-06	 3116	 iter
2384	 3.386146e-06	 3117	 iter
2385	 3.386146e-06	 3118	 iter
2386	 3.382935e-06	 3120	 iter
2387	 3.382935e-06	 3121	 iter
2388	 3.382935e-06	 3122	 iter
2389	 3.381938e-06	 3124	 iter
2390	 3.372809e-06	 3126	 iter
2391	 3.371073e-06	 3128	 iter
2392	 3.337275e-06	 3130	 iter
2393	 3.337275e-06	 3131	 iter
2394	 3.337275e-06	 3132	 iter
2395	 3.337275e-06	 3133	 iter
2396	 3.337275e-06	 3134	 iter
2397	 3.337275e-06	 3135	 iter
2398	 3.337275e-06	 3136	 iter
2399	 3.337275e-06	 3137	 iter
2400	 3.330047e-06	 3139	 iter
2401	 3.330047e-06	 3140	 iter
2402	 3.330047e-06	 3141	 iter
2403	 3.328299e-06	 3143	 iter
2404	 3.321378e-06	 3145	 iter
2405	 3.287842e-06	 3147	 iter
2406	 3.287842e-06	 3148	 iter
2407	 3.287842e-06	 3149	 iter
2408	 3.287842e-06	 3150	 iter
2409	 3.287842e-06	 3151	 iter
2410	 3.287842e-06	 3152	 iter
2411	 3.285668e-06	 3154	 iter
2412	 3.262160e-06	 3156	 iter
2413	 3.262160e-06	 3157	 iter
2414	 3.262160e-06	 3158	 iter
2415	 3.262160e-06	 3159	 iter
2416	 3.252347e-06	 3161	 iter
2417	 3.252347e-06	 3162	 iter
2418	 3.208847e-06	 3164	 iter
2419	 3.208847e-06	 3165	 iter
2420	 3.208847e-06	 3166	 iter
2421	 3.208847e-06	 3167	 iter
2422	 3.190413e-06	 3169	 iter
2423	 3.190413e-06	 3170	 iter
2424	 3.190413e-06	 3171	 iter
2425	 3.190413e-06	 3172	 iter
2426	 3.189260e-06	 3174	 iter
2427	 3.189260e-06	 3175	 iter
2428	 3.189260e-06	 3176	 iter
2429	 3.145729e-06	 3178	 iter
2430	 3.145729e-06	 3179	 iter
2431	 3.099311e-06	 3181	 iter
2432	 3.099311e-06	 3182	 iter
2433	 3.099311e-06	 3183	 iter
2434	 3.099311e-06	 3184	 iter
2435	 3.099311e-06	 3185	 iter
2436	 3.099311e-06	 3186	 iter
2437	 3.099311e-06	 3187	 iter
2438	 3.055086e-06	 3189	 iter
2439	 3.055086e-06	 3190	 iter
2440	 3.055086e-06	 3191	 iter
2441	 3.055086e-06	 3192	 iter
2442	 3.055086e-06	 3193	 iter
2443	 2.986969e-06	 3195	 iter
2444	 2.986969e-06	 3196	 iter
2445	 2.986969e-06	 3197	 iter
2446	 2.986969e-06	 3198	 iter
2447	 2.986969e-06	 3199	 iter
2448	 2.986969e-06	 3200	 iter
2449	 2.986969e-06	 3201	 iter
2450	 2.986969e-06	 3202	 iter
2451	 2.986969e-06	 3203	 iter
2452	 2.986969e-06	 3204	 iter
2453	 2.966544e-06	 3206	 iter
2454	 2.966544e-06	 3207	 iter
2455	 2.966544e-06	 3208	 iter
2456	 2.961696e-06	 3210	 iter
2457	 2.948863e-06	 3212	 iter
2458	 2.948863e-06	 3213	 iter
2459	 2.948863e-06	 3214	 iter
2460	 2.938987e-06	 3216	 iter
2461	 2.938987e-06	 3217	 iter
2462	 2.868878e-06	 3219	 iter
2463	 2.868878e-06	 3220	 iter
2464	 2.868878e-06	 3221	 iter
2465	 2.868878e-06	 3222	 iter
2466	 2.868878e-06	 3223	 iter
2467	 2.868426e-06	 3225	 iter
2468	 2.868426e-06	 3226	 iter
2469	 2.868426e-06	 3227	 iter
2470	 2.843848e-06	 3229	 iter
2471	 2.843848e-06	 3230	 iter
2472	 2.843848e-06	 3231	 iter
2473	 2.843848e-06	 3232	 iter
2474	 2.774695e-06	 3234	 iter
2475	 2.774695e-06	 3235	 iter
2476	 2.774695e-06	 3236	 iter
2477	 2.774695e-06	 3237	 iter
2478	 2.774695e-06	 3238	 iter
2479	 2.682346e-06	 3240	 iter
2480	 2.682346e-06	 3241	 iter
2481	 2.682346e-06	 3242	 iter
2482	 2.682346e-06	 3243	 iter
2483	 2.682346e-06	 3244	 iter
2484	 2.682346e-06	 3245	 iter
2485	 2.682346e-06	 3246	 iter
2486	 2.682346e-06	 3247	 iter
2487	 2.682346e-06	 3248	 iter
2488	 2.682346e-06	 3249	 iter
2489	 2.682346e-06	 3250	 iter
2490	 2.682346e-06	 3251	 iter
2491	 2.682346e-06	 3252	 iter
2492	 2.682346e-06	 3253	 iter
2493	 2.676785e-06	 3255	 iter
2494	 2.676785e-06	 3256	 iter
2495	 2.676785e-06	 3257	 iter
2496	 2.630725e-06	 3259	 iter
2497	 2.630725e-06	 3260	 iter
2498	 2.630725e-06	 3261	 iter
2499	 2.630725e-06	 3262	 iter
2500	 2.625338e-06	 3264	 iter
2501	 2.625338e-06	 3265	 iter
2502	 2.615017e-06	 3267	 iter
2503	 2.615017e-06	 3268	 iter
2504	 2.612029e-06	 3270	 iter
2505	 2.612029e-06	 3271	 iter
2506	 2.612029e-06	 3272	 iter
2507	 2.612029e-06	 3273	 iter
2508	 2.612029e-06	 3274	 iter
2509	 2.587128e-06	 3276	 iter
2510	 2.581864e-06	 3278	 iter
2511	 2.581864e-06	 3279	 iter
2512	 2.581864e-06	 3280	 iter
2513	 2.581864e-06	 3281	 iter
2514	 2.581864e-06	 3282	 iter
2515	 2.581864e-06	 3284	 iter
2516	 2.552364e-06	 3286	 iter
2517	 2.511587e-06	 3288	 iter
2518	 2.511587e-06	 3289	 iter
2519	 2.511587e-06	 3290	 iter
2520	 2.511587e-06	 3291	 iter
2521	 2.511587e-06	 3292	 iter
2522	 2.511587e-06	 3294	 iter
2523	 2.511587e-06	 3295	 iter
2524	 2.511587e-06	 3296	 iter
2525	 2.511587e-06	 3297	 iter
2526	 2.511587e-06	 3298	 iter
2527	 2.511587e-06	 3299	 iter
2528	 2.511587e-06	 3300	 iter
2529	 2.505940e-06	 3302	 iter
2530	 2.425014e-06	 3304	 iter
2531	 2.425014e-06	 3305	 iter
2532	 2.425014e-06	 3306	 iter
2533	 2.425014e-06	 3307	 iter
2534	 2.425014e-06	 3308	 iter
2535	 2.425014e-06	 3309	 iter
2536	 2.425014e-06	 3310	 iter
2537	 2.417415e-06	 3312	 iter
2538	 2.417415e-06	 3313	 iter
2539	 2.417415e-06	 3314	 iter
2540	 2.417415e-06	 3315	 iter
2541	 2.417415e-06	 3316	 iter
2542	 2.417415e-06	 3317	 iter
2543	 2.417415e-06	 3318	 iter
2544	 2.326928e-06	 3320	 iter
2545	 2.326928e-06	 3321	 iter
2546	 2.326928e-06	 3322	 iter
2547	 2.326928e-06	 3323	 iter
2548	 2.326928e-06	 3324	 iter
2549	 2.326928e-06	 3325	 iter
2550	 2.326928e-06	 3326	 iter
2551	 2.326928e-06	 3327	 iter
2552	 2.326928e-06	 3328	 iter
2553	 2.326928e-06	 3329	 iter
2554	 2.326928e-06	 3330	 iter
2555	 2.326928e-06	 3331	 iter
2556	 2.326928e-06	 3332	 iter
2557	 2.326928e-06	 3333	 iter
2558	 2.326928e-06	 3334	 iter
2559	 2.326928e-06	 3335	 iter
2560	 2.326928e-06	 3336	 iter
2561	 2.326928e-06	 3337	 iter
2562	 2.326928e-06	 3338	 iter
2563	 2.326928e-06	 3339	 iter
2564	 2.278394e-06	 3341	 iter
2565	 2.278394e-06	 3342	 iter
2566	 2.272364e-06	 3344	 iter
2567	 2.272364e-06	 3345	 iter
2568	 2.272364e-06	 3346	 iter
2569	 2.220344e-06	 3348	 iter
2570	 2.220344e-06	 3349	 iter
2571	 2.220344e-06	 3350	 iter
2572	 2.220344e-06	 3352	 iter
2573	 2.220344e-06	 3353	 iter
2574	 2.220344e-06	 3354	 iter
2575	 2.220344e-06	 3355	 iter
2576	 2.220344e-06	 3356	 iter
2577	 2.220344e-06	 3357	 iter
2578	 2.220344e-06	 3358	 iter
2579	 2.220344e-06	 3359	 iter
2580	 2.220344e-06	 3360	 iter
2581	 2.214573e-06	 3362	 iter
2582	 2.180771e-06	 3364	 iter
2583	 2.170930e-06	 3366	 iter
2584	 2.170930e-06	 3367	 iter
2585	 2.170930e-06	 3368	 iter
2586	 2.170930e-06	 3369	 iter
2587	 2.170930e-06	 3370	 iter
2588	 2.170930e-06	 3371	 iter
2589	 2.170930e-06	 3373	 iter
2590	 2.168523e-06	 3375	 iter
2591	 2.168523e-06	 3376	 iter
2592	 2.168523e-06	 3377	 iter
2593	 2.164988e-06	 3379	 iter
2594	 2.164988e-06	 3380	 iter
2595	 2.126803e-06	 3382	 iter
2596	 2.126803e-06	 3383	 iter
2597	 2.126803e-06	 3384	 iter
2598	 2.126803e-06	 3385	 iter
2599	 2.126803e-06	 3386	 iter
2600	 2.126803e-06	 3387	 iter
2601	 2.126803e-06	 3389	 iter
2602	 2.126803e-06	 3390	 iter
2603	 2.126803e-06	 3391	 iter
2604	 2.126803e-06	 3392	 iter
2605	 2.126803e-06	 3393	 iter
2606	 2.126803e-06	 3394	 iter
2607	 2.126803e-06	 3395	 iter
2608	 2.119424e-06	 3397	 iter
2609	 2.119424e-06	 3398	 iter
2610	 2.119424e-06	 3399	 iter
2611	 2.119424e-06	 3400	 iter
2612	 2.104972e-06	 3402	 iter
2613	 2.104972e-06	 3403	 iter
2614	 2.104972e-06	 3404	 iter
2615	 2.046597e-06	 3406	 iter
2616	 2.046597e-06	 3408	 iter
2617	 2.046597e-06	 3410	 iter
2618	 2.046597e-06	 3411	 iter
2619	 2.046597e-06	 3412	 iter
2620	 2.046597e-06	 3413	 iter
2621	 2.046597e-06	 3414	 iter
2622	 2.046597e-06	 3415	 iter
2623	 2.046597e-06	 3416	 iter
2624	 2.046597e-06	 3417	 iter
2625	 2.046597e-06	 3418	 iter
2626	 2.046597e-06	 3419	 iter
2627	 2.046597e-06	 3420	 iter
2628	 2.046597e-06	 3421	 iter
2629	 2.046597e-06	 3422	 iter
2630	 2.046597e-06	 3423	 iter
2631	 2.046597e-06	 3424	 iter
2632	 2.046597e-06	 3425	 iter
2633	 2.046597e-06	 3426	 iter
2634	 2.046597e-06	 3427	 iter
2635	 2.029855e-06	 3429	 iter
2636	 2.029855e-06	 3430	 iter
2637	 2.029855e-06	 3431	 iter
2638	 2.010283e-06	 3433	 iter
2639	 2.010283e-06	 3434	 iter
2640	 2.010283e-06	 3435	 iter
2641	 2.010283e-06	 3436	 iter
2642	 2.010283e-06	 3437	 iter
2643	 2.010283e-06	 3438	 iter
2644	 2.010283e-06	 3439	 iter
2645	 2.010283e-06	 3440	 iter
2646	 2.010283e-06	 3441	 iter
2647	 2.010283e-06	 3442	 iter
2648	 2.010283e-06	 3443	 iter
2649	 2.010283e-06	 3444	 iter
2650	 2.010283e-06	 3445	 iter
2651	 1.976430e-06	 3447	 iter
2652	 1.976430e-06	 3448	 iter
2653	 1.976430e-06	 3449	 iter
2654	 1.976430e-06	 3450	 iter
2655	 1.976430e-06	 3451	 iter
2656	 1.976430e-06	 3452	 iter
2657	 1.976430e-06	 3453	 iter
2658	 1.976430e-06	 3454	 iter
2659	 1.976430e-06	 3455	 iter
2660	 1.976430e-06	 3457	 iter
2661	 1.976430e-06	 3458	 iter
2662	 1.976430e-06	 3459	 iter
2663	 1.976430e-06	 3460	 iter
2664	 1.976430e-06	 3462	 iter
2665	 1.976430e-06	 3463	 iter
2666	 1.976430e-06	 3464	 iter
2667	 1.976430e-06	 3465	 iter
2668	 1.962641e-06	 3467	 iter
2669	 1.956031e-06	 3469	 iter
2670	 1.956031e-06	 3471	 iter
2671	 1.956031e-06	 3472	 iter
2672	 1.956031e-06	 3474	 iter
2673	 1.956031e-06	 3475	 iter
2674	 1.956031e-06	 3476	 iter
2675	 1.956031e-06	 3478	 iter
2676	 1.956031e-06	 3479	 iter
2677	 1.949685e-06	 3481	 iter
2678	 1.949685e-06	 3482	 iter
2679	 1.949685e-06	 3484	 iter
2680	 1.936799e-06	 3486	 iter
2681	 1.936799e-06	 3487	 iter
2682	 1.936799e-06	 3488	 iter
2683	 1.913566e-06	 3490	 iter
2684	 1.913566e-06	 3492	 iter
2685	 1.913566e-06	 3494	 iter
2686	 1.913566e-06	 3495	 iter
2687	 1.913566e-06	 3497	 iter
2688	 1.913566e-06	 3498	 iter
2689	 1.913566e-06	 3499	 iter
2690	 1.913566e-06	 3500	 iter
2691	 1.913566e-06	 3501	 iter
2692	 1.913566e-06	 3502	 iter
2693	 1.913566e-06	 3503	 iter
2694	 1.913566e-06	 3504	 iter
2695	 1.912686e-06	 3506	 iter
2696	 1.912686e-06	 3507	 iter
2697	 1.912686e-06	 3508	 iter
2698	 1.912686e-06	 3509	 iter
2699	 1.912686e-06	 3510	 iter
2700	 1.899394e-06	 3512	 iter
2701	 1.891763e-06	 3514	 iter
2702	 1.891763e-06	 3515	 iter
2703	 1.891763e-06	 3516	 iter
2704	 1.891763e-06	 3517	 iter
2705	 1.891763e-06	 3518	 iter
2706	 1.891763e-06	 3520	 iter
2707	 1.891763e-06	 3521	 iter
2708	 1.891763e-06	 3522	 iter
2709	 1.891763e-06	 3523	 iter
2710	 1.891763e-06	 3524	 iter
2711	 1.891763e-06	 3525	 iter
2712	 1.891763e-06	 3526	 iter
2713	 1.891763e-06	 3528	 iter
2714	 1.891763e-06	 3529	 iter
2715	 1.891763e-06	 3530	 iter
2716	 1.889368e-06	 3532	 iter
2717	 1.889368e-06	 3533	 iter
2718	 1.883344e-06	 3535	 iter
2719	 1.883344e-06	 3536	 iter
2720	 1.883344e-06	 3538	 iter
2721	 1.883344e-06	 3539	 iter
2722	 1.874041e-06	 3541	 iter
2723	 1.874041e-06	 3542	 iter
2724	 1.874041e-06	 3543	 iter
2725	 1.874041e-06	 3544	 iter
2726	 1.874041e-06	 3545	 iter
2727	 1.874041e-06	 3546	 iter
2728	 1.874041e-06	 3547	 iter
2729	 1.874041e-06	 3548	 iter
2730	 1.874041e-06	 3549	 iter
2731	 1.874041e-06	 3551	 iter
2732	 1.874041e-06	 3552	 iter
2733	 1.874041e-06	 3553	 iter
2734	 1.874041e-06	 3554	 iter
2735	 1.874041e-06	 3555	 iter
2736	 1.874041e-06	 3557	 iter
2737	 1.874041e-06	 3558	 iter
2738	 1.872828e-06	 3560	 iter
2739	 1.872828e-06	 3561	 iter
2740	 1.871485e-06	 3563	 iter
2741	 1.871485e-06	 3564	 iter
2742	 1.871485e-06	 3565	 iter
2743	 1.871485e-06	 3567	 iter
2744	 1.871485e-06	 3568	 iter
2745	 1.871485e-06	 3570	 iter
2746	 1.871485e-06	 3571	 iter
2747	 1.863700e-06	 3573	 iter
2748	 1.863700e-06	 3575	 iter
2749	 1.863700e-06	 3577	 iter
2750	 1.863700e-06	 3579	 iter
2751	 1.863700e-06	 3580	 iter
2752	 1.863700e-06	 3581	 iter
2753	 1.861182e-06	 3583	 iter
2754	 1.861182e-06	 3584	 iter
2755	 1.858223e-06	 3586	 iter
2756	 1.858223e-06	 3587	 iter
2757	 1.858223e-06	 3588	 iter
2758	 1.858223e-06	 3589	 iter
2759	 1.856464e-06	 3591	 iter
2760	 1.856464e-06	 3592	 iter
2761	 1.856464e-06	 3594	 iter
2762	 1.856464e-06	 3595	 iter
2763	 1.853306e-06	 3597	 iter
2764	 1.851886e-06	 3599	 iter
2765	 1.851886e-06	 3600	 iter
2766	 1.851886e-06	 3601	 iter
2767	 1.851886e-06	 3602	 iter
2768	 1.851886e-06	 3603	 iter
2769	 1.851886e-06	 3604	 iter
2770	 1.851886e-06	 3605	 iter
2771	 1.851886e-06	 3606	 iter
2772	 1.848870e-06	 3608	 iter
2773	 1.848870e-06	 3609	 iter
2774	 1.848870e-06	 3611	 iter
2775	 1.843529e-06	 3613	 iter
2776	 1.843529e-06	 3614	 iter
2777	 1.843529e-06	 3616	 iter
2778	 1.843529e-06	 3617	 iter
2779	 1.843529e-06	 3618	 iter
2780	 1.843529e-06	 3619	 iter
2781	 1.842971e-06	 3621	 iter
2782	 1.835166e-06	 3623	 iter
2783	 1.835166e-06	 3624	 iter
2784	 1.835166e-06	 3626	 iter
2785	 1.835166e-06	 3627	 iter
2786	 1.835166e-06	 3628	 iter
2787	 1.835166e-06	 3629	 iter
2788	 1.835166e-06	 3630	 iter
2789	 1.835166e-06	 3632	 iter
2790	 1.835166e-06	 3633	 iter
2791	 1.835166e-06	 3634	 iter
2792	 1.835166e-06	 3635	 iter
2793	 1.835166e-06	 3636	 iter
2794	 1.835166e-06	 3638	 iter
2795	 1.830586e-06	 3640	 iter
2796	 1.830586e-06	 3641	 iter
2797	 1.830586e-06	 3642	 iter
2798	 1.830586e-06	 3643	 iter
2799	 1.830586e-06	 3644	 iter
2800	 1.825793e-06	 3646	 iter
2801	 1.825793e-06	 3647	 iter
2802	 1.825793e-06	 3648	 iter
2803	 1.825793e-06	 3649	 iter
2804	 1.818383e-06	 3651	 iter
2805	 1.818383e-06	 3652	 iter
2806	 1.818383e-06	 3653	 iter
2807	 1.818383e-06	 3654	 iter
2808	 1.818383e-06	 3655	 iter
2809	 1.818383e-06	 3656	 iter
2810	 1.818020e-06	 3658	 iter
2811	 1.818020e-06	 3659	 iter
2812	 1.815560e-06	 3661	 iter
2813	 1.814109e-06	 3663	 iter
2814	 1.809849e-06	 3665	 iter
2815	 1.805650e-06	 3667	 iter
2816	 1.805035e-06	 3669	 iter
2817	 1.805035e-06	 3670	 iter
2818	 1.805035e-06	 3671	 iter
2819	 1.805035e-06	 3672	 iter
2820	 1.801542e-06	 3674	 iter
2821	 1.801542e-06	 3675	 iter
2822	 1.801542e-06	 3676	 iter
2823	 1.801542e-06	 3677	 iter
2824	 1.784217e-06	 3679	 iter
2825	 1.784217e-06	 3680	 iter
2826	 1.784217e-06	 3681	 iter
2827	 1.784217e-06	 3682	 iter
2828	 1.784217e-06	 3683	 iter
2829	 1.784217e-06	 3684	 iter
2830	 1.784217e-06	 3685	 iter
2831	 1.784217e-06	 3686	 iter
2832	 1.784217e-06	 3687	 iter
2833	 1.784217e-06	 3688	 iter
2834	 1.784217e-06	 3689	 iter
2835	 1.784217e-06	 3690	 iter
2836	 1.784217e-06	 3691	 iter
2837	 1.778329e-06	 3693	 iter
2838	 1.778329e-06	 3694	 iter
2839	 1.778329e-06	 3695	 iter
2840	 1.778329e-06	 3696	 iter
2841	 1.759890e-06	 3698	 iter
2842	 1.759890e-06	 3699	 iter
2843	 1.759890e-06	 3700	 iter
2844	 1.759890e-06	 3701	 iter
2845	 1.759890e-06	 3702	 iter
2846	 1.759890e-06	 3703	 iter
2847	 1.759890e-06	 3704	 iter
2848	 1.759890e-06	 3706	 iter
2849	 1.759890e-06	 3707	 iter
2850	 1.759890e-06	 3708	 iter
2851	 1.759890e-06	 3709	 iter
2852	 1.759890e-06	 3710	 iter
2853	 1.759890e-06	 3711	 iter
2854	 1.759890e-06	 3712	 iter
2855	 1.757957e-06	 3714	 iter
2856	 1.757957e-06	 3715	 iter
2857	 1.757957e-06	 3716	 iter
2858	 1.757320e-06	 3718	 iter
2859	 1.739112e-06	 3720	 iter
2860	 1.739112e-06	 3721	 iter
2861	 1.739112e-06	 3722	 iter
2862	 1.739112e-06	 3723	 iter
2863	 1.739112e-06	 3724	 iter
2864	 1.739112e-06	 3725	 iter
2865	 1.739112e-06	 3726	 iter
2866	 1.733248e-06	 3728	 iter
2867	 1.733248e-06	 3729	 iter
2868	 1.733248e-06	 3730	 iter
2869	 1.733248e-06	 3731	 iter
2870	 1.731624e-06	 3733	 iter
2871	 1.731624e-06	 3734	 iter
2872	 1.722443e-06	 3736	 iter
2873	 1.722443e-06	 3737	 iter
2874	 1.722443e-06	 3738	 iter
2875	 1.722443e-06	 3739	 iter
2876	 1.720887e-06	 3741	 iter
2877	 1.720887e-06	 3742	 iter
2878	 1.720887e-06	 3743	 iter
2879	 1.716623e-06	 3745	 iter
2880	 1.697684e-06	 3747	 iter
2881	 1.697684e-06	 3748	 iter
2882	 1.697684e-06	 3749	 iter
2883	 1.697684e-06	 3750	 iter
2884	 1.697684e-06	 3751	 iter
2885	 1.697684e-06	 3752	 iter
2886	 1.697684e-06	 3753	 iter
2887	 1.697684e-06	 3754	 iter
2888	 1.697684e-06	 3755	 iter
2889	 1.697684e-06	 3756	 iter
2890	 1.697684e-06	 3757	 iter
2891	 1.695252e-06	 3759	 iter
2892	 1.695252e-06	 3760	 iter
2893	 1.690384e-06	 3762	 iter
2894	 1.690384e-06	 3763	 iter
2895	 1.683106e-06	 3765	 iter
2896	 1.683106e-06	 3766	 iter
2897	 1.683106e-06	 3767	 iter
2898	 1.683106e-06	 3768	 iter
2899	 1.683106e-06	 3769	 iter
2900	 1.683106e-06	 3770	 iter
2901	 1.683106e-06	 3771	 iter
2902	 1.681286e-06	 3773	 iter
2903	 1.681286e-06	 3774	 iter
2904	 1.681286e-06	 3775	 iter
2905	 1.681286e-06	 3777	 iter
2906	 1.681286e-06	 3778	 iter
2907	 1.681286e-06	 3779	 iter
2908	 1.681286e-06	 3780	 iter
2909	 1.681286e-06	 3781	 iter
2910	 1.681286e-06	 3782	 iter
2911	 1.679692e-06	 3784	 iter
2912	 1.679692e-06	 3786	 iter
2913	 1.679692e-06	 3787	 iter
2914	 1.679692e-06	 3788	 iter
2915	 1.679692e-06	 3790	 iter
2916	 1.679692e-06	 3791	 iter
2917	 1.679692e-06	 3792	 iter
2918	 1.679692e-06	 3793	 iter
2919	 1.666304e-06	 3795	 iter
2920	 1.666304e-06	 3796	 iter
2921	 1.666304e-06	 3797	 iter
2922	 1.666304e-06	 3798	 iter
2923	 1.666304e-06	 3799	 iter
2924	 1.666304e-06	 3800	 iter
2925	 1.666304e-06	 3801	 iter
2926	 1.666304e-06	 3802	 iter
2927	 1.666304e-06	 3803	 iter
2928	 1.666304e-06	 3804	 iter
2929	 1.666304e-06	 3806	 iter
2930	 1.666304e-06	 3807	 iter
2931	 1.666304e-06	 3808	 iter
2932	 1.666304e-06	 3809	 iter
2933	 1.664268e-06	 3811	 iter
2934	 1.664268e-06	 3812	 iter
2935	 1.664268e-06	 3813	 iter
2936	 1.662671e-06	 3815	 iter
2937	 1.662671e-06	 3816	 iter
2938	 1.662186e-06	 3818	 iter
2939	 1.662186e-06	 3819	 iter
2940	 1.662186e-06	 3820	 iter
2941	 1.658946e-06	 3822	 iter
2942	 1.658946e-06	 3824	 iter
2943	 1.658946e-06	 3826	 iter
2944	 1.658946e-06	 3827	 iter
2945	 1.658946e-06	 3828	 iter
2946	 1.656234e-06	 3830	 iter
2947	 1.656234e-06	 3831	 iter
2948	 1.656234e-06	 3832	 iter
2949	 1.656234e-06	 3833	 iter
2950	 1.655400e-06	 3835	 iter
2951	 1.652420e-06	 3837	 iter
2952	 1.652420e-06	 3838	 iter
2953	 1.652420e-06	 3839	 iter
2954	 1.652420e-06	 3841	 iter
2955	 1.652420e-06	 3842	 iter
2956	 1.651365e-06	 3844	 iter
2957	 1.651365e-06	 3845	 iter
2958	 1.651365e-06	 3846	 iter
2959	 1.651365e-06	 3847	 iter
2960	 1.651365e-06	 3849	 iter
2961	 1.651365e-06	 3850	 iter
2962	 1.641680e-06	 3852	 iter
2963	 1.641680e-06	 3853	 iter
2964	 1.641680e-06	 3854	 iter
2965	 1.641680e-06	 3855	 iter
2966	 1.641680e-06	 3856	 iter
2967	 1.641680e-06	 3858	 iter
2968	 1.641680e-06	 3859	 iter
2969	 1.641680e-06	 3860	 iter
2970	 1.641680e-06	 3861	 iter
2971	 1.641680e-06	 3862	 iter
2972	 1.641680e-06	 3863	 iter
2973	 1.641680e-06	 3865	 iter
2974	 1.641623e-06	 3867	 iter
2975	 1.641623e-06	 3868	 iter
2976	 1.639467e-06	 3870	 iter
2977	 1.639467e-06	 3871	 iter
2978	 1.639467e-06	 3872	 iter
2979	 1.639467e-06	 3873	 iter
2980	 1.639467e-06	 3874	 iter
2981	 1.638356e-06	 3876	 iter
2982	 1.636440e-06	 3878	 iter
2983	 1.635932e-06	 3880	 iter
2984	 1.634228e-06	 3882	 iter
2985	 1.634228e-06	 3883	 iter
2986	 1.634228e-06	 3884	 iter
2987	 1.622080e-06	 3886	 iter
2988	 1.622080e-06	 3887	 iter
2989	 1.622080e-06	 3888	 iter
2990	 1.622080e-06	 3889	 iter
2991	 1.622080e-06	 3890	 iter
2992	 1.622080e-06	 3891	 iter
2993	 1.622080e-06	 3892	 iter
2994	 1.622080e-06	 3893	 iter
2995	 1.622080e-06	 3894	 iter
2996	 1.622080e-06	 3895	 iter
2997	 1.622080e-06	 3896	 iter
2998	 1.622080e-06	 3897	 iter
2999	 1.619700e-06	 3899	 iter
3000	 1.619700e-06	 3900	 iter
3001	 1.619381e-06	 3902	 iter
3002	 1.619381e-06	 3903	 iter
3003	 1.619381e-06	 3904	 iter
3004	 1.619381e-06	 3905	 iter
3005	 1.619381e-06	 3906	 iter
3006	 1.617727e-06	 3908	 iter
3007	 1.617727e-06	 3909	 iter
3008	 1.617727e-06	 3910	 iter
3009	 1.617727e-06	 3911	 iter
3010	 1.617727e-06	 3912	 iter
3011	 1.617727e-06	 3914	 iter
3012	 1.615509e-06	 3916	 iter
3013	 1.615509e-06	 3917	 iter
3014	 1.615509e-06	 3918	 iter
3015	 1.615509e-06	 3919	 iter
3016	 1.615509e-06	 3920	 iter
3017	 1.615509e-06	 3922	 iter
3018	 1.615509e-06	 3923	 iter
3019	 1.613279e-06	 3925	 iter
3020	 1.613279e-06	 3926	 iter
3021	 1.613279e-06	 3927	 iter
3022	 1.613279e-06	 3928	 iter
3023	 1.612959e-06	 3930	 iter
3024	 1.610358e-06	 3932	 iter
3025	 1.610358e-06	 3933	 iter
3026	 1.610358e-06	 3934	 iter
3027	 1.610358e-06	 3936	 iter
3028	 1.610358e-06	 3937	 iter
3029	 1.610358e-06	 3938	 iter
3030	 1.610358e-06	 3939	 iter
3031	 1.610358e-06	 3940	 iter
3032	 1.610358e-06	 3941	 iter
3033	 1.610358e-06	 3942	 iter
3034	 1.610358e-06	 3944	 iter
3035	 1.610215e-06	 3946	 iter
3036	 1.610215e-06	 3947	 iter
3037	 1.610215e-06	 3948	 iter
3038	 1.609428e-06	 3950	 iter
3039	 1.609428e-06	 3951	 iter
3040	 1.609428e-06	 3952	 iter
3041	 1.609428e-06	 3953	 iter
3042	 1.609428e-06	 3955	 iter
3043	 1.609428e-06	 3956	 iter
3044	 1.606759e-06	 3958	 iter
3045	 1.606759e-06	 3959	 iter
3046	 1.606759e-06	 3960	 iter
3047	 1.606759e-06	 3962	 iter
3048	 1.606759e-06	 3963	 iter
3049	 1.604302e-06	 3965	 iter
3050	 1.604302e-06	 3966	 iter
3051	 1.604302e-06	 3967	 iter
3052	 1.604302e-06	 3968	 iter
3053	 1.604302e-06	 3969	 iter
3054	 1.604302e-06	 3970	 iter
3055	 1.604302e-06	 3971	 iter
3056	 1.604302e-06	 3972	 iter
3057	 1.604302e-06	 3974	 iter
3058	 1.604302e-06	 3975	 iter
3059	 1.604302e-06	 3976	 iter
3060	 1.604302e-06	 3978	 iter
3061	 1.604302e-06	 3979	 iter
3062	 1.604302e-06	 3980	 iter
3063	 1.604302e-06	 3981	 iter
3064	 1.604302e-06	 3982	 iter
3065	 1.604302e-06	 3983	 iter
3066	 1.604302e-06	 3984	 iter
3067	 1.604302e-06	 3985	 iter
3068	 1.604302e-06	 3986	 iter
3069	 1.604302e-06	 3988	 iter
3070	 1.604302e-06	 3990	 iter
3071	 1.603966e-06	 3992	 iter
3072	 1.603570e-06	 3994	 iter
3073	 1.603570e-06	 3995	 iter
3074	 1.603570e-06	 3996	 iter
3075	 1.603570e-06	 3997	 iter
3076	 1.603570e-06	 3998	 iter
3077	 1.603570e-06	 3999	 iter
3078	 1.602565e-06	 4001	 iter
3079	 1.602565e-06	 4002	 iter
3080	 1.602565e-06	 4003	 iter
3081	 1.602565e-06	 4005	 iter
3082	 1.602565e-06	 4006	 iter
3083	 1.602565e-06	 4008	 iter
3084	 1.602565e-06	 4010	 iter
3085	 1.602565e-06	 4012	 iter
3086	 1.602565e-06	 4013	 iter
3087	 1.602565e-06	 4014	 iter
3088	 1.602219e-06	 4016	 iter
3089	 1.602219e-06	 4018	 iter
3090	 1.602219e-06	 4019	 iter
3091	 1.601641e-06	 4021	 iter
3092	 1.601641e-06	 4023	 iter
3093	 1.601641e-06	 4024	 iter
3094	 1.601641e-06	 4026	 iter
3095	 1.601641e-06	 4028	 iter
3096	 1.601641e-06	 4029	 iter
3097	 1.601641e-06	 4031	 iter
3098	 1.601641e-06	 4032	 iter
3099	 1.601641e-06	 4034	 iter
3100	 1.601641e-06	 4035	 iter
3101	 1.601427e-06	 4037	 iter
3102	 1.601427e-06	 4038	 iter
3103	 1.601427e-06	 4039	 iter
3104	 1.601427e-06	 4040	 iter
3105	 1.601427e-06	 4041	 iter
3106	 1.601278e-06	 4043	 iter
3107	 1.601278e-06	 4045	 iter
3108	 1.601278e-06	 4047	 iter
3109	 1.601278e-06	 4049	 iter
3110	 1.601278e-06	 4050	 iter
3111	 1.601278e-06	 4051	 iter
3112	 1.601278e-06	 4053	 iter
3113	 1.601278e-06	 4054	 iter
3114	 1.600935e-06	 4056	 iter
3115	 1.600935e-06	 4057	 iter
3116	 1.600935e-06	 4058	 iter
3117	 1.600935e-06	 4060	 iter
3118	 1.600935e-06	 4061	 iter
3119	 1.600935e-06	 4062	 iter
3120	 1.600935e-06	 4063	 iter
3121	 1.600935e-06	 4064	 iter
3122	 1.600935e-06	 4066	 iter
3123	 1.600935e-06	 4068	 iter
3124	 1.600935e-06	 4069	 iter
3125	 1.600935e-06	 4070	 iter
3126	 1.600920e-06	 4072	 iter
3127	 1.600462e-06	 4074	 iter
3128	 1.600462e-06	 4075	 iter
3129	 1.600462e-06	 4076	 iter
3130	 1.600462e-06	 4077	 iter
3131	 1.600462e-06	 4078	 iter
3132	 1.600462e-06	 4080	 iter
3133	 1.600425e-06	 4082	 iter
3134	 1.600425e-06	 4084	 iter
3135	 1.600425e-06	 4085	 iter
3136	 1.600425e-06	 4086	 iter
3137	 1.600425e-06	 4087	 iter
3138	 1.600425e-06	 4088	 iter
3139	 1.600425e-06	 4090	 iter
3140	 1.600425e-06	 4092	 iter
3141	 1.600425e-06	 4094	 iter
3142	 1.600414e-06	 4096	 iter
3143	 1.600414e-06	 4098	 iter
3144	 1.600414e-06	 4100	 iter
3145	 1.600414e-06	 4102	 iter
3146	 1.600232e-06	 4104	 iter
3147	 1.600232e-06	 4105	 iter
3148	 1.600232e-06	 4106	 iter
3149	 1.600232e-06	 4107	 iter
3150	 1.600232e-06	 4109	 iter
3151	 1.600232e-06	 4111	 iter
3152	 1.600232e-06	 4112	 iter
3153	 1.600232e-06	 4113	 iter
3154	 1.600232e-06	 4114	 iter
3155	 1.600232e-06	 4115	 iter
3156	 1.600232e-06	 4116	 iter
3157	 1.600232e-06	 4117	 iter
3158	 1.600140e-06	 4119	 iter
3159	 1.600140e-06	 4120	 iter
3160	 1.600140e-06	 4121	 iter
3161	 1.600140e-06	 4122	 iter
3162	 1.600140e-06	 4123	 iter
3163	 1.600140e-06	 4124	 iter
3164	 1.600140e-06	 4126	 iter
3165	 1.600140e-06	 4128	 iter
3166	 1.600140e-06	 4130	 iter
3167	 1.600140e-06	 4132	 iter
3168	 1.600140e-06	 4133	 iter
3169	 1.600140e-06	 4135	 iter
3170	 1.600081e-06	 4137	 iter
3171	 1.600081e-06	 4138	 iter
3172	 1.600081e-06	 4139	 iter
3173	 1.600081e-06	 4140	 iter
3174	 1.600081e-06	 4142	 iter
3175	 1.600081e-06	 4144	 iter
3176	 1.600081e-06	 4145	 iter
3177	 1.600081e-06	 4147	 iter
3178	 1.600081e-06	 4149	 iter
3179	 1.600063e-06	 4151	 iter
3180	 1.600063e-06	 4153	 iter
3181	 1.600063e-06	 4154	 iter
3182	 1.600060e-06	 4156	 iter
3183	 1.600060e-06	 4158	 iter
3184	 1.600060e-06	 4159	 iter
3185	 1.600060e-06	 4160	 iter
3186	 1.600046e-06	 4162	 iter
3187	 1.599981e-06	 4164	 iter
3188	 1.599981e-06	 4166	 iter
3189	 1.599981e-06	 4167	 iter
3190	 1.599981e-06	 4169	 iter
3191	 1.599981e-06	 4170	 iter
3192	 1.599981e-06	 4171	 iter
3193	 1.599981e-06	 4172	 iter
3194	 1.599981e-06	 4174	 iter
3195	 1.599981e-06	 4176	 iter
3196	 1.599981e-06	 4177	 iter
3197	 1.599981e-06	 4178	 iter
3198	 1.599967e-06	 4180	 iter
3199	 1.599967e-06	 4181	 iter
3200	 1.599967e-06	 4182	 iter
3201	 1.599967e-06	 4184	 iter
3202	 1.599967e-06	 4185	 iter
3203	 1.599951e-06	 4187	 iter
3204	 1.599951e-06	 4189	 iter
3205	 1.599951e-06	 4190	 iter
3206	 1.599951e-06	 4192	 iter
3207	 1.599951e-06	 4193	 iter
3208	 1.599951e-06	 4195	 iter
3209	 1.599951e-06	 4196	 iter
3210	 1.599951e-06	 4197	 iter
3211	 1.599951e-06	 4198	 iter
3212	 1.599951e-06	 4200	 iter
3213	 1.599951e-06	 4202	 iter
3214	 1.599944e-06	 4204	 iter
3215	 1.599923e-06	 4206	 iter
3216	 1.599923e-06	 4208	 iter
3217	 1.599923e-06	 4209	 iter
3218	 1.599923e-06	 4211	 iter
3219	 1.599923e-06	 4212	 iter
3220	 1.599923e-06	 4214	 iter
3221	 1.599923e-06	 4215	 iter
3222	 1.599923e-06	 4217	 iter
3223	 1.599923e-06	 4218	 iter
3224	 1.599923e-06	 4219	 iter
3225	 1.599923e-06	 4220	 iter
3226	 1.599923e-06	 4221	 iter
3227	 1.599923e-06	 4222	 iter
3228	 1.599923e-06	 4224	 iter
3229	 1.599923e-06	 4225	 iter
3230	 1.599923e-06	 4226	 iter
3231	 1.599923e-06	 4227	 iter
3232	 1.599923e-06	 4229	 iter
3233	 1.599923e-06	 4231	 iter
3234	 1.599923e-06	 4232	 iter
3235	 1.599923e-06	 4234	 iter
3236	 1.599923e-06	 4235	 iter
3237	 1.599923e-06	 4236	 iter
3238	 1.599923e-06	 4237	 iter
3239	 1.599920e-06	 4239	 iter
3240	 1.599920e-06	 4240	 iter
3241	 1.599920e-06	 4241	 iter
3242	 1.599920e-06	 4243	 iter
3243	 1.599919e-06	 4245	 iter
3243	 1.599919e-06	 4245	 done
