0	 2.427043e-33	 1	 init
0	 2.427043e-33	 1	 iter
1	 2.427043e-33	 17	 iter
2	 2.427043e-33	 19	 iter
3	 2.427043e-33	 21	 iter
4	 2.427043e-33	 23	 iter
5	 2.427043e-33	 25	 iter
6	 2.427043e-33	 27	 iter
7	 2.427043e-33	 29	 iter
8	 2.427043e-33	 31	 iter
9	 2.427043e-33	 33	 iter
10	 2.427043e-33	 34	 iter
11	 2.427043e-33	 36	 iter
12	 2.427043e-33	 38	 iter
13	 2.427043e-33	 40	 iter
14	 2.427043e-33	 42	 iter
15	 2.427043e-33	 44	 iter
16	 2.427043e-33	 46	 iter
17	 2.427043e-33	 48	 iter
18	 2.427043e-33	 50	 iter
19	 2.427043e-33	 52	 iter
20	 2.427043e-33	 54	 iter
21	 2.427043e-33	 56	 iter
22	 2.427043e-33	 58	 iter
23	 2.427043e-33	 60	 iter
24	 2.427043e-33	 62	 iter
25	 2.427043e-33	 63	 iter
26	 2.427043e-33	 65	 iter
27	 2.427043e-33	 67	 iter
28	 2.427043e-33	 69	 iter
29	 2.427043e-33	 71	 iter
30	 2.427043e-33	 73	 iter
31	 2.427043e-33	 74	 iter
32	 2.427043e-33	 76	 iter
33	 2.427043e-33	 78	 iter
34	 2.427043e-33	 79	 iter
35	 2.427043e-33	 80	 iter
36	 2.427043e-33	 81	 iter
37	 2.427043e-33	 83	 iter
38	 2.427043e-33	 84	 iter
39	 2.427043e-33	 85	 iter
40	 2.427043e-33	 87	 iter
41	 2.427043e-33	 89	 iter
42	 2.427043e-33	 91	 iter
43	 2.427043e-33	 93	 iter
44	 2.427043e-33	 95	 iter
45	 2.427043e-33	 97	 iter
46	 2.427043e-33	 99	 iter
47	 2.427043e-33	 101	 iter
48	 2.427043e-33	 103	 iter
49	 2.427043e-33	 105	 iter
50	 2.427043e-33	 107	 iter
51	 2.427043e-33	 108	 iter
52	 2.427043e-33	 110	 iter
53	 2.427043e-33	 112	 iter
54	 2.427043e-33	 113	 iter
55	 2.427043e-33	 115	 iter
56	 2.427043e-33	 117	 iter
57	 2.427043e-33	 119	 iter
58	 2.427043e-33	 121	 iter
59	 2.427043e-33	 123	 iter
60	 2.427043e-33	 125	 iter
61	 2.427043e-33	 127	 iter
62	 2.427043e-33	 129	 iter
63	 2.427043e-33	 130	 iter
64	 2.427043e-33	 131	 iter
65	 2.427043e-33	 133	 iter
66	 2.427043e-33	 135	 iter
67	 2.427043e-33	 137	 iter
68	 2.427043e-33	 138	 iter
69	 2.427043e-33	 140	 iter
70	 2.427043e-33	 142	 iter
71	 2.427043e-33	 144	 iter
72	 2.427043e-33	 145	 iter
73	 2.427043e-33	 147	 iter
74	 2.427043e-33	 149	 iter
75	 2.427043e-33	 151	 iter
76	 2.427043e-33	 152	 iter
77	 2.427043e-33	 154	 iter
78	 2.427043e-33	 156	 iter
79	 2.427043e-33	 157	 iter
80	 2.427043e-33	 158	 iter
81	 2.427043e-33	 160	 iter
82	 2.427043e-33	 162	 iter
83	 2.427043e-33	 164	 iter
84	 2.427043e-33	 166	 iter
85	 2.427043e-33	 168	 iter
86	 2.427043e-33	 169	 iter
87	 2.427043e-33	 171	 iter
88	 2.427043e-33	 172	 iter
89	 2.427043e-33	 173	 iter
90	 2.427043e-33	 174	 iter
91	 2.427043e-33	 175	 iter
92	 2.427043e-33	 177	 iter
93	 2.427043e-33	 179	 iter
94	 2.427043e-33	 180	 iter
95	 2.427043e-33	 181	 iter
96	 2.427043e-33	 183	 iter
97	 2.427043e-33	 184	 iter
98	 2.427043e-33	 186	 iter
99	 2.427043e-33	 187	 iter
100	 2.427043e-33	 189	 iter
101	 2.427043e-33	 190	 iter
102	 2.427043e-33	 192	 iter
103	 2.427043e-33	 194	 iter
104	 2.427043e-33	 195	 iter
105	 2.427043e-33	 196	 iter
106	 2.427043e-33	 198	 iter
107	 2.427043e-33	 200	 iter
108	 2.427043e-33	 201	 iter
109	 2.427043e-33	 203	 iter
110	 2.427043e-33	 205	 iter
111	 2.427043e-33	 207	 iter
112	 2.427043e-33	 208	 iter
113	 2.427043e-33	 210	 iter
114	 2.427043e-33	 211	 iter
115	 2.427043e-33	 212	 iter
116	 2.427043e-33	 213	 iter
117	 2.427043e-33	 214	 iter
118	 2.427043e-33	 215	 iter
119	 2.427043e-33	 216	 iter
120	 2.427043e-33	 218	 iter
121	 2.427043e-33	 220	 iter
122	 2.427043e-33	 221	 iter
123	 2.427043e-33	 222	 iter
124	 2.427043e-33	 224	 iter
125	 2.427043e-33	 225	 iter
126	 2.427043e-33	 226	 iter
127	 2.427043e-33	 227	 iter
128	 2.427043e-33	 228	 iter
129	 2.427043e-33	 229	 iter
130	 2.427043e-33	 230	 iter
131	 2.427043e-33	 231	 iter
132	 2.427043e-33	 233	 iter
133	 2.427043e-33	 235	 iter
134	 2.427043e-33	 237	 iter
135	 2.427043e-33	 238	 iter
136	 2.427043e-33	 239	 iter
137	 2.427043e-33	 240	 iter
138	 2.427043e-33	 242	 iter
139	 2.427043e-33	 243	 iter
140	 2.427043e-33	 244	 iter
141	 2.427043e-33	 246	 iter
142	 2.427043e-33	 248	 iter
143	 2.427043e-33	 250	 iter
144	 2.427043e-33	 252	 iter
145	 2.427043e-33	 254	 iter
146	 2.427043e-33	 256	 iter
147	 2.427043e-33	 258	 iter
148	 2.427043e-33	 259	 iter
149	 2.427043e-33	 261	 iter
150	 2.427043e-33	 263	 iter
151	 2.427043e-33	 265	 iter
152	 2.427043e-33	 267	 iter
153	 2.427043e-33	 269	 iter
154	 2.427043e-33	 270	 iter
155	 2.427043e-33	 271	 iter
156	 2.427043e-33	 272	 iter
157	 2.427043e-33	 274	 iter
158	 2.427043e-33	 276	 iter
159	 2.427043e-33	 278	 iter
160	 2.427043e-33	 280	 iter
161	 2.427043e-33	 282	 iter
162	 2.427043e-33	 283	 iter
163	 2.427043e-33	 284	 iter
164	 2.427043e-33	 285	 iter
165	 2.427043e-33	 287	 iter
166	 2.427043e-33	 288	 iter
167	 2.427043e-33	 289	 iter
168	 2.427043e-33	 290	 iter
169	 2.427043e-33	 292	 iter
170	 2.427043e-33	 293	 iter
171	 2.427043e-33	 295	 iter
172	 2.427043e-33	 297	 iter
173	 2.427043e-33	 299	 iter
174	 2.427043e-33	 300	 iter
175	 2.427043e-33	 301	 iter
176	 2.427043e-33	 303	 iter
177	 2.427043e-33	 305	 iter
178	 2.427043e-33	 307	 iter
179	 2.427043e-33	 308	 iter
180	 2.427043e-33	 309	 iter
181	 2.427043e-33	 311	 iter
182	 2.427043e-33	 312	 iter
183	 2.427043e-33	 313	 iter
184	 2.427043e-33	 314	 iter
185	 2.427043e-33	 315	 iter
186	 2.427043e-33	 316	 iter
187	 2.427043e-33	 318	 iter
188	 2.427043e-33	 319	 iter
188	 2.427043e-33	 319	 done
