0	 1.215241e-32	 1	 init
0	 1.215241e-32	 1	 iter
1	 1.215241e-32	 17	 iter
2	 1.215241e-32	 19	 iter
3	 1.215241e-32	 21	 iter
4	 1.215241e-32	 23	 iter
5	 1.215241e-32	 25	 iter
6	 1.215241e-32	 27	 iter
7	 1.215241e-32	 29	 iter
8	 1.215241e-32	 31	 iter
9	 1.215241e-32	 32	 iter
10	 1.215241e-32	 34	 iter
11	 1.215241e-32	 36	 iter
12	 1.215241e-32	 37	 iter
13	 1.215241e-32	 39	 iter
14	 1.215241e-32	 41	 iter
15	 1.215241e-32	 43	 iter
16	 1.215241e-32	 45	 iter
17	 1.215241e-32	 47	 iter
18	 1.215241e-32	 49	 iter
19	 1.215241e-32	 51	 iter
20	 1.215241e-32	 52	 iter
21	 1.215241e-32	 54	 iter
22	 1.215241e-32	 56	 iter
23	 1.215241e-32	 58	 iter
24	 1.215241e-32	 60	 iter
25	 1.215241e-32	 62	 iter
26	 1.215241e-32	 64	 iter
27	 1.215241e-32	 66	 iter
28	 1.215241e-32	 68	 iter
29	 1.215241e-32	 70	 iter
30	 1.215241e-32	 71	 iter
31	 1.215241e-32	 73	 iter
32	 1.215241e-32	 75	 iter
33	 1.215241e-32	 77	 iter
34	 1.215241e-32	 79	 iter
35	 1.215241e-32	 81	 iter
36	 1.215241e-32	 83	 iter
37	 1.215241e-32	 85	 iter
38	 1.215241e-32	 87	 iter
39	 1.215241e-32	 89	 iter
40	 1.215241e-32	 91	 iter
41	 1.215241e-32	 93	 iter
42	 1.215241e-32	 94	 iter
43	 1.215241e-32	 96	 iter
44	 1.215241e-32	 98	 iter
45	 1.215241e-32	 99	 iter
46	 1.215241e-32	 100	 iter
47	 1.215241e-32	 102	 iter
48	 1.215241e-32	 104	 iter
49	 1.215241e-32	 106	 iter
50	 1.215241e-32	 107	 iter
51	 1.215241e-32	 109	 iter
52	 1.215241e-32	 111	 iter
53	 1.215241e-32	 113	 iter
54	 1.215241e-32	 115	 iter
55	 1.215241e-32	 117	 iter
56	 1.215241e-32	 118	 iter
57	 1.215241e-32	 120	 iter
58	 1.215241e-32	 122	 iter
59	 1.215241e-32	 123	 iter
60	 1.215241e-32	 124	 iter
61	 1.215241e-32	 126	 iter
62	 1.215241e-32	 128	 iter
63	 1.215241e-32	 129	 iter
64	 1.215241e-32	 131	 iter
65	 1.215241e-32	 133	 iter
66	 1.215241e-32	 134	 iter
67	 1.215241e-32	 135	 iter
68	 1.215241e-32	 137	 iter
69	 1.215241e-32	 139	 iter
70	 1.215241e-32	 141	 iter
71	 1.215241e-32	 143	 iter
72	 1.215241e-32	 145	 iter
73	 1.215241e-32	 146	 iter
74	 1.215241e-32	 147	 iter
75	 1.215241e-32	 149	 iter
76	 1.215241e-32	 151	 iter
77	 1.215241e-32	 153	 iter
78	 1.215241e-32	 155	 iter
79	 1.215241e-32	 156	 iter
80	 1.215241e-32	 157	 iter
81	 1.215241e-32	 159	 iter
82	 1.215241e-32	 161	 iter
83	 1.215241e-32	 162	 iter
84	 1.215241e-32	 163	 iter
85	 1.215241e-32	 164	 iter
86	 1.215241e-32	 165	 iter
87	 1.215241e-32	 167	 iter
88	 1.215241e-32	 169	 iter
89	 1.215241e-32	 170	 iter
90	 1.215241e-32	 171	 iter
91	 1.215241e-32	 173	 iter
92	 1.215241e-32	 175	 iter
93	 1.215241e-32	 177	 iter
94	 1.215241e-32	 179	 iter
95	 1.215241e-32	 181	 iter
96	 1.215241e-32	 183	 iter
97	 1.215241e-32	 184	 iter
98	 1.215241e-32	 185	 iter
99	 1.215241e-32	 187	 iter
100	 1.215241e-32	 189	 iter
101	 1.215241e-32	 190	 iter
102	 1.215241e-32	 191	 iter
103	 1.215241e-32	 193	 iter
104	 1.215241e-32	 194	 iter
105	 1.215241e-32	 195	 iter
106	 1.215241e-32	 197	 iter
107	 1.215241e-32	 199	 iter
108	 1.215241e-32	 201	 iter
109	 1.215241e-32	 203	 iter
110	 1.215241e-32	 204	 iter
111	 1.215241e-32	 206	 iter
112	 1.215241e-32	 207	 iter
113	 1.215241e-32	 208	 iter
114	 1.215241e-32	 209	 iter
115	 1.215241e-32	 211	 iter
116	 1.215241e-32	 212	 iter
117	 1.215241e-32	 214	 iter
118	 1.215241e-32	 216	 iter
119	 1.215241e-32	 218	 iter
120	 1.215241e-32	 220	 iter
121	 1.215241e-32	 222	 iter
122	 1.215241e-32	 224	 iter
123	 1.215241e-32	 225	 iter
124	 1.215241e-32	 226	 iter
125	 1.215241e-32	 228	 iter
126	 1.215241e-32	 230	 iter
127	 1.215241e-32	 231	 iter
128	 1.215241e-32	 232	 iter
129	 1.215241e-32	 234	 iter
130	 1.215241e-32	 236	 iter
131	 1.215241e-32	 238	 iter
132	 1.215241e-32	 239	 iter
133	 1.215241e-32	 241	 iter
134	 1.215241e-32	 243	 iter
135	 1.215241e-32	 245	 iter
136	 1.215241e-32	 246	 iter
137	 1.215241e-32	 247	 iter
138	 1.215241e-32	 249	 iter
139	 1.215241e-32	 251	 iter
140	 1.215241e-32	 253	 iter
141	 1.215241e-32	 254	 iter
142	 1.215241e-32	 256	 iter
143	 1.215241e-32	 258	 iter
144	 1.215241e-32	 260	 iter
145	 1.215241e-32	 262	 iter
146	 1.215241e-32	 264	 iter
146	 1.215241e-32	 264	 done
