0	 8.337512e-04	 1	 init
0	 8.337512e-04	 1	 iter
1	 8.022070e-04	 17	 iter
2	 8.022070e-04	 19	 iter
3	 8.022070e-04	 20	 iter
4	 8.022070e-04	 21	 iter
5	 7.662259e-04	 23	 iter
6	 7.662259e-04	 24	 iter
7	 7.662259e-04	 26	 iter
8	 7.662259e-04	 27	 iter
9	 7.662259e-04	 29	 iter
10	 7.662259e-04	 30	 iter
11	 7.662259e-04	 31	 iter
12	 7.662259e-04	 32	 iter
13	 7.490039e-04	 34	 iter
14	 7.490039e-04	 35	 iter
15	 7.490039e-04	 36	 iter
16	 7.490039e-04	 37	 iter
17	 7.490039e-04	 38	 iter
18	 7.490039e-04	 39	 iter
19	 7.490039e-04	 40	 iter
20	 7.490039e-04	 41	 iter
21	 7.197221e-04	 43	 iter
22	 7.197221e-04	 44	 iter
23	 7.197221e-04	 45	 iter
24	 7.197221e-04	 46	 iter
25	 7.197221e-04	 47	 iter
26	 7.197221e-04	 48	 iter
27	 7.029109e-04	 50	 iter
28	 7.029109e-04	 51	 iter
29	 7.029109e-04	 53	 iter
30	 7.029109e-04	 54	 iter
31	 7.029109e-04	 55	 iter
32	 7.029109e-04	 56	 iter
33	 7.029109e-04	 57	 iter
34	 7.029109e-04	 59	 iter
35	 6.941676e-04	 61	 iter
36	 6.632000e-04	 63	 iter
37	 6.632000e-04	 64	 iter
38	 6.632000e-04	 65	 iter
39	 6.332281e-04	 67	 iter
40	 6.332281e-04	 68	 iter
41	 6.332281e-04	 69	 iter
42	 6.332281e-04	 70	 iter
43	 6.332281e-04	 71	 iter
44	 6.332281e-04	 72	 iter
45	 6.332281e-04	 73	 iter
46	 6.332281e-04	 74	 iter
47	 6.332281e-04	 75	 iter
48	 6.332281e-04	 76	 iter
49	 6.332281e-04	 77	 iter
50	 6.332281e-04	 78	 iter
51	 6.332281e-04	 79	 iter
52	 6.025617e-04	 81	 iter
53	 6.025617e-04	 82	 iter
54	 6.025617e-04	 83	 iter
55	 6.025617e-04	 84	 iter
56	 6.025617e-04	 85	 iter
57	 6.025617e-04	 86	 iter
58	 6.025617e-04	 87	 iter
59	 6.025617e-04	 88	 iter
60	 5.965863e-04	 90	 iter
61	 5.727325e-04	 92	 iter
62	 5.414984e-04	 94	 iter
63	 5.414984e-04	 95	 iter
64	 5.414984e-04	 96	 iter
65	 5.414984e-04	 97	 iter
66	 5.414984e-04	 98	 iter
67	 5.414984e-04	 99	 iter
68	 5.414984e-04	 100	 iter
69	 5.005084e-04	 102	 iter
70	 5.005084e-04	 103	 iter
71	 5.005084e-04	 104	 iter
72	 5.005084e-04	 105	 iter
73	 5.005084e-04	 106	 iter
74	 5.005084e-04	 107	 iter
75	 5.005084e-04	 108	 iter
76	 5.005084e-04	 109	 iter
77	 4.606250e-04	 111	 iter
78	 4.606250e-04	 112	 iter
79	 4.606250e-04	 113	 iter
80	 4.606250e-04	 114	 iter
81	 4.606250e-04	 116	 iter
82	 4.606250e-04	 117	 iter
83	 4.606250e-04	 118	 iter
84	 4.606250e-04	 119	 iter
85	 4.606250e-04	 120	 iter
86	 4.606250e-04	 121	 iter
87	 4.606250e-04	 122	 iter
88	 4.244813e-04	 124	 iter
89	 4.244813e-04	 125	 iter
90	 4.244813e-04	 126	 iter
91	 4.244813e-04	 127	 iter
92	 4.244813e-04	 128	 iter
93	 4.244813e-04	 129	 iter
94	 4.244813e-04	 130	 iter
95	 4.244813e-04	 131	 iter
96	 4.244813e-04	 132	 iter
97	 4.244813e-04	 133	 iter
98	 3.989600e-04	 135	 iter
99	 3.989600e-04	 136	 iter
100	 3.989600e-04	 137	 iter
101	 3.989600e-04	 138	 iter
102	 3.989600e-04	 139	 iter
103	 3.989600e-04	 140	 iter
104	 3.989600e-04	 141	 iter
105	 3.989600e-04	 143	 iter
106	 3.989600e-04	 144	 iter
107	 3.989600e-04	 145	 iter
108	 3.989600e-04	 146	 iter
109	 3.989600e-04	 147	 iter
110	 3.989600e-04	 148	 iter
111	 3.989600e-04	 149	 iter
112	 3.989600e-04	 150	 iter
113	 3.989600e-04	 151	 iter
114	 3.989600e-04	 153	 iter
115	 3.989600e-04	 154	 iter
116	 3.989600e-04	 155	 iter
117	 3.946816e-04	 157	 iter
118	 3.861226e-04	 159	 iter
119	 3.841495e-04	 161	 iter
120	 3.841495e-04	 163	 iter
121	 3.841495e-04	 164	 iter
122	 3.841495e-04	 165	 iter
123	 3.841495e-04	 167	 iter
124	 3.841495e-04	 169	 iter
125	 3.841495e-04	 171	 iter
126	 3.841495e-04	 173	 iter
127	 3.820905e-04	 175	 iter
128	 3.820905e-04	 177	 iter
129	 3.820905e-04	 179	 iter
130	 3.764952e-04	 181	 iter
131	 3.764952e-04	 182	 iter
132	 3.764952e-04	 183	 iter
133	 3.764952e-04	 184	 iter
134	 3.764952e-04	 185	 iter
135	 3.764952e-04	 187	 iter
136	 3.764952e-04	 188	 iter
137	 3.764952e-04	 190	 iter
138	 3.764952e-04	 191	 iter
139	 3.764952e-04	 192	 iter
140	 3.746999e-04	 194	 iter
141	 3.746999e-04	 195	 iter
142	 3.746999e-04	 196	 iter
143	 3.746999e-04	 197	 iter
144	 3.731006e-04	 199	 iter
145	 3.731006e-04	 200	 iter
146	 3.731006e-04	 201	 iter
147	 3.693240e-04	 203	 iter
148	 3.693240e-04	 204	 iter
149	 3.693240e-04	 205	 iter
150	 3.693240e-04	 206	 iter
151	 3.693240e-04	 208	 iter
152	 3.693240e-04	 209	 iter
153	 3.693240e-04	 210	 iter
154	 3.681665e-04	 212	 iter
155	 3.681665e-04	 213	 iter
156	 3.681665e-04	 214	 iter
157	 3.581924e-04	 216	 iter
158	 3.581924e-04	 217	 iter
159	 3.581924e-04	 219	 iter
160	 3.581924e-04	 220	 iter
161	 3.581924e-04	 221	 iter
162	 3.581924e-04	 223	 iter
163	 3.581924e-04	 224	 iter
164	 3.581924e-04	 225	 iter
165	 3.581924e-04	 226	 iter
166	 3.581924e-04	 227	 iter
167	 3.581924e-04	 228	 iter
168	 3.581924e-04	 229	 iter
169	 3.581924e-04	 230	 iter
170	 3.574702e-04	 232	 iter
171	 3.559076e-04	 234	 iter
172	 3.559076e-04	 235	 iter
173	 3.559076e-04	 237	 iter
174	 3.559076e-04	 239	 iter
175	 3.559076e-04	 240	 iter
176	 3.559076e-04	 241	 iter
177	 3.559076e-04	 242	 iter
178	 3.490058e-04	 244	 iter
179	 3.490058e-04	 245	 iter
180	 3.490058e-04	 246	 iter
181	 3.490058e-04	 247	 iter
182	 3.490058e-04	 248	 iter
183	 3.463865e-04	 250	 iter
184	 3.463865e-04	 251	 iter
185	 3.463865e-04	 252	 iter
186	 3.463865e-04	 253	 iter
187	 3.441751e-04	 255	 iter
188	 3.424889e-04	 257	 iter
189	 3.346238e-04	 259	 iter
190	 3.346238e-04	 260	 iter
191	 3.346238e-04	 262	 iter
192	 3.346238e-04	 263	 iter
193	 3.346238e-04	 264	 iter
194	 3.346238e-04	 265	 iter
195	 3.346238e-04	 266	 iter
196	 3.346238e-04	 267	 iter
197	 3.346238e-04	 268	 iter
198	 3.346238e-04	 269	 iter
199	 3.346238e-04	 270	 iter
200	 3.271167e-04	 272	 iter
201	 3.271167e-04	 273	 iter
202	 3.271167e-04	 274	 iter
203	 3.271167e-04	 275	 iter
204	 3.260998e-04	 277	 iter
205	 3.260998e-04	 278	 iter
206	 3.247690e-04	 280	 iter
207	 3.247690e-04	 281	 iter
208	 3.159804e-04	 283	 iter
209	 3.159804e-04	 284	 iter
210	 3.159804e-04	 285	 iter
211	 3.159804e-04	 286	 iter
212	 3.054382e-04	 288	 iter
213	 3.054382e-04	 289	 iter
214	 3.054382e-04	 290	 iter
215	 3.054382e-04	 291	 iter
216	 3.054382e-04	 292	 iter
217	 3.054382e-04	 293	 iter
218	 3.054382e-04	 294	 iter
219	 3.054382e-04	 295	 iter
220	 3.054382e-04	 296	 iter
221	 3.054382e-04	 297	 iter
222	 3.022443e-04	 299	 iter
223	 3.022443e-04	 300	 iter
224	 3.022443e-04	 301	 iter
225	 3.022443e-04	 302	 iter
226	 2.970188e-04	 304	 iter
227	 2.970188e-04	 305	 iter
228	 2.942698e-04	 307	 iter
229	 2.942698e-04	 308	 iter
230	 2.942698e-04	 309	 iter
231	 2.942698e-04	 310	 iter
232	 2.942698e-04	 311	 iter
233	 2.942698e-04	 312	 iter
234	 2.942698e-04	 313	 iter
235	 2.942698e-04	 315	 iter
236	 2.942698e-04	 316	 iter
237	 2.910855e-04	 318	 iter
238	 2.910855e-04	 319	 iter
239	 2.910855e-04	 320	 iter
240	 2.910855e-04	 322	 iter
241	 2.910855e-04	 323	 iter
242	 2.884533e-04	 325	 iter
243	 2.840747e-04	 327	 iter
244	 2.840747e-04	 328	 iter
245	 2.840747e-04	 329	 iter
246	 2.840747e-04	 330	 iter
247	 2.840747e-04	 331	 iter
248	 2.840747e-04	 332	 iter
249	 2.840747e-04	 333	 iter
250	 2.840747e-04	 334	 iter
251	 2.840747e-04	 335	 iter
252	 2.840747e-04	 337	 iter
253	 2.840747e-04	 339	 iter
254	 2.824212e-04	 341	 iter
255	 2.824212e-04	 342	 iter
256	 2.824212e-04	 343	 iter
257	 2.824212e-04	 345	 iter
258	 2.817294e-04	 347	 iter
259	 2.817294e-04	 348	 iter
260	 2.817294e-04	 349	 iter
261	 2.817294e-04	 350	 iter
262	 2.817294e-04	 351	 iter
263	 2.805237e-04	 353	 iter
264	 2.805237e-04	 355	 iter
265	 2.805237e-04	 356	 iter
266	 2.805237e-04	 357	 iter
267	 2.805237e-04	 358	 iter
268	 2.804086e-04	 360	 iter
269	 2.803393e-04	 362	 iter
270	 2.793318e-04	 364	 iter
271	 2.793318e-04	 365	 iter
272	 2.793318e-04	 366	 iter
273	 2.789383e-04	 368	 iter
274	 2.789383e-04	 369	 iter
275	 2.789383e-04	 371	 iter
276	 2.789383e-04	 373	 iter
277	 2.789383e-04	 374	 iter
278	 2.789383e-04	 375	 iter
279	 2.789383e-04	 376	 iter
280	 2.789383e-04	 377	 iter
281	 2.789383e-04	 378	 iter
282	 2.789383e-04	 380	 iter
283	 2.777416e-04	 382	 iter
284	 2.777416e-04	 383	 iter
285	 2.777416e-04	 385	 iter
286	 2.746399e-04	 387	 iter
287	 2.720905e-04	 389	 iter
288	 2.720905e-04	 390	 iter
289	 2.720905e-04	 392	 iter
290	 2.720905e-04	 394	 iter
291	 2.720905e-04	 395	 iter
292	 2.720905e-04	 397	 iter
293	 2.720905e-04	 398	 iter
294	 2.720905e-04	 399	 iter
295	 2.720905e-04	 400	 iter
296	 2.720905e-04	 401	 iter
297	 2.720905e-04	 402	 iter
298	 2.720905e-04	 403	 iter
299	 2.720905e-04	 404	 iter
300	 2.720905e-04	 405	 iter
301	 2.720905e-04	 406	 iter
302	 2.720905e-04	 407	 iter
303	 2.720905e-04	 408	 iter
304	 2.719619e-04	 410	 iter
305	 2.719619e-04	 411	 iter
306	 2.719619e-04	 412	 iter
307	 2.719619e-04	 413	 iter
308	 2.719619e-04	 415	 iter
309	 2.719619e-04	 416	 iter
310	 2.658427e-04	 418	 iter
311	 2.658427e-04	 419	 iter
312	 2.658427e-04	 420	 iter
313	 2.658427e-04	 421	 iter
314	 2.658427e-04	 423	 iter
315	 2.658427e-04	 424	 iter
316	 2.658427e-04	 425	 iter
317	 2.658427e-04	 426	 iter
318	 2.658427e-04	 427	 iter
319	 2.658427e-04	 428	 iter
320	 2.658427e-04	 429	 iter
321	 2.658427e-04	 430	 iter
322	 2.658427e-04	 431	 iter
323	 2.658427e-04	 432	 iter
324	 2.658427e-04	 433	 iter
325	 2.655160e-04	 435	 iter
326	 2.655160e-04	 436	 iter
327	 2.655160e-04	 437	 iter
328	 2.643642e-04	 439	 iter
329	 2.613685e-04	 441	 iter
330	 2.613685e-04	 442	 iter
331	 2.613685e-04	 443	 iter
332	 2.613685e-04	 444	 iter
333	 2.613685e-04	 445	 iter
334	 2.613685e-04	 446	 iter
335	 2.613685e-04	 447	 iter
336	 2.571689e-04	 449	 iter
337	 2.571689e-04	 450	 iter
338	 2.571689e-04	 451	 iter
339	 2.571689e-04	 452	 iter
340	 2.571689e-04	 453	 iter
341	 2.544386e-04	 455	 iter
342	 2.544386e-04	 456	 iter
343	 2.544386e-04	 457	 iter
344	 2.544386e-04	 458	 iter
345	 2.471288e-04	 460	 iter
346	 2.471288e-04	 461	 iter
347	 2.471288e-04	 462	 iter
348	 2.471288e-04	 463	 iter
349	 2.471288e-04	 464	 iter
350	 2.471288e-04	 465	 iter
351	 2.471288e-04	 466	 iter
352	 2.471288e-04	 467	 iter
353	 2.471288e-04	 468	 iter
354	 2.471288e-04	 469	 iter
355	 2.471288e-04	 470	 iter
356	 2.471288e-04	 471	 iter
357	 2.471288e-04	 473	 iter
358	 2.461250e-04	 475	 iter
359	 2.414048e-04	 477	 iter
360	 2.414048e-04	 478	 iter
361	 2.414048e-04	 479	 iter
362	 2.335715e-04	 481	 iter
363	 2.335715e-04	 482	 iter
364	 2.335715e-04	 483	 iter
365	 2.335715e-04	 484	 iter
366	 2.335715e-04	 485	 iter
367	 2.335715e-04	 486	 iter
368	 2.335715e-04	 487	 iter
369	 2.335715e-04	 488	 iter
370	 2.289847e-04	 490	 iter
371	 2.248875e-04	 492	 iter
372	 2.248875e-04	 493	 iter
373	 2.166503e-04	 495	 iter
374	 2.166503e-04	 496	 iter
375	 2.166503e-04	 497	 iter
376	 2.166503e-04	 498	 iter
377	 2.166503e-04	 499	 iter
378	 2.134599e-04	 501	 iter
379	 2.134599e-04	 502	 iter
380	 2.100956e-04	 504	 iter
381	 2.100956e-04	 505	 iter
382	 2.031857e-04	 507	 iter
383	 2.031857e-04	 508	 iter
384	 2.031857e-04	 509	 iter
385	 2.015891e-04	 511	 iter
386	 1.962529e-04	 513	 iter
387	 1.962529e-04	 514	 iter
388	 1.900640e-04	 516	 iter
389	 1.900640e-04	 517	 iter
390	 1.856357e-04	 519	 iter
391	 1.856357e-04	 520	 iter
392	 1.856357e-04	 521	 iter
393	 1.856357e-04	 522	 iter
394	 1.856357e-04	 523	 iter
395	 1.856357e-04	 524	 iter
396	 1.856357e-04	 525	 iter
397	 1.856357e-04	 526	 iter
398	 1.856357e-04	 527	 iter
399	 1.856357e-04	 528	 iter
400	 1.856357e-04	 529	 iter
401	 1.856357e-04	 530	 iter
402	 1.856357e-04	 532	 iter
403	 1.856357e-04	 534	 iter
404	 1.856357e-04	 535	 iter
405	 1.856357e-04	 536	 iter
406	 1.806316e-04	 538	 iter
407	 1.784452e-04	 540	 iter
408	 1.784452e-04	 541	 iter
409	 1.784452e-04	 542	 iter
410	 1.784452e-04	 543	 iter
411	 1.784452e-04	 545	 iter
412	 1.784452e-04	 546	 iter
413	 1.784452e-04	 547	 iter
414	 1.784452e-04	 548	 iter
415	 1.777172e-04	 550	 iter
416	 1.777172e-04	 551	 iter
417	 1.777172e-04	 553	 iter
418	 1.777172e-04	 554	 iter
419	 1.774882e-04	 556	 iter
420	 1.774882e-04	 557	 iter
421	 1.774882e-04	 558	 iter
422	 1.774574e-04	 560	 iter
423	 1.763475e-04	 562	 iter
424	 1.763475e-04	 564	 iter
425	 1.763475e-04	 565	 iter
426	 1.763475e-04	 567	 iter
427	 1.763475e-04	 569	 iter
428	 1.763475e-04	 570	 iter
429	 1.763475e-04	 571	 iter
430	 1.737059e-04	 573	 iter
431	 1.737059e-04	 574	 iter
432	 1.737059e-04	 575	 iter
433	 1.737059e-04	 576	 iter
434	 1.737059e-04	 578	 iter
435	 1.737059e-04	 580	 iter
436	 1.737059e-04	 581	 iter
437	 1.737059e-04	 582	 iter
438	 1.718904e-04	 584	 iter
439	 1.718904e-04	 585	 iter
440	 1.718904e-04	 586	 iter
441	 1.718904e-04	 587	 iter
442	 1.710698e-04	 589	 iter
443	 1.710698e-04	 590	 iter
444	 1.710698e-04	 591	 iter
445	 1.710698e-04	 592	 iter
446	 1.710698e-04	 593	 iter
447	 1.710698e-04	 595	 iter
448	 1.710496e-04	 597	 iter
449	 1.710496e-04	 598	 iter
450	 1.710496e-04	 599	 iter
451	 1.691648e-04	 601	 iter
452	 1.691648e-04	 603	 iter
453	 1.691648e-04	 604	 iter
454	 1.691648e-04	 605	 iter
455	 1.691648e-04	 606	 iter
456	 1.691648e-04	 607	 iter
457	 1.691648e-04	 609	 iter
458	 1.691648e-04	 610	 iter
459	 1.691648e-04	 612	 iter
460	 1.687825e-04	 614	 iter
461	 1.687825e-04	 615	 iter
462	 1.687825e-04	 617	 iter
463	 1.687825e-04	 618	 iter
464	 1.674545e-04	 620	 iter
465	 1.674545e-04	 621	 iter
466	 1.674545e-04	 622	 iter
467	 1.674545e-04	 623	 iter
468	 1.674545e-04	 625	 iter
469	 1.674545e-04	 626	 iter
470	 1.674545e-04	 627	 iter
471	 1.674545e-04	 628	 iter
472	 1.674545e-04	 629	 iter
473	 1.674545e-04	 630	 iter
474	 1.674545e-04	 632	 iter
475	 1.673241e-04	 634	 iter
476	 1.672439e-04	 636	 iter
477	 1.672439e-04	 638	 iter
478	 1.649505e-04	 640	 iter
479	 1.649505e-04	 641	 iter
480	 1.649505e-04	 642	 iter
481	 1.649505e-04	 643	 iter
482	 1.649505e-04	 644	 iter
483	 1.649505e-04	 645	 iter
484	 1.649505e-04	 646	 iter
485	 1.649505e-04	 648	 iter
486	 1.649505e-04	 649	 iter
487	 1.649505e-04	 650	 iter
488	 1.643321e-04	 652	 iter
489	 1.643321e-04	 653	 iter
490	 1.643321e-04	 655	 iter
491	 1.638217e-04	 657	 iter
492	 1.638217e-04	 658	 iter
493	 1.638217e-04	 659	 iter
494	 1.638217e-04	 660	 iter
495	 1.633598e-04	 662	 iter
496	 1.633598e-04	 663	 iter
497	 1.633598e-04	 664	 iter
498	 1.633598e-04	 666	 iter
499	 1.633598e-04	 667	 iter
500	 1.633598e-04	 668	 iter
501	 1.633598e-04	 669	 iter
502	 1.618524e-04	 671	 iter
503	 1.618524e-04	 672	 iter
504	 1.618524e-04	 673	 iter
505	 1.618524e-04	 674	 iter
506	 1.618524e-04	 675	 iter
507	 1.618524e-04	 676	 iter
508	 1.618524e-04	 677	 iter
509	 1.618524e-04	 678	 iter
510	 1.618524e-04	 679	 iter
511	 1.618524e-04	 680	 iter
512	 1.618524e-04	 681	 iter
513	 1.618524e-04	 682	 iter
514	 1.604958e-04	 684	 iter
515	 1.604958e-04	 685	 iter
516	 1.604958e-04	 686	 iter
517	 1.604958e-04	 687	 iter
518	 1.604958e-04	 688	 iter
519	 1.604958e-04	 689	 iter
520	 1.604958e-04	 690	 iter
521	 1.604958e-04	 691	 iter
522	 1.604958e-04	 692	 iter
523	 1.604958e-04	 693	 iter
524	 1.604958e-04	 694	 iter
525	 1.604958e-04	 695	 iter
526	 1.604958e-04	 697	 iter
527	 1.604958e-04	 698	 iter
528	 1.604958e-04	 700	 iter
529	 1.596145e-04	 702	 iter
530	 1.596145e-04	 703	 iter
531	 1.596145e-04	 704	 iter
532	 1.578750e-04	 706	 iter
533	 1.578750e-04	 707	 iter
534	 1.578750e-04	 708	 iter
535	 1.575071e-04	 710	 iter
536	 1.575071e-04	 711	 iter
537	 1.575071e-04	 712	 iter
538	 1.575071e-04	 713	 iter
539	 1.575071e-04	 714	 iter
540	 1.574245e-04	 716	 iter
541	 1.567055e-04	 718	 iter
542	 1.567055e-04	 719	 iter
543	 1.554373e-04	 721	 iter
544	 1.554373e-04	 722	 iter
545	 1.554373e-04	 723	 iter
546	 1.554373e-04	 724	 iter
547	 1.522472e-04	 726	 iter
548	 1.522472e-04	 727	 iter
549	 1.522472e-04	 728	 iter
550	 1.522472e-04	 729	 iter
551	 1.522472e-04	 730	 iter
552	 1.522472e-04	 731	 iter
553	 1.522472e-04	 733	 iter
554	 1.522472e-04	 734	 iter
555	 1.522472e-04	 735	 iter
556	 1.514088e-04	 737	 iter
557	 1.514088e-04	 738	 iter
558	 1.514088e-04	 739	 iter
559	 1.514088e-04	 740	 iter
560	 1.514088e-04	 741	 iter
561	 1.514088e-04	 742	 iter
562	 1.514088e-04	 743	 iter
563	 1.514088e-04	 744	 iter
564	 1.491648e-04	 746	 iter
565	 1.491648e-04	 747	 iter
566	 1.491648e-04	 748	 iter
567	 1.491648e-04	 749	 iter
568	 1.491648e-04	 750	 iter
569	 1.491648e-04	 751	 iter
570	 1.474409e-04	 753	 iter
571	 1.474409e-04	 754	 iter
572	 1.473497e-04	 756	 iter
573	 1.473497e-04	 757	 iter
574	 1.473497e-04	 758	 iter
575	 1.473497e-04	 760	 iter
576	 1.459956e-04	 762	 iter
577	 1.459956e-04	 763	 iter
578	 1.410155e-04	 765	 iter
579	 1.410155e-04	 766	 iter
580	 1.410155e-04	 767	 iter
581	 1.410155e-04	 768	 iter
582	 1.410155e-04	 769	 iter
583	 1.410155e-04	 770	 iter
584	 1.410155e-04	 771	 iter
585	 1.410155e-04	 772	 iter
586	 1.410155e-04	 773	 iter
587	 1.410155e-04	 774	 iter
588	 1.410155e-04	 775	 iter
589	 1.402441e-04	 777	 iter
590	 1.402441e-04	 778	 iter
591	 1.402441e-04	 779	 iter
592	 1.399583e-04	 781	 iter
593	 1.399583e-04	 782	 iter
594	 1.399583e-04	 783	 iter
595	 1.399583e-04	 784	 iter
596	 1.394233e-04	 786	 iter
597	 1.385751e-04	 788	 iter
598	 1.385751e-04	 789	 iter
599	 1.385451e-04	 791	 iter
600	 1.385451e-04	 792	 iter
601	 1.373923e-04	 794	 iter
602	 1.359259e-04	 796	 iter
603	 1.359259e-04	 797	 iter
604	 1.359259e-04	 798	 iter
605	 1.359259e-04	 799	 iter
606	 1.359259e-04	 800	 iter
607	 1.359259e-04	 802	 iter
608	 1.350675e-04	 804	 iter
609	 1.350675e-04	 805	 iter
610	 1.342357e-04	 807	 iter
611	 1.342357e-04	 808	 iter
612	 1.342357e-04	 809	 iter
613	 1.341645e-04	 811	 iter
614	 1.341645e-04	 812	 iter
615	 1.340591e-04	 814	 iter
616	 1.340591e-04	 815	 iter
617	 1.340591e-04	 816	 iter
618	 1.340591e-04	 817	 iter
619	 1.331611e-04	 819	 iter
620	 1.331611e-04	 820	 iter
621	 1.331611e-04	 821	 iter
622	 1.313408e-04	 823	 iter
623	 1.313408e-04	 825	 iter
624	 1.313408e-04	 826	 iter
625	 1.313408e-04	 827	 iter
626	 1.289260e-04	 829	 iter
627	 1.289260e-04	 830	 iter
628	 1.289260e-04	 831	 iter
629	 1.289260e-04	 832	 iter
630	 1.289260e-04	 833	 iter
631	 1.289260e-04	 834	 iter
632	 1.289260e-04	 835	 iter
633	 1.289260e-04	 836	 iter
634	 1.289260e-04	 837	 iter
635	 1.289260e-04	 838	 iter
636	 1.288020e-04	 840	 iter
637	 1.266237e-04	 842	 iter
638	 1.266237e-04	 843	 iter
639	 1.266237e-04	 844	 iter
640	 1.266237e-04	 845	 iter
641	 1.266237e-04	 846	 iter
642	 1.266237e-04	 847	 iter
643	 1.252437e-04	 849	 iter
644	 1.252437e-04	 850	 iter
645	 1.252437e-04	 851	 iter
646	 1.252437e-04	 852	 iter
647	 1.252437e-04	 853	 iter
648	 1.238342e-04	 855	 iter
649	 1.238342e-04	 856	 iter
650	 1.238342e-04	 857	 iter
651	 1.222202e-04	 859	 iter
652	 1.222202e-04	 860	 iter
653	 1.222202e-04	 861	 iter
654	 1.208237e-04	 863	 iter
655	 1.208237e-04	 864	 iter
656	 1.208237e-04	 865	 iter
657	 1.208237e-04	 866	 iter
658	 1.208237e-04	 867	 iter
659	 1.208237e-04	 868	 iter
660	 1.208237e-04	 869	 iter
661	 1.194161e-04	 871	 iter
662	 1.185535e-04	 873	 iter
663	 1.185535e-04	 874	 iter
664	 1.185535e-04	 875	 iter
665	 1.185535e-04	 876	 iter
666	 1.185535e-04	 877	 iter
667	 1.185535e-04	 878	 iter
668	 1.184082e-04	 880	 iter
669	 1.175040e-04	 882	 iter
670	 1.175040e-04	 883	 iter
671	 1.175040e-04	 885	 iter
672	 1.159779e-04	 887	 iter
673	 1.159779e-04	 888	 iter
674	 1.159779e-04	 889	 iter
675	 1.159495e-04	 891	 iter
676	 1.159495e-04	 892	 iter
677	 1.159495e-04	 893	 iter
678	 1.149187e-04	 895	 iter
679	 1.138956e-04	 897	 iter
680	 1.138956e-04	 898	 iter
681	 1.138956e-04	 899	 iter
682	 1.138956e-04	 900	 iter
683	 1.137635e-04	 902	 iter
684	 1.130958e-04	 904	 iter
685	 1.130958e-04	 905	 iter
686	 1.130958e-04	 906	 iter
687	 1.112085e-04	 908	 iter
688	 1.112085e-04	 909	 iter
689	 1.112085e-04	 910	 iter
690	 1.112085e-04	 911	 iter
691	 1.104484e-04	 913	 iter
692	 1.104484e-04	 914	 iter
693	 1.104484e-04	 915	 iter
694	 1.099569e-04	 917	 iter
695	 1.096564e-04	 919	 iter
696	 1.096564e-04	 920	 iter
697	 1.096564e-04	 921	 iter
698	 1.096564e-04	 922	 iter
699	 1.096564e-04	 923	 iter
700	 1.096564e-04	 924	 iter
701	 1.096564e-04	 925	 iter
702	 1.096564e-04	 926	 iter
703	 1.088612e-04	 928	 iter
704	 1.077775e-04	 930	 iter
705	 1.077775e-04	 932	 iter
706	 1.077775e-04	 933	 iter
707	 1.070858e-04	 935	 iter
708	 1.070858e-04	 936	 iter
709	 1.070858e-04	 937	 iter
710	 1.060501e-04	 939	 iter
711	 1.060501e-04	 940	 iter
712	 1.060501e-04	 941	 iter
713	 1.060501e-04	 942	 iter
714	 1.060501e-04	 944	 iter
715	 1.060501e-04	 945	 iter
716	 1.060501e-04	 946	 iter
717	 1.060501e-04	 947	 iter
718	 1.060501e-04	 948	 iter
719	 1.039732e-04	 950	 iter
720	 1.039732e-04	 951	 iter
721	 1.039732e-04	 952	 iter
722	 1.036738e-04	 954	 iter
723	 1.031170e-04	 956	 iter
724	 1.031170e-04	 957	 iter
725	 1.031170e-04	 958	 iter
726	 1.031170e-04	 959	 iter
727	 1.026632e-04	 961	 iter
728	 1.026632e-04	 963	 iter
729	 1.026632e-04	 964	 iter
730	 1.010610e-04	 966	 iter
731	 1.010610e-04	 967	 iter
732	 1.010610e-04	 968	 iter
733	 1.010610e-04	 969	 iter
734	 9.951620e-05	 971	 iter
735	 9.951620e-05	 972	 iter
736	 9.951620e-05	 973	 iter
737	 9.951620e-05	 974	 iter
738	 9.951620e-05	 975	 iter
739	 9.766961e-05	 977	 iter
740	 9.766961e-05	 978	 iter
741	 9.766961e-05	 979	 iter
742	 9.669175e-05	 981	 iter
743	 9.669175e-05	 982	 iter
744	 9.669175e-05	 983	 iter
745	 9.669175e-05	 984	 iter
746	 9.669175e-05	 985	 iter
747	 9.571804e-05	 987	 iter
748	 9.571804e-05	 988	 iter
749	 9.571804e-05	 989	 iter
750	 9.571804e-05	 990	 iter
751	 9.571804e-05	 991	 iter
752	 9.566668e-05	 993	 iter
753	 9.522628e-05	 995	 iter
754	 9.522628e-05	 996	 iter
755	 9.522628e-05	 997	 iter
756	 9.522628e-05	 998	 iter
757	 9.397179e-05	 1000	 iter
758	 9.375553e-05	 1002	 iter
759	 9.375553e-05	 1003	 iter
760	 9.375553e-05	 1004	 iter
761	 9.375553e-05	 1005	 iter
762	 9.335517e-05	 1007	 iter
763	 9.335517e-05	 1008	 iter
764	 9.335517e-05	 1010	 iter
765	 9.335517e-05	 1011	 iter
766	 9.335517e-05	 1012	 iter
767	 9.270365e-05	 1014	 iter
768	 9.270365e-05	 1015	 iter
769	 9.179740e-05	 1017	 iter
770	 9.179740e-05	 1018	 iter
771	 9.179740e-05	 1019	 iter
772	 9.179740e-05	 1020	 iter
773	 9.179740e-05	 1021	 iter
774	 9.179740e-05	 1023	 iter
775	 9.179740e-05	 1024	 iter
776	 9.179740e-05	 1025	 iter
777	 9.179740e-05	 1026	 iter
778	 9.179740e-05	 1027	 iter
779	 9.047682e-05	 1029	 iter
780	 9.047682e-05	 1030	 iter
781	 9.047682e-05	 1031	 iter
782	 9.047682e-05	 1033	 iter
783	 9.047682e-05	 1035	 iter
784	 9.047682e-05	 1036	 iter
785	 9.047682e-05	 1037	 iter
786	 9.047682e-05	 1039	 iter
787	 9.047682e-05	 1040	 iter
788	 9.047682e-05	 1041	 iter
789	 9.047682e-05	 1042	 iter
790	 9.047682e-05	 1043	 iter
791	 9.015374e-05	 1045	 iter
792	 9.015374e-05	 1047	 iter
793	 8.897875e-05	 1049	 iter
794	 8.897875e-05	 1050	 iter
795	 8.897875e-05	 1051	 iter
796	 8.897875e-05	 1052	 iter
797	 8.897875e-05	 1054	 iter
798	 8.897875e-05	 1055	 iter
799	 8.897875e-05	 1056	 iter
800	 8.897875e-05	 1058	 iter
801	 8.897875e-05	 1059	 iter
802	 8.879932e-05	 1061	 iter
803	 8.879932e-05	 1062	 iter
804	 8.823249e-05	 1064	 iter
805	 8.823249e-05	 1065	 iter
806	 8.823249e-05	 1067	 iter
807	 8.823249e-05	 1068	 iter
808	 8.823249e-05	 1069	 iter
809	 8.798301e-05	 1071	 iter
810	 8.798301e-05	 1073	 iter
811	 8.798301e-05	 1074	 iter
812	 8.798301e-05	 1076	 iter
813	 8.798301e-05	 1077	 iter
814	 8.798301e-05	 1078	 iter
815	 8.798301e-05	 1079	 iter
816	 8.798301e-05	 1080	 iter
817	 8.798301e-05	 1081	 iter
818	 8.798301e-05	 1082	 iter
819	 8.798301e-05	 1083	 iter
820	 8.741823e-05	 1085	 iter
821	 8.741823e-05	 1086	 iter
822	 8.741823e-05	 1087	 iter
823	 8.741823e-05	 1089	 iter
824	 8.741823e-05	 1091	 iter
825	 8.741823e-05	 1092	 iter
826	 8.709241e-05	 1094	 iter
827	 8.709241e-05	 1095	 iter
828	 8.709241e-05	 1096	 iter
829	 8.709241e-05	 1098	 iter
830	 8.705363e-05	 1100	 iter
831	 8.705363e-05	 1101	 iter
832	 8.705363e-05	 1102	 iter
833	 8.705363e-05	 1103	 iter
834	 8.705363e-05	 1104	 iter
835	 8.705363e-05	 1105	 iter
836	 8.705363e-05	 1106	 iter
837	 8.705363e-05	 1108	 iter
838	 8.645589e-05	 1110	 iter
839	 8.645589e-05	 1111	 iter
840	 8.645589e-05	 1112	 iter
841	 8.645589e-05	 1113	 iter
842	 8.645589e-05	 1114	 iter
843	 8.575828e-05	 1116	 iter
844	 8.575828e-05	 1117	 iter
845	 8.575828e-05	 1118	 iter
846	 8.575828e-05	 1119	 iter
847	 8.575828e-05	 1120	 iter
848	 8.575828e-05	 1121	 iter
849	 8.575828e-05	 1122	 iter
850	 8.575358e-05	 1124	 iter
851	 8.575358e-05	 1125	 iter
852	 8.575358e-05	 1127	 iter
853	 8.575358e-05	 1128	 iter
854	 8.575358e-05	 1129	 iter
855	 8.575358e-05	 1130	 iter
856	 8.575358e-05	 1131	 iter
857	 8.575358e-05	 1132	 iter
858	 8.575358e-05	 1133	 iter
859	 8.575358e-05	 1134	 iter
860	 8.575358e-05	 1135	 iter
861	 8.575358e-05	 1136	 iter
862	 8.575358e-05	 1137	 iter
863	 8.575358e-05	 1138	 iter
864	 8.575358e-05	 1140	 iter
865	 8.575358e-05	 1141	 iter
866	 8.575358e-05	 1142	 iter
867	 8.566113e-05	 1144	 iter
868	 8.566113e-05	 1145	 iter
869	 8.566113e-05	 1146	 iter
870	 8.552657e-05	 1148	 iter
871	 8.552657e-05	 1149	 iter
872	 8.552657e-05	 1150	 iter
873	 8.544788e-05	 1152	 iter
874	 8.544788e-05	 1154	 iter
875	 8.539929e-05	 1156	 iter
876	 8.518348e-05	 1158	 iter
877	 8.518348e-05	 1160	 iter
878	 8.518348e-05	 1161	 iter
879	 8.518348e-05	 1163	 iter
880	 8.518348e-05	 1165	 iter
881	 8.518348e-05	 1167	 iter
882	 8.518348e-05	 1169	 iter
883	 8.518348e-05	 1170	 iter
884	 8.518348e-05	 1172	 iter
885	 8.505267e-05	 1174	 iter
886	 8.505267e-05	 1175	 iter
887	 8.505267e-05	 1176	 iter
888	 8.505267e-05	 1177	 iter
889	 8.505267e-05	 1178	 iter
890	 8.505267e-05	 1179	 iter
891	 8.505267e-05	 1181	 iter
892	 8.505267e-05	 1183	 iter
893	 8.505267e-05	 1185	 iter
894	 8.505267e-05	 1187	 iter
895	 8.505267e-05	 1189	 iter
896	 8.505267e-05	 1190	 iter
897	 8.505267e-05	 1191	 iter
898	 8.505267e-05	 1192	 iter
899	 8.505267e-05	 1193	 iter
900	 8.505267e-05	 1195	 iter
901	 8.505267e-05	 1196	 iter
902	 8.505267e-05	 1197	 iter
903	 8.505267e-05	 1199	 iter
904	 8.505267e-05	 1200	 iter
905	 8.505267e-05	 1201	 iter
906	 8.505267e-05	 1202	 iter
907	 8.497752e-05	 1204	 iter
908	 8.497752e-05	 1205	 iter
909	 8.495544e-05	 1207	 iter
910	 8.495544e-05	 1208	 iter
911	 8.495544e-05	 1209	 iter
912	 8.489318e-05	 1211	 iter
913	 8.489318e-05	 1212	 iter
914	 8.489318e-05	 1214	 iter
915	 8.489318e-05	 1215	 iter
916	 8.489318e-05	 1216	 iter
917	 8.465966e-05	 1218	 iter
918	 8.465966e-05	 1219	 iter
919	 8.465966e-05	 1220	 iter
920	 8.465966e-05	 1221	 iter
921	 8.465966e-05	 1222	 iter
922	 8.465966e-05	 1223	 iter
923	 8.465966e-05	 1224	 iter
924	 8.465966e-05	 1225	 iter
925	 8.465966e-05	 1226	 iter
926	 8.465966e-05	 1227	 iter
927	 8.465966e-05	 1228	 iter
928	 8.465966e-05	 1229	 iter
929	 8.465966e-05	 1230	 iter
930	 8.453121e-05	 1232	 iter
931	 8.436079e-05	 1234	 iter
932	 8.436079e-05	 1235	 iter
933	 8.436079e-05	 1236	 iter
934	 8.436079e-05	 1237	 iter
935	 8.436079e-05	 1238	 iter
936	 8.436079e-05	 1239	 iter
937	 8.436079e-05	 1240	 iter
938	 8.436079e-05	 1241	 iter
939	 8.436079e-05	 1242	 iter
940	 8.436079e-05	 1243	 iter
941	 8.434198e-05	 1245	 iter
942	 8.434198e-05	 1246	 iter
943	 8.427936e-05	 1248	 iter
944	 8.427936e-05	 1249	 iter
945	 8.427936e-05	 1250	 iter
946	 8.421598e-05	 1252	 iter
947	 8.421598e-05	 1253	 iter
948	 8.406673e-05	 1255	 iter
949	 8.406673e-05	 1256	 iter
950	 8.406673e-05	 1257	 iter
951	 8.406673e-05	 1258	 iter
952	 8.406673e-05	 1259	 iter
953	 8.406673e-05	 1260	 iter
954	 8.406673e-05	 1261	 iter
955	 8.402238e-05	 1263	 iter
956	 8.402238e-05	 1264	 iter
957	 8.402238e-05	 1265	 iter
958	 8.402238e-05	 1266	 iter
959	 8.402238e-05	 1267	 iter
960	 8.402238e-05	 1268	 iter
961	 8.399528e-05	 1270	 iter
962	 8.396453e-05	 1272	 iter
963	 8.396453e-05	 1273	 iter
964	 8.396453e-05	 1274	 iter
965	 8.396453e-05	 1275	 iter
966	 8.396453e-05	 1276	 iter
967	 8.383796e-05	 1278	 iter
968	 8.383796e-05	 1279	 iter
969	 8.383796e-05	 1280	 iter
970	 8.373687e-05	 1282	 iter
971	 8.373687e-05	 1284	 iter
972	 8.373687e-05	 1285	 iter
973	 8.373687e-05	 1286	 iter
974	 8.373687e-05	 1288	 iter
975	 8.373687e-05	 1289	 iter
976	 8.373687e-05	 1290	 iter
977	 8.373687e-05	 1291	 iter
978	 8.373687e-05	 1292	 iter
979	 8.373687e-05	 1293	 iter
980	 8.373687e-05	 1294	 iter
981	 8.373687e-05	 1295	 iter
982	 8.373687e-05	 1296	 iter
983	 8.373687e-05	 1297	 iter
984	 8.373687e-05	 1298	 iter
985	 8.373687e-05	 1299	 iter
986	 8.373687e-05	 1301	 iter
987	 8.373687e-05	 1302	 iter
988	 8.373687e-05	 1303	 iter
989	 8.373687e-05	 1304	 iter
990	 8.373687e-05	 1305	 iter
991	 8.365063e-05	 1307	 iter
992	 8.365063e-05	 1308	 iter
993	 8.361552e-05	 1310	 iter
994	 8.361552e-05	 1311	 iter
995	 8.361552e-05	 1312	 iter
996	 8.361552e-05	 1313	 iter
997	 8.361552e-05	 1314	 iter
998	 8.361552e-05	 1315	 iter
999	 8.361552e-05	 1316	 iter
1000	 8.361552e-05	 1317	 iter
1001	 8.361552e-05	 1318	 iter
1002	 8.361552e-05	 1320	 iter
1003	 8.361552e-05	 1321	 iter
1004	 8.361552e-05	 1323	 iter
1005	 8.361552e-05	 1325	 iter
1006	 8.361552e-05	 1326	 iter
1007	 8.361552e-05	 1327	 iter
1008	 8.353174e-05	 1329	 iter
1009	 8.353174e-05	 1331	 iter
1010	 8.353174e-05	 1332	 iter
1011	 8.353174e-05	 1333	 iter
1012	 8.353174e-05	 1334	 iter
1013	 8.353174e-05	 1336	 iter
1014	 8.353174e-05	 1337	 iter
1015	 8.353174e-05	 1338	 iter
1016	 8.353174e-05	 1340	 iter
1017	 8.353035e-05	 1342	 iter
1018	 8.353035e-05	 1344	 iter
1019	 8.353035e-05	 1345	 iter
1020	 8.353035e-05	 1346	 iter
1021	 8.353035e-05	 1347	 iter
1022	 8.353035e-05	 1349	 iter
1023	 8.353035e-05	 1350	 iter
1024	 8.353035e-05	 1351	 iter
1025	 8.353035e-05	 1352	 iter
1026	 8.352188e-05	 1354	 iter
1027	 8.352188e-05	 1355	 iter
1028	 8.352188e-05	 1356	 iter
1029	 8.349657e-05	 1358	 iter
1030	 8.347506e-05	 1360	 iter
1031	 8.347506e-05	 1361	 iter
1032	 8.347506e-05	 1362	 iter
1033	 8.347506e-05	 1363	 iter
1034	 8.347506e-05	 1364	 iter
1035	 8.347506e-05	 1365	 iter
1036	 8.344996e-05	 1367	 iter
1037	 8.342445e-05	 1369	 iter
1038	 8.342445e-05	 1370	 iter
1039	 8.342445e-05	 1371	 iter
1040	 8.325097e-05	 1373	 iter
1041	 8.325097e-05	 1374	 iter
1042	 8.325097e-05	 1375	 iter
1043	 8.325097e-05	 1376	 iter
1044	 8.325097e-05	 1377	 iter
1045	 8.325097e-05	 1378	 iter
1046	 8.325097e-05	 1379	 iter
1047	 8.325097e-05	 1380	 iter
1048	 8.325097e-05	 1381	 iter
1049	 8.325097e-05	 1382	 iter
1050	 8.325097e-05	 1383	 iter
1051	 8.325097e-05	 1384	 iter
1052	 8.325097e-05	 1385	 iter
1053	 8.325097e-05	 1386	 iter
1054	 8.315476e-05	 1388	 iter
1055	 8.315476e-05	 1389	 iter
1056	 8.315476e-05	 1390	 iter
1057	 8.315476e-05	 1391	 iter
1058	 8.315476e-05	 1392	 iter
1059	 8.315476e-05	 1393	 iter
1060	 8.315476e-05	 1394	 iter
1061	 8.298101e-05	 1396	 iter
1062	 8.298101e-05	 1397	 iter
1063	 8.298101e-05	 1398	 iter
1064	 8.298101e-05	 1399	 iter
1065	 8.298101e-05	 1400	 iter
1066	 8.298101e-05	 1401	 iter
1067	 8.298101e-05	 1402	 iter
1068	 8.298101e-05	 1403	 iter
1069	 8.298101e-05	 1404	 iter
1070	 8.289376e-05	 1406	 iter
1071	 8.289376e-05	 1407	 iter
1072	 8.289376e-05	 1408	 iter
1073	 8.284794e-05	 1410	 iter
1074	 8.284794e-05	 1411	 iter
1075	 8.284794e-05	 1412	 iter
1076	 8.276000e-05	 1414	 iter
1077	 8.270219e-05	 1416	 iter
1078	 8.265279e-05	 1418	 iter
1079	 8.258410e-05	 1420	 iter
1080	 8.258410e-05	 1421	 iter
1081	 8.258410e-05	 1422	 iter
1082	 8.247584e-05	 1424	 iter
1083	 8.239870e-05	 1426	 iter
1084	 8.213277e-05	 1428	 iter
1085	 8.213277e-05	 1429	 iter
1086	 8.213277e-05	 1430	 iter
1087	 8.213277e-05	 1431	 iter
1088	 8.197425e-05	 1433	 iter
1089	 8.197425e-05	 1434	 iter
1090	 8.197425e-05	 1435	 iter
1091	 8.197425e-05	 1436	 iter
1092	 8.152748e-05	 1438	 iter
1093	 8.152748e-05	 1439	 iter
1094	 8.152748e-05	 1440	 iter
1095	 8.152748e-05	 1441	 iter
1096	 8.119818e-05	 1443	 iter
1097	 8.119818e-05	 1444	 iter
1098	 8.119818e-05	 1445	 iter
1099	 8.119818e-05	 1446	 iter
1100	 8.119818e-05	 1447	 iter
1101	 8.062169e-05	 1449	 iter
1102	 8.062169e-05	 1450	 iter
1103	 8.062169e-05	 1451	 iter
1104	 8.062169e-05	 1452	 iter
1105	 8.062169e-05	 1453	 iter
1106	 8.062169e-05	 1454	 iter
1107	 8.062169e-05	 1455	 iter
1108	 8.051140e-05	 1457	 iter
1109	 8.051140e-05	 1458	 iter
1110	 8.051140e-05	 1459	 iter
1111	 8.050929e-05	 1461	 iter
1112	 8.033874e-05	 1463	 iter
1113	 7.979458e-05	 1465	 iter
1114	 7.979458e-05	 1466	 iter
1115	 7.979458e-05	 1467	 iter
1116	 7.979458e-05	 1468	 iter
1117	 7.979458e-05	 1469	 iter
1118	 7.979458e-05	 1470	 iter
1119	 7.856916e-05	 1472	 iter
1120	 7.856916e-05	 1473	 iter
1121	 7.856916e-05	 1474	 iter
1122	 7.856916e-05	 1475	 iter
1123	 7.856916e-05	 1476	 iter
1124	 7.856916e-05	 1477	 iter
1125	 7.856916e-05	 1478	 iter
1126	 7.856916e-05	 1479	 iter
1127	 7.856916e-05	 1480	 iter
1128	 7.771404e-05	 1482	 iter
1129	 7.771404e-05	 1483	 iter
1130	 7.771404e-05	 1484	 iter
1131	 7.771404e-05	 1485	 iter
1132	 7.771404e-05	 1486	 iter
1133	 7.771404e-05	 1487	 iter
1134	 7.771404e-05	 1488	 iter
1135	 7.771404e-05	 1489	 iter
1136	 7.771404e-05	 1490	 iter
1137	 7.771404e-05	 1491	 iter
1138	 7.771404e-05	 1492	 iter
1139	 7.771404e-05	 1493	 iter
1140	 7.692686e-05	 1495	 iter
1141	 7.692686e-05	 1496	 iter
1142	 7.692686e-05	 1497	 iter
1143	 7.692686e-05	 1498	 iter
1144	 7.692686e-05	 1499	 iter
1145	 7.659588e-05	 1501	 iter
1146	 7.560517e-05	 1503	 iter
1147	 7.560517e-05	 1504	 iter
1148	 7.560517e-05	 1505	 iter
1149	 7.560517e-05	 1506	 iter
1150	 7.560517e-05	 1507	 iter
1151	 7.560517e-05	 1508	 iter
1152	 7.560517e-05	 1509	 iter
1153	 7.560517e-05	 1510	 iter
1154	 7.560517e-05	 1511	 iter
1155	 7.521864e-05	 1513	 iter
1156	 7.459429e-05	 1515	 iter
1157	 7.371742e-05	 1517	 iter
1158	 7.371742e-05	 1518	 iter
1159	 7.371742e-05	 1519	 iter
1160	 7.371742e-05	 1520	 iter
1161	 7.322195e-05	 1522	 iter
1162	 7.322195e-05	 1523	 iter
1163	 7.322195e-05	 1524	 iter
1164	 7.322195e-05	 1525	 iter
1165	 7.304177e-05	 1527	 iter
1166	 7.304177e-05	 1528	 iter
1167	 7.304177e-05	 1529	 iter
1168	 7.291797e-05	 1531	 iter
1169	 7.290927e-05	 1533	 iter
1170	 7.290927e-05	 1534	 iter
1171	 7.290927e-05	 1535	 iter
1172	 7.290927e-05	 1536	 iter
1173	 7.290927e-05	 1537	 iter
1174	 7.290927e-05	 1538	 iter
1175	 7.290927e-05	 1539	 iter
1176	 7.290927e-05	 1540	 iter
1177	 7.236927e-05	 1542	 iter
1178	 7.233882e-05	 1544	 iter
1179	 7.233882e-05	 1545	 iter
1180	 7.233882e-05	 1547	 iter
1181	 7.190411e-05	 1549	 iter
1182	 7.190411e-05	 1550	 iter
1183	 7.190411e-05	 1552	 iter
1184	 7.190411e-05	 1553	 iter
1185	 7.190411e-05	 1555	 iter
1186	 7.190411e-05	 1556	 iter
1187	 7.190411e-05	 1557	 iter
1188	 7.174863e-05	 1559	 iter
1189	 7.174863e-05	 1560	 iter
1190	 7.174863e-05	 1561	 iter
1191	 7.174863e-05	 1562	 iter
1192	 7.174863e-05	 1564	 iter
1193	 7.174863e-05	 1565	 iter
1194	 7.151523e-05	 1567	 iter
1195	 7.151523e-05	 1568	 iter
1196	 7.151523e-05	 1569	 iter
1197	 7.151523e-05	 1571	 iter
1198	 7.082327e-05	 1573	 iter
1199	 7.082327e-05	 1574	 iter
1200	 7.082327e-05	 1575	 iter
1201	 7.082327e-05	 1576	 iter
1202	 7.082327e-05	 1577	 iter
1203	 7.082327e-05	 1579	 iter
1204	 7.082327e-05	 1580	 iter
1205	 7.082327e-05	 1581	 iter
1206	 7.082327e-05	 1582	 iter
1207	 7.082327e-05	 1583	 iter
1208	 7.082327e-05	 1584	 iter
1209	 7.082327e-05	 1585	 iter
1210	 7.082327e-05	 1586	 iter
1211	 7.042172e-05	 1588	 iter
1212	 7.042172e-05	 1589	 iter
1213	 7.042172e-05	 1590	 iter
1214	 7.023013e-05	 1592	 iter
1215	 7.023013e-05	 1593	 iter
1216	 7.023013e-05	 1594	 iter
1217	 7.023013e-05	 1595	 iter
1218	 7.015830e-05	 1597	 iter
1219	 7.015830e-05	 1598	 iter
1220	 7.015830e-05	 1599	 iter
1221	 7.015830e-05	 1600	 iter
1222	 6.995008e-05	 1602	 iter
1223	 6.994335e-05	 1604	 iter
1224	 6.994335e-05	 1605	 iter
1225	 6.994335e-05	 1606	 iter
1226	 6.994335e-05	 1607	 iter
1227	 6.994335e-05	 1608	 iter
1228	 6.994335e-05	 1610	 iter
1229	 6.994335e-05	 1611	 iter
1230	 6.994335e-05	 1612	 iter
1231	 6.994335e-05	 1613	 iter
1232	 6.994335e-05	 1614	 iter
1233	 6.994335e-05	 1615	 iter
1234	 6.973683e-05	 1617	 iter
1235	 6.973683e-05	 1618	 iter
1236	 6.973683e-05	 1620	 iter
1237	 6.973683e-05	 1621	 iter
1238	 6.946398e-05	 1623	 iter
1239	 6.946398e-05	 1624	 iter
1240	 6.946398e-05	 1626	 iter
1241	 6.946398e-05	 1627	 iter
1242	 6.946398e-05	 1629	 iter
1243	 6.946398e-05	 1630	 iter
1244	 6.943136e-05	 1632	 iter
1245	 6.943136e-05	 1633	 iter
1246	 6.922806e-05	 1635	 iter
1247	 6.922806e-05	 1637	 iter
1248	 6.922806e-05	 1638	 iter
1249	 6.922806e-05	 1640	 iter
1250	 6.922806e-05	 1641	 iter
1251	 6.922806e-05	 1642	 iter
1252	 6.922806e-05	 1643	 iter
1253	 6.922806e-05	 1644	 iter
1254	 6.922806e-05	 1645	 iter
1255	 6.922806e-05	 1646	 iter
1256	 6.922806e-05	 1647	 iter
1257	 6.889213e-05	 1649	 iter
1258	 6.889213e-05	 1650	 iter
1259	 6.889213e-05	 1651	 iter
1260	 6.889213e-05	 1652	 iter
1261	 6.881462e-05	 1654	 iter
1262	 6.881462e-05	 1655	 iter
1263	 6.881462e-05	 1656	 iter
1264	 6.857687e-05	 1658	 iter
1265	 6.857687e-05	 1659	 iter
1266	 6.857687e-05	 1660	 iter
1267	 6.852710e-05	 1662	 iter
1268	 6.852710e-05	 1663	 iter
1269	 6.845158e-05	 1665	 iter
1270	 6.845158e-05	 1666	 iter
1271	 6.845158e-05	 1667	 iter
1272	 6.845158e-05	 1668	 iter
1273	 6.845158e-05	 1669	 iter
1274	 6.845158e-05	 1670	 iter
1275	 6.845158e-05	 1671	 iter
1276	 6.845158e-05	 1672	 iter
1277	 6.845158e-05	 1673	 iter
1278	 6.815360e-05	 1675	 iter
1279	 6.815360e-05	 1676	 iter
1280	 6.811206e-05	 1678	 iter
1281	 6.811206e-05	 1679	 iter
1282	 6.811206e-05	 1681	 iter
1283	 6.811206e-05	 1682	 iter
1284	 6.811206e-05	 1683	 iter
1285	 6.811206e-05	 1684	 iter
1286	 6.802818e-05	 1686	 iter
1287	 6.787865e-05	 1688	 iter
1288	 6.787865e-05	 1689	 iter
1289	 6.787865e-05	 1690	 iter
1290	 6.787865e-05	 1691	 iter
1291	 6.787865e-05	 1692	 iter
1292	 6.787865e-05	 1693	 iter
1293	 6.787865e-05	 1694	 iter
1294	 6.787865e-05	 1695	 iter
1295	 6.787865e-05	 1696	 iter
1296	 6.787865e-05	 1697	 iter
1297	 6.787865e-05	 1698	 iter
1298	 6.787865e-05	 1699	 iter
1299	 6.787865e-05	 1700	 iter
1300	 6.787865e-05	 1701	 iter
1301	 6.783711e-05	 1703	 iter
1302	 6.736060e-05	 1705	 iter
1303	 6.736060e-05	 1706	 iter
1304	 6.736060e-05	 1707	 iter
1305	 6.736060e-05	 1708	 iter
1306	 6.736060e-05	 1710	 iter
1307	 6.736060e-05	 1711	 iter
1308	 6.736060e-05	 1712	 iter
1309	 6.736060e-05	 1713	 iter
1310	 6.736060e-05	 1714	 iter
1311	 6.736060e-05	 1715	 iter
1312	 6.736060e-05	 1716	 iter
1313	 6.736060e-05	 1717	 iter
1314	 6.736060e-05	 1718	 iter
1315	 6.736060e-05	 1719	 iter
1316	 6.736060e-05	 1720	 iter
1317	 6.736060e-05	 1722	 iter
1318	 6.736060e-05	 1724	 iter
1319	 6.736060e-05	 1725	 iter
1320	 6.736060e-05	 1726	 iter
1321	 6.736060e-05	 1727	 iter
1322	 6.736060e-05	 1728	 iter
1323	 6.736060e-05	 1729	 iter
1324	 6.736060e-05	 1730	 iter
1325	 6.713627e-05	 1732	 iter
1326	 6.671271e-05	 1734	 iter
1327	 6.671271e-05	 1735	 iter
1328	 6.671271e-05	 1736	 iter
1329	 6.671271e-05	 1737	 iter
1330	 6.671271e-05	 1738	 iter
1331	 6.671271e-05	 1739	 iter
1332	 6.671271e-05	 1741	 iter
1333	 6.671271e-05	 1742	 iter
1334	 6.671271e-05	 1743	 iter
1335	 6.671271e-05	 1744	 iter
1336	 6.671271e-05	 1745	 iter
1337	 6.671271e-05	 1746	 iter
1338	 6.671271e-05	 1747	 iter
1339	 6.671271e-05	 1748	 iter
1340	 6.671271e-05	 1749	 iter
1341	 6.671271e-05	 1750	 iter
1342	 6.671271e-05	 1751	 iter
1343	 6.670443e-05	 1753	 iter
1344	 6.670443e-05	 1754	 iter
1345	 6.670443e-05	 1755	 iter
1346	 6.670443e-05	 1756	 iter
1347	 6.640162e-05	 1758	 iter
1348	 6.640162e-05	 1759	 iter
1349	 6.640162e-05	 1760	 iter
1350	 6.640162e-05	 1761	 iter
1351	 6.640162e-05	 1762	 iter
1352	 6.640162e-05	 1763	 iter
1353	 6.640162e-05	 1764	 iter
1354	 6.640162e-05	 1765	 iter
1355	 6.606840e-05	 1767	 iter
1356	 6.606840e-05	 1768	 iter
1357	 6.606840e-05	 1769	 iter
1358	 6.606840e-05	 1770	 iter
1359	 6.606840e-05	 1771	 iter
1360	 6.604778e-05	 1773	 iter
1361	 6.604778e-05	 1774	 iter
1362	 6.596237e-05	 1776	 iter
1363	 6.596237e-05	 1777	 iter
1364	 6.596237e-05	 1778	 iter
1365	 6.596237e-05	 1779	 iter
1366	 6.539178e-05	 1781	 iter
1367	 6.539178e-05	 1782	 iter
1368	 6.539178e-05	 1783	 iter
1369	 6.539178e-05	 1784	 iter
1370	 6.539178e-05	 1785	 iter
1371	 6.539178e-05	 1786	 iter
1372	 6.539178e-05	 1787	 iter
1373	 6.539178e-05	 1788	 iter
1374	 6.539178e-05	 1789	 iter
1375	 6.539178e-05	 1790	 iter
1376	 6.539178e-05	 1791	 iter
1377	 6.539178e-05	 1792	 iter
1378	 6.539178e-05	 1793	 iter
1379	 6.539178e-05	 1794	 iter
1380	 6.517148e-05	 1796	 iter
1381	 6.517148e-05	 1797	 iter
1382	 6.512318e-05	 1799	 iter
1383	 6.512318e-05	 1800	 iter
1384	 6.511575e-05	 1802	 iter
1385	 6.511575e-05	 1803	 iter
1386	 6.503204e-05	 1805	 iter
1387	 6.503204e-05	 1806	 iter
1388	 6.503204e-05	 1807	 iter
1389	 6.503204e-05	 1808	 iter
1390	 6.503204e-05	 1809	 iter
1391	 6.492518e-05	 1811	 iter
1392	 6.492518e-05	 1812	 iter
1393	 6.492518e-05	 1813	 iter
1394	 6.481842e-05	 1815	 iter
1395	 6.469816e-05	 1817	 iter
1396	 6.469816e-05	 1818	 iter
1397	 6.469816e-05	 1819	 iter
1398	 6.469816e-05	 1820	 iter
1399	 6.469816e-05	 1821	 iter
1400	 6.469816e-05	 1822	 iter
1401	 6.469816e-05	 1823	 iter
1402	 6.469816e-05	 1824	 iter
1403	 6.469816e-05	 1825	 iter
1404	 6.469816e-05	 1826	 iter
1405	 6.469816e-05	 1827	 iter
1406	 6.469816e-05	 1828	 iter
1407	 6.469816e-05	 1830	 iter
1408	 6.469816e-05	 1832	 iter
1409	 6.469816e-05	 1833	 iter
1410	 6.457259e-05	 1835	 iter
1411	 6.457259e-05	 1836	 iter
1412	 6.457259e-05	 1837	 iter
1413	 6.457259e-05	 1838	 iter
1414	 6.457259e-05	 1839	 iter
1415	 6.457259e-05	 1840	 iter
1416	 6.448461e-05	 1842	 iter
1417	 6.448461e-05	 1843	 iter
1418	 6.441858e-05	 1845	 iter
1419	 6.441858e-05	 1847	 iter
1420	 6.441858e-05	 1848	 iter
1421	 6.441858e-05	 1849	 iter
1422	 6.441858e-05	 1850	 iter
1423	 6.441858e-05	 1851	 iter
1424	 6.441858e-05	 1853	 iter
1425	 6.422034e-05	 1855	 iter
1426	 6.422034e-05	 1856	 iter
1427	 6.422034e-05	 1857	 iter
1428	 6.422034e-05	 1858	 iter
1429	 6.422034e-05	 1859	 iter
1430	 6.422034e-05	 1860	 iter
1431	 6.422034e-05	 1861	 iter
1432	 6.422034e-05	 1862	 iter
1433	 6.417862e-05	 1864	 iter
1434	 6.417862e-05	 1865	 iter
1435	 6.417862e-05	 1867	 iter
1436	 6.417862e-05	 1869	 iter
1437	 6.417862e-05	 1870	 iter
1438	 6.395684e-05	 1872	 iter
1439	 6.395684e-05	 1873	 iter
1440	 6.395684e-05	 1874	 iter
1441	 6.395684e-05	 1875	 iter
1442	 6.390652e-05	 1877	 iter
1443	 6.382451e-05	 1879	 iter
1444	 6.382451e-05	 1880	 iter
1445	 6.382451e-05	 1881	 iter
1446	 6.382451e-05	 1882	 iter
1447	 6.382451e-05	 1883	 iter
1448	 6.382451e-05	 1884	 iter
1449	 6.368693e-05	 1886	 iter
1450	 6.368693e-05	 1887	 iter
1451	 6.368693e-05	 1888	 iter
1452	 6.368693e-05	 1889	 iter
1453	 6.368693e-05	 1890	 iter
1454	 6.368693e-05	 1891	 iter
1455	 6.368693e-05	 1892	 iter
1456	 6.348918e-05	 1894	 iter
1457	 6.348918e-05	 1895	 iter
1458	 6.348918e-05	 1896	 iter
1459	 6.348918e-05	 1897	 iter
1460	 6.348918e-05	 1898	 iter
1461	 6.348918e-05	 1899	 iter
1462	 6.348918e-05	 1900	 iter
1463	 6.348918e-05	 1901	 iter
1464	 6.348918e-05	 1902	 iter
1465	 6.348918e-05	 1903	 iter
1466	 6.344447e-05	 1905	 iter
1467	 6.344447e-05	 1906	 iter
1468	 6.344447e-05	 1907	 iter
1469	 6.344447e-05	 1908	 iter
1470	 6.344447e-05	 1910	 iter
1471	 6.327996e-05	 1912	 iter
1472	 6.327996e-05	 1913	 iter
1473	 6.327996e-05	 1914	 iter
1474	 6.327996e-05	 1915	 iter
1475	 6.327996e-05	 1916	 iter
1476	 6.327996e-05	 1917	 iter
1477	 6.327996e-05	 1918	 iter
1478	 6.327996e-05	 1919	 iter
1479	 6.303805e-05	 1921	 iter
1480	 6.303805e-05	 1923	 iter
1481	 6.303805e-05	 1924	 iter
1482	 6.303805e-05	 1925	 iter
1483	 6.303805e-05	 1926	 iter
1484	 6.303805e-05	 1927	 iter
1485	 6.303805e-05	 1928	 iter
1486	 6.303805e-05	 1929	 iter
1487	 6.303805e-05	 1930	 iter
1488	 6.303805e-05	 1931	 iter
1489	 6.293297e-05	 1933	 iter
1490	 6.293297e-05	 1934	 iter
1491	 6.293297e-05	 1935	 iter
1492	 6.293297e-05	 1936	 iter
1493	 6.282533e-05	 1938	 iter
1494	 6.282533e-05	 1939	 iter
1495	 6.282533e-05	 1940	 iter
1496	 6.282533e-05	 1941	 iter
1497	 6.282533e-05	 1942	 iter
1498	 6.282533e-05	 1943	 iter
1499	 6.264889e-05	 1945	 iter
1500	 6.264889e-05	 1946	 iter
1501	 6.264889e-05	 1947	 iter
1502	 6.264889e-05	 1948	 iter
1503	 6.264889e-05	 1949	 iter
1504	 6.253561e-05	 1951	 iter
1505	 6.253561e-05	 1952	 iter
1506	 6.253561e-05	 1953	 iter
1507	 6.248282e-05	 1955	 iter
1508	 6.248282e-05	 1956	 iter
1509	 6.248282e-05	 1957	 iter
1510	 6.248282e-05	 1958	 iter
1511	 6.248282e-05	 1959	 iter
1512	 6.229227e-05	 1961	 iter
1513	 6.229227e-05	 1962	 iter
1514	 6.229227e-05	 1963	 iter
1515	 6.229227e-05	 1964	 iter
1516	 6.229227e-05	 1965	 iter
1517	 6.229227e-05	 1966	 iter
1518	 6.229227e-05	 1967	 iter
1519	 6.229227e-05	 1968	 iter
1520	 6.229227e-05	 1969	 iter
1521	 6.229227e-05	 1970	 iter
1522	 6.229227e-05	 1971	 iter
1523	 6.191941e-05	 1973	 iter
1524	 6.191941e-05	 1974	 iter
1525	 6.191941e-05	 1975	 iter
1526	 6.191941e-05	 1977	 iter
1527	 6.191941e-05	 1978	 iter
1528	 6.191941e-05	 1979	 iter
1529	 6.191941e-05	 1980	 iter
1530	 6.191941e-05	 1981	 iter
1531	 6.191941e-05	 1982	 iter
1532	 6.191941e-05	 1983	 iter
1533	 6.191941e-05	 1984	 iter
1534	 6.191941e-05	 1985	 iter
1535	 6.180172e-05	 1987	 iter
1536	 6.180172e-05	 1988	 iter
1537	 6.180172e-05	 1989	 iter
1538	 6.180172e-05	 1990	 iter
1539	 6.173122e-05	 1992	 iter
1540	 6.173122e-05	 1993	 iter
1541	 6.173122e-05	 1994	 iter
1542	 6.170981e-05	 1996	 iter
1543	 6.170981e-05	 1997	 iter
1544	 6.170981e-05	 1998	 iter
1545	 6.166408e-05	 2000	 iter
1546	 6.166408e-05	 2001	 iter
1547	 6.166408e-05	 2002	 iter
1548	 6.166408e-05	 2003	 iter
1549	 6.166408e-05	 2004	 iter
1550	 6.145787e-05	 2006	 iter
1551	 6.145787e-05	 2007	 iter
1552	 6.145787e-05	 2008	 iter
1553	 6.145787e-05	 2009	 iter
1554	 6.145787e-05	 2010	 iter
1555	 6.145787e-05	 2011	 iter
1556	 6.145787e-05	 2012	 iter
1557	 6.143093e-05	 2014	 iter
1558	 6.143093e-05	 2015	 iter
1559	 6.143093e-05	 2016	 iter
1560	 6.143093e-05	 2017	 iter
1561	 6.130173e-05	 2019	 iter
1562	 6.126597e-05	 2021	 iter
1563	 6.126597e-05	 2023	 iter
1564	 6.126597e-05	 2024	 iter
1565	 6.126597e-05	 2025	 iter
1566	 6.126597e-05	 2026	 iter
1567	 6.126597e-05	 2027	 iter
1568	 6.117300e-05	 2029	 iter
1569	 6.117300e-05	 2030	 iter
1570	 6.117300e-05	 2031	 iter
1571	 6.117300e-05	 2032	 iter
1572	 6.117300e-05	 2033	 iter
1573	 6.112937e-05	 2035	 iter
1574	 6.112937e-05	 2036	 iter
1575	 6.112937e-05	 2037	 iter
1576	 6.112937e-05	 2038	 iter
1577	 6.112937e-05	 2039	 iter
1578	 6.112937e-05	 2041	 iter
1579	 6.112937e-05	 2042	 iter
1580	 6.112937e-05	 2043	 iter
1581	 6.112937e-05	 2044	 iter
1582	 6.092514e-05	 2046	 iter
1583	 6.092514e-05	 2047	 iter
1584	 6.092514e-05	 2048	 iter
1585	 6.092514e-05	 2049	 iter
1586	 6.092514e-05	 2050	 iter
1587	 6.092514e-05	 2051	 iter
1588	 6.092514e-05	 2052	 iter
1589	 6.092514e-05	 2053	 iter
1590	 6.092514e-05	 2054	 iter
1591	 6.092514e-05	 2055	 iter
1592	 6.092514e-05	 2056	 iter
1593	 6.092514e-05	 2057	 iter
1594	 6.092514e-05	 2058	 iter
1595	 6.092514e-05	 2059	 iter
1596	 6.085557e-05	 2061	 iter
1597	 6.082895e-05	 2063	 iter
1598	 6.082895e-05	 2064	 iter
1599	 6.055887e-05	 2066	 iter
1600	 6.055887e-05	 2067	 iter
1601	 6.055887e-05	 2068	 iter
1602	 6.055887e-05	 2069	 iter
1603	 6.055887e-05	 2070	 iter
1604	 6.055887e-05	 2071	 iter
1605	 6.055887e-05	 2072	 iter
1606	 6.055887e-05	 2073	 iter
1607	 6.055887e-05	 2074	 iter
1608	 6.055827e-05	 2076	 iter
1609	 6.046308e-05	 2078	 iter
1610	 6.046308e-05	 2079	 iter
1611	 6.046308e-05	 2080	 iter
1612	 6.046308e-05	 2081	 iter
1613	 6.040244e-05	 2083	 iter
1614	 6.035457e-05	 2085	 iter
1615	 6.035300e-05	 2087	 iter
1616	 6.034050e-05	 2089	 iter
1617	 6.028159e-05	 2091	 iter
1618	 6.028159e-05	 2092	 iter
1619	 6.028159e-05	 2093	 iter
1620	 6.028159e-05	 2094	 iter
1621	 6.028159e-05	 2095	 iter
1622	 6.025640e-05	 2097	 iter
1623	 6.025640e-05	 2098	 iter
1624	 6.012783e-05	 2100	 iter
1625	 6.012783e-05	 2101	 iter
1626	 6.012783e-05	 2102	 iter
1627	 6.012783e-05	 2104	 iter
1628	 6.004162e-05	 2106	 iter
1629	 6.004162e-05	 2107	 iter
1630	 5.996312e-05	 2109	 iter
1631	 5.996312e-05	 2110	 iter
1632	 5.996312e-05	 2111	 iter
1633	 5.992077e-05	 2113	 iter
1634	 5.992077e-05	 2115	 iter
1635	 5.992077e-05	 2116	 iter
1636	 5.992077e-05	 2117	 iter
1637	 5.992077e-05	 2118	 iter
1638	 5.992077e-05	 2119	 iter
1639	 5.992077e-05	 2120	 iter
1640	 5.992077e-05	 2122	 iter
1641	 5.992077e-05	 2123	 iter
1642	 5.992077e-05	 2124	 iter
1643	 5.980688e-05	 2126	 iter
1644	 5.978615e-05	 2128	 iter
1645	 5.978615e-05	 2129	 iter
1646	 5.978615e-05	 2130	 iter
1647	 5.978615e-05	 2131	 iter
1648	 5.978615e-05	 2132	 iter
1649	 5.969101e-05	 2134	 iter
1650	 5.969101e-05	 2135	 iter
1651	 5.969101e-05	 2136	 iter
1652	 5.969101e-05	 2137	 iter
1653	 5.969101e-05	 2138	 iter
1654	 5.965053e-05	 2140	 iter
1655	 5.965053e-05	 2141	 iter
1656	 5.965053e-05	 2142	 iter
1657	 5.953785e-05	 2144	 iter
1658	 5.953785e-05	 2145	 iter
1659	 5.953785e-05	 2146	 iter
1660	 5.953785e-05	 2147	 iter
1661	 5.953785e-05	 2148	 iter
1662	 5.953785e-05	 2149	 iter
1663	 5.953785e-05	 2150	 iter
1664	 5.953785e-05	 2151	 iter
1665	 5.953785e-05	 2152	 iter
1666	 5.953785e-05	 2153	 iter
1667	 5.953785e-05	 2154	 iter
1668	 5.937960e-05	 2156	 iter
1669	 5.937960e-05	 2157	 iter
1670	 5.937960e-05	 2158	 iter
1671	 5.937846e-05	 2160	 iter
1672	 5.937846e-05	 2161	 iter
1673	 5.937846e-05	 2162	 iter
1674	 5.932058e-05	 2164	 iter
1675	 5.932058e-05	 2165	 iter
1676	 5.932058e-05	 2166	 iter
1677	 5.932058e-05	 2167	 iter
1678	 5.932058e-05	 2168	 iter
1679	 5.932058e-05	 2169	 iter
1680	 5.912586e-05	 2171	 iter
1681	 5.912586e-05	 2172	 iter
1682	 5.912586e-05	 2173	 iter
1683	 5.912586e-05	 2174	 iter
1684	 5.912586e-05	 2175	 iter
1685	 5.912586e-05	 2176	 iter
1686	 5.912586e-05	 2177	 iter
1687	 5.912586e-05	 2178	 iter
1688	 5.912586e-05	 2179	 iter
1689	 5.912586e-05	 2180	 iter
1690	 5.898614e-05	 2182	 iter
1691	 5.898614e-05	 2183	 iter
1692	 5.898614e-05	 2185	 iter
1693	 5.898614e-05	 2186	 iter
1694	 5.898614e-05	 2187	 iter
1695	 5.898614e-05	 2188	 iter
1696	 5.898614e-05	 2189	 iter
1697	 5.898614e-05	 2191	 iter
1698	 5.898614e-05	 2192	 iter
1699	 5.898614e-05	 2193	 iter
1700	 5.893405e-05	 2195	 iter
1701	 5.893405e-05	 2196	 iter
1702	 5.893405e-05	 2197	 iter
1703	 5.893405e-05	 2199	 iter
1704	 5.893405e-05	 2200	 iter
1705	 5.893405e-05	 2201	 iter
1706	 5.893405e-05	 2202	 iter
1707	 5.885027e-05	 2204	 iter
1708	 5.885027e-05	 2205	 iter
1709	 5.885027e-05	 2207	 iter
1710	 5.885027e-05	 2209	 iter
1711	 5.885027e-05	 2210	 iter
1712	 5.885027e-05	 2212	 iter
1713	 5.885027e-05	 2214	 iter
1714	 5.885027e-05	 2215	 iter
1715	 5.885027e-05	 2216	 iter
1716	 5.880482e-05	 2218	 iter
1717	 5.880482e-05	 2220	 iter
1718	 5.880482e-05	 2221	 iter
1719	 5.880482e-05	 2222	 iter
1720	 5.880482e-05	 2223	 iter
1721	 5.880482e-05	 2224	 iter
1722	 5.879721e-05	 2226	 iter
1723	 5.876107e-05	 2228	 iter
1724	 5.873753e-05	 2230	 iter
1725	 5.873753e-05	 2231	 iter
1726	 5.873753e-05	 2232	 iter
1727	 5.873753e-05	 2233	 iter
1728	 5.873753e-05	 2234	 iter
1729	 5.873753e-05	 2235	 iter
1730	 5.873753e-05	 2236	 iter
1731	 5.873753e-05	 2237	 iter
1732	 5.870013e-05	 2239	 iter
1733	 5.870013e-05	 2240	 iter
1734	 5.870013e-05	 2241	 iter
1735	 5.870013e-05	 2242	 iter
1736	 5.870013e-05	 2243	 iter
1737	 5.870013e-05	 2245	 iter
1738	 5.868899e-05	 2247	 iter
1739	 5.868763e-05	 2249	 iter
1740	 5.866194e-05	 2251	 iter
1741	 5.866194e-05	 2252	 iter
1742	 5.866194e-05	 2253	 iter
1743	 5.866194e-05	 2255	 iter
1744	 5.860540e-05	 2257	 iter
1745	 5.860540e-05	 2258	 iter
1746	 5.860540e-05	 2259	 iter
1747	 5.860540e-05	 2260	 iter
1748	 5.860540e-05	 2261	 iter
1749	 5.860540e-05	 2262	 iter
1750	 5.860540e-05	 2263	 iter
1751	 5.860540e-05	 2264	 iter
1752	 5.860540e-05	 2265	 iter
1753	 5.860540e-05	 2266	 iter
1754	 5.860540e-05	 2267	 iter
1755	 5.860540e-05	 2268	 iter
1756	 5.860540e-05	 2269	 iter
1757	 5.860540e-05	 2270	 iter
1758	 5.860540e-05	 2271	 iter
1759	 5.860540e-05	 2272	 iter
1760	 5.860540e-05	 2273	 iter
1761	 5.855437e-05	 2275	 iter
1762	 5.855437e-05	 2276	 iter
1763	 5.855437e-05	 2277	 iter
1764	 5.855250e-05	 2279	 iter
1765	 5.855250e-05	 2280	 iter
1766	 5.855250e-05	 2281	 iter
1767	 5.855250e-05	 2283	 iter
1768	 5.855250e-05	 2284	 iter
1769	 5.855250e-05	 2286	 iter
1770	 5.855250e-05	 2287	 iter
1771	 5.855250e-05	 2288	 iter
1772	 5.855250e-05	 2290	 iter
1773	 5.855250e-05	 2291	 iter
1774	 5.854594e-05	 2293	 iter
1775	 5.854594e-05	 2295	 iter
1776	 5.854594e-05	 2296	 iter
1777	 5.854594e-05	 2297	 iter
1778	 5.854594e-05	 2298	 iter
1779	 5.854594e-05	 2299	 iter
1780	 5.854594e-05	 2301	 iter
1781	 5.854594e-05	 2302	 iter
1782	 5.854065e-05	 2304	 iter
1783	 5.854065e-05	 2305	 iter
1784	 5.854065e-05	 2306	 iter
1785	 5.854065e-05	 2307	 iter
1786	 5.850014e-05	 2309	 iter
1787	 5.850014e-05	 2310	 iter
1788	 5.850014e-05	 2312	 iter
1789	 5.850014e-05	 2314	 iter
1790	 5.850014e-05	 2315	 iter
1791	 5.850014e-05	 2316	 iter
1792	 5.850014e-05	 2317	 iter
1793	 5.850014e-05	 2318	 iter
1794	 5.849167e-05	 2320	 iter
1795	 5.849167e-05	 2321	 iter
1796	 5.849167e-05	 2322	 iter
1797	 5.849167e-05	 2324	 iter
1798	 5.849167e-05	 2326	 iter
1799	 5.848936e-05	 2328	 iter
1800	 5.848936e-05	 2329	 iter
1801	 5.848936e-05	 2330	 iter
1802	 5.847660e-05	 2332	 iter
1803	 5.847660e-05	 2333	 iter
1804	 5.847660e-05	 2334	 iter
1805	 5.847660e-05	 2335	 iter
1806	 5.847660e-05	 2337	 iter
1807	 5.846842e-05	 2339	 iter
1808	 5.845589e-05	 2341	 iter
1809	 5.845589e-05	 2342	 iter
1810	 5.845589e-05	 2344	 iter
1811	 5.845589e-05	 2346	 iter
1812	 5.845589e-05	 2348	 iter
1813	 5.845589e-05	 2349	 iter
1814	 5.845589e-05	 2350	 iter
1815	 5.845589e-05	 2351	 iter
1816	 5.845589e-05	 2353	 iter
1817	 5.845589e-05	 2354	 iter
1818	 5.845589e-05	 2355	 iter
1819	 5.845235e-05	 2357	 iter
1820	 5.845235e-05	 2358	 iter
1821	 5.845235e-05	 2359	 iter
1822	 5.845235e-05	 2360	 iter
1823	 5.845235e-05	 2362	 iter
1824	 5.845235e-05	 2364	 iter
1825	 5.845235e-05	 2365	 iter
1826	 5.845235e-05	 2366	 iter
1827	 5.845235e-05	 2367	 iter
1828	 5.845235e-05	 2368	 iter
1829	 5.845235e-05	 2370	 iter
1830	 5.845235e-05	 2371	 iter
1831	 5.845235e-05	 2373	 iter
1832	 5.845019e-05	 2375	 iter
1833	 5.843915e-05	 2377	 iter
1834	 5.843915e-05	 2378	 iter
1835	 5.843915e-05	 2379	 iter
1836	 5.843915e-05	 2380	 iter
1837	 5.843915e-05	 2381	 iter
1838	 5.843915e-05	 2382	 iter
1839	 5.843260e-05	 2384	 iter
1840	 5.843260e-05	 2385	 iter
1841	 5.843260e-05	 2386	 iter
1842	 5.843260e-05	 2388	 iter
1843	 5.843260e-05	 2389	 iter
1844	 5.843260e-05	 2390	 iter
1845	 5.843260e-05	 2391	 iter
1846	 5.843260e-05	 2392	 iter
1847	 5.843260e-05	 2393	 iter
1848	 5.842002e-05	 2395	 iter
1849	 5.842002e-05	 2397	 iter
1850	 5.842002e-05	 2398	 iter
1851	 5.842002e-05	 2399	 iter
1852	 5.842002e-05	 2400	 iter
1853	 5.842002e-05	 2401	 iter
1854	 5.842002e-05	 2402	 iter
1855	 5.842002e-05	 2404	 iter
1856	 5.841960e-05	 2406	 iter
1857	 5.841960e-05	 2407	 iter
1858	 5.841864e-05	 2409	 iter
1859	 5.841864e-05	 2410	 iter
1860	 5.841864e-05	 2411	 iter
1861	 5.841864e-05	 2412	 iter
1862	 5.841864e-05	 2414	 iter
1863	 5.841864e-05	 2415	 iter
1864	 5.841864e-05	 2416	 iter
1865	 5.841864e-05	 2418	 iter
1866	 5.841864e-05	 2419	 iter
1867	 5.841864e-05	 2421	 iter
1868	 5.841761e-05	 2423	 iter
1869	 5.841544e-05	 2425	 iter
1870	 5.841544e-05	 2426	 iter
1871	 5.841544e-05	 2428	 iter
1872	 5.841544e-05	 2429	 iter
1873	 5.841544e-05	 2430	 iter
1874	 5.841404e-05	 2432	 iter
1875	 5.841404e-05	 2433	 iter
1876	 5.841404e-05	 2434	 iter
1877	 5.841404e-05	 2436	 iter
1878	 5.841404e-05	 2437	 iter
1879	 5.841404e-05	 2439	 iter
1880	 5.841404e-05	 2440	 iter
1881	 5.841404e-05	 2442	 iter
1882	 5.841404e-05	 2444	 iter
1883	 5.840858e-05	 2446	 iter
1884	 5.840858e-05	 2447	 iter
1885	 5.840858e-05	 2448	 iter
1886	 5.840842e-05	 2450	 iter
1887	 5.840842e-05	 2451	 iter
1888	 5.840842e-05	 2452	 iter
1889	 5.840842e-05	 2454	 iter
1890	 5.840842e-05	 2455	 iter
1891	 5.840842e-05	 2457	 iter
1892	 5.840842e-05	 2458	 iter
1893	 5.840842e-05	 2460	 iter
1894	 5.840842e-05	 2461	 iter
1895	 5.840842e-05	 2462	 iter
1896	 5.840698e-05	 2464	 iter
1897	 5.840698e-05	 2465	 iter
1898	 5.840698e-05	 2466	 iter
1899	 5.840698e-05	 2467	 iter
1900	 5.840698e-05	 2468	 iter
1901	 5.840698e-05	 2469	 iter
1902	 5.840698e-05	 2470	 iter
1903	 5.840698e-05	 2472	 iter
1904	 5.840581e-05	 2474	 iter
1905	 5.840570e-05	 2476	 iter
1906	 5.840570e-05	 2478	 iter
1907	 5.840570e-05	 2479	 iter
1908	 5.840570e-05	 2481	 iter
1909	 5.840570e-05	 2483	 iter
1910	 5.840570e-05	 2484	 iter
1911	 5.840494e-05	 2486	 iter
1912	 5.840494e-05	 2487	 iter
1913	 5.840494e-05	 2488	 iter
1914	 5.840494e-05	 2489	 iter
1915	 5.840494e-05	 2491	 iter
1916	 5.840494e-05	 2492	 iter
1917	 5.840494e-05	 2494	 iter
1918	 5.840494e-05	 2495	 iter
1919	 5.840494e-05	 2496	 iter
1920	 5.840494e-05	 2497	 iter
1921	 5.840494e-05	 2499	 iter
1922	 5.840494e-05	 2501	 iter
1923	 5.840494e-05	 2502	 iter
1924	 5.840380e-05	 2504	 iter
1925	 5.840380e-05	 2505	 iter
1926	 5.840380e-05	 2507	 iter
1927	 5.840380e-05	 2508	 iter
1928	 5.840380e-05	 2510	 iter
1929	 5.840380e-05	 2512	 iter
1930	 5.840380e-05	 2513	 iter
1931	 5.840380e-05	 2514	 iter
1932	 5.840380e-05	 2515	 iter
1933	 5.840380e-05	 2516	 iter
1934	 5.840380e-05	 2517	 iter
1935	 5.840380e-05	 2518	 iter
1936	 5.840366e-05	 2520	 iter
1937	 5.840366e-05	 2521	 iter
1938	 5.840345e-05	 2523	 iter
1939	 5.840306e-05	 2525	 iter
1940	 5.840306e-05	 2526	 iter
1941	 5.840306e-05	 2527	 iter
1942	 5.840306e-05	 2528	 iter
1943	 5.840306e-05	 2529	 iter
1944	 5.840306e-05	 2530	 iter
1945	 5.840306e-05	 2531	 iter
1946	 5.840306e-05	 2532	 iter
1947	 5.840304e-05	 2534	 iter
1948	 5.840304e-05	 2536	 iter
1949	 5.840304e-05	 2537	 iter
1950	 5.840178e-05	 2539	 iter
1951	 5.840178e-05	 2540	 iter
1952	 5.840178e-05	 2541	 iter
1953	 5.840178e-05	 2542	 iter
1954	 5.840178e-05	 2543	 iter
1955	 5.840178e-05	 2544	 iter
1956	 5.840178e-05	 2546	 iter
1957	 5.840178e-05	 2548	 iter
1958	 5.840178e-05	 2550	 iter
1959	 5.840178e-05	 2552	 iter
1960	 5.840178e-05	 2554	 iter
1961	 5.840178e-05	 2556	 iter
1962	 5.840178e-05	 2558	 iter
1963	 5.840178e-05	 2560	 iter
1964	 5.840178e-05	 2561	 iter
1965	 5.840178e-05	 2562	 iter
1966	 5.840178e-05	 2564	 iter
1967	 5.840178e-05	 2565	 iter
1968	 5.840178e-05	 2567	 iter
1969	 5.840178e-05	 2568	 iter
1970	 5.840178e-05	 2570	 iter
1971	 5.840178e-05	 2572	 iter
1972	 5.840178e-05	 2573	 iter
1973	 5.840178e-05	 2575	 iter
1974	 5.840178e-05	 2576	 iter
1975	 5.840178e-05	 2577	 iter
1976	 5.840178e-05	 2578	 iter
1977	 5.840156e-05	 2580	 iter
1978	 5.840156e-05	 2581	 iter
1979	 5.840155e-05	 2583	 iter
1980	 5.840155e-05	 2584	 iter
1981	 5.840136e-05	 2586	 iter
1982	 5.840133e-05	 2588	 iter
1983	 5.840133e-05	 2589	 iter
1984	 5.840111e-05	 2591	 iter
1985	 5.840088e-05	 2593	 iter
1986	 5.840088e-05	 2594	 iter
1987	 5.840088e-05	 2595	 iter
1988	 5.840088e-05	 2596	 iter
1989	 5.840054e-05	 2598	 iter
1990	 5.840054e-05	 2599	 iter
1991	 5.840054e-05	 2600	 iter
1992	 5.840054e-05	 2601	 iter
1993	 5.840054e-05	 2602	 iter
1994	 5.840045e-05	 2604	 iter
1995	 5.840045e-05	 2605	 iter
1996	 5.840045e-05	 2606	 iter
1997	 5.840023e-05	 2608	 iter
1998	 5.840018e-05	 2610	 iter
1999	 5.840018e-05	 2611	 iter
2000	 5.839986e-05	 2613	 iter
2001	 5.839986e-05	 2614	 iter
2002	 5.839986e-05	 2615	 iter
2003	 5.839986e-05	 2616	 iter
2004	 5.839986e-05	 2617	 iter
2005	 5.839954e-05	 2619	 iter
2006	 5.839954e-05	 2620	 iter
2007	 5.839954e-05	 2621	 iter
2008	 5.839938e-05	 2623	 iter
2009	 5.839938e-05	 2624	 iter
2010	 5.839938e-05	 2625	 iter
2011	 5.839938e-05	 2626	 iter
2012	 5.839938e-05	 2627	 iter
2013	 5.839922e-05	 2629	 iter
2014	 5.839920e-05	 2631	 iter
2015	 5.839920e-05	 2632	 iter
2016	 5.839920e-05	 2633	 iter
2017	 5.839903e-05	 2635	 iter
2018	 5.839903e-05	 2636	 iter
2019	 5.839903e-05	 2637	 iter
2020	 5.839903e-05	 2638	 iter
2021	 5.839874e-05	 2640	 iter
2022	 5.839874e-05	 2641	 iter
2023	 5.839874e-05	 2642	 iter
2024	 5.839874e-05	 2643	 iter
2025	 5.839874e-05	 2644	 iter
2026	 5.839813e-05	 2646	 iter
2027	 5.839813e-05	 2647	 iter
2028	 5.839813e-05	 2648	 iter
2029	 5.839813e-05	 2649	 iter
2030	 5.839813e-05	 2650	 iter
2031	 5.839794e-05	 2652	 iter
2032	 5.839794e-05	 2653	 iter
2033	 5.839794e-05	 2654	 iter
2034	 5.839794e-05	 2655	 iter
2035	 5.839736e-05	 2657	 iter
2036	 5.839715e-05	 2659	 iter
2037	 5.839693e-05	 2661	 iter
2038	 5.839693e-05	 2662	 iter
2039	 5.839693e-05	 2663	 iter
2040	 5.839693e-05	 2664	 iter
2041	 5.839693e-05	 2665	 iter
2042	 5.839693e-05	 2666	 iter
2043	 5.839582e-05	 2668	 iter
2044	 5.839582e-05	 2669	 iter
2045	 5.839582e-05	 2670	 iter
2046	 5.839582e-05	 2671	 iter
2047	 5.839582e-05	 2672	 iter
2048	 5.839581e-05	 2674	 iter
2049	 5.839581e-05	 2675	 iter
2050	 5.839519e-05	 2677	 iter
2051	 5.839519e-05	 2678	 iter
2052	 5.839519e-05	 2679	 iter
2053	 5.839519e-05	 2680	 iter
2054	 5.839519e-05	 2681	 iter
2055	 5.839480e-05	 2683	 iter
2056	 5.839471e-05	 2685	 iter
2057	 5.839471e-05	 2686	 iter
2058	 5.839417e-05	 2688	 iter
2059	 5.839417e-05	 2689	 iter
2060	 5.839409e-05	 2691	 iter
2061	 5.839409e-05	 2692	 iter
2062	 5.839409e-05	 2693	 iter
2063	 5.839368e-05	 2695	 iter
2064	 5.839368e-05	 2696	 iter
2065	 5.839368e-05	 2697	 iter
2066	 5.839326e-05	 2699	 iter
2067	 5.839326e-05	 2701	 iter
2068	 5.839326e-05	 2702	 iter
2069	 5.839171e-05	 2704	 iter
2070	 5.839171e-05	 2705	 iter
2071	 5.839171e-05	 2706	 iter
2072	 5.839171e-05	 2707	 iter
2073	 5.839171e-05	 2708	 iter
2074	 5.839171e-05	 2709	 iter
2075	 5.839171e-05	 2710	 iter
2076	 5.839171e-05	 2711	 iter
2077	 5.839171e-05	 2712	 iter
2078	 5.839171e-05	 2713	 iter
2079	 5.839171e-05	 2714	 iter
2080	 5.839170e-05	 2716	 iter
2081	 5.839043e-05	 2718	 iter
2082	 5.839043e-05	 2719	 iter
2083	 5.839043e-05	 2720	 iter
2084	 5.839043e-05	 2721	 iter
2085	 5.839043e-05	 2722	 iter
2086	 5.839043e-05	 2723	 iter
2087	 5.838981e-05	 2725	 iter
2088	 5.838981e-05	 2726	 iter
2089	 5.838907e-05	 2728	 iter
2090	 5.838889e-05	 2730	 iter
2091	 5.838889e-05	 2731	 iter
2092	 5.838872e-05	 2733	 iter
2093	 5.838839e-05	 2735	 iter
2094	 5.838834e-05	 2737	 iter
2095	 5.838800e-05	 2739	 iter
2096	 5.838641e-05	 2741	 iter
2097	 5.838641e-05	 2742	 iter
2098	 5.838641e-05	 2743	 iter
2099	 5.838451e-05	 2745	 iter
2100	 5.838451e-05	 2746	 iter
2101	 5.838451e-05	 2747	 iter
2102	 5.838301e-05	 2749	 iter
2103	 5.838301e-05	 2750	 iter
2104	 5.838301e-05	 2751	 iter
2105	 5.838301e-05	 2752	 iter
2106	 5.838301e-05	 2753	 iter
2107	 5.838281e-05	 2755	 iter
2108	 5.838281e-05	 2756	 iter
2109	 5.838091e-05	 2758	 iter
2110	 5.838091e-05	 2759	 iter
2111	 5.837622e-05	 2761	 iter
2112	 5.837622e-05	 2762	 iter
2113	 5.837622e-05	 2763	 iter
2114	 5.837622e-05	 2764	 iter
2115	 5.837622e-05	 2765	 iter
2116	 5.837622e-05	 2766	 iter
2117	 5.837622e-05	 2767	 iter
2118	 5.837622e-05	 2768	 iter
2119	 5.837622e-05	 2769	 iter
2120	 5.837622e-05	 2770	 iter
2121	 5.837622e-05	 2771	 iter
2122	 5.837622e-05	 2772	 iter
2123	 5.837622e-05	 2773	 iter
2124	 5.837546e-05	 2775	 iter
2125	 5.837430e-05	 2777	 iter
2126	 5.837430e-05	 2778	 iter
2127	 5.837150e-05	 2780	 iter
2128	 5.837150e-05	 2781	 iter
2129	 5.837150e-05	 2782	 iter
2130	 5.837150e-05	 2783	 iter
2131	 5.837150e-05	 2784	 iter
2132	 5.837150e-05	 2785	 iter
2133	 5.837150e-05	 2786	 iter
2134	 5.837150e-05	 2787	 iter
2135	 5.837150e-05	 2788	 iter
2136	 5.837115e-05	 2790	 iter
2137	 5.837115e-05	 2791	 iter
2138	 5.837115e-05	 2792	 iter
2139	 5.836500e-05	 2794	 iter
2140	 5.836500e-05	 2795	 iter
2141	 5.836500e-05	 2796	 iter
2142	 5.836500e-05	 2797	 iter
2143	 5.836500e-05	 2798	 iter
2144	 5.836500e-05	 2799	 iter
2145	 5.836500e-05	 2800	 iter
2146	 5.836500e-05	 2801	 iter
2147	 5.836500e-05	 2802	 iter
2148	 5.836500e-05	 2803	 iter
2149	 5.836500e-05	 2804	 iter
2150	 5.836493e-05	 2806	 iter
2151	 5.836493e-05	 2807	 iter
2152	 5.836493e-05	 2808	 iter
2153	 5.836295e-05	 2810	 iter
2154	 5.836295e-05	 2811	 iter
2155	 5.836295e-05	 2812	 iter
2156	 5.835741e-05	 2814	 iter
2157	 5.835741e-05	 2815	 iter
2158	 5.835741e-05	 2816	 iter
2159	 5.835741e-05	 2817	 iter
2160	 5.835741e-05	 2818	 iter
2161	 5.835741e-05	 2819	 iter
2162	 5.835741e-05	 2820	 iter
2163	 5.835741e-05	 2821	 iter
2164	 5.835671e-05	 2823	 iter
2165	 5.835671e-05	 2824	 iter
2166	 5.835671e-05	 2825	 iter
2167	 5.835671e-05	 2826	 iter
2168	 5.835464e-05	 2828	 iter
2169	 5.835397e-05	 2830	 iter
2170	 5.835397e-05	 2831	 iter
2171	 5.835376e-05	 2833	 iter
2172	 5.835376e-05	 2834	 iter
2173	 5.834533e-05	 2836	 iter
2174	 5.834533e-05	 2837	 iter
2175	 5.834533e-05	 2838	 iter
2176	 5.834533e-05	 2839	 iter
2177	 5.834533e-05	 2840	 iter
2178	 5.834533e-05	 2841	 iter
2179	 5.834533e-05	 2842	 iter
2180	 5.834533e-05	 2843	 iter
2181	 5.834533e-05	 2844	 iter
2182	 5.833933e-05	 2846	 iter
2183	 5.833933e-05	 2847	 iter
2184	 5.833933e-05	 2848	 iter
2185	 5.833933e-05	 2849	 iter
2186	 5.833933e-05	 2850	 iter
2187	 5.833933e-05	 2851	 iter
2188	 5.833933e-05	 2852	 iter
2189	 5.833933e-05	 2853	 iter
2190	 5.833933e-05	 2854	 iter
2191	 5.833933e-05	 2855	 iter
2192	 5.833933e-05	 2856	 iter
2193	 5.833933e-05	 2857	 iter
2194	 5.833360e-05	 2859	 iter
2195	 5.833360e-05	 2860	 iter
2196	 5.833128e-05	 2862	 iter
2197	 5.833128e-05	 2863	 iter
2198	 5.832721e-05	 2865	 iter
2199	 5.832721e-05	 2866	 iter
2200	 5.832721e-05	 2867	 iter
2201	 5.832721e-05	 2868	 iter
2202	 5.832721e-05	 2869	 iter
2203	 5.832511e-05	 2871	 iter
2204	 5.832511e-05	 2872	 iter
2205	 5.832107e-05	 2874	 iter
2206	 5.832026e-05	 2876	 iter
2207	 5.832026e-05	 2877	 iter
2208	 5.832026e-05	 2878	 iter
2209	 5.829893e-05	 2880	 iter
2210	 5.829893e-05	 2881	 iter
2211	 5.829893e-05	 2882	 iter
2212	 5.829893e-05	 2883	 iter
2213	 5.829893e-05	 2884	 iter
2214	 5.829893e-05	 2885	 iter
2215	 5.829893e-05	 2886	 iter
2216	 5.829893e-05	 2887	 iter
2217	 5.829893e-05	 2888	 iter
2218	 5.829893e-05	 2889	 iter
2219	 5.829893e-05	 2890	 iter
2220	 5.829893e-05	 2891	 iter
2221	 5.829893e-05	 2892	 iter
2222	 5.829893e-05	 2893	 iter
2223	 5.829893e-05	 2894	 iter
2224	 5.829410e-05	 2896	 iter
2225	 5.827559e-05	 2898	 iter
2226	 5.827559e-05	 2899	 iter
2227	 5.827559e-05	 2900	 iter
2228	 5.827559e-05	 2901	 iter
2229	 5.827559e-05	 2902	 iter
2230	 5.827559e-05	 2903	 iter
2231	 5.827559e-05	 2904	 iter
2232	 5.827559e-05	 2905	 iter
2233	 5.827559e-05	 2906	 iter
2234	 5.826398e-05	 2908	 iter
2235	 5.826398e-05	 2909	 iter
2236	 5.826398e-05	 2910	 iter
2237	 5.826398e-05	 2911	 iter
2238	 5.826398e-05	 2912	 iter
2239	 5.826398e-05	 2913	 iter
2240	 5.825035e-05	 2915	 iter
2241	 5.825035e-05	 2916	 iter
2242	 5.825035e-05	 2917	 iter
2243	 5.825035e-05	 2918	 iter
2244	 5.825035e-05	 2919	 iter
2245	 5.824141e-05	 2921	 iter
2246	 5.824141e-05	 2922	 iter
2247	 5.822844e-05	 2924	 iter
2248	 5.822844e-05	 2925	 iter
2249	 5.820696e-05	 2927	 iter
2250	 5.820696e-05	 2928	 iter
2251	 5.820696e-05	 2929	 iter
2252	 5.820696e-05	 2930	 iter
2253	 5.820696e-05	 2931	 iter
2254	 5.820696e-05	 2932	 iter
2255	 5.820696e-05	 2933	 iter
2256	 5.819839e-05	 2935	 iter
2257	 5.819839e-05	 2936	 iter
2258	 5.819014e-05	 2938	 iter
2259	 5.819014e-05	 2939	 iter
2260	 5.818318e-05	 2941	 iter
2261	 5.818318e-05	 2942	 iter
2262	 5.818137e-05	 2944	 iter
2263	 5.817802e-05	 2946	 iter
2264	 5.813886e-05	 2948	 iter
2265	 5.813886e-05	 2949	 iter
2266	 5.813886e-05	 2950	 iter
2267	 5.813886e-05	 2951	 iter
2268	 5.813886e-05	 2952	 iter
2269	 5.813886e-05	 2953	 iter
2270	 5.813886e-05	 2954	 iter
2271	 5.813886e-05	 2955	 iter
2272	 5.813886e-05	 2956	 iter
2273	 5.813886e-05	 2957	 iter
2274	 5.813886e-05	 2958	 iter
2275	 5.813785e-05	 2960	 iter
2276	 5.813398e-05	 2962	 iter
2277	 5.813398e-05	 2963	 iter
2278	 5.812596e-05	 2965	 iter
2279	 5.812227e-05	 2967	 iter
2280	 5.812227e-05	 2968	 iter
2281	 5.812227e-05	 2969	 iter
2282	 5.812085e-05	 2971	 iter
2283	 5.810705e-05	 2973	 iter
2284	 5.810705e-05	 2974	 iter
2285	 5.810705e-05	 2975	 iter
2286	 5.810317e-05	 2977	 iter
2287	 5.808153e-05	 2979	 iter
2288	 5.808153e-05	 2980	 iter
2289	 5.808153e-05	 2981	 iter
2290	 5.808153e-05	 2982	 iter
2291	 5.808153e-05	 2983	 iter
2292	 5.808153e-05	 2984	 iter
2293	 5.808072e-05	 2986	 iter
2294	 5.808072e-05	 2987	 iter
2295	 5.804437e-05	 2989	 iter
2296	 5.804437e-05	 2990	 iter
2297	 5.804437e-05	 2991	 iter
2298	 5.804437e-05	 2992	 iter
2299	 5.804437e-05	 2993	 iter
2300	 5.804437e-05	 2994	 iter
2301	 5.804437e-05	 2995	 iter
2302	 5.804437e-05	 2996	 iter
2303	 5.804437e-05	 2997	 iter
2304	 5.804437e-05	 2998	 iter
2305	 5.804437e-05	 2999	 iter
2306	 5.804051e-05	 3001	 iter
2307	 5.802027e-05	 3003	 iter
2308	 5.802027e-05	 3004	 iter
2309	 5.798635e-05	 3006	 iter
2310	 5.798635e-05	 3007	 iter
2311	 5.798635e-05	 3008	 iter
2312	 5.798635e-05	 3009	 iter
2313	 5.798635e-05	 3010	 iter
2314	 5.798635e-05	 3011	 iter
2315	 5.798635e-05	 3012	 iter
2316	 5.798635e-05	 3013	 iter
2317	 5.798635e-05	 3014	 iter
2318	 5.798635e-05	 3015	 iter
2319	 5.798635e-05	 3016	 iter
2320	 5.794831e-05	 3018	 iter
2321	 5.794831e-05	 3019	 iter
2322	 5.794831e-05	 3020	 iter
2323	 5.791348e-05	 3022	 iter
2324	 5.791348e-05	 3023	 iter
2325	 5.791348e-05	 3024	 iter
2326	 5.791348e-05	 3025	 iter
2327	 5.791348e-05	 3026	 iter
2328	 5.791348e-05	 3027	 iter
2329	 5.791348e-05	 3028	 iter
2330	 5.791348e-05	 3029	 iter
2331	 5.790278e-05	 3031	 iter
2332	 5.790278e-05	 3032	 iter
2333	 5.788763e-05	 3034	 iter
2334	 5.788763e-05	 3035	 iter
2335	 5.785182e-05	 3037	 iter
2336	 5.785182e-05	 3038	 iter
2337	 5.785182e-05	 3039	 iter
2338	 5.785182e-05	 3040	 iter
2339	 5.780236e-05	 3042	 iter
2340	 5.780236e-05	 3043	 iter
2341	 5.780236e-05	 3044	 iter
2342	 5.780236e-05	 3045	 iter
2343	 5.780236e-05	 3046	 iter
2344	 5.780236e-05	 3047	 iter
2345	 5.780236e-05	 3048	 iter
2346	 5.780236e-05	 3049	 iter
2347	 5.780236e-05	 3050	 iter
2348	 5.777471e-05	 3052	 iter
2349	 5.777471e-05	 3053	 iter
2350	 5.773002e-05	 3055	 iter
2351	 5.773002e-05	 3056	 iter
2352	 5.773002e-05	 3057	 iter
2353	 5.773002e-05	 3058	 iter
2354	 5.773002e-05	 3059	 iter
2355	 5.769252e-05	 3061	 iter
2356	 5.769252e-05	 3062	 iter
2357	 5.769252e-05	 3063	 iter
2358	 5.765174e-05	 3065	 iter
2359	 5.765174e-05	 3066	 iter
2360	 5.765174e-05	 3067	 iter
2361	 5.765174e-05	 3068	 iter
2362	 5.765174e-05	 3069	 iter
2363	 5.764428e-05	 3071	 iter
2364	 5.763036e-05	 3073	 iter
2365	 5.755331e-05	 3075	 iter
2366	 5.755331e-05	 3076	 iter
2367	 5.755331e-05	 3077	 iter
2368	 5.755331e-05	 3078	 iter
2369	 5.755331e-05	 3079	 iter
2370	 5.747477e-05	 3081	 iter
2371	 5.747477e-05	 3082	 iter
2372	 5.747477e-05	 3083	 iter
2373	 5.747477e-05	 3084	 iter
2374	 5.742934e-05	 3086	 iter
2375	 5.742934e-05	 3087	 iter
2376	 5.742934e-05	 3088	 iter
2377	 5.742934e-05	 3089	 iter
2378	 5.742934e-05	 3090	 iter
2379	 5.742934e-05	 3091	 iter
2380	 5.742934e-05	 3092	 iter
2381	 5.739389e-05	 3094	 iter
2382	 5.739150e-05	 3096	 iter
2383	 5.739150e-05	 3097	 iter
2384	 5.735997e-05	 3099	 iter
2385	 5.733252e-05	 3101	 iter
2386	 5.733252e-05	 3102	 iter
2387	 5.733252e-05	 3103	 iter
2388	 5.733252e-05	 3104	 iter
2389	 5.732945e-05	 3106	 iter
2390	 5.732945e-05	 3107	 iter
2391	 5.728163e-05	 3109	 iter
2392	 5.728163e-05	 3110	 iter
2393	 5.728163e-05	 3111	 iter
2394	 5.728163e-05	 3112	 iter
2395	 5.728163e-05	 3113	 iter
2396	 5.728163e-05	 3115	 iter
2397	 5.728163e-05	 3116	 iter
2398	 5.726767e-05	 3118	 iter
2399	 5.726767e-05	 3119	 iter
2400	 5.726767e-05	 3120	 iter
2401	 5.726767e-05	 3121	 iter
2402	 5.726583e-05	 3123	 iter
2403	 5.726328e-05	 3125	 iter
2404	 5.722810e-05	 3127	 iter
2405	 5.722810e-05	 3128	 iter
2406	 5.722810e-05	 3130	 iter
2407	 5.722810e-05	 3132	 iter
2408	 5.722810e-05	 3133	 iter
2409	 5.722810e-05	 3134	 iter
2410	 5.722810e-05	 3135	 iter
2411	 5.722810e-05	 3136	 iter
2412	 5.721099e-05	 3138	 iter
2413	 5.721099e-05	 3139	 iter
2414	 5.719852e-05	 3141	 iter
2415	 5.719852e-05	 3142	 iter
2416	 5.719852e-05	 3143	 iter
2417	 5.719852e-05	 3144	 iter
2418	 5.719852e-05	 3145	 iter
2419	 5.719852e-05	 3146	 iter
2420	 5.719852e-05	 3147	 iter
2421	 5.719852e-05	 3148	 iter
2422	 5.719852e-05	 3149	 iter
2423	 5.719721e-05	 3151	 iter
2424	 5.719721e-05	 3152	 iter
2425	 5.719721e-05	 3154	 iter
2426	 5.719721e-05	 3156	 iter
2427	 5.719721e-05	 3157	 iter
2428	 5.719721e-05	 3158	 iter
2429	 5.719721e-05	 3160	 iter
2430	 5.719721e-05	 3162	 iter
2431	 5.712919e-05	 3164	 iter
2432	 5.712919e-05	 3165	 iter
2433	 5.712919e-05	 3166	 iter
2434	 5.712919e-05	 3167	 iter
2435	 5.712919e-05	 3168	 iter
2436	 5.712919e-05	 3169	 iter
2437	 5.712919e-05	 3170	 iter
2438	 5.712919e-05	 3172	 iter
2439	 5.712919e-05	 3173	 iter
2440	 5.712554e-05	 3175	 iter
2441	 5.712499e-05	 3177	 iter
2442	 5.712189e-05	 3179	 iter
2443	 5.711347e-05	 3181	 iter
2444	 5.711347e-05	 3182	 iter
2445	 5.711347e-05	 3183	 iter
2446	 5.711004e-05	 3185	 iter
2447	 5.704438e-05	 3187	 iter
2448	 5.704438e-05	 3188	 iter
2449	 5.704438e-05	 3189	 iter
2450	 5.704438e-05	 3190	 iter
2451	 5.704438e-05	 3191	 iter
2452	 5.704438e-05	 3192	 iter
2453	 5.704438e-05	 3193	 iter
2454	 5.704438e-05	 3194	 iter
2455	 5.704438e-05	 3195	 iter
2456	 5.700210e-05	 3197	 iter
2457	 5.700210e-05	 3198	 iter
2458	 5.700210e-05	 3199	 iter
2459	 5.700210e-05	 3200	 iter
2460	 5.700210e-05	 3201	 iter
2461	 5.697307e-05	 3203	 iter
2462	 5.693193e-05	 3205	 iter
2463	 5.693193e-05	 3206	 iter
2464	 5.693193e-05	 3207	 iter
2465	 5.693193e-05	 3208	 iter
2466	 5.693193e-05	 3209	 iter
2467	 5.693193e-05	 3210	 iter
2468	 5.693193e-05	 3211	 iter
2469	 5.693193e-05	 3212	 iter
2470	 5.692233e-05	 3214	 iter
2471	 5.692151e-05	 3216	 iter
2472	 5.692151e-05	 3217	 iter
2473	 5.687458e-05	 3219	 iter
2474	 5.684560e-05	 3221	 iter
2475	 5.684560e-05	 3222	 iter
2476	 5.684560e-05	 3223	 iter
2477	 5.683276e-05	 3225	 iter
2478	 5.683276e-05	 3226	 iter
2479	 5.683276e-05	 3227	 iter
2480	 5.680500e-05	 3229	 iter
2481	 5.680419e-05	 3231	 iter
2482	 5.680419e-05	 3232	 iter
2483	 5.680419e-05	 3233	 iter
2484	 5.678060e-05	 3235	 iter
2485	 5.678060e-05	 3236	 iter
2486	 5.675350e-05	 3238	 iter
2487	 5.674873e-05	 3240	 iter
2488	 5.674873e-05	 3241	 iter
2489	 5.674873e-05	 3242	 iter
2490	 5.674873e-05	 3243	 iter
2491	 5.674873e-05	 3244	 iter
2492	 5.674873e-05	 3245	 iter
2493	 5.674873e-05	 3246	 iter
2494	 5.674741e-05	 3248	 iter
2495	 5.674741e-05	 3249	 iter
2496	 5.663973e-05	 3251	 iter
2497	 5.663973e-05	 3253	 iter
2498	 5.663973e-05	 3254	 iter
2499	 5.663973e-05	 3255	 iter
2500	 5.663973e-05	 3256	 iter
2501	 5.663973e-05	 3257	 iter
2502	 5.663973e-05	 3258	 iter
2503	 5.663973e-05	 3259	 iter
2504	 5.663973e-05	 3260	 iter
2505	 5.663973e-05	 3261	 iter
2506	 5.663973e-05	 3262	 iter
2507	 5.663973e-05	 3263	 iter
2508	 5.663973e-05	 3264	 iter
2509	 5.663973e-05	 3265	 iter
2510	 5.663973e-05	 3266	 iter
2511	 5.663973e-05	 3268	 iter
2512	 5.663973e-05	 3269	 iter
2513	 5.663973e-05	 3270	 iter
2514	 5.661752e-05	 3272	 iter
2515	 5.661752e-05	 3273	 iter
2516	 5.661160e-05	 3275	 iter
2517	 5.661160e-05	 3276	 iter
2518	 5.661160e-05	 3277	 iter
2519	 5.661160e-05	 3278	 iter
2520	 5.660995e-05	 3280	 iter
2521	 5.660995e-05	 3281	 iter
2522	 5.660995e-05	 3282	 iter
2523	 5.658230e-05	 3284	 iter
2524	 5.658230e-05	 3285	 iter
2525	 5.650136e-05	 3287	 iter
2526	 5.650136e-05	 3288	 iter
2527	 5.650136e-05	 3289	 iter
2528	 5.650136e-05	 3290	 iter
2529	 5.650136e-05	 3291	 iter
2530	 5.650136e-05	 3292	 iter
2531	 5.650136e-05	 3293	 iter
2532	 5.650136e-05	 3294	 iter
2533	 5.650136e-05	 3295	 iter
2534	 5.650136e-05	 3296	 iter
2535	 5.650136e-05	 3297	 iter
2536	 5.650136e-05	 3299	 iter
2537	 5.650136e-05	 3300	 iter
2538	 5.650136e-05	 3301	 iter
2539	 5.650136e-05	 3302	 iter
2540	 5.648693e-05	 3304	 iter
2541	 5.648693e-05	 3305	 iter
2542	 5.648693e-05	 3306	 iter
2543	 5.648693e-05	 3307	 iter
2544	 5.648693e-05	 3308	 iter
2545	 5.648693e-05	 3309	 iter
2546	 5.648693e-05	 3310	 iter
2547	 5.648693e-05	 3311	 iter
2548	 5.647917e-05	 3313	 iter
2549	 5.647917e-05	 3314	 iter
2550	 5.647917e-05	 3315	 iter
2551	 5.647917e-05	 3316	 iter
2552	 5.646879e-05	 3318	 iter
2553	 5.646879e-05	 3319	 iter
2554	 5.646879e-05	 3320	 iter
2555	 5.646879e-05	 3322	 iter
2556	 5.646879e-05	 3323	 iter
2557	 5.646879e-05	 3324	 iter
2558	 5.646879e-05	 3325	 iter
2559	 5.646699e-05	 3327	 iter
2560	 5.646699e-05	 3328	 iter
2561	 5.646699e-05	 3329	 iter
2562	 5.646699e-05	 3330	 iter
2563	 5.646699e-05	 3331	 iter
2564	 5.646696e-05	 3333	 iter
2565	 5.646609e-05	 3335	 iter
2566	 5.646609e-05	 3337	 iter
2567	 5.646609e-05	 3338	 iter
2568	 5.646609e-05	 3339	 iter
2569	 5.646018e-05	 3341	 iter
2570	 5.643514e-05	 3343	 iter
2571	 5.643514e-05	 3344	 iter
2572	 5.642231e-05	 3346	 iter
2573	 5.642231e-05	 3348	 iter
2574	 5.642231e-05	 3350	 iter
2575	 5.642231e-05	 3351	 iter
2576	 5.642231e-05	 3352	 iter
2577	 5.642231e-05	 3353	 iter
2578	 5.642231e-05	 3355	 iter
2579	 5.642231e-05	 3357	 iter
2580	 5.642231e-05	 3359	 iter
2581	 5.642231e-05	 3361	 iter
2582	 5.642231e-05	 3363	 iter
2583	 5.642231e-05	 3364	 iter
2584	 5.642231e-05	 3365	 iter
2585	 5.642231e-05	 3366	 iter
2586	 5.642231e-05	 3367	 iter
2587	 5.640292e-05	 3369	 iter
2588	 5.640292e-05	 3371	 iter
2589	 5.640292e-05	 3372	 iter
2590	 5.640292e-05	 3373	 iter
2591	 5.640292e-05	 3374	 iter
2592	 5.640292e-05	 3376	 iter
2593	 5.640292e-05	 3377	 iter
2594	 5.640292e-05	 3378	 iter
2595	 5.639978e-05	 3380	 iter
2596	 5.639978e-05	 3381	 iter
2597	 5.639978e-05	 3382	 iter
2598	 5.639978e-05	 3383	 iter
2599	 5.639978e-05	 3384	 iter
2600	 5.639978e-05	 3385	 iter
2601	 5.639163e-05	 3387	 iter
2602	 5.639163e-05	 3388	 iter
2603	 5.639163e-05	 3389	 iter
2604	 5.639045e-05	 3391	 iter
2605	 5.639045e-05	 3392	 iter
2606	 5.639045e-05	 3394	 iter
2607	 5.638608e-05	 3396	 iter
2608	 5.638608e-05	 3397	 iter
2609	 5.637721e-05	 3399	 iter
2610	 5.637721e-05	 3401	 iter
2611	 5.637721e-05	 3402	 iter
2612	 5.637721e-05	 3404	 iter
2613	 5.637721e-05	 3405	 iter
2614	 5.637721e-05	 3406	 iter
2615	 5.637721e-05	 3407	 iter
2616	 5.637721e-05	 3408	 iter
2617	 5.637721e-05	 3409	 iter
2618	 5.637483e-05	 3411	 iter
2619	 5.637341e-05	 3413	 iter
2620	 5.637341e-05	 3414	 iter
2621	 5.637341e-05	 3415	 iter
2622	 5.637025e-05	 3417	 iter
2623	 5.637025e-05	 3418	 iter
2624	 5.637025e-05	 3420	 iter
2625	 5.636907e-05	 3422	 iter
2626	 5.636367e-05	 3424	 iter
2627	 5.636367e-05	 3425	 iter
2628	 5.635971e-05	 3427	 iter
2629	 5.635971e-05	 3428	 iter
2630	 5.635971e-05	 3429	 iter
2631	 5.635971e-05	 3430	 iter
2632	 5.635971e-05	 3431	 iter
2633	 5.635971e-05	 3432	 iter
2634	 5.635971e-05	 3433	 iter
2635	 5.635971e-05	 3434	 iter
2636	 5.635839e-05	 3436	 iter
2637	 5.635839e-05	 3437	 iter
2638	 5.635839e-05	 3439	 iter
2639	 5.635540e-05	 3441	 iter
2640	 5.635503e-05	 3443	 iter
2641	 5.635503e-05	 3444	 iter
2642	 5.635503e-05	 3445	 iter
2643	 5.635310e-05	 3447	 iter
2644	 5.635310e-05	 3448	 iter
2645	 5.635310e-05	 3449	 iter
2646	 5.634698e-05	 3451	 iter
2647	 5.634698e-05	 3453	 iter
2648	 5.634698e-05	 3454	 iter
2649	 5.634698e-05	 3455	 iter
2650	 5.634698e-05	 3456	 iter
2651	 5.634698e-05	 3457	 iter
2652	 5.634602e-05	 3459	 iter
2653	 5.634251e-05	 3461	 iter
2654	 5.634251e-05	 3462	 iter
2655	 5.634251e-05	 3463	 iter
2656	 5.634251e-05	 3464	 iter
2657	 5.634251e-05	 3466	 iter
2658	 5.634251e-05	 3467	 iter
2659	 5.634251e-05	 3468	 iter
2660	 5.634251e-05	 3469	 iter
2661	 5.634251e-05	 3470	 iter
2662	 5.634251e-05	 3471	 iter
2663	 5.634251e-05	 3472	 iter
2664	 5.633947e-05	 3474	 iter
2665	 5.633947e-05	 3475	 iter
2666	 5.633947e-05	 3476	 iter
2667	 5.633947e-05	 3477	 iter
2668	 5.633947e-05	 3478	 iter
2669	 5.633947e-05	 3479	 iter
2670	 5.633947e-05	 3481	 iter
2671	 5.633947e-05	 3482	 iter
2672	 5.633947e-05	 3484	 iter
2673	 5.633947e-05	 3485	 iter
2674	 5.633947e-05	 3486	 iter
2675	 5.633947e-05	 3487	 iter
2676	 5.633947e-05	 3488	 iter
2677	 5.633423e-05	 3490	 iter
2678	 5.633423e-05	 3491	 iter
2679	 5.633423e-05	 3492	 iter
2680	 5.633423e-05	 3494	 iter
2681	 5.633423e-05	 3495	 iter
2682	 5.633423e-05	 3497	 iter
2683	 5.633423e-05	 3499	 iter
2684	 5.633423e-05	 3500	 iter
2685	 5.633423e-05	 3502	 iter
2686	 5.633423e-05	 3504	 iter
2687	 5.633423e-05	 3505	 iter
2688	 5.633423e-05	 3507	 iter
2689	 5.633252e-05	 3509	 iter
2690	 5.633116e-05	 3511	 iter
2691	 5.633116e-05	 3512	 iter
2692	 5.633116e-05	 3514	 iter
2693	 5.633116e-05	 3515	 iter
2694	 5.633116e-05	 3517	 iter
2695	 5.633116e-05	 3519	 iter
2696	 5.633116e-05	 3520	 iter
2697	 5.633116e-05	 3521	 iter
2698	 5.633116e-05	 3523	 iter
2699	 5.633116e-05	 3524	 iter
2700	 5.633116e-05	 3525	 iter
2701	 5.633113e-05	 3527	 iter
2702	 5.633012e-05	 3529	 iter
2703	 5.632842e-05	 3531	 iter
2704	 5.632842e-05	 3532	 iter
2705	 5.632842e-05	 3533	 iter
2706	 5.632842e-05	 3534	 iter
2707	 5.632842e-05	 3535	 iter
2708	 5.632842e-05	 3536	 iter
2709	 5.632734e-05	 3538	 iter
2710	 5.632734e-05	 3539	 iter
2711	 5.632734e-05	 3540	 iter
2712	 5.632734e-05	 3541	 iter
2713	 5.632734e-05	 3542	 iter
2714	 5.632734e-05	 3543	 iter
2715	 5.632734e-05	 3544	 iter
2716	 5.632734e-05	 3546	 iter
2717	 5.632734e-05	 3547	 iter
2718	 5.632734e-05	 3548	 iter
2719	 5.632734e-05	 3549	 iter
2720	 5.632702e-05	 3551	 iter
2721	 5.632702e-05	 3553	 iter
2722	 5.632702e-05	 3554	 iter
2723	 5.632702e-05	 3555	 iter
2724	 5.632555e-05	 3557	 iter
2725	 5.632555e-05	 3559	 iter
2726	 5.632555e-05	 3561	 iter
2727	 5.632555e-05	 3562	 iter
2728	 5.632555e-05	 3563	 iter
2729	 5.632555e-05	 3564	 iter
2730	 5.632555e-05	 3566	 iter
2731	 5.632555e-05	 3568	 iter
2732	 5.632555e-05	 3569	 iter
2733	 5.632546e-05	 3571	 iter
2734	 5.632539e-05	 3573	 iter
2735	 5.632539e-05	 3574	 iter
2736	 5.632498e-05	 3576	 iter
2737	 5.632498e-05	 3577	 iter
2738	 5.632498e-05	 3578	 iter
2739	 5.632498e-05	 3579	 iter
2740	 5.632498e-05	 3581	 iter
2741	 5.632498e-05	 3582	 iter
2742	 5.632480e-05	 3584	 iter
2743	 5.632480e-05	 3585	 iter
2744	 5.632480e-05	 3586	 iter
2745	 5.632480e-05	 3587	 iter
2746	 5.632480e-05	 3588	 iter
2747	 5.632480e-05	 3589	 iter
2748	 5.632480e-05	 3591	 iter
2749	 5.632480e-05	 3592	 iter
2750	 5.632480e-05	 3594	 iter
2751	 5.632480e-05	 3595	 iter
2752	 5.632477e-05	 3597	 iter
2753	 5.632432e-05	 3599	 iter
2754	 5.632432e-05	 3600	 iter
2755	 5.632432e-05	 3601	 iter
2756	 5.632432e-05	 3602	 iter
2757	 5.632432e-05	 3604	 iter
2758	 5.632432e-05	 3606	 iter
2759	 5.632407e-05	 3608	 iter
2760	 5.632407e-05	 3609	 iter
2761	 5.632407e-05	 3611	 iter
2762	 5.632407e-05	 3612	 iter
2763	 5.632407e-05	 3614	 iter
2764	 5.632378e-05	 3616	 iter
2765	 5.632378e-05	 3617	 iter
2766	 5.632329e-05	 3619	 iter
2767	 5.632329e-05	 3620	 iter
2768	 5.632329e-05	 3621	 iter
2769	 5.632329e-05	 3622	 iter
2770	 5.632329e-05	 3624	 iter
2771	 5.632329e-05	 3626	 iter
2772	 5.632329e-05	 3628	 iter
2773	 5.632329e-05	 3629	 iter
2774	 5.632329e-05	 3630	 iter
2775	 5.632329e-05	 3631	 iter
2776	 5.632329e-05	 3633	 iter
2777	 5.632329e-05	 3634	 iter
2778	 5.632329e-05	 3635	 iter
2779	 5.632329e-05	 3636	 iter
2780	 5.632329e-05	 3638	 iter
2781	 5.632295e-05	 3640	 iter
2782	 5.632286e-05	 3642	 iter
2783	 5.632286e-05	 3643	 iter
2784	 5.632286e-05	 3645	 iter
2785	 5.632286e-05	 3647	 iter
2786	 5.632286e-05	 3648	 iter
2787	 5.632286e-05	 3649	 iter
2788	 5.632273e-05	 3651	 iter
2789	 5.632273e-05	 3652	 iter
2790	 5.632273e-05	 3654	 iter
2791	 5.632273e-05	 3655	 iter
2792	 5.632251e-05	 3657	 iter
2793	 5.632251e-05	 3659	 iter
2794	 5.632251e-05	 3660	 iter
2795	 5.632251e-05	 3661	 iter
2796	 5.632251e-05	 3662	 iter
2797	 5.632251e-05	 3663	 iter
2798	 5.632251e-05	 3664	 iter
2799	 5.632251e-05	 3665	 iter
2800	 5.632251e-05	 3667	 iter
2801	 5.632251e-05	 3668	 iter
2802	 5.632251e-05	 3669	 iter
2803	 5.632223e-05	 3671	 iter
2804	 5.632223e-05	 3672	 iter
2805	 5.632222e-05	 3674	 iter
2806	 5.632222e-05	 3675	 iter
2807	 5.632222e-05	 3676	 iter
2808	 5.632207e-05	 3678	 iter
2809	 5.632207e-05	 3679	 iter
2810	 5.632207e-05	 3680	 iter
2811	 5.632207e-05	 3681	 iter
2812	 5.632207e-05	 3682	 iter
2813	 5.632207e-05	 3683	 iter
2814	 5.632207e-05	 3684	 iter
2815	 5.632207e-05	 3685	 iter
2816	 5.632174e-05	 3687	 iter
2817	 5.632174e-05	 3688	 iter
2818	 5.632174e-05	 3689	 iter
2819	 5.632174e-05	 3690	 iter
2820	 5.632174e-05	 3691	 iter
2821	 5.632174e-05	 3692	 iter
2822	 5.632174e-05	 3693	 iter
2823	 5.632174e-05	 3694	 iter
2824	 5.632174e-05	 3695	 iter
2825	 5.632174e-05	 3697	 iter
2826	 5.632145e-05	 3699	 iter
2827	 5.632145e-05	 3700	 iter
2828	 5.632145e-05	 3701	 iter
2829	 5.632145e-05	 3702	 iter
2830	 5.632145e-05	 3703	 iter
2831	 5.632145e-05	 3704	 iter
2832	 5.632145e-05	 3705	 iter
2833	 5.632144e-05	 3707	 iter
2834	 5.632144e-05	 3708	 iter
2835	 5.632144e-05	 3709	 iter
2836	 5.632144e-05	 3710	 iter
2837	 5.632140e-05	 3712	 iter
2838	 5.632140e-05	 3713	 iter
2839	 5.632140e-05	 3714	 iter
2840	 5.632118e-05	 3716	 iter
2841	 5.632089e-05	 3718	 iter
2842	 5.632089e-05	 3719	 iter
2843	 5.632089e-05	 3720	 iter
2844	 5.632089e-05	 3721	 iter
2845	 5.632089e-05	 3722	 iter
2846	 5.632089e-05	 3723	 iter
2847	 5.632089e-05	 3724	 iter
2848	 5.632089e-05	 3725	 iter
2849	 5.632069e-05	 3727	 iter
2850	 5.632069e-05	 3728	 iter
2851	 5.632069e-05	 3729	 iter
2852	 5.632069e-05	 3730	 iter
2853	 5.632069e-05	 3731	 iter
2854	 5.632069e-05	 3732	 iter
2855	 5.632069e-05	 3733	 iter
2856	 5.632069e-05	 3734	 iter
2857	 5.632069e-05	 3735	 iter
2858	 5.632069e-05	 3736	 iter
2859	 5.632069e-05	 3737	 iter
2860	 5.632069e-05	 3738	 iter
2861	 5.632069e-05	 3739	 iter
2862	 5.632069e-05	 3741	 iter
2863	 5.632069e-05	 3742	 iter
2864	 5.632069e-05	 3743	 iter
2865	 5.632069e-05	 3744	 iter
2866	 5.632069e-05	 3745	 iter
2867	 5.632069e-05	 3746	 iter
2868	 5.632069e-05	 3747	 iter
2869	 5.632069e-05	 3748	 iter
2870	 5.632069e-05	 3749	 iter
2871	 5.632032e-05	 3751	 iter
2872	 5.632032e-05	 3752	 iter
2873	 5.632032e-05	 3753	 iter
2874	 5.632032e-05	 3754	 iter
2875	 5.632032e-05	 3755	 iter
2876	 5.632032e-05	 3756	 iter
2877	 5.632032e-05	 3758	 iter
2878	 5.632032e-05	 3759	 iter
2879	 5.632032e-05	 3761	 iter
2880	 5.632032e-05	 3762	 iter
2881	 5.632032e-05	 3763	 iter
2882	 5.632032e-05	 3765	 iter
2883	 5.632032e-05	 3767	 iter
2884	 5.632032e-05	 3769	 iter
2885	 5.632032e-05	 3770	 iter
2886	 5.632032e-05	 3772	 iter
2887	 5.632032e-05	 3773	 iter
2888	 5.632032e-05	 3774	 iter
2889	 5.632032e-05	 3776	 iter
2890	 5.632032e-05	 3777	 iter
2891	 5.632032e-05	 3778	 iter
2892	 5.632032e-05	 3780	 iter
2893	 5.632032e-05	 3781	 iter
2894	 5.632032e-05	 3783	 iter
2895	 5.632032e-05	 3784	 iter
2896	 5.632032e-05	 3786	 iter
2897	 5.632032e-05	 3788	 iter
2898	 5.632032e-05	 3789	 iter
2899	 5.632030e-05	 3791	 iter
2900	 5.632030e-05	 3792	 iter
2901	 5.632021e-05	 3794	 iter
2902	 5.632021e-05	 3795	 iter
2903	 5.632021e-05	 3796	 iter
2904	 5.632020e-05	 3798	 iter
2905	 5.632020e-05	 3799	 iter
2906	 5.632020e-05	 3800	 iter
2907	 5.632020e-05	 3802	 iter
2908	 5.632020e-05	 3803	 iter
2909	 5.632020e-05	 3804	 iter
2910	 5.632020e-05	 3806	 iter
2911	 5.632020e-05	 3807	 iter
2912	 5.632020e-05	 3809	 iter
2913	 5.632020e-05	 3810	 iter
2914	 5.632016e-05	 3812	 iter
2915	 5.632016e-05	 3813	 iter
2916	 5.632008e-05	 3815	 iter
2917	 5.632008e-05	 3816	 iter
2918	 5.632008e-05	 3817	 iter
2919	 5.632008e-05	 3818	 iter
2920	 5.632008e-05	 3820	 iter
2921	 5.632008e-05	 3821	 iter
2922	 5.632008e-05	 3822	 iter
2923	 5.632008e-05	 3824	 iter
2924	 5.632007e-05	 3826	 iter
2925	 5.632004e-05	 3828	 iter
2926	 5.632004e-05	 3829	 iter
2927	 5.632004e-05	 3830	 iter
2928	 5.632004e-05	 3831	 iter
2929	 5.632004e-05	 3832	 iter
2930	 5.632004e-05	 3834	 iter
2931	 5.632004e-05	 3836	 iter
2932	 5.632004e-05	 3838	 iter
2933	 5.632004e-05	 3840	 iter
2934	 5.632004e-05	 3841	 iter
2935	 5.632004e-05	 3842	 iter
2936	 5.632003e-05	 3844	 iter
2937	 5.632003e-05	 3846	 iter
2938	 5.632003e-05	 3847	 iter
2939	 5.631998e-05	 3849	 iter
2940	 5.631996e-05	 3851	 iter
2941	 5.631996e-05	 3852	 iter
2942	 5.631996e-05	 3853	 iter
2943	 5.631996e-05	 3854	 iter
2944	 5.631996e-05	 3855	 iter
2945	 5.631993e-05	 3857	 iter
2946	 5.631991e-05	 3859	 iter
2947	 5.631988e-05	 3861	 iter
2948	 5.631988e-05	 3862	 iter
2949	 5.631988e-05	 3863	 iter
2950	 5.631988e-05	 3864	 iter
2951	 5.631988e-05	 3865	 iter
2952	 5.631988e-05	 3867	 iter
2953	 5.631988e-05	 3868	 iter
2954	 5.631988e-05	 3869	 iter
2955	 5.631988e-05	 3870	 iter
2956	 5.631986e-05	 3872	 iter
2957	 5.631986e-05	 3874	 iter
2958	 5.631986e-05	 3875	 iter
2959	 5.631986e-05	 3876	 iter
2960	 5.631986e-05	 3877	 iter
2961	 5.631986e-05	 3878	 iter
2962	 5.631986e-05	 3879	 iter
2963	 5.631986e-05	 3880	 iter
2964	 5.631986e-05	 3881	 iter
2965	 5.631985e-05	 3883	 iter
2966	 5.631985e-05	 3885	 iter
2967	 5.631985e-05	 3886	 iter
2968	 5.631980e-05	 3888	 iter
2969	 5.631980e-05	 3889	 iter
2970	 5.631980e-05	 3891	 iter
2971	 5.631980e-05	 3893	 iter
2972	 5.631980e-05	 3894	 iter
2972	 5.631980e-05	 3894	 done
