0	 3.134315e-33	 1	 init
0	 3.134315e-33	 1	 iter
1	 3.134315e-33	 17	 iter
2	 3.134315e-33	 19	 iter
3	 3.134315e-33	 21	 iter
4	 3.134315e-33	 23	 iter
5	 3.134315e-33	 25	 iter
6	 3.134315e-33	 27	 iter
7	 3.134315e-33	 29	 iter
8	 3.134315e-33	 31	 iter
9	 3.134315e-33	 33	 iter
10	 3.134315e-33	 35	 iter
11	 3.134315e-33	 37	 iter
12	 3.134315e-33	 39	 iter
13	 3.134315e-33	 41	 iter
14	 3.134315e-33	 43	 iter
15	 3.134315e-33	 45	 iter
16	 3.134315e-33	 47	 iter
17	 3.134315e-33	 49	 iter
18	 3.134315e-33	 51	 iter
19	 3.134315e-33	 53	 iter
20	 3.134315e-33	 55	 iter
21	 3.134315e-33	 57	 iter
22	 3.134315e-33	 58	 iter
23	 3.134315e-33	 60	 iter
24	 3.134315e-33	 62	 iter
25	 3.134315e-33	 64	 iter
26	 3.134315e-33	 66	 iter
27	 3.134315e-33	 68	 iter
28	 3.134315e-33	 70	 iter
29	 3.134315e-33	 72	 iter
30	 3.134315e-33	 74	 iter
31	 3.134315e-33	 76	 iter
32	 3.134315e-33	 78	 iter
33	 3.134315e-33	 79	 iter
34	 3.134315e-33	 80	 iter
35	 3.134315e-33	 82	 iter
36	 3.134315e-33	 84	 iter
37	 3.134315e-33	 86	 iter
38	 3.134315e-33	 87	 iter
39	 3.134315e-33	 89	 iter
40	 3.134315e-33	 90	 iter
41	 3.134315e-33	 92	 iter
42	 3.134315e-33	 94	 iter
43	 3.134315e-33	 96	 iter
44	 3.134315e-33	 97	 iter
45	 3.134315e-33	 98	 iter
46	 3.134315e-33	 100	 iter
47	 3.134315e-33	 102	 iter
48	 3.134315e-33	 104	 iter
49	 3.134315e-33	 105	 iter
50	 3.134315e-33	 107	 iter
51	 3.134315e-33	 109	 iter
52	 3.134315e-33	 111	 iter
53	 3.134315e-33	 112	 iter
54	 3.134315e-33	 114	 iter
55	 3.134315e-33	 116	 iter
56	 3.134315e-33	 118	 iter
57	 3.134315e-33	 120	 iter
58	 3.134315e-33	 121	 iter
59	 3.134315e-33	 123	 iter
60	 3.134315e-33	 125	 iter
61	 3.134315e-33	 127	 iter
62	 3.134315e-33	 129	 iter
63	 3.134315e-33	 130	 iter
64	 3.134315e-33	 132	 iter
65	 3.134315e-33	 134	 iter
66	 3.134315e-33	 136	 iter
67	 3.134315e-33	 138	 iter
68	 3.134315e-33	 140	 iter
69	 3.134315e-33	 142	 iter
70	 3.134315e-33	 143	 iter
71	 3.134315e-33	 144	 iter
72	 3.134315e-33	 145	 iter
73	 3.134315e-33	 147	 iter
74	 3.134315e-33	 149	 iter
75	 3.134315e-33	 151	 iter
76	 3.134315e-33	 152	 iter
77	 3.134315e-33	 154	 iter
78	 3.134315e-33	 156	 iter
79	 3.134315e-33	 158	 iter
80	 3.134315e-33	 160	 iter
81	 3.134315e-33	 162	 iter
82	 3.134315e-33	 164	 iter
83	 3.134315e-33	 166	 iter
84	 3.134315e-33	 168	 iter
85	 3.134315e-33	 169	 iter
86	 3.134315e-33	 171	 iter
87	 3.134315e-33	 173	 iter
88	 3.134315e-33	 174	 iter
89	 3.134315e-33	 176	 iter
90	 3.134315e-33	 178	 iter
91	 3.134315e-33	 179	 iter
92	 3.134315e-33	 181	 iter
93	 3.134315e-33	 183	 iter
94	 3.134315e-33	 185	 iter
95	 3.134315e-33	 187	 iter
96	 3.134315e-33	 189	 iter
97	 3.134315e-33	 190	 iter
98	 3.134315e-33	 191	 iter
99	 3.134315e-33	 193	 iter
100	 3.134315e-33	 194	 iter
101	 3.134315e-33	 195	 iter
102	 3.134315e-33	 196	 iter
103	 3.134315e-33	 197	 iter
104	 3.134315e-33	 199	 iter
105	 3.134315e-33	 201	 iter
106	 3.134315e-33	 203	 iter
107	 3.134315e-33	 205	 iter
108	 3.134315e-33	 206	 iter
109	 3.134315e-33	 208	 iter
110	 3.134315e-33	 209	 iter
111	 3.134315e-33	 210	 iter
112	 3.134315e-33	 211	 iter
113	 3.134315e-33	 212	 iter
114	 3.134315e-33	 214	 iter
115	 3.134315e-33	 215	 iter
116	 3.134315e-33	 217	 iter
117	 3.134315e-33	 219	 iter
118	 3.134315e-33	 221	 iter
119	 3.134315e-33	 223	 iter
120	 3.134315e-33	 225	 iter
121	 3.134315e-33	 227	 iter
122	 3.134315e-33	 229	 iter
123	 3.134315e-33	 231	 iter
124	 3.134315e-33	 232	 iter
125	 3.134315e-33	 233	 iter
126	 3.134315e-33	 235	 iter
127	 3.134315e-33	 236	 iter
127	 3.134315e-33	 236	 done
