0	 2.364352e-33	 1	 init
0	 2.364352e-33	 1	 iter
1	 2.364352e-33	 17	 iter
2	 2.364352e-33	 19	 iter
3	 2.364352e-33	 21	 iter
4	 2.364352e-33	 23	 iter
5	 2.364352e-33	 24	 iter
6	 2.364352e-33	 25	 iter
7	 2.364352e-33	 27	 iter
8	 2.364352e-33	 29	 iter
9	 2.364352e-33	 31	 iter
10	 2.364352e-33	 33	 iter
11	 2.364352e-33	 35	 iter
12	 2.364352e-33	 37	 iter
13	 2.364352e-33	 39	 iter
14	 2.364352e-33	 41	 iter
15	 2.364352e-33	 43	 iter
16	 2.364352e-33	 45	 iter
17	 2.364352e-33	 47	 iter
18	 2.364352e-33	 49	 iter
19	 2.364352e-33	 51	 iter
20	 2.364352e-33	 53	 iter
21	 2.364352e-33	 55	 iter
22	 2.364352e-33	 57	 iter
23	 2.364352e-33	 59	 iter
24	 2.364352e-33	 61	 iter
25	 2.364352e-33	 63	 iter
26	 2.364352e-33	 65	 iter
27	 2.364352e-33	 66	 iter
28	 2.364352e-33	 68	 iter
29	 2.364352e-33	 70	 iter
30	 2.364352e-33	 72	 iter
31	 2.364352e-33	 74	 iter
32	 2.364352e-33	 76	 iter
33	 2.364352e-33	 78	 iter
34	 2.364352e-33	 80	 iter
35	 2.364352e-33	 82	 iter
36	 2.364352e-33	 84	 iter
37	 2.364352e-33	 86	 iter
38	 2.364352e-33	 88	 iter
39	 2.364352e-33	 89	 iter
40	 2.364352e-33	 91	 iter
41	 2.364352e-33	 93	 iter
42	 2.364352e-33	 95	 iter
43	 2.364352e-33	 97	 iter
44	 2.364352e-33	 99	 iter
45	 2.364352e-33	 101	 iter
46	 2.364352e-33	 102	 iter
47	 2.364352e-33	 104	 iter
48	 2.364352e-33	 106	 iter
49	 2.364352e-33	 108	 iter
50	 2.364352e-33	 110	 iter
51	 2.364352e-33	 112	 iter
52	 2.364352e-33	 113	 iter
53	 2.364352e-33	 115	 iter
54	 2.364352e-33	 117	 iter
55	 2.364352e-33	 119	 iter
56	 2.364352e-33	 120	 iter
57	 2.364352e-33	 122	 iter
58	 2.364352e-33	 124	 iter
59	 2.364352e-33	 126	 iter
60	 2.364352e-33	 128	 iter
61	 2.364352e-33	 130	 iter
62	 2.364352e-33	 131	 iter
63	 2.364352e-33	 133	 iter
64	 2.364352e-33	 134	 iter
65	 2.364352e-33	 136	 iter
66	 2.364352e-33	 138	 iter
67	 2.364352e-33	 140	 iter
68	 2.364352e-33	 142	 iter
69	 2.364352e-33	 143	 iter
70	 2.364352e-33	 144	 iter
71	 2.364352e-33	 146	 iter
72	 2.364352e-33	 148	 iter
73	 2.364352e-33	 150	 iter
74	 2.364352e-33	 151	 iter
75	 2.364352e-33	 153	 iter
76	 2.364352e-33	 155	 iter
77	 2.364352e-33	 156	 iter
78	 2.364352e-33	 158	 iter
79	 2.364352e-33	 159	 iter
80	 2.364352e-33	 160	 iter
81	 2.364352e-33	 162	 iter
82	 2.364352e-33	 164	 iter
83	 2.364352e-33	 165	 iter
84	 2.364352e-33	 166	 iter
85	 2.364352e-33	 168	 iter
86	 2.364352e-33	 170	 iter
87	 2.364352e-33	 171	 iter
88	 2.364352e-33	 172	 iter
89	 2.364352e-33	 174	 iter
90	 2.364352e-33	 176	 iter
91	 2.364352e-33	 178	 iter
92	 2.364352e-33	 180	 iter
93	 2.364352e-33	 182	 iter
94	 2.364352e-33	 184	 iter
95	 2.364352e-33	 185	 iter
96	 2.364352e-33	 187	 iter
97	 2.364352e-33	 189	 iter
98	 2.364352e-33	 191	 iter
99	 2.364352e-33	 192	 iter
100	 2.364352e-33	 194	 iter
101	 2.364352e-33	 195	 iter
102	 2.364352e-33	 196	 iter
103	 2.364352e-33	 198	 iter
104	 2.364352e-33	 200	 iter
105	 2.364352e-33	 201	 iter
106	 2.364352e-33	 203	 iter
107	 2.364352e-33	 205	 iter
108	 2.364352e-33	 206	 iter
109	 2.364352e-33	 207	 iter
110	 2.364352e-33	 208	 iter
111	 2.364352e-33	 210	 iter
112	 2.364352e-33	 212	 iter
113	 2.364352e-33	 213	 iter
114	 2.364352e-33	 215	 iter
115	 2.364352e-33	 217	 iter
116	 2.364352e-33	 219	 iter
117	 2.364352e-33	 220	 iter
118	 2.364352e-33	 222	 iter
119	 2.364352e-33	 224	 iter
120	 2.364352e-33	 225	 iter
120	 2.364352e-33	 225	 done
