0	 6.505631e-04	 1	 init
0	 6.505631e-04	 1	 iter
1	 5.421935e-04	 17	 iter
2	 5.397722e-04	 19	 iter
3	 5.397722e-04	 20	 iter
4	 5.397722e-04	 21	 iter
5	 5.397722e-04	 22	 iter
6	 5.397722e-04	 23	 iter
7	 5.397722e-04	 24	 iter
8	 5.143795e-04	 26	 iter
9	 5.143795e-04	 27	 iter
10	 5.143795e-04	 28	 iter
11	 5.143795e-04	 29	 iter
12	 5.139010e-04	 31	 iter
13	 5.139010e-04	 32	 iter
14	 5.139010e-04	 33	 iter
15	 5.139010e-04	 34	 iter
16	 5.139010e-04	 35	 iter
17	 5.139010e-04	 36	 iter
18	 5.139010e-04	 37	 iter
19	 5.139010e-04	 38	 iter
20	 5.139010e-04	 39	 iter
21	 5.139010e-04	 41	 iter
22	 5.139010e-04	 42	 iter
23	 5.139010e-04	 44	 iter
24	 5.139010e-04	 46	 iter
25	 5.139010e-04	 48	 iter
26	 5.139010e-04	 50	 iter
27	 5.139010e-04	 52	 iter
28	 5.075068e-04	 54	 iter
29	 5.075068e-04	 56	 iter
30	 5.075068e-04	 58	 iter
31	 5.075068e-04	 59	 iter
32	 5.075068e-04	 60	 iter
33	 5.075068e-04	 61	 iter
34	 5.075068e-04	 63	 iter
35	 5.075068e-04	 64	 iter
36	 5.075068e-04	 65	 iter
37	 5.075068e-04	 66	 iter
38	 5.075068e-04	 67	 iter
39	 5.075068e-04	 68	 iter
40	 5.075068e-04	 69	 iter
41	 5.075068e-04	 70	 iter
42	 5.075068e-04	 71	 iter
43	 5.032489e-04	 73	 iter
44	 5.032489e-04	 74	 iter
45	 5.032489e-04	 76	 iter
46	 5.032489e-04	 78	 iter
47	 5.032489e-04	 79	 iter
48	 5.032489e-04	 80	 iter
49	 5.008493e-04	 82	 iter
50	 5.008493e-04	 83	 iter
51	 5.008493e-04	 84	 iter
52	 5.008493e-04	 85	 iter
53	 5.008493e-04	 86	 iter
54	 5.008493e-04	 88	 iter
55	 5.008493e-04	 89	 iter
56	 5.008493e-04	 91	 iter
57	 5.008493e-04	 93	 iter
58	 5.008493e-04	 95	 iter
59	 5.008493e-04	 97	 iter
60	 4.993219e-04	 99	 iter
61	 4.993219e-04	 100	 iter
62	 4.993219e-04	 101	 iter
63	 4.993219e-04	 102	 iter
64	 4.993219e-04	 104	 iter
65	 4.993219e-04	 106	 iter
66	 4.993219e-04	 108	 iter
67	 4.993219e-04	 109	 iter
68	 4.993219e-04	 110	 iter
69	 4.991450e-04	 112	 iter
70	 4.991450e-04	 114	 iter
71	 4.944838e-04	 116	 iter
72	 4.944838e-04	 118	 iter
73	 4.944838e-04	 119	 iter
74	 4.944838e-04	 120	 iter
75	 4.944838e-04	 121	 iter
76	 4.944838e-04	 122	 iter
77	 4.944838e-04	 123	 iter
78	 4.944838e-04	 124	 iter
79	 4.944838e-04	 125	 iter
80	 4.944838e-04	 126	 iter
81	 4.944838e-04	 127	 iter
82	 4.944838e-04	 129	 iter
83	 4.939821e-04	 131	 iter
84	 4.939821e-04	 132	 iter
85	 4.939821e-04	 133	 iter
86	 4.939821e-04	 134	 iter
87	 4.939821e-04	 136	 iter
88	 4.884490e-04	 138	 iter
89	 4.884490e-04	 139	 iter
90	 4.884490e-04	 140	 iter
91	 4.884490e-04	 141	 iter
92	 4.884490e-04	 143	 iter
93	 4.884490e-04	 144	 iter
94	 4.884490e-04	 145	 iter
95	 4.884490e-04	 146	 iter
96	 4.884490e-04	 147	 iter
97	 4.884490e-04	 148	 iter
98	 4.884490e-04	 149	 iter
99	 4.884490e-04	 150	 iter
100	 4.884490e-04	 151	 iter
101	 4.884490e-04	 152	 iter
102	 4.884490e-04	 154	 iter
103	 4.884490e-04	 155	 iter
104	 4.862747e-04	 157	 iter
105	 4.862747e-04	 158	 iter
106	 4.862747e-04	 159	 iter
107	 4.826981e-04	 161	 iter
108	 4.826981e-04	 162	 iter
109	 4.826981e-04	 163	 iter
110	 4.826981e-04	 164	 iter
111	 4.826981e-04	 165	 iter
112	 4.826981e-04	 166	 iter
113	 4.826981e-04	 167	 iter
114	 4.826981e-04	 168	 iter
115	 4.826981e-04	 169	 iter
116	 4.826981e-04	 170	 iter
117	 4.826981e-04	 171	 iter
118	 4.826981e-04	 172	 iter
119	 4.826981e-04	 173	 iter
120	 4.813605e-04	 175	 iter
121	 4.813605e-04	 176	 iter
122	 4.813605e-04	 177	 iter
123	 4.813605e-04	 178	 iter
124	 4.813605e-04	 179	 iter
125	 4.813605e-04	 180	 iter
126	 4.813605e-04	 181	 iter
127	 4.813605e-04	 182	 iter
128	 4.813605e-04	 184	 iter
129	 4.813605e-04	 185	 iter
130	 4.813605e-04	 186	 iter
131	 4.813605e-04	 188	 iter
132	 4.812863e-04	 190	 iter
133	 4.812863e-04	 191	 iter
134	 4.812863e-04	 192	 iter
135	 4.812863e-04	 193	 iter
136	 4.803709e-04	 195	 iter
137	 4.803709e-04	 196	 iter
138	 4.792097e-04	 198	 iter
139	 4.792097e-04	 200	 iter
140	 4.792097e-04	 202	 iter
141	 4.792097e-04	 203	 iter
142	 4.792097e-04	 204	 iter
143	 4.792097e-04	 205	 iter
144	 4.792097e-04	 207	 iter
145	 4.792097e-04	 209	 iter
146	 4.792097e-04	 210	 iter
147	 4.792097e-04	 211	 iter
148	 4.767748e-04	 213	 iter
149	 4.767748e-04	 214	 iter
150	 4.767748e-04	 215	 iter
151	 4.767748e-04	 216	 iter
152	 4.767748e-04	 217	 iter
153	 4.767748e-04	 218	 iter
154	 4.767748e-04	 219	 iter
155	 4.767748e-04	 220	 iter
156	 4.767748e-04	 221	 iter
157	 4.767748e-04	 222	 iter
158	 4.767748e-04	 223	 iter
159	 4.767748e-04	 224	 iter
160	 4.767748e-04	 225	 iter
161	 4.767748e-04	 226	 iter
162	 4.767748e-04	 227	 iter
163	 4.767748e-04	 228	 iter
164	 4.731257e-04	 230	 iter
165	 4.731257e-04	 231	 iter
166	 4.731257e-04	 232	 iter
167	 4.731257e-04	 233	 iter
168	 4.731257e-04	 234	 iter
169	 4.731257e-04	 235	 iter
170	 4.731257e-04	 236	 iter
171	 4.731257e-04	 237	 iter
172	 4.731257e-04	 238	 iter
173	 4.731257e-04	 239	 iter
174	 4.731257e-04	 240	 iter
175	 4.731257e-04	 241	 iter
176	 4.704803e-04	 243	 iter
177	 4.704803e-04	 244	 iter
178	 4.704803e-04	 245	 iter
179	 4.704803e-04	 247	 iter
180	 4.704803e-04	 248	 iter
181	 4.704803e-04	 249	 iter
182	 4.704803e-04	 250	 iter
183	 4.704803e-04	 251	 iter
184	 4.671510e-04	 253	 iter
185	 4.671510e-04	 254	 iter
186	 4.671510e-04	 255	 iter
187	 4.671510e-04	 256	 iter
188	 4.671510e-04	 257	 iter
189	 4.671510e-04	 258	 iter
190	 4.644875e-04	 260	 iter
191	 4.644875e-04	 261	 iter
192	 4.644875e-04	 262	 iter
193	 4.603677e-04	 264	 iter
194	 4.603677e-04	 265	 iter
195	 4.603677e-04	 266	 iter
196	 4.603677e-04	 267	 iter
197	 4.603677e-04	 268	 iter
198	 4.603677e-04	 269	 iter
199	 4.603677e-04	 270	 iter
200	 4.566373e-04	 272	 iter
201	 4.566373e-04	 273	 iter
202	 4.566373e-04	 274	 iter
203	 4.566373e-04	 275	 iter
204	 4.566373e-04	 276	 iter
205	 4.521869e-04	 278	 iter
206	 4.521869e-04	 279	 iter
207	 4.521869e-04	 280	 iter
208	 4.521869e-04	 281	 iter
209	 4.521869e-04	 282	 iter
210	 4.464032e-04	 284	 iter
211	 4.464032e-04	 285	 iter
212	 4.464032e-04	 286	 iter
213	 4.375094e-04	 288	 iter
214	 4.375094e-04	 289	 iter
215	 4.375094e-04	 290	 iter
216	 4.375094e-04	 291	 iter
217	 4.375094e-04	 292	 iter
218	 4.375094e-04	 293	 iter
219	 4.375094e-04	 294	 iter
220	 4.375094e-04	 295	 iter
221	 4.375094e-04	 296	 iter
222	 4.280050e-04	 298	 iter
223	 4.280050e-04	 299	 iter
224	 4.280050e-04	 300	 iter
225	 4.280050e-04	 301	 iter
226	 4.280050e-04	 302	 iter
227	 4.280050e-04	 303	 iter
228	 4.280050e-04	 304	 iter
229	 4.212878e-04	 306	 iter
230	 4.212878e-04	 307	 iter
231	 4.212878e-04	 308	 iter
232	 4.212878e-04	 309	 iter
233	 4.212878e-04	 310	 iter
234	 4.082927e-04	 312	 iter
235	 4.082927e-04	 313	 iter
236	 4.082927e-04	 314	 iter
237	 4.082927e-04	 315	 iter
238	 3.914674e-04	 317	 iter
239	 3.914674e-04	 318	 iter
240	 3.914674e-04	 319	 iter
241	 3.914674e-04	 320	 iter
242	 3.914674e-04	 321	 iter
243	 3.914674e-04	 322	 iter
244	 3.914674e-04	 323	 iter
245	 3.914674e-04	 324	 iter
246	 3.914674e-04	 325	 iter
247	 3.914674e-04	 326	 iter
248	 3.835105e-04	 328	 iter
249	 3.835105e-04	 329	 iter
250	 3.835105e-04	 330	 iter
251	 3.835105e-04	 331	 iter
252	 3.747441e-04	 333	 iter
253	 3.747441e-04	 334	 iter
254	 3.747441e-04	 335	 iter
255	 3.747441e-04	 336	 iter
256	 3.747441e-04	 337	 iter
257	 3.747441e-04	 338	 iter
258	 3.736117e-04	 340	 iter
259	 3.736117e-04	 341	 iter
260	 3.558379e-04	 343	 iter
261	 3.558379e-04	 344	 iter
262	 3.558379e-04	 345	 iter
263	 3.558379e-04	 346	 iter
264	 3.558379e-04	 347	 iter
265	 3.558379e-04	 348	 iter
266	 3.558379e-04	 349	 iter
267	 3.558379e-04	 350	 iter
268	 3.558379e-04	 351	 iter
269	 3.558379e-04	 352	 iter
270	 3.558379e-04	 353	 iter
271	 3.558379e-04	 354	 iter
272	 3.558379e-04	 355	 iter
273	 3.558379e-04	 356	 iter
274	 3.558379e-04	 357	 iter
275	 3.558379e-04	 358	 iter
276	 3.558379e-04	 359	 iter
277	 3.558379e-04	 360	 iter
278	 3.558379e-04	 361	 iter
279	 3.558379e-04	 363	 iter
280	 3.558379e-04	 364	 iter
281	 3.558379e-04	 365	 iter
282	 3.558379e-04	 366	 iter
283	 3.558379e-04	 367	 iter
284	 3.558379e-04	 368	 iter
285	 3.558379e-04	 369	 iter
286	 3.558379e-04	 370	 iter
287	 3.443812e-04	 372	 iter
288	 3.443812e-04	 373	 iter
289	 3.443812e-04	 374	 iter
290	 3.443812e-04	 376	 iter
291	 3.443812e-04	 377	 iter
292	 3.443812e-04	 378	 iter
293	 3.443812e-04	 379	 iter
294	 3.443812e-04	 380	 iter
295	 3.443812e-04	 381	 iter
296	 3.443812e-04	 382	 iter
297	 3.443812e-04	 383	 iter
298	 3.443812e-04	 384	 iter
299	 3.443812e-04	 385	 iter
300	 3.443812e-04	 386	 iter
301	 3.364966e-04	 388	 iter
302	 3.364966e-04	 389	 iter
303	 3.364966e-04	 390	 iter
304	 3.364966e-04	 391	 iter
305	 3.364966e-04	 392	 iter
306	 3.364966e-04	 393	 iter
307	 3.364966e-04	 394	 iter
308	 3.364966e-04	 395	 iter
309	 3.364966e-04	 396	 iter
310	 3.364966e-04	 397	 iter
311	 3.364966e-04	 399	 iter
312	 3.364966e-04	 400	 iter
313	 3.364966e-04	 401	 iter
314	 3.364966e-04	 402	 iter
315	 3.361622e-04	 404	 iter
316	 3.361001e-04	 406	 iter
317	 3.361001e-04	 408	 iter
318	 3.361001e-04	 409	 iter
319	 3.361001e-04	 410	 iter
320	 3.324783e-04	 412	 iter
321	 3.324783e-04	 413	 iter
322	 3.324783e-04	 414	 iter
323	 3.324783e-04	 415	 iter
324	 3.318660e-04	 417	 iter
325	 3.210786e-04	 419	 iter
326	 3.210786e-04	 420	 iter
327	 3.210786e-04	 421	 iter
328	 3.210786e-04	 422	 iter
329	 3.210786e-04	 423	 iter
330	 3.210786e-04	 424	 iter
331	 3.210786e-04	 425	 iter
332	 3.210786e-04	 426	 iter
333	 3.210786e-04	 428	 iter
334	 3.210786e-04	 429	 iter
335	 3.210786e-04	 430	 iter
336	 3.155463e-04	 432	 iter
337	 3.155463e-04	 433	 iter
338	 3.155463e-04	 434	 iter
339	 3.155463e-04	 435	 iter
340	 3.155463e-04	 436	 iter
341	 3.155463e-04	 437	 iter
342	 3.155463e-04	 438	 iter
343	 3.155463e-04	 439	 iter
344	 3.155463e-04	 440	 iter
345	 3.080316e-04	 442	 iter
346	 3.080316e-04	 443	 iter
347	 3.080316e-04	 444	 iter
348	 3.080316e-04	 445	 iter
349	 3.080316e-04	 446	 iter
350	 3.080316e-04	 447	 iter
351	 3.080316e-04	 448	 iter
352	 3.080316e-04	 449	 iter
353	 3.075449e-04	 451	 iter
354	 3.075449e-04	 452	 iter
355	 3.048139e-04	 454	 iter
356	 3.048139e-04	 455	 iter
357	 3.048139e-04	 456	 iter
358	 3.046344e-04	 458	 iter
359	 3.046344e-04	 459	 iter
360	 3.046344e-04	 460	 iter
361	 3.046344e-04	 461	 iter
362	 2.958670e-04	 463	 iter
363	 2.958670e-04	 464	 iter
364	 2.958670e-04	 465	 iter
365	 2.958670e-04	 466	 iter
366	 2.958670e-04	 467	 iter
367	 2.958670e-04	 468	 iter
368	 2.958670e-04	 469	 iter
369	 2.958670e-04	 470	 iter
370	 2.958670e-04	 471	 iter
371	 2.958670e-04	 472	 iter
372	 2.958670e-04	 473	 iter
373	 2.958670e-04	 474	 iter
374	 2.938491e-04	 476	 iter
375	 2.938491e-04	 477	 iter
376	 2.938491e-04	 478	 iter
377	 2.938491e-04	 480	 iter
378	 2.938491e-04	 481	 iter
379	 2.938491e-04	 482	 iter
380	 2.938491e-04	 483	 iter
381	 2.926749e-04	 485	 iter
382	 2.926749e-04	 486	 iter
383	 2.926749e-04	 487	 iter
384	 2.926749e-04	 488	 iter
385	 2.926749e-04	 489	 iter
386	 2.926749e-04	 490	 iter
387	 2.926749e-04	 492	 iter
388	 2.926749e-04	 494	 iter
389	 2.908740e-04	 496	 iter
390	 2.908740e-04	 497	 iter
391	 2.900561e-04	 499	 iter
392	 2.900561e-04	 500	 iter
393	 2.900561e-04	 501	 iter
394	 2.900561e-04	 503	 iter
395	 2.791927e-04	 505	 iter
396	 2.791927e-04	 506	 iter
397	 2.791927e-04	 507	 iter
398	 2.791927e-04	 508	 iter
399	 2.791927e-04	 510	 iter
400	 2.791927e-04	 511	 iter
401	 2.791927e-04	 513	 iter
402	 2.791927e-04	 514	 iter
403	 2.791927e-04	 515	 iter
404	 2.791927e-04	 516	 iter
405	 2.791927e-04	 518	 iter
406	 2.791927e-04	 520	 iter
407	 2.791927e-04	 521	 iter
408	 2.791927e-04	 522	 iter
409	 2.791927e-04	 523	 iter
410	 2.791927e-04	 524	 iter
411	 2.791927e-04	 525	 iter
412	 2.791927e-04	 526	 iter
413	 2.791927e-04	 527	 iter
414	 2.791927e-04	 528	 iter
415	 2.791927e-04	 530	 iter
416	 2.791927e-04	 531	 iter
417	 2.791927e-04	 532	 iter
418	 2.791927e-04	 533	 iter
419	 2.791927e-04	 534	 iter
420	 2.791927e-04	 535	 iter
421	 2.791927e-04	 536	 iter
422	 2.791927e-04	 537	 iter
423	 2.791927e-04	 538	 iter
424	 2.791927e-04	 539	 iter
425	 2.791927e-04	 541	 iter
426	 2.791927e-04	 542	 iter
427	 2.791927e-04	 543	 iter
428	 2.791927e-04	 544	 iter
429	 2.791927e-04	 545	 iter
430	 2.791927e-04	 546	 iter
431	 2.791927e-04	 547	 iter
432	 2.791927e-04	 548	 iter
433	 2.791927e-04	 549	 iter
434	 2.753513e-04	 551	 iter
435	 2.753513e-04	 552	 iter
436	 2.753513e-04	 553	 iter
437	 2.753513e-04	 554	 iter
438	 2.740615e-04	 556	 iter
439	 2.740615e-04	 557	 iter
440	 2.740615e-04	 558	 iter
441	 2.740615e-04	 559	 iter
442	 2.734652e-04	 561	 iter
443	 2.734652e-04	 562	 iter
444	 2.734652e-04	 563	 iter
445	 2.730807e-04	 565	 iter
446	 2.730807e-04	 566	 iter
447	 2.704628e-04	 568	 iter
448	 2.704628e-04	 569	 iter
449	 2.704628e-04	 570	 iter
450	 2.704628e-04	 571	 iter
451	 2.704628e-04	 572	 iter
452	 2.697983e-04	 574	 iter
453	 2.631962e-04	 576	 iter
454	 2.631962e-04	 577	 iter
455	 2.631962e-04	 578	 iter
456	 2.631962e-04	 579	 iter
457	 2.631962e-04	 580	 iter
458	 2.631962e-04	 581	 iter
459	 2.631962e-04	 582	 iter
460	 2.631962e-04	 583	 iter
461	 2.631962e-04	 584	 iter
462	 2.631962e-04	 585	 iter
463	 2.631962e-04	 586	 iter
464	 2.568296e-04	 588	 iter
465	 2.568296e-04	 589	 iter
466	 2.568296e-04	 590	 iter
467	 2.531844e-04	 592	 iter
468	 2.531844e-04	 593	 iter
469	 2.531844e-04	 594	 iter
470	 2.531844e-04	 595	 iter
471	 2.531844e-04	 596	 iter
472	 2.531844e-04	 597	 iter
473	 2.531844e-04	 598	 iter
474	 2.531844e-04	 599	 iter
475	 2.531844e-04	 600	 iter
476	 2.531844e-04	 601	 iter
477	 2.525778e-04	 603	 iter
478	 2.525778e-04	 604	 iter
479	 2.525778e-04	 605	 iter
480	 2.525778e-04	 606	 iter
481	 2.525778e-04	 607	 iter
482	 2.525778e-04	 608	 iter
483	 2.482048e-04	 610	 iter
484	 2.473577e-04	 612	 iter
485	 2.473577e-04	 613	 iter
486	 2.422159e-04	 615	 iter
487	 2.422159e-04	 616	 iter
488	 2.422159e-04	 617	 iter
489	 2.422159e-04	 618	 iter
490	 2.422159e-04	 619	 iter
491	 2.422159e-04	 620	 iter
492	 2.422159e-04	 621	 iter
493	 2.318644e-04	 623	 iter
494	 2.318644e-04	 624	 iter
495	 2.318644e-04	 625	 iter
496	 2.318644e-04	 626	 iter
497	 2.318644e-04	 627	 iter
498	 2.318644e-04	 628	 iter
499	 2.318644e-04	 629	 iter
500	 2.318644e-04	 630	 iter
501	 2.318644e-04	 631	 iter
502	 2.314913e-04	 633	 iter
503	 2.300142e-04	 635	 iter
504	 2.300142e-04	 636	 iter
505	 2.300142e-04	 637	 iter
506	 2.300142e-04	 638	 iter
507	 2.264564e-04	 640	 iter
508	 2.239255e-04	 642	 iter
509	 2.239255e-04	 643	 iter
510	 2.239255e-04	 644	 iter
511	 2.239255e-04	 645	 iter
512	 2.239255e-04	 646	 iter
513	 2.238762e-04	 648	 iter
514	 2.226845e-04	 650	 iter
515	 2.160071e-04	 652	 iter
516	 2.160071e-04	 653	 iter
517	 2.160071e-04	 654	 iter
518	 2.160071e-04	 655	 iter
519	 2.160071e-04	 657	 iter
520	 2.160071e-04	 658	 iter
521	 2.160071e-04	 659	 iter
522	 2.160071e-04	 660	 iter
523	 2.160071e-04	 661	 iter
524	 2.154458e-04	 663	 iter
525	 2.154458e-04	 664	 iter
526	 2.139195e-04	 666	 iter
527	 2.139195e-04	 667	 iter
528	 2.139195e-04	 668	 iter
529	 2.139195e-04	 669	 iter
530	 2.106279e-04	 671	 iter
531	 2.057986e-04	 673	 iter
532	 2.057986e-04	 674	 iter
533	 2.057986e-04	 675	 iter
534	 2.057986e-04	 676	 iter
535	 2.054803e-04	 678	 iter
536	 2.054803e-04	 679	 iter
537	 2.054803e-04	 680	 iter
538	 2.054803e-04	 681	 iter
539	 2.054803e-04	 682	 iter
540	 2.042955e-04	 684	 iter
541	 2.042955e-04	 686	 iter
542	 2.042955e-04	 687	 iter
543	 2.042955e-04	 688	 iter
544	 2.042955e-04	 689	 iter
545	 2.042955e-04	 690	 iter
546	 2.038865e-04	 692	 iter
547	 2.026957e-04	 694	 iter
548	 2.026957e-04	 695	 iter
549	 2.026957e-04	 696	 iter
550	 2.026957e-04	 697	 iter
551	 2.026957e-04	 698	 iter
552	 2.009703e-04	 700	 iter
553	 2.009703e-04	 701	 iter
554	 2.009703e-04	 702	 iter
555	 2.009703e-04	 703	 iter
556	 2.009703e-04	 704	 iter
557	 2.009703e-04	 705	 iter
558	 2.009703e-04	 706	 iter
559	 2.009703e-04	 707	 iter
560	 2.009703e-04	 708	 iter
561	 2.009703e-04	 709	 iter
562	 2.009703e-04	 710	 iter
563	 2.009703e-04	 712	 iter
564	 2.009703e-04	 714	 iter
565	 2.009703e-04	 715	 iter
566	 2.009703e-04	 716	 iter
567	 2.007929e-04	 718	 iter
568	 2.006806e-04	 720	 iter
569	 2.006806e-04	 721	 iter
570	 1.976020e-04	 723	 iter
571	 1.976020e-04	 725	 iter
572	 1.976020e-04	 726	 iter
573	 1.976020e-04	 727	 iter
574	 1.976020e-04	 728	 iter
575	 1.976020e-04	 730	 iter
576	 1.976020e-04	 731	 iter
577	 1.976020e-04	 733	 iter
578	 1.976020e-04	 735	 iter
579	 1.976020e-04	 737	 iter
580	 1.976020e-04	 738	 iter
581	 1.976020e-04	 739	 iter
582	 1.976020e-04	 740	 iter
583	 1.976020e-04	 741	 iter
584	 1.976020e-04	 743	 iter
585	 1.976020e-04	 745	 iter
586	 1.976020e-04	 747	 iter
587	 1.976020e-04	 749	 iter
588	 1.966769e-04	 751	 iter
589	 1.966769e-04	 752	 iter
590	 1.966769e-04	 753	 iter
591	 1.966769e-04	 755	 iter
592	 1.966769e-04	 756	 iter
593	 1.966769e-04	 758	 iter
594	 1.966769e-04	 759	 iter
595	 1.966769e-04	 760	 iter
596	 1.966769e-04	 761	 iter
597	 1.966769e-04	 762	 iter
598	 1.966769e-04	 763	 iter
599	 1.966769e-04	 764	 iter
600	 1.966769e-04	 766	 iter
601	 1.966769e-04	 767	 iter
602	 1.959965e-04	 769	 iter
603	 1.959965e-04	 771	 iter
604	 1.959965e-04	 772	 iter
605	 1.939605e-04	 774	 iter
606	 1.939605e-04	 775	 iter
607	 1.939605e-04	 776	 iter
608	 1.939605e-04	 777	 iter
609	 1.939605e-04	 779	 iter
610	 1.939605e-04	 780	 iter
611	 1.939605e-04	 781	 iter
612	 1.939605e-04	 783	 iter
613	 1.939605e-04	 784	 iter
614	 1.939605e-04	 785	 iter
615	 1.939605e-04	 786	 iter
616	 1.939605e-04	 787	 iter
617	 1.939605e-04	 788	 iter
618	 1.939605e-04	 789	 iter
619	 1.939605e-04	 790	 iter
620	 1.938910e-04	 792	 iter
621	 1.933988e-04	 794	 iter
622	 1.933988e-04	 795	 iter
623	 1.933988e-04	 796	 iter
624	 1.933988e-04	 797	 iter
625	 1.933988e-04	 798	 iter
626	 1.933988e-04	 799	 iter
627	 1.933988e-04	 800	 iter
628	 1.933988e-04	 801	 iter
629	 1.933988e-04	 802	 iter
630	 1.933988e-04	 803	 iter
631	 1.915297e-04	 805	 iter
632	 1.915297e-04	 806	 iter
633	 1.915297e-04	 807	 iter
634	 1.915297e-04	 808	 iter
635	 1.882949e-04	 810	 iter
636	 1.882949e-04	 811	 iter
637	 1.882949e-04	 812	 iter
638	 1.882949e-04	 813	 iter
639	 1.882949e-04	 814	 iter
640	 1.882949e-04	 815	 iter
641	 1.882949e-04	 816	 iter
642	 1.882949e-04	 817	 iter
643	 1.882949e-04	 818	 iter
644	 1.882949e-04	 819	 iter
645	 1.882949e-04	 820	 iter
646	 1.878200e-04	 822	 iter
647	 1.878200e-04	 823	 iter
648	 1.829398e-04	 825	 iter
649	 1.829398e-04	 826	 iter
650	 1.829398e-04	 827	 iter
651	 1.829398e-04	 828	 iter
652	 1.829398e-04	 829	 iter
653	 1.829398e-04	 830	 iter
654	 1.829398e-04	 831	 iter
655	 1.829398e-04	 832	 iter
656	 1.829398e-04	 833	 iter
657	 1.776208e-04	 835	 iter
658	 1.776208e-04	 836	 iter
659	 1.776208e-04	 837	 iter
660	 1.776208e-04	 838	 iter
661	 1.776208e-04	 839	 iter
662	 1.776208e-04	 840	 iter
663	 1.776208e-04	 841	 iter
664	 1.776208e-04	 842	 iter
665	 1.776208e-04	 843	 iter
666	 1.776208e-04	 844	 iter
667	 1.745981e-04	 846	 iter
668	 1.745981e-04	 847	 iter
669	 1.745981e-04	 848	 iter
670	 1.745981e-04	 849	 iter
671	 1.707094e-04	 851	 iter
672	 1.707094e-04	 852	 iter
673	 1.707094e-04	 853	 iter
674	 1.707094e-04	 854	 iter
675	 1.685231e-04	 856	 iter
676	 1.685231e-04	 857	 iter
677	 1.618189e-04	 859	 iter
678	 1.618189e-04	 860	 iter
679	 1.618189e-04	 861	 iter
680	 1.618189e-04	 862	 iter
681	 1.618189e-04	 863	 iter
682	 1.618189e-04	 864	 iter
683	 1.618189e-04	 865	 iter
684	 1.618189e-04	 866	 iter
685	 1.618189e-04	 867	 iter
686	 1.490858e-04	 869	 iter
687	 1.490858e-04	 870	 iter
688	 1.490858e-04	 871	 iter
689	 1.490858e-04	 872	 iter
690	 1.490858e-04	 873	 iter
691	 1.490858e-04	 874	 iter
692	 1.490858e-04	 875	 iter
693	 1.490858e-04	 876	 iter
694	 1.490858e-04	 877	 iter
695	 1.475923e-04	 879	 iter
696	 1.475923e-04	 880	 iter
697	 1.429983e-04	 882	 iter
698	 1.429983e-04	 883	 iter
699	 1.385684e-04	 885	 iter
700	 1.376777e-04	 887	 iter
701	 1.376777e-04	 888	 iter
702	 1.376466e-04	 890	 iter
703	 1.352691e-04	 892	 iter
704	 1.352691e-04	 893	 iter
705	 1.352691e-04	 894	 iter
706	 1.336361e-04	 896	 iter
707	 1.336361e-04	 897	 iter
708	 1.336361e-04	 898	 iter
709	 1.336361e-04	 899	 iter
710	 1.305801e-04	 901	 iter
711	 1.305801e-04	 902	 iter
712	 1.305801e-04	 903	 iter
713	 1.305801e-04	 904	 iter
714	 1.305801e-04	 905	 iter
715	 1.305801e-04	 907	 iter
716	 1.305801e-04	 909	 iter
717	 1.305801e-04	 910	 iter
718	 1.305801e-04	 911	 iter
719	 1.305801e-04	 912	 iter
720	 1.305801e-04	 913	 iter
721	 1.302188e-04	 915	 iter
722	 1.302188e-04	 916	 iter
723	 1.302188e-04	 917	 iter
724	 1.225840e-04	 919	 iter
725	 1.225840e-04	 920	 iter
726	 1.225840e-04	 922	 iter
727	 1.225840e-04	 924	 iter
728	 1.225840e-04	 925	 iter
729	 1.225840e-04	 926	 iter
730	 1.225840e-04	 927	 iter
731	 1.225840e-04	 928	 iter
732	 1.225840e-04	 929	 iter
733	 1.225840e-04	 930	 iter
734	 1.225840e-04	 931	 iter
735	 1.225840e-04	 932	 iter
736	 1.225840e-04	 933	 iter
737	 1.225840e-04	 934	 iter
738	 1.225840e-04	 935	 iter
739	 1.225840e-04	 937	 iter
740	 1.225840e-04	 939	 iter
741	 1.225840e-04	 940	 iter
742	 1.225840e-04	 942	 iter
743	 1.225840e-04	 943	 iter
744	 1.225840e-04	 945	 iter
745	 1.225840e-04	 946	 iter
746	 1.225840e-04	 947	 iter
747	 1.225840e-04	 949	 iter
748	 1.225840e-04	 950	 iter
749	 1.225840e-04	 951	 iter
750	 1.208243e-04	 953	 iter
751	 1.208243e-04	 954	 iter
752	 1.208243e-04	 956	 iter
753	 1.208243e-04	 957	 iter
754	 1.208243e-04	 959	 iter
755	 1.208243e-04	 961	 iter
756	 1.208243e-04	 962	 iter
757	 1.208243e-04	 963	 iter
758	 1.208243e-04	 965	 iter
759	 1.208243e-04	 966	 iter
760	 1.208243e-04	 967	 iter
761	 1.208243e-04	 969	 iter
762	 1.208243e-04	 970	 iter
763	 1.208243e-04	 971	 iter
764	 1.208243e-04	 972	 iter
765	 1.208243e-04	 973	 iter
766	 1.208243e-04	 975	 iter
767	 1.208243e-04	 976	 iter
768	 1.208243e-04	 977	 iter
769	 1.208243e-04	 978	 iter
770	 1.202681e-04	 980	 iter
771	 1.202681e-04	 982	 iter
772	 1.202681e-04	 984	 iter
773	 1.202681e-04	 985	 iter
774	 1.202512e-04	 987	 iter
775	 1.202512e-04	 988	 iter
776	 1.199832e-04	 990	 iter
777	 1.199832e-04	 992	 iter
778	 1.199832e-04	 994	 iter
779	 1.199832e-04	 996	 iter
780	 1.199832e-04	 998	 iter
781	 1.199832e-04	 999	 iter
782	 1.199832e-04	 1001	 iter
783	 1.189550e-04	 1003	 iter
784	 1.189550e-04	 1004	 iter
785	 1.189550e-04	 1006	 iter
786	 1.189550e-04	 1008	 iter
787	 1.176292e-04	 1010	 iter
788	 1.176292e-04	 1011	 iter
789	 1.176292e-04	 1012	 iter
790	 1.176292e-04	 1013	 iter
791	 1.176292e-04	 1014	 iter
792	 1.176292e-04	 1016	 iter
793	 1.176292e-04	 1017	 iter
794	 1.176292e-04	 1018	 iter
795	 1.176292e-04	 1019	 iter
796	 1.176292e-04	 1020	 iter
797	 1.176292e-04	 1021	 iter
798	 1.176292e-04	 1022	 iter
799	 1.176292e-04	 1023	 iter
800	 1.176292e-04	 1024	 iter
801	 1.176292e-04	 1025	 iter
802	 1.176292e-04	 1026	 iter
803	 1.176292e-04	 1027	 iter
804	 1.176292e-04	 1028	 iter
805	 1.176292e-04	 1029	 iter
806	 1.172672e-04	 1031	 iter
807	 1.172672e-04	 1032	 iter
808	 1.172672e-04	 1033	 iter
809	 1.172672e-04	 1034	 iter
810	 1.172672e-04	 1035	 iter
811	 1.161909e-04	 1037	 iter
812	 1.161909e-04	 1038	 iter
813	 1.161909e-04	 1039	 iter
814	 1.151317e-04	 1041	 iter
815	 1.151317e-04	 1042	 iter
816	 1.151317e-04	 1043	 iter
817	 1.151317e-04	 1044	 iter
818	 1.151317e-04	 1045	 iter
819	 1.151317e-04	 1046	 iter
820	 1.151317e-04	 1047	 iter
821	 1.151317e-04	 1048	 iter
822	 1.151317e-04	 1049	 iter
823	 1.151317e-04	 1050	 iter
824	 1.151317e-04	 1051	 iter
825	 1.147243e-04	 1053	 iter
826	 1.147243e-04	 1054	 iter
827	 1.147243e-04	 1055	 iter
828	 1.147243e-04	 1056	 iter
829	 1.115648e-04	 1058	 iter
830	 1.115648e-04	 1059	 iter
831	 1.115648e-04	 1060	 iter
832	 1.115648e-04	 1061	 iter
833	 1.115648e-04	 1062	 iter
834	 1.115648e-04	 1063	 iter
835	 1.115648e-04	 1064	 iter
836	 1.115648e-04	 1065	 iter
837	 1.115648e-04	 1066	 iter
838	 1.115648e-04	 1067	 iter
839	 1.115648e-04	 1068	 iter
840	 1.115648e-04	 1069	 iter
841	 1.089243e-04	 1071	 iter
842	 1.089243e-04	 1072	 iter
843	 1.089243e-04	 1073	 iter
844	 1.089243e-04	 1074	 iter
845	 1.061964e-04	 1076	 iter
846	 1.061964e-04	 1077	 iter
847	 1.061964e-04	 1078	 iter
848	 1.061964e-04	 1079	 iter
849	 1.061964e-04	 1080	 iter
850	 1.061964e-04	 1081	 iter
851	 1.061964e-04	 1082	 iter
852	 1.031957e-04	 1084	 iter
853	 1.031957e-04	 1085	 iter
854	 1.031957e-04	 1086	 iter
855	 1.031957e-04	 1087	 iter
856	 1.031957e-04	 1088	 iter
857	 1.031957e-04	 1089	 iter
858	 1.013546e-04	 1091	 iter
859	 1.013546e-04	 1092	 iter
860	 1.013546e-04	 1093	 iter
861	 1.013546e-04	 1094	 iter
862	 9.918145e-05	 1096	 iter
863	 9.471981e-05	 1098	 iter
864	 9.471981e-05	 1099	 iter
865	 9.471981e-05	 1100	 iter
866	 9.471981e-05	 1101	 iter
867	 9.049302e-05	 1103	 iter
868	 9.049302e-05	 1104	 iter
869	 9.049302e-05	 1105	 iter
870	 9.049302e-05	 1106	 iter
871	 9.049302e-05	 1107	 iter
872	 9.049302e-05	 1108	 iter
873	 9.049302e-05	 1109	 iter
874	 8.975638e-05	 1111	 iter
875	 8.975638e-05	 1112	 iter
876	 8.857293e-05	 1114	 iter
877	 8.666780e-05	 1116	 iter
878	 8.118600e-05	 1118	 iter
879	 8.118600e-05	 1119	 iter
880	 8.118600e-05	 1120	 iter
881	 7.557117e-05	 1122	 iter
882	 7.557117e-05	 1123	 iter
883	 7.557117e-05	 1124	 iter
884	 7.557117e-05	 1125	 iter
885	 7.557117e-05	 1126	 iter
886	 7.557117e-05	 1127	 iter
887	 7.557117e-05	 1128	 iter
888	 7.212072e-05	 1130	 iter
889	 6.849112e-05	 1132	 iter
890	 6.849112e-05	 1133	 iter
891	 6.849112e-05	 1134	 iter
892	 6.849112e-05	 1135	 iter
893	 6.768467e-05	 1137	 iter
894	 6.768467e-05	 1138	 iter
895	 6.675276e-05	 1140	 iter
896	 6.675276e-05	 1141	 iter
897	 5.829922e-05	 1143	 iter
898	 5.829922e-05	 1144	 iter
899	 5.829922e-05	 1145	 iter
900	 5.829922e-05	 1146	 iter
901	 5.829922e-05	 1147	 iter
902	 5.829922e-05	 1148	 iter
903	 5.636635e-05	 1150	 iter
904	 5.636635e-05	 1151	 iter
905	 5.636635e-05	 1152	 iter
906	 5.636635e-05	 1153	 iter
907	 5.636635e-05	 1154	 iter
908	 5.636635e-05	 1155	 iter
909	 5.468516e-05	 1157	 iter
910	 5.468516e-05	 1158	 iter
911	 5.468516e-05	 1159	 iter
912	 5.468516e-05	 1160	 iter
913	 5.468516e-05	 1161	 iter
914	 5.468516e-05	 1162	 iter
915	 5.243548e-05	 1164	 iter
916	 5.243548e-05	 1165	 iter
917	 5.243548e-05	 1166	 iter
918	 5.243548e-05	 1167	 iter
919	 5.243548e-05	 1168	 iter
920	 5.243548e-05	 1170	 iter
921	 5.243548e-05	 1171	 iter
922	 5.243548e-05	 1172	 iter
923	 5.075729e-05	 1174	 iter
924	 5.075729e-05	 1175	 iter
925	 4.930604e-05	 1177	 iter
926	 4.930604e-05	 1178	 iter
927	 4.919384e-05	 1180	 iter
928	 4.919384e-05	 1181	 iter
929	 4.919384e-05	 1182	 iter
930	 4.919384e-05	 1184	 iter
931	 4.919384e-05	 1186	 iter
932	 4.919384e-05	 1188	 iter
933	 4.919384e-05	 1189	 iter
934	 4.919384e-05	 1190	 iter
935	 4.919384e-05	 1191	 iter
936	 4.919384e-05	 1192	 iter
937	 4.919384e-05	 1193	 iter
938	 4.919384e-05	 1194	 iter
939	 4.919384e-05	 1195	 iter
940	 4.919384e-05	 1197	 iter
941	 4.569812e-05	 1199	 iter
942	 4.569812e-05	 1200	 iter
943	 4.569812e-05	 1202	 iter
944	 4.569812e-05	 1203	 iter
945	 4.569812e-05	 1204	 iter
946	 4.569812e-05	 1206	 iter
947	 4.569812e-05	 1207	 iter
948	 4.569812e-05	 1208	 iter
949	 4.569812e-05	 1209	 iter
950	 4.509476e-05	 1211	 iter
951	 4.509476e-05	 1213	 iter
952	 4.509476e-05	 1214	 iter
953	 4.509476e-05	 1216	 iter
954	 4.509476e-05	 1217	 iter
955	 4.509476e-05	 1218	 iter
956	 4.509476e-05	 1220	 iter
957	 4.509476e-05	 1222	 iter
958	 4.509476e-05	 1224	 iter
959	 4.494344e-05	 1226	 iter
960	 4.494344e-05	 1228	 iter
961	 4.494344e-05	 1229	 iter
962	 4.494344e-05	 1230	 iter
963	 4.494344e-05	 1231	 iter
964	 4.494344e-05	 1232	 iter
965	 4.494344e-05	 1234	 iter
966	 4.494344e-05	 1235	 iter
967	 4.494344e-05	 1236	 iter
968	 4.494344e-05	 1238	 iter
969	 4.392602e-05	 1240	 iter
970	 4.322302e-05	 1242	 iter
971	 4.322302e-05	 1243	 iter
972	 4.322302e-05	 1244	 iter
973	 4.252287e-05	 1246	 iter
974	 4.252287e-05	 1248	 iter
975	 4.213476e-05	 1250	 iter
976	 4.213476e-05	 1251	 iter
977	 4.213476e-05	 1252	 iter
978	 4.213476e-05	 1253	 iter
979	 4.213476e-05	 1254	 iter
980	 4.213476e-05	 1255	 iter
981	 4.213476e-05	 1256	 iter
982	 4.213476e-05	 1257	 iter
983	 4.213476e-05	 1258	 iter
984	 4.213476e-05	 1259	 iter
985	 4.213476e-05	 1260	 iter
986	 4.213476e-05	 1261	 iter
987	 4.154708e-05	 1263	 iter
988	 4.154708e-05	 1264	 iter
989	 4.154708e-05	 1265	 iter
990	 4.154708e-05	 1266	 iter
991	 4.154708e-05	 1267	 iter
992	 4.154708e-05	 1268	 iter
993	 4.154708e-05	 1269	 iter
994	 4.120909e-05	 1271	 iter
995	 4.078003e-05	 1273	 iter
996	 4.078003e-05	 1274	 iter
997	 4.078003e-05	 1276	 iter
998	 3.933961e-05	 1278	 iter
999	 3.933961e-05	 1280	 iter
1000	 3.933961e-05	 1281	 iter
1001	 3.933961e-05	 1282	 iter
1002	 3.933961e-05	 1283	 iter
1003	 3.933961e-05	 1284	 iter
1004	 3.933961e-05	 1285	 iter
1005	 3.933961e-05	 1286	 iter
1006	 3.933961e-05	 1287	 iter
1007	 3.933961e-05	 1288	 iter
1008	 3.933961e-05	 1289	 iter
1009	 3.933961e-05	 1290	 iter
1010	 3.933961e-05	 1291	 iter
1011	 3.933961e-05	 1292	 iter
1012	 3.933961e-05	 1293	 iter
1013	 3.881671e-05	 1295	 iter
1014	 3.881671e-05	 1296	 iter
1015	 3.881671e-05	 1297	 iter
1016	 3.881671e-05	 1298	 iter
1017	 3.881671e-05	 1299	 iter
1018	 3.881671e-05	 1301	 iter
1019	 3.881671e-05	 1302	 iter
1020	 3.809216e-05	 1304	 iter
1021	 3.809216e-05	 1305	 iter
1022	 3.809216e-05	 1306	 iter
1023	 3.800240e-05	 1308	 iter
1024	 3.800240e-05	 1309	 iter
1025	 3.800240e-05	 1310	 iter
1026	 3.800240e-05	 1311	 iter
1027	 3.800240e-05	 1312	 iter
1028	 3.800240e-05	 1313	 iter
1029	 3.800240e-05	 1315	 iter
1030	 3.800240e-05	 1317	 iter
1031	 3.800240e-05	 1319	 iter
1032	 3.800240e-05	 1320	 iter
1033	 3.800240e-05	 1322	 iter
1034	 3.800240e-05	 1323	 iter
1035	 3.800240e-05	 1324	 iter
1036	 3.799225e-05	 1326	 iter
1037	 3.799225e-05	 1327	 iter
1038	 3.799056e-05	 1329	 iter
1039	 3.799056e-05	 1330	 iter
1040	 3.799056e-05	 1331	 iter
1041	 3.746205e-05	 1333	 iter
1042	 3.746205e-05	 1335	 iter
1043	 3.746205e-05	 1336	 iter
1044	 3.746205e-05	 1337	 iter
1045	 3.718713e-05	 1339	 iter
1046	 3.718713e-05	 1340	 iter
1047	 3.718713e-05	 1341	 iter
1048	 3.718713e-05	 1342	 iter
1049	 3.718713e-05	 1343	 iter
1050	 3.718713e-05	 1344	 iter
1051	 3.718713e-05	 1345	 iter
1052	 3.718713e-05	 1346	 iter
1053	 3.718713e-05	 1347	 iter
1054	 3.718713e-05	 1349	 iter
1055	 3.718713e-05	 1350	 iter
1056	 3.718713e-05	 1351	 iter
1057	 3.718713e-05	 1352	 iter
1058	 3.718713e-05	 1353	 iter
1059	 3.718713e-05	 1355	 iter
1060	 3.718713e-05	 1356	 iter
1061	 3.676213e-05	 1358	 iter
1062	 3.676213e-05	 1360	 iter
1063	 3.676213e-05	 1361	 iter
1064	 3.676213e-05	 1362	 iter
1065	 3.676213e-05	 1363	 iter
1066	 3.676213e-05	 1364	 iter
1067	 3.676213e-05	 1366	 iter
1068	 3.676213e-05	 1367	 iter
1069	 3.676213e-05	 1368	 iter
1070	 3.676213e-05	 1370	 iter
1071	 3.676213e-05	 1372	 iter
1072	 3.676213e-05	 1373	 iter
1073	 3.676213e-05	 1375	 iter
1074	 3.676213e-05	 1376	 iter
1075	 3.676213e-05	 1377	 iter
1076	 3.669284e-05	 1379	 iter
1077	 3.669284e-05	 1381	 iter
1078	 3.669284e-05	 1383	 iter
1079	 3.669284e-05	 1384	 iter
1080	 3.669284e-05	 1386	 iter
1081	 3.669284e-05	 1387	 iter
1082	 3.669284e-05	 1388	 iter
1083	 3.669284e-05	 1389	 iter
1084	 3.669284e-05	 1391	 iter
1085	 3.669284e-05	 1392	 iter
1086	 3.659545e-05	 1394	 iter
1087	 3.659545e-05	 1395	 iter
1088	 3.659545e-05	 1397	 iter
1089	 3.659545e-05	 1398	 iter
1090	 3.659545e-05	 1399	 iter
1091	 3.659545e-05	 1401	 iter
1092	 3.659545e-05	 1402	 iter
1093	 3.643767e-05	 1404	 iter
1094	 3.643767e-05	 1406	 iter
1095	 3.643767e-05	 1407	 iter
1096	 3.643767e-05	 1409	 iter
1097	 3.643767e-05	 1411	 iter
1098	 3.643767e-05	 1413	 iter
1099	 3.643767e-05	 1414	 iter
1100	 3.643767e-05	 1415	 iter
1101	 3.633427e-05	 1417	 iter
1102	 3.633427e-05	 1418	 iter
1103	 3.633427e-05	 1419	 iter
1104	 3.626607e-05	 1421	 iter
1105	 3.626607e-05	 1423	 iter
1106	 3.626607e-05	 1425	 iter
1107	 3.626607e-05	 1426	 iter
1108	 3.626607e-05	 1427	 iter
1109	 3.626607e-05	 1428	 iter
1110	 3.626607e-05	 1430	 iter
1111	 3.626607e-05	 1431	 iter
1112	 3.626607e-05	 1432	 iter
1113	 3.626607e-05	 1434	 iter
1114	 3.626607e-05	 1435	 iter
1115	 3.626607e-05	 1437	 iter
1116	 3.625992e-05	 1439	 iter
1117	 3.625992e-05	 1440	 iter
1118	 3.625992e-05	 1441	 iter
1119	 3.625992e-05	 1442	 iter
1120	 3.625992e-05	 1443	 iter
1121	 3.624620e-05	 1445	 iter
1122	 3.624620e-05	 1447	 iter
1123	 3.623468e-05	 1449	 iter
1124	 3.623468e-05	 1450	 iter
1125	 3.623468e-05	 1451	 iter
1126	 3.623468e-05	 1452	 iter
1127	 3.623468e-05	 1453	 iter
1128	 3.623468e-05	 1454	 iter
1129	 3.623468e-05	 1455	 iter
1130	 3.623468e-05	 1457	 iter
1131	 3.623468e-05	 1458	 iter
1132	 3.623468e-05	 1459	 iter
1133	 3.620196e-05	 1461	 iter
1134	 3.620196e-05	 1463	 iter
1135	 3.620196e-05	 1465	 iter
1136	 3.619337e-05	 1467	 iter
1137	 3.619337e-05	 1469	 iter
1138	 3.619337e-05	 1471	 iter
1139	 3.619337e-05	 1473	 iter
1140	 3.619337e-05	 1475	 iter
1141	 3.619337e-05	 1477	 iter
1142	 3.614267e-05	 1479	 iter
1143	 3.614267e-05	 1480	 iter
1144	 3.614267e-05	 1482	 iter
1145	 3.614267e-05	 1483	 iter
1146	 3.614267e-05	 1484	 iter
1147	 3.614267e-05	 1485	 iter
1148	 3.614267e-05	 1486	 iter
1149	 3.614267e-05	 1487	 iter
1150	 3.614267e-05	 1488	 iter
1151	 3.614267e-05	 1490	 iter
1152	 3.614267e-05	 1492	 iter
1153	 3.614267e-05	 1493	 iter
1154	 3.614267e-05	 1494	 iter
1155	 3.614267e-05	 1495	 iter
1156	 3.614267e-05	 1497	 iter
1157	 3.614267e-05	 1498	 iter
1158	 3.614267e-05	 1500	 iter
1159	 3.614267e-05	 1501	 iter
1160	 3.614267e-05	 1502	 iter
1161	 3.614267e-05	 1503	 iter
1162	 3.614267e-05	 1504	 iter
1163	 3.614267e-05	 1505	 iter
1164	 3.614267e-05	 1506	 iter
1165	 3.614267e-05	 1508	 iter
1166	 3.614267e-05	 1510	 iter
1167	 3.614267e-05	 1512	 iter
1168	 3.614267e-05	 1514	 iter
1169	 3.614109e-05	 1516	 iter
1170	 3.614109e-05	 1517	 iter
1171	 3.614109e-05	 1518	 iter
1172	 3.613094e-05	 1520	 iter
1173	 3.613094e-05	 1522	 iter
1174	 3.613094e-05	 1523	 iter
1175	 3.613094e-05	 1524	 iter
1176	 3.613094e-05	 1526	 iter
1177	 3.613094e-05	 1527	 iter
1178	 3.612501e-05	 1529	 iter
1179	 3.612501e-05	 1531	 iter
1180	 3.612501e-05	 1532	 iter
1181	 3.612501e-05	 1534	 iter
1182	 3.612501e-05	 1535	 iter
1183	 3.612501e-05	 1537	 iter
1184	 3.612501e-05	 1538	 iter
1185	 3.612501e-05	 1540	 iter
1186	 3.612501e-05	 1542	 iter
1187	 3.612501e-05	 1543	 iter
1188	 3.612501e-05	 1545	 iter
1189	 3.612501e-05	 1546	 iter
1190	 3.612501e-05	 1547	 iter
1191	 3.612501e-05	 1548	 iter
1192	 3.611694e-05	 1550	 iter
1193	 3.611694e-05	 1551	 iter
1194	 3.611694e-05	 1553	 iter
1195	 3.611694e-05	 1554	 iter
1196	 3.611673e-05	 1556	 iter
1197	 3.611673e-05	 1558	 iter
1198	 3.611520e-05	 1560	 iter
1199	 3.611520e-05	 1561	 iter
1200	 3.611520e-05	 1562	 iter
1201	 3.611520e-05	 1564	 iter
1202	 3.611520e-05	 1565	 iter
1203	 3.610637e-05	 1567	 iter
1204	 3.610637e-05	 1568	 iter
1205	 3.610604e-05	 1570	 iter
1206	 3.610604e-05	 1571	 iter
1207	 3.610604e-05	 1572	 iter
1208	 3.610604e-05	 1573	 iter
1209	 3.610395e-05	 1575	 iter
1210	 3.610395e-05	 1576	 iter
1211	 3.610395e-05	 1577	 iter
1212	 3.610395e-05	 1579	 iter
1213	 3.610395e-05	 1580	 iter
1214	 3.610377e-05	 1582	 iter
1215	 3.610377e-05	 1583	 iter
1216	 3.610377e-05	 1584	 iter
1217	 3.610377e-05	 1585	 iter
1218	 3.609626e-05	 1587	 iter
1219	 3.609626e-05	 1588	 iter
1220	 3.609626e-05	 1589	 iter
1221	 3.608875e-05	 1591	 iter
1222	 3.608875e-05	 1592	 iter
1223	 3.608875e-05	 1593	 iter
1224	 3.608875e-05	 1594	 iter
1225	 3.608641e-05	 1596	 iter
1226	 3.608641e-05	 1597	 iter
1227	 3.608641e-05	 1598	 iter
1228	 3.608641e-05	 1599	 iter
1229	 3.608641e-05	 1600	 iter
1230	 3.608641e-05	 1601	 iter
1231	 3.608641e-05	 1602	 iter
1232	 3.608006e-05	 1604	 iter
1233	 3.608006e-05	 1605	 iter
1234	 3.607585e-05	 1607	 iter
1235	 3.607585e-05	 1608	 iter
1236	 3.607585e-05	 1609	 iter
1237	 3.607585e-05	 1610	 iter
1238	 3.607585e-05	 1611	 iter
1239	 3.607585e-05	 1612	 iter
1240	 3.606802e-05	 1614	 iter
1241	 3.606802e-05	 1615	 iter
1242	 3.606802e-05	 1616	 iter
1243	 3.606802e-05	 1617	 iter
1244	 3.606802e-05	 1618	 iter
1245	 3.606711e-05	 1620	 iter
1246	 3.606711e-05	 1621	 iter
1247	 3.605139e-05	 1623	 iter
1248	 3.605139e-05	 1624	 iter
1249	 3.605139e-05	 1625	 iter
1250	 3.603762e-05	 1627	 iter
1251	 3.603762e-05	 1628	 iter
1252	 3.603762e-05	 1629	 iter
1253	 3.603762e-05	 1630	 iter
1254	 3.603762e-05	 1631	 iter
1255	 3.603762e-05	 1632	 iter
1256	 3.603762e-05	 1633	 iter
1257	 3.603762e-05	 1634	 iter
1258	 3.603762e-05	 1635	 iter
1259	 3.603762e-05	 1636	 iter
1260	 3.603741e-05	 1638	 iter
1261	 3.603741e-05	 1639	 iter
1262	 3.603741e-05	 1640	 iter
1263	 3.603344e-05	 1642	 iter
1264	 3.602939e-05	 1644	 iter
1265	 3.601404e-05	 1646	 iter
1266	 3.601404e-05	 1647	 iter
1267	 3.601404e-05	 1648	 iter
1268	 3.601404e-05	 1649	 iter
1269	 3.601377e-05	 1651	 iter
1270	 3.601224e-05	 1653	 iter
1271	 3.600800e-05	 1655	 iter
1272	 3.599862e-05	 1657	 iter
1273	 3.599862e-05	 1658	 iter
1274	 3.599862e-05	 1659	 iter
1275	 3.598635e-05	 1661	 iter
1276	 3.596336e-05	 1663	 iter
1277	 3.596336e-05	 1664	 iter
1278	 3.596336e-05	 1665	 iter
1279	 3.596336e-05	 1666	 iter
1280	 3.596336e-05	 1667	 iter
1281	 3.596336e-05	 1668	 iter
1282	 3.596336e-05	 1669	 iter
1283	 3.596336e-05	 1670	 iter
1284	 3.595866e-05	 1672	 iter
1285	 3.591927e-05	 1674	 iter
1286	 3.591927e-05	 1675	 iter
1287	 3.591927e-05	 1676	 iter
1288	 3.590030e-05	 1678	 iter
1289	 3.590030e-05	 1679	 iter
1290	 3.586452e-05	 1681	 iter
1291	 3.586452e-05	 1682	 iter
1292	 3.586452e-05	 1683	 iter
1293	 3.586452e-05	 1684	 iter
1294	 3.586452e-05	 1685	 iter
1295	 3.586452e-05	 1686	 iter
1296	 3.586452e-05	 1687	 iter
1297	 3.582364e-05	 1689	 iter
1298	 3.582364e-05	 1690	 iter
1299	 3.575797e-05	 1692	 iter
1300	 3.575797e-05	 1693	 iter
1301	 3.575797e-05	 1694	 iter
1302	 3.575797e-05	 1695	 iter
1303	 3.575797e-05	 1696	 iter
1304	 3.575797e-05	 1697	 iter
1305	 3.569592e-05	 1699	 iter
1306	 3.569592e-05	 1700	 iter
1307	 3.569592e-05	 1701	 iter
1308	 3.569592e-05	 1702	 iter
1309	 3.569592e-05	 1703	 iter
1310	 3.569592e-05	 1704	 iter
1311	 3.569592e-05	 1705	 iter
1312	 3.565866e-05	 1707	 iter
1313	 3.556199e-05	 1709	 iter
1314	 3.556199e-05	 1710	 iter
1315	 3.556199e-05	 1711	 iter
1316	 3.556199e-05	 1712	 iter
1317	 3.556199e-05	 1713	 iter
1318	 3.556199e-05	 1714	 iter
1319	 3.556199e-05	 1715	 iter
1320	 3.542998e-05	 1717	 iter
1321	 3.542998e-05	 1718	 iter
1322	 3.542998e-05	 1719	 iter
1323	 3.542998e-05	 1720	 iter
1324	 3.542998e-05	 1721	 iter
1325	 3.530269e-05	 1723	 iter
1326	 3.530269e-05	 1724	 iter
1327	 3.530269e-05	 1725	 iter
1328	 3.530269e-05	 1726	 iter
1329	 3.530269e-05	 1727	 iter
1330	 3.530269e-05	 1728	 iter
1331	 3.530269e-05	 1729	 iter
1332	 3.530269e-05	 1730	 iter
1333	 3.518269e-05	 1732	 iter
1334	 3.518269e-05	 1733	 iter
1335	 3.518269e-05	 1734	 iter
1336	 3.518269e-05	 1735	 iter
1337	 3.518269e-05	 1736	 iter
1338	 3.518269e-05	 1737	 iter
1339	 3.503468e-05	 1739	 iter
1340	 3.503468e-05	 1740	 iter
1341	 3.483648e-05	 1742	 iter
1342	 3.483648e-05	 1743	 iter
1343	 3.483648e-05	 1744	 iter
1344	 3.483648e-05	 1745	 iter
1345	 3.483648e-05	 1746	 iter
1346	 3.483648e-05	 1747	 iter
1347	 3.483648e-05	 1748	 iter
1348	 3.483648e-05	 1749	 iter
1349	 3.483648e-05	 1750	 iter
1350	 3.472454e-05	 1752	 iter
1351	 3.472454e-05	 1753	 iter
1352	 3.451236e-05	 1755	 iter
1353	 3.451236e-05	 1756	 iter
1354	 3.451236e-05	 1757	 iter
1355	 3.451236e-05	 1758	 iter
1356	 3.431395e-05	 1760	 iter
1357	 3.431395e-05	 1761	 iter
1358	 3.431395e-05	 1762	 iter
1359	 3.431395e-05	 1763	 iter
1360	 3.431395e-05	 1764	 iter
1361	 3.431395e-05	 1765	 iter
1362	 3.431395e-05	 1766	 iter
1363	 3.419007e-05	 1768	 iter
1364	 3.383708e-05	 1770	 iter
1365	 3.383708e-05	 1771	 iter
1366	 3.383708e-05	 1772	 iter
1367	 3.383708e-05	 1773	 iter
1368	 3.383708e-05	 1774	 iter
1369	 3.383708e-05	 1775	 iter
1370	 3.383708e-05	 1776	 iter
1371	 3.383708e-05	 1777	 iter
1372	 3.368331e-05	 1779	 iter
1373	 3.368331e-05	 1780	 iter
1374	 3.368331e-05	 1781	 iter
1375	 3.350622e-05	 1783	 iter
1376	 3.350622e-05	 1784	 iter
1377	 3.329794e-05	 1786	 iter
1378	 3.329794e-05	 1787	 iter
1379	 3.329794e-05	 1788	 iter
1380	 3.329794e-05	 1789	 iter
1381	 3.329794e-05	 1790	 iter
1382	 3.304711e-05	 1792	 iter
1383	 3.304711e-05	 1793	 iter
1384	 3.304711e-05	 1794	 iter
1385	 3.304711e-05	 1795	 iter
1386	 3.304711e-05	 1796	 iter
1387	 3.304711e-05	 1797	 iter
1388	 3.304711e-05	 1798	 iter
1389	 3.304711e-05	 1799	 iter
1390	 3.304711e-05	 1800	 iter
1391	 3.304711e-05	 1801	 iter
1392	 3.304711e-05	 1802	 iter
1393	 3.302167e-05	 1804	 iter
1394	 3.302167e-05	 1805	 iter
1395	 3.291366e-05	 1807	 iter
1396	 3.291366e-05	 1808	 iter
1397	 3.291366e-05	 1809	 iter
1398	 3.269544e-05	 1811	 iter
1399	 3.269544e-05	 1813	 iter
1400	 3.269544e-05	 1814	 iter
1401	 3.251525e-05	 1816	 iter
1402	 3.251525e-05	 1817	 iter
1403	 3.251525e-05	 1818	 iter
1404	 3.236236e-05	 1820	 iter
1405	 3.236236e-05	 1821	 iter
1406	 3.218117e-05	 1823	 iter
1407	 3.218117e-05	 1824	 iter
1408	 3.189770e-05	 1826	 iter
1409	 3.189770e-05	 1827	 iter
1410	 3.189770e-05	 1828	 iter
1411	 3.189770e-05	 1829	 iter
1412	 3.189770e-05	 1830	 iter
1413	 3.189770e-05	 1831	 iter
1414	 3.189770e-05	 1832	 iter
1415	 3.179517e-05	 1834	 iter
1416	 3.177896e-05	 1836	 iter
1417	 3.152081e-05	 1838	 iter
1418	 3.152081e-05	 1839	 iter
1419	 3.152081e-05	 1840	 iter
1420	 3.152081e-05	 1841	 iter
1421	 3.152081e-05	 1842	 iter
1422	 3.125731e-05	 1844	 iter
1423	 3.125731e-05	 1845	 iter
1424	 3.125731e-05	 1846	 iter
1425	 3.087352e-05	 1848	 iter
1426	 3.087352e-05	 1849	 iter
1427	 3.087352e-05	 1850	 iter
1428	 3.087352e-05	 1851	 iter
1429	 3.087352e-05	 1852	 iter
1430	 3.087352e-05	 1853	 iter
1431	 3.087352e-05	 1854	 iter
1432	 3.087352e-05	 1855	 iter
1433	 3.076182e-05	 1857	 iter
1434	 3.076182e-05	 1859	 iter
1435	 3.076182e-05	 1860	 iter
1436	 3.076182e-05	 1861	 iter
1437	 3.076182e-05	 1862	 iter
1438	 3.076182e-05	 1863	 iter
1439	 3.076182e-05	 1864	 iter
1440	 3.076182e-05	 1865	 iter
1441	 3.076182e-05	 1867	 iter
1442	 3.076182e-05	 1868	 iter
1443	 3.069707e-05	 1870	 iter
1444	 3.069707e-05	 1871	 iter
1445	 3.069707e-05	 1872	 iter
1446	 3.069707e-05	 1873	 iter
1447	 3.069707e-05	 1874	 iter
1448	 3.069707e-05	 1876	 iter
1449	 3.069707e-05	 1877	 iter
1450	 3.069707e-05	 1878	 iter
1451	 3.069576e-05	 1880	 iter
1452	 3.069576e-05	 1881	 iter
1453	 3.064113e-05	 1883	 iter
1454	 3.063698e-05	 1885	 iter
1455	 3.063698e-05	 1886	 iter
1456	 3.063698e-05	 1887	 iter
1457	 3.063408e-05	 1889	 iter
1458	 3.063343e-05	 1891	 iter
1459	 3.063343e-05	 1892	 iter
1460	 3.063343e-05	 1893	 iter
1461	 3.063343e-05	 1894	 iter
1462	 3.063343e-05	 1895	 iter
1463	 3.063343e-05	 1896	 iter
1464	 3.063343e-05	 1897	 iter
1465	 3.063343e-05	 1898	 iter
1466	 3.057464e-05	 1900	 iter
1467	 3.057464e-05	 1902	 iter
1468	 3.050378e-05	 1904	 iter
1469	 3.050378e-05	 1905	 iter
1470	 3.050378e-05	 1906	 iter
1471	 3.050378e-05	 1908	 iter
1472	 3.050378e-05	 1910	 iter
1473	 3.050378e-05	 1911	 iter
1474	 3.050378e-05	 1912	 iter
1475	 3.050378e-05	 1913	 iter
1476	 3.050378e-05	 1914	 iter
1477	 3.050378e-05	 1916	 iter
1478	 3.050378e-05	 1917	 iter
1479	 3.050378e-05	 1919	 iter
1480	 3.050378e-05	 1921	 iter
1481	 3.050378e-05	 1922	 iter
1482	 3.050378e-05	 1924	 iter
1483	 3.050378e-05	 1926	 iter
1484	 3.050378e-05	 1928	 iter
1485	 3.050378e-05	 1930	 iter
1486	 3.050378e-05	 1932	 iter
1487	 3.050378e-05	 1933	 iter
1488	 3.050378e-05	 1934	 iter
1489	 3.050378e-05	 1935	 iter
1490	 3.050069e-05	 1937	 iter
1491	 3.041792e-05	 1939	 iter
1492	 3.041792e-05	 1941	 iter
1493	 3.041792e-05	 1942	 iter
1494	 3.041792e-05	 1944	 iter
1495	 3.041792e-05	 1946	 iter
1496	 3.041792e-05	 1947	 iter
1497	 3.041792e-05	 1948	 iter
1498	 3.041792e-05	 1950	 iter
1499	 3.041792e-05	 1951	 iter
1500	 3.041792e-05	 1952	 iter
1501	 3.041792e-05	 1953	 iter
1502	 3.041792e-05	 1954	 iter
1503	 3.041792e-05	 1955	 iter
1504	 3.041792e-05	 1957	 iter
1505	 3.041792e-05	 1958	 iter
1506	 3.041792e-05	 1959	 iter
1507	 3.041792e-05	 1960	 iter
1508	 3.041792e-05	 1961	 iter
1509	 3.041792e-05	 1962	 iter
1510	 3.041792e-05	 1964	 iter
1511	 3.041792e-05	 1966	 iter
1512	 3.041792e-05	 1967	 iter
1513	 3.041792e-05	 1968	 iter
1514	 3.040261e-05	 1970	 iter
1515	 3.040261e-05	 1972	 iter
1516	 3.040261e-05	 1974	 iter
1517	 3.040261e-05	 1975	 iter
1518	 3.040261e-05	 1976	 iter
1519	 3.040261e-05	 1977	 iter
1520	 3.040261e-05	 1978	 iter
1521	 3.040261e-05	 1979	 iter
1522	 3.040261e-05	 1980	 iter
1523	 3.040261e-05	 1982	 iter
1524	 3.040261e-05	 1983	 iter
1525	 3.040261e-05	 1984	 iter
1526	 3.040261e-05	 1986	 iter
1527	 3.040261e-05	 1988	 iter
1528	 3.039810e-05	 1990	 iter
1529	 3.038652e-05	 1992	 iter
1530	 3.038652e-05	 1993	 iter
1531	 3.038652e-05	 1994	 iter
1532	 3.037049e-05	 1996	 iter
1533	 3.037049e-05	 1997	 iter
1534	 3.037049e-05	 1998	 iter
1535	 3.037049e-05	 2000	 iter
1536	 3.037049e-05	 2001	 iter
1537	 3.037049e-05	 2002	 iter
1538	 3.035517e-05	 2004	 iter
1539	 3.035517e-05	 2005	 iter
1540	 3.035517e-05	 2006	 iter
1541	 3.035517e-05	 2007	 iter
1542	 3.035517e-05	 2008	 iter
1543	 3.035517e-05	 2009	 iter
1544	 3.035517e-05	 2010	 iter
1545	 3.035517e-05	 2011	 iter
1546	 3.035517e-05	 2012	 iter
1547	 3.035517e-05	 2013	 iter
1548	 3.035517e-05	 2014	 iter
1549	 3.034727e-05	 2016	 iter
1550	 3.034629e-05	 2018	 iter
1551	 3.034629e-05	 2019	 iter
1552	 3.034629e-05	 2020	 iter
1553	 3.034629e-05	 2022	 iter
1554	 3.034369e-05	 2024	 iter
1555	 3.032829e-05	 2026	 iter
1556	 3.032829e-05	 2027	 iter
1557	 3.032829e-05	 2028	 iter
1558	 3.032829e-05	 2029	 iter
1559	 3.032516e-05	 2031	 iter
1560	 3.032516e-05	 2032	 iter
1561	 3.032516e-05	 2033	 iter
1562	 3.032516e-05	 2034	 iter
1563	 3.032516e-05	 2035	 iter
1564	 3.032516e-05	 2036	 iter
1565	 3.032516e-05	 2037	 iter
1566	 3.032516e-05	 2038	 iter
1567	 3.032516e-05	 2040	 iter
1568	 3.032516e-05	 2041	 iter
1569	 3.031513e-05	 2043	 iter
1570	 3.031513e-05	 2044	 iter
1571	 3.031513e-05	 2046	 iter
1572	 3.031513e-05	 2047	 iter
1573	 3.031513e-05	 2048	 iter
1574	 3.031513e-05	 2049	 iter
1575	 3.031513e-05	 2050	 iter
1576	 3.031513e-05	 2052	 iter
1577	 3.030770e-05	 2054	 iter
1578	 3.030770e-05	 2055	 iter
1579	 3.030770e-05	 2056	 iter
1580	 3.030499e-05	 2058	 iter
1581	 3.030499e-05	 2059	 iter
1582	 3.029744e-05	 2061	 iter
1583	 3.029744e-05	 2062	 iter
1584	 3.029744e-05	 2063	 iter
1585	 3.029515e-05	 2065	 iter
1586	 3.029515e-05	 2066	 iter
1587	 3.029515e-05	 2067	 iter
1588	 3.029515e-05	 2068	 iter
1589	 3.029227e-05	 2070	 iter
1590	 3.029174e-05	 2072	 iter
1591	 3.029174e-05	 2073	 iter
1592	 3.029174e-05	 2074	 iter
1593	 3.029174e-05	 2075	 iter
1594	 3.029174e-05	 2076	 iter
1595	 3.029174e-05	 2077	 iter
1596	 3.029174e-05	 2078	 iter
1597	 3.029174e-05	 2080	 iter
1598	 3.029136e-05	 2082	 iter
1599	 3.028319e-05	 2084	 iter
1600	 3.028319e-05	 2085	 iter
1601	 3.028319e-05	 2086	 iter
1602	 3.028319e-05	 2087	 iter
1603	 3.028319e-05	 2088	 iter
1604	 3.028319e-05	 2089	 iter
1605	 3.028319e-05	 2091	 iter
1606	 3.028319e-05	 2092	 iter
1607	 3.028319e-05	 2093	 iter
1608	 3.028319e-05	 2094	 iter
1609	 3.028319e-05	 2096	 iter
1610	 3.028319e-05	 2098	 iter
1611	 3.028319e-05	 2099	 iter
1612	 3.028319e-05	 2100	 iter
1613	 3.028319e-05	 2101	 iter
1614	 3.028319e-05	 2103	 iter
1615	 3.028319e-05	 2104	 iter
1616	 3.028172e-05	 2106	 iter
1617	 3.027852e-05	 2108	 iter
1618	 3.027852e-05	 2110	 iter
1619	 3.027852e-05	 2112	 iter
1620	 3.027852e-05	 2113	 iter
1621	 3.027852e-05	 2114	 iter
1622	 3.027852e-05	 2115	 iter
1623	 3.027852e-05	 2116	 iter
1624	 3.027852e-05	 2117	 iter
1625	 3.027813e-05	 2119	 iter
1626	 3.027813e-05	 2121	 iter
1627	 3.027401e-05	 2123	 iter
1628	 3.027260e-05	 2125	 iter
1629	 3.027260e-05	 2126	 iter
1630	 3.027211e-05	 2128	 iter
1631	 3.027211e-05	 2129	 iter
1632	 3.027211e-05	 2130	 iter
1633	 3.027211e-05	 2131	 iter
1634	 3.027211e-05	 2132	 iter
1635	 3.027211e-05	 2133	 iter
1636	 3.027211e-05	 2134	 iter
1637	 3.027211e-05	 2136	 iter
1638	 3.027211e-05	 2137	 iter
1639	 3.027211e-05	 2138	 iter
1640	 3.027211e-05	 2139	 iter
1641	 3.027211e-05	 2140	 iter
1642	 3.027211e-05	 2141	 iter
1643	 3.027211e-05	 2142	 iter
1644	 3.027211e-05	 2144	 iter
1645	 3.027211e-05	 2145	 iter
1646	 3.027211e-05	 2147	 iter
1647	 3.027211e-05	 2149	 iter
1648	 3.027211e-05	 2150	 iter
1649	 3.027211e-05	 2151	 iter
1650	 3.027017e-05	 2153	 iter
1651	 3.027017e-05	 2154	 iter
1652	 3.027017e-05	 2156	 iter
1653	 3.027017e-05	 2157	 iter
1654	 3.027017e-05	 2159	 iter
1655	 3.027017e-05	 2161	 iter
1656	 3.027017e-05	 2163	 iter
1657	 3.026770e-05	 2165	 iter
1658	 3.026770e-05	 2167	 iter
1659	 3.026770e-05	 2168	 iter
1660	 3.026770e-05	 2169	 iter
1661	 3.026770e-05	 2170	 iter
1662	 3.026770e-05	 2171	 iter
1663	 3.026770e-05	 2172	 iter
1664	 3.026770e-05	 2173	 iter
1665	 3.026770e-05	 2174	 iter
1666	 3.026770e-05	 2176	 iter
1667	 3.026770e-05	 2178	 iter
1668	 3.026770e-05	 2180	 iter
1669	 3.026770e-05	 2182	 iter
1670	 3.026770e-05	 2184	 iter
1671	 3.026770e-05	 2185	 iter
1672	 3.026770e-05	 2187	 iter
1673	 3.026770e-05	 2189	 iter
1674	 3.026738e-05	 2191	 iter
1675	 3.026696e-05	 2193	 iter
1676	 3.026696e-05	 2194	 iter
1677	 3.026696e-05	 2195	 iter
1678	 3.026696e-05	 2197	 iter
1679	 3.026696e-05	 2198	 iter
1680	 3.026614e-05	 2200	 iter
1681	 3.026614e-05	 2202	 iter
1682	 3.026614e-05	 2204	 iter
1683	 3.026614e-05	 2205	 iter
1684	 3.026614e-05	 2206	 iter
1685	 3.026614e-05	 2207	 iter
1686	 3.026555e-05	 2209	 iter
1687	 3.026555e-05	 2211	 iter
1688	 3.026555e-05	 2213	 iter
1689	 3.026555e-05	 2214	 iter
1690	 3.026524e-05	 2216	 iter
1691	 3.026524e-05	 2217	 iter
1692	 3.026524e-05	 2218	 iter
1693	 3.026524e-05	 2219	 iter
1694	 3.026524e-05	 2220	 iter
1695	 3.026524e-05	 2221	 iter
1696	 3.026524e-05	 2222	 iter
1697	 3.026524e-05	 2224	 iter
1698	 3.026524e-05	 2225	 iter
1699	 3.026524e-05	 2226	 iter
1700	 3.026524e-05	 2227	 iter
1701	 3.026524e-05	 2228	 iter
1702	 3.026492e-05	 2230	 iter
1703	 3.026492e-05	 2231	 iter
1704	 3.026492e-05	 2233	 iter
1705	 3.026394e-05	 2235	 iter
1706	 3.026394e-05	 2237	 iter
1707	 3.026394e-05	 2238	 iter
1708	 3.026394e-05	 2239	 iter
1709	 3.026384e-05	 2241	 iter
1710	 3.026384e-05	 2242	 iter
1711	 3.026384e-05	 2243	 iter
1712	 3.026384e-05	 2244	 iter
1713	 3.026384e-05	 2245	 iter
1714	 3.026384e-05	 2247	 iter
1715	 3.026384e-05	 2248	 iter
1716	 3.026384e-05	 2249	 iter
1717	 3.026384e-05	 2250	 iter
1718	 3.026384e-05	 2251	 iter
1719	 3.026384e-05	 2252	 iter
1720	 3.026384e-05	 2253	 iter
1721	 3.026384e-05	 2254	 iter
1722	 3.026384e-05	 2255	 iter
1723	 3.026384e-05	 2257	 iter
1724	 3.026384e-05	 2258	 iter
1725	 3.026310e-05	 2260	 iter
1726	 3.026310e-05	 2261	 iter
1727	 3.026310e-05	 2262	 iter
1728	 3.026310e-05	 2263	 iter
1729	 3.026310e-05	 2264	 iter
1730	 3.026310e-05	 2265	 iter
1731	 3.026310e-05	 2266	 iter
1732	 3.026310e-05	 2267	 iter
1733	 3.026310e-05	 2268	 iter
1734	 3.026272e-05	 2270	 iter
1735	 3.026272e-05	 2272	 iter
1736	 3.026272e-05	 2273	 iter
1737	 3.026272e-05	 2274	 iter
1738	 3.026272e-05	 2275	 iter
1739	 3.026272e-05	 2277	 iter
1740	 3.026272e-05	 2278	 iter
1741	 3.026234e-05	 2280	 iter
1742	 3.026234e-05	 2282	 iter
1743	 3.026232e-05	 2284	 iter
1744	 3.026217e-05	 2286	 iter
1745	 3.026217e-05	 2287	 iter
1746	 3.026217e-05	 2288	 iter
1747	 3.026217e-05	 2289	 iter
1748	 3.026217e-05	 2290	 iter
1749	 3.026217e-05	 2291	 iter
1750	 3.026217e-05	 2292	 iter
1751	 3.026217e-05	 2293	 iter
1752	 3.026217e-05	 2295	 iter
1753	 3.026217e-05	 2296	 iter
1754	 3.026174e-05	 2298	 iter
1755	 3.026174e-05	 2299	 iter
1756	 3.026174e-05	 2300	 iter
1757	 3.026174e-05	 2301	 iter
1758	 3.026174e-05	 2302	 iter
1759	 3.026174e-05	 2303	 iter
1760	 3.026174e-05	 2304	 iter
1761	 3.026174e-05	 2305	 iter
1762	 3.026174e-05	 2306	 iter
1763	 3.026174e-05	 2307	 iter
1764	 3.026063e-05	 2309	 iter
1765	 3.026063e-05	 2310	 iter
1766	 3.026063e-05	 2311	 iter
1767	 3.026063e-05	 2312	 iter
1768	 3.026063e-05	 2313	 iter
1769	 3.026063e-05	 2314	 iter
1770	 3.026024e-05	 2316	 iter
1771	 3.026024e-05	 2317	 iter
1772	 3.026024e-05	 2318	 iter
1773	 3.026024e-05	 2319	 iter
1774	 3.026024e-05	 2320	 iter
1775	 3.026009e-05	 2322	 iter
1776	 3.026009e-05	 2323	 iter
1777	 3.026009e-05	 2324	 iter
1778	 3.025989e-05	 2326	 iter
1779	 3.025989e-05	 2327	 iter
1780	 3.025982e-05	 2329	 iter
1781	 3.025982e-05	 2330	 iter
1782	 3.025982e-05	 2331	 iter
1783	 3.025982e-05	 2332	 iter
1784	 3.025968e-05	 2334	 iter
1785	 3.025898e-05	 2336	 iter
1786	 3.025891e-05	 2338	 iter
1787	 3.025891e-05	 2339	 iter
1788	 3.025891e-05	 2340	 iter
1789	 3.025891e-05	 2341	 iter
1790	 3.025891e-05	 2342	 iter
1791	 3.025891e-05	 2343	 iter
1792	 3.025891e-05	 2344	 iter
1793	 3.025836e-05	 2346	 iter
1794	 3.025836e-05	 2347	 iter
1795	 3.025836e-05	 2348	 iter
1796	 3.025836e-05	 2349	 iter
1797	 3.025823e-05	 2351	 iter
1798	 3.025823e-05	 2352	 iter
1799	 3.025819e-05	 2354	 iter
1800	 3.025756e-05	 2356	 iter
1801	 3.025756e-05	 2357	 iter
1802	 3.025756e-05	 2358	 iter
1803	 3.025756e-05	 2359	 iter
1804	 3.025756e-05	 2360	 iter
1805	 3.025756e-05	 2361	 iter
1806	 3.025756e-05	 2362	 iter
1807	 3.025756e-05	 2363	 iter
1808	 3.025756e-05	 2364	 iter
1809	 3.025708e-05	 2366	 iter
1810	 3.025708e-05	 2367	 iter
1811	 3.025707e-05	 2369	 iter
1812	 3.025659e-05	 2371	 iter
1813	 3.025538e-05	 2373	 iter
1814	 3.025538e-05	 2374	 iter
1815	 3.025538e-05	 2375	 iter
1816	 3.025538e-05	 2376	 iter
1817	 3.025538e-05	 2377	 iter
1818	 3.025538e-05	 2378	 iter
1819	 3.025538e-05	 2379	 iter
1820	 3.025538e-05	 2380	 iter
1821	 3.025538e-05	 2381	 iter
1822	 3.025534e-05	 2383	 iter
1823	 3.025534e-05	 2384	 iter
1824	 3.025534e-05	 2385	 iter
1825	 3.025408e-05	 2387	 iter
1826	 3.025408e-05	 2388	 iter
1827	 3.025408e-05	 2389	 iter
1828	 3.025277e-05	 2391	 iter
1829	 3.025277e-05	 2392	 iter
1830	 3.025277e-05	 2393	 iter
1831	 3.025277e-05	 2394	 iter
1832	 3.025277e-05	 2395	 iter
1833	 3.025277e-05	 2396	 iter
1834	 3.025277e-05	 2397	 iter
1835	 3.025277e-05	 2398	 iter
1836	 3.025258e-05	 2400	 iter
1837	 3.025258e-05	 2401	 iter
1838	 3.025258e-05	 2402	 iter
1839	 3.025258e-05	 2403	 iter
1840	 3.025151e-05	 2405	 iter
1841	 3.024953e-05	 2407	 iter
1842	 3.024953e-05	 2408	 iter
1843	 3.024953e-05	 2409	 iter
1844	 3.024953e-05	 2410	 iter
1845	 3.024953e-05	 2411	 iter
1846	 3.024953e-05	 2412	 iter
1847	 3.024953e-05	 2413	 iter
1848	 3.024953e-05	 2414	 iter
1849	 3.024953e-05	 2415	 iter
1850	 3.024953e-05	 2416	 iter
1851	 3.024814e-05	 2418	 iter
1852	 3.024814e-05	 2419	 iter
1853	 3.024814e-05	 2420	 iter
1854	 3.024814e-05	 2421	 iter
1855	 3.024814e-05	 2422	 iter
1856	 3.024663e-05	 2424	 iter
1857	 3.024663e-05	 2425	 iter
1858	 3.024663e-05	 2426	 iter
1859	 3.024663e-05	 2427	 iter
1860	 3.024663e-05	 2428	 iter
1861	 3.024663e-05	 2429	 iter
1862	 3.024663e-05	 2430	 iter
1863	 3.024590e-05	 2432	 iter
1864	 3.024590e-05	 2433	 iter
1865	 3.024590e-05	 2434	 iter
1866	 3.024569e-05	 2436	 iter
1867	 3.024569e-05	 2437	 iter
1868	 3.024569e-05	 2438	 iter
1869	 3.024274e-05	 2440	 iter
1870	 3.024274e-05	 2441	 iter
1871	 3.024274e-05	 2442	 iter
1872	 3.024274e-05	 2443	 iter
1873	 3.024274e-05	 2444	 iter
1874	 3.024274e-05	 2445	 iter
1875	 3.024274e-05	 2446	 iter
1876	 3.024274e-05	 2447	 iter
1877	 3.024274e-05	 2448	 iter
1878	 3.024274e-05	 2449	 iter
1879	 3.024274e-05	 2450	 iter
1880	 3.024274e-05	 2451	 iter
1881	 3.024232e-05	 2453	 iter
1882	 3.024232e-05	 2454	 iter
1883	 3.023811e-05	 2456	 iter
1884	 3.023811e-05	 2457	 iter
1885	 3.023811e-05	 2458	 iter
1886	 3.023811e-05	 2459	 iter
1887	 3.023811e-05	 2460	 iter
1888	 3.023811e-05	 2461	 iter
1889	 3.023811e-05	 2462	 iter
1890	 3.023811e-05	 2463	 iter
1891	 3.023811e-05	 2464	 iter
1892	 3.023811e-05	 2465	 iter
1893	 3.023811e-05	 2466	 iter
1894	 3.023811e-05	 2467	 iter
1895	 3.023811e-05	 2468	 iter
1896	 3.023811e-05	 2469	 iter
1897	 3.023811e-05	 2470	 iter
1898	 3.023811e-05	 2471	 iter
1899	 3.023811e-05	 2472	 iter
1900	 3.023811e-05	 2473	 iter
1901	 3.023811e-05	 2474	 iter
1902	 3.023811e-05	 2475	 iter
1903	 3.023724e-05	 2477	 iter
1904	 3.023724e-05	 2478	 iter
1905	 3.023724e-05	 2479	 iter
1906	 3.023724e-05	 2480	 iter
1907	 3.023684e-05	 2482	 iter
1908	 3.023684e-05	 2483	 iter
1909	 3.023683e-05	 2485	 iter
1910	 3.023641e-05	 2487	 iter
1911	 3.023641e-05	 2488	 iter
1912	 3.023561e-05	 2490	 iter
1913	 3.023561e-05	 2491	 iter
1914	 3.023561e-05	 2492	 iter
1915	 3.023561e-05	 2493	 iter
1916	 3.023561e-05	 2494	 iter
1917	 3.023500e-05	 2496	 iter
1918	 3.023450e-05	 2498	 iter
1919	 3.023450e-05	 2499	 iter
1920	 3.023450e-05	 2500	 iter
1921	 3.023447e-05	 2502	 iter
1922	 3.023287e-05	 2504	 iter
1923	 3.023287e-05	 2505	 iter
1924	 3.023287e-05	 2507	 iter
1925	 3.023287e-05	 2508	 iter
1926	 3.023287e-05	 2509	 iter
1927	 3.023282e-05	 2511	 iter
1928	 3.023282e-05	 2512	 iter
1929	 3.023260e-05	 2514	 iter
1930	 3.023260e-05	 2515	 iter
1931	 3.023260e-05	 2516	 iter
1932	 3.023260e-05	 2517	 iter
1933	 3.023108e-05	 2519	 iter
1934	 3.022871e-05	 2521	 iter
1935	 3.022871e-05	 2522	 iter
1936	 3.022871e-05	 2523	 iter
1937	 3.022871e-05	 2524	 iter
1938	 3.022871e-05	 2525	 iter
1939	 3.022871e-05	 2526	 iter
1940	 3.022871e-05	 2527	 iter
1941	 3.022871e-05	 2528	 iter
1942	 3.022845e-05	 2530	 iter
1943	 3.022845e-05	 2531	 iter
1944	 3.022845e-05	 2532	 iter
1945	 3.022841e-05	 2534	 iter
1946	 3.022710e-05	 2536	 iter
1947	 3.022704e-05	 2538	 iter
1948	 3.022704e-05	 2539	 iter
1949	 3.022593e-05	 2541	 iter
1950	 3.022593e-05	 2542	 iter
1951	 3.022593e-05	 2543	 iter
1952	 3.022593e-05	 2544	 iter
1953	 3.022593e-05	 2545	 iter
1954	 3.022593e-05	 2546	 iter
1955	 3.022593e-05	 2547	 iter
1956	 3.022216e-05	 2549	 iter
1957	 3.022216e-05	 2550	 iter
1958	 3.022216e-05	 2551	 iter
1959	 3.022216e-05	 2552	 iter
1960	 3.022216e-05	 2553	 iter
1961	 3.022216e-05	 2554	 iter
1962	 3.022216e-05	 2555	 iter
1963	 3.022079e-05	 2557	 iter
1964	 3.021909e-05	 2559	 iter
1965	 3.021909e-05	 2560	 iter
1966	 3.021909e-05	 2561	 iter
1967	 3.021596e-05	 2563	 iter
1968	 3.021596e-05	 2564	 iter
1969	 3.021596e-05	 2565	 iter
1970	 3.021596e-05	 2566	 iter
1971	 3.021596e-05	 2567	 iter
1972	 3.021351e-05	 2569	 iter
1973	 3.021351e-05	 2570	 iter
1974	 3.021351e-05	 2571	 iter
1975	 3.021351e-05	 2572	 iter
1976	 3.021351e-05	 2573	 iter
1977	 3.020900e-05	 2575	 iter
1978	 3.020376e-05	 2577	 iter
1979	 3.020376e-05	 2578	 iter
1980	 3.020376e-05	 2579	 iter
1981	 3.020376e-05	 2580	 iter
1982	 3.020376e-05	 2581	 iter
1983	 3.020376e-05	 2582	 iter
1984	 3.019896e-05	 2584	 iter
1985	 3.019896e-05	 2585	 iter
1986	 3.019896e-05	 2586	 iter
1987	 3.019896e-05	 2587	 iter
1988	 3.019696e-05	 2589	 iter
1989	 3.019156e-05	 2591	 iter
1990	 3.019156e-05	 2592	 iter
1991	 3.018150e-05	 2594	 iter
1992	 3.018150e-05	 2595	 iter
1993	 3.018150e-05	 2596	 iter
1994	 3.018150e-05	 2597	 iter
1995	 3.018150e-05	 2598	 iter
1996	 3.018150e-05	 2599	 iter
1997	 3.017008e-05	 2601	 iter
1998	 3.017008e-05	 2602	 iter
1999	 3.017008e-05	 2603	 iter
2000	 3.016079e-05	 2605	 iter
2001	 3.016079e-05	 2606	 iter
2002	 3.016079e-05	 2607	 iter
2003	 3.016079e-05	 2608	 iter
2004	 3.015812e-05	 2610	 iter
2005	 3.015812e-05	 2611	 iter
2006	 3.015500e-05	 2613	 iter
2007	 3.013195e-05	 2615	 iter
2008	 3.013195e-05	 2616	 iter
2009	 3.013195e-05	 2617	 iter
2010	 3.013195e-05	 2618	 iter
2011	 3.013195e-05	 2619	 iter
2012	 3.010844e-05	 2621	 iter
2013	 3.010844e-05	 2622	 iter
2014	 3.010844e-05	 2623	 iter
2015	 3.010844e-05	 2624	 iter
2016	 3.010844e-05	 2625	 iter
2017	 3.010844e-05	 2626	 iter
2018	 3.009966e-05	 2628	 iter
2019	 3.009966e-05	 2629	 iter
2020	 3.006941e-05	 2631	 iter
2021	 3.006941e-05	 2632	 iter
2022	 3.006941e-05	 2633	 iter
2023	 3.006941e-05	 2634	 iter
2024	 3.006941e-05	 2635	 iter
2025	 3.006941e-05	 2636	 iter
2026	 3.005182e-05	 2638	 iter
2027	 3.005182e-05	 2639	 iter
2028	 3.005182e-05	 2640	 iter
2029	 3.005182e-05	 2641	 iter
2030	 3.005182e-05	 2642	 iter
2031	 3.005182e-05	 2643	 iter
2032	 3.005182e-05	 2644	 iter
2033	 3.005153e-05	 2646	 iter
2034	 3.004836e-05	 2648	 iter
2035	 3.001841e-05	 2650	 iter
2036	 3.001841e-05	 2651	 iter
2037	 3.001841e-05	 2652	 iter
2038	 3.001841e-05	 2653	 iter
2039	 3.001841e-05	 2654	 iter
2040	 3.001841e-05	 2655	 iter
2041	 3.001841e-05	 2656	 iter
2042	 3.001841e-05	 2657	 iter
2043	 3.001841e-05	 2658	 iter
2044	 3.001841e-05	 2659	 iter
2045	 3.001841e-05	 2660	 iter
2046	 3.001841e-05	 2661	 iter
2047	 3.000136e-05	 2663	 iter
2048	 3.000136e-05	 2664	 iter
2049	 3.000136e-05	 2665	 iter
2050	 3.000136e-05	 2666	 iter
2051	 3.000136e-05	 2667	 iter
2052	 2.999660e-05	 2669	 iter
2053	 2.999660e-05	 2670	 iter
2054	 2.999660e-05	 2672	 iter
2055	 2.999105e-05	 2674	 iter
2056	 2.995626e-05	 2676	 iter
2057	 2.995626e-05	 2677	 iter
2058	 2.995626e-05	 2678	 iter
2059	 2.995626e-05	 2679	 iter
2060	 2.995626e-05	 2680	 iter
2061	 2.995626e-05	 2681	 iter
2062	 2.995626e-05	 2682	 iter
2063	 2.995626e-05	 2683	 iter
2064	 2.995626e-05	 2684	 iter
2065	 2.995626e-05	 2685	 iter
2066	 2.995626e-05	 2686	 iter
2067	 2.995626e-05	 2687	 iter
2068	 2.995626e-05	 2688	 iter
2069	 2.995626e-05	 2689	 iter
2070	 2.995626e-05	 2690	 iter
2071	 2.995626e-05	 2691	 iter
2072	 2.994797e-05	 2693	 iter
2073	 2.994190e-05	 2695	 iter
2074	 2.994190e-05	 2696	 iter
2075	 2.994190e-05	 2697	 iter
2076	 2.994190e-05	 2698	 iter
2077	 2.994190e-05	 2699	 iter
2078	 2.993990e-05	 2701	 iter
2079	 2.993123e-05	 2703	 iter
2080	 2.993123e-05	 2705	 iter
2081	 2.993123e-05	 2706	 iter
2082	 2.993123e-05	 2708	 iter
2083	 2.993123e-05	 2709	 iter
2084	 2.993123e-05	 2710	 iter
2085	 2.993123e-05	 2711	 iter
2086	 2.993123e-05	 2712	 iter
2087	 2.992236e-05	 2714	 iter
2088	 2.992236e-05	 2715	 iter
2089	 2.992236e-05	 2717	 iter
2090	 2.992236e-05	 2718	 iter
2091	 2.992236e-05	 2719	 iter
2092	 2.990939e-05	 2721	 iter
2093	 2.990939e-05	 2722	 iter
2094	 2.990764e-05	 2724	 iter
2095	 2.990764e-05	 2725	 iter
2096	 2.990764e-05	 2726	 iter
2097	 2.990764e-05	 2727	 iter
2098	 2.990764e-05	 2728	 iter
2099	 2.990494e-05	 2730	 iter
2100	 2.990494e-05	 2731	 iter
2101	 2.990331e-05	 2733	 iter
2102	 2.989959e-05	 2735	 iter
2103	 2.989959e-05	 2736	 iter
2104	 2.989959e-05	 2737	 iter
2105	 2.989959e-05	 2738	 iter
2106	 2.989959e-05	 2739	 iter
2107	 2.989959e-05	 2740	 iter
2108	 2.989959e-05	 2741	 iter
2109	 2.989959e-05	 2742	 iter
2110	 2.989730e-05	 2744	 iter
2111	 2.988686e-05	 2746	 iter
2112	 2.988686e-05	 2747	 iter
2113	 2.988686e-05	 2748	 iter
2114	 2.988109e-05	 2750	 iter
2115	 2.988109e-05	 2751	 iter
2116	 2.988109e-05	 2752	 iter
2117	 2.988109e-05	 2753	 iter
2118	 2.988109e-05	 2754	 iter
2119	 2.988109e-05	 2755	 iter
2120	 2.988109e-05	 2756	 iter
2121	 2.988109e-05	 2757	 iter
2122	 2.988109e-05	 2758	 iter
2123	 2.988109e-05	 2759	 iter
2124	 2.988109e-05	 2761	 iter
2125	 2.988109e-05	 2762	 iter
2126	 2.988109e-05	 2763	 iter
2127	 2.988064e-05	 2765	 iter
2128	 2.988064e-05	 2766	 iter
2129	 2.988064e-05	 2767	 iter
2130	 2.986761e-05	 2769	 iter
2131	 2.986761e-05	 2770	 iter
2132	 2.986761e-05	 2772	 iter
2133	 2.986761e-05	 2773	 iter
2134	 2.986761e-05	 2775	 iter
2135	 2.986761e-05	 2776	 iter
2136	 2.986761e-05	 2777	 iter
2137	 2.986761e-05	 2778	 iter
2138	 2.986761e-05	 2779	 iter
2139	 2.986761e-05	 2780	 iter
2140	 2.986761e-05	 2781	 iter
2141	 2.986761e-05	 2782	 iter
2142	 2.986761e-05	 2784	 iter
2143	 2.986761e-05	 2785	 iter
2144	 2.986719e-05	 2787	 iter
2145	 2.986719e-05	 2788	 iter
2146	 2.986719e-05	 2789	 iter
2147	 2.986719e-05	 2790	 iter
2148	 2.986719e-05	 2792	 iter
2149	 2.986719e-05	 2793	 iter
2150	 2.986719e-05	 2794	 iter
2151	 2.986719e-05	 2795	 iter
2152	 2.986305e-05	 2797	 iter
2153	 2.986305e-05	 2799	 iter
2154	 2.986305e-05	 2800	 iter
2155	 2.986305e-05	 2801	 iter
2156	 2.986305e-05	 2802	 iter
2157	 2.986305e-05	 2803	 iter
2158	 2.986241e-05	 2805	 iter
2159	 2.986241e-05	 2806	 iter
2160	 2.986241e-05	 2807	 iter
2161	 2.986241e-05	 2809	 iter
2162	 2.986241e-05	 2810	 iter
2163	 2.985886e-05	 2812	 iter
2164	 2.985859e-05	 2814	 iter
2165	 2.985859e-05	 2816	 iter
2166	 2.985338e-05	 2818	 iter
2167	 2.985338e-05	 2819	 iter
2168	 2.985338e-05	 2820	 iter
2169	 2.985338e-05	 2822	 iter
2170	 2.985338e-05	 2823	 iter
2171	 2.985338e-05	 2824	 iter
2172	 2.985309e-05	 2826	 iter
2173	 2.985309e-05	 2827	 iter
2174	 2.985309e-05	 2828	 iter
2175	 2.985309e-05	 2829	 iter
2176	 2.985011e-05	 2831	 iter
2177	 2.984680e-05	 2833	 iter
2178	 2.984680e-05	 2835	 iter
2179	 2.984674e-05	 2837	 iter
2180	 2.984514e-05	 2839	 iter
2181	 2.984514e-05	 2840	 iter
2182	 2.984514e-05	 2841	 iter
2183	 2.984514e-05	 2842	 iter
2184	 2.984265e-05	 2844	 iter
2185	 2.984265e-05	 2845	 iter
2186	 2.984265e-05	 2846	 iter
2187	 2.984265e-05	 2847	 iter
2188	 2.984265e-05	 2848	 iter
2189	 2.984265e-05	 2849	 iter
2190	 2.984265e-05	 2850	 iter
2191	 2.984265e-05	 2852	 iter
2192	 2.984265e-05	 2853	 iter
2193	 2.984265e-05	 2854	 iter
2194	 2.983968e-05	 2856	 iter
2195	 2.983968e-05	 2857	 iter
2196	 2.983968e-05	 2858	 iter
2197	 2.983968e-05	 2859	 iter
2198	 2.983968e-05	 2860	 iter
2199	 2.983968e-05	 2861	 iter
2200	 2.983968e-05	 2862	 iter
2201	 2.983968e-05	 2863	 iter
2202	 2.983968e-05	 2864	 iter
2203	 2.983968e-05	 2865	 iter
2204	 2.983930e-05	 2867	 iter
2205	 2.983930e-05	 2868	 iter
2206	 2.983930e-05	 2870	 iter
2207	 2.983870e-05	 2872	 iter
2208	 2.983870e-05	 2873	 iter
2209	 2.983870e-05	 2875	 iter
2210	 2.983870e-05	 2876	 iter
2211	 2.983870e-05	 2877	 iter
2212	 2.983523e-05	 2879	 iter
2213	 2.983523e-05	 2880	 iter
2214	 2.983523e-05	 2882	 iter
2215	 2.983523e-05	 2883	 iter
2216	 2.983523e-05	 2884	 iter
2217	 2.983523e-05	 2885	 iter
2218	 2.983523e-05	 2886	 iter
2219	 2.983523e-05	 2887	 iter
2220	 2.983523e-05	 2889	 iter
2221	 2.983523e-05	 2890	 iter
2222	 2.983408e-05	 2892	 iter
2223	 2.983408e-05	 2893	 iter
2224	 2.982804e-05	 2895	 iter
2225	 2.982804e-05	 2896	 iter
2226	 2.982804e-05	 2897	 iter
2227	 2.982804e-05	 2898	 iter
2228	 2.982804e-05	 2899	 iter
2229	 2.982804e-05	 2900	 iter
2230	 2.982804e-05	 2901	 iter
2231	 2.982804e-05	 2902	 iter
2232	 2.982804e-05	 2903	 iter
2233	 2.982804e-05	 2904	 iter
2234	 2.982747e-05	 2906	 iter
2235	 2.982747e-05	 2907	 iter
2236	 2.982267e-05	 2909	 iter
2237	 2.982267e-05	 2910	 iter
2238	 2.982267e-05	 2911	 iter
2239	 2.982267e-05	 2912	 iter
2240	 2.982267e-05	 2913	 iter
2241	 2.982267e-05	 2914	 iter
2242	 2.982267e-05	 2915	 iter
2243	 2.982267e-05	 2916	 iter
2244	 2.981833e-05	 2918	 iter
2245	 2.981833e-05	 2920	 iter
2246	 2.981833e-05	 2921	 iter
2247	 2.981833e-05	 2922	 iter
2248	 2.981833e-05	 2923	 iter
2249	 2.981833e-05	 2924	 iter
2250	 2.981833e-05	 2925	 iter
2251	 2.981833e-05	 2926	 iter
2252	 2.981833e-05	 2927	 iter
2253	 2.981219e-05	 2929	 iter
2254	 2.981219e-05	 2930	 iter
2255	 2.981219e-05	 2931	 iter
2256	 2.981219e-05	 2932	 iter
2257	 2.981219e-05	 2933	 iter
2258	 2.981202e-05	 2935	 iter
2259	 2.981142e-05	 2937	 iter
2260	 2.981142e-05	 2938	 iter
2261	 2.981142e-05	 2940	 iter
2262	 2.981085e-05	 2942	 iter
2263	 2.981085e-05	 2943	 iter
2264	 2.981085e-05	 2944	 iter
2265	 2.981085e-05	 2945	 iter
2266	 2.981051e-05	 2947	 iter
2267	 2.981051e-05	 2948	 iter
2268	 2.980842e-05	 2950	 iter
2269	 2.980842e-05	 2951	 iter
2270	 2.980842e-05	 2952	 iter
2271	 2.980645e-05	 2954	 iter
2272	 2.980645e-05	 2955	 iter
2273	 2.980645e-05	 2956	 iter
2274	 2.980645e-05	 2957	 iter
2275	 2.980645e-05	 2958	 iter
2276	 2.980645e-05	 2959	 iter
2277	 2.980645e-05	 2960	 iter
2278	 2.980645e-05	 2962	 iter
2279	 2.980645e-05	 2963	 iter
2280	 2.980645e-05	 2964	 iter
2281	 2.980414e-05	 2966	 iter
2282	 2.980414e-05	 2967	 iter
2283	 2.980411e-05	 2969	 iter
2284	 2.980411e-05	 2970	 iter
2285	 2.980411e-05	 2971	 iter
2286	 2.980390e-05	 2973	 iter
2287	 2.980390e-05	 2975	 iter
2288	 2.980390e-05	 2977	 iter
2289	 2.980390e-05	 2978	 iter
2290	 2.980390e-05	 2980	 iter
2291	 2.980390e-05	 2982	 iter
2292	 2.980278e-05	 2984	 iter
2293	 2.980278e-05	 2985	 iter
2294	 2.980217e-05	 2987	 iter
2295	 2.980217e-05	 2989	 iter
2296	 2.980217e-05	 2990	 iter
2297	 2.980217e-05	 2992	 iter
2298	 2.980217e-05	 2993	 iter
2299	 2.980217e-05	 2994	 iter
2300	 2.980217e-05	 2995	 iter
2301	 2.980217e-05	 2996	 iter
2302	 2.980217e-05	 2998	 iter
2303	 2.980217e-05	 3000	 iter
2304	 2.980217e-05	 3002	 iter
2305	 2.980217e-05	 3003	 iter
2306	 2.980217e-05	 3004	 iter
2307	 2.980213e-05	 3006	 iter
2308	 2.980213e-05	 3008	 iter
2309	 2.980213e-05	 3009	 iter
2310	 2.980213e-05	 3011	 iter
2311	 2.980213e-05	 3013	 iter
2312	 2.980213e-05	 3014	 iter
2313	 2.980213e-05	 3016	 iter
2314	 2.980213e-05	 3018	 iter
2315	 2.980137e-05	 3020	 iter
2316	 2.980137e-05	 3021	 iter
2317	 2.980137e-05	 3023	 iter
2318	 2.980128e-05	 3025	 iter
2319	 2.980128e-05	 3026	 iter
2320	 2.980128e-05	 3028	 iter
2321	 2.980118e-05	 3030	 iter
2322	 2.980118e-05	 3031	 iter
2323	 2.980118e-05	 3033	 iter
2324	 2.980118e-05	 3034	 iter
2325	 2.980118e-05	 3036	 iter
2326	 2.980118e-05	 3038	 iter
2327	 2.980118e-05	 3039	 iter
2328	 2.980118e-05	 3040	 iter
2329	 2.980118e-05	 3041	 iter
2330	 2.980118e-05	 3042	 iter
2331	 2.980089e-05	 3044	 iter
2332	 2.980089e-05	 3045	 iter
2333	 2.980089e-05	 3046	 iter
2334	 2.980089e-05	 3047	 iter
2335	 2.980089e-05	 3048	 iter
2336	 2.980089e-05	 3050	 iter
2337	 2.980089e-05	 3051	 iter
2338	 2.980089e-05	 3052	 iter
2339	 2.980082e-05	 3054	 iter
2340	 2.980078e-05	 3056	 iter
2341	 2.980078e-05	 3057	 iter
2342	 2.980078e-05	 3059	 iter
2343	 2.980078e-05	 3061	 iter
2344	 2.980078e-05	 3062	 iter
2345	 2.980056e-05	 3064	 iter
2346	 2.980056e-05	 3065	 iter
2347	 2.980056e-05	 3066	 iter
2348	 2.980056e-05	 3068	 iter
2349	 2.980056e-05	 3069	 iter
2350	 2.980056e-05	 3070	 iter
2351	 2.980035e-05	 3072	 iter
2352	 2.980035e-05	 3073	 iter
2353	 2.980035e-05	 3075	 iter
2354	 2.980035e-05	 3076	 iter
2355	 2.980035e-05	 3078	 iter
2356	 2.980035e-05	 3080	 iter
2357	 2.980035e-05	 3082	 iter
2358	 2.980035e-05	 3084	 iter
2359	 2.980035e-05	 3086	 iter
2360	 2.980035e-05	 3088	 iter
2361	 2.980035e-05	 3090	 iter
2362	 2.980035e-05	 3092	 iter
2363	 2.980035e-05	 3093	 iter
2364	 2.980027e-05	 3095	 iter
2365	 2.980027e-05	 3096	 iter
2366	 2.980027e-05	 3097	 iter
2367	 2.980027e-05	 3099	 iter
2368	 2.980027e-05	 3100	 iter
2369	 2.980027e-05	 3102	 iter
2370	 2.980027e-05	 3103	 iter
2371	 2.980027e-05	 3105	 iter
2372	 2.980024e-05	 3107	 iter
2373	 2.980012e-05	 3109	 iter
2374	 2.980007e-05	 3111	 iter
2375	 2.980007e-05	 3112	 iter
2376	 2.980003e-05	 3114	 iter
2377	 2.980003e-05	 3115	 iter
2378	 2.980003e-05	 3116	 iter
2379	 2.980003e-05	 3117	 iter
2380	 2.980003e-05	 3118	 iter
2381	 2.980003e-05	 3119	 iter
2382	 2.980003e-05	 3121	 iter
2383	 2.980003e-05	 3122	 iter
2384	 2.980003e-05	 3123	 iter
2385	 2.980003e-05	 3124	 iter
2386	 2.980003e-05	 3125	 iter
2387	 2.980003e-05	 3126	 iter
2388	 2.980003e-05	 3128	 iter
2389	 2.980003e-05	 3129	 iter
2390	 2.980003e-05	 3131	 iter
2391	 2.980001e-05	 3133	 iter
2392	 2.980001e-05	 3134	 iter
2393	 2.980001e-05	 3135	 iter
2394	 2.980001e-05	 3137	 iter
2395	 2.980001e-05	 3139	 iter
2396	 2.980001e-05	 3140	 iter
2397	 2.980001e-05	 3142	 iter
2398	 2.980001e-05	 3143	 iter
2399	 2.980001e-05	 3145	 iter
2399	 2.980001e-05	 3145	 done
