0	 1.195172e-33	 1	 init
0	 1.195172e-33	 1	 iter
1	 1.195172e-33	 17	 iter
2	 1.195172e-33	 19	 iter
3	 1.195172e-33	 20	 iter
4	 1.195172e-33	 22	 iter
5	 1.195172e-33	 24	 iter
6	 1.195172e-33	 26	 iter
7	 1.195172e-33	 28	 iter
8	 1.195172e-33	 30	 iter
9	 1.195172e-33	 32	 iter
10	 1.195172e-33	 34	 iter
11	 1.195172e-33	 36	 iter
12	 1.195172e-33	 37	 iter
13	 1.195172e-33	 39	 iter
14	 1.195172e-33	 41	 iter
15	 1.195172e-33	 43	 iter
16	 1.195172e-33	 45	 iter
17	 1.195172e-33	 47	 iter
18	 1.195172e-33	 49	 iter
19	 1.195172e-33	 51	 iter
20	 1.195172e-33	 53	 iter
21	 1.195172e-33	 55	 iter
22	 1.195172e-33	 57	 iter
23	 1.195172e-33	 59	 iter
24	 1.195172e-33	 61	 iter
25	 1.195172e-33	 63	 iter
26	 1.195172e-33	 65	 iter
27	 1.195172e-33	 67	 iter
28	 1.195172e-33	 68	 iter
29	 1.195172e-33	 70	 iter
30	 1.195172e-33	 72	 iter
31	 1.195172e-33	 74	 iter
32	 1.195172e-33	 76	 iter
33	 1.195172e-33	 78	 iter
34	 1.195172e-33	 80	 iter
35	 1.195172e-33	 81	 iter
36	 1.195172e-33	 83	 iter
37	 1.195172e-33	 84	 iter
38	 1.195172e-33	 86	 iter
39	 1.195172e-33	 88	 iter
40	 1.195172e-33	 90	 iter
41	 1.195172e-33	 92	 iter
42	 1.195172e-33	 94	 iter
43	 1.195172e-33	 95	 iter
44	 1.195172e-33	 97	 iter
45	 1.195172e-33	 99	 iter
46	 1.195172e-33	 100	 iter
47	 1.195172e-33	 102	 iter
48	 1.195172e-33	 104	 iter
49	 1.195172e-33	 106	 iter
50	 1.195172e-33	 108	 iter
51	 1.195172e-33	 110	 iter
52	 1.195172e-33	 111	 iter
53	 1.195172e-33	 113	 iter
54	 1.195172e-33	 115	 iter
55	 1.195172e-33	 117	 iter
56	 1.195172e-33	 118	 iter
57	 1.195172e-33	 120	 iter
58	 1.195172e-33	 122	 iter
59	 1.195172e-33	 124	 iter
60	 1.195172e-33	 126	 iter
61	 1.195172e-33	 128	 iter
62	 1.195172e-33	 130	 iter
63	 1.195172e-33	 132	 iter
64	 1.195172e-33	 133	 iter
65	 1.195172e-33	 135	 iter
66	 1.195172e-33	 137	 iter
67	 1.195172e-33	 139	 iter
68	 1.195172e-33	 140	 iter
69	 1.195172e-33	 141	 iter
70	 1.195172e-33	 143	 iter
71	 1.195172e-33	 145	 iter
72	 1.195172e-33	 147	 iter
73	 1.195172e-33	 149	 iter
74	 1.195172e-33	 150	 iter
75	 1.195172e-33	 151	 iter
76	 1.195172e-33	 153	 iter
77	 1.195172e-33	 155	 iter
78	 1.195172e-33	 157	 iter
79	 1.195172e-33	 158	 iter
80	 1.195172e-33	 160	 iter
81	 1.195172e-33	 162	 iter
82	 1.195172e-33	 164	 iter
83	 1.195172e-33	 165	 iter
84	 1.195172e-33	 167	 iter
85	 1.195172e-33	 168	 iter
86	 1.195172e-33	 169	 iter
87	 1.195172e-33	 170	 iter
88	 1.195172e-33	 171	 iter
89	 1.195172e-33	 173	 iter
90	 1.195172e-33	 174	 iter
91	 1.195172e-33	 176	 iter
92	 1.195172e-33	 178	 iter
93	 1.195172e-33	 179	 iter
94	 1.195172e-33	 180	 iter
95	 1.195172e-33	 182	 iter
96	 1.195172e-33	 183	 iter
97	 1.195172e-33	 185	 iter
98	 1.195172e-33	 186	 iter
99	 1.195172e-33	 187	 iter
100	 1.195172e-33	 189	 iter
101	 1.195172e-33	 190	 iter
102	 1.195172e-33	 191	 iter
103	 1.195172e-33	 192	 iter
104	 1.195172e-33	 193	 iter
105	 1.195172e-33	 194	 iter
106	 1.195172e-33	 196	 iter
107	 1.195172e-33	 197	 iter
108	 1.195172e-33	 199	 iter
109	 1.195172e-33	 201	 iter
110	 1.195172e-33	 203	 iter
111	 1.195172e-33	 204	 iter
112	 1.195172e-33	 205	 iter
113	 1.195172e-33	 207	 iter
114	 1.195172e-33	 208	 iter
115	 1.195172e-33	 210	 iter
116	 1.195172e-33	 211	 iter
117	 1.195172e-33	 212	 iter
118	 1.195172e-33	 214	 iter
119	 1.195172e-33	 216	 iter
120	 1.195172e-33	 217	 iter
121	 1.195172e-33	 218	 iter
122	 1.195172e-33	 219	 iter
123	 1.195172e-33	 220	 iter
124	 1.195172e-33	 222	 iter
125	 1.195172e-33	 224	 iter
126	 1.195172e-33	 225	 iter
127	 1.195172e-33	 227	 iter
128	 1.195172e-33	 229	 iter
129	 1.195172e-33	 231	 iter
130	 1.195172e-33	 232	 iter
131	 1.195172e-33	 233	 iter
132	 1.195172e-33	 235	 iter
133	 1.195172e-33	 236	 iter
134	 1.195172e-33	 237	 iter
135	 1.195172e-33	 238	 iter
136	 1.195172e-33	 239	 iter
137	 1.195172e-33	 241	 iter
138	 1.195172e-33	 243	 iter
139	 1.195172e-33	 244	 iter
140	 1.195172e-33	 245	 iter
141	 1.195172e-33	 246	 iter
142	 1.195172e-33	 248	 iter
143	 1.195172e-33	 250	 iter
144	 1.195172e-33	 252	 iter
145	 1.195172e-33	 253	 iter
146	 1.195172e-33	 254	 iter
147	 1.195172e-33	 256	 iter
148	 1.195172e-33	 257	 iter
149	 1.195172e-33	 258	 iter
150	 1.195172e-33	 260	 iter
151	 1.195172e-33	 261	 iter
152	 1.195172e-33	 262	 iter
153	 1.195172e-33	 264	 iter
154	 1.195172e-33	 265	 iter
155	 1.195172e-33	 267	 iter
156	 1.195172e-33	 268	 iter
157	 1.195172e-33	 269	 iter
158	 1.195172e-33	 271	 iter
159	 1.195172e-33	 272	 iter
160	 1.195172e-33	 274	 iter
161	 1.195172e-33	 276	 iter
162	 1.195172e-33	 278	 iter
163	 1.195172e-33	 279	 iter
164	 1.195172e-33	 280	 iter
165	 1.195172e-33	 281	 iter
166	 1.195172e-33	 283	 iter
167	 1.195172e-33	 284	 iter
168	 1.195172e-33	 285	 iter
169	 1.195172e-33	 286	 iter
170	 1.195172e-33	 288	 iter
171	 1.195172e-33	 290	 iter
172	 1.195172e-33	 292	 iter
173	 1.195172e-33	 294	 iter
174	 1.195172e-33	 295	 iter
175	 1.195172e-33	 296	 iter
176	 1.195172e-33	 298	 iter
177	 1.195172e-33	 299	 iter
178	 1.195172e-33	 300	 iter
179	 1.195172e-33	 302	 iter
180	 1.195172e-33	 304	 iter
181	 1.195172e-33	 306	 iter
182	 1.195172e-33	 308	 iter
183	 1.195172e-33	 310	 iter
184	 1.195172e-33	 312	 iter
185	 1.195172e-33	 314	 iter
186	 1.195172e-33	 316	 iter
187	 1.195172e-33	 318	 iter
188	 1.195172e-33	 320	 iter
189	 1.195172e-33	 321	 iter
190	 1.195172e-33	 322	 iter
191	 1.195172e-33	 323	 iter
192	 1.195172e-33	 324	 iter
193	 1.195172e-33	 326	 iter
194	 1.195172e-33	 328	 iter
195	 1.195172e-33	 329	 iter
196	 1.195172e-33	 331	 iter
197	 1.195172e-33	 333	 iter
198	 1.195172e-33	 335	 iter
199	 1.195172e-33	 337	 iter
200	 1.195172e-33	 339	 iter
201	 1.195172e-33	 340	 iter
202	 1.195172e-33	 342	 iter
203	 1.195172e-33	 343	 iter
204	 1.195172e-33	 344	 iter
205	 1.195172e-33	 345	 iter
206	 1.195172e-33	 346	 iter
207	 1.195172e-33	 347	 iter
208	 1.195172e-33	 349	 iter
209	 1.195172e-33	 351	 iter
210	 1.195172e-33	 353	 iter
211	 1.195172e-33	 354	 iter
212	 1.195172e-33	 356	 iter
212	 1.195172e-33	 356	 done
