0	 2.357550e-33	 1	 init
0	 2.357550e-33	 1	 iter
1	 2.357550e-33	 17	 iter
2	 2.357550e-33	 19	 iter
3	 2.357550e-33	 21	 iter
4	 2.357550e-33	 23	 iter
5	 2.357550e-33	 25	 iter
6	 2.357550e-33	 26	 iter
7	 2.357550e-33	 28	 iter
8	 2.357550e-33	 30	 iter
9	 2.357550e-33	 32	 iter
10	 2.357550e-33	 34	 iter
11	 2.357550e-33	 36	 iter
12	 2.357550e-33	 38	 iter
13	 2.357550e-33	 40	 iter
14	 2.357550e-33	 42	 iter
15	 2.357550e-33	 44	 iter
16	 2.357550e-33	 46	 iter
17	 2.357550e-33	 47	 iter
18	 2.357550e-33	 49	 iter
19	 2.357550e-33	 51	 iter
20	 2.357550e-33	 53	 iter
21	 2.357550e-33	 55	 iter
22	 2.357550e-33	 57	 iter
23	 2.357550e-33	 59	 iter
24	 2.357550e-33	 61	 iter
25	 2.357550e-33	 63	 iter
26	 2.357550e-33	 65	 iter
27	 2.357550e-33	 67	 iter
28	 2.357550e-33	 69	 iter
29	 2.357550e-33	 71	 iter
30	 2.357550e-33	 72	 iter
31	 2.357550e-33	 74	 iter
32	 2.357550e-33	 76	 iter
33	 2.357550e-33	 78	 iter
34	 2.357550e-33	 80	 iter
35	 2.357550e-33	 82	 iter
36	 2.357550e-33	 83	 iter
37	 2.357550e-33	 85	 iter
38	 2.357550e-33	 87	 iter
39	 2.357550e-33	 89	 iter
40	 2.357550e-33	 91	 iter
41	 2.357550e-33	 93	 iter
42	 2.357550e-33	 95	 iter
43	 2.357550e-33	 97	 iter
44	 2.357550e-33	 99	 iter
45	 2.357550e-33	 101	 iter
46	 2.357550e-33	 103	 iter
47	 2.357550e-33	 105	 iter
48	 2.357550e-33	 107	 iter
49	 2.357550e-33	 109	 iter
50	 2.357550e-33	 111	 iter
51	 2.357550e-33	 113	 iter
52	 2.357550e-33	 114	 iter
53	 2.357550e-33	 116	 iter
54	 2.357550e-33	 117	 iter
55	 2.357550e-33	 119	 iter
56	 2.357550e-33	 121	 iter
57	 2.357550e-33	 123	 iter
58	 2.357550e-33	 125	 iter
59	 2.357550e-33	 126	 iter
60	 2.357550e-33	 128	 iter
61	 2.357550e-33	 130	 iter
62	 2.357550e-33	 132	 iter
63	 2.357550e-33	 134	 iter
64	 2.357550e-33	 135	 iter
65	 2.357550e-33	 137	 iter
66	 2.357550e-33	 139	 iter
67	 2.357550e-33	 140	 iter
68	 2.357550e-33	 141	 iter
69	 2.357550e-33	 143	 iter
70	 2.357550e-33	 144	 iter
71	 2.357550e-33	 145	 iter
72	 2.357550e-33	 146	 iter
73	 2.357550e-33	 148	 iter
74	 2.357550e-33	 150	 iter
75	 2.357550e-33	 152	 iter
76	 2.357550e-33	 154	 iter
77	 2.357550e-33	 155	 iter
78	 2.357550e-33	 156	 iter
79	 2.357550e-33	 158	 iter
80	 2.357550e-33	 160	 iter
81	 2.357550e-33	 162	 iter
82	 2.357550e-33	 164	 iter
83	 2.357550e-33	 166	 iter
84	 2.357550e-33	 168	 iter
85	 2.357550e-33	 169	 iter
86	 2.357550e-33	 171	 iter
87	 2.357550e-33	 173	 iter
88	 2.357550e-33	 175	 iter
89	 2.357550e-33	 177	 iter
90	 2.357550e-33	 179	 iter
91	 2.357550e-33	 180	 iter
92	 2.357550e-33	 181	 iter
93	 2.357550e-33	 183	 iter
94	 2.357550e-33	 185	 iter
95	 2.357550e-33	 187	 iter
96	 2.357550e-33	 189	 iter
97	 2.357550e-33	 190	 iter
98	 2.357550e-33	 192	 iter
99	 2.357550e-33	 194	 iter
100	 2.357550e-33	 196	 iter
101	 2.357550e-33	 197	 iter
102	 2.357550e-33	 199	 iter
103	 2.357550e-33	 201	 iter
104	 2.357550e-33	 203	 iter
105	 2.357550e-33	 205	 iter
106	 2.357550e-33	 207	 iter
107	 2.357550e-33	 209	 iter
108	 2.357550e-33	 211	 iter
109	 2.357550e-33	 212	 iter
110	 2.357550e-33	 214	 iter
111	 2.357550e-33	 215	 iter
112	 2.357550e-33	 217	 iter
113	 2.357550e-33	 218	 iter
114	 2.357550e-33	 220	 iter
115	 2.357550e-33	 222	 iter
116	 2.357550e-33	 224	 iter
117	 2.357550e-33	 225	 iter
117	 2.357550e-33	 225	 done
