0	 5.517308e-33	 1	 init
0	 5.517308e-33	 1	 iter
1	 5.517308e-33	 17	 iter
2	 5.517308e-33	 19	 iter
3	 5.517308e-33	 21	 iter
4	 5.517308e-33	 23	 iter
5	 5.517308e-33	 25	 iter
6	 5.517308e-33	 27	 iter
7	 5.517308e-33	 28	 iter
8	 5.517308e-33	 29	 iter
9	 5.517308e-33	 31	 iter
10	 5.517308e-33	 33	 iter
11	 5.517308e-33	 34	 iter
12	 5.517308e-33	 36	 iter
13	 5.517308e-33	 38	 iter
14	 5.517308e-33	 40	 iter
15	 5.517308e-33	 42	 iter
16	 5.517308e-33	 44	 iter
17	 5.517308e-33	 46	 iter
18	 5.517308e-33	 48	 iter
19	 5.517308e-33	 50	 iter
20	 5.517308e-33	 52	 iter
21	 5.517308e-33	 54	 iter
22	 5.517308e-33	 56	 iter
23	 5.517308e-33	 58	 iter
24	 5.517308e-33	 60	 iter
25	 5.517308e-33	 61	 iter
26	 5.517308e-33	 63	 iter
27	 5.517308e-33	 65	 iter
28	 5.517308e-33	 67	 iter
29	 5.517308e-33	 69	 iter
30	 5.517308e-33	 71	 iter
31	 5.517308e-33	 73	 iter
32	 5.517308e-33	 75	 iter
33	 5.517308e-33	 77	 iter
34	 5.517308e-33	 78	 iter
35	 5.517308e-33	 79	 iter
36	 5.517308e-33	 81	 iter
37	 5.517308e-33	 83	 iter
38	 5.517308e-33	 84	 iter
39	 5.517308e-33	 86	 iter
40	 5.517308e-33	 88	 iter
41	 5.517308e-33	 90	 iter
42	 5.517308e-33	 92	 iter
43	 5.517308e-33	 93	 iter
44	 5.517308e-33	 95	 iter
45	 5.517308e-33	 97	 iter
46	 5.517308e-33	 99	 iter
47	 5.517308e-33	 101	 iter
48	 5.517308e-33	 103	 iter
49	 5.517308e-33	 105	 iter
50	 5.517308e-33	 107	 iter
51	 5.517308e-33	 109	 iter
52	 5.517308e-33	 111	 iter
53	 5.517308e-33	 113	 iter
54	 5.517308e-33	 114	 iter
55	 5.517308e-33	 116	 iter
56	 5.517308e-33	 118	 iter
57	 5.517308e-33	 120	 iter
58	 5.517308e-33	 122	 iter
59	 5.517308e-33	 124	 iter
60	 5.517308e-33	 126	 iter
61	 5.517308e-33	 128	 iter
62	 5.517308e-33	 130	 iter
63	 5.517308e-33	 132	 iter
64	 5.517308e-33	 134	 iter
65	 5.517308e-33	 136	 iter
66	 5.517308e-33	 138	 iter
67	 5.517308e-33	 140	 iter
68	 5.517308e-33	 142	 iter
69	 5.517308e-33	 144	 iter
70	 5.517308e-33	 146	 iter
71	 5.517308e-33	 148	 iter
72	 5.517308e-33	 150	 iter
73	 5.517308e-33	 152	 iter
74	 5.517308e-33	 154	 iter
75	 5.517308e-33	 155	 iter
76	 5.517308e-33	 157	 iter
77	 5.517308e-33	 158	 iter
78	 5.517308e-33	 160	 iter
79	 5.517308e-33	 162	 iter
80	 5.517308e-33	 164	 iter
81	 5.517308e-33	 166	 iter
82	 5.517308e-33	 168	 iter
83	 5.517308e-33	 170	 iter
84	 5.517308e-33	 172	 iter
85	 5.517308e-33	 173	 iter
86	 5.517308e-33	 175	 iter
87	 5.517308e-33	 177	 iter
88	 5.517308e-33	 179	 iter
89	 5.517308e-33	 181	 iter
90	 5.517308e-33	 183	 iter
91	 5.517308e-33	 185	 iter
92	 5.517308e-33	 187	 iter
93	 5.517308e-33	 188	 iter
94	 5.517308e-33	 189	 iter
95	 5.517308e-33	 191	 iter
96	 5.517308e-33	 193	 iter
97	 5.517308e-33	 195	 iter
98	 5.517308e-33	 197	 iter
99	 5.517308e-33	 198	 iter
100	 5.517308e-33	 200	 iter
101	 5.517308e-33	 202	 iter
102	 5.517308e-33	 203	 iter
103	 5.517308e-33	 204	 iter
104	 5.517308e-33	 206	 iter
105	 5.517308e-33	 207	 iter
106	 5.517308e-33	 209	 iter
107	 5.517308e-33	 211	 iter
108	 5.517308e-33	 212	 iter
109	 5.517308e-33	 214	 iter
110	 5.517308e-33	 215	 iter
111	 5.517308e-33	 216	 iter
111	 5.517308e-33	 216	 done
