0	 1.239047e-03	 1	 init
0	 1.239047e-03	 1	 iter
1	 1.023277e-03	 17	 iter
2	 1.019133e-03	 19	 iter
3	 1.019133e-03	 20	 iter
4	 1.019133e-03	 21	 iter
5	 1.019133e-03	 22	 iter
6	 1.019133e-03	 23	 iter
7	 1.019133e-03	 24	 iter
8	 1.019133e-03	 25	 iter
9	 1.019133e-03	 26	 iter
10	 1.019133e-03	 27	 iter
11	 1.019133e-03	 28	 iter
12	 1.019133e-03	 29	 iter
13	 1.014123e-03	 31	 iter
14	 1.011182e-03	 33	 iter
15	 1.011182e-03	 34	 iter
16	 1.011182e-03	 35	 iter
17	 1.011182e-03	 36	 iter
18	 1.011182e-03	 37	 iter
19	 9.406054e-04	 39	 iter
20	 9.406054e-04	 40	 iter
21	 9.406054e-04	 41	 iter
22	 9.406054e-04	 42	 iter
23	 9.406054e-04	 44	 iter
24	 9.406054e-04	 45	 iter
25	 9.406054e-04	 47	 iter
26	 9.406054e-04	 48	 iter
27	 9.406054e-04	 49	 iter
28	 9.406054e-04	 50	 iter
29	 9.406054e-04	 51	 iter
30	 9.406054e-04	 52	 iter
31	 9.406054e-04	 53	 iter
32	 9.406054e-04	 54	 iter
33	 9.406054e-04	 56	 iter
34	 9.406054e-04	 57	 iter
35	 9.406054e-04	 58	 iter
36	 9.406054e-04	 59	 iter
37	 9.406054e-04	 61	 iter
38	 9.406054e-04	 62	 iter
39	 9.406054e-04	 64	 iter
40	 9.406054e-04	 66	 iter
41	 9.406054e-04	 67	 iter
42	 9.406054e-04	 68	 iter
43	 9.406054e-04	 69	 iter
44	 9.406054e-04	 70	 iter
45	 9.406054e-04	 71	 iter
46	 9.406054e-04	 72	 iter
47	 9.406054e-04	 73	 iter
48	 9.406054e-04	 74	 iter
49	 9.406054e-04	 75	 iter
50	 9.406054e-04	 76	 iter
51	 9.249817e-04	 78	 iter
52	 9.238041e-04	 80	 iter
53	 9.238041e-04	 81	 iter
54	 8.929790e-04	 83	 iter
55	 8.929790e-04	 84	 iter
56	 8.929790e-04	 85	 iter
57	 8.929790e-04	 86	 iter
58	 8.929790e-04	 88	 iter
59	 8.929790e-04	 89	 iter
60	 8.929790e-04	 90	 iter
61	 8.929790e-04	 91	 iter
62	 8.929790e-04	 92	 iter
63	 8.719589e-04	 94	 iter
64	 8.719589e-04	 95	 iter
65	 8.719589e-04	 96	 iter
66	 8.719589e-04	 97	 iter
67	 8.719589e-04	 98	 iter
68	 8.719589e-04	 99	 iter
69	 8.719589e-04	 100	 iter
70	 8.719589e-04	 101	 iter
71	 8.719589e-04	 102	 iter
72	 8.719589e-04	 103	 iter
73	 8.685156e-04	 105	 iter
74	 8.685156e-04	 106	 iter
75	 8.685156e-04	 107	 iter
76	 8.685156e-04	 108	 iter
77	 8.685156e-04	 109	 iter
78	 8.674559e-04	 111	 iter
79	 8.674559e-04	 112	 iter
80	 8.556824e-04	 114	 iter
81	 8.556824e-04	 116	 iter
82	 8.556824e-04	 117	 iter
83	 8.556824e-04	 118	 iter
84	 8.491591e-04	 120	 iter
85	 8.491591e-04	 121	 iter
86	 8.491591e-04	 123	 iter
87	 8.491591e-04	 124	 iter
88	 8.491591e-04	 125	 iter
89	 8.491591e-04	 126	 iter
90	 8.491591e-04	 127	 iter
91	 8.491591e-04	 128	 iter
92	 8.491591e-04	 129	 iter
93	 8.491591e-04	 130	 iter
94	 8.491591e-04	 131	 iter
95	 8.491591e-04	 132	 iter
96	 8.454617e-04	 134	 iter
97	 8.454617e-04	 135	 iter
98	 8.426393e-04	 137	 iter
99	 8.426393e-04	 139	 iter
100	 8.426393e-04	 141	 iter
101	 8.426393e-04	 142	 iter
102	 8.426393e-04	 144	 iter
103	 8.404368e-04	 146	 iter
104	 8.404368e-04	 147	 iter
105	 8.404368e-04	 149	 iter
106	 8.404368e-04	 150	 iter
107	 8.404368e-04	 151	 iter
108	 8.404368e-04	 153	 iter
109	 8.404368e-04	 154	 iter
110	 8.404368e-04	 155	 iter
111	 8.404368e-04	 157	 iter
112	 8.404368e-04	 159	 iter
113	 8.404368e-04	 160	 iter
114	 8.404368e-04	 161	 iter
115	 8.404368e-04	 162	 iter
116	 8.404368e-04	 164	 iter
117	 8.404368e-04	 165	 iter
118	 8.404368e-04	 166	 iter
119	 8.351616e-04	 168	 iter
120	 8.351616e-04	 170	 iter
121	 8.351616e-04	 172	 iter
122	 8.351616e-04	 174	 iter
123	 8.351616e-04	 175	 iter
124	 8.351616e-04	 177	 iter
125	 8.351616e-04	 178	 iter
126	 8.304869e-04	 180	 iter
127	 8.304869e-04	 182	 iter
128	 8.304869e-04	 183	 iter
129	 8.304869e-04	 184	 iter
130	 8.304869e-04	 185	 iter
131	 8.304869e-04	 186	 iter
132	 8.304869e-04	 188	 iter
133	 8.304869e-04	 189	 iter
134	 8.304869e-04	 190	 iter
135	 8.304869e-04	 191	 iter
136	 8.218156e-04	 193	 iter
137	 8.218156e-04	 194	 iter
138	 8.218156e-04	 195	 iter
139	 8.218156e-04	 197	 iter
140	 8.218156e-04	 198	 iter
141	 8.218156e-04	 199	 iter
142	 8.218156e-04	 200	 iter
143	 8.218156e-04	 201	 iter
144	 8.218156e-04	 202	 iter
145	 8.218156e-04	 203	 iter
146	 8.218156e-04	 204	 iter
147	 8.218156e-04	 205	 iter
148	 8.157868e-04	 207	 iter
149	 8.157868e-04	 208	 iter
150	 8.157868e-04	 209	 iter
151	 8.157868e-04	 210	 iter
152	 8.157868e-04	 211	 iter
153	 8.157868e-04	 212	 iter
154	 8.065650e-04	 214	 iter
155	 8.065650e-04	 215	 iter
156	 8.065650e-04	 216	 iter
157	 8.065650e-04	 217	 iter
158	 8.065650e-04	 218	 iter
159	 8.065650e-04	 219	 iter
160	 8.065650e-04	 220	 iter
161	 8.065650e-04	 221	 iter
162	 8.011651e-04	 223	 iter
163	 7.896522e-04	 225	 iter
164	 7.896522e-04	 226	 iter
165	 7.896522e-04	 227	 iter
166	 7.896522e-04	 228	 iter
167	 7.896522e-04	 229	 iter
168	 7.896522e-04	 230	 iter
169	 7.896522e-04	 231	 iter
170	 7.896522e-04	 232	 iter
171	 7.896522e-04	 233	 iter
172	 7.873140e-04	 235	 iter
173	 7.873140e-04	 236	 iter
174	 7.873140e-04	 237	 iter
175	 7.764619e-04	 239	 iter
176	 7.764619e-04	 240	 iter
177	 7.628944e-04	 242	 iter
178	 7.628944e-04	 243	 iter
179	 7.628944e-04	 244	 iter
180	 7.628944e-04	 245	 iter
181	 7.628944e-04	 246	 iter
182	 7.628944e-04	 247	 iter
183	 7.628944e-04	 248	 iter
184	 7.534854e-04	 250	 iter
185	 7.534854e-04	 251	 iter
186	 7.432650e-04	 253	 iter
187	 7.432650e-04	 254	 iter
188	 7.432650e-04	 255	 iter
189	 7.432650e-04	 256	 iter
190	 7.432650e-04	 257	 iter
191	 7.432650e-04	 258	 iter
192	 7.316679e-04	 260	 iter
193	 7.316679e-04	 261	 iter
194	 7.316679e-04	 262	 iter
195	 7.316679e-04	 263	 iter
196	 7.316679e-04	 264	 iter
197	 7.316679e-04	 265	 iter
198	 7.316679e-04	 266	 iter
199	 7.316679e-04	 267	 iter
200	 7.204918e-04	 269	 iter
201	 7.204918e-04	 270	 iter
202	 7.204918e-04	 271	 iter
203	 7.204918e-04	 272	 iter
204	 7.204918e-04	 273	 iter
205	 7.204918e-04	 274	 iter
206	 7.204918e-04	 275	 iter
207	 7.204918e-04	 276	 iter
208	 7.204918e-04	 277	 iter
209	 7.204918e-04	 278	 iter
210	 7.204918e-04	 279	 iter
211	 7.204918e-04	 280	 iter
212	 7.204918e-04	 281	 iter
213	 7.204918e-04	 282	 iter
214	 7.204918e-04	 283	 iter
215	 7.204918e-04	 284	 iter
216	 7.204918e-04	 285	 iter
217	 7.204918e-04	 286	 iter
218	 7.204918e-04	 288	 iter
219	 7.204918e-04	 290	 iter
220	 7.204918e-04	 291	 iter
221	 7.204918e-04	 292	 iter
222	 7.204918e-04	 293	 iter
223	 7.204918e-04	 295	 iter
224	 7.204918e-04	 296	 iter
225	 7.204918e-04	 297	 iter
226	 7.204918e-04	 298	 iter
227	 7.204918e-04	 299	 iter
228	 7.154872e-04	 301	 iter
229	 7.154872e-04	 303	 iter
230	 7.154872e-04	 304	 iter
231	 7.154872e-04	 306	 iter
232	 7.154872e-04	 307	 iter
233	 7.154872e-04	 308	 iter
234	 7.154872e-04	 309	 iter
235	 7.154872e-04	 311	 iter
236	 7.154872e-04	 312	 iter
237	 7.154872e-04	 314	 iter
238	 7.148662e-04	 316	 iter
239	 7.148662e-04	 317	 iter
240	 7.148662e-04	 319	 iter
241	 7.135980e-04	 321	 iter
242	 7.135980e-04	 322	 iter
243	 7.135980e-04	 323	 iter
244	 7.135980e-04	 324	 iter
245	 7.135815e-04	 326	 iter
246	 7.135815e-04	 328	 iter
247	 7.135815e-04	 329	 iter
248	 7.135815e-04	 330	 iter
249	 7.127431e-04	 332	 iter
250	 7.127431e-04	 333	 iter
251	 7.127431e-04	 334	 iter
252	 7.127431e-04	 335	 iter
253	 7.127431e-04	 337	 iter
254	 7.127431e-04	 339	 iter
255	 7.092375e-04	 341	 iter
256	 7.092375e-04	 342	 iter
257	 7.092375e-04	 343	 iter
258	 7.092375e-04	 344	 iter
259	 7.092375e-04	 345	 iter
260	 7.092375e-04	 346	 iter
261	 7.092375e-04	 347	 iter
262	 7.092375e-04	 348	 iter
263	 7.071410e-04	 350	 iter
264	 7.071410e-04	 351	 iter
265	 7.071410e-04	 352	 iter
266	 7.071410e-04	 353	 iter
267	 7.071410e-04	 354	 iter
268	 7.071410e-04	 355	 iter
269	 7.071410e-04	 356	 iter
270	 7.071410e-04	 357	 iter
271	 7.071410e-04	 358	 iter
272	 7.070195e-04	 360	 iter
273	 7.070195e-04	 361	 iter
274	 7.070195e-04	 362	 iter
275	 7.070195e-04	 364	 iter
276	 7.046368e-04	 366	 iter
277	 7.046368e-04	 367	 iter
278	 6.994234e-04	 369	 iter
279	 6.994234e-04	 370	 iter
280	 6.994234e-04	 371	 iter
281	 6.994234e-04	 372	 iter
282	 6.994234e-04	 373	 iter
283	 6.994234e-04	 374	 iter
284	 6.928887e-04	 376	 iter
285	 6.928887e-04	 377	 iter
286	 6.928887e-04	 378	 iter
287	 6.928887e-04	 379	 iter
288	 6.928887e-04	 380	 iter
289	 6.928887e-04	 381	 iter
290	 6.928887e-04	 382	 iter
291	 6.928887e-04	 384	 iter
292	 6.928887e-04	 385	 iter
293	 6.928887e-04	 386	 iter
294	 6.928887e-04	 387	 iter
295	 6.928887e-04	 388	 iter
296	 6.928887e-04	 389	 iter
297	 6.928887e-04	 390	 iter
298	 6.928887e-04	 391	 iter
299	 6.928887e-04	 392	 iter
300	 6.903589e-04	 394	 iter
301	 6.890719e-04	 396	 iter
302	 6.890719e-04	 397	 iter
303	 6.890719e-04	 398	 iter
304	 6.890719e-04	 399	 iter
305	 6.890719e-04	 400	 iter
306	 6.879368e-04	 402	 iter
307	 6.879368e-04	 403	 iter
308	 6.879368e-04	 404	 iter
309	 6.721757e-04	 406	 iter
310	 6.721757e-04	 407	 iter
311	 6.721757e-04	 408	 iter
312	 6.721757e-04	 409	 iter
313	 6.721757e-04	 410	 iter
314	 6.721757e-04	 411	 iter
315	 6.721757e-04	 412	 iter
316	 6.721757e-04	 413	 iter
317	 6.721757e-04	 414	 iter
318	 6.721757e-04	 415	 iter
319	 6.721757e-04	 416	 iter
320	 6.721757e-04	 417	 iter
321	 6.721757e-04	 418	 iter
322	 6.720484e-04	 420	 iter
323	 6.684400e-04	 422	 iter
324	 6.548048e-04	 424	 iter
325	 6.548048e-04	 425	 iter
326	 6.548048e-04	 426	 iter
327	 6.548048e-04	 427	 iter
328	 6.548048e-04	 428	 iter
329	 6.548048e-04	 429	 iter
330	 6.548048e-04	 430	 iter
331	 6.548048e-04	 431	 iter
332	 6.548048e-04	 432	 iter
333	 6.548048e-04	 433	 iter
334	 6.376242e-04	 435	 iter
335	 6.376242e-04	 436	 iter
336	 6.376242e-04	 437	 iter
337	 6.376242e-04	 438	 iter
338	 6.376242e-04	 439	 iter
339	 6.376242e-04	 440	 iter
340	 6.376242e-04	 441	 iter
341	 6.376242e-04	 442	 iter
342	 6.376242e-04	 443	 iter
343	 6.376242e-04	 444	 iter
344	 6.266313e-04	 446	 iter
345	 6.266313e-04	 447	 iter
346	 6.266313e-04	 448	 iter
347	 6.190847e-04	 450	 iter
348	 6.050545e-04	 452	 iter
349	 6.050545e-04	 453	 iter
350	 6.050545e-04	 454	 iter
351	 6.050545e-04	 455	 iter
352	 6.050545e-04	 456	 iter
353	 6.050545e-04	 457	 iter
354	 6.050545e-04	 458	 iter
355	 6.050545e-04	 459	 iter
356	 6.050545e-04	 460	 iter
357	 6.050545e-04	 461	 iter
358	 6.040729e-04	 463	 iter
359	 5.972918e-04	 465	 iter
360	 5.791339e-04	 467	 iter
361	 5.791339e-04	 468	 iter
362	 5.791339e-04	 469	 iter
363	 5.791339e-04	 470	 iter
364	 5.791339e-04	 471	 iter
365	 5.791339e-04	 472	 iter
366	 5.791339e-04	 473	 iter
367	 5.791339e-04	 474	 iter
368	 5.791339e-04	 475	 iter
369	 5.791339e-04	 476	 iter
370	 5.791339e-04	 477	 iter
371	 5.740678e-04	 479	 iter
372	 5.740678e-04	 481	 iter
373	 5.740678e-04	 482	 iter
374	 5.740678e-04	 483	 iter
375	 5.740678e-04	 484	 iter
376	 5.740678e-04	 485	 iter
377	 5.694589e-04	 487	 iter
378	 5.694589e-04	 488	 iter
379	 5.694589e-04	 489	 iter
380	 5.694589e-04	 490	 iter
381	 5.694589e-04	 491	 iter
382	 5.694589e-04	 492	 iter
383	 5.694589e-04	 493	 iter
384	 5.688086e-04	 495	 iter
385	 5.642049e-04	 497	 iter
386	 5.642049e-04	 498	 iter
387	 5.642049e-04	 499	 iter
388	 5.642049e-04	 500	 iter
389	 5.642049e-04	 502	 iter
390	 5.642049e-04	 503	 iter
391	 5.619392e-04	 505	 iter
392	 5.619392e-04	 506	 iter
393	 5.619392e-04	 507	 iter
394	 5.606476e-04	 509	 iter
395	 5.606476e-04	 510	 iter
396	 5.606476e-04	 512	 iter
397	 5.606476e-04	 513	 iter
398	 5.596891e-04	 515	 iter
399	 5.596891e-04	 516	 iter
400	 5.596891e-04	 517	 iter
401	 5.596891e-04	 518	 iter
402	 5.596891e-04	 519	 iter
403	 5.596891e-04	 520	 iter
404	 5.550840e-04	 522	 iter
405	 5.550840e-04	 523	 iter
406	 5.550840e-04	 524	 iter
407	 5.550840e-04	 526	 iter
408	 5.550840e-04	 527	 iter
409	 5.544982e-04	 529	 iter
410	 5.544982e-04	 530	 iter
411	 5.544982e-04	 531	 iter
412	 5.544982e-04	 532	 iter
413	 5.544982e-04	 534	 iter
414	 5.544982e-04	 536	 iter
415	 5.544982e-04	 537	 iter
416	 5.539994e-04	 539	 iter
417	 5.539994e-04	 540	 iter
418	 5.539994e-04	 541	 iter
419	 5.539994e-04	 542	 iter
420	 5.539994e-04	 543	 iter
421	 5.539994e-04	 545	 iter
422	 5.539994e-04	 547	 iter
423	 5.539994e-04	 548	 iter
424	 5.478371e-04	 550	 iter
425	 5.478371e-04	 551	 iter
426	 5.478371e-04	 552	 iter
427	 5.478371e-04	 553	 iter
428	 5.478371e-04	 554	 iter
429	 5.442648e-04	 556	 iter
430	 5.442648e-04	 558	 iter
431	 5.442648e-04	 559	 iter
432	 5.442648e-04	 560	 iter
433	 5.442648e-04	 561	 iter
434	 5.442648e-04	 562	 iter
435	 5.442648e-04	 563	 iter
436	 5.442648e-04	 564	 iter
437	 5.442648e-04	 565	 iter
438	 5.440495e-04	 567	 iter
439	 5.408008e-04	 569	 iter
440	 5.408008e-04	 570	 iter
441	 5.407052e-04	 572	 iter
442	 5.407052e-04	 573	 iter
443	 5.407052e-04	 574	 iter
444	 5.394985e-04	 576	 iter
445	 5.394985e-04	 577	 iter
446	 5.394985e-04	 578	 iter
447	 5.185464e-04	 580	 iter
448	 5.185464e-04	 581	 iter
449	 5.185464e-04	 582	 iter
450	 5.185464e-04	 583	 iter
451	 5.185464e-04	 584	 iter
452	 5.185464e-04	 585	 iter
453	 5.185464e-04	 586	 iter
454	 5.185464e-04	 587	 iter
455	 5.185464e-04	 588	 iter
456	 5.185464e-04	 590	 iter
457	 5.185464e-04	 591	 iter
458	 5.139654e-04	 593	 iter
459	 5.139654e-04	 594	 iter
460	 5.139654e-04	 595	 iter
461	 5.139654e-04	 596	 iter
462	 5.139654e-04	 597	 iter
463	 5.139654e-04	 598	 iter
464	 5.139654e-04	 599	 iter
465	 5.139654e-04	 600	 iter
466	 5.040870e-04	 602	 iter
467	 5.040870e-04	 603	 iter
468	 5.040870e-04	 604	 iter
469	 5.040870e-04	 605	 iter
470	 5.040870e-04	 606	 iter
471	 5.027700e-04	 608	 iter
472	 4.985580e-04	 610	 iter
473	 4.985580e-04	 611	 iter
474	 4.985580e-04	 612	 iter
475	 4.951646e-04	 614	 iter
476	 4.951646e-04	 615	 iter
477	 4.951646e-04	 616	 iter
478	 4.951646e-04	 617	 iter
479	 4.937698e-04	 619	 iter
480	 4.937698e-04	 620	 iter
481	 4.937698e-04	 621	 iter
482	 4.937698e-04	 622	 iter
483	 4.814909e-04	 624	 iter
484	 4.814909e-04	 626	 iter
485	 4.814909e-04	 627	 iter
486	 4.814909e-04	 628	 iter
487	 4.809890e-04	 630	 iter
488	 4.809890e-04	 631	 iter
489	 4.809890e-04	 632	 iter
490	 4.809890e-04	 633	 iter
491	 4.675629e-04	 635	 iter
492	 4.675629e-04	 636	 iter
493	 4.675629e-04	 637	 iter
494	 4.675629e-04	 638	 iter
495	 4.675629e-04	 639	 iter
496	 4.675629e-04	 640	 iter
497	 4.675629e-04	 641	 iter
498	 4.675629e-04	 642	 iter
499	 4.675629e-04	 643	 iter
500	 4.675629e-04	 644	 iter
501	 4.675629e-04	 645	 iter
502	 4.660415e-04	 647	 iter
503	 4.660415e-04	 648	 iter
504	 4.660415e-04	 649	 iter
505	 4.660415e-04	 650	 iter
506	 4.660415e-04	 652	 iter
507	 4.615517e-04	 654	 iter
508	 4.615517e-04	 655	 iter
509	 4.574156e-04	 657	 iter
510	 4.574156e-04	 659	 iter
511	 4.574156e-04	 661	 iter
512	 4.574156e-04	 662	 iter
513	 4.574156e-04	 663	 iter
514	 4.574156e-04	 664	 iter
515	 4.574156e-04	 665	 iter
516	 4.574156e-04	 666	 iter
517	 4.574156e-04	 667	 iter
518	 4.574156e-04	 668	 iter
519	 4.574156e-04	 669	 iter
520	 4.539988e-04	 671	 iter
521	 4.507805e-04	 673	 iter
522	 4.507805e-04	 674	 iter
523	 4.507805e-04	 675	 iter
524	 4.487966e-04	 677	 iter
525	 4.487966e-04	 678	 iter
526	 4.487966e-04	 679	 iter
527	 4.487966e-04	 680	 iter
528	 4.471554e-04	 682	 iter
529	 4.471554e-04	 683	 iter
530	 4.471554e-04	 684	 iter
531	 4.471554e-04	 686	 iter
532	 4.471554e-04	 688	 iter
533	 4.471554e-04	 690	 iter
534	 4.471554e-04	 691	 iter
535	 4.471554e-04	 692	 iter
536	 4.471554e-04	 694	 iter
537	 4.471554e-04	 695	 iter
538	 4.471554e-04	 696	 iter
539	 4.471554e-04	 697	 iter
540	 4.471554e-04	 699	 iter
541	 4.471554e-04	 701	 iter
542	 4.471554e-04	 703	 iter
543	 4.471554e-04	 705	 iter
544	 4.471554e-04	 706	 iter
545	 4.471111e-04	 708	 iter
546	 4.471111e-04	 709	 iter
547	 4.471111e-04	 711	 iter
548	 4.471111e-04	 712	 iter
549	 4.469131e-04	 714	 iter
550	 4.469131e-04	 715	 iter
551	 4.469131e-04	 716	 iter
552	 4.469131e-04	 717	 iter
553	 4.469131e-04	 718	 iter
554	 4.469131e-04	 719	 iter
555	 4.469131e-04	 720	 iter
556	 4.466599e-04	 722	 iter
557	 4.466599e-04	 723	 iter
558	 4.466599e-04	 725	 iter
559	 4.453915e-04	 727	 iter
560	 4.453915e-04	 728	 iter
561	 4.453915e-04	 729	 iter
562	 4.453915e-04	 730	 iter
563	 4.453915e-04	 732	 iter
564	 4.452639e-04	 734	 iter
565	 4.452639e-04	 735	 iter
566	 4.452639e-04	 736	 iter
567	 4.452639e-04	 737	 iter
568	 4.452639e-04	 739	 iter
569	 4.452639e-04	 741	 iter
570	 4.452639e-04	 743	 iter
571	 4.452639e-04	 744	 iter
572	 4.452639e-04	 745	 iter
573	 4.452639e-04	 746	 iter
574	 4.451269e-04	 748	 iter
575	 4.451269e-04	 750	 iter
576	 4.451269e-04	 752	 iter
577	 4.451269e-04	 754	 iter
578	 4.449263e-04	 756	 iter
579	 4.449263e-04	 757	 iter
580	 4.448858e-04	 759	 iter
581	 4.448858e-04	 760	 iter
582	 4.442725e-04	 762	 iter
583	 4.422588e-04	 764	 iter
584	 4.422588e-04	 765	 iter
585	 4.422588e-04	 767	 iter
586	 4.422588e-04	 768	 iter
587	 4.422588e-04	 769	 iter
588	 4.422588e-04	 770	 iter
589	 4.422588e-04	 771	 iter
590	 4.422588e-04	 772	 iter
591	 4.422588e-04	 774	 iter
592	 4.422588e-04	 775	 iter
593	 4.422588e-04	 776	 iter
594	 4.422588e-04	 777	 iter
595	 4.422588e-04	 779	 iter
596	 4.422588e-04	 781	 iter
597	 4.422588e-04	 783	 iter
598	 4.422588e-04	 784	 iter
599	 4.422588e-04	 785	 iter
600	 4.421784e-04	 787	 iter
601	 4.421784e-04	 788	 iter
602	 4.421784e-04	 790	 iter
603	 4.421784e-04	 791	 iter
604	 4.414432e-04	 793	 iter
605	 4.414432e-04	 794	 iter
606	 4.414432e-04	 795	 iter
607	 4.414432e-04	 796	 iter
608	 4.414432e-04	 797	 iter
609	 4.414432e-04	 798	 iter
610	 4.414432e-04	 799	 iter
611	 4.411209e-04	 801	 iter
612	 4.400051e-04	 803	 iter
613	 4.400051e-04	 804	 iter
614	 4.399148e-04	 806	 iter
615	 4.399148e-04	 807	 iter
616	 4.399148e-04	 808	 iter
617	 4.399148e-04	 809	 iter
618	 4.391316e-04	 811	 iter
619	 4.391316e-04	 812	 iter
620	 4.391316e-04	 813	 iter
621	 4.391316e-04	 815	 iter
622	 4.391316e-04	 816	 iter
623	 4.391316e-04	 817	 iter
624	 4.389084e-04	 819	 iter
625	 4.389084e-04	 820	 iter
626	 4.389084e-04	 821	 iter
627	 4.389084e-04	 823	 iter
628	 4.389084e-04	 824	 iter
629	 4.389084e-04	 825	 iter
630	 4.380517e-04	 827	 iter
631	 4.380517e-04	 828	 iter
632	 4.380517e-04	 829	 iter
633	 4.380517e-04	 830	 iter
634	 4.380517e-04	 831	 iter
635	 4.376791e-04	 833	 iter
636	 4.376791e-04	 835	 iter
637	 4.376791e-04	 836	 iter
638	 4.363722e-04	 838	 iter
639	 4.363722e-04	 839	 iter
640	 4.363722e-04	 840	 iter
641	 4.347451e-04	 842	 iter
642	 4.347451e-04	 843	 iter
643	 4.347451e-04	 844	 iter
644	 4.347451e-04	 845	 iter
645	 4.347451e-04	 846	 iter
646	 4.347451e-04	 847	 iter
647	 4.327051e-04	 849	 iter
648	 4.327051e-04	 850	 iter
649	 4.327051e-04	 851	 iter
650	 4.327051e-04	 852	 iter
651	 4.327051e-04	 853	 iter
652	 4.327051e-04	 854	 iter
653	 4.327051e-04	 855	 iter
654	 4.327051e-04	 856	 iter
655	 4.327051e-04	 857	 iter
656	 4.317396e-04	 859	 iter
657	 4.317396e-04	 860	 iter
658	 4.317396e-04	 861	 iter
659	 4.309318e-04	 863	 iter
660	 4.309318e-04	 864	 iter
661	 4.309318e-04	 865	 iter
662	 4.309318e-04	 866	 iter
663	 4.296124e-04	 868	 iter
664	 4.296124e-04	 869	 iter
665	 4.270259e-04	 871	 iter
666	 4.270259e-04	 872	 iter
667	 4.270259e-04	 873	 iter
668	 4.270259e-04	 874	 iter
669	 4.270259e-04	 875	 iter
670	 4.249893e-04	 877	 iter
671	 4.249893e-04	 878	 iter
672	 4.249893e-04	 879	 iter
673	 4.249893e-04	 880	 iter
674	 4.184712e-04	 882	 iter
675	 4.184712e-04	 883	 iter
676	 4.184712e-04	 884	 iter
677	 4.184712e-04	 885	 iter
678	 4.184712e-04	 886	 iter
679	 4.184712e-04	 887	 iter
680	 4.184712e-04	 889	 iter
681	 4.184712e-04	 890	 iter
682	 4.184712e-04	 892	 iter
683	 4.184712e-04	 893	 iter
684	 4.140168e-04	 895	 iter
685	 4.140168e-04	 896	 iter
686	 4.140168e-04	 897	 iter
687	 4.140168e-04	 898	 iter
688	 4.140168e-04	 899	 iter
689	 4.140168e-04	 900	 iter
690	 4.140168e-04	 901	 iter
691	 4.140168e-04	 902	 iter
692	 4.140168e-04	 903	 iter
693	 4.082020e-04	 905	 iter
694	 4.082020e-04	 906	 iter
695	 4.082020e-04	 907	 iter
696	 4.082020e-04	 908	 iter
697	 4.082020e-04	 909	 iter
698	 4.082020e-04	 910	 iter
699	 4.082020e-04	 911	 iter
700	 3.989029e-04	 913	 iter
701	 3.989029e-04	 915	 iter
702	 3.989029e-04	 916	 iter
703	 3.989029e-04	 917	 iter
704	 3.989029e-04	 918	 iter
705	 3.989029e-04	 919	 iter
706	 3.989029e-04	 920	 iter
707	 3.989029e-04	 921	 iter
708	 3.989029e-04	 922	 iter
709	 3.989029e-04	 923	 iter
710	 3.989029e-04	 924	 iter
711	 3.989029e-04	 925	 iter
712	 3.956134e-04	 927	 iter
713	 3.939579e-04	 929	 iter
714	 3.939579e-04	 930	 iter
715	 3.939579e-04	 931	 iter
716	 3.939579e-04	 932	 iter
717	 3.916922e-04	 934	 iter
718	 3.916922e-04	 935	 iter
719	 3.879654e-04	 937	 iter
720	 3.726834e-04	 939	 iter
721	 3.726834e-04	 940	 iter
722	 3.726834e-04	 941	 iter
723	 3.726834e-04	 942	 iter
724	 3.726834e-04	 943	 iter
725	 3.726834e-04	 944	 iter
726	 3.726834e-04	 945	 iter
727	 3.726834e-04	 946	 iter
728	 3.726834e-04	 947	 iter
729	 3.726834e-04	 948	 iter
730	 3.726834e-04	 949	 iter
731	 3.687744e-04	 951	 iter
732	 3.508841e-04	 953	 iter
733	 3.508841e-04	 954	 iter
734	 3.508841e-04	 955	 iter
735	 3.508841e-04	 956	 iter
736	 3.508841e-04	 957	 iter
737	 3.508841e-04	 958	 iter
738	 3.508841e-04	 959	 iter
739	 3.508841e-04	 960	 iter
740	 3.508841e-04	 961	 iter
741	 3.508841e-04	 962	 iter
742	 3.508841e-04	 964	 iter
743	 3.445550e-04	 966	 iter
744	 3.445550e-04	 967	 iter
745	 3.445550e-04	 968	 iter
746	 3.445550e-04	 970	 iter
747	 3.445550e-04	 971	 iter
748	 3.445550e-04	 972	 iter
749	 3.445550e-04	 973	 iter
750	 3.445550e-04	 974	 iter
751	 3.355463e-04	 976	 iter
752	 3.355463e-04	 977	 iter
753	 3.355463e-04	 978	 iter
754	 3.355463e-04	 979	 iter
755	 3.355463e-04	 981	 iter
756	 3.355463e-04	 982	 iter
757	 3.355463e-04	 983	 iter
758	 3.355463e-04	 984	 iter
759	 3.355463e-04	 985	 iter
760	 3.078475e-04	 987	 iter
761	 3.078475e-04	 988	 iter
762	 3.078475e-04	 989	 iter
763	 3.078475e-04	 990	 iter
764	 3.078475e-04	 991	 iter
765	 3.078475e-04	 993	 iter
766	 3.078475e-04	 994	 iter
767	 3.078475e-04	 996	 iter
768	 3.078475e-04	 997	 iter
769	 3.078475e-04	 999	 iter
770	 3.078475e-04	 1000	 iter
771	 3.078475e-04	 1001	 iter
772	 3.078475e-04	 1002	 iter
773	 3.078475e-04	 1003	 iter
774	 3.078475e-04	 1004	 iter
775	 3.078475e-04	 1005	 iter
776	 3.078475e-04	 1006	 iter
777	 2.925817e-04	 1008	 iter
778	 2.925817e-04	 1009	 iter
779	 2.925817e-04	 1011	 iter
780	 2.925817e-04	 1012	 iter
781	 2.925817e-04	 1013	 iter
782	 2.925817e-04	 1014	 iter
783	 2.925817e-04	 1015	 iter
784	 2.925817e-04	 1017	 iter
785	 2.925817e-04	 1018	 iter
786	 2.925817e-04	 1019	 iter
787	 2.925817e-04	 1020	 iter
788	 2.925817e-04	 1021	 iter
789	 2.925817e-04	 1022	 iter
790	 2.925817e-04	 1023	 iter
791	 2.925817e-04	 1024	 iter
792	 2.925817e-04	 1025	 iter
793	 2.905532e-04	 1027	 iter
794	 2.693085e-04	 1029	 iter
795	 2.693085e-04	 1030	 iter
796	 2.693085e-04	 1031	 iter
797	 2.693085e-04	 1032	 iter
798	 2.693085e-04	 1033	 iter
799	 2.693085e-04	 1034	 iter
800	 2.693085e-04	 1035	 iter
801	 2.693085e-04	 1036	 iter
802	 2.693085e-04	 1038	 iter
803	 2.552130e-04	 1040	 iter
804	 2.552130e-04	 1041	 iter
805	 2.552130e-04	 1042	 iter
806	 2.552130e-04	 1043	 iter
807	 2.552130e-04	 1044	 iter
808	 2.552130e-04	 1045	 iter
809	 2.552130e-04	 1046	 iter
810	 2.552130e-04	 1047	 iter
811	 2.552130e-04	 1048	 iter
812	 2.552130e-04	 1049	 iter
813	 2.552130e-04	 1050	 iter
814	 2.552130e-04	 1051	 iter
815	 2.481219e-04	 1053	 iter
816	 2.481219e-04	 1054	 iter
817	 2.481219e-04	 1056	 iter
818	 2.457715e-04	 1058	 iter
819	 2.457715e-04	 1059	 iter
820	 2.457715e-04	 1060	 iter
821	 2.372799e-04	 1062	 iter
822	 2.372799e-04	 1063	 iter
823	 2.372799e-04	 1064	 iter
824	 2.372799e-04	 1066	 iter
825	 2.372799e-04	 1067	 iter
826	 2.372799e-04	 1068	 iter
827	 2.314490e-04	 1070	 iter
828	 2.314490e-04	 1071	 iter
829	 2.314490e-04	 1072	 iter
830	 2.314490e-04	 1073	 iter
831	 2.314490e-04	 1075	 iter
832	 2.314490e-04	 1077	 iter
833	 2.314490e-04	 1078	 iter
834	 2.310410e-04	 1080	 iter
835	 2.310410e-04	 1081	 iter
836	 2.310410e-04	 1082	 iter
837	 2.310410e-04	 1083	 iter
838	 2.310410e-04	 1084	 iter
839	 2.310410e-04	 1085	 iter
840	 2.217708e-04	 1087	 iter
841	 2.217708e-04	 1089	 iter
842	 2.217708e-04	 1090	 iter
843	 2.217708e-04	 1091	 iter
844	 2.217708e-04	 1092	 iter
845	 2.217708e-04	 1093	 iter
846	 2.217708e-04	 1095	 iter
847	 2.217708e-04	 1096	 iter
848	 2.217708e-04	 1097	 iter
849	 2.217708e-04	 1098	 iter
850	 2.217708e-04	 1099	 iter
851	 2.217708e-04	 1101	 iter
852	 2.217708e-04	 1102	 iter
853	 2.217708e-04	 1103	 iter
854	 2.217708e-04	 1104	 iter
855	 2.217708e-04	 1106	 iter
856	 2.217708e-04	 1107	 iter
857	 2.217708e-04	 1108	 iter
858	 2.217708e-04	 1110	 iter
859	 2.217708e-04	 1111	 iter
860	 2.217708e-04	 1112	 iter
861	 2.217708e-04	 1113	 iter
862	 2.217708e-04	 1115	 iter
863	 2.213946e-04	 1117	 iter
864	 2.213946e-04	 1118	 iter
865	 2.213946e-04	 1119	 iter
866	 2.213946e-04	 1120	 iter
867	 2.213946e-04	 1121	 iter
868	 2.213946e-04	 1123	 iter
869	 2.213946e-04	 1125	 iter
870	 2.213946e-04	 1127	 iter
871	 2.213946e-04	 1128	 iter
872	 2.213946e-04	 1129	 iter
873	 2.211784e-04	 1131	 iter
874	 2.211784e-04	 1132	 iter
875	 2.211784e-04	 1133	 iter
876	 2.211784e-04	 1134	 iter
877	 2.211784e-04	 1135	 iter
878	 2.205968e-04	 1137	 iter
879	 2.180998e-04	 1139	 iter
880	 2.180998e-04	 1141	 iter
881	 2.180998e-04	 1143	 iter
882	 2.180998e-04	 1145	 iter
883	 2.180998e-04	 1146	 iter
884	 2.180998e-04	 1148	 iter
885	 2.180998e-04	 1149	 iter
886	 2.175269e-04	 1151	 iter
887	 2.175269e-04	 1152	 iter
888	 2.175269e-04	 1153	 iter
889	 2.175269e-04	 1154	 iter
890	 2.175269e-04	 1155	 iter
891	 2.175269e-04	 1157	 iter
892	 2.175269e-04	 1158	 iter
893	 2.175269e-04	 1160	 iter
894	 2.175269e-04	 1161	 iter
895	 2.175269e-04	 1163	 iter
896	 2.175269e-04	 1164	 iter
897	 2.175269e-04	 1166	 iter
898	 2.175269e-04	 1167	 iter
899	 2.175269e-04	 1168	 iter
900	 2.175269e-04	 1169	 iter
901	 2.175269e-04	 1170	 iter
902	 2.161876e-04	 1172	 iter
903	 2.161876e-04	 1173	 iter
904	 2.161876e-04	 1174	 iter
905	 2.161876e-04	 1176	 iter
906	 2.161876e-04	 1177	 iter
907	 2.161876e-04	 1179	 iter
908	 2.161876e-04	 1181	 iter
909	 2.161876e-04	 1183	 iter
910	 2.161876e-04	 1185	 iter
911	 2.161876e-04	 1187	 iter
912	 2.161876e-04	 1188	 iter
913	 2.161876e-04	 1189	 iter
914	 2.161876e-04	 1191	 iter
915	 2.161876e-04	 1192	 iter
916	 2.161876e-04	 1193	 iter
917	 2.161876e-04	 1194	 iter
918	 2.161876e-04	 1196	 iter
919	 2.161876e-04	 1197	 iter
920	 2.161876e-04	 1198	 iter
921	 2.161876e-04	 1200	 iter
922	 2.161876e-04	 1201	 iter
923	 2.158458e-04	 1203	 iter
924	 2.158458e-04	 1204	 iter
925	 2.158458e-04	 1205	 iter
926	 2.158458e-04	 1207	 iter
927	 2.158458e-04	 1209	 iter
928	 2.158458e-04	 1210	 iter
929	 2.158458e-04	 1212	 iter
930	 2.158458e-04	 1213	 iter
931	 2.158458e-04	 1214	 iter
932	 2.158458e-04	 1215	 iter
933	 2.158458e-04	 1216	 iter
934	 2.158458e-04	 1217	 iter
935	 2.158402e-04	 1219	 iter
936	 2.158402e-04	 1220	 iter
937	 2.158402e-04	 1222	 iter
938	 2.158402e-04	 1223	 iter
939	 2.158402e-04	 1224	 iter
940	 2.153712e-04	 1226	 iter
941	 2.153712e-04	 1227	 iter
942	 2.153712e-04	 1228	 iter
943	 2.153712e-04	 1229	 iter
944	 2.153712e-04	 1231	 iter
945	 2.153712e-04	 1233	 iter
946	 2.153712e-04	 1235	 iter
947	 2.146242e-04	 1237	 iter
948	 2.146242e-04	 1238	 iter
949	 2.146242e-04	 1239	 iter
950	 2.146242e-04	 1240	 iter
951	 2.146242e-04	 1242	 iter
952	 2.146242e-04	 1243	 iter
953	 2.146242e-04	 1244	 iter
954	 2.146242e-04	 1245	 iter
955	 2.146242e-04	 1246	 iter
956	 2.146242e-04	 1247	 iter
957	 2.146242e-04	 1248	 iter
958	 2.146242e-04	 1250	 iter
959	 2.146242e-04	 1251	 iter
960	 2.146242e-04	 1252	 iter
961	 2.146242e-04	 1253	 iter
962	 2.146242e-04	 1254	 iter
963	 2.146242e-04	 1255	 iter
964	 2.138142e-04	 1257	 iter
965	 2.138142e-04	 1258	 iter
966	 2.138142e-04	 1259	 iter
967	 2.138142e-04	 1260	 iter
968	 2.138142e-04	 1261	 iter
969	 2.138142e-04	 1262	 iter
970	 2.138142e-04	 1263	 iter
971	 2.138142e-04	 1264	 iter
972	 2.138142e-04	 1265	 iter
973	 2.138142e-04	 1266	 iter
974	 2.138142e-04	 1267	 iter
975	 2.136603e-04	 1269	 iter
976	 2.136603e-04	 1271	 iter
977	 2.136603e-04	 1272	 iter
978	 2.133839e-04	 1274	 iter
979	 2.133839e-04	 1275	 iter
980	 2.133839e-04	 1276	 iter
981	 2.133839e-04	 1277	 iter
982	 2.133839e-04	 1278	 iter
983	 2.133839e-04	 1279	 iter
984	 2.126426e-04	 1281	 iter
985	 2.126426e-04	 1282	 iter
986	 2.126426e-04	 1283	 iter
987	 2.126426e-04	 1284	 iter
988	 2.126426e-04	 1285	 iter
989	 2.126426e-04	 1286	 iter
990	 2.126426e-04	 1287	 iter
991	 2.126426e-04	 1288	 iter
992	 2.126426e-04	 1289	 iter
993	 2.124182e-04	 1291	 iter
994	 2.124182e-04	 1292	 iter
995	 2.124182e-04	 1294	 iter
996	 2.124182e-04	 1295	 iter
997	 2.124182e-04	 1296	 iter
998	 2.124182e-04	 1297	 iter
999	 2.124182e-04	 1298	 iter
1000	 2.124182e-04	 1299	 iter
1001	 2.124182e-04	 1300	 iter
1002	 2.124182e-04	 1301	 iter
1003	 2.124182e-04	 1303	 iter
1004	 2.124182e-04	 1304	 iter
1005	 2.123696e-04	 1306	 iter
1006	 2.121585e-04	 1308	 iter
1007	 2.121585e-04	 1310	 iter
1008	 2.121585e-04	 1311	 iter
1009	 2.121585e-04	 1312	 iter
1010	 2.121585e-04	 1313	 iter
1011	 2.121585e-04	 1314	 iter
1012	 2.120841e-04	 1316	 iter
1013	 2.120841e-04	 1317	 iter
1014	 2.120841e-04	 1318	 iter
1015	 2.120841e-04	 1320	 iter
1016	 2.120841e-04	 1322	 iter
1017	 2.120841e-04	 1323	 iter
1018	 2.120841e-04	 1324	 iter
1019	 2.120841e-04	 1325	 iter
1020	 2.120841e-04	 1326	 iter
1021	 2.120841e-04	 1327	 iter
1022	 2.115965e-04	 1329	 iter
1023	 2.115965e-04	 1330	 iter
1024	 2.115965e-04	 1331	 iter
1025	 2.115965e-04	 1332	 iter
1026	 2.115965e-04	 1333	 iter
1027	 2.115965e-04	 1334	 iter
1028	 2.115965e-04	 1335	 iter
1029	 2.115965e-04	 1337	 iter
1030	 2.115965e-04	 1338	 iter
1031	 2.115965e-04	 1339	 iter
1032	 2.115965e-04	 1340	 iter
1033	 2.115628e-04	 1342	 iter
1034	 2.115628e-04	 1343	 iter
1035	 2.115628e-04	 1344	 iter
1036	 2.115628e-04	 1345	 iter
1037	 2.115628e-04	 1346	 iter
1038	 2.115628e-04	 1348	 iter
1039	 2.115628e-04	 1349	 iter
1040	 2.112841e-04	 1351	 iter
1041	 2.112841e-04	 1352	 iter
1042	 2.112841e-04	 1353	 iter
1043	 2.112841e-04	 1354	 iter
1044	 2.112841e-04	 1356	 iter
1045	 2.108649e-04	 1358	 iter
1046	 2.108649e-04	 1359	 iter
1047	 2.108649e-04	 1360	 iter
1048	 2.108649e-04	 1361	 iter
1049	 2.108649e-04	 1362	 iter
1050	 2.108649e-04	 1363	 iter
1051	 2.108649e-04	 1365	 iter
1052	 2.108649e-04	 1366	 iter
1053	 2.108649e-04	 1367	 iter
1054	 2.106123e-04	 1369	 iter
1055	 2.106123e-04	 1370	 iter
1056	 2.106123e-04	 1371	 iter
1057	 2.104985e-04	 1373	 iter
1058	 2.104985e-04	 1374	 iter
1059	 2.104985e-04	 1375	 iter
1060	 2.104985e-04	 1376	 iter
1061	 2.099480e-04	 1378	 iter
1062	 2.099480e-04	 1379	 iter
1063	 2.099480e-04	 1380	 iter
1064	 2.099480e-04	 1381	 iter
1065	 2.099480e-04	 1382	 iter
1066	 2.097898e-04	 1384	 iter
1067	 2.097898e-04	 1385	 iter
1068	 2.097898e-04	 1386	 iter
1069	 2.097898e-04	 1387	 iter
1070	 2.091180e-04	 1389	 iter
1071	 2.091180e-04	 1390	 iter
1072	 2.091180e-04	 1391	 iter
1073	 2.091180e-04	 1392	 iter
1074	 2.089270e-04	 1394	 iter
1075	 2.089270e-04	 1395	 iter
1076	 2.089229e-04	 1397	 iter
1077	 2.089229e-04	 1398	 iter
1078	 2.089229e-04	 1399	 iter
1079	 2.089229e-04	 1400	 iter
1080	 2.081250e-04	 1402	 iter
1081	 2.081250e-04	 1403	 iter
1082	 2.081250e-04	 1404	 iter
1083	 2.081250e-04	 1406	 iter
1084	 2.081250e-04	 1407	 iter
1085	 2.081250e-04	 1408	 iter
1086	 2.078937e-04	 1410	 iter
1087	 2.078937e-04	 1411	 iter
1088	 2.078937e-04	 1412	 iter
1089	 2.071987e-04	 1414	 iter
1090	 2.071987e-04	 1415	 iter
1091	 2.071987e-04	 1416	 iter
1092	 2.071987e-04	 1417	 iter
1093	 2.062009e-04	 1419	 iter
1094	 2.062009e-04	 1420	 iter
1095	 2.062009e-04	 1421	 iter
1096	 2.062009e-04	 1422	 iter
1097	 2.062009e-04	 1423	 iter
1098	 2.062009e-04	 1424	 iter
1099	 2.062009e-04	 1425	 iter
1100	 2.062009e-04	 1426	 iter
1101	 2.062009e-04	 1427	 iter
1102	 2.062009e-04	 1428	 iter
1103	 2.059775e-04	 1430	 iter
1104	 2.058262e-04	 1432	 iter
1105	 2.047889e-04	 1434	 iter
1106	 2.047889e-04	 1435	 iter
1107	 2.041134e-04	 1437	 iter
1108	 2.041134e-04	 1438	 iter
1109	 2.041134e-04	 1439	 iter
1110	 2.033760e-04	 1441	 iter
1111	 2.033760e-04	 1442	 iter
1112	 2.033760e-04	 1443	 iter
1113	 2.033760e-04	 1444	 iter
1114	 2.033760e-04	 1445	 iter
1115	 2.027486e-04	 1447	 iter
1116	 2.027486e-04	 1448	 iter
1117	 2.027486e-04	 1449	 iter
1118	 2.023649e-04	 1451	 iter
1119	 2.023649e-04	 1452	 iter
1120	 2.007385e-04	 1454	 iter
1121	 2.007385e-04	 1455	 iter
1122	 2.007385e-04	 1456	 iter
1123	 2.007385e-04	 1457	 iter
1124	 2.007385e-04	 1458	 iter
1125	 2.007385e-04	 1459	 iter
1126	 2.007385e-04	 1460	 iter
1127	 1.986995e-04	 1462	 iter
1128	 1.986995e-04	 1463	 iter
1129	 1.986995e-04	 1464	 iter
1130	 1.986995e-04	 1465	 iter
1131	 1.986995e-04	 1466	 iter
1132	 1.986995e-04	 1467	 iter
1133	 1.986995e-04	 1468	 iter
1134	 1.986995e-04	 1469	 iter
1135	 1.981938e-04	 1471	 iter
1136	 1.965740e-04	 1473	 iter
1137	 1.965740e-04	 1474	 iter
1138	 1.965740e-04	 1475	 iter
1139	 1.965740e-04	 1476	 iter
1140	 1.955256e-04	 1478	 iter
1141	 1.955256e-04	 1479	 iter
1142	 1.955256e-04	 1480	 iter
1143	 1.955256e-04	 1481	 iter
1144	 1.955256e-04	 1482	 iter
1145	 1.955256e-04	 1483	 iter
1146	 1.955256e-04	 1484	 iter
1147	 1.955256e-04	 1485	 iter
1148	 1.955256e-04	 1486	 iter
1149	 1.955256e-04	 1487	 iter
1150	 1.945288e-04	 1489	 iter
1151	 1.945288e-04	 1490	 iter
1152	 1.933566e-04	 1492	 iter
1153	 1.933566e-04	 1493	 iter
1154	 1.933566e-04	 1494	 iter
1155	 1.929428e-04	 1496	 iter
1156	 1.929428e-04	 1497	 iter
1157	 1.927433e-04	 1499	 iter
1158	 1.927433e-04	 1500	 iter
1159	 1.927433e-04	 1501	 iter
1160	 1.927433e-04	 1502	 iter
1161	 1.927433e-04	 1503	 iter
1162	 1.927433e-04	 1504	 iter
1163	 1.927433e-04	 1505	 iter
1164	 1.927433e-04	 1506	 iter
1165	 1.927433e-04	 1508	 iter
1166	 1.927433e-04	 1509	 iter
1167	 1.927433e-04	 1511	 iter
1168	 1.927433e-04	 1512	 iter
1169	 1.927433e-04	 1513	 iter
1170	 1.927433e-04	 1514	 iter
1171	 1.927433e-04	 1515	 iter
1172	 1.927433e-04	 1516	 iter
1173	 1.927084e-04	 1518	 iter
1174	 1.927084e-04	 1519	 iter
1175	 1.927084e-04	 1520	 iter
1176	 1.924776e-04	 1522	 iter
1177	 1.923409e-04	 1524	 iter
1178	 1.923409e-04	 1525	 iter
1179	 1.921955e-04	 1527	 iter
1180	 1.914889e-04	 1529	 iter
1181	 1.914889e-04	 1530	 iter
1182	 1.914889e-04	 1531	 iter
1183	 1.914889e-04	 1532	 iter
1184	 1.914889e-04	 1533	 iter
1185	 1.914889e-04	 1534	 iter
1186	 1.914889e-04	 1535	 iter
1187	 1.914889e-04	 1537	 iter
1188	 1.914889e-04	 1539	 iter
1189	 1.914889e-04	 1540	 iter
1190	 1.914889e-04	 1542	 iter
1191	 1.914889e-04	 1544	 iter
1192	 1.914889e-04	 1546	 iter
1193	 1.914889e-04	 1548	 iter
1194	 1.914889e-04	 1549	 iter
1195	 1.914889e-04	 1551	 iter
1196	 1.914889e-04	 1552	 iter
1197	 1.914889e-04	 1554	 iter
1198	 1.914889e-04	 1556	 iter
1199	 1.914889e-04	 1558	 iter
1200	 1.914889e-04	 1560	 iter
1201	 1.912343e-04	 1562	 iter
1202	 1.912343e-04	 1563	 iter
1203	 1.912343e-04	 1565	 iter
1204	 1.912343e-04	 1566	 iter
1205	 1.912343e-04	 1568	 iter
1206	 1.912055e-04	 1570	 iter
1207	 1.912055e-04	 1571	 iter
1208	 1.912055e-04	 1572	 iter
1209	 1.912055e-04	 1573	 iter
1210	 1.911027e-04	 1575	 iter
1211	 1.911027e-04	 1576	 iter
1212	 1.911027e-04	 1577	 iter
1213	 1.909690e-04	 1579	 iter
1214	 1.909690e-04	 1580	 iter
1215	 1.909690e-04	 1581	 iter
1216	 1.909690e-04	 1582	 iter
1217	 1.909690e-04	 1583	 iter
1218	 1.906588e-04	 1585	 iter
1219	 1.906588e-04	 1586	 iter
1220	 1.906588e-04	 1587	 iter
1221	 1.906588e-04	 1588	 iter
1222	 1.906588e-04	 1589	 iter
1223	 1.906588e-04	 1591	 iter
1224	 1.905353e-04	 1593	 iter
1225	 1.905353e-04	 1594	 iter
1226	 1.905353e-04	 1596	 iter
1227	 1.905353e-04	 1598	 iter
1228	 1.905353e-04	 1599	 iter
1229	 1.905353e-04	 1600	 iter
1230	 1.905353e-04	 1601	 iter
1231	 1.905353e-04	 1602	 iter
1232	 1.905353e-04	 1603	 iter
1233	 1.903994e-04	 1605	 iter
1234	 1.903994e-04	 1606	 iter
1235	 1.903994e-04	 1607	 iter
1236	 1.903994e-04	 1608	 iter
1237	 1.901600e-04	 1610	 iter
1238	 1.900860e-04	 1612	 iter
1239	 1.900860e-04	 1613	 iter
1240	 1.900860e-04	 1615	 iter
1241	 1.899992e-04	 1617	 iter
1242	 1.894649e-04	 1619	 iter
1243	 1.894649e-04	 1620	 iter
1244	 1.894649e-04	 1621	 iter
1245	 1.894649e-04	 1622	 iter
1246	 1.894649e-04	 1623	 iter
1247	 1.894649e-04	 1624	 iter
1248	 1.894649e-04	 1625	 iter
1249	 1.894649e-04	 1626	 iter
1250	 1.894649e-04	 1627	 iter
1251	 1.894649e-04	 1628	 iter
1252	 1.893694e-04	 1630	 iter
1253	 1.893694e-04	 1631	 iter
1254	 1.883542e-04	 1633	 iter
1255	 1.883542e-04	 1634	 iter
1256	 1.883542e-04	 1635	 iter
1257	 1.883542e-04	 1636	 iter
1258	 1.883542e-04	 1637	 iter
1259	 1.883542e-04	 1638	 iter
1260	 1.878040e-04	 1640	 iter
1261	 1.878040e-04	 1641	 iter
1262	 1.878040e-04	 1642	 iter
1263	 1.878040e-04	 1643	 iter
1264	 1.878040e-04	 1644	 iter
1265	 1.878040e-04	 1645	 iter
1266	 1.878040e-04	 1646	 iter
1267	 1.872610e-04	 1648	 iter
1268	 1.872610e-04	 1649	 iter
1269	 1.872610e-04	 1650	 iter
1270	 1.872610e-04	 1651	 iter
1271	 1.871122e-04	 1653	 iter
1272	 1.871122e-04	 1654	 iter
1273	 1.868376e-04	 1656	 iter
1274	 1.868376e-04	 1657	 iter
1275	 1.864186e-04	 1659	 iter
1276	 1.860053e-04	 1661	 iter
1277	 1.860053e-04	 1662	 iter
1278	 1.858121e-04	 1664	 iter
1279	 1.836324e-04	 1666	 iter
1280	 1.836324e-04	 1667	 iter
1281	 1.836324e-04	 1668	 iter
1282	 1.836324e-04	 1669	 iter
1283	 1.836324e-04	 1670	 iter
1284	 1.836324e-04	 1671	 iter
1285	 1.836324e-04	 1672	 iter
1286	 1.836324e-04	 1673	 iter
1287	 1.814797e-04	 1675	 iter
1288	 1.814797e-04	 1676	 iter
1289	 1.814797e-04	 1677	 iter
1290	 1.814797e-04	 1678	 iter
1291	 1.814797e-04	 1679	 iter
1292	 1.814797e-04	 1680	 iter
1293	 1.814797e-04	 1681	 iter
1294	 1.814797e-04	 1682	 iter
1295	 1.814797e-04	 1683	 iter
1296	 1.814797e-04	 1684	 iter
1297	 1.793476e-04	 1686	 iter
1298	 1.793476e-04	 1687	 iter
1299	 1.793476e-04	 1688	 iter
1300	 1.793476e-04	 1689	 iter
1301	 1.778666e-04	 1691	 iter
1302	 1.778666e-04	 1692	 iter
1303	 1.778666e-04	 1693	 iter
1304	 1.778666e-04	 1694	 iter
1305	 1.770227e-04	 1696	 iter
1306	 1.770227e-04	 1697	 iter
1307	 1.755244e-04	 1699	 iter
1308	 1.755244e-04	 1700	 iter
1309	 1.755244e-04	 1701	 iter
1310	 1.755244e-04	 1702	 iter
1311	 1.755244e-04	 1703	 iter
1312	 1.723739e-04	 1705	 iter
1313	 1.723739e-04	 1706	 iter
1314	 1.723739e-04	 1707	 iter
1315	 1.723739e-04	 1708	 iter
1316	 1.723739e-04	 1709	 iter
1317	 1.723739e-04	 1710	 iter
1318	 1.723739e-04	 1711	 iter
1319	 1.722039e-04	 1713	 iter
1320	 1.722039e-04	 1714	 iter
1321	 1.686514e-04	 1716	 iter
1322	 1.686514e-04	 1717	 iter
1323	 1.686514e-04	 1718	 iter
1324	 1.686514e-04	 1719	 iter
1325	 1.686514e-04	 1720	 iter
1326	 1.685194e-04	 1722	 iter
1327	 1.685194e-04	 1723	 iter
1328	 1.679606e-04	 1725	 iter
1329	 1.642468e-04	 1727	 iter
1330	 1.642468e-04	 1728	 iter
1331	 1.642468e-04	 1729	 iter
1332	 1.642468e-04	 1730	 iter
1333	 1.642468e-04	 1731	 iter
1334	 1.642468e-04	 1732	 iter
1335	 1.642468e-04	 1733	 iter
1336	 1.642468e-04	 1734	 iter
1337	 1.642468e-04	 1735	 iter
1338	 1.632301e-04	 1737	 iter
1339	 1.632301e-04	 1738	 iter
1340	 1.632301e-04	 1739	 iter
1341	 1.632301e-04	 1740	 iter
1342	 1.568831e-04	 1742	 iter
1343	 1.568831e-04	 1743	 iter
1344	 1.568831e-04	 1744	 iter
1345	 1.568831e-04	 1745	 iter
1346	 1.568831e-04	 1746	 iter
1347	 1.568831e-04	 1748	 iter
1348	 1.568831e-04	 1749	 iter
1349	 1.568831e-04	 1750	 iter
1350	 1.568831e-04	 1751	 iter
1351	 1.568831e-04	 1752	 iter
1352	 1.568831e-04	 1753	 iter
1353	 1.568831e-04	 1754	 iter
1354	 1.568831e-04	 1755	 iter
1355	 1.568831e-04	 1756	 iter
1356	 1.568831e-04	 1757	 iter
1357	 1.568831e-04	 1759	 iter
1358	 1.568831e-04	 1760	 iter
1359	 1.568831e-04	 1761	 iter
1360	 1.568831e-04	 1762	 iter
1361	 1.568831e-04	 1763	 iter
1362	 1.568831e-04	 1764	 iter
1363	 1.567223e-04	 1766	 iter
1364	 1.567223e-04	 1767	 iter
1365	 1.567223e-04	 1768	 iter
1366	 1.567223e-04	 1769	 iter
1367	 1.551408e-04	 1771	 iter
1368	 1.551408e-04	 1772	 iter
1369	 1.519181e-04	 1774	 iter
1370	 1.519181e-04	 1776	 iter
1371	 1.519181e-04	 1777	 iter
1372	 1.519181e-04	 1778	 iter
1373	 1.519181e-04	 1779	 iter
1374	 1.519181e-04	 1780	 iter
1375	 1.519181e-04	 1781	 iter
1376	 1.519181e-04	 1782	 iter
1377	 1.519181e-04	 1783	 iter
1378	 1.519181e-04	 1784	 iter
1379	 1.519181e-04	 1785	 iter
1380	 1.519181e-04	 1786	 iter
1381	 1.519181e-04	 1787	 iter
1382	 1.519181e-04	 1788	 iter
1383	 1.519181e-04	 1789	 iter
1384	 1.519181e-04	 1791	 iter
1385	 1.519181e-04	 1792	 iter
1386	 1.519181e-04	 1793	 iter
1387	 1.511780e-04	 1795	 iter
1388	 1.490507e-04	 1797	 iter
1389	 1.490507e-04	 1798	 iter
1390	 1.490507e-04	 1799	 iter
1391	 1.490507e-04	 1800	 iter
1392	 1.490507e-04	 1801	 iter
1393	 1.490507e-04	 1802	 iter
1394	 1.490507e-04	 1804	 iter
1395	 1.490507e-04	 1805	 iter
1396	 1.490507e-04	 1806	 iter
1397	 1.490507e-04	 1807	 iter
1398	 1.487537e-04	 1809	 iter
1399	 1.487537e-04	 1810	 iter
1400	 1.487537e-04	 1811	 iter
1401	 1.487537e-04	 1812	 iter
1402	 1.487537e-04	 1813	 iter
1403	 1.487537e-04	 1814	 iter
1404	 1.487537e-04	 1815	 iter
1405	 1.487537e-04	 1816	 iter
1406	 1.487537e-04	 1817	 iter
1407	 1.487537e-04	 1819	 iter
1408	 1.487537e-04	 1820	 iter
1409	 1.487537e-04	 1821	 iter
1410	 1.469403e-04	 1823	 iter
1411	 1.469403e-04	 1824	 iter
1412	 1.469403e-04	 1825	 iter
1413	 1.469403e-04	 1826	 iter
1414	 1.469403e-04	 1827	 iter
1415	 1.469403e-04	 1829	 iter
1416	 1.469403e-04	 1831	 iter
1417	 1.469403e-04	 1832	 iter
1418	 1.469403e-04	 1834	 iter
1419	 1.469403e-04	 1836	 iter
1420	 1.469403e-04	 1838	 iter
1421	 1.469403e-04	 1839	 iter
1422	 1.469403e-04	 1841	 iter
1423	 1.469403e-04	 1843	 iter
1424	 1.469403e-04	 1845	 iter
1425	 1.469403e-04	 1846	 iter
1426	 1.469403e-04	 1847	 iter
1427	 1.468629e-04	 1849	 iter
1428	 1.468629e-04	 1850	 iter
1429	 1.468629e-04	 1851	 iter
1430	 1.468629e-04	 1852	 iter
1431	 1.468629e-04	 1854	 iter
1432	 1.468212e-04	 1856	 iter
1433	 1.468212e-04	 1858	 iter
1434	 1.468212e-04	 1859	 iter
1435	 1.468212e-04	 1860	 iter
1436	 1.466143e-04	 1862	 iter
1437	 1.466143e-04	 1863	 iter
1438	 1.466143e-04	 1865	 iter
1439	 1.465490e-04	 1867	 iter
1440	 1.464937e-04	 1869	 iter
1441	 1.464937e-04	 1870	 iter
1442	 1.464937e-04	 1872	 iter
1443	 1.464937e-04	 1873	 iter
1444	 1.464937e-04	 1874	 iter
1445	 1.464937e-04	 1875	 iter
1446	 1.464937e-04	 1877	 iter
1447	 1.461560e-04	 1879	 iter
1448	 1.461560e-04	 1880	 iter
1449	 1.461560e-04	 1881	 iter
1450	 1.461560e-04	 1883	 iter
1451	 1.461560e-04	 1884	 iter
1452	 1.461560e-04	 1885	 iter
1453	 1.461560e-04	 1887	 iter
1454	 1.461560e-04	 1888	 iter
1455	 1.461560e-04	 1890	 iter
1456	 1.461560e-04	 1891	 iter
1457	 1.461560e-04	 1892	 iter
1458	 1.461458e-04	 1894	 iter
1459	 1.461321e-04	 1896	 iter
1460	 1.461321e-04	 1898	 iter
1461	 1.461321e-04	 1899	 iter
1462	 1.461244e-04	 1901	 iter
1463	 1.461244e-04	 1902	 iter
1464	 1.460964e-04	 1904	 iter
1465	 1.460964e-04	 1905	 iter
1466	 1.460622e-04	 1907	 iter
1467	 1.460622e-04	 1908	 iter
1468	 1.460622e-04	 1909	 iter
1469	 1.458936e-04	 1911	 iter
1470	 1.458936e-04	 1913	 iter
1471	 1.458936e-04	 1915	 iter
1472	 1.458936e-04	 1917	 iter
1473	 1.458192e-04	 1919	 iter
1474	 1.458192e-04	 1920	 iter
1475	 1.458192e-04	 1922	 iter
1476	 1.458192e-04	 1923	 iter
1477	 1.458192e-04	 1925	 iter
1478	 1.458192e-04	 1927	 iter
1479	 1.458192e-04	 1928	 iter
1480	 1.458192e-04	 1929	 iter
1481	 1.457487e-04	 1931	 iter
1482	 1.457487e-04	 1932	 iter
1483	 1.456697e-04	 1934	 iter
1484	 1.456697e-04	 1936	 iter
1485	 1.456697e-04	 1937	 iter
1486	 1.456697e-04	 1938	 iter
1487	 1.456697e-04	 1939	 iter
1488	 1.456697e-04	 1941	 iter
1489	 1.456697e-04	 1943	 iter
1490	 1.456697e-04	 1944	 iter
1491	 1.456697e-04	 1946	 iter
1492	 1.456697e-04	 1948	 iter
1493	 1.455993e-04	 1950	 iter
1494	 1.455993e-04	 1951	 iter
1495	 1.455679e-04	 1953	 iter
1496	 1.455679e-04	 1954	 iter
1497	 1.455679e-04	 1956	 iter
1498	 1.455679e-04	 1957	 iter
1499	 1.455679e-04	 1958	 iter
1500	 1.455440e-04	 1960	 iter
1501	 1.455440e-04	 1961	 iter
1502	 1.455440e-04	 1962	 iter
1503	 1.455440e-04	 1963	 iter
1504	 1.455020e-04	 1965	 iter
1505	 1.455020e-04	 1967	 iter
1506	 1.454534e-04	 1969	 iter
1507	 1.454534e-04	 1970	 iter
1508	 1.454534e-04	 1971	 iter
1509	 1.454534e-04	 1973	 iter
1510	 1.454534e-04	 1974	 iter
1511	 1.454534e-04	 1975	 iter
1512	 1.454534e-04	 1976	 iter
1513	 1.453827e-04	 1978	 iter
1514	 1.453812e-04	 1980	 iter
1515	 1.453812e-04	 1981	 iter
1516	 1.453812e-04	 1982	 iter
1517	 1.453812e-04	 1983	 iter
1518	 1.453161e-04	 1985	 iter
1519	 1.453161e-04	 1986	 iter
1520	 1.453161e-04	 1987	 iter
1521	 1.451926e-04	 1989	 iter
1522	 1.451926e-04	 1990	 iter
1523	 1.451926e-04	 1991	 iter
1524	 1.451926e-04	 1992	 iter
1525	 1.451926e-04	 1993	 iter
1526	 1.451926e-04	 1994	 iter
1527	 1.451661e-04	 1996	 iter
1528	 1.451661e-04	 1997	 iter
1529	 1.451661e-04	 1998	 iter
1530	 1.451625e-04	 2000	 iter
1531	 1.449634e-04	 2002	 iter
1532	 1.449634e-04	 2003	 iter
1533	 1.449634e-04	 2004	 iter
1534	 1.449634e-04	 2005	 iter
1535	 1.449634e-04	 2006	 iter
1536	 1.449634e-04	 2007	 iter
1537	 1.449634e-04	 2008	 iter
1538	 1.449634e-04	 2009	 iter
1539	 1.448372e-04	 2011	 iter
1540	 1.448372e-04	 2012	 iter
1541	 1.448372e-04	 2013	 iter
1542	 1.448372e-04	 2014	 iter
1543	 1.448372e-04	 2015	 iter
1544	 1.447169e-04	 2017	 iter
1545	 1.447169e-04	 2018	 iter
1546	 1.444622e-04	 2020	 iter
1547	 1.444622e-04	 2021	 iter
1548	 1.444622e-04	 2022	 iter
1549	 1.444622e-04	 2023	 iter
1550	 1.444622e-04	 2024	 iter
1551	 1.444622e-04	 2025	 iter
1552	 1.444607e-04	 2027	 iter
1553	 1.444607e-04	 2028	 iter
1554	 1.444435e-04	 2030	 iter
1555	 1.444435e-04	 2031	 iter
1556	 1.444435e-04	 2032	 iter
1557	 1.443042e-04	 2034	 iter
1558	 1.442538e-04	 2036	 iter
1559	 1.442538e-04	 2037	 iter
1560	 1.442538e-04	 2038	 iter
1561	 1.442538e-04	 2039	 iter
1562	 1.441777e-04	 2041	 iter
1563	 1.440970e-04	 2043	 iter
1564	 1.440970e-04	 2045	 iter
1565	 1.440970e-04	 2046	 iter
1566	 1.440970e-04	 2047	 iter
1567	 1.440970e-04	 2048	 iter
1568	 1.440970e-04	 2049	 iter
1569	 1.440970e-04	 2050	 iter
1570	 1.440970e-04	 2051	 iter
1571	 1.440970e-04	 2052	 iter
1572	 1.440970e-04	 2053	 iter
1573	 1.440970e-04	 2054	 iter
1574	 1.437942e-04	 2056	 iter
1575	 1.436750e-04	 2058	 iter
1576	 1.436750e-04	 2059	 iter
1577	 1.436750e-04	 2060	 iter
1578	 1.436750e-04	 2061	 iter
1579	 1.436750e-04	 2062	 iter
1580	 1.436750e-04	 2063	 iter
1581	 1.436750e-04	 2064	 iter
1582	 1.436750e-04	 2065	 iter
1583	 1.436750e-04	 2066	 iter
1584	 1.436750e-04	 2067	 iter
1585	 1.436750e-04	 2068	 iter
1586	 1.436750e-04	 2069	 iter
1587	 1.436750e-04	 2070	 iter
1588	 1.435735e-04	 2072	 iter
1589	 1.435735e-04	 2073	 iter
1590	 1.435735e-04	 2074	 iter
1591	 1.435735e-04	 2075	 iter
1592	 1.435030e-04	 2077	 iter
1593	 1.435030e-04	 2078	 iter
1594	 1.435030e-04	 2079	 iter
1595	 1.435030e-04	 2080	 iter
1596	 1.435030e-04	 2081	 iter
1597	 1.434834e-04	 2083	 iter
1598	 1.434834e-04	 2085	 iter
1599	 1.434834e-04	 2086	 iter
1600	 1.434834e-04	 2088	 iter
1601	 1.434834e-04	 2089	 iter
1602	 1.433899e-04	 2091	 iter
1603	 1.433368e-04	 2093	 iter
1604	 1.433368e-04	 2094	 iter
1605	 1.433368e-04	 2095	 iter
1606	 1.433057e-04	 2097	 iter
1607	 1.432852e-04	 2099	 iter
1608	 1.432852e-04	 2100	 iter
1609	 1.432852e-04	 2101	 iter
1610	 1.432852e-04	 2102	 iter
1611	 1.432852e-04	 2104	 iter
1612	 1.432846e-04	 2106	 iter
1613	 1.432846e-04	 2108	 iter
1614	 1.432630e-04	 2110	 iter
1615	 1.432630e-04	 2111	 iter
1616	 1.432630e-04	 2112	 iter
1617	 1.431177e-04	 2114	 iter
1618	 1.431177e-04	 2116	 iter
1619	 1.431177e-04	 2118	 iter
1620	 1.431177e-04	 2119	 iter
1621	 1.431177e-04	 2120	 iter
1622	 1.431177e-04	 2121	 iter
1623	 1.431177e-04	 2123	 iter
1624	 1.431177e-04	 2124	 iter
1625	 1.431177e-04	 2125	 iter
1626	 1.431177e-04	 2126	 iter
1627	 1.431177e-04	 2127	 iter
1628	 1.430552e-04	 2129	 iter
1629	 1.430552e-04	 2130	 iter
1630	 1.430552e-04	 2131	 iter
1631	 1.430552e-04	 2132	 iter
1632	 1.430552e-04	 2133	 iter
1633	 1.430552e-04	 2134	 iter
1634	 1.430552e-04	 2135	 iter
1635	 1.430552e-04	 2136	 iter
1636	 1.430195e-04	 2138	 iter
1637	 1.430195e-04	 2139	 iter
1638	 1.429771e-04	 2141	 iter
1639	 1.429771e-04	 2143	 iter
1640	 1.429771e-04	 2144	 iter
1641	 1.429771e-04	 2145	 iter
1642	 1.429771e-04	 2146	 iter
1643	 1.429771e-04	 2147	 iter
1644	 1.429771e-04	 2148	 iter
1645	 1.429771e-04	 2149	 iter
1646	 1.429738e-04	 2151	 iter
1647	 1.429738e-04	 2152	 iter
1648	 1.429738e-04	 2153	 iter
1649	 1.429649e-04	 2155	 iter
1650	 1.429649e-04	 2157	 iter
1651	 1.429649e-04	 2159	 iter
1652	 1.429649e-04	 2161	 iter
1653	 1.429649e-04	 2162	 iter
1654	 1.429559e-04	 2164	 iter
1655	 1.429559e-04	 2165	 iter
1656	 1.429336e-04	 2167	 iter
1657	 1.429336e-04	 2168	 iter
1658	 1.429336e-04	 2169	 iter
1659	 1.428965e-04	 2171	 iter
1660	 1.428965e-04	 2173	 iter
1661	 1.428965e-04	 2175	 iter
1662	 1.428965e-04	 2177	 iter
1663	 1.428965e-04	 2178	 iter
1664	 1.428965e-04	 2179	 iter
1665	 1.428965e-04	 2181	 iter
1666	 1.428965e-04	 2183	 iter
1667	 1.428517e-04	 2185	 iter
1668	 1.428517e-04	 2187	 iter
1669	 1.428517e-04	 2188	 iter
1670	 1.428517e-04	 2190	 iter
1671	 1.428517e-04	 2191	 iter
1672	 1.428517e-04	 2192	 iter
1673	 1.428517e-04	 2193	 iter
1674	 1.428517e-04	 2195	 iter
1675	 1.428517e-04	 2196	 iter
1676	 1.428376e-04	 2198	 iter
1677	 1.428376e-04	 2199	 iter
1678	 1.428376e-04	 2201	 iter
1679	 1.428376e-04	 2202	 iter
1680	 1.428376e-04	 2203	 iter
1681	 1.428084e-04	 2205	 iter
1682	 1.428084e-04	 2206	 iter
1683	 1.428084e-04	 2207	 iter
1684	 1.427923e-04	 2209	 iter
1685	 1.427923e-04	 2210	 iter
1686	 1.427923e-04	 2211	 iter
1687	 1.427642e-04	 2213	 iter
1688	 1.427642e-04	 2214	 iter
1689	 1.427642e-04	 2215	 iter
1690	 1.427642e-04	 2216	 iter
1691	 1.427642e-04	 2218	 iter
1692	 1.427642e-04	 2219	 iter
1693	 1.427642e-04	 2221	 iter
1694	 1.427594e-04	 2223	 iter
1695	 1.427517e-04	 2225	 iter
1696	 1.427517e-04	 2226	 iter
1697	 1.427517e-04	 2227	 iter
1698	 1.427517e-04	 2228	 iter
1699	 1.427517e-04	 2229	 iter
1700	 1.427220e-04	 2231	 iter
1701	 1.427220e-04	 2232	 iter
1702	 1.427220e-04	 2233	 iter
1703	 1.427220e-04	 2235	 iter
1704	 1.427193e-04	 2237	 iter
1705	 1.427051e-04	 2239	 iter
1706	 1.427051e-04	 2240	 iter
1707	 1.426788e-04	 2242	 iter
1708	 1.426788e-04	 2243	 iter
1709	 1.426788e-04	 2244	 iter
1710	 1.426656e-04	 2246	 iter
1711	 1.426656e-04	 2247	 iter
1712	 1.426656e-04	 2248	 iter
1713	 1.426656e-04	 2249	 iter
1714	 1.426656e-04	 2250	 iter
1715	 1.426656e-04	 2251	 iter
1716	 1.426656e-04	 2252	 iter
1717	 1.426544e-04	 2254	 iter
1718	 1.426544e-04	 2255	 iter
1719	 1.426518e-04	 2257	 iter
1720	 1.426222e-04	 2259	 iter
1721	 1.426222e-04	 2260	 iter
1722	 1.426222e-04	 2261	 iter
1723	 1.425900e-04	 2263	 iter
1724	 1.425900e-04	 2264	 iter
1725	 1.425900e-04	 2265	 iter
1726	 1.425900e-04	 2266	 iter
1727	 1.425900e-04	 2267	 iter
1728	 1.425900e-04	 2268	 iter
1729	 1.425900e-04	 2269	 iter
1730	 1.425900e-04	 2270	 iter
1731	 1.425900e-04	 2271	 iter
1732	 1.425900e-04	 2272	 iter
1733	 1.425900e-04	 2273	 iter
1734	 1.425500e-04	 2275	 iter
1735	 1.425391e-04	 2277	 iter
1736	 1.425391e-04	 2278	 iter
1737	 1.425391e-04	 2279	 iter
1738	 1.425391e-04	 2280	 iter
1739	 1.424575e-04	 2282	 iter
1740	 1.424575e-04	 2283	 iter
1741	 1.424575e-04	 2284	 iter
1742	 1.424575e-04	 2285	 iter
1743	 1.424575e-04	 2286	 iter
1744	 1.424575e-04	 2287	 iter
1745	 1.424575e-04	 2288	 iter
1746	 1.424176e-04	 2290	 iter
1747	 1.424176e-04	 2291	 iter
1748	 1.424176e-04	 2292	 iter
1749	 1.424176e-04	 2293	 iter
1750	 1.423282e-04	 2295	 iter
1751	 1.423282e-04	 2296	 iter
1752	 1.423282e-04	 2297	 iter
1753	 1.423282e-04	 2298	 iter
1754	 1.423282e-04	 2299	 iter
1755	 1.423282e-04	 2300	 iter
1756	 1.423282e-04	 2301	 iter
1757	 1.423041e-04	 2303	 iter
1758	 1.423041e-04	 2304	 iter
1759	 1.423041e-04	 2305	 iter
1760	 1.422575e-04	 2307	 iter
1761	 1.422575e-04	 2308	 iter
1762	 1.422575e-04	 2309	 iter
1763	 1.422003e-04	 2311	 iter
1764	 1.419894e-04	 2313	 iter
1765	 1.419894e-04	 2314	 iter
1766	 1.419894e-04	 2315	 iter
1767	 1.419894e-04	 2316	 iter
1768	 1.419894e-04	 2317	 iter
1769	 1.419894e-04	 2318	 iter
1770	 1.419894e-04	 2319	 iter
1771	 1.419894e-04	 2320	 iter
1772	 1.419894e-04	 2321	 iter
1773	 1.419894e-04	 2322	 iter
1774	 1.419894e-04	 2323	 iter
1775	 1.419257e-04	 2325	 iter
1776	 1.419257e-04	 2326	 iter
1777	 1.417090e-04	 2328	 iter
1778	 1.417090e-04	 2329	 iter
1779	 1.417090e-04	 2330	 iter
1780	 1.417090e-04	 2331	 iter
1781	 1.417090e-04	 2332	 iter
1782	 1.417090e-04	 2333	 iter
1783	 1.417090e-04	 2334	 iter
1784	 1.414965e-04	 2336	 iter
1785	 1.414965e-04	 2337	 iter
1786	 1.414965e-04	 2338	 iter
1787	 1.414965e-04	 2339	 iter
1788	 1.413266e-04	 2341	 iter
1789	 1.413266e-04	 2342	 iter
1790	 1.413266e-04	 2343	 iter
1791	 1.413266e-04	 2344	 iter
1792	 1.413266e-04	 2345	 iter
1793	 1.413266e-04	 2346	 iter
1794	 1.413266e-04	 2347	 iter
1795	 1.412199e-04	 2349	 iter
1796	 1.410710e-04	 2351	 iter
1797	 1.410710e-04	 2352	 iter
1798	 1.410129e-04	 2354	 iter
1799	 1.409862e-04	 2356	 iter
1800	 1.409862e-04	 2357	 iter
1801	 1.404703e-04	 2359	 iter
1802	 1.404703e-04	 2360	 iter
1803	 1.404703e-04	 2361	 iter
1804	 1.404703e-04	 2362	 iter
1805	 1.404703e-04	 2363	 iter
1806	 1.400635e-04	 2365	 iter
1807	 1.400635e-04	 2366	 iter
1808	 1.400635e-04	 2367	 iter
1809	 1.400635e-04	 2368	 iter
1810	 1.400635e-04	 2369	 iter
1811	 1.395744e-04	 2371	 iter
1812	 1.395744e-04	 2372	 iter
1813	 1.395744e-04	 2373	 iter
1814	 1.395744e-04	 2374	 iter
1815	 1.395744e-04	 2375	 iter
1816	 1.395744e-04	 2376	 iter
1817	 1.392358e-04	 2378	 iter
1818	 1.392358e-04	 2379	 iter
1819	 1.392358e-04	 2380	 iter
1820	 1.392358e-04	 2381	 iter
1821	 1.392358e-04	 2382	 iter
1822	 1.392358e-04	 2383	 iter
1823	 1.392358e-04	 2384	 iter
1824	 1.392358e-04	 2385	 iter
1825	 1.386634e-04	 2387	 iter
1826	 1.386634e-04	 2388	 iter
1827	 1.379750e-04	 2390	 iter
1828	 1.379750e-04	 2391	 iter
1829	 1.379750e-04	 2392	 iter
1830	 1.379750e-04	 2393	 iter
1831	 1.379750e-04	 2394	 iter
1832	 1.379750e-04	 2395	 iter
1833	 1.379750e-04	 2396	 iter
1834	 1.372934e-04	 2398	 iter
1835	 1.372934e-04	 2399	 iter
1836	 1.372934e-04	 2400	 iter
1837	 1.372934e-04	 2401	 iter
1838	 1.362777e-04	 2403	 iter
1839	 1.362777e-04	 2404	 iter
1840	 1.362777e-04	 2405	 iter
1841	 1.362777e-04	 2406	 iter
1842	 1.354244e-04	 2408	 iter
1843	 1.354244e-04	 2409	 iter
1844	 1.354244e-04	 2410	 iter
1845	 1.354244e-04	 2411	 iter
1846	 1.354244e-04	 2412	 iter
1847	 1.354244e-04	 2413	 iter
1848	 1.354244e-04	 2414	 iter
1849	 1.350530e-04	 2416	 iter
1850	 1.336808e-04	 2418	 iter
1851	 1.336808e-04	 2419	 iter
1852	 1.336808e-04	 2420	 iter
1853	 1.336808e-04	 2421	 iter
1854	 1.336808e-04	 2422	 iter
1855	 1.336808e-04	 2423	 iter
1856	 1.336808e-04	 2424	 iter
1857	 1.330652e-04	 2426	 iter
1858	 1.330652e-04	 2427	 iter
1859	 1.322936e-04	 2429	 iter
1860	 1.322936e-04	 2430	 iter
1861	 1.322936e-04	 2431	 iter
1862	 1.307252e-04	 2433	 iter
1863	 1.307252e-04	 2434	 iter
1864	 1.307252e-04	 2435	 iter
1865	 1.307252e-04	 2436	 iter
1866	 1.307252e-04	 2437	 iter
1867	 1.307252e-04	 2438	 iter
1868	 1.307252e-04	 2439	 iter
1869	 1.307252e-04	 2440	 iter
1870	 1.307252e-04	 2441	 iter
1871	 1.307252e-04	 2442	 iter
1872	 1.307252e-04	 2443	 iter
1873	 1.307252e-04	 2444	 iter
1874	 1.307252e-04	 2445	 iter
1875	 1.305240e-04	 2447	 iter
1876	 1.305240e-04	 2448	 iter
1877	 1.283476e-04	 2450	 iter
1878	 1.283476e-04	 2451	 iter
1879	 1.283476e-04	 2452	 iter
1880	 1.283476e-04	 2453	 iter
1881	 1.283476e-04	 2454	 iter
1882	 1.283476e-04	 2455	 iter
1883	 1.283476e-04	 2456	 iter
1884	 1.283476e-04	 2457	 iter
1885	 1.283476e-04	 2458	 iter
1886	 1.283476e-04	 2459	 iter
1887	 1.283476e-04	 2460	 iter
1888	 1.283476e-04	 2461	 iter
1889	 1.283476e-04	 2462	 iter
1890	 1.283476e-04	 2464	 iter
1891	 1.283476e-04	 2465	 iter
1892	 1.279346e-04	 2467	 iter
1893	 1.266849e-04	 2469	 iter
1894	 1.266849e-04	 2470	 iter
1895	 1.266849e-04	 2471	 iter
1896	 1.266849e-04	 2472	 iter
1897	 1.266849e-04	 2473	 iter
1898	 1.266849e-04	 2474	 iter
1899	 1.266849e-04	 2475	 iter
1900	 1.251620e-04	 2477	 iter
1901	 1.251620e-04	 2478	 iter
1902	 1.251620e-04	 2479	 iter
1903	 1.251620e-04	 2480	 iter
1904	 1.251620e-04	 2481	 iter
1905	 1.251620e-04	 2482	 iter
1906	 1.251620e-04	 2483	 iter
1907	 1.251620e-04	 2484	 iter
1908	 1.251620e-04	 2485	 iter
1909	 1.251620e-04	 2486	 iter
1910	 1.240557e-04	 2488	 iter
1911	 1.240557e-04	 2489	 iter
1912	 1.240557e-04	 2490	 iter
1913	 1.240557e-04	 2491	 iter
1914	 1.240557e-04	 2492	 iter
1915	 1.240557e-04	 2493	 iter
1916	 1.227170e-04	 2495	 iter
1917	 1.227170e-04	 2496	 iter
1918	 1.227170e-04	 2497	 iter
1919	 1.227170e-04	 2499	 iter
1920	 1.227170e-04	 2500	 iter
1921	 1.227170e-04	 2501	 iter
1922	 1.215494e-04	 2503	 iter
1923	 1.215494e-04	 2505	 iter
1924	 1.215494e-04	 2506	 iter
1925	 1.215494e-04	 2507	 iter
1926	 1.215494e-04	 2508	 iter
1927	 1.215494e-04	 2509	 iter
1928	 1.215494e-04	 2510	 iter
1929	 1.215494e-04	 2511	 iter
1930	 1.205456e-04	 2513	 iter
1931	 1.205456e-04	 2514	 iter
1932	 1.205456e-04	 2515	 iter
1933	 1.205456e-04	 2516	 iter
1934	 1.204659e-04	 2518	 iter
1935	 1.204659e-04	 2519	 iter
1936	 1.204659e-04	 2520	 iter
1937	 1.204659e-04	 2521	 iter
1938	 1.203196e-04	 2523	 iter
1939	 1.203196e-04	 2524	 iter
1940	 1.203196e-04	 2525	 iter
1941	 1.203196e-04	 2526	 iter
1942	 1.203196e-04	 2527	 iter
1943	 1.196559e-04	 2529	 iter
1944	 1.196559e-04	 2530	 iter
1945	 1.196559e-04	 2531	 iter
1946	 1.196559e-04	 2532	 iter
1947	 1.196559e-04	 2533	 iter
1948	 1.196559e-04	 2534	 iter
1949	 1.182242e-04	 2536	 iter
1950	 1.182242e-04	 2538	 iter
1951	 1.182242e-04	 2539	 iter
1952	 1.182242e-04	 2540	 iter
1953	 1.182242e-04	 2541	 iter
1954	 1.182242e-04	 2542	 iter
1955	 1.182242e-04	 2543	 iter
1956	 1.182242e-04	 2544	 iter
1957	 1.182242e-04	 2545	 iter
1958	 1.182242e-04	 2546	 iter
1959	 1.182242e-04	 2547	 iter
1960	 1.182242e-04	 2549	 iter
1961	 1.182242e-04	 2551	 iter
1962	 1.182242e-04	 2552	 iter
1963	 1.182242e-04	 2553	 iter
1964	 1.182242e-04	 2554	 iter
1965	 1.182242e-04	 2555	 iter
1966	 1.182242e-04	 2556	 iter
1967	 1.182242e-04	 2557	 iter
1968	 1.182242e-04	 2558	 iter
1969	 1.177416e-04	 2560	 iter
1970	 1.177416e-04	 2561	 iter
1971	 1.177416e-04	 2562	 iter
1972	 1.177416e-04	 2563	 iter
1973	 1.177416e-04	 2565	 iter
1974	 1.177416e-04	 2566	 iter
1975	 1.177416e-04	 2567	 iter
1976	 1.176509e-04	 2569	 iter
1977	 1.176509e-04	 2570	 iter
1978	 1.176509e-04	 2571	 iter
1979	 1.176509e-04	 2572	 iter
1980	 1.176509e-04	 2573	 iter
1981	 1.176509e-04	 2574	 iter
1982	 1.176509e-04	 2576	 iter
1983	 1.175138e-04	 2578	 iter
1984	 1.175138e-04	 2579	 iter
1985	 1.175138e-04	 2581	 iter
1986	 1.175138e-04	 2583	 iter
1987	 1.175138e-04	 2585	 iter
1988	 1.175138e-04	 2587	 iter
1989	 1.175138e-04	 2588	 iter
1990	 1.175138e-04	 2589	 iter
1991	 1.175138e-04	 2590	 iter
1992	 1.175138e-04	 2591	 iter
1993	 1.175138e-04	 2592	 iter
1994	 1.175138e-04	 2593	 iter
1995	 1.175138e-04	 2594	 iter
1996	 1.175138e-04	 2596	 iter
1997	 1.175138e-04	 2598	 iter
1998	 1.175138e-04	 2599	 iter
1999	 1.175138e-04	 2600	 iter
2000	 1.175138e-04	 2602	 iter
2001	 1.174777e-04	 2604	 iter
2002	 1.174518e-04	 2606	 iter
2003	 1.174022e-04	 2608	 iter
2004	 1.174022e-04	 2610	 iter
2005	 1.173089e-04	 2612	 iter
2006	 1.173089e-04	 2613	 iter
2007	 1.173089e-04	 2614	 iter
2008	 1.173089e-04	 2616	 iter
2009	 1.173089e-04	 2618	 iter
2010	 1.173089e-04	 2619	 iter
2011	 1.173089e-04	 2621	 iter
2012	 1.173089e-04	 2622	 iter
2013	 1.173089e-04	 2623	 iter
2014	 1.173089e-04	 2624	 iter
2015	 1.173089e-04	 2626	 iter
2016	 1.173089e-04	 2628	 iter
2017	 1.172782e-04	 2630	 iter
2018	 1.172782e-04	 2632	 iter
2019	 1.172782e-04	 2634	 iter
2020	 1.172782e-04	 2635	 iter
2021	 1.172782e-04	 2637	 iter
2022	 1.172782e-04	 2639	 iter
2023	 1.172782e-04	 2640	 iter
2024	 1.172782e-04	 2642	 iter
2025	 1.172782e-04	 2643	 iter
2026	 1.172782e-04	 2645	 iter
2027	 1.172782e-04	 2646	 iter
2028	 1.172690e-04	 2648	 iter
2029	 1.172690e-04	 2649	 iter
2030	 1.172690e-04	 2650	 iter
2031	 1.172690e-04	 2651	 iter
2032	 1.172690e-04	 2652	 iter
2033	 1.172690e-04	 2653	 iter
2034	 1.172690e-04	 2654	 iter
2035	 1.172507e-04	 2656	 iter
2036	 1.172428e-04	 2658	 iter
2037	 1.172428e-04	 2660	 iter
2038	 1.172418e-04	 2662	 iter
2039	 1.172418e-04	 2663	 iter
2040	 1.172340e-04	 2665	 iter
2041	 1.172340e-04	 2666	 iter
2042	 1.172301e-04	 2668	 iter
2043	 1.172263e-04	 2670	 iter
2044	 1.172263e-04	 2672	 iter
2045	 1.172263e-04	 2673	 iter
2046	 1.172254e-04	 2675	 iter
2047	 1.172247e-04	 2677	 iter
2048	 1.172236e-04	 2679	 iter
2049	 1.172196e-04	 2681	 iter
2050	 1.172181e-04	 2683	 iter
2051	 1.172181e-04	 2684	 iter
2052	 1.172181e-04	 2685	 iter
2053	 1.172181e-04	 2686	 iter
2054	 1.172167e-04	 2688	 iter
2055	 1.172135e-04	 2690	 iter
2056	 1.172135e-04	 2692	 iter
2057	 1.172135e-04	 2693	 iter
2058	 1.172135e-04	 2694	 iter
2059	 1.172107e-04	 2696	 iter
2060	 1.172107e-04	 2698	 iter
2061	 1.172107e-04	 2699	 iter
2062	 1.172073e-04	 2701	 iter
2063	 1.172073e-04	 2703	 iter
2064	 1.172073e-04	 2705	 iter
2065	 1.172073e-04	 2707	 iter
2066	 1.172073e-04	 2709	 iter
2067	 1.172073e-04	 2710	 iter
2068	 1.172073e-04	 2711	 iter
2069	 1.172073e-04	 2712	 iter
2070	 1.172073e-04	 2713	 iter
2071	 1.172073e-04	 2714	 iter
2072	 1.172052e-04	 2716	 iter
2073	 1.172052e-04	 2718	 iter
2074	 1.172046e-04	 2720	 iter
2075	 1.172041e-04	 2722	 iter
2076	 1.172040e-04	 2724	 iter
2077	 1.172033e-04	 2726	 iter
2078	 1.172033e-04	 2728	 iter
2079	 1.172033e-04	 2729	 iter
2080	 1.172030e-04	 2731	 iter
2081	 1.172030e-04	 2732	 iter
2082	 1.172015e-04	 2734	 iter
2083	 1.172015e-04	 2736	 iter
2084	 1.172015e-04	 2738	 iter
2085	 1.172015e-04	 2740	 iter
2086	 1.172015e-04	 2742	 iter
2087	 1.172015e-04	 2744	 iter
2088	 1.172013e-04	 2746	 iter
2089	 1.172013e-04	 2747	 iter
2090	 1.172010e-04	 2749	 iter
2091	 1.172010e-04	 2751	 iter
2092	 1.172010e-04	 2752	 iter
2093	 1.172003e-04	 2754	 iter
2094	 1.172003e-04	 2755	 iter
2095	 1.172003e-04	 2756	 iter
2096	 1.172000e-04	 2758	 iter
2097	 1.171998e-04	 2760	 iter
2098	 1.171998e-04	 2762	 iter
2099	 1.171998e-04	 2763	 iter
2100	 1.171998e-04	 2764	 iter
2101	 1.171995e-04	 2766	 iter
2102	 1.171990e-04	 2768	 iter
2103	 1.171990e-04	 2769	 iter
2104	 1.171990e-04	 2770	 iter
2105	 1.171990e-04	 2771	 iter
2106	 1.171990e-04	 2772	 iter
2107	 1.171988e-04	 2774	 iter
2108	 1.171987e-04	 2776	 iter
2109	 1.171987e-04	 2777	 iter
2110	 1.171987e-04	 2778	 iter
2111	 1.171986e-04	 2780	 iter
2112	 1.171984e-04	 2782	 iter
2113	 1.171984e-04	 2784	 iter
2114	 1.171984e-04	 2785	 iter
2115	 1.171982e-04	 2787	 iter
2116	 1.171982e-04	 2788	 iter
2117	 1.171979e-04	 2790	 iter
2118	 1.171979e-04	 2792	 iter
2119	 1.171979e-04	 2793	 iter
2120	 1.171973e-04	 2795	 iter
2121	 1.171973e-04	 2797	 iter
2122	 1.171973e-04	 2798	 iter
2123	 1.171973e-04	 2799	 iter
2124	 1.171973e-04	 2801	 iter
2125	 1.171973e-04	 2803	 iter
2126	 1.171973e-04	 2805	 iter
2127	 1.171973e-04	 2806	 iter
2128	 1.171973e-04	 2808	 iter
2129	 1.171973e-04	 2810	 iter
2130	 1.171973e-04	 2812	 iter
2131	 1.171973e-04	 2813	 iter
2132	 1.171973e-04	 2814	 iter
2133	 1.171972e-04	 2816	 iter
2134	 1.171972e-04	 2818	 iter
2135	 1.171972e-04	 2820	 iter
2136	 1.171972e-04	 2821	 iter
2137	 1.171972e-04	 2822	 iter
2138	 1.171972e-04	 2823	 iter
2139	 1.171972e-04	 2825	 iter
2140	 1.171972e-04	 2827	 iter
2141	 1.171972e-04	 2829	 iter
2142	 1.171972e-04	 2831	 iter
2143	 1.171972e-04	 2832	 iter
2144	 1.171970e-04	 2834	 iter
2145	 1.171970e-04	 2835	 iter
2146	 1.171970e-04	 2836	 iter
2147	 1.171968e-04	 2838	 iter
2148	 1.171968e-04	 2839	 iter
2149	 1.171968e-04	 2840	 iter
2150	 1.171967e-04	 2842	 iter
2151	 1.171967e-04	 2844	 iter
2152	 1.171967e-04	 2846	 iter
2153	 1.171967e-04	 2847	 iter
2154	 1.171967e-04	 2848	 iter
2155	 1.171967e-04	 2850	 iter
2156	 1.171967e-04	 2851	 iter
2157	 1.171967e-04	 2852	 iter
2158	 1.171965e-04	 2854	 iter
2159	 1.171965e-04	 2855	 iter
2160	 1.171965e-04	 2857	 iter
2161	 1.171965e-04	 2858	 iter
2162	 1.171965e-04	 2859	 iter
2163	 1.171965e-04	 2861	 iter
2164	 1.171965e-04	 2862	 iter
2165	 1.171965e-04	 2863	 iter
2166	 1.171965e-04	 2864	 iter
2167	 1.171965e-04	 2865	 iter
2168	 1.171963e-04	 2867	 iter
2169	 1.171962e-04	 2869	 iter
2170	 1.171962e-04	 2871	 iter
2171	 1.171962e-04	 2872	 iter
2172	 1.171962e-04	 2873	 iter
2173	 1.171962e-04	 2874	 iter
2174	 1.171962e-04	 2875	 iter
2175	 1.171962e-04	 2876	 iter
2176	 1.171962e-04	 2877	 iter
2177	 1.171962e-04	 2878	 iter
2178	 1.171962e-04	 2879	 iter
2179	 1.171960e-04	 2881	 iter
2180	 1.171960e-04	 2882	 iter
2181	 1.171960e-04	 2883	 iter
2182	 1.171960e-04	 2885	 iter
2183	 1.171960e-04	 2886	 iter
2184	 1.171960e-04	 2887	 iter
2185	 1.171960e-04	 2888	 iter
2186	 1.171960e-04	 2889	 iter
2187	 1.171960e-04	 2890	 iter
2188	 1.171959e-04	 2892	 iter
2189	 1.171957e-04	 2894	 iter
2190	 1.171957e-04	 2895	 iter
2191	 1.171957e-04	 2896	 iter
2192	 1.171957e-04	 2897	 iter
2193	 1.171957e-04	 2898	 iter
2194	 1.171957e-04	 2900	 iter
2195	 1.171956e-04	 2902	 iter
2196	 1.171956e-04	 2903	 iter
2197	 1.171956e-04	 2904	 iter
2198	 1.171956e-04	 2905	 iter
2199	 1.171956e-04	 2907	 iter
2200	 1.171956e-04	 2908	 iter
2201	 1.171956e-04	 2909	 iter
2202	 1.171954e-04	 2911	 iter
2203	 1.171954e-04	 2913	 iter
2204	 1.171954e-04	 2915	 iter
2205	 1.171954e-04	 2916	 iter
2206	 1.171954e-04	 2917	 iter
2207	 1.171954e-04	 2918	 iter
2208	 1.171954e-04	 2919	 iter
2209	 1.171954e-04	 2920	 iter
2210	 1.171954e-04	 2921	 iter
2211	 1.171954e-04	 2922	 iter
2212	 1.171954e-04	 2923	 iter
2213	 1.171954e-04	 2924	 iter
2214	 1.171953e-04	 2926	 iter
2215	 1.171953e-04	 2927	 iter
2216	 1.171953e-04	 2928	 iter
2217	 1.171953e-04	 2929	 iter
2218	 1.171953e-04	 2931	 iter
2219	 1.171953e-04	 2932	 iter
2220	 1.171950e-04	 2934	 iter
2221	 1.171950e-04	 2935	 iter
2222	 1.171950e-04	 2936	 iter
2223	 1.171950e-04	 2937	 iter
2224	 1.171950e-04	 2938	 iter
2225	 1.171950e-04	 2939	 iter
2226	 1.171950e-04	 2940	 iter
2227	 1.171949e-04	 2942	 iter
2228	 1.171949e-04	 2943	 iter
2229	 1.171949e-04	 2945	 iter
2230	 1.171949e-04	 2946	 iter
2231	 1.171949e-04	 2947	 iter
2232	 1.171949e-04	 2948	 iter
2233	 1.171948e-04	 2950	 iter
2234	 1.171946e-04	 2952	 iter
2235	 1.171946e-04	 2953	 iter
2236	 1.171946e-04	 2954	 iter
2237	 1.171946e-04	 2955	 iter
2238	 1.171946e-04	 2956	 iter
2239	 1.171946e-04	 2957	 iter
2240	 1.171945e-04	 2959	 iter
2241	 1.171945e-04	 2961	 iter
2242	 1.171944e-04	 2963	 iter
2243	 1.171943e-04	 2965	 iter
2244	 1.171943e-04	 2966	 iter
2245	 1.171943e-04	 2967	 iter
2246	 1.171942e-04	 2969	 iter
2247	 1.171940e-04	 2971	 iter
2248	 1.171940e-04	 2972	 iter
2249	 1.171940e-04	 2973	 iter
2250	 1.171940e-04	 2974	 iter
2251	 1.171940e-04	 2975	 iter
2252	 1.171940e-04	 2976	 iter
2253	 1.171938e-04	 2978	 iter
2254	 1.171938e-04	 2979	 iter
2255	 1.171938e-04	 2980	 iter
2256	 1.171935e-04	 2982	 iter
2257	 1.171935e-04	 2983	 iter
2258	 1.171935e-04	 2984	 iter
2259	 1.171935e-04	 2985	 iter
2260	 1.171935e-04	 2986	 iter
2261	 1.171935e-04	 2987	 iter
2262	 1.171935e-04	 2988	 iter
2263	 1.171933e-04	 2990	 iter
2264	 1.171930e-04	 2992	 iter
2265	 1.171930e-04	 2993	 iter
2266	 1.171930e-04	 2994	 iter
2267	 1.171930e-04	 2995	 iter
2268	 1.171930e-04	 2996	 iter
2269	 1.171930e-04	 2997	 iter
2270	 1.171930e-04	 2998	 iter
2271	 1.171930e-04	 2999	 iter
2272	 1.171930e-04	 3000	 iter
2273	 1.171930e-04	 3002	 iter
2274	 1.171927e-04	 3004	 iter
2275	 1.171927e-04	 3005	 iter
2276	 1.171927e-04	 3007	 iter
2277	 1.171924e-04	 3009	 iter
2278	 1.171924e-04	 3010	 iter
2279	 1.171923e-04	 3012	 iter
2280	 1.171923e-04	 3013	 iter
2281	 1.171923e-04	 3014	 iter
2282	 1.171923e-04	 3015	 iter
2283	 1.171923e-04	 3016	 iter
2284	 1.171923e-04	 3017	 iter
2285	 1.171923e-04	 3018	 iter
2286	 1.171922e-04	 3020	 iter
2287	 1.171915e-04	 3022	 iter
2288	 1.171915e-04	 3023	 iter
2289	 1.171915e-04	 3024	 iter
2290	 1.171915e-04	 3025	 iter
2291	 1.171915e-04	 3026	 iter
2292	 1.171915e-04	 3027	 iter
2293	 1.171914e-04	 3029	 iter
2294	 1.171914e-04	 3030	 iter
2295	 1.171914e-04	 3031	 iter
2296	 1.171914e-04	 3032	 iter
2297	 1.171910e-04	 3034	 iter
2298	 1.171910e-04	 3035	 iter
2299	 1.171909e-04	 3037	 iter
2300	 1.171909e-04	 3038	 iter
2301	 1.171909e-04	 3039	 iter
2302	 1.171909e-04	 3040	 iter
2303	 1.171909e-04	 3041	 iter
2304	 1.171897e-04	 3043	 iter
2305	 1.171897e-04	 3044	 iter
2306	 1.171897e-04	 3045	 iter
2307	 1.171897e-04	 3046	 iter
2308	 1.171897e-04	 3047	 iter
2309	 1.171897e-04	 3048	 iter
2310	 1.171897e-04	 3049	 iter
2311	 1.171897e-04	 3050	 iter
2312	 1.171897e-04	 3051	 iter
2313	 1.171897e-04	 3052	 iter
2314	 1.171897e-04	 3053	 iter
2315	 1.171892e-04	 3055	 iter
2316	 1.171892e-04	 3056	 iter
2317	 1.171892e-04	 3057	 iter
2318	 1.171892e-04	 3058	 iter
2319	 1.171892e-04	 3059	 iter
2320	 1.171879e-04	 3061	 iter
2321	 1.171879e-04	 3062	 iter
2322	 1.171879e-04	 3063	 iter
2323	 1.171879e-04	 3064	 iter
2324	 1.171879e-04	 3065	 iter
2325	 1.171879e-04	 3066	 iter
2326	 1.171879e-04	 3067	 iter
2327	 1.171879e-04	 3068	 iter
2328	 1.171879e-04	 3069	 iter
2329	 1.171879e-04	 3071	 iter
2330	 1.171878e-04	 3073	 iter
2331	 1.171875e-04	 3075	 iter
2332	 1.171862e-04	 3077	 iter
2333	 1.171862e-04	 3078	 iter
2334	 1.171862e-04	 3079	 iter
2335	 1.171862e-04	 3080	 iter
2336	 1.171862e-04	 3081	 iter
2337	 1.171862e-04	 3082	 iter
2338	 1.171862e-04	 3083	 iter
2339	 1.171862e-04	 3084	 iter
2340	 1.171862e-04	 3086	 iter
2341	 1.171862e-04	 3088	 iter
2342	 1.171861e-04	 3090	 iter
2343	 1.171851e-04	 3092	 iter
2344	 1.171844e-04	 3094	 iter
2345	 1.171844e-04	 3095	 iter
2346	 1.171844e-04	 3096	 iter
2347	 1.171844e-04	 3097	 iter
2348	 1.171828e-04	 3099	 iter
2349	 1.171828e-04	 3100	 iter
2350	 1.171828e-04	 3101	 iter
2351	 1.171828e-04	 3102	 iter
2352	 1.171828e-04	 3103	 iter
2353	 1.171820e-04	 3105	 iter
2354	 1.171820e-04	 3106	 iter
2355	 1.171820e-04	 3107	 iter
2356	 1.171820e-04	 3108	 iter
2357	 1.171782e-04	 3110	 iter
2358	 1.171782e-04	 3111	 iter
2359	 1.171782e-04	 3112	 iter
2360	 1.171782e-04	 3113	 iter
2361	 1.171782e-04	 3114	 iter
2362	 1.171782e-04	 3115	 iter
2363	 1.171782e-04	 3116	 iter
2364	 1.171782e-04	 3117	 iter
2365	 1.171782e-04	 3118	 iter
2366	 1.171782e-04	 3119	 iter
2367	 1.171780e-04	 3121	 iter
2368	 1.171777e-04	 3123	 iter
2369	 1.171777e-04	 3124	 iter
2370	 1.171750e-04	 3126	 iter
2371	 1.171750e-04	 3127	 iter
2372	 1.171731e-04	 3129	 iter
2373	 1.171731e-04	 3130	 iter
2374	 1.171731e-04	 3131	 iter
2375	 1.171731e-04	 3132	 iter
2376	 1.171731e-04	 3133	 iter
2377	 1.171709e-04	 3135	 iter
2378	 1.171709e-04	 3136	 iter
2379	 1.171709e-04	 3137	 iter
2380	 1.171709e-04	 3138	 iter
2381	 1.171699e-04	 3140	 iter
2382	 1.171699e-04	 3141	 iter
2383	 1.171699e-04	 3142	 iter
2384	 1.171699e-04	 3143	 iter
2385	 1.171691e-04	 3145	 iter
2386	 1.171592e-04	 3147	 iter
2387	 1.171592e-04	 3148	 iter
2388	 1.171592e-04	 3149	 iter
2389	 1.171592e-04	 3150	 iter
2390	 1.171592e-04	 3151	 iter
2391	 1.171592e-04	 3152	 iter
2392	 1.171592e-04	 3153	 iter
2393	 1.171592e-04	 3154	 iter
2394	 1.171592e-04	 3155	 iter
2395	 1.171592e-04	 3156	 iter
2396	 1.171592e-04	 3157	 iter
2397	 1.171592e-04	 3158	 iter
2398	 1.171592e-04	 3159	 iter
2399	 1.171592e-04	 3160	 iter
2400	 1.171576e-04	 3162	 iter
2401	 1.171576e-04	 3163	 iter
2402	 1.171576e-04	 3164	 iter
2403	 1.171576e-04	 3165	 iter
2404	 1.171576e-04	 3166	 iter
2405	 1.171508e-04	 3168	 iter
2406	 1.171508e-04	 3169	 iter
2407	 1.171508e-04	 3170	 iter
2408	 1.171508e-04	 3171	 iter
2409	 1.171508e-04	 3172	 iter
2410	 1.171508e-04	 3173	 iter
2411	 1.171423e-04	 3175	 iter
2412	 1.171423e-04	 3176	 iter
2413	 1.171423e-04	 3177	 iter
2414	 1.171423e-04	 3178	 iter
2415	 1.171423e-04	 3179	 iter
2416	 1.171423e-04	 3180	 iter
2417	 1.171423e-04	 3181	 iter
2418	 1.171423e-04	 3182	 iter
2419	 1.171359e-04	 3184	 iter
2420	 1.171359e-04	 3185	 iter
2421	 1.171359e-04	 3186	 iter
2422	 1.171359e-04	 3187	 iter
2423	 1.171359e-04	 3188	 iter
2424	 1.171359e-04	 3189	 iter
2425	 1.171298e-04	 3191	 iter
2426	 1.171298e-04	 3192	 iter
2427	 1.171215e-04	 3194	 iter
2428	 1.171215e-04	 3195	 iter
2429	 1.171215e-04	 3196	 iter
2430	 1.171215e-04	 3197	 iter
2431	 1.171215e-04	 3198	 iter
2432	 1.171215e-04	 3199	 iter
2433	 1.171027e-04	 3201	 iter
2434	 1.171027e-04	 3202	 iter
2435	 1.171027e-04	 3203	 iter
2436	 1.171027e-04	 3204	 iter
2437	 1.171027e-04	 3205	 iter
2438	 1.171027e-04	 3206	 iter
2439	 1.171027e-04	 3207	 iter
2440	 1.171027e-04	 3208	 iter
2441	 1.171027e-04	 3209	 iter
2442	 1.170802e-04	 3211	 iter
2443	 1.170802e-04	 3212	 iter
2444	 1.170802e-04	 3213	 iter
2445	 1.170802e-04	 3214	 iter
2446	 1.170802e-04	 3215	 iter
2447	 1.170802e-04	 3216	 iter
2448	 1.170802e-04	 3217	 iter
2449	 1.170802e-04	 3218	 iter
2450	 1.170802e-04	 3219	 iter
2451	 1.170802e-04	 3220	 iter
2452	 1.170676e-04	 3222	 iter
2453	 1.170676e-04	 3223	 iter
2454	 1.170676e-04	 3224	 iter
2455	 1.170451e-04	 3226	 iter
2456	 1.170451e-04	 3227	 iter
2457	 1.170451e-04	 3228	 iter
2458	 1.170451e-04	 3229	 iter
2459	 1.170451e-04	 3230	 iter
2460	 1.170282e-04	 3232	 iter
2461	 1.170282e-04	 3233	 iter
2462	 1.170282e-04	 3234	 iter
2463	 1.170282e-04	 3235	 iter
2464	 1.170282e-04	 3236	 iter
2465	 1.170105e-04	 3238	 iter
2466	 1.170105e-04	 3239	 iter
2467	 1.170105e-04	 3240	 iter
2468	 1.169880e-04	 3242	 iter
2469	 1.169880e-04	 3243	 iter
2470	 1.169880e-04	 3244	 iter
2471	 1.169880e-04	 3245	 iter
2472	 1.169880e-04	 3246	 iter
2473	 1.169620e-04	 3248	 iter
2474	 1.169620e-04	 3249	 iter
2475	 1.169620e-04	 3250	 iter
2476	 1.169620e-04	 3251	 iter
2477	 1.169620e-04	 3252	 iter
2478	 1.169337e-04	 3254	 iter
2479	 1.169337e-04	 3255	 iter
2480	 1.169337e-04	 3256	 iter
2481	 1.169337e-04	 3257	 iter
2482	 1.169337e-04	 3258	 iter
2483	 1.169173e-04	 3260	 iter
2484	 1.168817e-04	 3262	 iter
2485	 1.168817e-04	 3263	 iter
2486	 1.168817e-04	 3264	 iter
2487	 1.168817e-04	 3265	 iter
2488	 1.168817e-04	 3266	 iter
2489	 1.168817e-04	 3267	 iter
2490	 1.168817e-04	 3268	 iter
2491	 1.168678e-04	 3270	 iter
2492	 1.168678e-04	 3271	 iter
2493	 1.168678e-04	 3272	 iter
2494	 1.168678e-04	 3273	 iter
2495	 1.168678e-04	 3274	 iter
2496	 1.168511e-04	 3276	 iter
2497	 1.168511e-04	 3277	 iter
2498	 1.168511e-04	 3278	 iter
2499	 1.168415e-04	 3280	 iter
2500	 1.167895e-04	 3282	 iter
2501	 1.167895e-04	 3283	 iter
2502	 1.167895e-04	 3284	 iter
2503	 1.167895e-04	 3285	 iter
2504	 1.167895e-04	 3286	 iter
2505	 1.167895e-04	 3287	 iter
2506	 1.167895e-04	 3288	 iter
2507	 1.167895e-04	 3289	 iter
2508	 1.167895e-04	 3290	 iter
2509	 1.167895e-04	 3292	 iter
2510	 1.167895e-04	 3293	 iter
2511	 1.167895e-04	 3294	 iter
2512	 1.167895e-04	 3295	 iter
2513	 1.167702e-04	 3297	 iter
2514	 1.167702e-04	 3298	 iter
2515	 1.167702e-04	 3299	 iter
2516	 1.167183e-04	 3301	 iter
2517	 1.167183e-04	 3302	 iter
2518	 1.167183e-04	 3303	 iter
2519	 1.167183e-04	 3304	 iter
2520	 1.167183e-04	 3305	 iter
2521	 1.167183e-04	 3306	 iter
2522	 1.167183e-04	 3307	 iter
2523	 1.166903e-04	 3309	 iter
2524	 1.166903e-04	 3310	 iter
2525	 1.166903e-04	 3311	 iter
2526	 1.166903e-04	 3312	 iter
2527	 1.166558e-04	 3314	 iter
2528	 1.166558e-04	 3315	 iter
2529	 1.166558e-04	 3316	 iter
2530	 1.166558e-04	 3317	 iter
2531	 1.166558e-04	 3318	 iter
2532	 1.166558e-04	 3319	 iter
2533	 1.165840e-04	 3321	 iter
2534	 1.165840e-04	 3322	 iter
2535	 1.165840e-04	 3323	 iter
2536	 1.165840e-04	 3324	 iter
2537	 1.165840e-04	 3325	 iter
2538	 1.165840e-04	 3326	 iter
2539	 1.165840e-04	 3327	 iter
2540	 1.165840e-04	 3328	 iter
2541	 1.165482e-04	 3330	 iter
2542	 1.165482e-04	 3331	 iter
2543	 1.165482e-04	 3332	 iter
2544	 1.165482e-04	 3333	 iter
2545	 1.164683e-04	 3335	 iter
2546	 1.164683e-04	 3336	 iter
2547	 1.164683e-04	 3337	 iter
2548	 1.164683e-04	 3338	 iter
2549	 1.164683e-04	 3339	 iter
2550	 1.164683e-04	 3340	 iter
2551	 1.164683e-04	 3341	 iter
2552	 1.164683e-04	 3342	 iter
2553	 1.164666e-04	 3344	 iter
2554	 1.163978e-04	 3346	 iter
2555	 1.163978e-04	 3347	 iter
2556	 1.163978e-04	 3348	 iter
2557	 1.163978e-04	 3349	 iter
2558	 1.163797e-04	 3351	 iter
2559	 1.163714e-04	 3353	 iter
2560	 1.163714e-04	 3354	 iter
2561	 1.163714e-04	 3355	 iter
2562	 1.163714e-04	 3356	 iter
2563	 1.163714e-04	 3357	 iter
2564	 1.163683e-04	 3359	 iter
2565	 1.163683e-04	 3360	 iter
2566	 1.163294e-04	 3362	 iter
2567	 1.163294e-04	 3363	 iter
2568	 1.163294e-04	 3364	 iter
2569	 1.163178e-04	 3366	 iter
2570	 1.163178e-04	 3367	 iter
2571	 1.163178e-04	 3368	 iter
2572	 1.162904e-04	 3370	 iter
2573	 1.162904e-04	 3371	 iter
2574	 1.162904e-04	 3372	 iter
2575	 1.162904e-04	 3373	 iter
2576	 1.162904e-04	 3374	 iter
2577	 1.162904e-04	 3375	 iter
2578	 1.162655e-04	 3377	 iter
2579	 1.162655e-04	 3378	 iter
2580	 1.162655e-04	 3379	 iter
2581	 1.162655e-04	 3380	 iter
2582	 1.162655e-04	 3381	 iter
2583	 1.162655e-04	 3382	 iter
2584	 1.162655e-04	 3383	 iter
2585	 1.162655e-04	 3384	 iter
2586	 1.162655e-04	 3385	 iter
2587	 1.162655e-04	 3387	 iter
2588	 1.162655e-04	 3389	 iter
2589	 1.162391e-04	 3391	 iter
2590	 1.162391e-04	 3392	 iter
2591	 1.162391e-04	 3393	 iter
2592	 1.162391e-04	 3395	 iter
2593	 1.162391e-04	 3396	 iter
2594	 1.162391e-04	 3397	 iter
2595	 1.162391e-04	 3398	 iter
2596	 1.162391e-04	 3399	 iter
2597	 1.162391e-04	 3400	 iter
2598	 1.162311e-04	 3402	 iter
2599	 1.162311e-04	 3403	 iter
2600	 1.162311e-04	 3404	 iter
2601	 1.162311e-04	 3405	 iter
2602	 1.162311e-04	 3406	 iter
2603	 1.162311e-04	 3407	 iter
2604	 1.162311e-04	 3408	 iter
2605	 1.162311e-04	 3409	 iter
2606	 1.162249e-04	 3411	 iter
2607	 1.162249e-04	 3412	 iter
2608	 1.162249e-04	 3414	 iter
2609	 1.162249e-04	 3415	 iter
2610	 1.162215e-04	 3417	 iter
2611	 1.162215e-04	 3418	 iter
2612	 1.162215e-04	 3419	 iter
2613	 1.162215e-04	 3421	 iter
2614	 1.161964e-04	 3423	 iter
2615	 1.161964e-04	 3425	 iter
2616	 1.161964e-04	 3426	 iter
2617	 1.161964e-04	 3427	 iter
2618	 1.161964e-04	 3429	 iter
2619	 1.161964e-04	 3430	 iter
2620	 1.161964e-04	 3431	 iter
2621	 1.161964e-04	 3432	 iter
2622	 1.161964e-04	 3433	 iter
2623	 1.161964e-04	 3434	 iter
2624	 1.161964e-04	 3435	 iter
2625	 1.161964e-04	 3437	 iter
2626	 1.161927e-04	 3439	 iter
2627	 1.161927e-04	 3441	 iter
2628	 1.161927e-04	 3442	 iter
2629	 1.161927e-04	 3443	 iter
2630	 1.161927e-04	 3445	 iter
2631	 1.161903e-04	 3447	 iter
2632	 1.161903e-04	 3449	 iter
2633	 1.161764e-04	 3451	 iter
2634	 1.161764e-04	 3452	 iter
2635	 1.161764e-04	 3453	 iter
2636	 1.161764e-04	 3454	 iter
2637	 1.161725e-04	 3456	 iter
2638	 1.161725e-04	 3457	 iter
2639	 1.161725e-04	 3458	 iter
2640	 1.161725e-04	 3459	 iter
2641	 1.161725e-04	 3461	 iter
2642	 1.161725e-04	 3463	 iter
2643	 1.161725e-04	 3464	 iter
2644	 1.161725e-04	 3465	 iter
2645	 1.161725e-04	 3466	 iter
2646	 1.161725e-04	 3467	 iter
2647	 1.161663e-04	 3469	 iter
2648	 1.161663e-04	 3470	 iter
2649	 1.161663e-04	 3471	 iter
2650	 1.161663e-04	 3472	 iter
2651	 1.161663e-04	 3473	 iter
2652	 1.161663e-04	 3475	 iter
2653	 1.161624e-04	 3477	 iter
2654	 1.161624e-04	 3478	 iter
2655	 1.161624e-04	 3479	 iter
2656	 1.161624e-04	 3480	 iter
2657	 1.161592e-04	 3482	 iter
2658	 1.161592e-04	 3483	 iter
2659	 1.161592e-04	 3485	 iter
2660	 1.161592e-04	 3486	 iter
2661	 1.161592e-04	 3487	 iter
2662	 1.161592e-04	 3489	 iter
2663	 1.161592e-04	 3490	 iter
2664	 1.161592e-04	 3491	 iter
2665	 1.161592e-04	 3493	 iter
2666	 1.161592e-04	 3495	 iter
2667	 1.161592e-04	 3497	 iter
2668	 1.161592e-04	 3498	 iter
2669	 1.161592e-04	 3499	 iter
2670	 1.161592e-04	 3500	 iter
2671	 1.161592e-04	 3502	 iter
2672	 1.161592e-04	 3503	 iter
2673	 1.161592e-04	 3505	 iter
2674	 1.161592e-04	 3506	 iter
2675	 1.161592e-04	 3507	 iter
2676	 1.161592e-04	 3508	 iter
2677	 1.161592e-04	 3509	 iter
2678	 1.161534e-04	 3511	 iter
2679	 1.161534e-04	 3512	 iter
2680	 1.161534e-04	 3514	 iter
2681	 1.161534e-04	 3515	 iter
2682	 1.161534e-04	 3516	 iter
2683	 1.161529e-04	 3518	 iter
2684	 1.161529e-04	 3519	 iter
2685	 1.161529e-04	 3520	 iter
2686	 1.161529e-04	 3522	 iter
2687	 1.161529e-04	 3523	 iter
2688	 1.161529e-04	 3524	 iter
2689	 1.161529e-04	 3525	 iter
2690	 1.161529e-04	 3526	 iter
2691	 1.161529e-04	 3527	 iter
2692	 1.161529e-04	 3529	 iter
2693	 1.161529e-04	 3530	 iter
2694	 1.161529e-04	 3531	 iter
2695	 1.161529e-04	 3532	 iter
2696	 1.161529e-04	 3533	 iter
2697	 1.161529e-04	 3534	 iter
2698	 1.161502e-04	 3536	 iter
2699	 1.161502e-04	 3537	 iter
2700	 1.161502e-04	 3539	 iter
2701	 1.161502e-04	 3540	 iter
2702	 1.161502e-04	 3541	 iter
2703	 1.161502e-04	 3542	 iter
2704	 1.161502e-04	 3543	 iter
2705	 1.161502e-04	 3544	 iter
2706	 1.161502e-04	 3546	 iter
2707	 1.161502e-04	 3547	 iter
2708	 1.161502e-04	 3549	 iter
2709	 1.161502e-04	 3550	 iter
2710	 1.161502e-04	 3551	 iter
2711	 1.161502e-04	 3552	 iter
2712	 1.161502e-04	 3553	 iter
2713	 1.161501e-04	 3555	 iter
2714	 1.161477e-04	 3557	 iter
2715	 1.161477e-04	 3559	 iter
2716	 1.161477e-04	 3561	 iter
2717	 1.161477e-04	 3562	 iter
2718	 1.161477e-04	 3563	 iter
2719	 1.161477e-04	 3564	 iter
2720	 1.161477e-04	 3565	 iter
2721	 1.161470e-04	 3567	 iter
2722	 1.161470e-04	 3569	 iter
2723	 1.161470e-04	 3571	 iter
2724	 1.161470e-04	 3573	 iter
2725	 1.161470e-04	 3574	 iter
2726	 1.161470e-04	 3575	 iter
2727	 1.161470e-04	 3576	 iter
2728	 1.161470e-04	 3578	 iter
2729	 1.161470e-04	 3580	 iter
2730	 1.161470e-04	 3582	 iter
2731	 1.161470e-04	 3583	 iter
2732	 1.161470e-04	 3584	 iter
2733	 1.161470e-04	 3585	 iter
2734	 1.161461e-04	 3587	 iter
2735	 1.161461e-04	 3589	 iter
2736	 1.161461e-04	 3591	 iter
2737	 1.161457e-04	 3593	 iter
2738	 1.161457e-04	 3594	 iter
2739	 1.161457e-04	 3596	 iter
2740	 1.161457e-04	 3597	 iter
2741	 1.161457e-04	 3598	 iter
2742	 1.161457e-04	 3599	 iter
2743	 1.161457e-04	 3601	 iter
2744	 1.161457e-04	 3603	 iter
2745	 1.161457e-04	 3604	 iter
2746	 1.161457e-04	 3605	 iter
2747	 1.161457e-04	 3606	 iter
2748	 1.161457e-04	 3607	 iter
2749	 1.161457e-04	 3608	 iter
2750	 1.161457e-04	 3609	 iter
2751	 1.161453e-04	 3611	 iter
2752	 1.161453e-04	 3612	 iter
2753	 1.161451e-04	 3614	 iter
2754	 1.161451e-04	 3615	 iter
2755	 1.161451e-04	 3616	 iter
2756	 1.161449e-04	 3618	 iter
2757	 1.161449e-04	 3620	 iter
2758	 1.161449e-04	 3621	 iter
2759	 1.161449e-04	 3623	 iter
2760	 1.161446e-04	 3625	 iter
2761	 1.161446e-04	 3626	 iter
2762	 1.161446e-04	 3627	 iter
2763	 1.161446e-04	 3628	 iter
2764	 1.161446e-04	 3630	 iter
2765	 1.161446e-04	 3631	 iter
2766	 1.161446e-04	 3632	 iter
2767	 1.161446e-04	 3633	 iter
2768	 1.161446e-04	 3634	 iter
2769	 1.161446e-04	 3635	 iter
2770	 1.161446e-04	 3636	 iter
2771	 1.161446e-04	 3637	 iter
2772	 1.161446e-04	 3638	 iter
2773	 1.161446e-04	 3639	 iter
2774	 1.161446e-04	 3641	 iter
2775	 1.161446e-04	 3642	 iter
2776	 1.161446e-04	 3644	 iter
2777	 1.161445e-04	 3646	 iter
2778	 1.161444e-04	 3648	 iter
2779	 1.161444e-04	 3649	 iter
2780	 1.161443e-04	 3651	 iter
2781	 1.161443e-04	 3652	 iter
2782	 1.161443e-04	 3653	 iter
2783	 1.161443e-04	 3655	 iter
2784	 1.161443e-04	 3657	 iter
2785	 1.161443e-04	 3658	 iter
2786	 1.161443e-04	 3659	 iter
2787	 1.161443e-04	 3661	 iter
2788	 1.161442e-04	 3663	 iter
2789	 1.161442e-04	 3665	 iter
2790	 1.161442e-04	 3666	 iter
2791	 1.161442e-04	 3667	 iter
2792	 1.161441e-04	 3669	 iter
2793	 1.161441e-04	 3671	 iter
2794	 1.161441e-04	 3673	 iter
2795	 1.161441e-04	 3675	 iter
2796	 1.161441e-04	 3676	 iter
2797	 1.161441e-04	 3677	 iter
2798	 1.161441e-04	 3679	 iter
2799	 1.161441e-04	 3681	 iter
2800	 1.161441e-04	 3683	 iter
2801	 1.161441e-04	 3684	 iter
2802	 1.161441e-04	 3685	 iter
2803	 1.161440e-04	 3687	 iter
2804	 1.161440e-04	 3689	 iter
2805	 1.161440e-04	 3691	 iter
2806	 1.161440e-04	 3692	 iter
2807	 1.161440e-04	 3694	 iter
2808	 1.161440e-04	 3695	 iter
2809	 1.161440e-04	 3697	 iter
2810	 1.161440e-04	 3699	 iter
2811	 1.161440e-04	 3700	 iter
2812	 1.161439e-04	 3702	 iter
2813	 1.161439e-04	 3703	 iter
2814	 1.161439e-04	 3704	 iter
2815	 1.161439e-04	 3706	 iter
2816	 1.161439e-04	 3708	 iter
2817	 1.161439e-04	 3710	 iter
2818	 1.161439e-04	 3712	 iter
2819	 1.161439e-04	 3713	 iter
2820	 1.161439e-04	 3715	 iter
2821	 1.161439e-04	 3716	 iter
2822	 1.161439e-04	 3717	 iter
2823	 1.161439e-04	 3719	 iter
2824	 1.161439e-04	 3721	 iter
2825	 1.161439e-04	 3722	 iter
2826	 1.161439e-04	 3723	 iter
2827	 1.161439e-04	 3725	 iter
2828	 1.161439e-04	 3727	 iter
2829	 1.161439e-04	 3729	 iter
2830	 1.161439e-04	 3730	 iter
2831	 1.161439e-04	 3731	 iter
2832	 1.161439e-04	 3733	 iter
2833	 1.161439e-04	 3735	 iter
2834	 1.161439e-04	 3736	 iter
2835	 1.161439e-04	 3738	 iter
2836	 1.161438e-04	 3740	 iter
2837	 1.161438e-04	 3742	 iter
2838	 1.161438e-04	 3744	 iter
2839	 1.161438e-04	 3746	 iter
2840	 1.161438e-04	 3747	 iter
2841	 1.161438e-04	 3748	 iter
2842	 1.161438e-04	 3750	 iter
2843	 1.161438e-04	 3752	 iter
2844	 1.161438e-04	 3753	 iter
2845	 1.161438e-04	 3755	 iter
2846	 1.161438e-04	 3756	 iter
2847	 1.161438e-04	 3758	 iter
2848	 1.161438e-04	 3759	 iter
2849	 1.161438e-04	 3760	 iter
2850	 1.161438e-04	 3762	 iter
2851	 1.161438e-04	 3763	 iter
2852	 1.161438e-04	 3765	 iter
2853	 1.161438e-04	 3766	 iter
2854	 1.161438e-04	 3768	 iter
2854	 1.161438e-04	 3768	 done
