0	 3.874223e-04	 1	 init
0	 3.874223e-04	 1	 iter
1	 3.719843e-04	 17	 iter
2	 3.719843e-04	 19	 iter
3	 3.719843e-04	 20	 iter
4	 3.719843e-04	 21	 iter
5	 3.629967e-04	 23	 iter
6	 3.629967e-04	 25	 iter
7	 3.629967e-04	 27	 iter
8	 3.629967e-04	 28	 iter
9	 3.629967e-04	 30	 iter
10	 3.629967e-04	 31	 iter
11	 3.629967e-04	 32	 iter
12	 3.629967e-04	 33	 iter
13	 3.607622e-04	 35	 iter
14	 3.607622e-04	 36	 iter
15	 3.607622e-04	 37	 iter
16	 3.607622e-04	 38	 iter
17	 3.607622e-04	 39	 iter
18	 3.607622e-04	 40	 iter
19	 3.607622e-04	 41	 iter
20	 3.607622e-04	 42	 iter
21	 3.495880e-04	 44	 iter
22	 3.488670e-04	 46	 iter
23	 3.488670e-04	 48	 iter
24	 3.488670e-04	 49	 iter
25	 3.488670e-04	 51	 iter
26	 3.488670e-04	 53	 iter
27	 3.488670e-04	 54	 iter
28	 3.488670e-04	 55	 iter
29	 3.488670e-04	 56	 iter
30	 3.488670e-04	 57	 iter
31	 3.488670e-04	 58	 iter
32	 3.488670e-04	 59	 iter
33	 3.488670e-04	 60	 iter
34	 3.488670e-04	 61	 iter
35	 3.488670e-04	 63	 iter
36	 3.487206e-04	 65	 iter
37	 3.484032e-04	 67	 iter
38	 3.484032e-04	 68	 iter
39	 3.483191e-04	 70	 iter
40	 3.483191e-04	 72	 iter
41	 3.483191e-04	 73	 iter
42	 3.483191e-04	 74	 iter
43	 3.483191e-04	 75	 iter
44	 3.483191e-04	 77	 iter
45	 3.444637e-04	 79	 iter
46	 3.436198e-04	 81	 iter
47	 3.436198e-04	 82	 iter
48	 3.436198e-04	 84	 iter
49	 3.436198e-04	 85	 iter
50	 3.436198e-04	 87	 iter
51	 3.436198e-04	 88	 iter
52	 3.436198e-04	 90	 iter
53	 3.436198e-04	 91	 iter
54	 3.436198e-04	 92	 iter
55	 3.436198e-04	 93	 iter
56	 3.436198e-04	 94	 iter
57	 3.436198e-04	 96	 iter
58	 3.436198e-04	 98	 iter
59	 3.436198e-04	 100	 iter
60	 3.436198e-04	 101	 iter
61	 3.436198e-04	 102	 iter
62	 3.422447e-04	 104	 iter
63	 3.393056e-04	 106	 iter
64	 3.393056e-04	 107	 iter
65	 3.393056e-04	 108	 iter
66	 3.393056e-04	 109	 iter
67	 3.393056e-04	 110	 iter
68	 3.353844e-04	 112	 iter
69	 3.353844e-04	 113	 iter
70	 3.353844e-04	 114	 iter
71	 3.353844e-04	 115	 iter
72	 3.353844e-04	 116	 iter
73	 3.353844e-04	 117	 iter
74	 3.353844e-04	 118	 iter
75	 3.353844e-04	 119	 iter
76	 3.353844e-04	 120	 iter
77	 3.353844e-04	 121	 iter
78	 3.353844e-04	 122	 iter
79	 3.353844e-04	 123	 iter
80	 3.327282e-04	 125	 iter
81	 3.327282e-04	 126	 iter
82	 3.327282e-04	 127	 iter
83	 3.327282e-04	 128	 iter
84	 3.273770e-04	 130	 iter
85	 3.273770e-04	 131	 iter
86	 3.273770e-04	 132	 iter
87	 3.273770e-04	 133	 iter
88	 3.273770e-04	 134	 iter
89	 3.273770e-04	 135	 iter
90	 3.273770e-04	 136	 iter
91	 3.239442e-04	 138	 iter
92	 3.239442e-04	 139	 iter
93	 3.239442e-04	 140	 iter
94	 3.239442e-04	 141	 iter
95	 3.239442e-04	 142	 iter
96	 3.239442e-04	 143	 iter
97	 3.239442e-04	 144	 iter
98	 3.208451e-04	 146	 iter
99	 3.208451e-04	 148	 iter
100	 3.208451e-04	 149	 iter
101	 3.208451e-04	 150	 iter
102	 3.136171e-04	 152	 iter
103	 3.136171e-04	 153	 iter
104	 3.136171e-04	 154	 iter
105	 3.136171e-04	 155	 iter
106	 3.061199e-04	 157	 iter
107	 3.061199e-04	 158	 iter
108	 3.061199e-04	 159	 iter
109	 3.061199e-04	 160	 iter
110	 3.061199e-04	 161	 iter
111	 3.061199e-04	 162	 iter
112	 3.061199e-04	 163	 iter
113	 3.061199e-04	 164	 iter
114	 3.061199e-04	 165	 iter
115	 3.006321e-04	 167	 iter
116	 3.006321e-04	 168	 iter
117	 3.006321e-04	 169	 iter
118	 3.006321e-04	 170	 iter
119	 2.934483e-04	 172	 iter
120	 2.934483e-04	 173	 iter
121	 2.934483e-04	 174	 iter
122	 2.934483e-04	 175	 iter
123	 2.934483e-04	 176	 iter
124	 2.934483e-04	 177	 iter
125	 2.797690e-04	 179	 iter
126	 2.797690e-04	 180	 iter
127	 2.797690e-04	 181	 iter
128	 2.797690e-04	 182	 iter
129	 2.797690e-04	 183	 iter
130	 2.693369e-04	 185	 iter
131	 2.693369e-04	 186	 iter
132	 2.693369e-04	 187	 iter
133	 2.693369e-04	 188	 iter
134	 2.693369e-04	 189	 iter
135	 2.693369e-04	 190	 iter
136	 2.693369e-04	 191	 iter
137	 2.693369e-04	 192	 iter
138	 2.693369e-04	 193	 iter
139	 2.635253e-04	 195	 iter
140	 2.635253e-04	 196	 iter
141	 2.635253e-04	 197	 iter
142	 2.635253e-04	 198	 iter
143	 2.577841e-04	 200	 iter
144	 2.577841e-04	 201	 iter
145	 2.577841e-04	 202	 iter
146	 2.577841e-04	 203	 iter
147	 2.576649e-04	 205	 iter
148	 2.576649e-04	 206	 iter
149	 2.544872e-04	 208	 iter
150	 2.425328e-04	 210	 iter
151	 2.425328e-04	 211	 iter
152	 2.425328e-04	 212	 iter
153	 2.425328e-04	 213	 iter
154	 2.425328e-04	 214	 iter
155	 2.425328e-04	 215	 iter
156	 2.425328e-04	 216	 iter
157	 2.425328e-04	 217	 iter
158	 2.425328e-04	 218	 iter
159	 2.425328e-04	 219	 iter
160	 2.425328e-04	 220	 iter
161	 2.425328e-04	 221	 iter
162	 2.425328e-04	 222	 iter
163	 2.425328e-04	 223	 iter
164	 2.391118e-04	 225	 iter
165	 2.391118e-04	 226	 iter
166	 2.391118e-04	 228	 iter
167	 2.391118e-04	 229	 iter
168	 2.391118e-04	 230	 iter
169	 2.391118e-04	 231	 iter
170	 2.391118e-04	 232	 iter
171	 2.391118e-04	 233	 iter
172	 2.391118e-04	 234	 iter
173	 2.391118e-04	 236	 iter
174	 2.391118e-04	 237	 iter
175	 2.375361e-04	 239	 iter
176	 2.375361e-04	 240	 iter
177	 2.375361e-04	 242	 iter
178	 2.375361e-04	 243	 iter
179	 2.375361e-04	 245	 iter
180	 2.375361e-04	 246	 iter
181	 2.375361e-04	 247	 iter
182	 2.375361e-04	 248	 iter
183	 2.375361e-04	 249	 iter
184	 2.375361e-04	 250	 iter
185	 2.375361e-04	 251	 iter
186	 2.375361e-04	 252	 iter
187	 2.371118e-04	 254	 iter
188	 2.371118e-04	 255	 iter
189	 2.365134e-04	 257	 iter
190	 2.365134e-04	 258	 iter
191	 2.365134e-04	 259	 iter
192	 2.365134e-04	 260	 iter
193	 2.365134e-04	 261	 iter
194	 2.365134e-04	 262	 iter
195	 2.347813e-04	 264	 iter
196	 2.338776e-04	 266	 iter
197	 2.338776e-04	 268	 iter
198	 2.338776e-04	 269	 iter
199	 2.338776e-04	 270	 iter
200	 2.338776e-04	 271	 iter
201	 2.324901e-04	 273	 iter
202	 2.324901e-04	 274	 iter
203	 2.324901e-04	 275	 iter
204	 2.324901e-04	 276	 iter
205	 2.324901e-04	 278	 iter
206	 2.324901e-04	 279	 iter
207	 2.324105e-04	 281	 iter
208	 2.324105e-04	 282	 iter
209	 2.324105e-04	 284	 iter
210	 2.324105e-04	 285	 iter
211	 2.324105e-04	 286	 iter
212	 2.324105e-04	 288	 iter
213	 2.324105e-04	 289	 iter
214	 2.324105e-04	 290	 iter
215	 2.324105e-04	 291	 iter
216	 2.310430e-04	 293	 iter
217	 2.299711e-04	 295	 iter
218	 2.298989e-04	 297	 iter
219	 2.298989e-04	 298	 iter
220	 2.298989e-04	 299	 iter
221	 2.298659e-04	 301	 iter
222	 2.298659e-04	 302	 iter
223	 2.298659e-04	 303	 iter
224	 2.298659e-04	 304	 iter
225	 2.262095e-04	 306	 iter
226	 2.262095e-04	 307	 iter
227	 2.262095e-04	 308	 iter
228	 2.239702e-04	 310	 iter
229	 2.239702e-04	 311	 iter
230	 2.239702e-04	 312	 iter
231	 2.239702e-04	 313	 iter
232	 2.239702e-04	 314	 iter
233	 2.239702e-04	 315	 iter
234	 2.239702e-04	 316	 iter
235	 2.239702e-04	 317	 iter
236	 2.239702e-04	 318	 iter
237	 2.239702e-04	 319	 iter
238	 2.239702e-04	 320	 iter
239	 2.237949e-04	 322	 iter
240	 2.237949e-04	 323	 iter
241	 2.237949e-04	 325	 iter
242	 2.237949e-04	 326	 iter
243	 2.190328e-04	 328	 iter
244	 2.190328e-04	 329	 iter
245	 2.190328e-04	 330	 iter
246	 2.190328e-04	 331	 iter
247	 2.190328e-04	 332	 iter
248	 2.190328e-04	 333	 iter
249	 2.190328e-04	 334	 iter
250	 2.190328e-04	 335	 iter
251	 2.190328e-04	 336	 iter
252	 2.190328e-04	 337	 iter
253	 2.190328e-04	 338	 iter
254	 2.175046e-04	 340	 iter
255	 2.173273e-04	 342	 iter
256	 2.173273e-04	 343	 iter
257	 2.165610e-04	 345	 iter
258	 2.165610e-04	 346	 iter
259	 2.165610e-04	 347	 iter
260	 2.165610e-04	 348	 iter
261	 2.156126e-04	 350	 iter
262	 2.156126e-04	 351	 iter
263	 2.156126e-04	 352	 iter
264	 2.156126e-04	 353	 iter
265	 2.149080e-04	 355	 iter
266	 2.149080e-04	 356	 iter
267	 2.149080e-04	 357	 iter
268	 2.142328e-04	 359	 iter
269	 2.142328e-04	 360	 iter
270	 2.142328e-04	 361	 iter
271	 2.142328e-04	 362	 iter
272	 2.117794e-04	 364	 iter
273	 2.117794e-04	 365	 iter
274	 2.117794e-04	 366	 iter
275	 2.117080e-04	 368	 iter
276	 2.110940e-04	 370	 iter
277	 2.110940e-04	 371	 iter
278	 2.110940e-04	 373	 iter
279	 2.106189e-04	 375	 iter
280	 2.106189e-04	 376	 iter
281	 2.102661e-04	 378	 iter
282	 2.102661e-04	 379	 iter
283	 2.102661e-04	 380	 iter
284	 2.102661e-04	 381	 iter
285	 2.099702e-04	 383	 iter
286	 2.099702e-04	 385	 iter
287	 2.095621e-04	 387	 iter
288	 2.095621e-04	 388	 iter
289	 2.095621e-04	 389	 iter
290	 2.095621e-04	 391	 iter
291	 2.079692e-04	 393	 iter
292	 2.079692e-04	 394	 iter
293	 2.079692e-04	 395	 iter
294	 2.079692e-04	 396	 iter
295	 2.079692e-04	 397	 iter
296	 2.079692e-04	 398	 iter
297	 2.079692e-04	 399	 iter
298	 2.079692e-04	 401	 iter
299	 2.079692e-04	 403	 iter
300	 2.057971e-04	 405	 iter
301	 2.057971e-04	 406	 iter
302	 2.057971e-04	 407	 iter
303	 2.057971e-04	 408	 iter
304	 2.057971e-04	 409	 iter
305	 2.057971e-04	 410	 iter
306	 2.057971e-04	 411	 iter
307	 2.057971e-04	 412	 iter
308	 2.057971e-04	 413	 iter
309	 2.051514e-04	 415	 iter
310	 2.051514e-04	 416	 iter
311	 2.051514e-04	 417	 iter
312	 2.051514e-04	 418	 iter
313	 2.041193e-04	 420	 iter
314	 2.041193e-04	 421	 iter
315	 2.041193e-04	 422	 iter
316	 2.035626e-04	 424	 iter
317	 2.035626e-04	 425	 iter
318	 2.035626e-04	 426	 iter
319	 2.035626e-04	 427	 iter
320	 2.035626e-04	 428	 iter
321	 2.035626e-04	 429	 iter
322	 2.035626e-04	 430	 iter
323	 2.030783e-04	 432	 iter
324	 2.021093e-04	 434	 iter
325	 2.021093e-04	 435	 iter
326	 2.021093e-04	 436	 iter
327	 2.021093e-04	 437	 iter
328	 2.021093e-04	 438	 iter
329	 2.021093e-04	 440	 iter
330	 2.021093e-04	 442	 iter
331	 2.021093e-04	 443	 iter
332	 2.021093e-04	 444	 iter
333	 2.021093e-04	 445	 iter
334	 2.021093e-04	 446	 iter
335	 2.021093e-04	 448	 iter
336	 2.021093e-04	 449	 iter
337	 2.015446e-04	 451	 iter
338	 1.980243e-04	 453	 iter
339	 1.980243e-04	 454	 iter
340	 1.980243e-04	 455	 iter
341	 1.980243e-04	 456	 iter
342	 1.980243e-04	 457	 iter
343	 1.980243e-04	 458	 iter
344	 1.980243e-04	 459	 iter
345	 1.980243e-04	 460	 iter
346	 1.980243e-04	 461	 iter
347	 1.980243e-04	 462	 iter
348	 1.980243e-04	 463	 iter
349	 1.980243e-04	 464	 iter
350	 1.980243e-04	 465	 iter
351	 1.980243e-04	 466	 iter
352	 1.980243e-04	 467	 iter
353	 1.980243e-04	 468	 iter
354	 1.980243e-04	 469	 iter
355	 1.980243e-04	 470	 iter
356	 1.978839e-04	 472	 iter
357	 1.962145e-04	 474	 iter
358	 1.962145e-04	 475	 iter
359	 1.941182e-04	 477	 iter
360	 1.941182e-04	 478	 iter
361	 1.941182e-04	 479	 iter
362	 1.941182e-04	 480	 iter
363	 1.941182e-04	 481	 iter
364	 1.941182e-04	 482	 iter
365	 1.929178e-04	 484	 iter
366	 1.929178e-04	 485	 iter
367	 1.929178e-04	 486	 iter
368	 1.929178e-04	 487	 iter
369	 1.889397e-04	 489	 iter
370	 1.889397e-04	 490	 iter
371	 1.889397e-04	 491	 iter
372	 1.889397e-04	 492	 iter
373	 1.889397e-04	 493	 iter
374	 1.889397e-04	 494	 iter
375	 1.889397e-04	 495	 iter
376	 1.889397e-04	 496	 iter
377	 1.877698e-04	 498	 iter
378	 1.877698e-04	 499	 iter
379	 1.877698e-04	 500	 iter
380	 1.877698e-04	 501	 iter
381	 1.877698e-04	 502	 iter
382	 1.837077e-04	 504	 iter
383	 1.837077e-04	 505	 iter
384	 1.837077e-04	 506	 iter
385	 1.837077e-04	 507	 iter
386	 1.837077e-04	 508	 iter
387	 1.837077e-04	 509	 iter
388	 1.837077e-04	 510	 iter
389	 1.816988e-04	 512	 iter
390	 1.816988e-04	 513	 iter
391	 1.816988e-04	 514	 iter
392	 1.749688e-04	 516	 iter
393	 1.749688e-04	 517	 iter
394	 1.749688e-04	 518	 iter
395	 1.749688e-04	 519	 iter
396	 1.749688e-04	 520	 iter
397	 1.749688e-04	 521	 iter
398	 1.749688e-04	 522	 iter
399	 1.749688e-04	 523	 iter
400	 1.749688e-04	 524	 iter
401	 1.749688e-04	 525	 iter
402	 1.749688e-04	 526	 iter
403	 1.729355e-04	 528	 iter
404	 1.729355e-04	 529	 iter
405	 1.729355e-04	 530	 iter
406	 1.713110e-04	 532	 iter
407	 1.713110e-04	 533	 iter
408	 1.713110e-04	 534	 iter
409	 1.713110e-04	 535	 iter
410	 1.713110e-04	 536	 iter
411	 1.713110e-04	 537	 iter
412	 1.713110e-04	 538	 iter
413	 1.713110e-04	 539	 iter
414	 1.713110e-04	 540	 iter
415	 1.713110e-04	 541	 iter
416	 1.703115e-04	 543	 iter
417	 1.703115e-04	 544	 iter
418	 1.703115e-04	 545	 iter
419	 1.703115e-04	 546	 iter
420	 1.684251e-04	 548	 iter
421	 1.684251e-04	 549	 iter
422	 1.684251e-04	 550	 iter
423	 1.684251e-04	 551	 iter
424	 1.684251e-04	 552	 iter
425	 1.684251e-04	 553	 iter
426	 1.684251e-04	 554	 iter
427	 1.684251e-04	 555	 iter
428	 1.684251e-04	 556	 iter
429	 1.684251e-04	 558	 iter
430	 1.684251e-04	 559	 iter
431	 1.684251e-04	 560	 iter
432	 1.684251e-04	 561	 iter
433	 1.684251e-04	 562	 iter
434	 1.683476e-04	 564	 iter
435	 1.672571e-04	 566	 iter
436	 1.672571e-04	 568	 iter
437	 1.672571e-04	 570	 iter
438	 1.672571e-04	 571	 iter
439	 1.672571e-04	 572	 iter
440	 1.672571e-04	 573	 iter
441	 1.672571e-04	 574	 iter
442	 1.672571e-04	 575	 iter
443	 1.672571e-04	 576	 iter
444	 1.672571e-04	 577	 iter
445	 1.671888e-04	 579	 iter
446	 1.671888e-04	 581	 iter
447	 1.671888e-04	 583	 iter
448	 1.671888e-04	 585	 iter
449	 1.671888e-04	 586	 iter
450	 1.671888e-04	 588	 iter
451	 1.666978e-04	 590	 iter
452	 1.666978e-04	 591	 iter
453	 1.666978e-04	 592	 iter
454	 1.666978e-04	 594	 iter
455	 1.654013e-04	 596	 iter
456	 1.654013e-04	 598	 iter
457	 1.642553e-04	 600	 iter
458	 1.642553e-04	 601	 iter
459	 1.642553e-04	 602	 iter
460	 1.642553e-04	 603	 iter
461	 1.642553e-04	 604	 iter
462	 1.642553e-04	 605	 iter
463	 1.642553e-04	 607	 iter
464	 1.642553e-04	 608	 iter
465	 1.642553e-04	 609	 iter
466	 1.642073e-04	 611	 iter
467	 1.642073e-04	 613	 iter
468	 1.641566e-04	 615	 iter
469	 1.630979e-04	 617	 iter
470	 1.630979e-04	 618	 iter
471	 1.630979e-04	 619	 iter
472	 1.627268e-04	 621	 iter
473	 1.624060e-04	 623	 iter
474	 1.624060e-04	 624	 iter
475	 1.624060e-04	 625	 iter
476	 1.624060e-04	 626	 iter
477	 1.604291e-04	 628	 iter
478	 1.604291e-04	 629	 iter
479	 1.604291e-04	 630	 iter
480	 1.604291e-04	 631	 iter
481	 1.604291e-04	 632	 iter
482	 1.604291e-04	 633	 iter
483	 1.604291e-04	 634	 iter
484	 1.594737e-04	 636	 iter
485	 1.594737e-04	 637	 iter
486	 1.594737e-04	 638	 iter
487	 1.594737e-04	 639	 iter
488	 1.583114e-04	 641	 iter
489	 1.583114e-04	 642	 iter
490	 1.583114e-04	 643	 iter
491	 1.583114e-04	 644	 iter
492	 1.583114e-04	 645	 iter
493	 1.583114e-04	 646	 iter
494	 1.583114e-04	 647	 iter
495	 1.583114e-04	 648	 iter
496	 1.573565e-04	 650	 iter
497	 1.573565e-04	 651	 iter
498	 1.558973e-04	 653	 iter
499	 1.558973e-04	 654	 iter
500	 1.558973e-04	 655	 iter
501	 1.545934e-04	 657	 iter
502	 1.545934e-04	 658	 iter
503	 1.545934e-04	 659	 iter
504	 1.541140e-04	 661	 iter
505	 1.537937e-04	 663	 iter
506	 1.526187e-04	 665	 iter
507	 1.526187e-04	 666	 iter
508	 1.526187e-04	 667	 iter
509	 1.526187e-04	 668	 iter
510	 1.502567e-04	 670	 iter
511	 1.502567e-04	 671	 iter
512	 1.502567e-04	 672	 iter
513	 1.498530e-04	 674	 iter
514	 1.498530e-04	 675	 iter
515	 1.448413e-04	 677	 iter
516	 1.448413e-04	 678	 iter
517	 1.448413e-04	 679	 iter
518	 1.448413e-04	 680	 iter
519	 1.406617e-04	 682	 iter
520	 1.406617e-04	 683	 iter
521	 1.406617e-04	 684	 iter
522	 1.406617e-04	 685	 iter
523	 1.406617e-04	 686	 iter
524	 1.406617e-04	 687	 iter
525	 1.406617e-04	 688	 iter
526	 1.406617e-04	 689	 iter
527	 1.406617e-04	 690	 iter
528	 1.406617e-04	 692	 iter
529	 1.395906e-04	 694	 iter
530	 1.395906e-04	 695	 iter
531	 1.395906e-04	 696	 iter
532	 1.395906e-04	 697	 iter
533	 1.359504e-04	 699	 iter
534	 1.359504e-04	 700	 iter
535	 1.359504e-04	 701	 iter
536	 1.359504e-04	 702	 iter
537	 1.359504e-04	 703	 iter
538	 1.348302e-04	 705	 iter
539	 1.339514e-04	 707	 iter
540	 1.339514e-04	 708	 iter
541	 1.339514e-04	 709	 iter
542	 1.330772e-04	 711	 iter
543	 1.293323e-04	 713	 iter
544	 1.293323e-04	 714	 iter
545	 1.293323e-04	 715	 iter
546	 1.293323e-04	 716	 iter
547	 1.293323e-04	 717	 iter
548	 1.293323e-04	 719	 iter
549	 1.293323e-04	 720	 iter
550	 1.293323e-04	 721	 iter
551	 1.293323e-04	 722	 iter
552	 1.293323e-04	 723	 iter
553	 1.293323e-04	 724	 iter
554	 1.293323e-04	 725	 iter
555	 1.293323e-04	 726	 iter
556	 1.263091e-04	 728	 iter
557	 1.263091e-04	 729	 iter
558	 1.263091e-04	 731	 iter
559	 1.263091e-04	 732	 iter
560	 1.263091e-04	 733	 iter
561	 1.263091e-04	 734	 iter
562	 1.257613e-04	 736	 iter
563	 1.257613e-04	 737	 iter
564	 1.257613e-04	 738	 iter
565	 1.257613e-04	 739	 iter
566	 1.257613e-04	 740	 iter
567	 1.257613e-04	 741	 iter
568	 1.257613e-04	 743	 iter
569	 1.257613e-04	 744	 iter
570	 1.256571e-04	 746	 iter
571	 1.256571e-04	 747	 iter
572	 1.256571e-04	 748	 iter
573	 1.256571e-04	 749	 iter
574	 1.256571e-04	 750	 iter
575	 1.226346e-04	 752	 iter
576	 1.226346e-04	 753	 iter
577	 1.226346e-04	 754	 iter
578	 1.226346e-04	 755	 iter
579	 1.226346e-04	 757	 iter
580	 1.226346e-04	 758	 iter
581	 1.226346e-04	 759	 iter
582	 1.226346e-04	 760	 iter
583	 1.226346e-04	 761	 iter
584	 1.226346e-04	 762	 iter
585	 1.224343e-04	 764	 iter
586	 1.224343e-04	 765	 iter
587	 1.224343e-04	 766	 iter
588	 1.224343e-04	 767	 iter
589	 1.224343e-04	 768	 iter
590	 1.224343e-04	 769	 iter
591	 1.224343e-04	 770	 iter
592	 1.224343e-04	 771	 iter
593	 1.224343e-04	 772	 iter
594	 1.224343e-04	 774	 iter
595	 1.224343e-04	 776	 iter
596	 1.224343e-04	 777	 iter
597	 1.224343e-04	 778	 iter
598	 1.224343e-04	 780	 iter
599	 1.224343e-04	 781	 iter
600	 1.224343e-04	 783	 iter
601	 1.224343e-04	 784	 iter
602	 1.224343e-04	 786	 iter
603	 1.224343e-04	 788	 iter
604	 1.213707e-04	 790	 iter
605	 1.213707e-04	 792	 iter
606	 1.213707e-04	 793	 iter
607	 1.213707e-04	 794	 iter
608	 1.213707e-04	 795	 iter
609	 1.213707e-04	 796	 iter
610	 1.213707e-04	 797	 iter
611	 1.213707e-04	 799	 iter
612	 1.213707e-04	 801	 iter
613	 1.213707e-04	 802	 iter
614	 1.213707e-04	 803	 iter
615	 1.213707e-04	 805	 iter
616	 1.213707e-04	 807	 iter
617	 1.213707e-04	 808	 iter
618	 1.213707e-04	 809	 iter
619	 1.213707e-04	 810	 iter
620	 1.213707e-04	 811	 iter
621	 1.213707e-04	 813	 iter
622	 1.213707e-04	 814	 iter
623	 1.213707e-04	 815	 iter
624	 1.213707e-04	 816	 iter
625	 1.213707e-04	 817	 iter
626	 1.213707e-04	 818	 iter
627	 1.212988e-04	 820	 iter
628	 1.212921e-04	 822	 iter
629	 1.209997e-04	 824	 iter
630	 1.209506e-04	 826	 iter
631	 1.209506e-04	 828	 iter
632	 1.209506e-04	 829	 iter
633	 1.207208e-04	 831	 iter
634	 1.207208e-04	 832	 iter
635	 1.207208e-04	 834	 iter
636	 1.207208e-04	 836	 iter
637	 1.207208e-04	 838	 iter
638	 1.207208e-04	 839	 iter
639	 1.202182e-04	 841	 iter
640	 1.202182e-04	 842	 iter
641	 1.202182e-04	 844	 iter
642	 1.202182e-04	 845	 iter
643	 1.202182e-04	 846	 iter
644	 1.202182e-04	 847	 iter
645	 1.201230e-04	 849	 iter
646	 1.200634e-04	 851	 iter
647	 1.200634e-04	 852	 iter
648	 1.200634e-04	 854	 iter
649	 1.200634e-04	 855	 iter
650	 1.200634e-04	 856	 iter
651	 1.196260e-04	 858	 iter
652	 1.196260e-04	 859	 iter
653	 1.196260e-04	 860	 iter
654	 1.194684e-04	 862	 iter
655	 1.194684e-04	 863	 iter
656	 1.194684e-04	 864	 iter
657	 1.194684e-04	 865	 iter
658	 1.194126e-04	 867	 iter
659	 1.192805e-04	 869	 iter
660	 1.192805e-04	 871	 iter
661	 1.192805e-04	 872	 iter
662	 1.192805e-04	 874	 iter
663	 1.192805e-04	 876	 iter
664	 1.192805e-04	 877	 iter
665	 1.192805e-04	 878	 iter
666	 1.192805e-04	 879	 iter
667	 1.192805e-04	 880	 iter
668	 1.192805e-04	 881	 iter
669	 1.191882e-04	 883	 iter
670	 1.191882e-04	 884	 iter
671	 1.191582e-04	 886	 iter
672	 1.190143e-04	 888	 iter
673	 1.190143e-04	 890	 iter
674	 1.190143e-04	 891	 iter
675	 1.189167e-04	 893	 iter
676	 1.187559e-04	 895	 iter
677	 1.187559e-04	 896	 iter
678	 1.187559e-04	 897	 iter
679	 1.184427e-04	 899	 iter
680	 1.184427e-04	 900	 iter
681	 1.184427e-04	 901	 iter
682	 1.184427e-04	 902	 iter
683	 1.182642e-04	 904	 iter
684	 1.182642e-04	 905	 iter
685	 1.181274e-04	 907	 iter
686	 1.181274e-04	 908	 iter
687	 1.181274e-04	 909	 iter
688	 1.178294e-04	 911	 iter
689	 1.178294e-04	 912	 iter
690	 1.178294e-04	 913	 iter
691	 1.177591e-04	 915	 iter
692	 1.177591e-04	 916	 iter
693	 1.176412e-04	 918	 iter
694	 1.176412e-04	 919	 iter
695	 1.174731e-04	 921	 iter
696	 1.162936e-04	 923	 iter
697	 1.162936e-04	 924	 iter
698	 1.162936e-04	 925	 iter
699	 1.162936e-04	 926	 iter
700	 1.162936e-04	 927	 iter
701	 1.162936e-04	 928	 iter
702	 1.162936e-04	 929	 iter
703	 1.162936e-04	 930	 iter
704	 1.162936e-04	 931	 iter
705	 1.162936e-04	 932	 iter
706	 1.162391e-04	 934	 iter
707	 1.162391e-04	 935	 iter
708	 1.162391e-04	 936	 iter
709	 1.160290e-04	 938	 iter
710	 1.160262e-04	 940	 iter
711	 1.160262e-04	 941	 iter
712	 1.145606e-04	 943	 iter
713	 1.145606e-04	 944	 iter
714	 1.145606e-04	 945	 iter
715	 1.145606e-04	 946	 iter
716	 1.145606e-04	 947	 iter
717	 1.145606e-04	 948	 iter
718	 1.145606e-04	 949	 iter
719	 1.141986e-04	 951	 iter
720	 1.141986e-04	 952	 iter
721	 1.141986e-04	 953	 iter
722	 1.141986e-04	 954	 iter
723	 1.141986e-04	 955	 iter
724	 1.139690e-04	 957	 iter
725	 1.139690e-04	 958	 iter
726	 1.123670e-04	 960	 iter
727	 1.123670e-04	 961	 iter
728	 1.123670e-04	 962	 iter
729	 1.123670e-04	 963	 iter
730	 1.123670e-04	 964	 iter
731	 1.123670e-04	 965	 iter
732	 1.123670e-04	 966	 iter
733	 1.123670e-04	 967	 iter
734	 1.120409e-04	 969	 iter
735	 1.120409e-04	 970	 iter
736	 1.120409e-04	 971	 iter
737	 1.120409e-04	 972	 iter
738	 1.120409e-04	 973	 iter
739	 1.120409e-04	 974	 iter
740	 1.111715e-04	 976	 iter
741	 1.089957e-04	 978	 iter
742	 1.089957e-04	 979	 iter
743	 1.089957e-04	 980	 iter
744	 1.089957e-04	 981	 iter
745	 1.089957e-04	 982	 iter
746	 1.089957e-04	 983	 iter
747	 1.089957e-04	 984	 iter
748	 1.089957e-04	 985	 iter
749	 1.089957e-04	 986	 iter
750	 1.089957e-04	 987	 iter
751	 1.087493e-04	 989	 iter
752	 1.087493e-04	 990	 iter
753	 1.087493e-04	 991	 iter
754	 1.087493e-04	 992	 iter
755	 1.080366e-04	 994	 iter
756	 1.080366e-04	 995	 iter
757	 1.080366e-04	 996	 iter
758	 1.079509e-04	 998	 iter
759	 1.071647e-04	 1000	 iter
760	 1.071647e-04	 1001	 iter
761	 1.071647e-04	 1002	 iter
762	 1.071647e-04	 1003	 iter
763	 1.071647e-04	 1004	 iter
764	 1.071647e-04	 1005	 iter
765	 1.069662e-04	 1007	 iter
766	 1.069662e-04	 1008	 iter
767	 1.067734e-04	 1010	 iter
768	 1.066023e-04	 1012	 iter
769	 1.066023e-04	 1013	 iter
770	 1.059807e-04	 1015	 iter
771	 1.059347e-04	 1017	 iter
772	 1.059347e-04	 1018	 iter
773	 1.059347e-04	 1019	 iter
774	 1.057615e-04	 1021	 iter
775	 1.056649e-04	 1023	 iter
776	 1.056649e-04	 1024	 iter
777	 1.056649e-04	 1026	 iter
778	 1.042954e-04	 1028	 iter
779	 1.042954e-04	 1029	 iter
780	 1.042954e-04	 1030	 iter
781	 1.042954e-04	 1031	 iter
782	 1.041587e-04	 1033	 iter
783	 1.041587e-04	 1034	 iter
784	 1.041587e-04	 1036	 iter
785	 1.041587e-04	 1037	 iter
786	 1.041587e-04	 1038	 iter
787	 1.033179e-04	 1040	 iter
788	 1.033179e-04	 1041	 iter
789	 1.033179e-04	 1042	 iter
790	 1.033179e-04	 1043	 iter
791	 1.016775e-04	 1045	 iter
792	 1.016775e-04	 1046	 iter
793	 1.016775e-04	 1047	 iter
794	 1.016775e-04	 1048	 iter
795	 1.016775e-04	 1049	 iter
796	 1.016775e-04	 1050	 iter
797	 1.016775e-04	 1051	 iter
798	 1.016775e-04	 1052	 iter
799	 1.007141e-04	 1054	 iter
800	 1.007141e-04	 1055	 iter
801	 1.007141e-04	 1056	 iter
802	 1.007141e-04	 1057	 iter
803	 1.000877e-04	 1059	 iter
804	 9.987977e-05	 1061	 iter
805	 9.987977e-05	 1062	 iter
806	 9.987977e-05	 1063	 iter
807	 9.956378e-05	 1065	 iter
808	 9.690385e-05	 1067	 iter
809	 9.690385e-05	 1068	 iter
810	 9.690385e-05	 1069	 iter
811	 9.690385e-05	 1070	 iter
812	 9.690385e-05	 1071	 iter
813	 9.690385e-05	 1072	 iter
814	 9.456833e-05	 1074	 iter
815	 9.456833e-05	 1075	 iter
816	 9.456833e-05	 1076	 iter
817	 9.456833e-05	 1077	 iter
818	 9.456833e-05	 1078	 iter
819	 9.456833e-05	 1079	 iter
820	 9.456833e-05	 1080	 iter
821	 9.456833e-05	 1081	 iter
822	 9.456833e-05	 1082	 iter
823	 9.456833e-05	 1083	 iter
824	 9.456833e-05	 1084	 iter
825	 9.315525e-05	 1086	 iter
826	 9.315525e-05	 1087	 iter
827	 9.315525e-05	 1088	 iter
828	 9.315525e-05	 1089	 iter
829	 9.315525e-05	 1090	 iter
830	 9.315525e-05	 1091	 iter
831	 9.209166e-05	 1093	 iter
832	 9.209166e-05	 1094	 iter
833	 9.148229e-05	 1096	 iter
834	 9.148229e-05	 1097	 iter
835	 9.148229e-05	 1098	 iter
836	 9.146817e-05	 1100	 iter
837	 9.146817e-05	 1101	 iter
838	 9.146817e-05	 1102	 iter
839	 9.146817e-05	 1103	 iter
840	 9.146817e-05	 1104	 iter
841	 9.055981e-05	 1106	 iter
842	 9.055981e-05	 1107	 iter
843	 9.055981e-05	 1108	 iter
844	 9.055981e-05	 1110	 iter
845	 9.055981e-05	 1111	 iter
846	 9.055981e-05	 1113	 iter
847	 9.055981e-05	 1114	 iter
848	 9.055981e-05	 1115	 iter
849	 9.055981e-05	 1116	 iter
850	 9.046983e-05	 1118	 iter
851	 9.046983e-05	 1120	 iter
852	 8.899617e-05	 1122	 iter
853	 8.899617e-05	 1123	 iter
854	 8.894741e-05	 1125	 iter
855	 8.894741e-05	 1127	 iter
856	 8.894741e-05	 1128	 iter
857	 8.788723e-05	 1130	 iter
858	 8.788723e-05	 1131	 iter
859	 8.788723e-05	 1132	 iter
860	 8.788723e-05	 1133	 iter
861	 8.788723e-05	 1134	 iter
862	 8.788723e-05	 1135	 iter
863	 8.788723e-05	 1136	 iter
864	 8.670704e-05	 1138	 iter
865	 8.670704e-05	 1139	 iter
866	 8.670704e-05	 1140	 iter
867	 8.601427e-05	 1142	 iter
868	 8.601427e-05	 1143	 iter
869	 8.365944e-05	 1145	 iter
870	 8.365944e-05	 1146	 iter
871	 8.365944e-05	 1147	 iter
872	 8.365944e-05	 1148	 iter
873	 8.365944e-05	 1149	 iter
874	 8.365944e-05	 1150	 iter
875	 8.365944e-05	 1151	 iter
876	 8.320296e-05	 1153	 iter
877	 8.308855e-05	 1155	 iter
878	 8.308855e-05	 1156	 iter
879	 8.163537e-05	 1158	 iter
880	 8.163537e-05	 1159	 iter
881	 8.163537e-05	 1160	 iter
882	 8.163537e-05	 1161	 iter
883	 8.163537e-05	 1162	 iter
884	 8.163537e-05	 1163	 iter
885	 7.826761e-05	 1165	 iter
886	 7.826761e-05	 1166	 iter
887	 7.826761e-05	 1167	 iter
888	 7.826761e-05	 1168	 iter
889	 7.826761e-05	 1169	 iter
890	 7.826761e-05	 1170	 iter
891	 7.826761e-05	 1171	 iter
892	 7.826761e-05	 1172	 iter
893	 7.826761e-05	 1173	 iter
894	 7.826761e-05	 1174	 iter
895	 7.774649e-05	 1176	 iter
896	 7.729954e-05	 1178	 iter
897	 7.720397e-05	 1180	 iter
898	 7.720397e-05	 1181	 iter
899	 7.720397e-05	 1182	 iter
900	 7.648827e-05	 1184	 iter
901	 7.648827e-05	 1185	 iter
902	 7.648827e-05	 1186	 iter
903	 7.648827e-05	 1187	 iter
904	 7.571778e-05	 1189	 iter
905	 7.420884e-05	 1191	 iter
906	 7.420884e-05	 1192	 iter
907	 7.420884e-05	 1193	 iter
908	 7.420884e-05	 1194	 iter
909	 7.420884e-05	 1195	 iter
910	 7.420884e-05	 1196	 iter
911	 7.420884e-05	 1197	 iter
912	 7.377208e-05	 1199	 iter
913	 7.377208e-05	 1201	 iter
914	 7.377208e-05	 1202	 iter
915	 7.377208e-05	 1203	 iter
916	 7.377208e-05	 1204	 iter
917	 7.377208e-05	 1205	 iter
918	 7.313658e-05	 1207	 iter
919	 7.313658e-05	 1208	 iter
920	 7.313658e-05	 1209	 iter
921	 7.313658e-05	 1210	 iter
922	 7.313658e-05	 1211	 iter
923	 7.313658e-05	 1212	 iter
924	 7.313658e-05	 1213	 iter
925	 7.313658e-05	 1214	 iter
926	 7.061724e-05	 1216	 iter
927	 7.061724e-05	 1218	 iter
928	 7.061724e-05	 1219	 iter
929	 7.061724e-05	 1220	 iter
930	 7.061724e-05	 1221	 iter
931	 7.061724e-05	 1222	 iter
932	 7.061724e-05	 1223	 iter
933	 7.061724e-05	 1225	 iter
934	 7.061724e-05	 1227	 iter
935	 7.061724e-05	 1228	 iter
936	 7.061724e-05	 1230	 iter
937	 7.061724e-05	 1231	 iter
938	 7.061724e-05	 1232	 iter
939	 7.061724e-05	 1233	 iter
940	 7.061724e-05	 1234	 iter
941	 7.061724e-05	 1235	 iter
942	 7.061724e-05	 1236	 iter
943	 7.061724e-05	 1238	 iter
944	 7.061724e-05	 1240	 iter
945	 7.061724e-05	 1241	 iter
946	 7.061724e-05	 1243	 iter
947	 7.000912e-05	 1245	 iter
948	 7.000912e-05	 1246	 iter
949	 7.000912e-05	 1248	 iter
950	 6.989064e-05	 1250	 iter
951	 6.989064e-05	 1251	 iter
952	 6.989064e-05	 1253	 iter
953	 6.989064e-05	 1254	 iter
954	 6.989064e-05	 1255	 iter
955	 6.982017e-05	 1257	 iter
956	 6.982017e-05	 1258	 iter
957	 6.965624e-05	 1260	 iter
958	 6.965624e-05	 1261	 iter
959	 6.965624e-05	 1262	 iter
960	 6.965624e-05	 1264	 iter
961	 6.965624e-05	 1266	 iter
962	 6.926203e-05	 1268	 iter
963	 6.858150e-05	 1270	 iter
964	 6.858150e-05	 1271	 iter
965	 6.858150e-05	 1272	 iter
966	 6.858150e-05	 1273	 iter
967	 6.858150e-05	 1274	 iter
968	 6.832982e-05	 1276	 iter
969	 6.832982e-05	 1277	 iter
970	 6.832982e-05	 1278	 iter
971	 6.832982e-05	 1280	 iter
972	 6.832982e-05	 1281	 iter
973	 6.832982e-05	 1283	 iter
974	 6.832596e-05	 1285	 iter
975	 6.832596e-05	 1286	 iter
976	 6.832596e-05	 1287	 iter
977	 6.832596e-05	 1288	 iter
978	 6.816841e-05	 1290	 iter
979	 6.816841e-05	 1291	 iter
980	 6.740764e-05	 1293	 iter
981	 6.740764e-05	 1294	 iter
982	 6.740764e-05	 1295	 iter
983	 6.730534e-05	 1297	 iter
984	 6.730534e-05	 1298	 iter
985	 6.730534e-05	 1299	 iter
986	 6.730534e-05	 1300	 iter
987	 6.730534e-05	 1301	 iter
988	 6.661057e-05	 1303	 iter
989	 6.661057e-05	 1304	 iter
990	 6.622252e-05	 1306	 iter
991	 6.611866e-05	 1308	 iter
992	 6.611866e-05	 1309	 iter
993	 6.611866e-05	 1310	 iter
994	 6.611866e-05	 1311	 iter
995	 6.572594e-05	 1313	 iter
996	 6.542071e-05	 1315	 iter
997	 6.542071e-05	 1316	 iter
998	 6.542071e-05	 1317	 iter
999	 6.542071e-05	 1318	 iter
1000	 6.542071e-05	 1319	 iter
1001	 6.542071e-05	 1320	 iter
1002	 6.542071e-05	 1321	 iter
1003	 6.542071e-05	 1322	 iter
1004	 6.426163e-05	 1324	 iter
1005	 6.426163e-05	 1325	 iter
1006	 6.388974e-05	 1327	 iter
1007	 6.388974e-05	 1328	 iter
1008	 6.388974e-05	 1329	 iter
1009	 6.388974e-05	 1330	 iter
1010	 6.388823e-05	 1332	 iter
1011	 6.388823e-05	 1333	 iter
1012	 6.388823e-05	 1334	 iter
1013	 6.387252e-05	 1336	 iter
1014	 6.387252e-05	 1337	 iter
1015	 6.387252e-05	 1338	 iter
1016	 6.313675e-05	 1340	 iter
1017	 6.313675e-05	 1341	 iter
1018	 6.287312e-05	 1343	 iter
1019	 6.229704e-05	 1345	 iter
1020	 6.229704e-05	 1346	 iter
1021	 6.229704e-05	 1347	 iter
1022	 6.229704e-05	 1348	 iter
1023	 6.229704e-05	 1349	 iter
1024	 6.229704e-05	 1350	 iter
1025	 6.229704e-05	 1351	 iter
1026	 6.229704e-05	 1352	 iter
1027	 6.229704e-05	 1353	 iter
1028	 6.229704e-05	 1354	 iter
1029	 6.172392e-05	 1356	 iter
1030	 6.172392e-05	 1357	 iter
1031	 6.172392e-05	 1358	 iter
1032	 6.172392e-05	 1359	 iter
1033	 6.172392e-05	 1360	 iter
1034	 6.120013e-05	 1362	 iter
1035	 6.120013e-05	 1363	 iter
1036	 6.120013e-05	 1364	 iter
1037	 6.120013e-05	 1365	 iter
1038	 6.120013e-05	 1366	 iter
1039	 6.120013e-05	 1367	 iter
1040	 6.120013e-05	 1368	 iter
1041	 5.945902e-05	 1370	 iter
1042	 5.945902e-05	 1371	 iter
1043	 5.945902e-05	 1372	 iter
1044	 5.945902e-05	 1373	 iter
1045	 5.945902e-05	 1374	 iter
1046	 5.945902e-05	 1375	 iter
1047	 5.945902e-05	 1376	 iter
1048	 5.945902e-05	 1377	 iter
1049	 5.945902e-05	 1378	 iter
1050	 5.860313e-05	 1380	 iter
1051	 5.860313e-05	 1381	 iter
1052	 5.860313e-05	 1383	 iter
1053	 5.860313e-05	 1384	 iter
1054	 5.860313e-05	 1385	 iter
1055	 5.860313e-05	 1386	 iter
1056	 5.860313e-05	 1387	 iter
1057	 5.818699e-05	 1389	 iter
1058	 5.818699e-05	 1390	 iter
1059	 5.818699e-05	 1391	 iter
1060	 5.818699e-05	 1392	 iter
1061	 5.818699e-05	 1393	 iter
1062	 5.544771e-05	 1395	 iter
1063	 5.544771e-05	 1396	 iter
1064	 5.544771e-05	 1397	 iter
1065	 5.544771e-05	 1398	 iter
1066	 5.544771e-05	 1399	 iter
1067	 5.544771e-05	 1400	 iter
1068	 5.544771e-05	 1401	 iter
1069	 5.544771e-05	 1402	 iter
1070	 5.544771e-05	 1403	 iter
1071	 5.455863e-05	 1405	 iter
1072	 5.455863e-05	 1406	 iter
1073	 5.454378e-05	 1408	 iter
1074	 5.454378e-05	 1409	 iter
1075	 5.454378e-05	 1410	 iter
1076	 5.374577e-05	 1412	 iter
1077	 5.374577e-05	 1413	 iter
1078	 5.287376e-05	 1415	 iter
1079	 5.287376e-05	 1416	 iter
1080	 5.287376e-05	 1417	 iter
1081	 5.113064e-05	 1419	 iter
1082	 5.113064e-05	 1420	 iter
1083	 5.113064e-05	 1421	 iter
1084	 5.113064e-05	 1422	 iter
1085	 5.113064e-05	 1423	 iter
1086	 4.973173e-05	 1425	 iter
1087	 4.973173e-05	 1426	 iter
1088	 4.877967e-05	 1428	 iter
1089	 4.877967e-05	 1429	 iter
1090	 4.877967e-05	 1430	 iter
1091	 4.877967e-05	 1431	 iter
1092	 4.877967e-05	 1432	 iter
1093	 4.877967e-05	 1433	 iter
1094	 4.877967e-05	 1434	 iter
1095	 4.838401e-05	 1436	 iter
1096	 4.838401e-05	 1437	 iter
1097	 4.651878e-05	 1439	 iter
1098	 4.651878e-05	 1440	 iter
1099	 4.559754e-05	 1442	 iter
1100	 4.559754e-05	 1443	 iter
1101	 4.559754e-05	 1444	 iter
1102	 4.559754e-05	 1445	 iter
1103	 4.394970e-05	 1447	 iter
1104	 4.394970e-05	 1448	 iter
1105	 4.394970e-05	 1449	 iter
1106	 4.394970e-05	 1450	 iter
1107	 4.394970e-05	 1451	 iter
1108	 4.378446e-05	 1453	 iter
1109	 4.378446e-05	 1454	 iter
1110	 4.378446e-05	 1455	 iter
1111	 4.232811e-05	 1457	 iter
1112	 4.232811e-05	 1459	 iter
1113	 4.232811e-05	 1460	 iter
1114	 4.232811e-05	 1461	 iter
1115	 4.108319e-05	 1463	 iter
1116	 4.108319e-05	 1464	 iter
1117	 4.108319e-05	 1465	 iter
1118	 4.108319e-05	 1466	 iter
1119	 4.022128e-05	 1468	 iter
1120	 4.022128e-05	 1469	 iter
1121	 4.022128e-05	 1470	 iter
1122	 4.022128e-05	 1471	 iter
1123	 4.022128e-05	 1472	 iter
1124	 4.022128e-05	 1473	 iter
1125	 4.022128e-05	 1475	 iter
1126	 4.022128e-05	 1477	 iter
1127	 4.022128e-05	 1478	 iter
1128	 4.022128e-05	 1480	 iter
1129	 4.022128e-05	 1481	 iter
1130	 4.022128e-05	 1482	 iter
1131	 4.022128e-05	 1484	 iter
1132	 4.012878e-05	 1486	 iter
1133	 3.813305e-05	 1488	 iter
1134	 3.813305e-05	 1490	 iter
1135	 3.813305e-05	 1492	 iter
1136	 3.813305e-05	 1493	 iter
1137	 3.813305e-05	 1494	 iter
1138	 3.813305e-05	 1495	 iter
1139	 3.813305e-05	 1496	 iter
1140	 3.813305e-05	 1497	 iter
1141	 3.813305e-05	 1499	 iter
1142	 3.813305e-05	 1500	 iter
1143	 3.813305e-05	 1501	 iter
1144	 3.813305e-05	 1502	 iter
1145	 3.813305e-05	 1503	 iter
1146	 3.813305e-05	 1504	 iter
1147	 3.780478e-05	 1506	 iter
1148	 3.780478e-05	 1507	 iter
1149	 3.780478e-05	 1508	 iter
1150	 3.780478e-05	 1509	 iter
1151	 3.780478e-05	 1510	 iter
1152	 3.703252e-05	 1512	 iter
1153	 3.703252e-05	 1513	 iter
1154	 3.683182e-05	 1515	 iter
1155	 3.683182e-05	 1517	 iter
1156	 3.683182e-05	 1518	 iter
1157	 3.683182e-05	 1520	 iter
1158	 3.683182e-05	 1521	 iter
1159	 3.487030e-05	 1523	 iter
1160	 3.487030e-05	 1524	 iter
1161	 3.487030e-05	 1525	 iter
1162	 3.487030e-05	 1526	 iter
1163	 3.487030e-05	 1527	 iter
1164	 3.487030e-05	 1529	 iter
1165	 3.487030e-05	 1531	 iter
1166	 3.487030e-05	 1532	 iter
1167	 3.487030e-05	 1533	 iter
1168	 3.487030e-05	 1535	 iter
1169	 3.487030e-05	 1536	 iter
1170	 3.487030e-05	 1538	 iter
1171	 3.456114e-05	 1540	 iter
1172	 3.456114e-05	 1541	 iter
1173	 3.456114e-05	 1542	 iter
1174	 3.456114e-05	 1543	 iter
1175	 3.456114e-05	 1544	 iter
1176	 3.456114e-05	 1546	 iter
1177	 3.456114e-05	 1547	 iter
1178	 3.456114e-05	 1548	 iter
1179	 3.456114e-05	 1549	 iter
1180	 3.456114e-05	 1550	 iter
1181	 3.456114e-05	 1551	 iter
1182	 3.456114e-05	 1552	 iter
1183	 3.409334e-05	 1554	 iter
1184	 3.409334e-05	 1555	 iter
1185	 3.409334e-05	 1557	 iter
1186	 3.387104e-05	 1559	 iter
1187	 3.387104e-05	 1560	 iter
1188	 3.360199e-05	 1562	 iter
1189	 3.360199e-05	 1563	 iter
1190	 3.360199e-05	 1564	 iter
1191	 3.360199e-05	 1565	 iter
1192	 3.360199e-05	 1566	 iter
1193	 3.360199e-05	 1567	 iter
1194	 3.360199e-05	 1568	 iter
1195	 3.360199e-05	 1570	 iter
1196	 3.360199e-05	 1571	 iter
1197	 3.360199e-05	 1572	 iter
1198	 3.360199e-05	 1573	 iter
1199	 3.360199e-05	 1575	 iter
1200	 3.360199e-05	 1577	 iter
1201	 3.360199e-05	 1578	 iter
1202	 3.360199e-05	 1579	 iter
1203	 3.360199e-05	 1580	 iter
1204	 3.360199e-05	 1582	 iter
1205	 3.360199e-05	 1583	 iter
1206	 3.356061e-05	 1585	 iter
1207	 3.356061e-05	 1587	 iter
1208	 3.356061e-05	 1589	 iter
1209	 3.356061e-05	 1591	 iter
1210	 3.356061e-05	 1593	 iter
1211	 3.353845e-05	 1595	 iter
1212	 3.353845e-05	 1597	 iter
1213	 3.353845e-05	 1599	 iter
1214	 3.348746e-05	 1601	 iter
1215	 3.348746e-05	 1602	 iter
1216	 3.348746e-05	 1603	 iter
1217	 3.348746e-05	 1605	 iter
1218	 3.326798e-05	 1607	 iter
1219	 3.326798e-05	 1609	 iter
1220	 3.326798e-05	 1610	 iter
1221	 3.326798e-05	 1611	 iter
1222	 3.326798e-05	 1612	 iter
1223	 3.326798e-05	 1614	 iter
1224	 3.326798e-05	 1615	 iter
1225	 3.326798e-05	 1617	 iter
1226	 3.326798e-05	 1618	 iter
1227	 3.326798e-05	 1619	 iter
1228	 3.315359e-05	 1621	 iter
1229	 3.315359e-05	 1623	 iter
1230	 3.315359e-05	 1624	 iter
1231	 3.315359e-05	 1625	 iter
1232	 3.315359e-05	 1626	 iter
1233	 3.315359e-05	 1627	 iter
1234	 3.315359e-05	 1628	 iter
1235	 3.315359e-05	 1629	 iter
1236	 3.315359e-05	 1631	 iter
1237	 3.315359e-05	 1632	 iter
1238	 3.315359e-05	 1633	 iter
1239	 3.315359e-05	 1634	 iter
1240	 3.312922e-05	 1636	 iter
1241	 3.312922e-05	 1637	 iter
1242	 3.312922e-05	 1638	 iter
1243	 3.302904e-05	 1640	 iter
1244	 3.302904e-05	 1641	 iter
1245	 3.302904e-05	 1642	 iter
1246	 3.302904e-05	 1644	 iter
1247	 3.302904e-05	 1645	 iter
1248	 3.302257e-05	 1647	 iter
1249	 3.302257e-05	 1649	 iter
1250	 3.302257e-05	 1650	 iter
1251	 3.302257e-05	 1652	 iter
1252	 3.302257e-05	 1653	 iter
1253	 3.300594e-05	 1655	 iter
1254	 3.300594e-05	 1656	 iter
1255	 3.300594e-05	 1657	 iter
1256	 3.300594e-05	 1658	 iter
1257	 3.300594e-05	 1660	 iter
1258	 3.300594e-05	 1661	 iter
1259	 3.280883e-05	 1663	 iter
1260	 3.280883e-05	 1665	 iter
1261	 3.280883e-05	 1666	 iter
1262	 3.280883e-05	 1668	 iter
1263	 3.280883e-05	 1669	 iter
1264	 3.280883e-05	 1670	 iter
1265	 3.280883e-05	 1672	 iter
1266	 3.280883e-05	 1673	 iter
1267	 3.280883e-05	 1674	 iter
1268	 3.280883e-05	 1676	 iter
1269	 3.280883e-05	 1677	 iter
1270	 3.280883e-05	 1678	 iter
1271	 3.275580e-05	 1680	 iter
1272	 3.275580e-05	 1682	 iter
1273	 3.275580e-05	 1683	 iter
1274	 3.275580e-05	 1684	 iter
1275	 3.275580e-05	 1686	 iter
1276	 3.275580e-05	 1688	 iter
1277	 3.275580e-05	 1689	 iter
1278	 3.275580e-05	 1690	 iter
1279	 3.275580e-05	 1691	 iter
1280	 3.275580e-05	 1692	 iter
1281	 3.275580e-05	 1694	 iter
1282	 3.275580e-05	 1695	 iter
1283	 3.275580e-05	 1696	 iter
1284	 3.275580e-05	 1697	 iter
1285	 3.275580e-05	 1698	 iter
1286	 3.271835e-05	 1700	 iter
1287	 3.271835e-05	 1701	 iter
1288	 3.271835e-05	 1703	 iter
1289	 3.269666e-05	 1705	 iter
1290	 3.269666e-05	 1706	 iter
1291	 3.269666e-05	 1707	 iter
1292	 3.269666e-05	 1708	 iter
1293	 3.264382e-05	 1710	 iter
1294	 3.264382e-05	 1711	 iter
1295	 3.264382e-05	 1712	 iter
1296	 3.264382e-05	 1713	 iter
1297	 3.264382e-05	 1714	 iter
1298	 3.264382e-05	 1715	 iter
1299	 3.264382e-05	 1716	 iter
1300	 3.264382e-05	 1717	 iter
1301	 3.264382e-05	 1718	 iter
1302	 3.260080e-05	 1720	 iter
1303	 3.260080e-05	 1721	 iter
1304	 3.260080e-05	 1722	 iter
1305	 3.260080e-05	 1723	 iter
1306	 3.260080e-05	 1724	 iter
1307	 3.253325e-05	 1726	 iter
1308	 3.242481e-05	 1728	 iter
1309	 3.242481e-05	 1729	 iter
1310	 3.242481e-05	 1730	 iter
1311	 3.242481e-05	 1731	 iter
1312	 3.242481e-05	 1732	 iter
1313	 3.242481e-05	 1733	 iter
1314	 3.242481e-05	 1734	 iter
1315	 3.242481e-05	 1735	 iter
1316	 3.242481e-05	 1736	 iter
1317	 3.242481e-05	 1737	 iter
1318	 3.238226e-05	 1739	 iter
1319	 3.229678e-05	 1741	 iter
1320	 3.229678e-05	 1742	 iter
1321	 3.229678e-05	 1743	 iter
1322	 3.229678e-05	 1744	 iter
1323	 3.229678e-05	 1745	 iter
1324	 3.226552e-05	 1747	 iter
1325	 3.226552e-05	 1748	 iter
1326	 3.226552e-05	 1749	 iter
1327	 3.226264e-05	 1751	 iter
1328	 3.226264e-05	 1752	 iter
1329	 3.212839e-05	 1754	 iter
1330	 3.212839e-05	 1755	 iter
1331	 3.212839e-05	 1757	 iter
1332	 3.212839e-05	 1758	 iter
1333	 3.212839e-05	 1759	 iter
1334	 3.212839e-05	 1760	 iter
1335	 3.212839e-05	 1761	 iter
1336	 3.212839e-05	 1762	 iter
1337	 3.212839e-05	 1763	 iter
1338	 3.212839e-05	 1764	 iter
1339	 3.212839e-05	 1765	 iter
1340	 3.212839e-05	 1766	 iter
1341	 3.212839e-05	 1767	 iter
1342	 3.212421e-05	 1769	 iter
1343	 3.212421e-05	 1770	 iter
1344	 3.207862e-05	 1772	 iter
1345	 3.207862e-05	 1773	 iter
1346	 3.207862e-05	 1774	 iter
1347	 3.207862e-05	 1775	 iter
1348	 3.202056e-05	 1777	 iter
1349	 3.202056e-05	 1778	 iter
1350	 3.202056e-05	 1779	 iter
1351	 3.202056e-05	 1780	 iter
1352	 3.202056e-05	 1781	 iter
1353	 3.202056e-05	 1782	 iter
1354	 3.202056e-05	 1783	 iter
1355	 3.202056e-05	 1784	 iter
1356	 3.202056e-05	 1785	 iter
1357	 3.202056e-05	 1787	 iter
1358	 3.202056e-05	 1789	 iter
1359	 3.199158e-05	 1791	 iter
1360	 3.199158e-05	 1793	 iter
1361	 3.199158e-05	 1794	 iter
1362	 3.193005e-05	 1796	 iter
1363	 3.193005e-05	 1797	 iter
1364	 3.193005e-05	 1798	 iter
1365	 3.193005e-05	 1799	 iter
1366	 3.193005e-05	 1800	 iter
1367	 3.193005e-05	 1801	 iter
1368	 3.193005e-05	 1803	 iter
1369	 3.193005e-05	 1804	 iter
1370	 3.193005e-05	 1805	 iter
1371	 3.192973e-05	 1807	 iter
1372	 3.192973e-05	 1808	 iter
1373	 3.192973e-05	 1809	 iter
1374	 3.188796e-05	 1811	 iter
1375	 3.185493e-05	 1813	 iter
1376	 3.185493e-05	 1814	 iter
1377	 3.185493e-05	 1815	 iter
1378	 3.185421e-05	 1817	 iter
1379	 3.185421e-05	 1818	 iter
1380	 3.185421e-05	 1819	 iter
1381	 3.182704e-05	 1821	 iter
1382	 3.182704e-05	 1822	 iter
1383	 3.182704e-05	 1824	 iter
1384	 3.182493e-05	 1826	 iter
1385	 3.182493e-05	 1827	 iter
1386	 3.182493e-05	 1829	 iter
1387	 3.182493e-05	 1830	 iter
1388	 3.182493e-05	 1831	 iter
1389	 3.182493e-05	 1832	 iter
1390	 3.176500e-05	 1834	 iter
1391	 3.170167e-05	 1836	 iter
1392	 3.170167e-05	 1837	 iter
1393	 3.170167e-05	 1838	 iter
1394	 3.170167e-05	 1839	 iter
1395	 3.170167e-05	 1840	 iter
1396	 3.170167e-05	 1841	 iter
1397	 3.170167e-05	 1842	 iter
1398	 3.170167e-05	 1843	 iter
1399	 3.170167e-05	 1844	 iter
1400	 3.170167e-05	 1845	 iter
1401	 3.170167e-05	 1846	 iter
1402	 3.162536e-05	 1848	 iter
1403	 3.162536e-05	 1849	 iter
1404	 3.162536e-05	 1850	 iter
1405	 3.162536e-05	 1851	 iter
1406	 3.162536e-05	 1852	 iter
1407	 3.162536e-05	 1853	 iter
1408	 3.162536e-05	 1854	 iter
1409	 3.152083e-05	 1856	 iter
1410	 3.152083e-05	 1857	 iter
1411	 3.152083e-05	 1858	 iter
1412	 3.152083e-05	 1859	 iter
1413	 3.152083e-05	 1860	 iter
1414	 3.152083e-05	 1861	 iter
1415	 3.152083e-05	 1862	 iter
1416	 3.152083e-05	 1863	 iter
1417	 3.150154e-05	 1865	 iter
1418	 3.150154e-05	 1866	 iter
1419	 3.136584e-05	 1868	 iter
1420	 3.136584e-05	 1869	 iter
1421	 3.136584e-05	 1870	 iter
1422	 3.136584e-05	 1871	 iter
1423	 3.136584e-05	 1872	 iter
1424	 3.136584e-05	 1873	 iter
1425	 3.125092e-05	 1875	 iter
1426	 3.125092e-05	 1876	 iter
1427	 3.125092e-05	 1877	 iter
1428	 3.125092e-05	 1878	 iter
1429	 3.125092e-05	 1879	 iter
1430	 3.125092e-05	 1880	 iter
1431	 3.123801e-05	 1882	 iter
1432	 3.123801e-05	 1883	 iter
1433	 3.123801e-05	 1884	 iter
1434	 3.118910e-05	 1886	 iter
1435	 3.118910e-05	 1887	 iter
1436	 3.116726e-05	 1889	 iter
1437	 3.107611e-05	 1891	 iter
1438	 3.107611e-05	 1892	 iter
1439	 3.105046e-05	 1894	 iter
1440	 3.105046e-05	 1895	 iter
1441	 3.105046e-05	 1896	 iter
1442	 3.105046e-05	 1897	 iter
1443	 3.098861e-05	 1899	 iter
1444	 3.097538e-05	 1901	 iter
1445	 3.097538e-05	 1902	 iter
1446	 3.097538e-05	 1903	 iter
1447	 3.097538e-05	 1904	 iter
1448	 3.097538e-05	 1905	 iter
1449	 3.087481e-05	 1907	 iter
1450	 3.087481e-05	 1908	 iter
1451	 3.084266e-05	 1910	 iter
1452	 3.084266e-05	 1911	 iter
1453	 3.080048e-05	 1913	 iter
1454	 3.080048e-05	 1914	 iter
1455	 3.080048e-05	 1915	 iter
1456	 3.080048e-05	 1916	 iter
1457	 3.080048e-05	 1917	 iter
1458	 3.080048e-05	 1918	 iter
1459	 3.080048e-05	 1919	 iter
1460	 3.075999e-05	 1921	 iter
1461	 3.075999e-05	 1922	 iter
1462	 3.075999e-05	 1924	 iter
1463	 3.060399e-05	 1926	 iter
1464	 3.060399e-05	 1927	 iter
1465	 3.060399e-05	 1928	 iter
1466	 3.060399e-05	 1929	 iter
1467	 3.060399e-05	 1930	 iter
1468	 3.060399e-05	 1931	 iter
1469	 3.060399e-05	 1932	 iter
1470	 3.056784e-05	 1934	 iter
1471	 3.056784e-05	 1935	 iter
1472	 3.056784e-05	 1936	 iter
1473	 3.056784e-05	 1937	 iter
1474	 3.056784e-05	 1938	 iter
1475	 3.054767e-05	 1940	 iter
1476	 3.054767e-05	 1941	 iter
1477	 3.052279e-05	 1943	 iter
1478	 3.052279e-05	 1944	 iter
1479	 3.052279e-05	 1945	 iter
1480	 3.046492e-05	 1947	 iter
1481	 3.046492e-05	 1948	 iter
1482	 3.035222e-05	 1950	 iter
1483	 3.035222e-05	 1951	 iter
1484	 3.035222e-05	 1952	 iter
1485	 3.035222e-05	 1953	 iter
1486	 3.035222e-05	 1954	 iter
1487	 3.035222e-05	 1955	 iter
1488	 3.035222e-05	 1956	 iter
1489	 3.035222e-05	 1957	 iter
1490	 3.035222e-05	 1958	 iter
1491	 3.033148e-05	 1960	 iter
1492	 3.033148e-05	 1961	 iter
1493	 3.025854e-05	 1963	 iter
1494	 3.025854e-05	 1964	 iter
1495	 3.025854e-05	 1965	 iter
1496	 3.025338e-05	 1967	 iter
1497	 3.025338e-05	 1968	 iter
1498	 3.020425e-05	 1970	 iter
1499	 3.020425e-05	 1971	 iter
1500	 3.018973e-05	 1973	 iter
1501	 3.013665e-05	 1975	 iter
1502	 3.013665e-05	 1976	 iter
1503	 3.013665e-05	 1977	 iter
1504	 3.013665e-05	 1978	 iter
1505	 3.013474e-05	 1980	 iter
1506	 3.013474e-05	 1981	 iter
1507	 3.013474e-05	 1982	 iter
1508	 3.013474e-05	 1983	 iter
1509	 3.013474e-05	 1984	 iter
1510	 3.012158e-05	 1986	 iter
1511	 3.012158e-05	 1987	 iter
1512	 3.005091e-05	 1989	 iter
1513	 3.005091e-05	 1990	 iter
1514	 3.005091e-05	 1991	 iter
1515	 3.005091e-05	 1992	 iter
1516	 3.005091e-05	 1994	 iter
1517	 3.005091e-05	 1995	 iter
1518	 2.995723e-05	 1997	 iter
1519	 2.995723e-05	 1998	 iter
1520	 2.995723e-05	 1999	 iter
1521	 2.995723e-05	 2001	 iter
1522	 2.995723e-05	 2002	 iter
1523	 2.995723e-05	 2003	 iter
1524	 2.993171e-05	 2005	 iter
1525	 2.993171e-05	 2006	 iter
1526	 2.993171e-05	 2007	 iter
1527	 2.993171e-05	 2008	 iter
1528	 2.993171e-05	 2009	 iter
1529	 2.993171e-05	 2010	 iter
1530	 2.993171e-05	 2011	 iter
1531	 2.993171e-05	 2012	 iter
1532	 2.993171e-05	 2013	 iter
1533	 2.993171e-05	 2014	 iter
1534	 2.993171e-05	 2015	 iter
1535	 2.993171e-05	 2016	 iter
1536	 2.993171e-05	 2017	 iter
1537	 2.993171e-05	 2019	 iter
1538	 2.978867e-05	 2021	 iter
1539	 2.978867e-05	 2022	 iter
1540	 2.978867e-05	 2023	 iter
1541	 2.978867e-05	 2024	 iter
1542	 2.978867e-05	 2025	 iter
1543	 2.978867e-05	 2026	 iter
1544	 2.978867e-05	 2027	 iter
1545	 2.978867e-05	 2028	 iter
1546	 2.978867e-05	 2029	 iter
1547	 2.978867e-05	 2031	 iter
1548	 2.978867e-05	 2032	 iter
1549	 2.978867e-05	 2033	 iter
1550	 2.978867e-05	 2034	 iter
1551	 2.978867e-05	 2036	 iter
1552	 2.978867e-05	 2038	 iter
1553	 2.976478e-05	 2040	 iter
1554	 2.976478e-05	 2041	 iter
1555	 2.976478e-05	 2042	 iter
1556	 2.976478e-05	 2043	 iter
1557	 2.976478e-05	 2044	 iter
1558	 2.976478e-05	 2045	 iter
1559	 2.976478e-05	 2046	 iter
1560	 2.971766e-05	 2048	 iter
1561	 2.971766e-05	 2049	 iter
1562	 2.971766e-05	 2050	 iter
1563	 2.971766e-05	 2051	 iter
1564	 2.971766e-05	 2052	 iter
1565	 2.971766e-05	 2053	 iter
1566	 2.971766e-05	 2054	 iter
1567	 2.971766e-05	 2055	 iter
1568	 2.971766e-05	 2056	 iter
1569	 2.969946e-05	 2058	 iter
1570	 2.969946e-05	 2059	 iter
1571	 2.969946e-05	 2060	 iter
1572	 2.969946e-05	 2061	 iter
1573	 2.969946e-05	 2063	 iter
1574	 2.969946e-05	 2064	 iter
1575	 2.969658e-05	 2066	 iter
1576	 2.969658e-05	 2067	 iter
1577	 2.966319e-05	 2069	 iter
1578	 2.966319e-05	 2070	 iter
1579	 2.966319e-05	 2071	 iter
1580	 2.966319e-05	 2072	 iter
1581	 2.966319e-05	 2073	 iter
1582	 2.966319e-05	 2074	 iter
1583	 2.966319e-05	 2075	 iter
1584	 2.966319e-05	 2076	 iter
1585	 2.966319e-05	 2077	 iter
1586	 2.965524e-05	 2079	 iter
1587	 2.965524e-05	 2080	 iter
1588	 2.965524e-05	 2081	 iter
1589	 2.965524e-05	 2082	 iter
1590	 2.965524e-05	 2083	 iter
1591	 2.965524e-05	 2084	 iter
1592	 2.965524e-05	 2086	 iter
1593	 2.965524e-05	 2087	 iter
1594	 2.965524e-05	 2088	 iter
1595	 2.965524e-05	 2089	 iter
1596	 2.959956e-05	 2091	 iter
1597	 2.959956e-05	 2092	 iter
1598	 2.959956e-05	 2094	 iter
1599	 2.959956e-05	 2095	 iter
1600	 2.959956e-05	 2096	 iter
1601	 2.959956e-05	 2098	 iter
1602	 2.959956e-05	 2100	 iter
1603	 2.959956e-05	 2101	 iter
1604	 2.959956e-05	 2102	 iter
1605	 2.959956e-05	 2103	 iter
1606	 2.959956e-05	 2105	 iter
1607	 2.959956e-05	 2106	 iter
1608	 2.959956e-05	 2107	 iter
1609	 2.959532e-05	 2109	 iter
1610	 2.959532e-05	 2111	 iter
1611	 2.959532e-05	 2113	 iter
1612	 2.959532e-05	 2114	 iter
1613	 2.959532e-05	 2116	 iter
1614	 2.959241e-05	 2118	 iter
1615	 2.959241e-05	 2119	 iter
1616	 2.959241e-05	 2120	 iter
1617	 2.959241e-05	 2122	 iter
1618	 2.959241e-05	 2123	 iter
1619	 2.959241e-05	 2125	 iter
1620	 2.959241e-05	 2126	 iter
1621	 2.958211e-05	 2128	 iter
1622	 2.958211e-05	 2129	 iter
1623	 2.957788e-05	 2131	 iter
1624	 2.957788e-05	 2133	 iter
1625	 2.957788e-05	 2134	 iter
1626	 2.957142e-05	 2136	 iter
1627	 2.957142e-05	 2138	 iter
1628	 2.957142e-05	 2139	 iter
1629	 2.956222e-05	 2141	 iter
1630	 2.956222e-05	 2142	 iter
1631	 2.956222e-05	 2143	 iter
1632	 2.956222e-05	 2145	 iter
1633	 2.956222e-05	 2146	 iter
1634	 2.955861e-05	 2148	 iter
1635	 2.955861e-05	 2149	 iter
1636	 2.955861e-05	 2150	 iter
1637	 2.954995e-05	 2152	 iter
1638	 2.954995e-05	 2153	 iter
1639	 2.954995e-05	 2155	 iter
1640	 2.954667e-05	 2157	 iter
1641	 2.953128e-05	 2159	 iter
1642	 2.953128e-05	 2161	 iter
1643	 2.953128e-05	 2162	 iter
1644	 2.953128e-05	 2163	 iter
1645	 2.953128e-05	 2164	 iter
1646	 2.953128e-05	 2165	 iter
1647	 2.953128e-05	 2166	 iter
1648	 2.953128e-05	 2167	 iter
1649	 2.953128e-05	 2168	 iter
1650	 2.953128e-05	 2170	 iter
1651	 2.953128e-05	 2172	 iter
1652	 2.953128e-05	 2173	 iter
1653	 2.953128e-05	 2175	 iter
1654	 2.953128e-05	 2176	 iter
1655	 2.952616e-05	 2178	 iter
1656	 2.952616e-05	 2179	 iter
1657	 2.952616e-05	 2180	 iter
1658	 2.952616e-05	 2181	 iter
1659	 2.952616e-05	 2182	 iter
1660	 2.952616e-05	 2183	 iter
1661	 2.952616e-05	 2184	 iter
1662	 2.952616e-05	 2185	 iter
1663	 2.952616e-05	 2186	 iter
1664	 2.952616e-05	 2187	 iter
1665	 2.952616e-05	 2188	 iter
1666	 2.952616e-05	 2190	 iter
1667	 2.952616e-05	 2191	 iter
1668	 2.952616e-05	 2192	 iter
1669	 2.951026e-05	 2194	 iter
1670	 2.951026e-05	 2195	 iter
1671	 2.951026e-05	 2196	 iter
1672	 2.951026e-05	 2197	 iter
1673	 2.951026e-05	 2198	 iter
1674	 2.951026e-05	 2200	 iter
1675	 2.951026e-05	 2201	 iter
1676	 2.951026e-05	 2202	 iter
1677	 2.951026e-05	 2203	 iter
1678	 2.951026e-05	 2204	 iter
1679	 2.951026e-05	 2206	 iter
1680	 2.951026e-05	 2208	 iter
1681	 2.951026e-05	 2210	 iter
1682	 2.951026e-05	 2212	 iter
1683	 2.951026e-05	 2213	 iter
1684	 2.951026e-05	 2215	 iter
1685	 2.951026e-05	 2216	 iter
1686	 2.951026e-05	 2218	 iter
1687	 2.951026e-05	 2219	 iter
1688	 2.951026e-05	 2221	 iter
1689	 2.951026e-05	 2222	 iter
1690	 2.951026e-05	 2223	 iter
1691	 2.951026e-05	 2224	 iter
1692	 2.951026e-05	 2225	 iter
1693	 2.950913e-05	 2227	 iter
1694	 2.950913e-05	 2228	 iter
1695	 2.950913e-05	 2229	 iter
1696	 2.950913e-05	 2231	 iter
1697	 2.950913e-05	 2232	 iter
1698	 2.950913e-05	 2233	 iter
1699	 2.950647e-05	 2235	 iter
1700	 2.950647e-05	 2236	 iter
1701	 2.950647e-05	 2237	 iter
1702	 2.950647e-05	 2238	 iter
1703	 2.950647e-05	 2239	 iter
1704	 2.950647e-05	 2240	 iter
1705	 2.950573e-05	 2242	 iter
1706	 2.950505e-05	 2244	 iter
1707	 2.950505e-05	 2245	 iter
1708	 2.950487e-05	 2247	 iter
1709	 2.950487e-05	 2248	 iter
1710	 2.950487e-05	 2249	 iter
1711	 2.950487e-05	 2250	 iter
1712	 2.950487e-05	 2251	 iter
1713	 2.950487e-05	 2252	 iter
1714	 2.950487e-05	 2253	 iter
1715	 2.950487e-05	 2255	 iter
1716	 2.950487e-05	 2257	 iter
1717	 2.950487e-05	 2259	 iter
1718	 2.950484e-05	 2261	 iter
1719	 2.950484e-05	 2262	 iter
1720	 2.950178e-05	 2264	 iter
1721	 2.950178e-05	 2265	 iter
1722	 2.950178e-05	 2267	 iter
1723	 2.950178e-05	 2268	 iter
1724	 2.950178e-05	 2269	 iter
1725	 2.950178e-05	 2271	 iter
1726	 2.950133e-05	 2273	 iter
1727	 2.950103e-05	 2275	 iter
1728	 2.950103e-05	 2276	 iter
1729	 2.949781e-05	 2278	 iter
1730	 2.949781e-05	 2279	 iter
1731	 2.949781e-05	 2280	 iter
1732	 2.949781e-05	 2282	 iter
1733	 2.949781e-05	 2283	 iter
1734	 2.949781e-05	 2284	 iter
1735	 2.949781e-05	 2285	 iter
1736	 2.949676e-05	 2287	 iter
1737	 2.949676e-05	 2288	 iter
1738	 2.949676e-05	 2289	 iter
1739	 2.949676e-05	 2290	 iter
1740	 2.949676e-05	 2291	 iter
1741	 2.949676e-05	 2292	 iter
1742	 2.949672e-05	 2294	 iter
1743	 2.949672e-05	 2295	 iter
1744	 2.949672e-05	 2296	 iter
1745	 2.949672e-05	 2297	 iter
1746	 2.949672e-05	 2298	 iter
1747	 2.949568e-05	 2300	 iter
1748	 2.949568e-05	 2301	 iter
1749	 2.949568e-05	 2303	 iter
1750	 2.949568e-05	 2304	 iter
1751	 2.949568e-05	 2305	 iter
1752	 2.949356e-05	 2307	 iter
1753	 2.949332e-05	 2309	 iter
1754	 2.949332e-05	 2310	 iter
1755	 2.949332e-05	 2311	 iter
1756	 2.949332e-05	 2312	 iter
1757	 2.949332e-05	 2313	 iter
1758	 2.949332e-05	 2315	 iter
1759	 2.949332e-05	 2317	 iter
1760	 2.949332e-05	 2318	 iter
1761	 2.949332e-05	 2320	 iter
1762	 2.949197e-05	 2322	 iter
1763	 2.949197e-05	 2323	 iter
1764	 2.949197e-05	 2324	 iter
1765	 2.949197e-05	 2326	 iter
1766	 2.949197e-05	 2327	 iter
1767	 2.949197e-05	 2328	 iter
1768	 2.949098e-05	 2330	 iter
1769	 2.949098e-05	 2331	 iter
1770	 2.948950e-05	 2333	 iter
1771	 2.948950e-05	 2334	 iter
1772	 2.948950e-05	 2335	 iter
1773	 2.948950e-05	 2337	 iter
1774	 2.948950e-05	 2339	 iter
1775	 2.948950e-05	 2340	 iter
1776	 2.948950e-05	 2341	 iter
1777	 2.948950e-05	 2342	 iter
1778	 2.948784e-05	 2344	 iter
1779	 2.948784e-05	 2345	 iter
1780	 2.948784e-05	 2346	 iter
1781	 2.948784e-05	 2347	 iter
1782	 2.948784e-05	 2348	 iter
1783	 2.948784e-05	 2349	 iter
1784	 2.948784e-05	 2350	 iter
1785	 2.948784e-05	 2351	 iter
1786	 2.948784e-05	 2352	 iter
1787	 2.948784e-05	 2353	 iter
1788	 2.948442e-05	 2355	 iter
1789	 2.948442e-05	 2356	 iter
1790	 2.948442e-05	 2357	 iter
1791	 2.948442e-05	 2358	 iter
1792	 2.948442e-05	 2359	 iter
1793	 2.948442e-05	 2360	 iter
1794	 2.948442e-05	 2361	 iter
1795	 2.948442e-05	 2362	 iter
1796	 2.948442e-05	 2363	 iter
1797	 2.948404e-05	 2365	 iter
1798	 2.948404e-05	 2366	 iter
1799	 2.948404e-05	 2367	 iter
1800	 2.948330e-05	 2369	 iter
1801	 2.948255e-05	 2371	 iter
1802	 2.948055e-05	 2373	 iter
1803	 2.948055e-05	 2374	 iter
1804	 2.948055e-05	 2375	 iter
1805	 2.948055e-05	 2376	 iter
1806	 2.947994e-05	 2378	 iter
1807	 2.947994e-05	 2379	 iter
1808	 2.947994e-05	 2380	 iter
1809	 2.947994e-05	 2381	 iter
1810	 2.947994e-05	 2382	 iter
1811	 2.947977e-05	 2384	 iter
1812	 2.947977e-05	 2385	 iter
1813	 2.947901e-05	 2387	 iter
1814	 2.947881e-05	 2389	 iter
1815	 2.947881e-05	 2390	 iter
1816	 2.947881e-05	 2391	 iter
1817	 2.947881e-05	 2392	 iter
1818	 2.947863e-05	 2394	 iter
1819	 2.947627e-05	 2396	 iter
1820	 2.947627e-05	 2397	 iter
1821	 2.947627e-05	 2398	 iter
1822	 2.947627e-05	 2399	 iter
1823	 2.947627e-05	 2400	 iter
1824	 2.947470e-05	 2402	 iter
1825	 2.947470e-05	 2403	 iter
1826	 2.947470e-05	 2404	 iter
1827	 2.947470e-05	 2405	 iter
1828	 2.947470e-05	 2406	 iter
1829	 2.947441e-05	 2408	 iter
1830	 2.947441e-05	 2409	 iter
1831	 2.947441e-05	 2410	 iter
1832	 2.947441e-05	 2411	 iter
1833	 2.947441e-05	 2412	 iter
1834	 2.947441e-05	 2413	 iter
1835	 2.947267e-05	 2415	 iter
1836	 2.947267e-05	 2416	 iter
1837	 2.947130e-05	 2418	 iter
1838	 2.947130e-05	 2419	 iter
1839	 2.947130e-05	 2420	 iter
1840	 2.947130e-05	 2421	 iter
1841	 2.947130e-05	 2422	 iter
1842	 2.947130e-05	 2423	 iter
1843	 2.947130e-05	 2424	 iter
1844	 2.947130e-05	 2425	 iter
1845	 2.947130e-05	 2426	 iter
1846	 2.947130e-05	 2427	 iter
1847	 2.946978e-05	 2429	 iter
1848	 2.946943e-05	 2431	 iter
1849	 2.946903e-05	 2433	 iter
1850	 2.946903e-05	 2434	 iter
1851	 2.946903e-05	 2435	 iter
1852	 2.946891e-05	 2437	 iter
1853	 2.946891e-05	 2438	 iter
1854	 2.946891e-05	 2439	 iter
1855	 2.946891e-05	 2440	 iter
1856	 2.946652e-05	 2442	 iter
1857	 2.946652e-05	 2443	 iter
1858	 2.946652e-05	 2444	 iter
1859	 2.946652e-05	 2445	 iter
1860	 2.946652e-05	 2446	 iter
1861	 2.946652e-05	 2447	 iter
1862	 2.946619e-05	 2449	 iter
1863	 2.946502e-05	 2451	 iter
1864	 2.946502e-05	 2452	 iter
1865	 2.946502e-05	 2453	 iter
1866	 2.946502e-05	 2454	 iter
1867	 2.946416e-05	 2456	 iter
1868	 2.946416e-05	 2457	 iter
1869	 2.946416e-05	 2458	 iter
1870	 2.946416e-05	 2460	 iter
1871	 2.946416e-05	 2461	 iter
1872	 2.946416e-05	 2462	 iter
1873	 2.946416e-05	 2463	 iter
1874	 2.946416e-05	 2465	 iter
1875	 2.946222e-05	 2467	 iter
1876	 2.946222e-05	 2468	 iter
1877	 2.946222e-05	 2469	 iter
1878	 2.946222e-05	 2470	 iter
1879	 2.946222e-05	 2471	 iter
1880	 2.946222e-05	 2472	 iter
1881	 2.946222e-05	 2473	 iter
1882	 2.946222e-05	 2474	 iter
1883	 2.946222e-05	 2475	 iter
1884	 2.946222e-05	 2476	 iter
1885	 2.946113e-05	 2478	 iter
1886	 2.946113e-05	 2479	 iter
1887	 2.946113e-05	 2481	 iter
1888	 2.946113e-05	 2482	 iter
1889	 2.946113e-05	 2483	 iter
1890	 2.945817e-05	 2485	 iter
1891	 2.945817e-05	 2486	 iter
1892	 2.945817e-05	 2487	 iter
1893	 2.945817e-05	 2488	 iter
1894	 2.945558e-05	 2490	 iter
1895	 2.945558e-05	 2491	 iter
1896	 2.945558e-05	 2492	 iter
1897	 2.945558e-05	 2493	 iter
1898	 2.945558e-05	 2494	 iter
1899	 2.945558e-05	 2495	 iter
1900	 2.945558e-05	 2496	 iter
1901	 2.945399e-05	 2498	 iter
1902	 2.945399e-05	 2499	 iter
1903	 2.945399e-05	 2500	 iter
1904	 2.945399e-05	 2501	 iter
1905	 2.945399e-05	 2502	 iter
1906	 2.945399e-05	 2503	 iter
1907	 2.945399e-05	 2504	 iter
1908	 2.945399e-05	 2505	 iter
1909	 2.945172e-05	 2507	 iter
1910	 2.945079e-05	 2509	 iter
1911	 2.945079e-05	 2510	 iter
1912	 2.945079e-05	 2511	 iter
1913	 2.945079e-05	 2512	 iter
1914	 2.945032e-05	 2514	 iter
1915	 2.945032e-05	 2515	 iter
1916	 2.944725e-05	 2517	 iter
1917	 2.944437e-05	 2519	 iter
1918	 2.944437e-05	 2520	 iter
1919	 2.944437e-05	 2521	 iter
1920	 2.944437e-05	 2522	 iter
1921	 2.944437e-05	 2523	 iter
1922	 2.944437e-05	 2524	 iter
1923	 2.944437e-05	 2525	 iter
1924	 2.943613e-05	 2527	 iter
1925	 2.943613e-05	 2528	 iter
1926	 2.943613e-05	 2529	 iter
1927	 2.943613e-05	 2530	 iter
1928	 2.943613e-05	 2531	 iter
1929	 2.943613e-05	 2532	 iter
1930	 2.943613e-05	 2533	 iter
1931	 2.943613e-05	 2534	 iter
1932	 2.943613e-05	 2535	 iter
1933	 2.943613e-05	 2536	 iter
1934	 2.943613e-05	 2537	 iter
1935	 2.943613e-05	 2538	 iter
1936	 2.943348e-05	 2540	 iter
1937	 2.942641e-05	 2542	 iter
1938	 2.942641e-05	 2543	 iter
1939	 2.942641e-05	 2544	 iter
1940	 2.942641e-05	 2545	 iter
1941	 2.942641e-05	 2546	 iter
1942	 2.942641e-05	 2547	 iter
1943	 2.942399e-05	 2549	 iter
1944	 2.942399e-05	 2550	 iter
1945	 2.942399e-05	 2551	 iter
1946	 2.942047e-05	 2553	 iter
1947	 2.942047e-05	 2554	 iter
1948	 2.941456e-05	 2556	 iter
1949	 2.941456e-05	 2557	 iter
1950	 2.940988e-05	 2559	 iter
1951	 2.940988e-05	 2560	 iter
1952	 2.940988e-05	 2561	 iter
1953	 2.940988e-05	 2562	 iter
1954	 2.940976e-05	 2564	 iter
1955	 2.940716e-05	 2566	 iter
1956	 2.939499e-05	 2568	 iter
1957	 2.939499e-05	 2569	 iter
1958	 2.939499e-05	 2570	 iter
1959	 2.939499e-05	 2571	 iter
1960	 2.938888e-05	 2573	 iter
1961	 2.938888e-05	 2574	 iter
1962	 2.938888e-05	 2575	 iter
1963	 2.938888e-05	 2576	 iter
1964	 2.937240e-05	 2578	 iter
1965	 2.937240e-05	 2579	 iter
1966	 2.935233e-05	 2581	 iter
1967	 2.935233e-05	 2582	 iter
1968	 2.935233e-05	 2583	 iter
1969	 2.935233e-05	 2584	 iter
1970	 2.935233e-05	 2585	 iter
1971	 2.933058e-05	 2587	 iter
1972	 2.933058e-05	 2588	 iter
1973	 2.933058e-05	 2589	 iter
1974	 2.933058e-05	 2590	 iter
1975	 2.933058e-05	 2591	 iter
1976	 2.933058e-05	 2592	 iter
1977	 2.933058e-05	 2593	 iter
1978	 2.930149e-05	 2595	 iter
1979	 2.930149e-05	 2596	 iter
1980	 2.930149e-05	 2597	 iter
1981	 2.930149e-05	 2598	 iter
1982	 2.930149e-05	 2599	 iter
1983	 2.930149e-05	 2600	 iter
1984	 2.930149e-05	 2601	 iter
1985	 2.927236e-05	 2603	 iter
1986	 2.927236e-05	 2604	 iter
1987	 2.927236e-05	 2605	 iter
1988	 2.927236e-05	 2606	 iter
1989	 2.921897e-05	 2608	 iter
1990	 2.921897e-05	 2609	 iter
1991	 2.921897e-05	 2610	 iter
1992	 2.921897e-05	 2611	 iter
1993	 2.921897e-05	 2612	 iter
1994	 2.921897e-05	 2613	 iter
1995	 2.921897e-05	 2614	 iter
1996	 2.921897e-05	 2615	 iter
1997	 2.917666e-05	 2617	 iter
1998	 2.917666e-05	 2618	 iter
1999	 2.917666e-05	 2619	 iter
2000	 2.917666e-05	 2620	 iter
2001	 2.917666e-05	 2621	 iter
2002	 2.917666e-05	 2622	 iter
2003	 2.917666e-05	 2623	 iter
2004	 2.917666e-05	 2624	 iter
2005	 2.916448e-05	 2626	 iter
2006	 2.916448e-05	 2627	 iter
2007	 2.916448e-05	 2628	 iter
2008	 2.912277e-05	 2630	 iter
2009	 2.907383e-05	 2632	 iter
2010	 2.907383e-05	 2633	 iter
2011	 2.907383e-05	 2634	 iter
2012	 2.907383e-05	 2635	 iter
2013	 2.907383e-05	 2636	 iter
2014	 2.907383e-05	 2637	 iter
2015	 2.907383e-05	 2638	 iter
2016	 2.903839e-05	 2640	 iter
2017	 2.903839e-05	 2641	 iter
2018	 2.903839e-05	 2642	 iter
2019	 2.903839e-05	 2643	 iter
2020	 2.900600e-05	 2645	 iter
2021	 2.895736e-05	 2647	 iter
2022	 2.895736e-05	 2648	 iter
2023	 2.895736e-05	 2649	 iter
2024	 2.895736e-05	 2650	 iter
2025	 2.895736e-05	 2651	 iter
2026	 2.890236e-05	 2653	 iter
2027	 2.890236e-05	 2654	 iter
2028	 2.890236e-05	 2655	 iter
2029	 2.890236e-05	 2656	 iter
2030	 2.890236e-05	 2657	 iter
2031	 2.890236e-05	 2658	 iter
2032	 2.890236e-05	 2659	 iter
2033	 2.890236e-05	 2660	 iter
2034	 2.890236e-05	 2661	 iter
2035	 2.890236e-05	 2662	 iter
2036	 2.890236e-05	 2663	 iter
2037	 2.890236e-05	 2664	 iter
2038	 2.883965e-05	 2666	 iter
2039	 2.883965e-05	 2667	 iter
2040	 2.883965e-05	 2668	 iter
2041	 2.883965e-05	 2669	 iter
2042	 2.883965e-05	 2670	 iter
2043	 2.883965e-05	 2671	 iter
2044	 2.883965e-05	 2672	 iter
2045	 2.883965e-05	 2673	 iter
2046	 2.875745e-05	 2675	 iter
2047	 2.875745e-05	 2676	 iter
2048	 2.875745e-05	 2677	 iter
2049	 2.875745e-05	 2678	 iter
2050	 2.875745e-05	 2679	 iter
2051	 2.875745e-05	 2680	 iter
2052	 2.875745e-05	 2681	 iter
2053	 2.875745e-05	 2682	 iter
2054	 2.875745e-05	 2683	 iter
2055	 2.875745e-05	 2684	 iter
2056	 2.869528e-05	 2686	 iter
2057	 2.869528e-05	 2687	 iter
2058	 2.869528e-05	 2688	 iter
2059	 2.869528e-05	 2689	 iter
2060	 2.869528e-05	 2690	 iter
2061	 2.869528e-05	 2691	 iter
2062	 2.869528e-05	 2692	 iter
2063	 2.869528e-05	 2693	 iter
2064	 2.869416e-05	 2695	 iter
2065	 2.869416e-05	 2696	 iter
2066	 2.869416e-05	 2697	 iter
2067	 2.865350e-05	 2699	 iter
2068	 2.865350e-05	 2700	 iter
2069	 2.854996e-05	 2702	 iter
2070	 2.854996e-05	 2703	 iter
2071	 2.854996e-05	 2704	 iter
2072	 2.854996e-05	 2705	 iter
2073	 2.854996e-05	 2706	 iter
2074	 2.854996e-05	 2707	 iter
2075	 2.854996e-05	 2708	 iter
2076	 2.854996e-05	 2709	 iter
2077	 2.854996e-05	 2710	 iter
2078	 2.854996e-05	 2711	 iter
2079	 2.854996e-05	 2712	 iter
2080	 2.849909e-05	 2714	 iter
2081	 2.849909e-05	 2715	 iter
2082	 2.849909e-05	 2716	 iter
2083	 2.849909e-05	 2717	 iter
2084	 2.849909e-05	 2718	 iter
2085	 2.849909e-05	 2719	 iter
2086	 2.849909e-05	 2720	 iter
2087	 2.849909e-05	 2721	 iter
2088	 2.849909e-05	 2722	 iter
2089	 2.849375e-05	 2724	 iter
2090	 2.849375e-05	 2725	 iter
2091	 2.834701e-05	 2727	 iter
2092	 2.834701e-05	 2728	 iter
2093	 2.834701e-05	 2729	 iter
2094	 2.834701e-05	 2730	 iter
2095	 2.834701e-05	 2731	 iter
2096	 2.834701e-05	 2732	 iter
2097	 2.834701e-05	 2733	 iter
2098	 2.834701e-05	 2734	 iter
2099	 2.834701e-05	 2735	 iter
2100	 2.834701e-05	 2736	 iter
2101	 2.834701e-05	 2737	 iter
2102	 2.834701e-05	 2738	 iter
2103	 2.834701e-05	 2739	 iter
2104	 2.834701e-05	 2740	 iter
2105	 2.834701e-05	 2741	 iter
2106	 2.834701e-05	 2742	 iter
2107	 2.826028e-05	 2744	 iter
2108	 2.826028e-05	 2745	 iter
2109	 2.826028e-05	 2746	 iter
2110	 2.826028e-05	 2747	 iter
2111	 2.826028e-05	 2748	 iter
2112	 2.826028e-05	 2749	 iter
2113	 2.826028e-05	 2750	 iter
2114	 2.826028e-05	 2751	 iter
2115	 2.826028e-05	 2752	 iter
2116	 2.819172e-05	 2754	 iter
2117	 2.819172e-05	 2755	 iter
2118	 2.819172e-05	 2756	 iter
2119	 2.819172e-05	 2757	 iter
2120	 2.819172e-05	 2758	 iter
2121	 2.819172e-05	 2759	 iter
2122	 2.819172e-05	 2760	 iter
2123	 2.819172e-05	 2761	 iter
2124	 2.819172e-05	 2762	 iter
2125	 2.818438e-05	 2764	 iter
2126	 2.818438e-05	 2765	 iter
2127	 2.816088e-05	 2767	 iter
2128	 2.816088e-05	 2768	 iter
2129	 2.816088e-05	 2769	 iter
2130	 2.811550e-05	 2771	 iter
2131	 2.811550e-05	 2772	 iter
2132	 2.811550e-05	 2773	 iter
2133	 2.811550e-05	 2775	 iter
2134	 2.811550e-05	 2776	 iter
2135	 2.811550e-05	 2777	 iter
2136	 2.811550e-05	 2778	 iter
2137	 2.811550e-05	 2779	 iter
2138	 2.805828e-05	 2781	 iter
2139	 2.805828e-05	 2782	 iter
2140	 2.805828e-05	 2783	 iter
2141	 2.805550e-05	 2785	 iter
2142	 2.805550e-05	 2786	 iter
2143	 2.805550e-05	 2787	 iter
2144	 2.805550e-05	 2788	 iter
2145	 2.805550e-05	 2789	 iter
2146	 2.805550e-05	 2790	 iter
2147	 2.802476e-05	 2792	 iter
2148	 2.800038e-05	 2794	 iter
2149	 2.799479e-05	 2796	 iter
2150	 2.799479e-05	 2797	 iter
2151	 2.799479e-05	 2798	 iter
2152	 2.799479e-05	 2799	 iter
2153	 2.792939e-05	 2801	 iter
2154	 2.792939e-05	 2802	 iter
2155	 2.792939e-05	 2803	 iter
2156	 2.792939e-05	 2804	 iter
2157	 2.785549e-05	 2806	 iter
2158	 2.785549e-05	 2808	 iter
2159	 2.785549e-05	 2809	 iter
2160	 2.785549e-05	 2810	 iter
2161	 2.785549e-05	 2811	 iter
2162	 2.785549e-05	 2812	 iter
2163	 2.778164e-05	 2814	 iter
2164	 2.778164e-05	 2815	 iter
2165	 2.778164e-05	 2816	 iter
2166	 2.778164e-05	 2817	 iter
2167	 2.778164e-05	 2818	 iter
2168	 2.778164e-05	 2819	 iter
2169	 2.778164e-05	 2820	 iter
2170	 2.778164e-05	 2821	 iter
2171	 2.778164e-05	 2822	 iter
2172	 2.778164e-05	 2823	 iter
2173	 2.778164e-05	 2824	 iter
2174	 2.778164e-05	 2825	 iter
2175	 2.778164e-05	 2826	 iter
2176	 2.778164e-05	 2827	 iter
2177	 2.778164e-05	 2828	 iter
2178	 2.770229e-05	 2830	 iter
2179	 2.770229e-05	 2831	 iter
2180	 2.770229e-05	 2832	 iter
2181	 2.770229e-05	 2833	 iter
2182	 2.770229e-05	 2834	 iter
2183	 2.767066e-05	 2836	 iter
2184	 2.767066e-05	 2837	 iter
2185	 2.767066e-05	 2838	 iter
2186	 2.767066e-05	 2839	 iter
2187	 2.767066e-05	 2840	 iter
2188	 2.767066e-05	 2841	 iter
2189	 2.765358e-05	 2843	 iter
2190	 2.765358e-05	 2844	 iter
2191	 2.759056e-05	 2846	 iter
2192	 2.759056e-05	 2847	 iter
2193	 2.752352e-05	 2849	 iter
2194	 2.752352e-05	 2850	 iter
2195	 2.752352e-05	 2851	 iter
2196	 2.752352e-05	 2852	 iter
2197	 2.752352e-05	 2853	 iter
2198	 2.752352e-05	 2854	 iter
2199	 2.752352e-05	 2855	 iter
2200	 2.752352e-05	 2856	 iter
2201	 2.752352e-05	 2857	 iter
2202	 2.752352e-05	 2858	 iter
2203	 2.752352e-05	 2859	 iter
2204	 2.752352e-05	 2860	 iter
2205	 2.752352e-05	 2861	 iter
2206	 2.751423e-05	 2863	 iter
2207	 2.751423e-05	 2864	 iter
2208	 2.749787e-05	 2866	 iter
2209	 2.749313e-05	 2868	 iter
2210	 2.742320e-05	 2870	 iter
2211	 2.742320e-05	 2871	 iter
2212	 2.742320e-05	 2872	 iter
2213	 2.742320e-05	 2873	 iter
2214	 2.742320e-05	 2874	 iter
2215	 2.730756e-05	 2876	 iter
2216	 2.730756e-05	 2877	 iter
2217	 2.730756e-05	 2878	 iter
2218	 2.730756e-05	 2879	 iter
2219	 2.730756e-05	 2880	 iter
2220	 2.730756e-05	 2881	 iter
2221	 2.730756e-05	 2882	 iter
2222	 2.730756e-05	 2883	 iter
2223	 2.729447e-05	 2885	 iter
2224	 2.729447e-05	 2887	 iter
2225	 2.729447e-05	 2888	 iter
2226	 2.729447e-05	 2889	 iter
2227	 2.729447e-05	 2890	 iter
2228	 2.729447e-05	 2891	 iter
2229	 2.729447e-05	 2892	 iter
2230	 2.729447e-05	 2893	 iter
2231	 2.729447e-05	 2894	 iter
2232	 2.724794e-05	 2896	 iter
2233	 2.724794e-05	 2897	 iter
2234	 2.724794e-05	 2898	 iter
2235	 2.724794e-05	 2899	 iter
2236	 2.721071e-05	 2901	 iter
2237	 2.720827e-05	 2903	 iter
2238	 2.720827e-05	 2904	 iter
2239	 2.720827e-05	 2906	 iter
2240	 2.720827e-05	 2907	 iter
2241	 2.720827e-05	 2908	 iter
2242	 2.720827e-05	 2909	 iter
2243	 2.720827e-05	 2910	 iter
2244	 2.720827e-05	 2911	 iter
2245	 2.715386e-05	 2913	 iter
2246	 2.715386e-05	 2914	 iter
2247	 2.714538e-05	 2916	 iter
2248	 2.714538e-05	 2917	 iter
2249	 2.714538e-05	 2918	 iter
2250	 2.714538e-05	 2919	 iter
2251	 2.714538e-05	 2921	 iter
2252	 2.714538e-05	 2922	 iter
2253	 2.714538e-05	 2924	 iter
2254	 2.714538e-05	 2926	 iter
2255	 2.714538e-05	 2928	 iter
2256	 2.714538e-05	 2929	 iter
2257	 2.714538e-05	 2930	 iter
2258	 2.714538e-05	 2932	 iter
2259	 2.713195e-05	 2934	 iter
2260	 2.713195e-05	 2935	 iter
2261	 2.713195e-05	 2936	 iter
2262	 2.713195e-05	 2938	 iter
2263	 2.713195e-05	 2939	 iter
2264	 2.713195e-05	 2941	 iter
2265	 2.713195e-05	 2942	 iter
2266	 2.713195e-05	 2944	 iter
2267	 2.713195e-05	 2946	 iter
2268	 2.713195e-05	 2947	 iter
2269	 2.713195e-05	 2949	 iter
2270	 2.713195e-05	 2950	 iter
2271	 2.713195e-05	 2952	 iter
2272	 2.712665e-05	 2954	 iter
2273	 2.711372e-05	 2956	 iter
2274	 2.711372e-05	 2957	 iter
2275	 2.708010e-05	 2959	 iter
2276	 2.708010e-05	 2960	 iter
2277	 2.708010e-05	 2961	 iter
2278	 2.708010e-05	 2962	 iter
2279	 2.708010e-05	 2963	 iter
2280	 2.707943e-05	 2965	 iter
2281	 2.706722e-05	 2967	 iter
2282	 2.705671e-05	 2969	 iter
2283	 2.705671e-05	 2970	 iter
2284	 2.704763e-05	 2972	 iter
2285	 2.704763e-05	 2973	 iter
2286	 2.704763e-05	 2974	 iter
2287	 2.704763e-05	 2975	 iter
2288	 2.700797e-05	 2977	 iter
2289	 2.700797e-05	 2978	 iter
2290	 2.700797e-05	 2979	 iter
2291	 2.700797e-05	 2980	 iter
2292	 2.700797e-05	 2981	 iter
2293	 2.700797e-05	 2982	 iter
2294	 2.700797e-05	 2983	 iter
2295	 2.699195e-05	 2985	 iter
2296	 2.698853e-05	 2987	 iter
2297	 2.698853e-05	 2988	 iter
2298	 2.698853e-05	 2989	 iter
2299	 2.698853e-05	 2990	 iter
2300	 2.697195e-05	 2992	 iter
2301	 2.697195e-05	 2993	 iter
2302	 2.697195e-05	 2994	 iter
2303	 2.697195e-05	 2995	 iter
2304	 2.689650e-05	 2997	 iter
2305	 2.689650e-05	 2998	 iter
2306	 2.689650e-05	 3000	 iter
2307	 2.689650e-05	 3001	 iter
2308	 2.689650e-05	 3002	 iter
2309	 2.689650e-05	 3003	 iter
2310	 2.689650e-05	 3004	 iter
2311	 2.689650e-05	 3005	 iter
2312	 2.689650e-05	 3006	 iter
2313	 2.689650e-05	 3007	 iter
2314	 2.689650e-05	 3008	 iter
2315	 2.689650e-05	 3009	 iter
2316	 2.689650e-05	 3010	 iter
2317	 2.689650e-05	 3011	 iter
2318	 2.689650e-05	 3012	 iter
2319	 2.689650e-05	 3013	 iter
2320	 2.689624e-05	 3015	 iter
2321	 2.689624e-05	 3016	 iter
2322	 2.689353e-05	 3018	 iter
2323	 2.688576e-05	 3020	 iter
2324	 2.686450e-05	 3022	 iter
2325	 2.686450e-05	 3023	 iter
2326	 2.686450e-05	 3024	 iter
2327	 2.686450e-05	 3025	 iter
2328	 2.686450e-05	 3026	 iter
2329	 2.686450e-05	 3027	 iter
2330	 2.686294e-05	 3029	 iter
2331	 2.686294e-05	 3030	 iter
2332	 2.686294e-05	 3032	 iter
2333	 2.686294e-05	 3034	 iter
2334	 2.686294e-05	 3035	 iter
2335	 2.685192e-05	 3037	 iter
2336	 2.683838e-05	 3039	 iter
2337	 2.683052e-05	 3041	 iter
2338	 2.683052e-05	 3042	 iter
2339	 2.683052e-05	 3043	 iter
2340	 2.683052e-05	 3044	 iter
2341	 2.683052e-05	 3045	 iter
2342	 2.682016e-05	 3047	 iter
2343	 2.682016e-05	 3049	 iter
2344	 2.682016e-05	 3051	 iter
2345	 2.682016e-05	 3052	 iter
2346	 2.682016e-05	 3053	 iter
2347	 2.682016e-05	 3054	 iter
2348	 2.678256e-05	 3056	 iter
2349	 2.678256e-05	 3057	 iter
2350	 2.678256e-05	 3058	 iter
2351	 2.678256e-05	 3059	 iter
2352	 2.678256e-05	 3060	 iter
2353	 2.678256e-05	 3061	 iter
2354	 2.678256e-05	 3062	 iter
2355	 2.675201e-05	 3064	 iter
2356	 2.675201e-05	 3065	 iter
2357	 2.675201e-05	 3066	 iter
2358	 2.675201e-05	 3067	 iter
2359	 2.675201e-05	 3068	 iter
2360	 2.675201e-05	 3069	 iter
2361	 2.675201e-05	 3070	 iter
2362	 2.672477e-05	 3072	 iter
2363	 2.672477e-05	 3073	 iter
2364	 2.672477e-05	 3074	 iter
2365	 2.672477e-05	 3075	 iter
2366	 2.668508e-05	 3077	 iter
2367	 2.668508e-05	 3078	 iter
2368	 2.668508e-05	 3079	 iter
2369	 2.668508e-05	 3080	 iter
2370	 2.665531e-05	 3082	 iter
2371	 2.665531e-05	 3083	 iter
2372	 2.665531e-05	 3084	 iter
2373	 2.665531e-05	 3085	 iter
2374	 2.665531e-05	 3086	 iter
2375	 2.665081e-05	 3088	 iter
2376	 2.662768e-05	 3090	 iter
2377	 2.662324e-05	 3092	 iter
2378	 2.662241e-05	 3094	 iter
2379	 2.661529e-05	 3096	 iter
2380	 2.661529e-05	 3097	 iter
2381	 2.656091e-05	 3099	 iter
2382	 2.656091e-05	 3100	 iter
2383	 2.656091e-05	 3101	 iter
2384	 2.656091e-05	 3102	 iter
2385	 2.656091e-05	 3103	 iter
2386	 2.656091e-05	 3104	 iter
2387	 2.656091e-05	 3105	 iter
2388	 2.654322e-05	 3107	 iter
2389	 2.652146e-05	 3109	 iter
2390	 2.652146e-05	 3110	 iter
2391	 2.652146e-05	 3111	 iter
2392	 2.652146e-05	 3112	 iter
2393	 2.652146e-05	 3113	 iter
2394	 2.650538e-05	 3115	 iter
2395	 2.650538e-05	 3116	 iter
2396	 2.649049e-05	 3118	 iter
2397	 2.648831e-05	 3120	 iter
2398	 2.648831e-05	 3121	 iter
2399	 2.648169e-05	 3123	 iter
2400	 2.646376e-05	 3125	 iter
2401	 2.646376e-05	 3126	 iter
2402	 2.646376e-05	 3127	 iter
2403	 2.646376e-05	 3129	 iter
2404	 2.644770e-05	 3131	 iter
2405	 2.644073e-05	 3133	 iter
2406	 2.644073e-05	 3134	 iter
2407	 2.644073e-05	 3135	 iter
2408	 2.643692e-05	 3137	 iter
2409	 2.642920e-05	 3139	 iter
2410	 2.642920e-05	 3140	 iter
2411	 2.642920e-05	 3141	 iter
2412	 2.641187e-05	 3143	 iter
2413	 2.641187e-05	 3144	 iter
2414	 2.640282e-05	 3146	 iter
2415	 2.640282e-05	 3147	 iter
2416	 2.636998e-05	 3149	 iter
2417	 2.636998e-05	 3150	 iter
2418	 2.633368e-05	 3152	 iter
2419	 2.633368e-05	 3153	 iter
2420	 2.633368e-05	 3154	 iter
2421	 2.633368e-05	 3155	 iter
2422	 2.632244e-05	 3157	 iter
2423	 2.632244e-05	 3158	 iter
2424	 2.632244e-05	 3159	 iter
2425	 2.632244e-05	 3160	 iter
2426	 2.629599e-05	 3162	 iter
2427	 2.624383e-05	 3164	 iter
2428	 2.624383e-05	 3165	 iter
2429	 2.624383e-05	 3166	 iter
2430	 2.624383e-05	 3167	 iter
2431	 2.624383e-05	 3168	 iter
2432	 2.619682e-05	 3170	 iter
2433	 2.618098e-05	 3172	 iter
2434	 2.617779e-05	 3174	 iter
2435	 2.617779e-05	 3175	 iter
2436	 2.617779e-05	 3176	 iter
2437	 2.613739e-05	 3178	 iter
2438	 2.611514e-05	 3180	 iter
2439	 2.604601e-05	 3182	 iter
2440	 2.597118e-05	 3184	 iter
2441	 2.597118e-05	 3185	 iter
2442	 2.597118e-05	 3186	 iter
2443	 2.597118e-05	 3187	 iter
2444	 2.597118e-05	 3188	 iter
2445	 2.592730e-05	 3190	 iter
2446	 2.592730e-05	 3191	 iter
2447	 2.571314e-05	 3193	 iter
2448	 2.571314e-05	 3194	 iter
2449	 2.571314e-05	 3195	 iter
2450	 2.571314e-05	 3196	 iter
2451	 2.571314e-05	 3197	 iter
2452	 2.571314e-05	 3198	 iter
2453	 2.571314e-05	 3199	 iter
2454	 2.571314e-05	 3200	 iter
2455	 2.569768e-05	 3202	 iter
2456	 2.553728e-05	 3204	 iter
2457	 2.553728e-05	 3205	 iter
2458	 2.553728e-05	 3206	 iter
2459	 2.553728e-05	 3207	 iter
2460	 2.553728e-05	 3208	 iter
2461	 2.528157e-05	 3210	 iter
2462	 2.528157e-05	 3211	 iter
2463	 2.528157e-05	 3212	 iter
2464	 2.528157e-05	 3213	 iter
2465	 2.528157e-05	 3214	 iter
2466	 2.528157e-05	 3215	 iter
2467	 2.528157e-05	 3216	 iter
2468	 2.528157e-05	 3217	 iter
2469	 2.528157e-05	 3218	 iter
2470	 2.528157e-05	 3219	 iter
2471	 2.528157e-05	 3220	 iter
2472	 2.520987e-05	 3222	 iter
2473	 2.520987e-05	 3223	 iter
2474	 2.520987e-05	 3224	 iter
2475	 2.520987e-05	 3225	 iter
2476	 2.520987e-05	 3226	 iter
2477	 2.520987e-05	 3227	 iter
2478	 2.515226e-05	 3229	 iter
2479	 2.515226e-05	 3230	 iter
2480	 2.515226e-05	 3231	 iter
2481	 2.508995e-05	 3233	 iter
2482	 2.508995e-05	 3234	 iter
2483	 2.503316e-05	 3236	 iter
2484	 2.500879e-05	 3238	 iter
2485	 2.500879e-05	 3239	 iter
2486	 2.500879e-05	 3240	 iter
2487	 2.500879e-05	 3241	 iter
2488	 2.500879e-05	 3242	 iter
2489	 2.500879e-05	 3243	 iter
2490	 2.495966e-05	 3245	 iter
2491	 2.495966e-05	 3247	 iter
2492	 2.495966e-05	 3248	 iter
2493	 2.495966e-05	 3249	 iter
2494	 2.489913e-05	 3251	 iter
2495	 2.489913e-05	 3252	 iter
2496	 2.488528e-05	 3254	 iter
2497	 2.483235e-05	 3256	 iter
2498	 2.482351e-05	 3258	 iter
2499	 2.482351e-05	 3259	 iter
2500	 2.482351e-05	 3260	 iter
2501	 2.482351e-05	 3261	 iter
2502	 2.482351e-05	 3262	 iter
2503	 2.477882e-05	 3264	 iter
2504	 2.460812e-05	 3266	 iter
2505	 2.460812e-05	 3267	 iter
2506	 2.460812e-05	 3268	 iter
2507	 2.460812e-05	 3269	 iter
2508	 2.460812e-05	 3270	 iter
2509	 2.460812e-05	 3271	 iter
2510	 2.460812e-05	 3272	 iter
2511	 2.439171e-05	 3274	 iter
2512	 2.439171e-05	 3275	 iter
2513	 2.439171e-05	 3276	 iter
2514	 2.439171e-05	 3277	 iter
2515	 2.439171e-05	 3278	 iter
2516	 2.439171e-05	 3279	 iter
2517	 2.439171e-05	 3280	 iter
2518	 2.439171e-05	 3281	 iter
2519	 2.439171e-05	 3282	 iter
2520	 2.434385e-05	 3284	 iter
2521	 2.434385e-05	 3285	 iter
2522	 2.429020e-05	 3287	 iter
2523	 2.429020e-05	 3288	 iter
2524	 2.421794e-05	 3290	 iter
2525	 2.421794e-05	 3291	 iter
2526	 2.421794e-05	 3292	 iter
2527	 2.396152e-05	 3294	 iter
2528	 2.396152e-05	 3295	 iter
2529	 2.396152e-05	 3296	 iter
2530	 2.396152e-05	 3297	 iter
2531	 2.396152e-05	 3298	 iter
2532	 2.396152e-05	 3299	 iter
2533	 2.396152e-05	 3300	 iter
2534	 2.396152e-05	 3301	 iter
2535	 2.396152e-05	 3302	 iter
2536	 2.388071e-05	 3304	 iter
2537	 2.388071e-05	 3305	 iter
2538	 2.362678e-05	 3307	 iter
2539	 2.362678e-05	 3308	 iter
2540	 2.362678e-05	 3309	 iter
2541	 2.362678e-05	 3310	 iter
2542	 2.362678e-05	 3311	 iter
2543	 2.362678e-05	 3312	 iter
2544	 2.362678e-05	 3313	 iter
2545	 2.362678e-05	 3314	 iter
2546	 2.362678e-05	 3315	 iter
2547	 2.361456e-05	 3317	 iter
2548	 2.361304e-05	 3319	 iter
2549	 2.322060e-05	 3321	 iter
2550	 2.322060e-05	 3322	 iter
2551	 2.322060e-05	 3323	 iter
2552	 2.322060e-05	 3324	 iter
2553	 2.320006e-05	 3326	 iter
2554	 2.308378e-05	 3328	 iter
2555	 2.308378e-05	 3329	 iter
2556	 2.308378e-05	 3330	 iter
2557	 2.308378e-05	 3331	 iter
2558	 2.295406e-05	 3333	 iter
2559	 2.265445e-05	 3335	 iter
2560	 2.265445e-05	 3336	 iter
2561	 2.265445e-05	 3337	 iter
2562	 2.265445e-05	 3338	 iter
2563	 2.265445e-05	 3339	 iter
2564	 2.226314e-05	 3341	 iter
2565	 2.226314e-05	 3342	 iter
2566	 2.216628e-05	 3344	 iter
2567	 2.190360e-05	 3346	 iter
2568	 2.190360e-05	 3347	 iter
2569	 2.143212e-05	 3349	 iter
2570	 2.143212e-05	 3350	 iter
2571	 2.143212e-05	 3351	 iter
2572	 2.119476e-05	 3353	 iter
2573	 2.119476e-05	 3354	 iter
2574	 2.119476e-05	 3355	 iter
2575	 2.119476e-05	 3356	 iter
2576	 2.069306e-05	 3358	 iter
2577	 2.069306e-05	 3359	 iter
2578	 2.031474e-05	 3361	 iter
2579	 2.031474e-05	 3362	 iter
2580	 2.031474e-05	 3363	 iter
2581	 2.013236e-05	 3365	 iter
2582	 2.013236e-05	 3366	 iter
2583	 2.013236e-05	 3367	 iter
2584	 2.013236e-05	 3368	 iter
2585	 2.013236e-05	 3369	 iter
2586	 1.976445e-05	 3371	 iter
2587	 1.855351e-05	 3373	 iter
2588	 1.855351e-05	 3374	 iter
2589	 1.855351e-05	 3375	 iter
2590	 1.855351e-05	 3376	 iter
2591	 1.855351e-05	 3377	 iter
2592	 1.855351e-05	 3378	 iter
2593	 1.855351e-05	 3379	 iter
2594	 1.855351e-05	 3380	 iter
2595	 1.855351e-05	 3381	 iter
2596	 1.855351e-05	 3382	 iter
2597	 1.855351e-05	 3383	 iter
2598	 1.855351e-05	 3384	 iter
2599	 1.855351e-05	 3385	 iter
2600	 1.855351e-05	 3386	 iter
2601	 1.855351e-05	 3387	 iter
2602	 1.841154e-05	 3389	 iter
2603	 1.841154e-05	 3390	 iter
2604	 1.841154e-05	 3391	 iter
2605	 1.841154e-05	 3392	 iter
2606	 1.841154e-05	 3393	 iter
2607	 1.841154e-05	 3394	 iter
2608	 1.841154e-05	 3395	 iter
2609	 1.841154e-05	 3397	 iter
2610	 1.841154e-05	 3398	 iter
2611	 1.826302e-05	 3400	 iter
2612	 1.826302e-05	 3401	 iter
2613	 1.826302e-05	 3402	 iter
2614	 1.826302e-05	 3403	 iter
2615	 1.826302e-05	 3404	 iter
2616	 1.826302e-05	 3405	 iter
2617	 1.826302e-05	 3407	 iter
2618	 1.826302e-05	 3408	 iter
2619	 1.797406e-05	 3410	 iter
2620	 1.797406e-05	 3411	 iter
2621	 1.764960e-05	 3413	 iter
2622	 1.764960e-05	 3414	 iter
2623	 1.761934e-05	 3416	 iter
2624	 1.761934e-05	 3418	 iter
2625	 1.761934e-05	 3419	 iter
2626	 1.761934e-05	 3420	 iter
2627	 1.761934e-05	 3421	 iter
2628	 1.688453e-05	 3423	 iter
2629	 1.688453e-05	 3424	 iter
2630	 1.688453e-05	 3425	 iter
2631	 1.688453e-05	 3426	 iter
2632	 1.688453e-05	 3427	 iter
2633	 1.688453e-05	 3428	 iter
2634	 1.688453e-05	 3429	 iter
2635	 1.688453e-05	 3430	 iter
2636	 1.688453e-05	 3431	 iter
2637	 1.688453e-05	 3432	 iter
2638	 1.688453e-05	 3433	 iter
2639	 1.621249e-05	 3435	 iter
2640	 1.621249e-05	 3436	 iter
2641	 1.621249e-05	 3437	 iter
2642	 1.621249e-05	 3438	 iter
2643	 1.621249e-05	 3439	 iter
2644	 1.621249e-05	 3440	 iter
2645	 1.621249e-05	 3441	 iter
2646	 1.621249e-05	 3442	 iter
2647	 1.621249e-05	 3443	 iter
2648	 1.621249e-05	 3444	 iter
2649	 1.621249e-05	 3445	 iter
2650	 1.600281e-05	 3447	 iter
2651	 1.600281e-05	 3448	 iter
2652	 1.600281e-05	 3449	 iter
2653	 1.600281e-05	 3450	 iter
2654	 1.576287e-05	 3452	 iter
2655	 1.576287e-05	 3453	 iter
2656	 1.576287e-05	 3454	 iter
2657	 1.576287e-05	 3455	 iter
2658	 1.573817e-05	 3457	 iter
2659	 1.573817e-05	 3458	 iter
2660	 1.573817e-05	 3459	 iter
2661	 1.565146e-05	 3461	 iter
2662	 1.565146e-05	 3462	 iter
2663	 1.540336e-05	 3464	 iter
2664	 1.540336e-05	 3465	 iter
2665	 1.540336e-05	 3466	 iter
2666	 1.540336e-05	 3467	 iter
2667	 1.540336e-05	 3468	 iter
2668	 1.540336e-05	 3469	 iter
2669	 1.540336e-05	 3470	 iter
2670	 1.540336e-05	 3472	 iter
2671	 1.474831e-05	 3474	 iter
2672	 1.474831e-05	 3475	 iter
2673	 1.474831e-05	 3476	 iter
2674	 1.474831e-05	 3477	 iter
2675	 1.474831e-05	 3478	 iter
2676	 1.474831e-05	 3479	 iter
2677	 1.474831e-05	 3480	 iter
2678	 1.474831e-05	 3482	 iter
2679	 1.474831e-05	 3483	 iter
2680	 1.474831e-05	 3484	 iter
2681	 1.474831e-05	 3485	 iter
2682	 1.474831e-05	 3486	 iter
2683	 1.474831e-05	 3487	 iter
2684	 1.474831e-05	 3488	 iter
2685	 1.474831e-05	 3489	 iter
2686	 1.430262e-05	 3491	 iter
2687	 1.430262e-05	 3492	 iter
2688	 1.430262e-05	 3493	 iter
2689	 1.430262e-05	 3494	 iter
2690	 1.430262e-05	 3495	 iter
2691	 1.430262e-05	 3496	 iter
2692	 1.430262e-05	 3497	 iter
2693	 1.430262e-05	 3498	 iter
2694	 1.409053e-05	 3500	 iter
2695	 1.409053e-05	 3501	 iter
2696	 1.409053e-05	 3502	 iter
2697	 1.409053e-05	 3503	 iter
2698	 1.409053e-05	 3504	 iter
2699	 1.409053e-05	 3505	 iter
2700	 1.409053e-05	 3506	 iter
2701	 1.402350e-05	 3508	 iter
2702	 1.402350e-05	 3510	 iter
2703	 1.402350e-05	 3511	 iter
2704	 1.402350e-05	 3512	 iter
2705	 1.378359e-05	 3514	 iter
2706	 1.378359e-05	 3515	 iter
2707	 1.378359e-05	 3516	 iter
2708	 1.378359e-05	 3517	 iter
2709	 1.378359e-05	 3518	 iter
2710	 1.378359e-05	 3519	 iter
2711	 1.378359e-05	 3520	 iter
2712	 1.378359e-05	 3521	 iter
2713	 1.378359e-05	 3523	 iter
2714	 1.378359e-05	 3524	 iter
2715	 1.378359e-05	 3525	 iter
2716	 1.378359e-05	 3526	 iter
2717	 1.378359e-05	 3527	 iter
2718	 1.378359e-05	 3529	 iter
2719	 1.378359e-05	 3531	 iter
2720	 1.378359e-05	 3532	 iter
2721	 1.378359e-05	 3534	 iter
2722	 1.378359e-05	 3535	 iter
2723	 1.378359e-05	 3537	 iter
2724	 1.378359e-05	 3538	 iter
2725	 1.378359e-05	 3540	 iter
2726	 1.378359e-05	 3541	 iter
2727	 1.344845e-05	 3543	 iter
2728	 1.344845e-05	 3544	 iter
2729	 1.344845e-05	 3545	 iter
2730	 1.344845e-05	 3547	 iter
2731	 1.344845e-05	 3549	 iter
2732	 1.344845e-05	 3551	 iter
2733	 1.344845e-05	 3552	 iter
2734	 1.344845e-05	 3554	 iter
2735	 1.344845e-05	 3555	 iter
2736	 1.344845e-05	 3557	 iter
2737	 1.344845e-05	 3559	 iter
2738	 1.344845e-05	 3561	 iter
2739	 1.344845e-05	 3562	 iter
2740	 1.344845e-05	 3563	 iter
2741	 1.344845e-05	 3564	 iter
2742	 1.344845e-05	 3565	 iter
2743	 1.344845e-05	 3566	 iter
2744	 1.344845e-05	 3567	 iter
2745	 1.344845e-05	 3568	 iter
2746	 1.344845e-05	 3570	 iter
2747	 1.344845e-05	 3571	 iter
2748	 1.344621e-05	 3573	 iter
2749	 1.344621e-05	 3574	 iter
2750	 1.340024e-05	 3576	 iter
2751	 1.340024e-05	 3577	 iter
2752	 1.331530e-05	 3579	 iter
2753	 1.331530e-05	 3580	 iter
2754	 1.331530e-05	 3581	 iter
2755	 1.331530e-05	 3582	 iter
2756	 1.331530e-05	 3583	 iter
2757	 1.326900e-05	 3585	 iter
2758	 1.326900e-05	 3586	 iter
2759	 1.326900e-05	 3587	 iter
2760	 1.326900e-05	 3588	 iter
2761	 1.326900e-05	 3589	 iter
2762	 1.326900e-05	 3590	 iter
2763	 1.326900e-05	 3591	 iter
2764	 1.326900e-05	 3592	 iter
2765	 1.326900e-05	 3593	 iter
2766	 1.326900e-05	 3594	 iter
2767	 1.326900e-05	 3595	 iter
2768	 1.324669e-05	 3597	 iter
2769	 1.324669e-05	 3598	 iter
2770	 1.324669e-05	 3599	 iter
2771	 1.324067e-05	 3601	 iter
2772	 1.323010e-05	 3603	 iter
2773	 1.323010e-05	 3604	 iter
2774	 1.323010e-05	 3605	 iter
2775	 1.323010e-05	 3606	 iter
2776	 1.323010e-05	 3608	 iter
2777	 1.322289e-05	 3610	 iter
2778	 1.322206e-05	 3612	 iter
2779	 1.322206e-05	 3614	 iter
2780	 1.322206e-05	 3616	 iter
2781	 1.322206e-05	 3617	 iter
2782	 1.322206e-05	 3618	 iter
2783	 1.322206e-05	 3619	 iter
2784	 1.322206e-05	 3620	 iter
2785	 1.319953e-05	 3622	 iter
2786	 1.319470e-05	 3624	 iter
2787	 1.319387e-05	 3626	 iter
2788	 1.319387e-05	 3627	 iter
2789	 1.318407e-05	 3629	 iter
2790	 1.318375e-05	 3631	 iter
2791	 1.317551e-05	 3633	 iter
2792	 1.317491e-05	 3635	 iter
2793	 1.317491e-05	 3637	 iter
2794	 1.316953e-05	 3639	 iter
2795	 1.316953e-05	 3641	 iter
2796	 1.316953e-05	 3642	 iter
2797	 1.316408e-05	 3644	 iter
2798	 1.316408e-05	 3646	 iter
2799	 1.316408e-05	 3647	 iter
2800	 1.316408e-05	 3648	 iter
2801	 1.316408e-05	 3649	 iter
2802	 1.316408e-05	 3650	 iter
2803	 1.316408e-05	 3651	 iter
2804	 1.316047e-05	 3653	 iter
2805	 1.315983e-05	 3655	 iter
2806	 1.315675e-05	 3657	 iter
2807	 1.315675e-05	 3658	 iter
2808	 1.315675e-05	 3659	 iter
2809	 1.315232e-05	 3661	 iter
2810	 1.315159e-05	 3663	 iter
2811	 1.315159e-05	 3664	 iter
2812	 1.315101e-05	 3666	 iter
2813	 1.315101e-05	 3667	 iter
2814	 1.315101e-05	 3668	 iter
2815	 1.315101e-05	 3669	 iter
2816	 1.315101e-05	 3670	 iter
2817	 1.315101e-05	 3671	 iter
2818	 1.314725e-05	 3673	 iter
2819	 1.314725e-05	 3674	 iter
2820	 1.314672e-05	 3676	 iter
2821	 1.314583e-05	 3678	 iter
2822	 1.314583e-05	 3679	 iter
2823	 1.314440e-05	 3681	 iter
2824	 1.314440e-05	 3682	 iter
2825	 1.314422e-05	 3684	 iter
2826	 1.314422e-05	 3685	 iter
2827	 1.314289e-05	 3687	 iter
2828	 1.314289e-05	 3689	 iter
2829	 1.314223e-05	 3691	 iter
2830	 1.314223e-05	 3692	 iter
2831	 1.314217e-05	 3694	 iter
2832	 1.314217e-05	 3695	 iter
2833	 1.313995e-05	 3697	 iter
2834	 1.313995e-05	 3699	 iter
2835	 1.313995e-05	 3701	 iter
2836	 1.313995e-05	 3703	 iter
2837	 1.313995e-05	 3704	 iter
2838	 1.313995e-05	 3705	 iter
2839	 1.313876e-05	 3707	 iter
2840	 1.313876e-05	 3708	 iter
2841	 1.313876e-05	 3709	 iter
2842	 1.313876e-05	 3710	 iter
2843	 1.313789e-05	 3712	 iter
2844	 1.313758e-05	 3714	 iter
2845	 1.313758e-05	 3716	 iter
2846	 1.313758e-05	 3718	 iter
2847	 1.313734e-05	 3720	 iter
2848	 1.313734e-05	 3721	 iter
2849	 1.313734e-05	 3723	 iter
2850	 1.313734e-05	 3724	 iter
2851	 1.313734e-05	 3726	 iter
2852	 1.313691e-05	 3728	 iter
2853	 1.313691e-05	 3730	 iter
2854	 1.313691e-05	 3731	 iter
2855	 1.313661e-05	 3733	 iter
2856	 1.313644e-05	 3735	 iter
2857	 1.313644e-05	 3736	 iter
2858	 1.313603e-05	 3738	 iter
2859	 1.313603e-05	 3740	 iter
2860	 1.313574e-05	 3742	 iter
2861	 1.313574e-05	 3743	 iter
2862	 1.313571e-05	 3745	 iter
2863	 1.313571e-05	 3746	 iter
2864	 1.313571e-05	 3747	 iter
2865	 1.313544e-05	 3749	 iter
2866	 1.313544e-05	 3750	 iter
2867	 1.313544e-05	 3751	 iter
2868	 1.313497e-05	 3753	 iter
2869	 1.313497e-05	 3755	 iter
2870	 1.313497e-05	 3757	 iter
2871	 1.313464e-05	 3759	 iter
2872	 1.313464e-05	 3760	 iter
2873	 1.313464e-05	 3761	 iter
2874	 1.313464e-05	 3763	 iter
2875	 1.313464e-05	 3764	 iter
2876	 1.313429e-05	 3766	 iter
2877	 1.313429e-05	 3768	 iter
2878	 1.313429e-05	 3770	 iter
2879	 1.313429e-05	 3771	 iter
2880	 1.313429e-05	 3773	 iter
2881	 1.313429e-05	 3775	 iter
2882	 1.313429e-05	 3777	 iter
2883	 1.313429e-05	 3779	 iter
2884	 1.313429e-05	 3780	 iter
2885	 1.313429e-05	 3781	 iter
2886	 1.313429e-05	 3782	 iter
2887	 1.313429e-05	 3783	 iter
2888	 1.313359e-05	 3785	 iter
2889	 1.313359e-05	 3786	 iter
2890	 1.313359e-05	 3788	 iter
2891	 1.313359e-05	 3789	 iter
2892	 1.313359e-05	 3791	 iter
2893	 1.313359e-05	 3792	 iter
2894	 1.313359e-05	 3794	 iter
2895	 1.313359e-05	 3796	 iter
2896	 1.313359e-05	 3797	 iter
2897	 1.313359e-05	 3798	 iter
2898	 1.313341e-05	 3800	 iter
2899	 1.313332e-05	 3802	 iter
2900	 1.313332e-05	 3803	 iter
2901	 1.313332e-05	 3804	 iter
2902	 1.313332e-05	 3805	 iter
2903	 1.313332e-05	 3806	 iter
2904	 1.313332e-05	 3807	 iter
2905	 1.313332e-05	 3808	 iter
2906	 1.313332e-05	 3810	 iter
2907	 1.313332e-05	 3812	 iter
2908	 1.313318e-05	 3814	 iter
2909	 1.313311e-05	 3816	 iter
2910	 1.313311e-05	 3817	 iter
2911	 1.313311e-05	 3818	 iter
2912	 1.313295e-05	 3820	 iter
2913	 1.313295e-05	 3821	 iter
2914	 1.313295e-05	 3822	 iter
2915	 1.313295e-05	 3823	 iter
2916	 1.313295e-05	 3825	 iter
2917	 1.313295e-05	 3826	 iter
2918	 1.313295e-05	 3827	 iter
2919	 1.313295e-05	 3829	 iter
2920	 1.313295e-05	 3831	 iter
2921	 1.313295e-05	 3833	 iter
2922	 1.313271e-05	 3835	 iter
2923	 1.313271e-05	 3836	 iter
2924	 1.313271e-05	 3837	 iter
2925	 1.313271e-05	 3838	 iter
2926	 1.313271e-05	 3839	 iter
2927	 1.313271e-05	 3840	 iter
2928	 1.313271e-05	 3842	 iter
2929	 1.313271e-05	 3843	 iter
2930	 1.313264e-05	 3845	 iter
2931	 1.313264e-05	 3847	 iter
2932	 1.313264e-05	 3849	 iter
2933	 1.313264e-05	 3850	 iter
2934	 1.313264e-05	 3851	 iter
2935	 1.313264e-05	 3853	 iter
2936	 1.313264e-05	 3854	 iter
2937	 1.313264e-05	 3855	 iter
2938	 1.313257e-05	 3857	 iter
2939	 1.313257e-05	 3859	 iter
2940	 1.313257e-05	 3860	 iter
2941	 1.313257e-05	 3861	 iter
2942	 1.313242e-05	 3863	 iter
2943	 1.313242e-05	 3864	 iter
2944	 1.313242e-05	 3866	 iter
2945	 1.313242e-05	 3867	 iter
2946	 1.313242e-05	 3869	 iter
2947	 1.313242e-05	 3870	 iter
2948	 1.313242e-05	 3871	 iter
2949	 1.313242e-05	 3872	 iter
2950	 1.313242e-05	 3874	 iter
2951	 1.313242e-05	 3875	 iter
2952	 1.313230e-05	 3877	 iter
2953	 1.313230e-05	 3878	 iter
2954	 1.313230e-05	 3879	 iter
2955	 1.313230e-05	 3880	 iter
2956	 1.313230e-05	 3882	 iter
2957	 1.313230e-05	 3883	 iter
2958	 1.313230e-05	 3884	 iter
2959	 1.313230e-05	 3885	 iter
2960	 1.313230e-05	 3887	 iter
2961	 1.313230e-05	 3888	 iter
2962	 1.313229e-05	 3890	 iter
2963	 1.313229e-05	 3892	 iter
2964	 1.313227e-05	 3894	 iter
2965	 1.313227e-05	 3895	 iter
2966	 1.313221e-05	 3897	 iter
2967	 1.313221e-05	 3898	 iter
2968	 1.313221e-05	 3899	 iter
2969	 1.313221e-05	 3900	 iter
2970	 1.313221e-05	 3901	 iter
2971	 1.313221e-05	 3902	 iter
2972	 1.313221e-05	 3903	 iter
2973	 1.313221e-05	 3904	 iter
2974	 1.313221e-05	 3905	 iter
2975	 1.313214e-05	 3907	 iter
2976	 1.313214e-05	 3909	 iter
2977	 1.313214e-05	 3910	 iter
2978	 1.313212e-05	 3912	 iter
2979	 1.313212e-05	 3914	 iter
2980	 1.313212e-05	 3915	 iter
2981	 1.313212e-05	 3916	 iter
2982	 1.313212e-05	 3917	 iter
2983	 1.313212e-05	 3918	 iter
2984	 1.313212e-05	 3919	 iter
2985	 1.313212e-05	 3920	 iter
2986	 1.313212e-05	 3921	 iter
2987	 1.313212e-05	 3922	 iter
2988	 1.313212e-05	 3923	 iter
2989	 1.313212e-05	 3924	 iter
2990	 1.313212e-05	 3926	 iter
2991	 1.313212e-05	 3927	 iter
2992	 1.313212e-05	 3928	 iter
2993	 1.313199e-05	 3930	 iter
2994	 1.313199e-05	 3931	 iter
2995	 1.313199e-05	 3932	 iter
2996	 1.313199e-05	 3934	 iter
2997	 1.313199e-05	 3935	 iter
2998	 1.313199e-05	 3936	 iter
2999	 1.313199e-05	 3937	 iter
3000	 1.313199e-05	 3938	 iter
3001	 1.313199e-05	 3939	 iter
3002	 1.313199e-05	 3941	 iter
3003	 1.313199e-05	 3942	 iter
3004	 1.313199e-05	 3943	 iter
3005	 1.313199e-05	 3945	 iter
3006	 1.313199e-05	 3946	 iter
3007	 1.313199e-05	 3947	 iter
3008	 1.313199e-05	 3948	 iter
3009	 1.313199e-05	 3949	 iter
3010	 1.313198e-05	 3951	 iter
3011	 1.313198e-05	 3952	 iter
3012	 1.313198e-05	 3953	 iter
3013	 1.313198e-05	 3954	 iter
3014	 1.313198e-05	 3955	 iter
3015	 1.313198e-05	 3956	 iter
3016	 1.313198e-05	 3958	 iter
3017	 1.313194e-05	 3960	 iter
3018	 1.313194e-05	 3961	 iter
3019	 1.313194e-05	 3963	 iter
3020	 1.313188e-05	 3965	 iter
3021	 1.313188e-05	 3966	 iter
3022	 1.313188e-05	 3967	 iter
3023	 1.313188e-05	 3969	 iter
3024	 1.313188e-05	 3970	 iter
3025	 1.313188e-05	 3971	 iter
3026	 1.313188e-05	 3972	 iter
3027	 1.313188e-05	 3973	 iter
3028	 1.313188e-05	 3974	 iter
3029	 1.313188e-05	 3975	 iter
3030	 1.313188e-05	 3976	 iter
3031	 1.313188e-05	 3978	 iter
3032	 1.313188e-05	 3980	 iter
3033	 1.313187e-05	 3982	 iter
3034	 1.313187e-05	 3983	 iter
3035	 1.313186e-05	 3985	 iter
3036	 1.313186e-05	 3986	 iter
3037	 1.313186e-05	 3987	 iter
3038	 1.313186e-05	 3989	 iter
3039	 1.313186e-05	 3990	 iter
3040	 1.313181e-05	 3992	 iter
3041	 1.313181e-05	 3993	 iter
3042	 1.313181e-05	 3994	 iter
3043	 1.313181e-05	 3995	 iter
3044	 1.313181e-05	 3997	 iter
3045	 1.313181e-05	 3998	 iter
3046	 1.313181e-05	 4000	 iter
3047	 1.313181e-05	 4001	 iter
3048	 1.313181e-05	 4003	 iter
3049	 1.313181e-05	 4005	 iter
3050	 1.313181e-05	 4006	 iter
3051	 1.313181e-05	 4007	 iter
3052	 1.313181e-05	 4009	 iter
3053	 1.313181e-05	 4010	 iter
3054	 1.313181e-05	 4011	 iter
3055	 1.313181e-05	 4013	 iter
3056	 1.313180e-05	 4015	 iter
3056	 1.313180e-05	 4015	 done
