0	 6.828978e-04	 1	 init
0	 6.828978e-04	 1	 iter
1	 6.491660e-04	 17	 iter
2	 5.690600e-04	 19	 iter
3	 5.690600e-04	 20	 iter
4	 5.690600e-04	 21	 iter
5	 5.690600e-04	 22	 iter
6	 5.690600e-04	 23	 iter
7	 5.690600e-04	 24	 iter
8	 5.690600e-04	 25	 iter
9	 5.690600e-04	 26	 iter
10	 5.690600e-04	 27	 iter
11	 5.690600e-04	 28	 iter
12	 5.690600e-04	 29	 iter
13	 5.690600e-04	 30	 iter
14	 5.690600e-04	 31	 iter
15	 5.690600e-04	 32	 iter
16	 5.690600e-04	 33	 iter
17	 5.690600e-04	 35	 iter
18	 5.690600e-04	 36	 iter
19	 5.690600e-04	 37	 iter
20	 5.690600e-04	 39	 iter
21	 5.690600e-04	 41	 iter
22	 5.456580e-04	 43	 iter
23	 5.456580e-04	 45	 iter
24	 5.456580e-04	 47	 iter
25	 5.456580e-04	 48	 iter
26	 5.456580e-04	 49	 iter
27	 5.456580e-04	 50	 iter
28	 5.456580e-04	 51	 iter
29	 5.456580e-04	 52	 iter
30	 5.456580e-04	 53	 iter
31	 5.456580e-04	 54	 iter
32	 5.456580e-04	 55	 iter
33	 5.456580e-04	 56	 iter
34	 5.456580e-04	 58	 iter
35	 5.456580e-04	 59	 iter
36	 5.456580e-04	 60	 iter
37	 5.456580e-04	 61	 iter
38	 5.456580e-04	 62	 iter
39	 5.456580e-04	 63	 iter
40	 5.281625e-04	 65	 iter
41	 5.281625e-04	 66	 iter
42	 5.281625e-04	 67	 iter
43	 5.281625e-04	 68	 iter
44	 5.281625e-04	 69	 iter
45	 5.281625e-04	 70	 iter
46	 5.281625e-04	 71	 iter
47	 5.281625e-04	 72	 iter
48	 5.281625e-04	 73	 iter
49	 5.255677e-04	 75	 iter
50	 5.235868e-04	 77	 iter
51	 5.144514e-04	 79	 iter
52	 5.144514e-04	 80	 iter
53	 5.015711e-04	 82	 iter
54	 5.015711e-04	 83	 iter
55	 5.015711e-04	 84	 iter
56	 5.015711e-04	 85	 iter
57	 5.015711e-04	 86	 iter
58	 5.015711e-04	 87	 iter
59	 5.015711e-04	 88	 iter
60	 5.015711e-04	 89	 iter
61	 5.015711e-04	 90	 iter
62	 5.015711e-04	 91	 iter
63	 5.015711e-04	 92	 iter
64	 5.015711e-04	 93	 iter
65	 5.015711e-04	 95	 iter
66	 4.974579e-04	 97	 iter
67	 4.974579e-04	 98	 iter
68	 4.974579e-04	 100	 iter
69	 4.974579e-04	 101	 iter
70	 4.974579e-04	 103	 iter
71	 4.974579e-04	 104	 iter
72	 4.974579e-04	 105	 iter
73	 4.974579e-04	 107	 iter
74	 4.974579e-04	 109	 iter
75	 4.974579e-04	 111	 iter
76	 4.974579e-04	 112	 iter
77	 4.974579e-04	 114	 iter
78	 4.974579e-04	 115	 iter
79	 4.974579e-04	 116	 iter
80	 4.974579e-04	 117	 iter
81	 4.974579e-04	 119	 iter
82	 4.974579e-04	 121	 iter
83	 4.974579e-04	 122	 iter
84	 4.974579e-04	 123	 iter
85	 4.974579e-04	 124	 iter
86	 4.974579e-04	 126	 iter
87	 4.974579e-04	 128	 iter
88	 4.974579e-04	 130	 iter
89	 4.974579e-04	 132	 iter
90	 4.974579e-04	 133	 iter
91	 4.974579e-04	 134	 iter
92	 4.969310e-04	 136	 iter
93	 4.969310e-04	 138	 iter
94	 4.969310e-04	 139	 iter
95	 4.969310e-04	 140	 iter
96	 4.969310e-04	 142	 iter
97	 4.969310e-04	 143	 iter
98	 4.969310e-04	 145	 iter
99	 4.969310e-04	 146	 iter
100	 4.969310e-04	 147	 iter
101	 4.969310e-04	 149	 iter
102	 4.955175e-04	 151	 iter
103	 4.941075e-04	 153	 iter
104	 4.941075e-04	 154	 iter
105	 4.941075e-04	 155	 iter
106	 4.941075e-04	 156	 iter
107	 4.941075e-04	 157	 iter
108	 4.925672e-04	 159	 iter
109	 4.925672e-04	 161	 iter
110	 4.925672e-04	 162	 iter
111	 4.925672e-04	 163	 iter
112	 4.925672e-04	 165	 iter
113	 4.925672e-04	 166	 iter
114	 4.925672e-04	 167	 iter
115	 4.925672e-04	 168	 iter
116	 4.894704e-04	 170	 iter
117	 4.894704e-04	 171	 iter
118	 4.894704e-04	 172	 iter
119	 4.894704e-04	 173	 iter
120	 4.875161e-04	 175	 iter
121	 4.875161e-04	 176	 iter
122	 4.875161e-04	 177	 iter
123	 4.875161e-04	 178	 iter
124	 4.875161e-04	 179	 iter
125	 4.875161e-04	 180	 iter
126	 4.875161e-04	 181	 iter
127	 4.838783e-04	 183	 iter
128	 4.838783e-04	 184	 iter
129	 4.838783e-04	 185	 iter
130	 4.838783e-04	 186	 iter
131	 4.838783e-04	 187	 iter
132	 4.838783e-04	 188	 iter
133	 4.838783e-04	 190	 iter
134	 4.828270e-04	 192	 iter
135	 4.828270e-04	 193	 iter
136	 4.828270e-04	 194	 iter
137	 4.828270e-04	 195	 iter
138	 4.828270e-04	 196	 iter
139	 4.811776e-04	 198	 iter
140	 4.811776e-04	 199	 iter
141	 4.811776e-04	 200	 iter
142	 4.782479e-04	 202	 iter
143	 4.762733e-04	 204	 iter
144	 4.712287e-04	 206	 iter
145	 4.712287e-04	 207	 iter
146	 4.712287e-04	 208	 iter
147	 4.712287e-04	 209	 iter
148	 4.712287e-04	 210	 iter
149	 4.712287e-04	 211	 iter
150	 4.712287e-04	 212	 iter
151	 4.606329e-04	 214	 iter
152	 4.606329e-04	 215	 iter
153	 4.606329e-04	 216	 iter
154	 4.606329e-04	 217	 iter
155	 4.606329e-04	 218	 iter
156	 4.606329e-04	 219	 iter
157	 4.606329e-04	 220	 iter
158	 4.574742e-04	 222	 iter
159	 4.574742e-04	 223	 iter
160	 4.574742e-04	 224	 iter
161	 4.552569e-04	 226	 iter
162	 4.552569e-04	 227	 iter
163	 4.535546e-04	 229	 iter
164	 4.488217e-04	 231	 iter
165	 4.342124e-04	 233	 iter
166	 4.342124e-04	 234	 iter
167	 4.342124e-04	 235	 iter
168	 4.342124e-04	 236	 iter
169	 4.342124e-04	 237	 iter
170	 4.342124e-04	 238	 iter
171	 4.342124e-04	 239	 iter
172	 4.342124e-04	 240	 iter
173	 4.337647e-04	 242	 iter
174	 4.247065e-04	 244	 iter
175	 4.116446e-04	 246	 iter
176	 4.116446e-04	 247	 iter
177	 4.116446e-04	 248	 iter
178	 4.116446e-04	 249	 iter
179	 4.116446e-04	 250	 iter
180	 4.116446e-04	 251	 iter
181	 4.116446e-04	 252	 iter
182	 3.998415e-04	 254	 iter
183	 3.998415e-04	 255	 iter
184	 3.998415e-04	 256	 iter
185	 3.998415e-04	 257	 iter
186	 3.998415e-04	 258	 iter
187	 3.998415e-04	 259	 iter
188	 3.998415e-04	 260	 iter
189	 3.998415e-04	 261	 iter
190	 3.998415e-04	 262	 iter
191	 3.998415e-04	 263	 iter
192	 3.998415e-04	 264	 iter
193	 3.998415e-04	 265	 iter
194	 3.979544e-04	 267	 iter
195	 3.979544e-04	 268	 iter
196	 3.979544e-04	 269	 iter
197	 3.979544e-04	 270	 iter
198	 3.979544e-04	 271	 iter
199	 3.979544e-04	 273	 iter
200	 3.976693e-04	 275	 iter
201	 3.976693e-04	 276	 iter
202	 3.951065e-04	 278	 iter
203	 3.951065e-04	 280	 iter
204	 3.946550e-04	 282	 iter
205	 3.946550e-04	 283	 iter
206	 3.946550e-04	 284	 iter
207	 3.946550e-04	 285	 iter
208	 3.946550e-04	 287	 iter
209	 3.946550e-04	 289	 iter
210	 3.946550e-04	 290	 iter
211	 3.926869e-04	 292	 iter
212	 3.926869e-04	 294	 iter
213	 3.926869e-04	 296	 iter
214	 3.926869e-04	 297	 iter
215	 3.926869e-04	 298	 iter
216	 3.926869e-04	 299	 iter
217	 3.926869e-04	 301	 iter
218	 3.926869e-04	 302	 iter
219	 3.926869e-04	 304	 iter
220	 3.926869e-04	 305	 iter
221	 3.926869e-04	 306	 iter
222	 3.926869e-04	 307	 iter
223	 3.926869e-04	 308	 iter
224	 3.926869e-04	 309	 iter
225	 3.926869e-04	 311	 iter
226	 3.926869e-04	 312	 iter
227	 3.926869e-04	 314	 iter
228	 3.926869e-04	 315	 iter
229	 3.901234e-04	 317	 iter
230	 3.901234e-04	 318	 iter
231	 3.901234e-04	 319	 iter
232	 3.901234e-04	 321	 iter
233	 3.890296e-04	 323	 iter
234	 3.890296e-04	 324	 iter
235	 3.890296e-04	 325	 iter
236	 3.890296e-04	 327	 iter
237	 3.890296e-04	 328	 iter
238	 3.890296e-04	 330	 iter
239	 3.890296e-04	 331	 iter
240	 3.890296e-04	 332	 iter
241	 3.890296e-04	 333	 iter
242	 3.890296e-04	 334	 iter
243	 3.890296e-04	 335	 iter
244	 3.890296e-04	 336	 iter
245	 3.890296e-04	 338	 iter
246	 3.890296e-04	 339	 iter
247	 3.890296e-04	 340	 iter
248	 3.890296e-04	 341	 iter
249	 3.879353e-04	 343	 iter
250	 3.879353e-04	 345	 iter
251	 3.879353e-04	 346	 iter
252	 3.879353e-04	 347	 iter
253	 3.879353e-04	 349	 iter
254	 3.879353e-04	 350	 iter
255	 3.879353e-04	 352	 iter
256	 3.879353e-04	 353	 iter
257	 3.842434e-04	 355	 iter
258	 3.842434e-04	 356	 iter
259	 3.842434e-04	 357	 iter
260	 3.842434e-04	 359	 iter
261	 3.842434e-04	 360	 iter
262	 3.842434e-04	 362	 iter
263	 3.842434e-04	 363	 iter
264	 3.842434e-04	 364	 iter
265	 3.842434e-04	 365	 iter
266	 3.842434e-04	 366	 iter
267	 3.842434e-04	 367	 iter
268	 3.842434e-04	 368	 iter
269	 3.842434e-04	 369	 iter
270	 3.842434e-04	 370	 iter
271	 3.842434e-04	 371	 iter
272	 3.833571e-04	 373	 iter
273	 3.833571e-04	 374	 iter
274	 3.827293e-04	 376	 iter
275	 3.820329e-04	 378	 iter
276	 3.820329e-04	 379	 iter
277	 3.820329e-04	 380	 iter
278	 3.820329e-04	 381	 iter
279	 3.784134e-04	 383	 iter
280	 3.784134e-04	 384	 iter
281	 3.784134e-04	 385	 iter
282	 3.784134e-04	 386	 iter
283	 3.784134e-04	 387	 iter
284	 3.784134e-04	 388	 iter
285	 3.751529e-04	 390	 iter
286	 3.751529e-04	 391	 iter
287	 3.751529e-04	 392	 iter
288	 3.751529e-04	 393	 iter
289	 3.751529e-04	 394	 iter
290	 3.751529e-04	 395	 iter
291	 3.751529e-04	 396	 iter
292	 3.751529e-04	 397	 iter
293	 3.744729e-04	 399	 iter
294	 3.738206e-04	 401	 iter
295	 3.738206e-04	 402	 iter
296	 3.669867e-04	 404	 iter
297	 3.669867e-04	 405	 iter
298	 3.669867e-04	 406	 iter
299	 3.669867e-04	 407	 iter
300	 3.669867e-04	 408	 iter
301	 3.669867e-04	 409	 iter
302	 3.669867e-04	 410	 iter
303	 3.669867e-04	 411	 iter
304	 3.669867e-04	 412	 iter
305	 3.669867e-04	 413	 iter
306	 3.669867e-04	 414	 iter
307	 3.622172e-04	 416	 iter
308	 3.622172e-04	 417	 iter
309	 3.622172e-04	 418	 iter
310	 3.588249e-04	 420	 iter
311	 3.588249e-04	 421	 iter
312	 3.588249e-04	 422	 iter
313	 3.588249e-04	 423	 iter
314	 3.588249e-04	 424	 iter
315	 3.588249e-04	 425	 iter
316	 3.588249e-04	 426	 iter
317	 3.582532e-04	 428	 iter
318	 3.582532e-04	 429	 iter
319	 3.582532e-04	 430	 iter
320	 3.516807e-04	 432	 iter
321	 3.516807e-04	 433	 iter
322	 3.516807e-04	 434	 iter
323	 3.516807e-04	 435	 iter
324	 3.446603e-04	 437	 iter
325	 3.446603e-04	 438	 iter
326	 3.446603e-04	 439	 iter
327	 3.446603e-04	 440	 iter
328	 3.446603e-04	 441	 iter
329	 3.446603e-04	 442	 iter
330	 3.446603e-04	 443	 iter
331	 3.446603e-04	 444	 iter
332	 3.446603e-04	 445	 iter
333	 3.446603e-04	 446	 iter
334	 3.445386e-04	 448	 iter
335	 3.445386e-04	 449	 iter
336	 3.445386e-04	 450	 iter
337	 3.445386e-04	 451	 iter
338	 3.445386e-04	 452	 iter
339	 3.429267e-04	 454	 iter
340	 3.406799e-04	 456	 iter
341	 3.406799e-04	 457	 iter
342	 3.406799e-04	 458	 iter
343	 3.400362e-04	 460	 iter
344	 3.400362e-04	 461	 iter
345	 3.400362e-04	 462	 iter
346	 3.400362e-04	 463	 iter
347	 3.387757e-04	 465	 iter
348	 3.370766e-04	 467	 iter
349	 3.370766e-04	 468	 iter
350	 3.370766e-04	 470	 iter
351	 3.370766e-04	 471	 iter
352	 3.370766e-04	 472	 iter
353	 3.370766e-04	 473	 iter
354	 3.370766e-04	 475	 iter
355	 3.370766e-04	 476	 iter
356	 3.370766e-04	 477	 iter
357	 3.349447e-04	 479	 iter
358	 3.349447e-04	 480	 iter
359	 3.349447e-04	 481	 iter
360	 3.349447e-04	 482	 iter
361	 3.349447e-04	 484	 iter
362	 3.349447e-04	 486	 iter
363	 3.349447e-04	 487	 iter
364	 3.349447e-04	 489	 iter
365	 3.349447e-04	 490	 iter
366	 3.349447e-04	 491	 iter
367	 3.349447e-04	 492	 iter
368	 3.349447e-04	 493	 iter
369	 3.335494e-04	 495	 iter
370	 3.335494e-04	 497	 iter
371	 3.309121e-04	 499	 iter
372	 3.309121e-04	 501	 iter
373	 3.309121e-04	 502	 iter
374	 3.309121e-04	 503	 iter
375	 3.309121e-04	 504	 iter
376	 3.309121e-04	 505	 iter
377	 3.309121e-04	 506	 iter
378	 3.309121e-04	 507	 iter
379	 3.309121e-04	 508	 iter
380	 3.309121e-04	 509	 iter
381	 3.309121e-04	 510	 iter
382	 3.309121e-04	 511	 iter
383	 3.309121e-04	 512	 iter
384	 3.309121e-04	 513	 iter
385	 3.309121e-04	 514	 iter
386	 3.309121e-04	 515	 iter
387	 3.309121e-04	 516	 iter
388	 3.309121e-04	 517	 iter
389	 3.309121e-04	 519	 iter
390	 3.309121e-04	 520	 iter
391	 3.309121e-04	 521	 iter
392	 3.309121e-04	 522	 iter
393	 3.309121e-04	 524	 iter
394	 3.309121e-04	 525	 iter
395	 3.309121e-04	 526	 iter
396	 3.306712e-04	 528	 iter
397	 3.302864e-04	 530	 iter
398	 3.302864e-04	 532	 iter
399	 3.302864e-04	 534	 iter
400	 3.302864e-04	 535	 iter
401	 3.302864e-04	 536	 iter
402	 3.287745e-04	 538	 iter
403	 3.287745e-04	 539	 iter
404	 3.287745e-04	 540	 iter
405	 3.287745e-04	 542	 iter
406	 3.274826e-04	 544	 iter
407	 3.274826e-04	 545	 iter
408	 3.274826e-04	 546	 iter
409	 3.274826e-04	 547	 iter
410	 3.274826e-04	 548	 iter
411	 3.274826e-04	 549	 iter
412	 3.274826e-04	 550	 iter
413	 3.274227e-04	 552	 iter
414	 3.274227e-04	 553	 iter
415	 3.270141e-04	 555	 iter
416	 3.270141e-04	 557	 iter
417	 3.270141e-04	 558	 iter
418	 3.270141e-04	 559	 iter
419	 3.239284e-04	 561	 iter
420	 3.239284e-04	 562	 iter
421	 3.239284e-04	 563	 iter
422	 3.239284e-04	 564	 iter
423	 3.239284e-04	 565	 iter
424	 3.239284e-04	 566	 iter
425	 3.239284e-04	 567	 iter
426	 3.239284e-04	 568	 iter
427	 3.239284e-04	 569	 iter
428	 3.239284e-04	 570	 iter
429	 3.239284e-04	 571	 iter
430	 3.239284e-04	 573	 iter
431	 3.239284e-04	 574	 iter
432	 3.239284e-04	 575	 iter
433	 3.239284e-04	 576	 iter
434	 3.239284e-04	 577	 iter
435	 3.226650e-04	 579	 iter
436	 3.226650e-04	 580	 iter
437	 3.226650e-04	 581	 iter
438	 3.224447e-04	 583	 iter
439	 3.224447e-04	 584	 iter
440	 3.224447e-04	 585	 iter
441	 3.224447e-04	 586	 iter
442	 3.214762e-04	 588	 iter
443	 3.214762e-04	 589	 iter
444	 3.214762e-04	 590	 iter
445	 3.207478e-04	 592	 iter
446	 3.207478e-04	 593	 iter
447	 3.182256e-04	 595	 iter
448	 3.182256e-04	 596	 iter
449	 3.182256e-04	 597	 iter
450	 3.182256e-04	 598	 iter
451	 3.182256e-04	 599	 iter
452	 3.182256e-04	 600	 iter
453	 3.182256e-04	 601	 iter
454	 3.182256e-04	 602	 iter
455	 3.182256e-04	 603	 iter
456	 3.182256e-04	 604	 iter
457	 3.182256e-04	 605	 iter
458	 3.182256e-04	 606	 iter
459	 3.182256e-04	 607	 iter
460	 3.182256e-04	 608	 iter
461	 3.182256e-04	 609	 iter
462	 3.182256e-04	 610	 iter
463	 3.182256e-04	 611	 iter
464	 3.182256e-04	 612	 iter
465	 3.182256e-04	 613	 iter
466	 3.170404e-04	 615	 iter
467	 3.170404e-04	 616	 iter
468	 3.170404e-04	 617	 iter
469	 3.170404e-04	 618	 iter
470	 3.170404e-04	 619	 iter
471	 3.170404e-04	 620	 iter
472	 3.170404e-04	 621	 iter
473	 3.169642e-04	 623	 iter
474	 3.166598e-04	 625	 iter
475	 3.166598e-04	 626	 iter
476	 3.166598e-04	 627	 iter
477	 3.166598e-04	 628	 iter
478	 3.166598e-04	 630	 iter
479	 3.166598e-04	 631	 iter
480	 3.165663e-04	 633	 iter
481	 3.165663e-04	 634	 iter
482	 3.165663e-04	 635	 iter
483	 3.165663e-04	 636	 iter
484	 3.139929e-04	 638	 iter
485	 3.139929e-04	 639	 iter
486	 3.139929e-04	 640	 iter
487	 3.139929e-04	 641	 iter
488	 3.139929e-04	 642	 iter
489	 3.139929e-04	 643	 iter
490	 3.139929e-04	 644	 iter
491	 3.139929e-04	 645	 iter
492	 3.139929e-04	 646	 iter
493	 3.139929e-04	 647	 iter
494	 3.139929e-04	 648	 iter
495	 3.139929e-04	 649	 iter
496	 3.137988e-04	 651	 iter
497	 3.136779e-04	 653	 iter
498	 3.136779e-04	 654	 iter
499	 3.131879e-04	 656	 iter
500	 3.112440e-04	 658	 iter
501	 3.112440e-04	 659	 iter
502	 3.112440e-04	 660	 iter
503	 3.112440e-04	 661	 iter
504	 3.112440e-04	 662	 iter
505	 3.112440e-04	 663	 iter
506	 3.103317e-04	 665	 iter
507	 3.103317e-04	 666	 iter
508	 3.103317e-04	 667	 iter
509	 3.083485e-04	 669	 iter
510	 3.083485e-04	 670	 iter
511	 3.083485e-04	 671	 iter
512	 3.083485e-04	 672	 iter
513	 3.083485e-04	 673	 iter
514	 3.083485e-04	 674	 iter
515	 3.082706e-04	 676	 iter
516	 3.077532e-04	 678	 iter
517	 3.077532e-04	 679	 iter
518	 3.068177e-04	 681	 iter
519	 3.068177e-04	 682	 iter
520	 3.061415e-04	 684	 iter
521	 3.061415e-04	 685	 iter
522	 3.061415e-04	 686	 iter
523	 3.020663e-04	 688	 iter
524	 3.020663e-04	 689	 iter
525	 3.020663e-04	 690	 iter
526	 3.020663e-04	 691	 iter
527	 3.020663e-04	 692	 iter
528	 3.020663e-04	 693	 iter
529	 3.020663e-04	 694	 iter
530	 2.995466e-04	 696	 iter
531	 2.995466e-04	 697	 iter
532	 2.995466e-04	 698	 iter
533	 2.995466e-04	 699	 iter
534	 2.995466e-04	 700	 iter
535	 2.995466e-04	 701	 iter
536	 2.995466e-04	 702	 iter
537	 2.972159e-04	 704	 iter
538	 2.972159e-04	 705	 iter
539	 2.972159e-04	 706	 iter
540	 2.923605e-04	 708	 iter
541	 2.923605e-04	 709	 iter
542	 2.923605e-04	 710	 iter
543	 2.923605e-04	 711	 iter
544	 2.923605e-04	 712	 iter
545	 2.923605e-04	 713	 iter
546	 2.923605e-04	 714	 iter
547	 2.918111e-04	 716	 iter
548	 2.865430e-04	 718	 iter
549	 2.865430e-04	 719	 iter
550	 2.865430e-04	 720	 iter
551	 2.865430e-04	 721	 iter
552	 2.795813e-04	 723	 iter
553	 2.795813e-04	 724	 iter
554	 2.795813e-04	 725	 iter
555	 2.795813e-04	 726	 iter
556	 2.795813e-04	 727	 iter
557	 2.795813e-04	 728	 iter
558	 2.795813e-04	 729	 iter
559	 2.795813e-04	 730	 iter
560	 2.795813e-04	 731	 iter
561	 2.735480e-04	 733	 iter
562	 2.735480e-04	 734	 iter
563	 2.735480e-04	 735	 iter
564	 2.735480e-04	 736	 iter
565	 2.735480e-04	 737	 iter
566	 2.735480e-04	 738	 iter
567	 2.723275e-04	 740	 iter
568	 2.723275e-04	 741	 iter
569	 2.723275e-04	 742	 iter
570	 2.683236e-04	 744	 iter
571	 2.629193e-04	 746	 iter
572	 2.629193e-04	 747	 iter
573	 2.629193e-04	 748	 iter
574	 2.629193e-04	 749	 iter
575	 2.629193e-04	 750	 iter
576	 2.540446e-04	 752	 iter
577	 2.540446e-04	 753	 iter
578	 2.540446e-04	 754	 iter
579	 2.540446e-04	 755	 iter
580	 2.540446e-04	 756	 iter
581	 2.514290e-04	 758	 iter
582	 2.514290e-04	 759	 iter
583	 2.514290e-04	 760	 iter
584	 2.514290e-04	 761	 iter
585	 2.514290e-04	 762	 iter
586	 2.514290e-04	 763	 iter
587	 2.464172e-04	 765	 iter
588	 2.464172e-04	 766	 iter
589	 2.462636e-04	 768	 iter
590	 2.462636e-04	 769	 iter
591	 2.459323e-04	 771	 iter
592	 2.459323e-04	 772	 iter
593	 2.459323e-04	 773	 iter
594	 2.459323e-04	 774	 iter
595	 2.459323e-04	 775	 iter
596	 2.459323e-04	 777	 iter
597	 2.459323e-04	 778	 iter
598	 2.459323e-04	 779	 iter
599	 2.459323e-04	 780	 iter
600	 2.459323e-04	 781	 iter
601	 2.459323e-04	 783	 iter
602	 2.452540e-04	 785	 iter
603	 2.452540e-04	 786	 iter
604	 2.452540e-04	 787	 iter
605	 2.412276e-04	 789	 iter
606	 2.412276e-04	 790	 iter
607	 2.412276e-04	 791	 iter
608	 2.412276e-04	 792	 iter
609	 2.412276e-04	 794	 iter
610	 2.412276e-04	 795	 iter
611	 2.412276e-04	 797	 iter
612	 2.412276e-04	 798	 iter
613	 2.412276e-04	 799	 iter
614	 2.412276e-04	 800	 iter
615	 2.412276e-04	 801	 iter
616	 2.396642e-04	 803	 iter
617	 2.396642e-04	 805	 iter
618	 2.396642e-04	 806	 iter
619	 2.396642e-04	 807	 iter
620	 2.396642e-04	 808	 iter
621	 2.396642e-04	 810	 iter
622	 2.396642e-04	 811	 iter
623	 2.396642e-04	 813	 iter
624	 2.396642e-04	 814	 iter
625	 2.396642e-04	 815	 iter
626	 2.396642e-04	 816	 iter
627	 2.396642e-04	 818	 iter
628	 2.396642e-04	 820	 iter
629	 2.396642e-04	 821	 iter
630	 2.395346e-04	 823	 iter
631	 2.395346e-04	 824	 iter
632	 2.395346e-04	 826	 iter
633	 2.390695e-04	 828	 iter
634	 2.390695e-04	 829	 iter
635	 2.390695e-04	 830	 iter
636	 2.390695e-04	 832	 iter
637	 2.390695e-04	 833	 iter
638	 2.390695e-04	 835	 iter
639	 2.390695e-04	 836	 iter
640	 2.390695e-04	 838	 iter
641	 2.376491e-04	 840	 iter
642	 2.376491e-04	 842	 iter
643	 2.376491e-04	 843	 iter
644	 2.376491e-04	 844	 iter
645	 2.376491e-04	 846	 iter
646	 2.375029e-04	 848	 iter
647	 2.375029e-04	 849	 iter
648	 2.375029e-04	 850	 iter
649	 2.375029e-04	 851	 iter
650	 2.375029e-04	 852	 iter
651	 2.375029e-04	 853	 iter
652	 2.375029e-04	 854	 iter
653	 2.375029e-04	 855	 iter
654	 2.375029e-04	 856	 iter
655	 2.375029e-04	 857	 iter
656	 2.375029e-04	 858	 iter
657	 2.371759e-04	 860	 iter
658	 2.371759e-04	 861	 iter
659	 2.368008e-04	 863	 iter
660	 2.368008e-04	 864	 iter
661	 2.368008e-04	 865	 iter
662	 2.368008e-04	 866	 iter
663	 2.368008e-04	 867	 iter
664	 2.363499e-04	 869	 iter
665	 2.363499e-04	 870	 iter
666	 2.363499e-04	 871	 iter
667	 2.363499e-04	 872	 iter
668	 2.363499e-04	 873	 iter
669	 2.363499e-04	 874	 iter
670	 2.363499e-04	 876	 iter
671	 2.363499e-04	 878	 iter
672	 2.363499e-04	 880	 iter
673	 2.363499e-04	 881	 iter
674	 2.355382e-04	 883	 iter
675	 2.355382e-04	 884	 iter
676	 2.355382e-04	 885	 iter
677	 2.355382e-04	 887	 iter
678	 2.355382e-04	 888	 iter
679	 2.355382e-04	 889	 iter
680	 2.355382e-04	 891	 iter
681	 2.351760e-04	 893	 iter
682	 2.351760e-04	 894	 iter
683	 2.351760e-04	 896	 iter
684	 2.351760e-04	 898	 iter
685	 2.351760e-04	 899	 iter
686	 2.351760e-04	 900	 iter
687	 2.351760e-04	 901	 iter
688	 2.351760e-04	 903	 iter
689	 2.351760e-04	 904	 iter
690	 2.351760e-04	 906	 iter
691	 2.348497e-04	 908	 iter
692	 2.348497e-04	 910	 iter
693	 2.340409e-04	 912	 iter
694	 2.340409e-04	 913	 iter
695	 2.340409e-04	 914	 iter
696	 2.340409e-04	 915	 iter
697	 2.340409e-04	 916	 iter
698	 2.340409e-04	 918	 iter
699	 2.340409e-04	 920	 iter
700	 2.338267e-04	 922	 iter
701	 2.338267e-04	 923	 iter
702	 2.338267e-04	 924	 iter
703	 2.333916e-04	 926	 iter
704	 2.333916e-04	 927	 iter
705	 2.333916e-04	 928	 iter
706	 2.333916e-04	 929	 iter
707	 2.332883e-04	 931	 iter
708	 2.332883e-04	 932	 iter
709	 2.325764e-04	 934	 iter
710	 2.325764e-04	 935	 iter
711	 2.325764e-04	 936	 iter
712	 2.325764e-04	 937	 iter
713	 2.324328e-04	 939	 iter
714	 2.309440e-04	 941	 iter
715	 2.309440e-04	 942	 iter
716	 2.309440e-04	 943	 iter
717	 2.309440e-04	 944	 iter
718	 2.309440e-04	 945	 iter
719	 2.305812e-04	 947	 iter
720	 2.305812e-04	 948	 iter
721	 2.305812e-04	 949	 iter
722	 2.305812e-04	 950	 iter
723	 2.305812e-04	 951	 iter
724	 2.300295e-04	 953	 iter
725	 2.300295e-04	 954	 iter
726	 2.275726e-04	 956	 iter
727	 2.275726e-04	 957	 iter
728	 2.275726e-04	 958	 iter
729	 2.275726e-04	 959	 iter
730	 2.275726e-04	 960	 iter
731	 2.275726e-04	 961	 iter
732	 2.275726e-04	 962	 iter
733	 2.275726e-04	 963	 iter
734	 2.275726e-04	 964	 iter
735	 2.275726e-04	 965	 iter
736	 2.273649e-04	 967	 iter
737	 2.273649e-04	 968	 iter
738	 2.273649e-04	 969	 iter
739	 2.270545e-04	 971	 iter
740	 2.270545e-04	 972	 iter
741	 2.270058e-04	 974	 iter
742	 2.270058e-04	 975	 iter
743	 2.270058e-04	 976	 iter
744	 2.269748e-04	 978	 iter
745	 2.269748e-04	 979	 iter
746	 2.249616e-04	 981	 iter
747	 2.249616e-04	 982	 iter
748	 2.249616e-04	 983	 iter
749	 2.249616e-04	 984	 iter
750	 2.234401e-04	 986	 iter
751	 2.234401e-04	 988	 iter
752	 2.234401e-04	 989	 iter
753	 2.234401e-04	 990	 iter
754	 2.234401e-04	 991	 iter
755	 2.234401e-04	 992	 iter
756	 2.234401e-04	 993	 iter
757	 2.234401e-04	 994	 iter
758	 2.230509e-04	 996	 iter
759	 2.230509e-04	 997	 iter
760	 2.230509e-04	 998	 iter
761	 2.211260e-04	 1000	 iter
762	 2.211260e-04	 1001	 iter
763	 2.211260e-04	 1002	 iter
764	 2.211260e-04	 1003	 iter
765	 2.211260e-04	 1004	 iter
766	 2.210781e-04	 1006	 iter
767	 2.210781e-04	 1007	 iter
768	 2.210781e-04	 1008	 iter
769	 2.210781e-04	 1009	 iter
770	 2.204353e-04	 1011	 iter
771	 2.173552e-04	 1013	 iter
772	 2.173552e-04	 1014	 iter
773	 2.173552e-04	 1015	 iter
774	 2.173552e-04	 1016	 iter
775	 2.173552e-04	 1017	 iter
776	 2.173552e-04	 1018	 iter
777	 2.173552e-04	 1019	 iter
778	 2.173552e-04	 1020	 iter
779	 2.167674e-04	 1022	 iter
780	 2.167674e-04	 1023	 iter
781	 2.167674e-04	 1024	 iter
782	 2.159932e-04	 1026	 iter
783	 2.159932e-04	 1027	 iter
784	 2.159932e-04	 1028	 iter
785	 2.159932e-04	 1029	 iter
786	 2.110488e-04	 1031	 iter
787	 2.110488e-04	 1032	 iter
788	 2.110488e-04	 1033	 iter
789	 2.110488e-04	 1034	 iter
790	 2.110488e-04	 1035	 iter
791	 2.110488e-04	 1036	 iter
792	 2.110488e-04	 1037	 iter
793	 2.110488e-04	 1038	 iter
794	 2.110488e-04	 1039	 iter
795	 2.110488e-04	 1040	 iter
796	 2.110488e-04	 1041	 iter
797	 2.072936e-04	 1043	 iter
798	 2.072936e-04	 1044	 iter
799	 2.072936e-04	 1045	 iter
800	 2.072936e-04	 1046	 iter
801	 2.072936e-04	 1047	 iter
802	 2.072936e-04	 1048	 iter
803	 2.072936e-04	 1049	 iter
804	 2.072936e-04	 1050	 iter
805	 2.070774e-04	 1052	 iter
806	 2.063741e-04	 1054	 iter
807	 2.063741e-04	 1055	 iter
808	 2.063741e-04	 1056	 iter
809	 2.063741e-04	 1057	 iter
810	 2.054363e-04	 1059	 iter
811	 2.054363e-04	 1060	 iter
812	 2.048357e-04	 1062	 iter
813	 2.048357e-04	 1063	 iter
814	 2.011925e-04	 1065	 iter
815	 1.987124e-04	 1067	 iter
816	 1.987124e-04	 1068	 iter
817	 1.987124e-04	 1069	 iter
818	 1.987124e-04	 1070	 iter
819	 1.987124e-04	 1071	 iter
820	 1.987124e-04	 1072	 iter
821	 1.987124e-04	 1073	 iter
822	 1.987124e-04	 1074	 iter
823	 1.918664e-04	 1076	 iter
824	 1.918664e-04	 1077	 iter
825	 1.918664e-04	 1078	 iter
826	 1.918664e-04	 1079	 iter
827	 1.918664e-04	 1080	 iter
828	 1.918664e-04	 1081	 iter
829	 1.918664e-04	 1082	 iter
830	 1.918664e-04	 1083	 iter
831	 1.918664e-04	 1084	 iter
832	 1.918664e-04	 1085	 iter
833	 1.918664e-04	 1086	 iter
834	 1.882955e-04	 1088	 iter
835	 1.882955e-04	 1089	 iter
836	 1.882955e-04	 1090	 iter
837	 1.882955e-04	 1091	 iter
838	 1.874393e-04	 1093	 iter
839	 1.874393e-04	 1094	 iter
840	 1.874393e-04	 1095	 iter
841	 1.867174e-04	 1097	 iter
842	 1.867174e-04	 1098	 iter
843	 1.837492e-04	 1100	 iter
844	 1.772019e-04	 1102	 iter
845	 1.772019e-04	 1103	 iter
846	 1.772019e-04	 1104	 iter
847	 1.772019e-04	 1105	 iter
848	 1.772019e-04	 1106	 iter
849	 1.772019e-04	 1107	 iter
850	 1.772019e-04	 1108	 iter
851	 1.772019e-04	 1109	 iter
852	 1.772019e-04	 1110	 iter
853	 1.772019e-04	 1111	 iter
854	 1.761564e-04	 1113	 iter
855	 1.750361e-04	 1115	 iter
856	 1.723488e-04	 1117	 iter
857	 1.723488e-04	 1118	 iter
858	 1.723488e-04	 1119	 iter
859	 1.723488e-04	 1120	 iter
860	 1.723488e-04	 1121	 iter
861	 1.723488e-04	 1122	 iter
862	 1.717743e-04	 1124	 iter
863	 1.717743e-04	 1125	 iter
864	 1.659095e-04	 1127	 iter
865	 1.659095e-04	 1128	 iter
866	 1.659095e-04	 1129	 iter
867	 1.659095e-04	 1130	 iter
868	 1.659095e-04	 1131	 iter
869	 1.659095e-04	 1132	 iter
870	 1.659095e-04	 1133	 iter
871	 1.659095e-04	 1134	 iter
872	 1.659095e-04	 1135	 iter
873	 1.629775e-04	 1137	 iter
874	 1.629775e-04	 1138	 iter
875	 1.616487e-04	 1140	 iter
876	 1.616487e-04	 1141	 iter
877	 1.616487e-04	 1142	 iter
878	 1.616487e-04	 1143	 iter
879	 1.616487e-04	 1144	 iter
880	 1.616487e-04	 1146	 iter
881	 1.616487e-04	 1148	 iter
882	 1.611935e-04	 1150	 iter
883	 1.605714e-04	 1152	 iter
884	 1.602305e-04	 1154	 iter
885	 1.575257e-04	 1156	 iter
886	 1.551748e-04	 1158	 iter
887	 1.551748e-04	 1159	 iter
888	 1.551748e-04	 1160	 iter
889	 1.551748e-04	 1161	 iter
890	 1.551748e-04	 1162	 iter
891	 1.551748e-04	 1163	 iter
892	 1.551748e-04	 1164	 iter
893	 1.551748e-04	 1165	 iter
894	 1.541145e-04	 1167	 iter
895	 1.541145e-04	 1168	 iter
896	 1.541145e-04	 1169	 iter
897	 1.541145e-04	 1170	 iter
898	 1.541145e-04	 1171	 iter
899	 1.541145e-04	 1173	 iter
900	 1.524488e-04	 1175	 iter
901	 1.524488e-04	 1176	 iter
902	 1.524488e-04	 1177	 iter
903	 1.524488e-04	 1178	 iter
904	 1.524488e-04	 1179	 iter
905	 1.496743e-04	 1181	 iter
906	 1.496743e-04	 1182	 iter
907	 1.496743e-04	 1183	 iter
908	 1.496743e-04	 1184	 iter
909	 1.496743e-04	 1185	 iter
910	 1.496743e-04	 1186	 iter
911	 1.494507e-04	 1188	 iter
912	 1.494507e-04	 1189	 iter
913	 1.494507e-04	 1190	 iter
914	 1.489402e-04	 1192	 iter
915	 1.489402e-04	 1193	 iter
916	 1.489402e-04	 1194	 iter
917	 1.489402e-04	 1195	 iter
918	 1.489402e-04	 1196	 iter
919	 1.489402e-04	 1197	 iter
920	 1.489402e-04	 1198	 iter
921	 1.489402e-04	 1199	 iter
922	 1.463727e-04	 1201	 iter
923	 1.463727e-04	 1203	 iter
924	 1.463727e-04	 1204	 iter
925	 1.463727e-04	 1205	 iter
926	 1.463727e-04	 1206	 iter
927	 1.463727e-04	 1207	 iter
928	 1.463727e-04	 1208	 iter
929	 1.463727e-04	 1209	 iter
930	 1.463727e-04	 1211	 iter
931	 1.463727e-04	 1212	 iter
932	 1.463727e-04	 1213	 iter
933	 1.463727e-04	 1214	 iter
934	 1.463727e-04	 1215	 iter
935	 1.463727e-04	 1217	 iter
936	 1.463727e-04	 1218	 iter
937	 1.463727e-04	 1219	 iter
938	 1.463727e-04	 1221	 iter
939	 1.463727e-04	 1223	 iter
940	 1.460492e-04	 1225	 iter
941	 1.460492e-04	 1226	 iter
942	 1.451056e-04	 1228	 iter
943	 1.451056e-04	 1229	 iter
944	 1.451056e-04	 1230	 iter
945	 1.451056e-04	 1231	 iter
946	 1.451056e-04	 1232	 iter
947	 1.438920e-04	 1234	 iter
948	 1.438920e-04	 1235	 iter
949	 1.438920e-04	 1237	 iter
950	 1.438920e-04	 1238	 iter
951	 1.434151e-04	 1240	 iter
952	 1.434151e-04	 1241	 iter
953	 1.434151e-04	 1242	 iter
954	 1.434151e-04	 1243	 iter
955	 1.434151e-04	 1245	 iter
956	 1.434151e-04	 1246	 iter
957	 1.434151e-04	 1248	 iter
958	 1.430445e-04	 1250	 iter
959	 1.430445e-04	 1251	 iter
960	 1.430445e-04	 1252	 iter
961	 1.430445e-04	 1253	 iter
962	 1.430445e-04	 1254	 iter
963	 1.430445e-04	 1256	 iter
964	 1.430445e-04	 1257	 iter
965	 1.424113e-04	 1259	 iter
966	 1.424113e-04	 1261	 iter
967	 1.424113e-04	 1262	 iter
968	 1.424113e-04	 1263	 iter
969	 1.424113e-04	 1264	 iter
970	 1.424113e-04	 1265	 iter
971	 1.418796e-04	 1267	 iter
972	 1.418796e-04	 1268	 iter
973	 1.418796e-04	 1269	 iter
974	 1.412277e-04	 1271	 iter
975	 1.412277e-04	 1272	 iter
976	 1.412277e-04	 1273	 iter
977	 1.412277e-04	 1274	 iter
978	 1.409902e-04	 1276	 iter
979	 1.409902e-04	 1277	 iter
980	 1.409902e-04	 1279	 iter
981	 1.409902e-04	 1280	 iter
982	 1.409902e-04	 1281	 iter
983	 1.409902e-04	 1283	 iter
984	 1.409902e-04	 1284	 iter
985	 1.409902e-04	 1286	 iter
986	 1.409902e-04	 1287	 iter
987	 1.409902e-04	 1288	 iter
988	 1.409902e-04	 1290	 iter
989	 1.409902e-04	 1291	 iter
990	 1.402636e-04	 1293	 iter
991	 1.401427e-04	 1295	 iter
992	 1.401427e-04	 1296	 iter
993	 1.401427e-04	 1297	 iter
994	 1.401427e-04	 1298	 iter
995	 1.401427e-04	 1300	 iter
996	 1.401427e-04	 1302	 iter
997	 1.401427e-04	 1304	 iter
998	 1.401427e-04	 1305	 iter
999	 1.401078e-04	 1307	 iter
1000	 1.401078e-04	 1308	 iter
1001	 1.399428e-04	 1310	 iter
1002	 1.399428e-04	 1311	 iter
1003	 1.399428e-04	 1312	 iter
1004	 1.399428e-04	 1314	 iter
1005	 1.399428e-04	 1315	 iter
1006	 1.399428e-04	 1316	 iter
1007	 1.399428e-04	 1317	 iter
1008	 1.393709e-04	 1319	 iter
1009	 1.393709e-04	 1320	 iter
1010	 1.393709e-04	 1321	 iter
1011	 1.393709e-04	 1322	 iter
1012	 1.391286e-04	 1324	 iter
1013	 1.391286e-04	 1325	 iter
1014	 1.391286e-04	 1326	 iter
1015	 1.391286e-04	 1327	 iter
1016	 1.391286e-04	 1328	 iter
1017	 1.391286e-04	 1329	 iter
1018	 1.391286e-04	 1330	 iter
1019	 1.391286e-04	 1332	 iter
1020	 1.391286e-04	 1333	 iter
1021	 1.391286e-04	 1335	 iter
1022	 1.391286e-04	 1337	 iter
1023	 1.385812e-04	 1339	 iter
1024	 1.385375e-04	 1341	 iter
1025	 1.385375e-04	 1342	 iter
1026	 1.385375e-04	 1343	 iter
1027	 1.385375e-04	 1344	 iter
1028	 1.377576e-04	 1346	 iter
1029	 1.377576e-04	 1348	 iter
1030	 1.377576e-04	 1349	 iter
1031	 1.377576e-04	 1350	 iter
1032	 1.377576e-04	 1351	 iter
1033	 1.377576e-04	 1352	 iter
1034	 1.373964e-04	 1354	 iter
1035	 1.373964e-04	 1355	 iter
1036	 1.373964e-04	 1356	 iter
1037	 1.373964e-04	 1357	 iter
1038	 1.373964e-04	 1358	 iter
1039	 1.373964e-04	 1359	 iter
1040	 1.373964e-04	 1360	 iter
1041	 1.373964e-04	 1361	 iter
1042	 1.373964e-04	 1362	 iter
1043	 1.373964e-04	 1363	 iter
1044	 1.370081e-04	 1365	 iter
1045	 1.370081e-04	 1366	 iter
1046	 1.370081e-04	 1367	 iter
1047	 1.368904e-04	 1369	 iter
1048	 1.366420e-04	 1371	 iter
1049	 1.366420e-04	 1372	 iter
1050	 1.366420e-04	 1373	 iter
1051	 1.366420e-04	 1374	 iter
1052	 1.366420e-04	 1375	 iter
1053	 1.366420e-04	 1376	 iter
1054	 1.366420e-04	 1377	 iter
1055	 1.366420e-04	 1378	 iter
1056	 1.366237e-04	 1380	 iter
1057	 1.366237e-04	 1381	 iter
1058	 1.366071e-04	 1383	 iter
1059	 1.366071e-04	 1384	 iter
1060	 1.362792e-04	 1386	 iter
1061	 1.362792e-04	 1387	 iter
1062	 1.362792e-04	 1388	 iter
1063	 1.362792e-04	 1389	 iter
1064	 1.362792e-04	 1390	 iter
1065	 1.362792e-04	 1392	 iter
1066	 1.362792e-04	 1393	 iter
1067	 1.362792e-04	 1394	 iter
1068	 1.359772e-04	 1396	 iter
1069	 1.359772e-04	 1397	 iter
1070	 1.359772e-04	 1398	 iter
1071	 1.357841e-04	 1400	 iter
1072	 1.357841e-04	 1401	 iter
1073	 1.357841e-04	 1402	 iter
1074	 1.357841e-04	 1404	 iter
1075	 1.357841e-04	 1405	 iter
1076	 1.357841e-04	 1407	 iter
1077	 1.357841e-04	 1409	 iter
1078	 1.357841e-04	 1410	 iter
1079	 1.357841e-04	 1411	 iter
1080	 1.357841e-04	 1412	 iter
1081	 1.357841e-04	 1413	 iter
1082	 1.357841e-04	 1414	 iter
1083	 1.357841e-04	 1416	 iter
1084	 1.357014e-04	 1418	 iter
1085	 1.357014e-04	 1419	 iter
1086	 1.357014e-04	 1420	 iter
1087	 1.357014e-04	 1421	 iter
1088	 1.357014e-04	 1423	 iter
1089	 1.357014e-04	 1424	 iter
1090	 1.357014e-04	 1425	 iter
1091	 1.356802e-04	 1427	 iter
1092	 1.356802e-04	 1428	 iter
1093	 1.355126e-04	 1430	 iter
1094	 1.353753e-04	 1432	 iter
1095	 1.353753e-04	 1433	 iter
1096	 1.353753e-04	 1434	 iter
1097	 1.353753e-04	 1436	 iter
1098	 1.353753e-04	 1437	 iter
1099	 1.353753e-04	 1438	 iter
1100	 1.353753e-04	 1439	 iter
1101	 1.353288e-04	 1441	 iter
1102	 1.353288e-04	 1442	 iter
1103	 1.353288e-04	 1443	 iter
1104	 1.353288e-04	 1444	 iter
1105	 1.353143e-04	 1446	 iter
1106	 1.353143e-04	 1447	 iter
1107	 1.345719e-04	 1449	 iter
1108	 1.345719e-04	 1450	 iter
1109	 1.345719e-04	 1451	 iter
1110	 1.345719e-04	 1452	 iter
1111	 1.345719e-04	 1453	 iter
1112	 1.345719e-04	 1454	 iter
1113	 1.345719e-04	 1455	 iter
1114	 1.345719e-04	 1456	 iter
1115	 1.345719e-04	 1457	 iter
1116	 1.345719e-04	 1458	 iter
1117	 1.345719e-04	 1459	 iter
1118	 1.345719e-04	 1460	 iter
1119	 1.345719e-04	 1461	 iter
1120	 1.345719e-04	 1462	 iter
1121	 1.345719e-04	 1463	 iter
1122	 1.345719e-04	 1464	 iter
1123	 1.345719e-04	 1465	 iter
1124	 1.345719e-04	 1466	 iter
1125	 1.345146e-04	 1468	 iter
1126	 1.345146e-04	 1469	 iter
1127	 1.345146e-04	 1470	 iter
1128	 1.341561e-04	 1472	 iter
1129	 1.341561e-04	 1473	 iter
1130	 1.341561e-04	 1474	 iter
1131	 1.341561e-04	 1475	 iter
1132	 1.341561e-04	 1476	 iter
1133	 1.341561e-04	 1477	 iter
1134	 1.341561e-04	 1478	 iter
1135	 1.340717e-04	 1480	 iter
1136	 1.340717e-04	 1481	 iter
1137	 1.339060e-04	 1483	 iter
1138	 1.336156e-04	 1485	 iter
1139	 1.336156e-04	 1486	 iter
1140	 1.335647e-04	 1488	 iter
1141	 1.335647e-04	 1489	 iter
1142	 1.335647e-04	 1490	 iter
1143	 1.332938e-04	 1492	 iter
1144	 1.332938e-04	 1493	 iter
1145	 1.330573e-04	 1495	 iter
1146	 1.329056e-04	 1497	 iter
1147	 1.329056e-04	 1498	 iter
1148	 1.329056e-04	 1499	 iter
1149	 1.329056e-04	 1500	 iter
1150	 1.329056e-04	 1501	 iter
1151	 1.320928e-04	 1503	 iter
1152	 1.320928e-04	 1504	 iter
1153	 1.320928e-04	 1505	 iter
1154	 1.320928e-04	 1506	 iter
1155	 1.310185e-04	 1508	 iter
1156	 1.310185e-04	 1509	 iter
1157	 1.310185e-04	 1510	 iter
1158	 1.310185e-04	 1511	 iter
1159	 1.310185e-04	 1512	 iter
1160	 1.310185e-04	 1513	 iter
1161	 1.310185e-04	 1514	 iter
1162	 1.310185e-04	 1515	 iter
1163	 1.307498e-04	 1517	 iter
1164	 1.307498e-04	 1518	 iter
1165	 1.304873e-04	 1520	 iter
1166	 1.294304e-04	 1522	 iter
1167	 1.294304e-04	 1523	 iter
1168	 1.294304e-04	 1524	 iter
1169	 1.294304e-04	 1525	 iter
1170	 1.294304e-04	 1527	 iter
1171	 1.294304e-04	 1528	 iter
1172	 1.294304e-04	 1529	 iter
1173	 1.294304e-04	 1530	 iter
1174	 1.272904e-04	 1532	 iter
1175	 1.272904e-04	 1533	 iter
1176	 1.272904e-04	 1534	 iter
1177	 1.272904e-04	 1535	 iter
1178	 1.272904e-04	 1536	 iter
1179	 1.272904e-04	 1537	 iter
1180	 1.272904e-04	 1538	 iter
1181	 1.272904e-04	 1539	 iter
1182	 1.272904e-04	 1540	 iter
1183	 1.272904e-04	 1541	 iter
1184	 1.272904e-04	 1542	 iter
1185	 1.272904e-04	 1543	 iter
1186	 1.272904e-04	 1544	 iter
1187	 1.272904e-04	 1545	 iter
1188	 1.272904e-04	 1546	 iter
1189	 1.272904e-04	 1547	 iter
1190	 1.259498e-04	 1549	 iter
1191	 1.259498e-04	 1550	 iter
1192	 1.259498e-04	 1551	 iter
1193	 1.259498e-04	 1552	 iter
1194	 1.259498e-04	 1553	 iter
1195	 1.259498e-04	 1554	 iter
1196	 1.259498e-04	 1555	 iter
1197	 1.259498e-04	 1556	 iter
1198	 1.259198e-04	 1558	 iter
1199	 1.259198e-04	 1559	 iter
1200	 1.255329e-04	 1561	 iter
1201	 1.255329e-04	 1562	 iter
1202	 1.255329e-04	 1563	 iter
1203	 1.252705e-04	 1565	 iter
1204	 1.252705e-04	 1566	 iter
1205	 1.247425e-04	 1568	 iter
1206	 1.247425e-04	 1569	 iter
1207	 1.247425e-04	 1570	 iter
1208	 1.247425e-04	 1571	 iter
1209	 1.244343e-04	 1573	 iter
1210	 1.244343e-04	 1574	 iter
1211	 1.244343e-04	 1575	 iter
1212	 1.244343e-04	 1576	 iter
1213	 1.244343e-04	 1577	 iter
1214	 1.243632e-04	 1579	 iter
1215	 1.240807e-04	 1581	 iter
1216	 1.228128e-04	 1583	 iter
1217	 1.228128e-04	 1584	 iter
1218	 1.228128e-04	 1585	 iter
1219	 1.228128e-04	 1586	 iter
1220	 1.228128e-04	 1587	 iter
1221	 1.228128e-04	 1588	 iter
1222	 1.228128e-04	 1589	 iter
1223	 1.228128e-04	 1590	 iter
1224	 1.228128e-04	 1591	 iter
1225	 1.228128e-04	 1592	 iter
1226	 1.228128e-04	 1593	 iter
1227	 1.228128e-04	 1594	 iter
1228	 1.226387e-04	 1596	 iter
1229	 1.226387e-04	 1597	 iter
1230	 1.226387e-04	 1598	 iter
1231	 1.226387e-04	 1599	 iter
1232	 1.226387e-04	 1600	 iter
1233	 1.219216e-04	 1602	 iter
1234	 1.219216e-04	 1603	 iter
1235	 1.219216e-04	 1604	 iter
1236	 1.219216e-04	 1605	 iter
1237	 1.219216e-04	 1606	 iter
1238	 1.216597e-04	 1608	 iter
1239	 1.216597e-04	 1609	 iter
1240	 1.216597e-04	 1610	 iter
1241	 1.216597e-04	 1611	 iter
1242	 1.216597e-04	 1612	 iter
1243	 1.207786e-04	 1614	 iter
1244	 1.207786e-04	 1615	 iter
1245	 1.207786e-04	 1616	 iter
1246	 1.207786e-04	 1617	 iter
1247	 1.207786e-04	 1618	 iter
1248	 1.207786e-04	 1619	 iter
1249	 1.207786e-04	 1620	 iter
1250	 1.207786e-04	 1621	 iter
1251	 1.207786e-04	 1622	 iter
1252	 1.207786e-04	 1623	 iter
1253	 1.207786e-04	 1624	 iter
1254	 1.207786e-04	 1625	 iter
1255	 1.207786e-04	 1626	 iter
1256	 1.206291e-04	 1628	 iter
1257	 1.206291e-04	 1629	 iter
1258	 1.206291e-04	 1630	 iter
1259	 1.206291e-04	 1632	 iter
1260	 1.201125e-04	 1634	 iter
1261	 1.201125e-04	 1635	 iter
1262	 1.201125e-04	 1636	 iter
1263	 1.199814e-04	 1638	 iter
1264	 1.199814e-04	 1640	 iter
1265	 1.199814e-04	 1641	 iter
1266	 1.199814e-04	 1642	 iter
1267	 1.199814e-04	 1643	 iter
1268	 1.199814e-04	 1644	 iter
1269	 1.199814e-04	 1645	 iter
1270	 1.199814e-04	 1646	 iter
1271	 1.197646e-04	 1648	 iter
1272	 1.197646e-04	 1649	 iter
1273	 1.197646e-04	 1650	 iter
1274	 1.197313e-04	 1652	 iter
1275	 1.197313e-04	 1653	 iter
1276	 1.197313e-04	 1655	 iter
1277	 1.197313e-04	 1656	 iter
1278	 1.197313e-04	 1658	 iter
1279	 1.197313e-04	 1659	 iter
1280	 1.197313e-04	 1660	 iter
1281	 1.197313e-04	 1661	 iter
1282	 1.197313e-04	 1662	 iter
1283	 1.195851e-04	 1664	 iter
1284	 1.195851e-04	 1666	 iter
1285	 1.195851e-04	 1667	 iter
1286	 1.195851e-04	 1668	 iter
1287	 1.195851e-04	 1669	 iter
1288	 1.194863e-04	 1671	 iter
1289	 1.194863e-04	 1673	 iter
1290	 1.194863e-04	 1675	 iter
1291	 1.194863e-04	 1676	 iter
1292	 1.194863e-04	 1678	 iter
1293	 1.194863e-04	 1679	 iter
1294	 1.192862e-04	 1681	 iter
1295	 1.192862e-04	 1682	 iter
1296	 1.192862e-04	 1684	 iter
1297	 1.189879e-04	 1686	 iter
1298	 1.189879e-04	 1688	 iter
1299	 1.189879e-04	 1689	 iter
1300	 1.189879e-04	 1690	 iter
1301	 1.189879e-04	 1691	 iter
1302	 1.189879e-04	 1692	 iter
1303	 1.189879e-04	 1694	 iter
1304	 1.189879e-04	 1695	 iter
1305	 1.189879e-04	 1696	 iter
1306	 1.189879e-04	 1698	 iter
1307	 1.189879e-04	 1699	 iter
1308	 1.189879e-04	 1700	 iter
1309	 1.189879e-04	 1701	 iter
1310	 1.189879e-04	 1703	 iter
1311	 1.189879e-04	 1705	 iter
1312	 1.189879e-04	 1706	 iter
1313	 1.189879e-04	 1707	 iter
1314	 1.189879e-04	 1708	 iter
1315	 1.189493e-04	 1710	 iter
1316	 1.189493e-04	 1711	 iter
1317	 1.189493e-04	 1713	 iter
1318	 1.189493e-04	 1714	 iter
1319	 1.189493e-04	 1715	 iter
1320	 1.189493e-04	 1716	 iter
1321	 1.189493e-04	 1718	 iter
1322	 1.189493e-04	 1720	 iter
1323	 1.189493e-04	 1721	 iter
1324	 1.187213e-04	 1723	 iter
1325	 1.187213e-04	 1725	 iter
1326	 1.187213e-04	 1726	 iter
1327	 1.187213e-04	 1727	 iter
1328	 1.187213e-04	 1728	 iter
1329	 1.187213e-04	 1729	 iter
1330	 1.187213e-04	 1730	 iter
1331	 1.187213e-04	 1731	 iter
1332	 1.187213e-04	 1732	 iter
1333	 1.187213e-04	 1733	 iter
1334	 1.187213e-04	 1735	 iter
1335	 1.187213e-04	 1737	 iter
1336	 1.187213e-04	 1738	 iter
1337	 1.187213e-04	 1739	 iter
1338	 1.187213e-04	 1740	 iter
1339	 1.187213e-04	 1741	 iter
1340	 1.187213e-04	 1742	 iter
1341	 1.187213e-04	 1743	 iter
1342	 1.187213e-04	 1744	 iter
1343	 1.187213e-04	 1746	 iter
1344	 1.187213e-04	 1747	 iter
1345	 1.187213e-04	 1749	 iter
1346	 1.185615e-04	 1751	 iter
1347	 1.185615e-04	 1752	 iter
1348	 1.185615e-04	 1753	 iter
1349	 1.185615e-04	 1754	 iter
1350	 1.185615e-04	 1755	 iter
1351	 1.185615e-04	 1756	 iter
1352	 1.185615e-04	 1758	 iter
1353	 1.185615e-04	 1759	 iter
1354	 1.185615e-04	 1761	 iter
1355	 1.185615e-04	 1762	 iter
1356	 1.185615e-04	 1764	 iter
1357	 1.185615e-04	 1766	 iter
1358	 1.185615e-04	 1767	 iter
1359	 1.185615e-04	 1768	 iter
1360	 1.185615e-04	 1770	 iter
1361	 1.185615e-04	 1771	 iter
1362	 1.185615e-04	 1772	 iter
1363	 1.185197e-04	 1774	 iter
1364	 1.185197e-04	 1776	 iter
1365	 1.185197e-04	 1777	 iter
1366	 1.185197e-04	 1778	 iter
1367	 1.185197e-04	 1780	 iter
1368	 1.185197e-04	 1781	 iter
1369	 1.185197e-04	 1783	 iter
1370	 1.185083e-04	 1785	 iter
1371	 1.185083e-04	 1786	 iter
1372	 1.185083e-04	 1787	 iter
1373	 1.185083e-04	 1789	 iter
1374	 1.184193e-04	 1791	 iter
1375	 1.184193e-04	 1792	 iter
1376	 1.184193e-04	 1793	 iter
1377	 1.184193e-04	 1794	 iter
1378	 1.184193e-04	 1795	 iter
1379	 1.184193e-04	 1796	 iter
1380	 1.184193e-04	 1797	 iter
1381	 1.184193e-04	 1798	 iter
1382	 1.184193e-04	 1799	 iter
1383	 1.184193e-04	 1800	 iter
1384	 1.184193e-04	 1801	 iter
1385	 1.184193e-04	 1802	 iter
1386	 1.184082e-04	 1804	 iter
1387	 1.182642e-04	 1806	 iter
1388	 1.182642e-04	 1807	 iter
1389	 1.182642e-04	 1808	 iter
1390	 1.182642e-04	 1809	 iter
1391	 1.182642e-04	 1810	 iter
1392	 1.182642e-04	 1811	 iter
1393	 1.182642e-04	 1812	 iter
1394	 1.182642e-04	 1813	 iter
1395	 1.182593e-04	 1815	 iter
1396	 1.182593e-04	 1816	 iter
1397	 1.182593e-04	 1817	 iter
1398	 1.182593e-04	 1818	 iter
1399	 1.182593e-04	 1819	 iter
1400	 1.182593e-04	 1820	 iter
1401	 1.180507e-04	 1822	 iter
1402	 1.180507e-04	 1823	 iter
1403	 1.180507e-04	 1824	 iter
1404	 1.180507e-04	 1825	 iter
1405	 1.180507e-04	 1826	 iter
1406	 1.180507e-04	 1827	 iter
1407	 1.180507e-04	 1828	 iter
1408	 1.180507e-04	 1829	 iter
1409	 1.180507e-04	 1830	 iter
1410	 1.180507e-04	 1831	 iter
1411	 1.180507e-04	 1832	 iter
1412	 1.180507e-04	 1833	 iter
1413	 1.180507e-04	 1834	 iter
1414	 1.180507e-04	 1835	 iter
1415	 1.179738e-04	 1837	 iter
1416	 1.179692e-04	 1839	 iter
1417	 1.179450e-04	 1841	 iter
1418	 1.179450e-04	 1842	 iter
1419	 1.177611e-04	 1844	 iter
1420	 1.177611e-04	 1845	 iter
1421	 1.177611e-04	 1846	 iter
1422	 1.177611e-04	 1847	 iter
1423	 1.177611e-04	 1848	 iter
1424	 1.177611e-04	 1849	 iter
1425	 1.177611e-04	 1850	 iter
1426	 1.177611e-04	 1851	 iter
1427	 1.177611e-04	 1852	 iter
1428	 1.175982e-04	 1854	 iter
1429	 1.175982e-04	 1855	 iter
1430	 1.174851e-04	 1857	 iter
1431	 1.174851e-04	 1858	 iter
1432	 1.174851e-04	 1859	 iter
1433	 1.174851e-04	 1860	 iter
1434	 1.174851e-04	 1861	 iter
1435	 1.174851e-04	 1862	 iter
1436	 1.174851e-04	 1863	 iter
1437	 1.174056e-04	 1865	 iter
1438	 1.174056e-04	 1866	 iter
1439	 1.174056e-04	 1867	 iter
1440	 1.173745e-04	 1869	 iter
1441	 1.173130e-04	 1871	 iter
1442	 1.173130e-04	 1872	 iter
1443	 1.172076e-04	 1874	 iter
1444	 1.172076e-04	 1875	 iter
1445	 1.171668e-04	 1877	 iter
1446	 1.171073e-04	 1879	 iter
1447	 1.170822e-04	 1881	 iter
1448	 1.170822e-04	 1882	 iter
1449	 1.169420e-04	 1884	 iter
1450	 1.169420e-04	 1885	 iter
1451	 1.169420e-04	 1886	 iter
1452	 1.169420e-04	 1887	 iter
1453	 1.169093e-04	 1889	 iter
1454	 1.169093e-04	 1890	 iter
1455	 1.167242e-04	 1892	 iter
1456	 1.167242e-04	 1893	 iter
1457	 1.167242e-04	 1894	 iter
1458	 1.163594e-04	 1896	 iter
1459	 1.163594e-04	 1897	 iter
1460	 1.163594e-04	 1898	 iter
1461	 1.163594e-04	 1899	 iter
1462	 1.163594e-04	 1900	 iter
1463	 1.163594e-04	 1901	 iter
1464	 1.163594e-04	 1902	 iter
1465	 1.163594e-04	 1903	 iter
1466	 1.163594e-04	 1904	 iter
1467	 1.163594e-04	 1905	 iter
1468	 1.163594e-04	 1906	 iter
1469	 1.163129e-04	 1908	 iter
1470	 1.163129e-04	 1909	 iter
1471	 1.163129e-04	 1910	 iter
1472	 1.158074e-04	 1912	 iter
1473	 1.158074e-04	 1913	 iter
1474	 1.158074e-04	 1914	 iter
1475	 1.158074e-04	 1915	 iter
1476	 1.158074e-04	 1916	 iter
1477	 1.158074e-04	 1917	 iter
1478	 1.158074e-04	 1918	 iter
1479	 1.158074e-04	 1919	 iter
1480	 1.158074e-04	 1920	 iter
1481	 1.158074e-04	 1921	 iter
1482	 1.158074e-04	 1922	 iter
1483	 1.158074e-04	 1923	 iter
1484	 1.158074e-04	 1924	 iter
1485	 1.153842e-04	 1926	 iter
1486	 1.153842e-04	 1927	 iter
1487	 1.153842e-04	 1928	 iter
1488	 1.153842e-04	 1929	 iter
1489	 1.153842e-04	 1930	 iter
1490	 1.153842e-04	 1931	 iter
1491	 1.153842e-04	 1932	 iter
1492	 1.151503e-04	 1934	 iter
1493	 1.151503e-04	 1935	 iter
1494	 1.151503e-04	 1936	 iter
1495	 1.151503e-04	 1937	 iter
1496	 1.151503e-04	 1938	 iter
1497	 1.151503e-04	 1939	 iter
1498	 1.150654e-04	 1941	 iter
1499	 1.147323e-04	 1943	 iter
1500	 1.147323e-04	 1944	 iter
1501	 1.144844e-04	 1946	 iter
1502	 1.144844e-04	 1947	 iter
1503	 1.144844e-04	 1948	 iter
1504	 1.144844e-04	 1949	 iter
1505	 1.144844e-04	 1950	 iter
1506	 1.140856e-04	 1952	 iter
1507	 1.140856e-04	 1953	 iter
1508	 1.140856e-04	 1954	 iter
1509	 1.136876e-04	 1956	 iter
1510	 1.136876e-04	 1957	 iter
1511	 1.136876e-04	 1958	 iter
1512	 1.136876e-04	 1959	 iter
1513	 1.132981e-04	 1961	 iter
1514	 1.131080e-04	 1963	 iter
1515	 1.131080e-04	 1964	 iter
1516	 1.131080e-04	 1965	 iter
1517	 1.124298e-04	 1967	 iter
1518	 1.124298e-04	 1968	 iter
1519	 1.124298e-04	 1969	 iter
1520	 1.124298e-04	 1970	 iter
1521	 1.122709e-04	 1972	 iter
1522	 1.120257e-04	 1974	 iter
1523	 1.120257e-04	 1975	 iter
1524	 1.120257e-04	 1976	 iter
1525	 1.114343e-04	 1978	 iter
1526	 1.114343e-04	 1979	 iter
1527	 1.101379e-04	 1981	 iter
1528	 1.101379e-04	 1982	 iter
1529	 1.101379e-04	 1983	 iter
1530	 1.101379e-04	 1984	 iter
1531	 1.101379e-04	 1985	 iter
1532	 1.098488e-04	 1987	 iter
1533	 1.098488e-04	 1989	 iter
1534	 1.083488e-04	 1991	 iter
1535	 1.083488e-04	 1992	 iter
1536	 1.083488e-04	 1993	 iter
1537	 1.083488e-04	 1994	 iter
1538	 1.083488e-04	 1995	 iter
1539	 1.061433e-04	 1997	 iter
1540	 1.061433e-04	 1998	 iter
1541	 1.061433e-04	 1999	 iter
1542	 1.061433e-04	 2000	 iter
1543	 1.061433e-04	 2001	 iter
1544	 1.061433e-04	 2002	 iter
1545	 1.061433e-04	 2003	 iter
1546	 1.061433e-04	 2004	 iter
1547	 1.061433e-04	 2005	 iter
1548	 1.061433e-04	 2006	 iter
1549	 1.061433e-04	 2007	 iter
1550	 1.040669e-04	 2009	 iter
1551	 1.040669e-04	 2010	 iter
1552	 1.040669e-04	 2011	 iter
1553	 1.040669e-04	 2012	 iter
1554	 1.040669e-04	 2013	 iter
1555	 1.040669e-04	 2014	 iter
1556	 1.040669e-04	 2015	 iter
1557	 1.014063e-04	 2017	 iter
1558	 1.014063e-04	 2018	 iter
1559	 1.014063e-04	 2019	 iter
1560	 1.014063e-04	 2020	 iter
1561	 1.014063e-04	 2021	 iter
1562	 1.014063e-04	 2022	 iter
1563	 1.014063e-04	 2023	 iter
1564	 1.014063e-04	 2024	 iter
1565	 1.014063e-04	 2025	 iter
1566	 1.014063e-04	 2026	 iter
1567	 1.014063e-04	 2027	 iter
1568	 1.014063e-04	 2028	 iter
1569	 1.008885e-04	 2030	 iter
1570	 9.961602e-05	 2032	 iter
1571	 9.737209e-05	 2034	 iter
1572	 9.737209e-05	 2035	 iter
1573	 9.737209e-05	 2036	 iter
1574	 9.737209e-05	 2037	 iter
1575	 9.737209e-05	 2038	 iter
1576	 9.737209e-05	 2039	 iter
1577	 9.737209e-05	 2040	 iter
1578	 9.737209e-05	 2041	 iter
1579	 9.737209e-05	 2042	 iter
1580	 9.682627e-05	 2044	 iter
1581	 9.168710e-05	 2046	 iter
1582	 9.168710e-05	 2047	 iter
1583	 9.168710e-05	 2048	 iter
1584	 9.168710e-05	 2049	 iter
1585	 9.168710e-05	 2050	 iter
1586	 9.168710e-05	 2051	 iter
1587	 9.168710e-05	 2052	 iter
1588	 9.168710e-05	 2053	 iter
1589	 9.168710e-05	 2054	 iter
1590	 9.149790e-05	 2056	 iter
1591	 9.149790e-05	 2057	 iter
1592	 9.149790e-05	 2058	 iter
1593	 8.845263e-05	 2060	 iter
1594	 8.845263e-05	 2061	 iter
1595	 8.845263e-05	 2062	 iter
1596	 8.845263e-05	 2063	 iter
1597	 8.845263e-05	 2064	 iter
1598	 8.845263e-05	 2065	 iter
1599	 8.800490e-05	 2067	 iter
1600	 8.800490e-05	 2068	 iter
1601	 8.292500e-05	 2070	 iter
1602	 8.292500e-05	 2071	 iter
1603	 8.292500e-05	 2072	 iter
1604	 8.292500e-05	 2073	 iter
1605	 7.897289e-05	 2075	 iter
1606	 7.897289e-05	 2076	 iter
1607	 7.897289e-05	 2077	 iter
1608	 7.897289e-05	 2078	 iter
1609	 7.897289e-05	 2079	 iter
1610	 7.897289e-05	 2080	 iter
1611	 7.897289e-05	 2081	 iter
1612	 7.897289e-05	 2082	 iter
1613	 7.339423e-05	 2084	 iter
1614	 7.339423e-05	 2085	 iter
1615	 7.339423e-05	 2086	 iter
1616	 7.339423e-05	 2087	 iter
1617	 7.339423e-05	 2088	 iter
1618	 7.339423e-05	 2089	 iter
1619	 7.339423e-05	 2090	 iter
1620	 7.339423e-05	 2091	 iter
1621	 7.339423e-05	 2092	 iter
1622	 7.339423e-05	 2093	 iter
1623	 7.237083e-05	 2095	 iter
1624	 6.752163e-05	 2097	 iter
1625	 6.752163e-05	 2098	 iter
1626	 6.752163e-05	 2099	 iter
1627	 6.462312e-05	 2101	 iter
1628	 6.462312e-05	 2102	 iter
1629	 6.462312e-05	 2103	 iter
1630	 6.462312e-05	 2104	 iter
1631	 6.462312e-05	 2105	 iter
1632	 6.462312e-05	 2106	 iter
1633	 6.329506e-05	 2108	 iter
1634	 6.329506e-05	 2109	 iter
1635	 6.329506e-05	 2110	 iter
1636	 6.055329e-05	 2112	 iter
1637	 5.997177e-05	 2114	 iter
1638	 5.997177e-05	 2115	 iter
1639	 5.997177e-05	 2116	 iter
1640	 5.807403e-05	 2118	 iter
1641	 5.807403e-05	 2119	 iter
1642	 5.807403e-05	 2121	 iter
1643	 5.807403e-05	 2122	 iter
1644	 5.807403e-05	 2123	 iter
1645	 5.556260e-05	 2125	 iter
1646	 5.556260e-05	 2126	 iter
1647	 5.556260e-05	 2127	 iter
1648	 5.556260e-05	 2128	 iter
1649	 5.556260e-05	 2129	 iter
1650	 5.247506e-05	 2131	 iter
1651	 5.247506e-05	 2132	 iter
1652	 5.247506e-05	 2134	 iter
1653	 5.247506e-05	 2135	 iter
1654	 5.247506e-05	 2136	 iter
1655	 5.247506e-05	 2137	 iter
1656	 5.247506e-05	 2138	 iter
1657	 5.247506e-05	 2139	 iter
1658	 5.247506e-05	 2140	 iter
1659	 5.247506e-05	 2141	 iter
1660	 5.247506e-05	 2143	 iter
1661	 5.247506e-05	 2144	 iter
1662	 4.973952e-05	 2146	 iter
1663	 4.973952e-05	 2147	 iter
1664	 4.973952e-05	 2148	 iter
1665	 4.973952e-05	 2149	 iter
1666	 4.973952e-05	 2150	 iter
1667	 4.973952e-05	 2151	 iter
1668	 4.973952e-05	 2152	 iter
1669	 4.973952e-05	 2153	 iter
1670	 4.973952e-05	 2154	 iter
1671	 4.973952e-05	 2155	 iter
1672	 4.667555e-05	 2157	 iter
1673	 4.588235e-05	 2159	 iter
1674	 4.588235e-05	 2160	 iter
1675	 4.588235e-05	 2161	 iter
1676	 4.588235e-05	 2163	 iter
1677	 4.588235e-05	 2164	 iter
1678	 4.588235e-05	 2165	 iter
1679	 4.588235e-05	 2166	 iter
1680	 4.588235e-05	 2167	 iter
1681	 4.588235e-05	 2168	 iter
1682	 4.588235e-05	 2170	 iter
1683	 4.588235e-05	 2171	 iter
1684	 4.508070e-05	 2173	 iter
1685	 4.508070e-05	 2175	 iter
1686	 4.508070e-05	 2176	 iter
1687	 4.508070e-05	 2178	 iter
1688	 4.508070e-05	 2180	 iter
1689	 4.508070e-05	 2181	 iter
1690	 4.283227e-05	 2183	 iter
1691	 4.283227e-05	 2184	 iter
1692	 3.954883e-05	 2186	 iter
1693	 3.954883e-05	 2187	 iter
1694	 3.954883e-05	 2188	 iter
1695	 3.954883e-05	 2189	 iter
1696	 3.954883e-05	 2190	 iter
1697	 3.954883e-05	 2191	 iter
1698	 3.954883e-05	 2192	 iter
1699	 3.954883e-05	 2193	 iter
1700	 3.954883e-05	 2194	 iter
1701	 3.954883e-05	 2196	 iter
1702	 3.954883e-05	 2198	 iter
1703	 3.954883e-05	 2199	 iter
1704	 3.954883e-05	 2200	 iter
1705	 3.954883e-05	 2201	 iter
1706	 3.954883e-05	 2202	 iter
1707	 3.954883e-05	 2203	 iter
1708	 3.954883e-05	 2204	 iter
1709	 3.954883e-05	 2205	 iter
1710	 3.954883e-05	 2206	 iter
1711	 3.954883e-05	 2207	 iter
1712	 3.954883e-05	 2208	 iter
1713	 3.652419e-05	 2210	 iter
1714	 3.652419e-05	 2211	 iter
1715	 3.652419e-05	 2212	 iter
1716	 3.652419e-05	 2213	 iter
1717	 3.652419e-05	 2215	 iter
1718	 3.652419e-05	 2216	 iter
1719	 3.652419e-05	 2217	 iter
1720	 3.652419e-05	 2218	 iter
1721	 3.652419e-05	 2219	 iter
1722	 3.652419e-05	 2220	 iter
1723	 3.652419e-05	 2221	 iter
1724	 3.652419e-05	 2222	 iter
1725	 3.652419e-05	 2224	 iter
1726	 3.652419e-05	 2225	 iter
1727	 3.646216e-05	 2227	 iter
1728	 3.646216e-05	 2228	 iter
1729	 3.404081e-05	 2230	 iter
1730	 3.404081e-05	 2231	 iter
1731	 3.404081e-05	 2232	 iter
1732	 3.404081e-05	 2233	 iter
1733	 3.404081e-05	 2234	 iter
1734	 3.391699e-05	 2236	 iter
1735	 3.351884e-05	 2238	 iter
1736	 3.351884e-05	 2239	 iter
1737	 3.351884e-05	 2240	 iter
1738	 3.351884e-05	 2241	 iter
1739	 3.351884e-05	 2243	 iter
1740	 3.331285e-05	 2245	 iter
1741	 3.331285e-05	 2246	 iter
1742	 3.331285e-05	 2247	 iter
1743	 3.331285e-05	 2248	 iter
1744	 3.331285e-05	 2250	 iter
1745	 3.216430e-05	 2252	 iter
1746	 3.216430e-05	 2253	 iter
1747	 3.169192e-05	 2255	 iter
1748	 3.169192e-05	 2257	 iter
1749	 3.169192e-05	 2258	 iter
1750	 3.169192e-05	 2259	 iter
1751	 3.169192e-05	 2260	 iter
1752	 3.169192e-05	 2262	 iter
1753	 3.169192e-05	 2263	 iter
1754	 3.169192e-05	 2264	 iter
1755	 3.169192e-05	 2266	 iter
1756	 3.169192e-05	 2268	 iter
1757	 3.169192e-05	 2269	 iter
1758	 3.169192e-05	 2270	 iter
1759	 3.169192e-05	 2271	 iter
1760	 3.169192e-05	 2272	 iter
1761	 3.169192e-05	 2273	 iter
1762	 3.169192e-05	 2275	 iter
1763	 3.169192e-05	 2277	 iter
1764	 3.169192e-05	 2278	 iter
1765	 3.169192e-05	 2279	 iter
1766	 3.169192e-05	 2281	 iter
1767	 3.138657e-05	 2283	 iter
1768	 3.138657e-05	 2284	 iter
1769	 3.138657e-05	 2285	 iter
1770	 3.138657e-05	 2287	 iter
1771	 3.105126e-05	 2289	 iter
1772	 3.067029e-05	 2291	 iter
1773	 3.067029e-05	 2292	 iter
1774	 3.067029e-05	 2294	 iter
1775	 3.067029e-05	 2296	 iter
1776	 3.067029e-05	 2298	 iter
1777	 3.067029e-05	 2300	 iter
1778	 3.067029e-05	 2301	 iter
1779	 3.067029e-05	 2302	 iter
1780	 3.067029e-05	 2303	 iter
1781	 3.067029e-05	 2304	 iter
1782	 3.067029e-05	 2306	 iter
1783	 3.067029e-05	 2307	 iter
1784	 3.029167e-05	 2309	 iter
1785	 3.029167e-05	 2310	 iter
1786	 3.029167e-05	 2312	 iter
1787	 3.029167e-05	 2313	 iter
1788	 3.009368e-05	 2315	 iter
1789	 3.009368e-05	 2316	 iter
1790	 3.009368e-05	 2317	 iter
1791	 3.009368e-05	 2318	 iter
1792	 3.009368e-05	 2319	 iter
1793	 3.009368e-05	 2320	 iter
1794	 3.009368e-05	 2321	 iter
1795	 3.009368e-05	 2322	 iter
1796	 3.003930e-05	 2324	 iter
1797	 2.977541e-05	 2326	 iter
1798	 2.977541e-05	 2327	 iter
1799	 2.977541e-05	 2328	 iter
1800	 2.977541e-05	 2329	 iter
1801	 2.977541e-05	 2331	 iter
1802	 2.924125e-05	 2333	 iter
1803	 2.924125e-05	 2334	 iter
1804	 2.924125e-05	 2335	 iter
1805	 2.865759e-05	 2337	 iter
1806	 2.865759e-05	 2338	 iter
1807	 2.865759e-05	 2339	 iter
1808	 2.865759e-05	 2340	 iter
1809	 2.865759e-05	 2341	 iter
1810	 2.865759e-05	 2342	 iter
1811	 2.865759e-05	 2343	 iter
1812	 2.865759e-05	 2344	 iter
1813	 2.865759e-05	 2345	 iter
1814	 2.865759e-05	 2346	 iter
1815	 2.827117e-05	 2348	 iter
1816	 2.826645e-05	 2350	 iter
1817	 2.826645e-05	 2351	 iter
1818	 2.826645e-05	 2352	 iter
1819	 2.826645e-05	 2353	 iter
1820	 2.826645e-05	 2354	 iter
1821	 2.781765e-05	 2356	 iter
1822	 2.781765e-05	 2357	 iter
1823	 2.761348e-05	 2359	 iter
1824	 2.761348e-05	 2360	 iter
1825	 2.760957e-05	 2362	 iter
1826	 2.760957e-05	 2363	 iter
1827	 2.760957e-05	 2364	 iter
1828	 2.749319e-05	 2366	 iter
1829	 2.749319e-05	 2367	 iter
1830	 2.749319e-05	 2368	 iter
1831	 2.749319e-05	 2369	 iter
1832	 2.736420e-05	 2371	 iter
1833	 2.736420e-05	 2373	 iter
1834	 2.736420e-05	 2374	 iter
1835	 2.695434e-05	 2376	 iter
1836	 2.695434e-05	 2377	 iter
1837	 2.695434e-05	 2379	 iter
1838	 2.695434e-05	 2380	 iter
1839	 2.695434e-05	 2381	 iter
1840	 2.695434e-05	 2382	 iter
1841	 2.654539e-05	 2384	 iter
1842	 2.654539e-05	 2385	 iter
1843	 2.654539e-05	 2386	 iter
1844	 2.654539e-05	 2387	 iter
1845	 2.654539e-05	 2389	 iter
1846	 2.654539e-05	 2390	 iter
1847	 2.654539e-05	 2392	 iter
1848	 2.654539e-05	 2393	 iter
1849	 2.654539e-05	 2395	 iter
1850	 2.638089e-05	 2397	 iter
1851	 2.638089e-05	 2398	 iter
1852	 2.638089e-05	 2399	 iter
1853	 2.638089e-05	 2400	 iter
1854	 2.638089e-05	 2401	 iter
1855	 2.638089e-05	 2402	 iter
1856	 2.638089e-05	 2403	 iter
1857	 2.634250e-05	 2405	 iter
1858	 2.634250e-05	 2406	 iter
1859	 2.634250e-05	 2408	 iter
1860	 2.634250e-05	 2409	 iter
1861	 2.634250e-05	 2410	 iter
1862	 2.634250e-05	 2412	 iter
1863	 2.634250e-05	 2413	 iter
1864	 2.634250e-05	 2414	 iter
1865	 2.598085e-05	 2416	 iter
1866	 2.598085e-05	 2417	 iter
1867	 2.598085e-05	 2418	 iter
1868	 2.598085e-05	 2419	 iter
1869	 2.598085e-05	 2420	 iter
1870	 2.598085e-05	 2422	 iter
1871	 2.598085e-05	 2424	 iter
1872	 2.598085e-05	 2425	 iter
1873	 2.598085e-05	 2426	 iter
1874	 2.598085e-05	 2427	 iter
1875	 2.598085e-05	 2428	 iter
1876	 2.598085e-05	 2429	 iter
1877	 2.598085e-05	 2430	 iter
1878	 2.598085e-05	 2431	 iter
1879	 2.598085e-05	 2432	 iter
1880	 2.598085e-05	 2433	 iter
1881	 2.598085e-05	 2434	 iter
1882	 2.598085e-05	 2435	 iter
1883	 2.598085e-05	 2436	 iter
1884	 2.569877e-05	 2438	 iter
1885	 2.569877e-05	 2440	 iter
1886	 2.550362e-05	 2442	 iter
1887	 2.550362e-05	 2443	 iter
1888	 2.550362e-05	 2444	 iter
1889	 2.550362e-05	 2445	 iter
1890	 2.550362e-05	 2446	 iter
1891	 2.550362e-05	 2447	 iter
1892	 2.550362e-05	 2448	 iter
1893	 2.550362e-05	 2449	 iter
1894	 2.550362e-05	 2451	 iter
1895	 2.550362e-05	 2452	 iter
1896	 2.550362e-05	 2453	 iter
1897	 2.550362e-05	 2454	 iter
1898	 2.550362e-05	 2456	 iter
1899	 2.550362e-05	 2457	 iter
1900	 2.550362e-05	 2458	 iter
1901	 2.546556e-05	 2460	 iter
1902	 2.545204e-05	 2462	 iter
1903	 2.544135e-05	 2464	 iter
1904	 2.544135e-05	 2465	 iter
1905	 2.544135e-05	 2466	 iter
1906	 2.544135e-05	 2467	 iter
1907	 2.544135e-05	 2469	 iter
1908	 2.524215e-05	 2471	 iter
1909	 2.524215e-05	 2472	 iter
1910	 2.524215e-05	 2474	 iter
1911	 2.524215e-05	 2475	 iter
1912	 2.524215e-05	 2476	 iter
1913	 2.524215e-05	 2477	 iter
1914	 2.503437e-05	 2479	 iter
1915	 2.503437e-05	 2480	 iter
1916	 2.503437e-05	 2481	 iter
1917	 2.503437e-05	 2482	 iter
1918	 2.503437e-05	 2483	 iter
1919	 2.503437e-05	 2485	 iter
1920	 2.503437e-05	 2487	 iter
1921	 2.503437e-05	 2488	 iter
1922	 2.503437e-05	 2489	 iter
1923	 2.492739e-05	 2491	 iter
1924	 2.492739e-05	 2492	 iter
1925	 2.492739e-05	 2493	 iter
1926	 2.492739e-05	 2494	 iter
1927	 2.492739e-05	 2495	 iter
1928	 2.492739e-05	 2496	 iter
1929	 2.485000e-05	 2498	 iter
1930	 2.485000e-05	 2499	 iter
1931	 2.485000e-05	 2500	 iter
1932	 2.476294e-05	 2502	 iter
1933	 2.476294e-05	 2503	 iter
1934	 2.476294e-05	 2504	 iter
1935	 2.476294e-05	 2505	 iter
1936	 2.476294e-05	 2506	 iter
1937	 2.469658e-05	 2508	 iter
1938	 2.469658e-05	 2509	 iter
1939	 2.469658e-05	 2510	 iter
1940	 2.469658e-05	 2511	 iter
1941	 2.469658e-05	 2512	 iter
1942	 2.469658e-05	 2513	 iter
1943	 2.469658e-05	 2514	 iter
1944	 2.468851e-05	 2516	 iter
1945	 2.468851e-05	 2517	 iter
1946	 2.468851e-05	 2518	 iter
1947	 2.468851e-05	 2519	 iter
1948	 2.468851e-05	 2520	 iter
1949	 2.461358e-05	 2522	 iter
1950	 2.461358e-05	 2523	 iter
1951	 2.461358e-05	 2524	 iter
1952	 2.461358e-05	 2526	 iter
1953	 2.461358e-05	 2528	 iter
1954	 2.461298e-05	 2530	 iter
1955	 2.461298e-05	 2531	 iter
1956	 2.461298e-05	 2532	 iter
1957	 2.461298e-05	 2534	 iter
1958	 2.445507e-05	 2536	 iter
1959	 2.445507e-05	 2538	 iter
1960	 2.445507e-05	 2540	 iter
1961	 2.445507e-05	 2541	 iter
1962	 2.445507e-05	 2543	 iter
1963	 2.445507e-05	 2544	 iter
1964	 2.445507e-05	 2545	 iter
1965	 2.445507e-05	 2547	 iter
1966	 2.445507e-05	 2548	 iter
1967	 2.445507e-05	 2550	 iter
1968	 2.445507e-05	 2551	 iter
1969	 2.438899e-05	 2553	 iter
1970	 2.438899e-05	 2554	 iter
1971	 2.438899e-05	 2555	 iter
1972	 2.436924e-05	 2557	 iter
1973	 2.436924e-05	 2558	 iter
1974	 2.436924e-05	 2560	 iter
1975	 2.436924e-05	 2561	 iter
1976	 2.436924e-05	 2562	 iter
1977	 2.436924e-05	 2564	 iter
1978	 2.436924e-05	 2565	 iter
1979	 2.436924e-05	 2566	 iter
1980	 2.436924e-05	 2568	 iter
1981	 2.436924e-05	 2570	 iter
1982	 2.436924e-05	 2571	 iter
1983	 2.432155e-05	 2573	 iter
1984	 2.432155e-05	 2574	 iter
1985	 2.432155e-05	 2575	 iter
1986	 2.427490e-05	 2577	 iter
1987	 2.427490e-05	 2578	 iter
1988	 2.425585e-05	 2580	 iter
1989	 2.425585e-05	 2581	 iter
1990	 2.425585e-05	 2582	 iter
1991	 2.425585e-05	 2583	 iter
1992	 2.425585e-05	 2584	 iter
1993	 2.425585e-05	 2586	 iter
1994	 2.420641e-05	 2588	 iter
1995	 2.420641e-05	 2589	 iter
1996	 2.420641e-05	 2590	 iter
1997	 2.420641e-05	 2591	 iter
1998	 2.412416e-05	 2593	 iter
1999	 2.412416e-05	 2594	 iter
2000	 2.412416e-05	 2595	 iter
2001	 2.412416e-05	 2596	 iter
2002	 2.412416e-05	 2597	 iter
2003	 2.412416e-05	 2598	 iter
2004	 2.412416e-05	 2599	 iter
2005	 2.412416e-05	 2601	 iter
2006	 2.407780e-05	 2603	 iter
2007	 2.407780e-05	 2604	 iter
2008	 2.407780e-05	 2605	 iter
2009	 2.405892e-05	 2607	 iter
2010	 2.405892e-05	 2608	 iter
2011	 2.402377e-05	 2610	 iter
2012	 2.402377e-05	 2611	 iter
2013	 2.402377e-05	 2612	 iter
2014	 2.402377e-05	 2613	 iter
2015	 2.402377e-05	 2614	 iter
2016	 2.400505e-05	 2616	 iter
2017	 2.400505e-05	 2617	 iter
2018	 2.400505e-05	 2618	 iter
2019	 2.395515e-05	 2620	 iter
2020	 2.395515e-05	 2621	 iter
2021	 2.395515e-05	 2622	 iter
2022	 2.395515e-05	 2624	 iter
2023	 2.395515e-05	 2625	 iter
2024	 2.395515e-05	 2626	 iter
2025	 2.395515e-05	 2627	 iter
2026	 2.390715e-05	 2629	 iter
2027	 2.390715e-05	 2630	 iter
2028	 2.390715e-05	 2631	 iter
2029	 2.390715e-05	 2632	 iter
2030	 2.390715e-05	 2633	 iter
2031	 2.390715e-05	 2634	 iter
2032	 2.390715e-05	 2635	 iter
2033	 2.387751e-05	 2637	 iter
2034	 2.387751e-05	 2638	 iter
2035	 2.383730e-05	 2640	 iter
2036	 2.383730e-05	 2641	 iter
2037	 2.383730e-05	 2642	 iter
2038	 2.383462e-05	 2644	 iter
2039	 2.383462e-05	 2645	 iter
2040	 2.380026e-05	 2647	 iter
2041	 2.380026e-05	 2648	 iter
2042	 2.380026e-05	 2649	 iter
2043	 2.380026e-05	 2650	 iter
2044	 2.380026e-05	 2651	 iter
2045	 2.377526e-05	 2653	 iter
2046	 2.377526e-05	 2654	 iter
2047	 2.377526e-05	 2655	 iter
2048	 2.377526e-05	 2657	 iter
2049	 2.374043e-05	 2659	 iter
2050	 2.374043e-05	 2660	 iter
2051	 2.374043e-05	 2661	 iter
2052	 2.372986e-05	 2663	 iter
2053	 2.372986e-05	 2664	 iter
2054	 2.371787e-05	 2666	 iter
2055	 2.371787e-05	 2667	 iter
2056	 2.371787e-05	 2668	 iter
2057	 2.371787e-05	 2669	 iter
2058	 2.363144e-05	 2671	 iter
2059	 2.363144e-05	 2672	 iter
2060	 2.363144e-05	 2673	 iter
2061	 2.363144e-05	 2675	 iter
2062	 2.357027e-05	 2677	 iter
2063	 2.357027e-05	 2678	 iter
2064	 2.357027e-05	 2679	 iter
2065	 2.357027e-05	 2680	 iter
2066	 2.357027e-05	 2681	 iter
2067	 2.357027e-05	 2682	 iter
2068	 2.357027e-05	 2683	 iter
2069	 2.357027e-05	 2684	 iter
2070	 2.357027e-05	 2685	 iter
2071	 2.355320e-05	 2687	 iter
2072	 2.354049e-05	 2689	 iter
2073	 2.350233e-05	 2691	 iter
2074	 2.331658e-05	 2693	 iter
2075	 2.331658e-05	 2694	 iter
2076	 2.331658e-05	 2695	 iter
2077	 2.331658e-05	 2696	 iter
2078	 2.331658e-05	 2697	 iter
2079	 2.331658e-05	 2698	 iter
2080	 2.331658e-05	 2699	 iter
2081	 2.331658e-05	 2700	 iter
2082	 2.331658e-05	 2701	 iter
2083	 2.331658e-05	 2702	 iter
2084	 2.331658e-05	 2703	 iter
2085	 2.331216e-05	 2705	 iter
2086	 2.331216e-05	 2706	 iter
2087	 2.329183e-05	 2708	 iter
2088	 2.329183e-05	 2709	 iter
2089	 2.314656e-05	 2711	 iter
2090	 2.314656e-05	 2712	 iter
2091	 2.314656e-05	 2713	 iter
2092	 2.314656e-05	 2714	 iter
2093	 2.314656e-05	 2715	 iter
2094	 2.314656e-05	 2716	 iter
2095	 2.314656e-05	 2717	 iter
2096	 2.314656e-05	 2718	 iter
2097	 2.314656e-05	 2719	 iter
2098	 2.296214e-05	 2721	 iter
2099	 2.296214e-05	 2722	 iter
2100	 2.296214e-05	 2723	 iter
2101	 2.296214e-05	 2724	 iter
2102	 2.296214e-05	 2725	 iter
2103	 2.278631e-05	 2727	 iter
2104	 2.278631e-05	 2728	 iter
2105	 2.278631e-05	 2729	 iter
2106	 2.278631e-05	 2730	 iter
2107	 2.278631e-05	 2731	 iter
2108	 2.278631e-05	 2732	 iter
2109	 2.278631e-05	 2733	 iter
2110	 2.278439e-05	 2735	 iter
2111	 2.274328e-05	 2737	 iter
2112	 2.269229e-05	 2739	 iter
2113	 2.269229e-05	 2740	 iter
2114	 2.264663e-05	 2742	 iter
2115	 2.263604e-05	 2744	 iter
2116	 2.263604e-05	 2745	 iter
2117	 2.263604e-05	 2746	 iter
2118	 2.262763e-05	 2748	 iter
2119	 2.258491e-05	 2750	 iter
2120	 2.251710e-05	 2752	 iter
2121	 2.251710e-05	 2753	 iter
2122	 2.251710e-05	 2754	 iter
2123	 2.251710e-05	 2755	 iter
2124	 2.250324e-05	 2757	 iter
2125	 2.243797e-05	 2759	 iter
2126	 2.243797e-05	 2760	 iter
2127	 2.243797e-05	 2761	 iter
2128	 2.232235e-05	 2763	 iter
2129	 2.232235e-05	 2764	 iter
2130	 2.232083e-05	 2766	 iter
2131	 2.229691e-05	 2768	 iter
2132	 2.220547e-05	 2770	 iter
2133	 2.220547e-05	 2771	 iter
2134	 2.220547e-05	 2772	 iter
2135	 2.218758e-05	 2774	 iter
2136	 2.218758e-05	 2775	 iter
2137	 2.218758e-05	 2776	 iter
2138	 2.200296e-05	 2778	 iter
2139	 2.200296e-05	 2779	 iter
2140	 2.200296e-05	 2780	 iter
2141	 2.180540e-05	 2782	 iter
2142	 2.180540e-05	 2783	 iter
2143	 2.180540e-05	 2784	 iter
2144	 2.170580e-05	 2786	 iter
2145	 2.170580e-05	 2787	 iter
2146	 2.170580e-05	 2788	 iter
2147	 2.170580e-05	 2789	 iter
2148	 2.170580e-05	 2790	 iter
2149	 2.156063e-05	 2792	 iter
2150	 2.156063e-05	 2793	 iter
2151	 2.156063e-05	 2794	 iter
2152	 2.155190e-05	 2796	 iter
2153	 2.149714e-05	 2798	 iter
2154	 2.147331e-05	 2800	 iter
2155	 2.124871e-05	 2802	 iter
2156	 2.124871e-05	 2803	 iter
2157	 2.124871e-05	 2804	 iter
2158	 2.124871e-05	 2805	 iter
2159	 2.124871e-05	 2806	 iter
2160	 2.124871e-05	 2807	 iter
2161	 2.096969e-05	 2809	 iter
2162	 2.096969e-05	 2810	 iter
2163	 2.096969e-05	 2811	 iter
2164	 2.095486e-05	 2813	 iter
2165	 2.095486e-05	 2814	 iter
2166	 2.087566e-05	 2816	 iter
2167	 2.087566e-05	 2817	 iter
2168	 2.087566e-05	 2818	 iter
2169	 2.083529e-05	 2820	 iter
2170	 2.083529e-05	 2821	 iter
2171	 2.083529e-05	 2822	 iter
2172	 2.073334e-05	 2824	 iter
2173	 2.033416e-05	 2826	 iter
2174	 2.033416e-05	 2827	 iter
2175	 2.033416e-05	 2828	 iter
2176	 2.033416e-05	 2829	 iter
2177	 2.033416e-05	 2830	 iter
2178	 2.033416e-05	 2831	 iter
2179	 2.033416e-05	 2832	 iter
2180	 2.033416e-05	 2833	 iter
2181	 2.033416e-05	 2834	 iter
2182	 2.032385e-05	 2836	 iter
2183	 2.032018e-05	 2838	 iter
2184	 2.032018e-05	 2839	 iter
2185	 2.032018e-05	 2840	 iter
2186	 2.032018e-05	 2841	 iter
2187	 2.024939e-05	 2843	 iter
2188	 2.024939e-05	 2844	 iter
2189	 2.024939e-05	 2845	 iter
2190	 2.011727e-05	 2847	 iter
2191	 2.011727e-05	 2848	 iter
2192	 2.004853e-05	 2850	 iter
2193	 1.992753e-05	 2852	 iter
2194	 1.992753e-05	 2853	 iter
2195	 1.992753e-05	 2854	 iter
2196	 1.992753e-05	 2855	 iter
2197	 1.992753e-05	 2856	 iter
2198	 1.988507e-05	 2858	 iter
2199	 1.988507e-05	 2859	 iter
2200	 1.988507e-05	 2860	 iter
2201	 1.988507e-05	 2861	 iter
2202	 1.988507e-05	 2862	 iter
2203	 1.974631e-05	 2864	 iter
2204	 1.973034e-05	 2866	 iter
2205	 1.970042e-05	 2868	 iter
2206	 1.970042e-05	 2869	 iter
2207	 1.946226e-05	 2871	 iter
2208	 1.946226e-05	 2872	 iter
2209	 1.946226e-05	 2873	 iter
2210	 1.946226e-05	 2874	 iter
2211	 1.946226e-05	 2875	 iter
2212	 1.946226e-05	 2876	 iter
2213	 1.946226e-05	 2878	 iter
2214	 1.946226e-05	 2879	 iter
2215	 1.946226e-05	 2880	 iter
2216	 1.930944e-05	 2882	 iter
2217	 1.930944e-05	 2884	 iter
2218	 1.930944e-05	 2885	 iter
2219	 1.903434e-05	 2887	 iter
2220	 1.903434e-05	 2888	 iter
2221	 1.903434e-05	 2889	 iter
2222	 1.903434e-05	 2890	 iter
2223	 1.903434e-05	 2891	 iter
2224	 1.903434e-05	 2892	 iter
2225	 1.903434e-05	 2893	 iter
2226	 1.903434e-05	 2894	 iter
2227	 1.888253e-05	 2896	 iter
2228	 1.888253e-05	 2897	 iter
2229	 1.888253e-05	 2898	 iter
2230	 1.881867e-05	 2900	 iter
2231	 1.856313e-05	 2902	 iter
2232	 1.856313e-05	 2903	 iter
2233	 1.856313e-05	 2904	 iter
2234	 1.851969e-05	 2906	 iter
2235	 1.851969e-05	 2907	 iter
2236	 1.847206e-05	 2909	 iter
2237	 1.847206e-05	 2910	 iter
2238	 1.847206e-05	 2911	 iter
2239	 1.826235e-05	 2913	 iter
2240	 1.813974e-05	 2915	 iter
2241	 1.811571e-05	 2917	 iter
2242	 1.811571e-05	 2918	 iter
2243	 1.811571e-05	 2919	 iter
2244	 1.811571e-05	 2920	 iter
2245	 1.787386e-05	 2922	 iter
2246	 1.787386e-05	 2923	 iter
2247	 1.787386e-05	 2924	 iter
2248	 1.787386e-05	 2925	 iter
2249	 1.787386e-05	 2926	 iter
2250	 1.787386e-05	 2927	 iter
2251	 1.756506e-05	 2929	 iter
2252	 1.756506e-05	 2930	 iter
2253	 1.756506e-05	 2931	 iter
2254	 1.756506e-05	 2932	 iter
2255	 1.756506e-05	 2933	 iter
2256	 1.720607e-05	 2935	 iter
2257	 1.720607e-05	 2936	 iter
2258	 1.720607e-05	 2937	 iter
2259	 1.720607e-05	 2938	 iter
2260	 1.720607e-05	 2939	 iter
2261	 1.720607e-05	 2940	 iter
2262	 1.720607e-05	 2941	 iter
2263	 1.720607e-05	 2942	 iter
2264	 1.698105e-05	 2944	 iter
2265	 1.698105e-05	 2945	 iter
2266	 1.696843e-05	 2947	 iter
2267	 1.696843e-05	 2948	 iter
2268	 1.691870e-05	 2950	 iter
2269	 1.691870e-05	 2951	 iter
2270	 1.691870e-05	 2952	 iter
2271	 1.691870e-05	 2953	 iter
2272	 1.691870e-05	 2954	 iter
2273	 1.668617e-05	 2956	 iter
2274	 1.668617e-05	 2957	 iter
2275	 1.668617e-05	 2958	 iter
2276	 1.668617e-05	 2959	 iter
2277	 1.660937e-05	 2961	 iter
2278	 1.660937e-05	 2962	 iter
2279	 1.660937e-05	 2963	 iter
2280	 1.660937e-05	 2964	 iter
2281	 1.660937e-05	 2965	 iter
2282	 1.660937e-05	 2967	 iter
2283	 1.660937e-05	 2968	 iter
2284	 1.660937e-05	 2969	 iter
2285	 1.643632e-05	 2971	 iter
2286	 1.643632e-05	 2972	 iter
2287	 1.643632e-05	 2973	 iter
2288	 1.627778e-05	 2975	 iter
2289	 1.627778e-05	 2976	 iter
2290	 1.627778e-05	 2977	 iter
2291	 1.627778e-05	 2978	 iter
2292	 1.627778e-05	 2979	 iter
2293	 1.627778e-05	 2980	 iter
2294	 1.627778e-05	 2982	 iter
2295	 1.627778e-05	 2983	 iter
2296	 1.627778e-05	 2984	 iter
2297	 1.627778e-05	 2985	 iter
2298	 1.626894e-05	 2987	 iter
2299	 1.626894e-05	 2989	 iter
2300	 1.626894e-05	 2990	 iter
2301	 1.626894e-05	 2991	 iter
2302	 1.610538e-05	 2993	 iter
2303	 1.610538e-05	 2995	 iter
2304	 1.610538e-05	 2996	 iter
2305	 1.610538e-05	 2997	 iter
2306	 1.610538e-05	 2998	 iter
2307	 1.610538e-05	 3000	 iter
2308	 1.610538e-05	 3001	 iter
2309	 1.610538e-05	 3003	 iter
2310	 1.610538e-05	 3004	 iter
2311	 1.610538e-05	 3006	 iter
2312	 1.610538e-05	 3007	 iter
2313	 1.600870e-05	 3009	 iter
2314	 1.600870e-05	 3010	 iter
2315	 1.600870e-05	 3011	 iter
2316	 1.597939e-05	 3013	 iter
2317	 1.597939e-05	 3014	 iter
2318	 1.597939e-05	 3015	 iter
2319	 1.597939e-05	 3016	 iter
2320	 1.597939e-05	 3017	 iter
2321	 1.597939e-05	 3018	 iter
2322	 1.597939e-05	 3019	 iter
2323	 1.597939e-05	 3021	 iter
2324	 1.597939e-05	 3022	 iter
2325	 1.597939e-05	 3024	 iter
2326	 1.597939e-05	 3025	 iter
2327	 1.597939e-05	 3026	 iter
2328	 1.597939e-05	 3027	 iter
2329	 1.597939e-05	 3028	 iter
2330	 1.597939e-05	 3030	 iter
2331	 1.591771e-05	 3032	 iter
2332	 1.589371e-05	 3034	 iter
2333	 1.589371e-05	 3035	 iter
2334	 1.584005e-05	 3037	 iter
2335	 1.584005e-05	 3038	 iter
2336	 1.584005e-05	 3039	 iter
2337	 1.584005e-05	 3041	 iter
2338	 1.584005e-05	 3043	 iter
2339	 1.584005e-05	 3044	 iter
2340	 1.584005e-05	 3045	 iter
2341	 1.584005e-05	 3047	 iter
2342	 1.584005e-05	 3048	 iter
2343	 1.580188e-05	 3050	 iter
2344	 1.580188e-05	 3051	 iter
2345	 1.580188e-05	 3052	 iter
2346	 1.578616e-05	 3054	 iter
2347	 1.578616e-05	 3055	 iter
2348	 1.578616e-05	 3056	 iter
2349	 1.578616e-05	 3057	 iter
2350	 1.578616e-05	 3059	 iter
2351	 1.578616e-05	 3060	 iter
2352	 1.578616e-05	 3061	 iter
2353	 1.578032e-05	 3063	 iter
2354	 1.578032e-05	 3064	 iter
2355	 1.577095e-05	 3066	 iter
2356	 1.577095e-05	 3067	 iter
2357	 1.577095e-05	 3068	 iter
2358	 1.573697e-05	 3070	 iter
2359	 1.573697e-05	 3071	 iter
2360	 1.573697e-05	 3072	 iter
2361	 1.573697e-05	 3073	 iter
2362	 1.573697e-05	 3074	 iter
2363	 1.573697e-05	 3075	 iter
2364	 1.573697e-05	 3076	 iter
2365	 1.573697e-05	 3078	 iter
2366	 1.573697e-05	 3080	 iter
2367	 1.573697e-05	 3082	 iter
2368	 1.573545e-05	 3084	 iter
2369	 1.569584e-05	 3086	 iter
2370	 1.569584e-05	 3087	 iter
2371	 1.562871e-05	 3089	 iter
2372	 1.562871e-05	 3090	 iter
2373	 1.562871e-05	 3091	 iter
2374	 1.562871e-05	 3092	 iter
2375	 1.562871e-05	 3093	 iter
2376	 1.562871e-05	 3095	 iter
2377	 1.562871e-05	 3096	 iter
2378	 1.562871e-05	 3097	 iter
2379	 1.562871e-05	 3099	 iter
2380	 1.562871e-05	 3100	 iter
2381	 1.562871e-05	 3101	 iter
2382	 1.561080e-05	 3103	 iter
2383	 1.561080e-05	 3104	 iter
2384	 1.561080e-05	 3105	 iter
2385	 1.559678e-05	 3107	 iter
2386	 1.559678e-05	 3108	 iter
2387	 1.559678e-05	 3109	 iter
2388	 1.559678e-05	 3110	 iter
2389	 1.559678e-05	 3111	 iter
2390	 1.559678e-05	 3112	 iter
2391	 1.559678e-05	 3113	 iter
2392	 1.559678e-05	 3115	 iter
2393	 1.559678e-05	 3116	 iter
2394	 1.559201e-05	 3118	 iter
2395	 1.559201e-05	 3120	 iter
2396	 1.559201e-05	 3121	 iter
2397	 1.558848e-05	 3123	 iter
2398	 1.558848e-05	 3124	 iter
2399	 1.558848e-05	 3125	 iter
2400	 1.558848e-05	 3127	 iter
2401	 1.557500e-05	 3129	 iter
2402	 1.557500e-05	 3130	 iter
2403	 1.557500e-05	 3131	 iter
2404	 1.557500e-05	 3133	 iter
2405	 1.557500e-05	 3135	 iter
2406	 1.557500e-05	 3136	 iter
2407	 1.557191e-05	 3138	 iter
2408	 1.557191e-05	 3139	 iter
2409	 1.557191e-05	 3141	 iter
2410	 1.555063e-05	 3143	 iter
2411	 1.555063e-05	 3145	 iter
2412	 1.555063e-05	 3146	 iter
2413	 1.553705e-05	 3148	 iter
2414	 1.553705e-05	 3150	 iter
2415	 1.553705e-05	 3151	 iter
2416	 1.553705e-05	 3153	 iter
2417	 1.553705e-05	 3154	 iter
2418	 1.553705e-05	 3155	 iter
2419	 1.553705e-05	 3156	 iter
2420	 1.553705e-05	 3157	 iter
2421	 1.552642e-05	 3159	 iter
2422	 1.552642e-05	 3161	 iter
2423	 1.552642e-05	 3162	 iter
2424	 1.552642e-05	 3164	 iter
2425	 1.552642e-05	 3165	 iter
2426	 1.552642e-05	 3167	 iter
2427	 1.552133e-05	 3169	 iter
2428	 1.552133e-05	 3170	 iter
2429	 1.552133e-05	 3171	 iter
2430	 1.551937e-05	 3173	 iter
2431	 1.551937e-05	 3175	 iter
2432	 1.551937e-05	 3176	 iter
2433	 1.551937e-05	 3178	 iter
2434	 1.551937e-05	 3180	 iter
2435	 1.551937e-05	 3182	 iter
2436	 1.551937e-05	 3184	 iter
2437	 1.551937e-05	 3185	 iter
2438	 1.551937e-05	 3186	 iter
2439	 1.551937e-05	 3188	 iter
2440	 1.551937e-05	 3190	 iter
2441	 1.551309e-05	 3192	 iter
2442	 1.551309e-05	 3194	 iter
2443	 1.551309e-05	 3195	 iter
2444	 1.551309e-05	 3196	 iter
2445	 1.551309e-05	 3197	 iter
2446	 1.551309e-05	 3198	 iter
2447	 1.551309e-05	 3199	 iter
2448	 1.551309e-05	 3200	 iter
2449	 1.551309e-05	 3201	 iter
2450	 1.551309e-05	 3202	 iter
2451	 1.551309e-05	 3204	 iter
2452	 1.551309e-05	 3205	 iter
2453	 1.551309e-05	 3206	 iter
2454	 1.551309e-05	 3207	 iter
2455	 1.551309e-05	 3208	 iter
2456	 1.551309e-05	 3209	 iter
2457	 1.551285e-05	 3211	 iter
2458	 1.551246e-05	 3213	 iter
2459	 1.551173e-05	 3215	 iter
2460	 1.551164e-05	 3217	 iter
2461	 1.551164e-05	 3218	 iter
2462	 1.551099e-05	 3220	 iter
2463	 1.551053e-05	 3222	 iter
2464	 1.550999e-05	 3224	 iter
2465	 1.550999e-05	 3225	 iter
2466	 1.550999e-05	 3226	 iter
2467	 1.550952e-05	 3228	 iter
2468	 1.550915e-05	 3230	 iter
2469	 1.550843e-05	 3232	 iter
2470	 1.550843e-05	 3234	 iter
2471	 1.550739e-05	 3236	 iter
2472	 1.550739e-05	 3238	 iter
2473	 1.550739e-05	 3239	 iter
2474	 1.550739e-05	 3241	 iter
2475	 1.550739e-05	 3243	 iter
2476	 1.550739e-05	 3244	 iter
2477	 1.550739e-05	 3245	 iter
2478	 1.550739e-05	 3246	 iter
2479	 1.550712e-05	 3248	 iter
2480	 1.550712e-05	 3250	 iter
2481	 1.550712e-05	 3251	 iter
2482	 1.550712e-05	 3253	 iter
2483	 1.550712e-05	 3255	 iter
2484	 1.550712e-05	 3256	 iter
2485	 1.550712e-05	 3258	 iter
2486	 1.550712e-05	 3260	 iter
2487	 1.550712e-05	 3261	 iter
2488	 1.550712e-05	 3262	 iter
2489	 1.550712e-05	 3263	 iter
2490	 1.550669e-05	 3265	 iter
2491	 1.550669e-05	 3266	 iter
2492	 1.550648e-05	 3268	 iter
2493	 1.550646e-05	 3270	 iter
2494	 1.550646e-05	 3271	 iter
2495	 1.550631e-05	 3273	 iter
2496	 1.550623e-05	 3275	 iter
2497	 1.550621e-05	 3277	 iter
2498	 1.550621e-05	 3278	 iter
2499	 1.550621e-05	 3279	 iter
2500	 1.550621e-05	 3280	 iter
2501	 1.550621e-05	 3281	 iter
2502	 1.550621e-05	 3282	 iter
2503	 1.550587e-05	 3284	 iter
2504	 1.550569e-05	 3286	 iter
2505	 1.550569e-05	 3288	 iter
2506	 1.550569e-05	 3289	 iter
2507	 1.550569e-05	 3291	 iter
2508	 1.550569e-05	 3293	 iter
2509	 1.550569e-05	 3294	 iter
2510	 1.550569e-05	 3295	 iter
2511	 1.550569e-05	 3297	 iter
2512	 1.550564e-05	 3299	 iter
2513	 1.550558e-05	 3301	 iter
2514	 1.550555e-05	 3303	 iter
2515	 1.550553e-05	 3305	 iter
2516	 1.550553e-05	 3307	 iter
2517	 1.550551e-05	 3309	 iter
2518	 1.550550e-05	 3311	 iter
2519	 1.550550e-05	 3312	 iter
2520	 1.550550e-05	 3313	 iter
2521	 1.550550e-05	 3314	 iter
2522	 1.550529e-05	 3316	 iter
2523	 1.550529e-05	 3317	 iter
2524	 1.550516e-05	 3319	 iter
2525	 1.550516e-05	 3321	 iter
2526	 1.550516e-05	 3322	 iter
2527	 1.550516e-05	 3323	 iter
2528	 1.550516e-05	 3325	 iter
2529	 1.550516e-05	 3326	 iter
2530	 1.550516e-05	 3327	 iter
2531	 1.550516e-05	 3328	 iter
2532	 1.550516e-05	 3329	 iter
2533	 1.550516e-05	 3330	 iter
2534	 1.550516e-05	 3331	 iter
2535	 1.550516e-05	 3333	 iter
2536	 1.550516e-05	 3334	 iter
2537	 1.550515e-05	 3336	 iter
2538	 1.550515e-05	 3337	 iter
2539	 1.550515e-05	 3339	 iter
2540	 1.550515e-05	 3341	 iter
2541	 1.550509e-05	 3343	 iter
2542	 1.550509e-05	 3344	 iter
2543	 1.550509e-05	 3346	 iter
2544	 1.550509e-05	 3348	 iter
2545	 1.550509e-05	 3350	 iter
2546	 1.550509e-05	 3352	 iter
2547	 1.550509e-05	 3354	 iter
2548	 1.550509e-05	 3355	 iter
2549	 1.550509e-05	 3356	 iter
2550	 1.550507e-05	 3358	 iter
2551	 1.550507e-05	 3359	 iter
2552	 1.550505e-05	 3361	 iter
2553	 1.550505e-05	 3362	 iter
2554	 1.550502e-05	 3364	 iter
2555	 1.550502e-05	 3366	 iter
2556	 1.550502e-05	 3368	 iter
2557	 1.550498e-05	 3370	 iter
2558	 1.550498e-05	 3371	 iter
2559	 1.550498e-05	 3373	 iter
2560	 1.550498e-05	 3374	 iter
2561	 1.550498e-05	 3375	 iter
2562	 1.550498e-05	 3376	 iter
2563	 1.550498e-05	 3377	 iter
2564	 1.550498e-05	 3378	 iter
2565	 1.550494e-05	 3380	 iter
2565	 1.550494e-05	 3380	 done
