0	 3.375472e-33	 1	 init
0	 3.375472e-33	 1	 iter
1	 3.375472e-33	 17	 iter
2	 3.375472e-33	 19	 iter
3	 3.375472e-33	 21	 iter
4	 3.375472e-33	 23	 iter
5	 3.375472e-33	 25	 iter
6	 3.375472e-33	 26	 iter
7	 3.375472e-33	 27	 iter
8	 3.375472e-33	 29	 iter
9	 3.375472e-33	 31	 iter
10	 3.375472e-33	 33	 iter
11	 3.375472e-33	 35	 iter
12	 3.375472e-33	 37	 iter
13	 3.375472e-33	 39	 iter
14	 3.375472e-33	 41	 iter
15	 3.375472e-33	 43	 iter
16	 3.375472e-33	 45	 iter
17	 3.375472e-33	 46	 iter
18	 3.375472e-33	 48	 iter
19	 3.375472e-33	 50	 iter
20	 3.375472e-33	 52	 iter
21	 3.375472e-33	 54	 iter
22	 3.375472e-33	 55	 iter
23	 3.375472e-33	 57	 iter
24	 3.375472e-33	 59	 iter
25	 3.375472e-33	 61	 iter
26	 3.375472e-33	 63	 iter
27	 3.375472e-33	 65	 iter
28	 3.375472e-33	 67	 iter
29	 3.375472e-33	 69	 iter
30	 3.375472e-33	 70	 iter
31	 3.375472e-33	 72	 iter
32	 3.375472e-33	 74	 iter
33	 3.375472e-33	 76	 iter
34	 3.375472e-33	 78	 iter
35	 3.375472e-33	 80	 iter
36	 3.375472e-33	 82	 iter
37	 3.375472e-33	 84	 iter
38	 3.375472e-33	 86	 iter
39	 3.375472e-33	 87	 iter
40	 3.375472e-33	 89	 iter
41	 3.375472e-33	 91	 iter
42	 3.375472e-33	 93	 iter
43	 3.375472e-33	 95	 iter
44	 3.375472e-33	 97	 iter
45	 3.375472e-33	 99	 iter
46	 3.375472e-33	 101	 iter
47	 3.375472e-33	 103	 iter
48	 3.375472e-33	 105	 iter
49	 3.375472e-33	 106	 iter
50	 3.375472e-33	 108	 iter
51	 3.375472e-33	 110	 iter
52	 3.375472e-33	 112	 iter
53	 3.375472e-33	 113	 iter
54	 3.375472e-33	 115	 iter
55	 3.375472e-33	 117	 iter
56	 3.375472e-33	 119	 iter
57	 3.375472e-33	 121	 iter
58	 3.375472e-33	 123	 iter
59	 3.375472e-33	 125	 iter
60	 3.375472e-33	 127	 iter
61	 3.375472e-33	 129	 iter
62	 3.375472e-33	 131	 iter
63	 3.375472e-33	 132	 iter
64	 3.375472e-33	 134	 iter
65	 3.375472e-33	 136	 iter
66	 3.375472e-33	 138	 iter
67	 3.375472e-33	 140	 iter
68	 3.375472e-33	 142	 iter
69	 3.375472e-33	 144	 iter
70	 3.375472e-33	 145	 iter
71	 3.375472e-33	 147	 iter
72	 3.375472e-33	 149	 iter
73	 3.375472e-33	 150	 iter
74	 3.375472e-33	 152	 iter
75	 3.375472e-33	 154	 iter
76	 3.375472e-33	 156	 iter
77	 3.375472e-33	 158	 iter
78	 3.375472e-33	 160	 iter
79	 3.375472e-33	 162	 iter
80	 3.375472e-33	 164	 iter
81	 3.375472e-33	 166	 iter
82	 3.375472e-33	 167	 iter
83	 3.375472e-33	 168	 iter
84	 3.375472e-33	 169	 iter
85	 3.375472e-33	 171	 iter
86	 3.375472e-33	 173	 iter
87	 3.375472e-33	 175	 iter
88	 3.375472e-33	 176	 iter
89	 3.375472e-33	 178	 iter
90	 3.375472e-33	 180	 iter
91	 3.375472e-33	 182	 iter
92	 3.375472e-33	 184	 iter
93	 3.375472e-33	 185	 iter
94	 3.375472e-33	 186	 iter
95	 3.375472e-33	 187	 iter
96	 3.375472e-33	 188	 iter
97	 3.375472e-33	 189	 iter
98	 3.375472e-33	 191	 iter
99	 3.375472e-33	 193	 iter
100	 3.375472e-33	 194	 iter
101	 3.375472e-33	 196	 iter
102	 3.375472e-33	 197	 iter
103	 3.375472e-33	 199	 iter
104	 3.375472e-33	 201	 iter
105	 3.375472e-33	 203	 iter
106	 3.375472e-33	 205	 iter
107	 3.375472e-33	 206	 iter
108	 3.375472e-33	 207	 iter
109	 3.375472e-33	 209	 iter
110	 3.375472e-33	 210	 iter
111	 3.375472e-33	 211	 iter
112	 3.375472e-33	 212	 iter
113	 3.375472e-33	 213	 iter
114	 3.375472e-33	 215	 iter
115	 3.375472e-33	 216	 iter
116	 3.375472e-33	 218	 iter
117	 3.375472e-33	 219	 iter
118	 3.375472e-33	 221	 iter
119	 3.375472e-33	 223	 iter
120	 3.375472e-33	 224	 iter
121	 3.375472e-33	 226	 iter
122	 3.375472e-33	 228	 iter
123	 3.375472e-33	 230	 iter
124	 3.375472e-33	 231	 iter
125	 3.375472e-33	 232	 iter
126	 3.375472e-33	 233	 iter
127	 3.375472e-33	 234	 iter
128	 3.375472e-33	 235	 iter
129	 3.375472e-33	 237	 iter
130	 3.375472e-33	 239	 iter
131	 3.375472e-33	 241	 iter
132	 3.375472e-33	 243	 iter
133	 3.375472e-33	 244	 iter
134	 3.375472e-33	 245	 iter
135	 3.375472e-33	 247	 iter
136	 3.375472e-33	 249	 iter
137	 3.375472e-33	 250	 iter
138	 3.375472e-33	 252	 iter
139	 3.375472e-33	 254	 iter
140	 3.375472e-33	 255	 iter
140	 3.375472e-33	 255	 done
