0	 5.330860e-33	 1	 init
0	 5.330860e-33	 1	 iter
1	 5.330860e-33	 17	 iter
2	 5.330860e-33	 19	 iter
3	 5.330860e-33	 21	 iter
4	 5.330860e-33	 23	 iter
5	 5.330860e-33	 25	 iter
6	 5.330860e-33	 27	 iter
7	 5.330860e-33	 29	 iter
8	 5.330860e-33	 31	 iter
9	 5.330860e-33	 33	 iter
10	 5.330860e-33	 35	 iter
11	 5.330860e-33	 37	 iter
12	 5.330860e-33	 39	 iter
13	 5.330860e-33	 41	 iter
14	 5.330860e-33	 43	 iter
15	 5.330860e-33	 45	 iter
16	 5.330860e-33	 47	 iter
17	 5.330860e-33	 49	 iter
18	 5.330860e-33	 51	 iter
19	 5.330860e-33	 53	 iter
20	 5.330860e-33	 55	 iter
21	 5.330860e-33	 56	 iter
22	 5.330860e-33	 58	 iter
23	 5.330860e-33	 60	 iter
24	 5.330860e-33	 62	 iter
25	 5.330860e-33	 64	 iter
26	 5.330860e-33	 66	 iter
27	 5.330860e-33	 68	 iter
28	 5.330860e-33	 70	 iter
29	 5.330860e-33	 72	 iter
30	 5.330860e-33	 74	 iter
31	 5.330860e-33	 76	 iter
32	 5.330860e-33	 78	 iter
33	 5.330860e-33	 79	 iter
34	 5.330860e-33	 81	 iter
35	 5.330860e-33	 83	 iter
36	 5.330860e-33	 85	 iter
37	 5.330860e-33	 87	 iter
38	 5.330860e-33	 88	 iter
39	 5.330860e-33	 90	 iter
40	 5.330860e-33	 92	 iter
41	 5.330860e-33	 94	 iter
42	 5.330860e-33	 96	 iter
43	 5.330860e-33	 98	 iter
44	 5.330860e-33	 100	 iter
45	 5.330860e-33	 102	 iter
46	 5.330860e-33	 104	 iter
47	 5.330860e-33	 106	 iter
48	 5.330860e-33	 107	 iter
49	 5.330860e-33	 109	 iter
50	 5.330860e-33	 110	 iter
51	 5.330860e-33	 112	 iter
52	 5.330860e-33	 114	 iter
53	 5.330860e-33	 116	 iter
54	 5.330860e-33	 118	 iter
55	 5.330860e-33	 119	 iter
56	 5.330860e-33	 121	 iter
57	 5.330860e-33	 123	 iter
58	 5.330860e-33	 125	 iter
59	 5.330860e-33	 126	 iter
60	 5.330860e-33	 128	 iter
61	 5.330860e-33	 130	 iter
62	 5.330860e-33	 132	 iter
63	 5.330860e-33	 134	 iter
64	 5.330860e-33	 135	 iter
65	 5.330860e-33	 137	 iter
66	 5.330860e-33	 139	 iter
67	 5.330860e-33	 141	 iter
68	 5.330860e-33	 142	 iter
69	 5.330860e-33	 143	 iter
70	 5.330860e-33	 145	 iter
71	 5.330860e-33	 147	 iter
72	 5.330860e-33	 149	 iter
73	 5.330860e-33	 151	 iter
74	 5.330860e-33	 153	 iter
75	 5.330860e-33	 154	 iter
76	 5.330860e-33	 156	 iter
77	 5.330860e-33	 158	 iter
78	 5.330860e-33	 160	 iter
79	 5.330860e-33	 162	 iter
80	 5.330860e-33	 164	 iter
81	 5.330860e-33	 166	 iter
82	 5.330860e-33	 168	 iter
83	 5.330860e-33	 169	 iter
84	 5.330860e-33	 170	 iter
85	 5.330860e-33	 171	 iter
86	 5.330860e-33	 172	 iter
87	 5.330860e-33	 174	 iter
88	 5.330860e-33	 176	 iter
89	 5.330860e-33	 178	 iter
90	 5.330860e-33	 179	 iter
91	 5.330860e-33	 180	 iter
92	 5.330860e-33	 182	 iter
93	 5.330860e-33	 184	 iter
94	 5.330860e-33	 186	 iter
95	 5.330860e-33	 188	 iter
96	 5.330860e-33	 190	 iter
97	 5.330860e-33	 192	 iter
98	 5.330860e-33	 194	 iter
99	 5.330860e-33	 196	 iter
100	 5.330860e-33	 197	 iter
101	 5.330860e-33	 198	 iter
102	 5.330860e-33	 199	 iter
103	 5.330860e-33	 201	 iter
104	 5.330860e-33	 202	 iter
105	 5.330860e-33	 203	 iter
106	 5.330860e-33	 205	 iter
107	 5.330860e-33	 207	 iter
108	 5.330860e-33	 209	 iter
109	 5.330860e-33	 211	 iter
110	 5.330860e-33	 213	 iter
111	 5.330860e-33	 215	 iter
112	 5.330860e-33	 216	 iter
113	 5.330860e-33	 217	 iter
114	 5.330860e-33	 218	 iter
115	 5.330860e-33	 220	 iter
116	 5.330860e-33	 221	 iter
117	 5.330860e-33	 223	 iter
118	 5.330860e-33	 225	 iter
119	 5.330860e-33	 226	 iter
120	 5.330860e-33	 227	 iter
121	 5.330860e-33	 228	 iter
122	 5.330860e-33	 229	 iter
123	 5.330860e-33	 231	 iter
124	 5.330860e-33	 232	 iter
125	 5.330860e-33	 234	 iter
126	 5.330860e-33	 236	 iter
127	 5.330860e-33	 237	 iter
128	 5.330860e-33	 239	 iter
129	 5.330860e-33	 241	 iter
130	 5.330860e-33	 242	 iter
131	 5.330860e-33	 244	 iter
132	 5.330860e-33	 245	 iter
133	 5.330860e-33	 246	 iter
134	 5.330860e-33	 247	 iter
135	 5.330860e-33	 249	 iter
136	 5.330860e-33	 251	 iter
137	 5.330860e-33	 252	 iter
138	 5.330860e-33	 253	 iter
139	 5.330860e-33	 254	 iter
140	 5.330860e-33	 256	 iter
141	 5.330860e-33	 258	 iter
142	 5.330860e-33	 259	 iter
143	 5.330860e-33	 261	 iter
144	 5.330860e-33	 262	 iter
145	 5.330860e-33	 263	 iter
146	 5.330860e-33	 264	 iter
147	 5.330860e-33	 265	 iter
148	 5.330860e-33	 266	 iter
149	 5.330860e-33	 267	 iter
150	 5.330860e-33	 268	 iter
151	 5.330860e-33	 269	 iter
152	 5.330860e-33	 270	 iter
153	 5.330860e-33	 272	 iter
154	 5.330860e-33	 274	 iter
155	 5.330860e-33	 275	 iter
156	 5.330860e-33	 276	 iter
157	 5.330860e-33	 277	 iter
158	 5.330860e-33	 279	 iter
159	 5.330860e-33	 280	 iter
160	 5.330860e-33	 281	 iter
160	 5.330860e-33	 281	 done
