0	 1.896525e-33	 1	 init
0	 1.896525e-33	 1	 iter
1	 1.896525e-33	 17	 iter
2	 1.896525e-33	 19	 iter
3	 1.896525e-33	 21	 iter
4	 1.896525e-33	 23	 iter
5	 1.896525e-33	 25	 iter
6	 1.896525e-33	 26	 iter
7	 1.896525e-33	 28	 iter
8	 1.896525e-33	 30	 iter
9	 1.896525e-33	 32	 iter
10	 1.896525e-33	 34	 iter
11	 1.896525e-33	 36	 iter
12	 1.896525e-33	 38	 iter
13	 1.896525e-33	 40	 iter
14	 1.896525e-33	 42	 iter
15	 1.896525e-33	 44	 iter
16	 1.896525e-33	 46	 iter
17	 1.896525e-33	 48	 iter
18	 1.896525e-33	 50	 iter
19	 1.896525e-33	 52	 iter
20	 1.896525e-33	 54	 iter
21	 1.896525e-33	 56	 iter
22	 1.896525e-33	 57	 iter
23	 1.896525e-33	 59	 iter
24	 1.896525e-33	 61	 iter
25	 1.896525e-33	 63	 iter
26	 1.896525e-33	 65	 iter
27	 1.896525e-33	 67	 iter
28	 1.896525e-33	 69	 iter
29	 1.896525e-33	 71	 iter
30	 1.896525e-33	 73	 iter
31	 1.896525e-33	 75	 iter
32	 1.896525e-33	 77	 iter
33	 1.896525e-33	 78	 iter
34	 1.896525e-33	 80	 iter
35	 1.896525e-33	 82	 iter
36	 1.896525e-33	 84	 iter
37	 1.896525e-33	 86	 iter
38	 1.896525e-33	 88	 iter
39	 1.896525e-33	 90	 iter
40	 1.896525e-33	 92	 iter
41	 1.896525e-33	 94	 iter
42	 1.896525e-33	 96	 iter
43	 1.896525e-33	 98	 iter
44	 1.896525e-33	 100	 iter
45	 1.896525e-33	 101	 iter
46	 1.896525e-33	 103	 iter
47	 1.896525e-33	 105	 iter
48	 1.896525e-33	 106	 iter
49	 1.896525e-33	 108	 iter
50	 1.896525e-33	 110	 iter
51	 1.896525e-33	 112	 iter
52	 1.896525e-33	 114	 iter
53	 1.896525e-33	 116	 iter
54	 1.896525e-33	 117	 iter
55	 1.896525e-33	 118	 iter
56	 1.896525e-33	 120	 iter
57	 1.896525e-33	 121	 iter
58	 1.896525e-33	 123	 iter
59	 1.896525e-33	 125	 iter
60	 1.896525e-33	 126	 iter
61	 1.896525e-33	 127	 iter
62	 1.896525e-33	 129	 iter
63	 1.896525e-33	 131	 iter
64	 1.896525e-33	 133	 iter
65	 1.896525e-33	 135	 iter
66	 1.896525e-33	 137	 iter
67	 1.896525e-33	 139	 iter
68	 1.896525e-33	 141	 iter
69	 1.896525e-33	 142	 iter
70	 1.896525e-33	 144	 iter
71	 1.896525e-33	 145	 iter
72	 1.896525e-33	 147	 iter
73	 1.896525e-33	 149	 iter
74	 1.896525e-33	 150	 iter
75	 1.896525e-33	 152	 iter
76	 1.896525e-33	 154	 iter
77	 1.896525e-33	 155	 iter
78	 1.896525e-33	 156	 iter
79	 1.896525e-33	 158	 iter
80	 1.896525e-33	 160	 iter
81	 1.896525e-33	 162	 iter
82	 1.896525e-33	 164	 iter
83	 1.896525e-33	 166	 iter
84	 1.896525e-33	 167	 iter
85	 1.896525e-33	 168	 iter
86	 1.896525e-33	 170	 iter
87	 1.896525e-33	 171	 iter
88	 1.896525e-33	 173	 iter
89	 1.896525e-33	 174	 iter
90	 1.896525e-33	 176	 iter
91	 1.896525e-33	 177	 iter
92	 1.896525e-33	 179	 iter
93	 1.896525e-33	 180	 iter
94	 1.896525e-33	 182	 iter
95	 1.896525e-33	 183	 iter
96	 1.896525e-33	 185	 iter
97	 1.896525e-33	 187	 iter
98	 1.896525e-33	 189	 iter
99	 1.896525e-33	 191	 iter
100	 1.896525e-33	 192	 iter
101	 1.896525e-33	 194	 iter
102	 1.896525e-33	 195	 iter
103	 1.896525e-33	 196	 iter
104	 1.896525e-33	 197	 iter
105	 1.896525e-33	 198	 iter
106	 1.896525e-33	 200	 iter
107	 1.896525e-33	 201	 iter
108	 1.896525e-33	 203	 iter
109	 1.896525e-33	 205	 iter
110	 1.896525e-33	 207	 iter
111	 1.896525e-33	 209	 iter
112	 1.896525e-33	 210	 iter
113	 1.896525e-33	 211	 iter
114	 1.896525e-33	 212	 iter
115	 1.896525e-33	 213	 iter
116	 1.896525e-33	 215	 iter
117	 1.896525e-33	 216	 iter
118	 1.896525e-33	 217	 iter
119	 1.896525e-33	 218	 iter
120	 1.896525e-33	 219	 iter
121	 1.896525e-33	 220	 iter
122	 1.896525e-33	 222	 iter
123	 1.896525e-33	 224	 iter
124	 1.896525e-33	 225	 iter
125	 1.896525e-33	 226	 iter
126	 1.896525e-33	 228	 iter
127	 1.896525e-33	 230	 iter
128	 1.896525e-33	 232	 iter
129	 1.896525e-33	 233	 iter
130	 1.896525e-33	 235	 iter
131	 1.896525e-33	 237	 iter
132	 1.896525e-33	 238	 iter
133	 1.896525e-33	 240	 iter
134	 1.896525e-33	 241	 iter
135	 1.896525e-33	 243	 iter
136	 1.896525e-33	 245	 iter
137	 1.896525e-33	 246	 iter
138	 1.896525e-33	 247	 iter
139	 1.896525e-33	 249	 iter
140	 1.896525e-33	 251	 iter
141	 1.896525e-33	 253	 iter
142	 1.896525e-33	 255	 iter
143	 1.896525e-33	 256	 iter
144	 1.896525e-33	 257	 iter
145	 1.896525e-33	 258	 iter
146	 1.896525e-33	 260	 iter
147	 1.896525e-33	 261	 iter
147	 1.896525e-33	 261	 done
