0	 3.363784e-33	 1	 init
0	 3.363784e-33	 1	 iter
1	 3.363784e-33	 17	 iter
2	 3.363784e-33	 19	 iter
3	 3.363784e-33	 21	 iter
4	 3.363784e-33	 23	 iter
5	 3.363784e-33	 25	 iter
6	 3.363784e-33	 27	 iter
7	 3.363784e-33	 29	 iter
8	 3.363784e-33	 31	 iter
9	 3.363784e-33	 33	 iter
10	 3.363784e-33	 34	 iter
11	 3.363784e-33	 36	 iter
12	 3.363784e-33	 38	 iter
13	 3.363784e-33	 40	 iter
14	 3.363784e-33	 42	 iter
15	 3.363784e-33	 44	 iter
16	 3.363784e-33	 46	 iter
17	 3.363784e-33	 48	 iter
18	 3.363784e-33	 50	 iter
19	 3.363784e-33	 52	 iter
20	 3.363784e-33	 54	 iter
21	 3.363784e-33	 56	 iter
22	 3.363784e-33	 58	 iter
23	 3.363784e-33	 60	 iter
24	 3.363784e-33	 61	 iter
25	 3.363784e-33	 63	 iter
26	 3.363784e-33	 65	 iter
27	 3.363784e-33	 67	 iter
28	 3.363784e-33	 69	 iter
29	 3.363784e-33	 71	 iter
30	 3.363784e-33	 73	 iter
31	 3.363784e-33	 74	 iter
32	 3.363784e-33	 76	 iter
33	 3.363784e-33	 78	 iter
34	 3.363784e-33	 80	 iter
35	 3.363784e-33	 82	 iter
36	 3.363784e-33	 83	 iter
37	 3.363784e-33	 85	 iter
38	 3.363784e-33	 86	 iter
39	 3.363784e-33	 88	 iter
40	 3.363784e-33	 89	 iter
41	 3.363784e-33	 90	 iter
42	 3.363784e-33	 92	 iter
43	 3.363784e-33	 93	 iter
44	 3.363784e-33	 95	 iter
45	 3.363784e-33	 97	 iter
46	 3.363784e-33	 99	 iter
47	 3.363784e-33	 100	 iter
48	 3.363784e-33	 102	 iter
49	 3.363784e-33	 104	 iter
50	 3.363784e-33	 106	 iter
51	 3.363784e-33	 108	 iter
52	 3.363784e-33	 109	 iter
53	 3.363784e-33	 111	 iter
54	 3.363784e-33	 113	 iter
55	 3.363784e-33	 115	 iter
56	 3.363784e-33	 116	 iter
57	 3.363784e-33	 118	 iter
58	 3.363784e-33	 119	 iter
59	 3.363784e-33	 120	 iter
60	 3.363784e-33	 122	 iter
61	 3.363784e-33	 123	 iter
62	 3.363784e-33	 125	 iter
63	 3.363784e-33	 127	 iter
64	 3.363784e-33	 129	 iter
65	 3.363784e-33	 131	 iter
66	 3.363784e-33	 133	 iter
67	 3.363784e-33	 135	 iter
68	 3.363784e-33	 137	 iter
69	 3.363784e-33	 139	 iter
70	 3.363784e-33	 141	 iter
71	 3.363784e-33	 143	 iter
72	 3.363784e-33	 145	 iter
73	 3.363784e-33	 147	 iter
74	 3.363784e-33	 149	 iter
75	 3.363784e-33	 151	 iter
76	 3.363784e-33	 153	 iter
77	 3.363784e-33	 155	 iter
78	 3.363784e-33	 157	 iter
79	 3.363784e-33	 158	 iter
80	 3.363784e-33	 159	 iter
81	 3.363784e-33	 161	 iter
82	 3.363784e-33	 162	 iter
83	 3.363784e-33	 164	 iter
84	 3.363784e-33	 166	 iter
85	 3.363784e-33	 168	 iter
86	 3.363784e-33	 170	 iter
87	 3.363784e-33	 172	 iter
88	 3.363784e-33	 174	 iter
89	 3.363784e-33	 175	 iter
90	 3.363784e-33	 176	 iter
91	 3.363784e-33	 178	 iter
92	 3.363784e-33	 180	 iter
93	 3.363784e-33	 182	 iter
94	 3.363784e-33	 183	 iter
95	 3.363784e-33	 184	 iter
96	 3.363784e-33	 186	 iter
97	 3.363784e-33	 187	 iter
98	 3.363784e-33	 189	 iter
99	 3.363784e-33	 191	 iter
100	 3.363784e-33	 192	 iter
101	 3.363784e-33	 193	 iter
102	 3.363784e-33	 195	 iter
103	 3.363784e-33	 196	 iter
104	 3.363784e-33	 198	 iter
105	 3.363784e-33	 200	 iter
106	 3.363784e-33	 201	 iter
107	 3.363784e-33	 203	 iter
108	 3.363784e-33	 204	 iter
109	 3.363784e-33	 206	 iter
110	 3.363784e-33	 208	 iter
111	 3.363784e-33	 210	 iter
112	 3.363784e-33	 211	 iter
113	 3.363784e-33	 213	 iter
114	 3.363784e-33	 215	 iter
115	 3.363784e-33	 216	 iter
116	 3.363784e-33	 218	 iter
117	 3.363784e-33	 219	 iter
118	 3.363784e-33	 220	 iter
119	 3.363784e-33	 221	 iter
120	 3.363784e-33	 222	 iter
121	 3.363784e-33	 224	 iter
122	 3.363784e-33	 226	 iter
123	 3.363784e-33	 227	 iter
124	 3.363784e-33	 228	 iter
125	 3.363784e-33	 229	 iter
126	 3.363784e-33	 231	 iter
127	 3.363784e-33	 232	 iter
128	 3.363784e-33	 233	 iter
129	 3.363784e-33	 235	 iter
130	 3.363784e-33	 237	 iter
131	 3.363784e-33	 239	 iter
132	 3.363784e-33	 240	 iter
133	 3.363784e-33	 242	 iter
134	 3.363784e-33	 243	 iter
135	 3.363784e-33	 245	 iter
136	 3.363784e-33	 247	 iter
137	 3.363784e-33	 249	 iter
138	 3.363784e-33	 251	 iter
139	 3.363784e-33	 252	 iter
140	 3.363784e-33	 253	 iter
141	 3.363784e-33	 254	 iter
142	 3.363784e-33	 256	 iter
143	 3.363784e-33	 258	 iter
144	 3.363784e-33	 259	 iter
145	 3.363784e-33	 261	 iter
146	 3.363784e-33	 262	 iter
147	 3.363784e-33	 264	 iter
148	 3.363784e-33	 266	 iter
149	 3.363784e-33	 267	 iter
150	 3.363784e-33	 268	 iter
151	 3.363784e-33	 269	 iter
152	 3.363784e-33	 270	 iter
153	 3.363784e-33	 271	 iter
154	 3.363784e-33	 272	 iter
155	 3.363784e-33	 273	 iter
156	 3.363784e-33	 274	 iter
157	 3.363784e-33	 275	 iter
158	 3.363784e-33	 276	 iter
159	 3.363784e-33	 277	 iter
160	 3.363784e-33	 278	 iter
161	 3.363784e-33	 279	 iter
162	 3.363784e-33	 281	 iter
163	 3.363784e-33	 283	 iter
164	 3.363784e-33	 285	 iter
165	 3.363784e-33	 286	 iter
166	 3.363784e-33	 287	 iter
167	 3.363784e-33	 288	 iter
168	 3.363784e-33	 290	 iter
169	 3.363784e-33	 292	 iter
170	 3.363784e-33	 293	 iter
171	 3.363784e-33	 294	 iter
171	 3.363784e-33	 294	 done
