0	 7.376316e-04	 1	 init
0	 7.376316e-04	 1	 iter
1	 7.301624e-04	 17	 iter
2	 7.213730e-04	 19	 iter
3	 6.317158e-04	 21	 iter
4	 6.317158e-04	 23	 iter
5	 6.317158e-04	 24	 iter
6	 6.317158e-04	 25	 iter
7	 6.317158e-04	 26	 iter
8	 6.317158e-04	 27	 iter
9	 6.317158e-04	 28	 iter
10	 6.317158e-04	 29	 iter
11	 6.317158e-04	 30	 iter
12	 6.317158e-04	 31	 iter
13	 6.317158e-04	 32	 iter
14	 6.317158e-04	 33	 iter
15	 6.317158e-04	 34	 iter
16	 6.317158e-04	 35	 iter
17	 6.317158e-04	 36	 iter
18	 6.317158e-04	 38	 iter
19	 6.317158e-04	 39	 iter
20	 6.033836e-04	 41	 iter
21	 6.033836e-04	 42	 iter
22	 6.033836e-04	 43	 iter
23	 6.033836e-04	 45	 iter
24	 6.033836e-04	 46	 iter
25	 6.033836e-04	 47	 iter
26	 6.033836e-04	 48	 iter
27	 6.033836e-04	 49	 iter
28	 6.033836e-04	 50	 iter
29	 6.033836e-04	 51	 iter
30	 6.033836e-04	 52	 iter
31	 6.033836e-04	 53	 iter
32	 6.033836e-04	 54	 iter
33	 5.661650e-04	 56	 iter
34	 5.661650e-04	 57	 iter
35	 5.661650e-04	 58	 iter
36	 5.661650e-04	 59	 iter
37	 5.661650e-04	 60	 iter
38	 5.661650e-04	 61	 iter
39	 5.661650e-04	 62	 iter
40	 5.661650e-04	 63	 iter
41	 5.661650e-04	 64	 iter
42	 5.661650e-04	 65	 iter
43	 5.661650e-04	 67	 iter
44	 5.271766e-04	 69	 iter
45	 5.271766e-04	 70	 iter
46	 5.271766e-04	 71	 iter
47	 5.271766e-04	 72	 iter
48	 5.271766e-04	 73	 iter
49	 5.271766e-04	 74	 iter
50	 5.271766e-04	 75	 iter
51	 5.271766e-04	 76	 iter
52	 5.271766e-04	 77	 iter
53	 5.271766e-04	 78	 iter
54	 5.271766e-04	 80	 iter
55	 5.020271e-04	 82	 iter
56	 5.020271e-04	 83	 iter
57	 5.020271e-04	 84	 iter
58	 5.020271e-04	 85	 iter
59	 5.020271e-04	 86	 iter
60	 5.020271e-04	 87	 iter
61	 5.020271e-04	 88	 iter
62	 5.020271e-04	 89	 iter
63	 5.020271e-04	 90	 iter
64	 4.629847e-04	 92	 iter
65	 4.629847e-04	 93	 iter
66	 4.629847e-04	 94	 iter
67	 4.629847e-04	 95	 iter
68	 4.629847e-04	 96	 iter
69	 4.629847e-04	 98	 iter
70	 4.629847e-04	 99	 iter
71	 4.629847e-04	 100	 iter
72	 4.629847e-04	 101	 iter
73	 4.629847e-04	 102	 iter
74	 4.629847e-04	 104	 iter
75	 4.629847e-04	 105	 iter
76	 4.629847e-04	 106	 iter
77	 4.454476e-04	 108	 iter
78	 4.454476e-04	 109	 iter
79	 4.454476e-04	 110	 iter
80	 4.454476e-04	 111	 iter
81	 4.454476e-04	 112	 iter
82	 4.454476e-04	 113	 iter
83	 4.454476e-04	 114	 iter
84	 4.454476e-04	 115	 iter
85	 4.454476e-04	 116	 iter
86	 4.454476e-04	 117	 iter
87	 4.454476e-04	 118	 iter
88	 4.454476e-04	 119	 iter
89	 4.454476e-04	 120	 iter
90	 4.454476e-04	 121	 iter
91	 4.314391e-04	 123	 iter
92	 4.314391e-04	 124	 iter
93	 4.141979e-04	 126	 iter
94	 4.141979e-04	 127	 iter
95	 4.141979e-04	 128	 iter
96	 4.141979e-04	 129	 iter
97	 4.141979e-04	 130	 iter
98	 4.141979e-04	 132	 iter
99	 4.141979e-04	 133	 iter
100	 3.862270e-04	 135	 iter
101	 3.862270e-04	 136	 iter
102	 3.862270e-04	 137	 iter
103	 3.862270e-04	 138	 iter
104	 3.862270e-04	 139	 iter
105	 3.862270e-04	 140	 iter
106	 3.862270e-04	 141	 iter
107	 3.862270e-04	 142	 iter
108	 3.862270e-04	 143	 iter
109	 3.862270e-04	 144	 iter
110	 3.862270e-04	 145	 iter
111	 3.862270e-04	 146	 iter
112	 3.718119e-04	 148	 iter
113	 3.718119e-04	 149	 iter
114	 3.614074e-04	 151	 iter
115	 3.389301e-04	 153	 iter
116	 3.389301e-04	 154	 iter
117	 3.389301e-04	 155	 iter
118	 3.389301e-04	 156	 iter
119	 3.389301e-04	 157	 iter
120	 3.389301e-04	 158	 iter
121	 3.389301e-04	 159	 iter
122	 3.389301e-04	 160	 iter
123	 3.326011e-04	 162	 iter
124	 3.326011e-04	 163	 iter
125	 3.212628e-04	 165	 iter
126	 3.212628e-04	 166	 iter
127	 3.212628e-04	 167	 iter
128	 3.163007e-04	 169	 iter
129	 3.163007e-04	 170	 iter
130	 3.163007e-04	 171	 iter
131	 3.163007e-04	 172	 iter
132	 3.163007e-04	 173	 iter
133	 3.163007e-04	 174	 iter
134	 3.099075e-04	 176	 iter
135	 3.099075e-04	 177	 iter
136	 2.947309e-04	 179	 iter
137	 2.947309e-04	 180	 iter
138	 2.947309e-04	 181	 iter
139	 2.947309e-04	 182	 iter
140	 2.947309e-04	 183	 iter
141	 2.947309e-04	 184	 iter
142	 2.947309e-04	 186	 iter
143	 2.947309e-04	 187	 iter
144	 2.947309e-04	 188	 iter
145	 2.947309e-04	 189	 iter
146	 2.947309e-04	 190	 iter
147	 2.947309e-04	 191	 iter
148	 2.766676e-04	 193	 iter
149	 2.766676e-04	 194	 iter
150	 2.766676e-04	 195	 iter
151	 2.766676e-04	 196	 iter
152	 2.766676e-04	 197	 iter
153	 2.766676e-04	 198	 iter
154	 2.766676e-04	 199	 iter
155	 2.766676e-04	 201	 iter
156	 2.766676e-04	 203	 iter
157	 2.766676e-04	 204	 iter
158	 2.728320e-04	 206	 iter
159	 2.728320e-04	 207	 iter
160	 2.688755e-04	 209	 iter
161	 2.550663e-04	 211	 iter
162	 2.550663e-04	 212	 iter
163	 2.550663e-04	 213	 iter
164	 2.550663e-04	 214	 iter
165	 2.550663e-04	 215	 iter
166	 2.550663e-04	 216	 iter
167	 2.550663e-04	 217	 iter
168	 2.550663e-04	 219	 iter
169	 2.550663e-04	 220	 iter
170	 2.550663e-04	 221	 iter
171	 2.550663e-04	 223	 iter
172	 2.485319e-04	 225	 iter
173	 2.485319e-04	 226	 iter
174	 2.360829e-04	 228	 iter
175	 2.360829e-04	 229	 iter
176	 2.360829e-04	 230	 iter
177	 2.360829e-04	 231	 iter
178	 2.360829e-04	 232	 iter
179	 2.360829e-04	 233	 iter
180	 2.360829e-04	 234	 iter
181	 2.360829e-04	 235	 iter
182	 2.360829e-04	 237	 iter
183	 2.360829e-04	 238	 iter
184	 2.360829e-04	 239	 iter
185	 2.360829e-04	 240	 iter
186	 2.360829e-04	 241	 iter
187	 2.360829e-04	 242	 iter
188	 2.360829e-04	 243	 iter
189	 2.360829e-04	 245	 iter
190	 2.360829e-04	 246	 iter
191	 2.360829e-04	 247	 iter
192	 2.360829e-04	 248	 iter
193	 2.360829e-04	 249	 iter
194	 2.360829e-04	 250	 iter
195	 2.360829e-04	 252	 iter
196	 2.341945e-04	 254	 iter
197	 2.341945e-04	 256	 iter
198	 2.341945e-04	 258	 iter
199	 2.341945e-04	 259	 iter
200	 2.341945e-04	 260	 iter
201	 2.341945e-04	 261	 iter
202	 2.341945e-04	 263	 iter
203	 2.341945e-04	 264	 iter
204	 2.341945e-04	 266	 iter
205	 2.341945e-04	 267	 iter
206	 2.341945e-04	 269	 iter
207	 2.341945e-04	 271	 iter
208	 2.341945e-04	 273	 iter
209	 2.341945e-04	 275	 iter
210	 2.340271e-04	 277	 iter
211	 2.318225e-04	 279	 iter
212	 2.318225e-04	 280	 iter
213	 2.310268e-04	 282	 iter
214	 2.310268e-04	 284	 iter
215	 2.310268e-04	 285	 iter
216	 2.310268e-04	 287	 iter
217	 2.310268e-04	 288	 iter
218	 2.310268e-04	 289	 iter
219	 2.302785e-04	 291	 iter
220	 2.302785e-04	 292	 iter
221	 2.267446e-04	 294	 iter
222	 2.267446e-04	 295	 iter
223	 2.267446e-04	 296	 iter
224	 2.257655e-04	 298	 iter
225	 2.257655e-04	 299	 iter
226	 2.257655e-04	 300	 iter
227	 2.257655e-04	 302	 iter
228	 2.257655e-04	 303	 iter
229	 2.257655e-04	 304	 iter
230	 2.257655e-04	 306	 iter
231	 2.257655e-04	 307	 iter
232	 2.257655e-04	 308	 iter
233	 2.257655e-04	 309	 iter
234	 2.241199e-04	 311	 iter
235	 2.241199e-04	 312	 iter
236	 2.241199e-04	 313	 iter
237	 2.241199e-04	 314	 iter
238	 2.241199e-04	 315	 iter
239	 2.241199e-04	 317	 iter
240	 2.234538e-04	 319	 iter
241	 2.234538e-04	 320	 iter
242	 2.234538e-04	 321	 iter
243	 2.234538e-04	 322	 iter
244	 2.234538e-04	 323	 iter
245	 2.224210e-04	 325	 iter
246	 2.224210e-04	 326	 iter
247	 2.215375e-04	 328	 iter
248	 2.171350e-04	 330	 iter
249	 2.171350e-04	 331	 iter
250	 2.171350e-04	 332	 iter
251	 2.171350e-04	 333	 iter
252	 2.171350e-04	 334	 iter
253	 2.171350e-04	 336	 iter
254	 2.171350e-04	 337	 iter
255	 2.171350e-04	 338	 iter
256	 2.171350e-04	 339	 iter
257	 2.170953e-04	 341	 iter
258	 2.170953e-04	 342	 iter
259	 2.170953e-04	 343	 iter
260	 2.170953e-04	 344	 iter
261	 2.170953e-04	 345	 iter
262	 2.170953e-04	 346	 iter
263	 2.168521e-04	 348	 iter
264	 2.168521e-04	 349	 iter
265	 2.161616e-04	 351	 iter
266	 2.161616e-04	 352	 iter
267	 2.131715e-04	 354	 iter
268	 2.131715e-04	 355	 iter
269	 2.131715e-04	 357	 iter
270	 2.124454e-04	 359	 iter
271	 2.124454e-04	 360	 iter
272	 2.070903e-04	 362	 iter
273	 2.070903e-04	 363	 iter
274	 2.070903e-04	 364	 iter
275	 2.070903e-04	 365	 iter
276	 2.070903e-04	 366	 iter
277	 2.070903e-04	 367	 iter
278	 2.070903e-04	 368	 iter
279	 2.070903e-04	 369	 iter
280	 2.070903e-04	 370	 iter
281	 2.063917e-04	 372	 iter
282	 2.059781e-04	 374	 iter
283	 2.059781e-04	 375	 iter
284	 2.059781e-04	 376	 iter
285	 2.059781e-04	 377	 iter
286	 2.059781e-04	 378	 iter
287	 2.059781e-04	 379	 iter
288	 2.059781e-04	 380	 iter
289	 2.047354e-04	 382	 iter
290	 2.047354e-04	 383	 iter
291	 2.028586e-04	 385	 iter
292	 2.011752e-04	 387	 iter
293	 2.011752e-04	 388	 iter
294	 2.011752e-04	 389	 iter
295	 1.985605e-04	 391	 iter
296	 1.985605e-04	 392	 iter
297	 1.985605e-04	 393	 iter
298	 1.985605e-04	 394	 iter
299	 1.984339e-04	 396	 iter
300	 1.984339e-04	 397	 iter
301	 1.984339e-04	 398	 iter
302	 1.909570e-04	 400	 iter
303	 1.909570e-04	 401	 iter
304	 1.909570e-04	 402	 iter
305	 1.909570e-04	 403	 iter
306	 1.909570e-04	 404	 iter
307	 1.909570e-04	 405	 iter
308	 1.909570e-04	 406	 iter
309	 1.909570e-04	 407	 iter
310	 1.909570e-04	 408	 iter
311	 1.909570e-04	 409	 iter
312	 1.909570e-04	 410	 iter
313	 1.886027e-04	 412	 iter
314	 1.886027e-04	 413	 iter
315	 1.886027e-04	 414	 iter
316	 1.886027e-04	 415	 iter
317	 1.886027e-04	 416	 iter
318	 1.886027e-04	 417	 iter
319	 1.881401e-04	 419	 iter
320	 1.881401e-04	 420	 iter
321	 1.829337e-04	 422	 iter
322	 1.829337e-04	 423	 iter
323	 1.829337e-04	 424	 iter
324	 1.829337e-04	 425	 iter
325	 1.781849e-04	 427	 iter
326	 1.781849e-04	 428	 iter
327	 1.781849e-04	 429	 iter
328	 1.781849e-04	 430	 iter
329	 1.781849e-04	 431	 iter
330	 1.781849e-04	 432	 iter
331	 1.781849e-04	 433	 iter
332	 1.748580e-04	 435	 iter
333	 1.748580e-04	 436	 iter
334	 1.748580e-04	 437	 iter
335	 1.710978e-04	 439	 iter
336	 1.710978e-04	 440	 iter
337	 1.710978e-04	 441	 iter
338	 1.710978e-04	 442	 iter
339	 1.710978e-04	 443	 iter
340	 1.598765e-04	 445	 iter
341	 1.598765e-04	 446	 iter
342	 1.598765e-04	 447	 iter
343	 1.598765e-04	 448	 iter
344	 1.598765e-04	 449	 iter
345	 1.598765e-04	 450	 iter
346	 1.598765e-04	 451	 iter
347	 1.598765e-04	 452	 iter
348	 1.461421e-04	 454	 iter
349	 1.461421e-04	 455	 iter
350	 1.461421e-04	 456	 iter
351	 1.461421e-04	 457	 iter
352	 1.461421e-04	 458	 iter
353	 1.461421e-04	 459	 iter
354	 1.461421e-04	 460	 iter
355	 1.461421e-04	 461	 iter
356	 1.461421e-04	 462	 iter
357	 1.461421e-04	 463	 iter
358	 1.461421e-04	 464	 iter
359	 1.461421e-04	 465	 iter
360	 1.461421e-04	 467	 iter
361	 1.461421e-04	 468	 iter
362	 1.461421e-04	 469	 iter
363	 1.461421e-04	 470	 iter
364	 1.461421e-04	 471	 iter
365	 1.445869e-04	 473	 iter
366	 1.445869e-04	 474	 iter
367	 1.292424e-04	 476	 iter
368	 1.292424e-04	 477	 iter
369	 1.292424e-04	 478	 iter
370	 1.292424e-04	 479	 iter
371	 1.292424e-04	 480	 iter
372	 1.292424e-04	 481	 iter
373	 1.292424e-04	 482	 iter
374	 1.292424e-04	 483	 iter
375	 1.292424e-04	 484	 iter
376	 1.292424e-04	 485	 iter
377	 1.242388e-04	 487	 iter
378	 1.242388e-04	 488	 iter
379	 1.242388e-04	 489	 iter
380	 1.240007e-04	 491	 iter
381	 1.240007e-04	 492	 iter
382	 1.160445e-04	 494	 iter
383	 1.160445e-04	 495	 iter
384	 1.143825e-04	 497	 iter
385	 1.143825e-04	 498	 iter
386	 1.143825e-04	 499	 iter
387	 1.143825e-04	 500	 iter
388	 1.143825e-04	 501	 iter
389	 1.113467e-04	 503	 iter
390	 1.085719e-04	 505	 iter
391	 9.570477e-05	 507	 iter
392	 9.570477e-05	 508	 iter
393	 9.570477e-05	 509	 iter
394	 9.570477e-05	 510	 iter
395	 9.570477e-05	 511	 iter
396	 9.570477e-05	 512	 iter
397	 9.570477e-05	 513	 iter
398	 9.570477e-05	 515	 iter
399	 9.570477e-05	 516	 iter
400	 9.570477e-05	 517	 iter
401	 9.223943e-05	 519	 iter
402	 9.223943e-05	 520	 iter
403	 9.223943e-05	 521	 iter
404	 9.223943e-05	 522	 iter
405	 9.223943e-05	 523	 iter
406	 9.223943e-05	 524	 iter
407	 9.223943e-05	 525	 iter
408	 9.223943e-05	 526	 iter
409	 7.718817e-05	 528	 iter
410	 7.718817e-05	 529	 iter
411	 7.718817e-05	 530	 iter
412	 7.718817e-05	 531	 iter
413	 7.718817e-05	 532	 iter
414	 7.718817e-05	 533	 iter
415	 7.718817e-05	 534	 iter
416	 7.718817e-05	 535	 iter
417	 7.718817e-05	 536	 iter
418	 7.718817e-05	 537	 iter
419	 7.718817e-05	 538	 iter
420	 7.718817e-05	 539	 iter
421	 7.718817e-05	 540	 iter
422	 7.718817e-05	 541	 iter
423	 7.718817e-05	 542	 iter
424	 7.718817e-05	 543	 iter
425	 7.376625e-05	 545	 iter
426	 7.376625e-05	 546	 iter
427	 6.960452e-05	 548	 iter
428	 6.960452e-05	 549	 iter
429	 6.960452e-05	 550	 iter
430	 6.960452e-05	 551	 iter
431	 6.960452e-05	 552	 iter
432	 6.960452e-05	 553	 iter
433	 6.960452e-05	 554	 iter
434	 6.960452e-05	 555	 iter
435	 6.960452e-05	 556	 iter
436	 6.960452e-05	 557	 iter
437	 6.960452e-05	 558	 iter
438	 6.960452e-05	 559	 iter
439	 6.960452e-05	 560	 iter
440	 6.960452e-05	 561	 iter
441	 6.811800e-05	 563	 iter
442	 6.690175e-05	 565	 iter
443	 6.690175e-05	 567	 iter
444	 6.690175e-05	 569	 iter
445	 6.690175e-05	 570	 iter
446	 6.690175e-05	 572	 iter
447	 6.690175e-05	 573	 iter
448	 6.690175e-05	 574	 iter
449	 6.690175e-05	 576	 iter
450	 6.690175e-05	 577	 iter
451	 6.690175e-05	 578	 iter
452	 6.690175e-05	 579	 iter
453	 6.690175e-05	 580	 iter
454	 6.690175e-05	 582	 iter
455	 6.638557e-05	 584	 iter
456	 6.623599e-05	 586	 iter
457	 6.585318e-05	 588	 iter
458	 6.448673e-05	 590	 iter
459	 6.448673e-05	 591	 iter
460	 6.448673e-05	 593	 iter
461	 6.448673e-05	 595	 iter
462	 6.448673e-05	 597	 iter
463	 6.448673e-05	 599	 iter
464	 6.448673e-05	 600	 iter
465	 6.448673e-05	 601	 iter
466	 6.410117e-05	 603	 iter
467	 6.410117e-05	 604	 iter
468	 6.039812e-05	 606	 iter
469	 6.039812e-05	 607	 iter
470	 6.039812e-05	 609	 iter
471	 6.039812e-05	 611	 iter
472	 6.039812e-05	 612	 iter
473	 6.039812e-05	 614	 iter
474	 6.039812e-05	 615	 iter
475	 6.039812e-05	 616	 iter
476	 6.039812e-05	 617	 iter
477	 6.039812e-05	 618	 iter
478	 5.992014e-05	 620	 iter
479	 5.992014e-05	 621	 iter
480	 5.992014e-05	 623	 iter
481	 5.992014e-05	 624	 iter
482	 5.992014e-05	 625	 iter
483	 5.992014e-05	 626	 iter
484	 5.992014e-05	 627	 iter
485	 5.992014e-05	 628	 iter
486	 5.992014e-05	 629	 iter
487	 5.992014e-05	 630	 iter
488	 5.992014e-05	 631	 iter
489	 5.992014e-05	 632	 iter
490	 5.992014e-05	 633	 iter
491	 5.807324e-05	 635	 iter
492	 5.807324e-05	 636	 iter
493	 5.807324e-05	 637	 iter
494	 5.807324e-05	 638	 iter
495	 5.807324e-05	 639	 iter
496	 5.807324e-05	 640	 iter
497	 5.807324e-05	 641	 iter
498	 5.671471e-05	 643	 iter
499	 5.671471e-05	 645	 iter
500	 5.671471e-05	 646	 iter
501	 5.671471e-05	 647	 iter
502	 5.671471e-05	 648	 iter
503	 5.671471e-05	 649	 iter
504	 5.671471e-05	 650	 iter
505	 5.671471e-05	 652	 iter
506	 5.671471e-05	 653	 iter
507	 5.671471e-05	 655	 iter
508	 5.671471e-05	 656	 iter
509	 5.671471e-05	 658	 iter
510	 5.671471e-05	 659	 iter
511	 5.671471e-05	 660	 iter
512	 5.606426e-05	 662	 iter
513	 5.606426e-05	 663	 iter
514	 5.606426e-05	 665	 iter
515	 5.606426e-05	 666	 iter
516	 5.491564e-05	 668	 iter
517	 5.491564e-05	 670	 iter
518	 5.491564e-05	 671	 iter
519	 5.491564e-05	 672	 iter
520	 5.491564e-05	 673	 iter
521	 5.491564e-05	 675	 iter
522	 5.491564e-05	 676	 iter
523	 5.466999e-05	 678	 iter
524	 5.466999e-05	 679	 iter
525	 5.466999e-05	 680	 iter
526	 5.466999e-05	 681	 iter
527	 5.466999e-05	 683	 iter
528	 5.466999e-05	 684	 iter
529	 5.466999e-05	 685	 iter
530	 5.466999e-05	 686	 iter
531	 5.420662e-05	 688	 iter
532	 5.420662e-05	 689	 iter
533	 5.420662e-05	 691	 iter
534	 5.420662e-05	 693	 iter
535	 5.415001e-05	 695	 iter
536	 5.303883e-05	 697	 iter
537	 5.303883e-05	 698	 iter
538	 5.303883e-05	 699	 iter
539	 5.303883e-05	 700	 iter
540	 5.303883e-05	 701	 iter
541	 5.303883e-05	 702	 iter
542	 5.303883e-05	 703	 iter
543	 5.303883e-05	 704	 iter
544	 5.287884e-05	 706	 iter
545	 5.287884e-05	 708	 iter
546	 5.287884e-05	 709	 iter
547	 5.287884e-05	 710	 iter
548	 5.287884e-05	 711	 iter
549	 5.287884e-05	 712	 iter
550	 5.241822e-05	 714	 iter
551	 5.241822e-05	 715	 iter
552	 5.217760e-05	 717	 iter
553	 5.217760e-05	 718	 iter
554	 5.217760e-05	 719	 iter
555	 5.217760e-05	 720	 iter
556	 5.217760e-05	 721	 iter
557	 5.129668e-05	 723	 iter
558	 5.129668e-05	 724	 iter
559	 5.129668e-05	 725	 iter
560	 5.129668e-05	 726	 iter
561	 5.129668e-05	 728	 iter
562	 5.128763e-05	 730	 iter
563	 5.117921e-05	 732	 iter
564	 5.117921e-05	 733	 iter
565	 5.117921e-05	 735	 iter
566	 5.117921e-05	 736	 iter
567	 5.075129e-05	 738	 iter
568	 5.075129e-05	 739	 iter
569	 5.075129e-05	 740	 iter
570	 5.075129e-05	 741	 iter
571	 5.075129e-05	 742	 iter
572	 5.059690e-05	 744	 iter
573	 5.059690e-05	 746	 iter
574	 5.059690e-05	 747	 iter
575	 5.059690e-05	 748	 iter
576	 4.997133e-05	 750	 iter
577	 4.997133e-05	 751	 iter
578	 4.997133e-05	 752	 iter
579	 4.990139e-05	 754	 iter
580	 4.990139e-05	 755	 iter
581	 4.938903e-05	 757	 iter
582	 4.938903e-05	 758	 iter
583	 4.938903e-05	 759	 iter
584	 4.938903e-05	 760	 iter
585	 4.938903e-05	 761	 iter
586	 4.938903e-05	 762	 iter
587	 4.938903e-05	 763	 iter
588	 4.904510e-05	 765	 iter
589	 4.780128e-05	 767	 iter
590	 4.780128e-05	 768	 iter
591	 4.780128e-05	 769	 iter
592	 4.780128e-05	 770	 iter
593	 4.780128e-05	 771	 iter
594	 4.780128e-05	 772	 iter
595	 4.681415e-05	 774	 iter
596	 4.681415e-05	 775	 iter
597	 4.681415e-05	 776	 iter
598	 4.681415e-05	 777	 iter
599	 4.681415e-05	 778	 iter
600	 4.681415e-05	 779	 iter
601	 4.681415e-05	 780	 iter
602	 4.681415e-05	 781	 iter
603	 4.681415e-05	 782	 iter
604	 4.681415e-05	 783	 iter
605	 4.681415e-05	 784	 iter
606	 4.681415e-05	 785	 iter
607	 4.681415e-05	 786	 iter
608	 4.681415e-05	 787	 iter
609	 4.677283e-05	 789	 iter
610	 4.633001e-05	 791	 iter
611	 4.449998e-05	 793	 iter
612	 4.449998e-05	 794	 iter
613	 4.449998e-05	 795	 iter
614	 4.449998e-05	 796	 iter
615	 4.449998e-05	 797	 iter
616	 4.449998e-05	 798	 iter
617	 4.449998e-05	 799	 iter
618	 4.449998e-05	 800	 iter
619	 4.424116e-05	 802	 iter
620	 4.424116e-05	 803	 iter
621	 4.349096e-05	 805	 iter
622	 4.349096e-05	 806	 iter
623	 4.313670e-05	 808	 iter
624	 4.313670e-05	 809	 iter
625	 4.313670e-05	 810	 iter
626	 4.236975e-05	 812	 iter
627	 4.236975e-05	 813	 iter
628	 4.236975e-05	 814	 iter
629	 4.236975e-05	 815	 iter
630	 4.127751e-05	 817	 iter
631	 4.127751e-05	 818	 iter
632	 4.127751e-05	 819	 iter
633	 4.127751e-05	 820	 iter
634	 4.127751e-05	 821	 iter
635	 4.115389e-05	 823	 iter
636	 4.079536e-05	 825	 iter
637	 4.079536e-05	 826	 iter
638	 3.943057e-05	 828	 iter
639	 3.943057e-05	 829	 iter
640	 3.943057e-05	 830	 iter
641	 3.943057e-05	 831	 iter
642	 3.943057e-05	 832	 iter
643	 3.943057e-05	 833	 iter
644	 3.943057e-05	 834	 iter
645	 3.943057e-05	 835	 iter
646	 3.943057e-05	 836	 iter
647	 3.943057e-05	 837	 iter
648	 3.943057e-05	 838	 iter
649	 3.923326e-05	 840	 iter
650	 3.923326e-05	 841	 iter
651	 3.923326e-05	 842	 iter
652	 3.923326e-05	 843	 iter
653	 3.923326e-05	 844	 iter
654	 3.923326e-05	 845	 iter
655	 3.861990e-05	 847	 iter
656	 3.861990e-05	 848	 iter
657	 3.849964e-05	 850	 iter
658	 3.779614e-05	 852	 iter
659	 3.779614e-05	 854	 iter
660	 3.779614e-05	 856	 iter
661	 3.779614e-05	 858	 iter
662	 3.779614e-05	 859	 iter
663	 3.779614e-05	 861	 iter
664	 3.779614e-05	 862	 iter
665	 3.779614e-05	 863	 iter
666	 3.779614e-05	 865	 iter
667	 3.779614e-05	 866	 iter
668	 3.779614e-05	 867	 iter
669	 3.661409e-05	 869	 iter
670	 3.661409e-05	 870	 iter
671	 3.661409e-05	 872	 iter
672	 3.661409e-05	 874	 iter
673	 3.661409e-05	 875	 iter
674	 3.661409e-05	 876	 iter
675	 3.661409e-05	 877	 iter
676	 3.661409e-05	 879	 iter
677	 3.661409e-05	 880	 iter
678	 3.661409e-05	 881	 iter
679	 3.661409e-05	 882	 iter
680	 3.661409e-05	 883	 iter
681	 3.661409e-05	 884	 iter
682	 3.661409e-05	 885	 iter
683	 3.661409e-05	 886	 iter
684	 3.661409e-05	 887	 iter
685	 3.661409e-05	 888	 iter
686	 3.661409e-05	 889	 iter
687	 3.625085e-05	 891	 iter
688	 3.535896e-05	 893	 iter
689	 3.535896e-05	 894	 iter
690	 3.535896e-05	 895	 iter
691	 3.535896e-05	 896	 iter
692	 3.535896e-05	 897	 iter
693	 3.535896e-05	 898	 iter
694	 3.516641e-05	 900	 iter
695	 3.514145e-05	 902	 iter
696	 3.514145e-05	 903	 iter
697	 3.514145e-05	 904	 iter
698	 3.514145e-05	 905	 iter
699	 3.497421e-05	 907	 iter
700	 3.497421e-05	 908	 iter
701	 3.497421e-05	 909	 iter
702	 3.497421e-05	 910	 iter
703	 3.497421e-05	 911	 iter
704	 3.497421e-05	 912	 iter
705	 3.397694e-05	 914	 iter
706	 3.397694e-05	 915	 iter
707	 3.397694e-05	 916	 iter
708	 3.397694e-05	 917	 iter
709	 3.397694e-05	 918	 iter
710	 3.365135e-05	 920	 iter
711	 3.365135e-05	 921	 iter
712	 3.365135e-05	 922	 iter
713	 3.365135e-05	 923	 iter
714	 3.365135e-05	 924	 iter
715	 3.365135e-05	 925	 iter
716	 3.365135e-05	 926	 iter
717	 3.365135e-05	 927	 iter
718	 3.365135e-05	 928	 iter
719	 3.365135e-05	 929	 iter
720	 3.365135e-05	 930	 iter
721	 3.365135e-05	 931	 iter
722	 3.365135e-05	 932	 iter
723	 3.247856e-05	 934	 iter
724	 3.247856e-05	 935	 iter
725	 3.247856e-05	 936	 iter
726	 3.247856e-05	 937	 iter
727	 3.247856e-05	 938	 iter
728	 3.247856e-05	 939	 iter
729	 3.247856e-05	 940	 iter
730	 3.247856e-05	 941	 iter
731	 3.247856e-05	 942	 iter
732	 3.247856e-05	 944	 iter
733	 3.247856e-05	 945	 iter
734	 3.247856e-05	 947	 iter
735	 3.247856e-05	 948	 iter
736	 3.247856e-05	 949	 iter
737	 3.247856e-05	 951	 iter
738	 3.247856e-05	 952	 iter
739	 3.201645e-05	 954	 iter
740	 3.201645e-05	 955	 iter
741	 3.201645e-05	 956	 iter
742	 3.201645e-05	 957	 iter
743	 3.201645e-05	 959	 iter
744	 3.201645e-05	 960	 iter
745	 3.201645e-05	 962	 iter
746	 3.201645e-05	 964	 iter
747	 3.201645e-05	 966	 iter
748	 3.201645e-05	 967	 iter
749	 3.201645e-05	 968	 iter
750	 3.201645e-05	 969	 iter
751	 3.175944e-05	 971	 iter
752	 3.175944e-05	 972	 iter
753	 3.175944e-05	 974	 iter
754	 3.175944e-05	 975	 iter
755	 3.152622e-05	 977	 iter
756	 3.152622e-05	 979	 iter
757	 3.152622e-05	 980	 iter
758	 3.152622e-05	 981	 iter
759	 3.145580e-05	 983	 iter
760	 3.145580e-05	 984	 iter
761	 3.141068e-05	 986	 iter
762	 3.134746e-05	 988	 iter
763	 3.130833e-05	 990	 iter
764	 3.130833e-05	 991	 iter
765	 3.130833e-05	 992	 iter
766	 3.130833e-05	 994	 iter
767	 3.130833e-05	 995	 iter
768	 3.130833e-05	 996	 iter
769	 3.130833e-05	 997	 iter
770	 3.130833e-05	 998	 iter
771	 3.129387e-05	 1000	 iter
772	 3.109319e-05	 1002	 iter
773	 3.101153e-05	 1004	 iter
774	 3.101153e-05	 1005	 iter
775	 3.101153e-05	 1006	 iter
776	 3.101153e-05	 1008	 iter
777	 3.101153e-05	 1009	 iter
778	 3.101153e-05	 1010	 iter
779	 3.101153e-05	 1011	 iter
780	 3.101153e-05	 1012	 iter
781	 3.086408e-05	 1014	 iter
782	 3.086408e-05	 1016	 iter
783	 3.086408e-05	 1017	 iter
784	 3.086408e-05	 1018	 iter
785	 3.086408e-05	 1020	 iter
786	 3.086408e-05	 1021	 iter
787	 3.086408e-05	 1022	 iter
788	 3.086408e-05	 1023	 iter
789	 3.086408e-05	 1024	 iter
790	 3.066831e-05	 1026	 iter
791	 3.066831e-05	 1027	 iter
792	 3.066831e-05	 1028	 iter
793	 3.066831e-05	 1029	 iter
794	 3.066831e-05	 1030	 iter
795	 3.066831e-05	 1032	 iter
796	 3.066831e-05	 1033	 iter
797	 3.066831e-05	 1034	 iter
798	 3.066831e-05	 1036	 iter
799	 3.054532e-05	 1038	 iter
800	 3.054532e-05	 1040	 iter
801	 3.054532e-05	 1041	 iter
802	 3.054532e-05	 1042	 iter
803	 3.054532e-05	 1043	 iter
804	 3.054532e-05	 1044	 iter
805	 3.054532e-05	 1045	 iter
806	 3.054532e-05	 1046	 iter
807	 3.054532e-05	 1048	 iter
808	 3.054532e-05	 1049	 iter
809	 3.054532e-05	 1051	 iter
810	 3.054532e-05	 1053	 iter
811	 3.054532e-05	 1054	 iter
812	 3.054532e-05	 1055	 iter
813	 3.039310e-05	 1057	 iter
814	 3.039310e-05	 1058	 iter
815	 3.039310e-05	 1059	 iter
816	 3.039310e-05	 1060	 iter
817	 3.034404e-05	 1062	 iter
818	 3.034404e-05	 1063	 iter
819	 3.034404e-05	 1065	 iter
820	 3.034404e-05	 1066	 iter
821	 3.034404e-05	 1067	 iter
822	 3.034404e-05	 1069	 iter
823	 3.034404e-05	 1070	 iter
824	 3.034404e-05	 1072	 iter
825	 3.034404e-05	 1074	 iter
826	 3.034404e-05	 1075	 iter
827	 3.026305e-05	 1077	 iter
828	 3.026305e-05	 1078	 iter
829	 3.026305e-05	 1079	 iter
830	 3.026305e-05	 1080	 iter
831	 3.026305e-05	 1081	 iter
832	 3.024402e-05	 1083	 iter
833	 3.024402e-05	 1085	 iter
834	 3.024402e-05	 1086	 iter
835	 3.024402e-05	 1087	 iter
836	 3.024402e-05	 1088	 iter
837	 3.024402e-05	 1090	 iter
838	 3.024402e-05	 1091	 iter
839	 3.024402e-05	 1092	 iter
840	 3.020556e-05	 1094	 iter
841	 3.020556e-05	 1096	 iter
842	 3.018761e-05	 1098	 iter
843	 3.013260e-05	 1100	 iter
844	 3.013260e-05	 1101	 iter
845	 3.013260e-05	 1102	 iter
846	 3.013260e-05	 1103	 iter
847	 3.013260e-05	 1104	 iter
848	 3.013260e-05	 1105	 iter
849	 3.013260e-05	 1106	 iter
850	 3.013260e-05	 1107	 iter
851	 3.013260e-05	 1108	 iter
852	 3.013260e-05	 1109	 iter
853	 3.013260e-05	 1111	 iter
854	 3.012874e-05	 1113	 iter
855	 3.011666e-05	 1115	 iter
856	 3.011666e-05	 1116	 iter
857	 2.996854e-05	 1118	 iter
858	 2.996854e-05	 1119	 iter
859	 2.996854e-05	 1120	 iter
860	 2.996854e-05	 1121	 iter
861	 2.996854e-05	 1122	 iter
862	 2.996854e-05	 1123	 iter
863	 2.986254e-05	 1125	 iter
864	 2.986254e-05	 1126	 iter
865	 2.986254e-05	 1127	 iter
866	 2.986254e-05	 1128	 iter
867	 2.986254e-05	 1129	 iter
868	 2.986254e-05	 1130	 iter
869	 2.986254e-05	 1131	 iter
870	 2.986254e-05	 1132	 iter
871	 2.986254e-05	 1133	 iter
872	 2.971306e-05	 1135	 iter
873	 2.952173e-05	 1137	 iter
874	 2.952173e-05	 1138	 iter
875	 2.952173e-05	 1139	 iter
876	 2.952173e-05	 1140	 iter
877	 2.952173e-05	 1141	 iter
878	 2.952173e-05	 1142	 iter
879	 2.952173e-05	 1143	 iter
880	 2.952173e-05	 1144	 iter
881	 2.952173e-05	 1145	 iter
882	 2.952173e-05	 1146	 iter
883	 2.940465e-05	 1148	 iter
884	 2.931819e-05	 1150	 iter
885	 2.931819e-05	 1151	 iter
886	 2.910643e-05	 1153	 iter
887	 2.910643e-05	 1154	 iter
888	 2.910643e-05	 1155	 iter
889	 2.904540e-05	 1157	 iter
890	 2.904540e-05	 1158	 iter
891	 2.902701e-05	 1160	 iter
892	 2.873892e-05	 1162	 iter
893	 2.873892e-05	 1163	 iter
894	 2.873892e-05	 1164	 iter
895	 2.873892e-05	 1165	 iter
896	 2.873892e-05	 1166	 iter
897	 2.864500e-05	 1168	 iter
898	 2.782004e-05	 1170	 iter
899	 2.782004e-05	 1171	 iter
900	 2.782004e-05	 1172	 iter
901	 2.782004e-05	 1173	 iter
902	 2.782004e-05	 1174	 iter
903	 2.782004e-05	 1175	 iter
904	 2.782004e-05	 1176	 iter
905	 2.782004e-05	 1177	 iter
906	 2.782004e-05	 1178	 iter
907	 2.782004e-05	 1179	 iter
908	 2.744862e-05	 1181	 iter
909	 2.744862e-05	 1182	 iter
910	 2.744862e-05	 1183	 iter
911	 2.744862e-05	 1184	 iter
912	 2.740805e-05	 1186	 iter
913	 2.639910e-05	 1188	 iter
914	 2.639910e-05	 1189	 iter
915	 2.639910e-05	 1190	 iter
916	 2.639910e-05	 1191	 iter
917	 2.639910e-05	 1192	 iter
918	 2.639910e-05	 1193	 iter
919	 2.639910e-05	 1194	 iter
920	 2.639910e-05	 1195	 iter
921	 2.639910e-05	 1196	 iter
922	 2.639910e-05	 1197	 iter
923	 2.612272e-05	 1199	 iter
924	 2.612272e-05	 1200	 iter
925	 2.606502e-05	 1202	 iter
926	 2.582105e-05	 1204	 iter
927	 2.467415e-05	 1206	 iter
928	 2.467415e-05	 1207	 iter
929	 2.467415e-05	 1208	 iter
930	 2.467415e-05	 1209	 iter
931	 2.467415e-05	 1210	 iter
932	 2.467415e-05	 1211	 iter
933	 2.400547e-05	 1213	 iter
934	 2.400547e-05	 1214	 iter
935	 2.400547e-05	 1215	 iter
936	 2.328492e-05	 1217	 iter
937	 2.328492e-05	 1218	 iter
938	 2.328492e-05	 1219	 iter
939	 2.328492e-05	 1220	 iter
940	 2.328492e-05	 1221	 iter
941	 2.305266e-05	 1223	 iter
942	 2.305266e-05	 1224	 iter
943	 2.305266e-05	 1225	 iter
944	 2.305266e-05	 1226	 iter
945	 2.162170e-05	 1228	 iter
946	 2.162170e-05	 1229	 iter
947	 2.052329e-05	 1231	 iter
948	 2.052329e-05	 1232	 iter
949	 2.052329e-05	 1233	 iter
950	 2.052329e-05	 1234	 iter
951	 2.052329e-05	 1235	 iter
952	 2.052329e-05	 1236	 iter
953	 2.052329e-05	 1237	 iter
954	 1.969697e-05	 1239	 iter
955	 1.969697e-05	 1240	 iter
956	 1.969697e-05	 1241	 iter
957	 1.969697e-05	 1242	 iter
958	 1.969697e-05	 1243	 iter
959	 1.932910e-05	 1245	 iter
960	 1.932910e-05	 1246	 iter
961	 1.932910e-05	 1247	 iter
962	 1.847800e-05	 1249	 iter
963	 1.847800e-05	 1250	 iter
964	 1.847800e-05	 1251	 iter
965	 1.847800e-05	 1252	 iter
966	 1.847800e-05	 1253	 iter
967	 1.792569e-05	 1255	 iter
968	 1.792569e-05	 1256	 iter
969	 1.776232e-05	 1258	 iter
970	 1.776232e-05	 1259	 iter
971	 1.776232e-05	 1260	 iter
972	 1.776232e-05	 1261	 iter
973	 1.772171e-05	 1263	 iter
974	 1.772171e-05	 1265	 iter
975	 1.702920e-05	 1267	 iter
976	 1.689538e-05	 1269	 iter
977	 1.689538e-05	 1270	 iter
978	 1.689538e-05	 1271	 iter
979	 1.689538e-05	 1272	 iter
980	 1.689538e-05	 1273	 iter
981	 1.689538e-05	 1274	 iter
982	 1.689538e-05	 1275	 iter
983	 1.689538e-05	 1276	 iter
984	 1.684640e-05	 1278	 iter
985	 1.684640e-05	 1279	 iter
986	 1.684640e-05	 1280	 iter
987	 1.684640e-05	 1281	 iter
988	 1.684640e-05	 1283	 iter
989	 1.684640e-05	 1284	 iter
990	 1.684640e-05	 1285	 iter
991	 1.684640e-05	 1286	 iter
992	 1.635605e-05	 1288	 iter
993	 1.635605e-05	 1289	 iter
994	 1.635605e-05	 1290	 iter
995	 1.635605e-05	 1292	 iter
996	 1.635605e-05	 1293	 iter
997	 1.635605e-05	 1294	 iter
998	 1.635605e-05	 1296	 iter
999	 1.627804e-05	 1298	 iter
1000	 1.627804e-05	 1300	 iter
1001	 1.627804e-05	 1301	 iter
1002	 1.627804e-05	 1303	 iter
1003	 1.627804e-05	 1305	 iter
1004	 1.627804e-05	 1306	 iter
1005	 1.627804e-05	 1307	 iter
1006	 1.627804e-05	 1309	 iter
1007	 1.627804e-05	 1310	 iter
1008	 1.627804e-05	 1312	 iter
1009	 1.627804e-05	 1314	 iter
1010	 1.627804e-05	 1316	 iter
1011	 1.627804e-05	 1317	 iter
1012	 1.627804e-05	 1318	 iter
1013	 1.610967e-05	 1320	 iter
1014	 1.610967e-05	 1321	 iter
1015	 1.610967e-05	 1322	 iter
1016	 1.610967e-05	 1323	 iter
1017	 1.610967e-05	 1324	 iter
1018	 1.610967e-05	 1325	 iter
1019	 1.610967e-05	 1326	 iter
1020	 1.610967e-05	 1327	 iter
1021	 1.610967e-05	 1328	 iter
1022	 1.610967e-05	 1329	 iter
1023	 1.610967e-05	 1331	 iter
1024	 1.610967e-05	 1332	 iter
1025	 1.610967e-05	 1333	 iter
1026	 1.608246e-05	 1335	 iter
1027	 1.608246e-05	 1337	 iter
1028	 1.607935e-05	 1339	 iter
1029	 1.607935e-05	 1340	 iter
1030	 1.607935e-05	 1342	 iter
1031	 1.603482e-05	 1344	 iter
1032	 1.599852e-05	 1346	 iter
1033	 1.598167e-05	 1348	 iter
1034	 1.595973e-05	 1350	 iter
1035	 1.595973e-05	 1351	 iter
1036	 1.595973e-05	 1352	 iter
1037	 1.595973e-05	 1353	 iter
1038	 1.595973e-05	 1355	 iter
1039	 1.595973e-05	 1357	 iter
1040	 1.595973e-05	 1359	 iter
1041	 1.595973e-05	 1361	 iter
1042	 1.595973e-05	 1363	 iter
1043	 1.595973e-05	 1365	 iter
1044	 1.595628e-05	 1367	 iter
1045	 1.595628e-05	 1368	 iter
1046	 1.595628e-05	 1369	 iter
1047	 1.595628e-05	 1370	 iter
1048	 1.595628e-05	 1371	 iter
1049	 1.594847e-05	 1373	 iter
1050	 1.588133e-05	 1375	 iter
1051	 1.588133e-05	 1376	 iter
1052	 1.588133e-05	 1377	 iter
1053	 1.588133e-05	 1379	 iter
1054	 1.588133e-05	 1381	 iter
1055	 1.588133e-05	 1383	 iter
1056	 1.588133e-05	 1384	 iter
1057	 1.588133e-05	 1385	 iter
1058	 1.588133e-05	 1387	 iter
1059	 1.587890e-05	 1389	 iter
1060	 1.587890e-05	 1390	 iter
1061	 1.587890e-05	 1391	 iter
1062	 1.587890e-05	 1392	 iter
1063	 1.587890e-05	 1393	 iter
1064	 1.586661e-05	 1395	 iter
1065	 1.586512e-05	 1397	 iter
1066	 1.586512e-05	 1398	 iter
1067	 1.585101e-05	 1400	 iter
1068	 1.585101e-05	 1401	 iter
1069	 1.585101e-05	 1403	 iter
1070	 1.583751e-05	 1405	 iter
1071	 1.583751e-05	 1407	 iter
1072	 1.583613e-05	 1409	 iter
1073	 1.583037e-05	 1411	 iter
1074	 1.580107e-05	 1413	 iter
1075	 1.580107e-05	 1414	 iter
1076	 1.580107e-05	 1416	 iter
1077	 1.580107e-05	 1417	 iter
1078	 1.580107e-05	 1419	 iter
1079	 1.580107e-05	 1421	 iter
1080	 1.580107e-05	 1422	 iter
1081	 1.580107e-05	 1423	 iter
1082	 1.579251e-05	 1425	 iter
1083	 1.579251e-05	 1426	 iter
1084	 1.579251e-05	 1428	 iter
1085	 1.579251e-05	 1430	 iter
1086	 1.579251e-05	 1431	 iter
1087	 1.579251e-05	 1432	 iter
1088	 1.579251e-05	 1434	 iter
1089	 1.579251e-05	 1435	 iter
1090	 1.579251e-05	 1436	 iter
1091	 1.579251e-05	 1438	 iter
1092	 1.577398e-05	 1440	 iter
1093	 1.577398e-05	 1441	 iter
1094	 1.577398e-05	 1442	 iter
1095	 1.577398e-05	 1443	 iter
1096	 1.577398e-05	 1444	 iter
1097	 1.573685e-05	 1446	 iter
1098	 1.573685e-05	 1448	 iter
1099	 1.573685e-05	 1449	 iter
1100	 1.573685e-05	 1450	 iter
1101	 1.573685e-05	 1451	 iter
1102	 1.573685e-05	 1452	 iter
1103	 1.573685e-05	 1453	 iter
1104	 1.573685e-05	 1454	 iter
1105	 1.573685e-05	 1455	 iter
1106	 1.573685e-05	 1456	 iter
1107	 1.573685e-05	 1457	 iter
1108	 1.573685e-05	 1458	 iter
1109	 1.570913e-05	 1460	 iter
1110	 1.570913e-05	 1461	 iter
1111	 1.570913e-05	 1462	 iter
1112	 1.570913e-05	 1463	 iter
1113	 1.570913e-05	 1464	 iter
1114	 1.570913e-05	 1465	 iter
1115	 1.570913e-05	 1466	 iter
1116	 1.569298e-05	 1468	 iter
1117	 1.569298e-05	 1469	 iter
1118	 1.569298e-05	 1470	 iter
1119	 1.568597e-05	 1472	 iter
1120	 1.568597e-05	 1473	 iter
1121	 1.567732e-05	 1475	 iter
1122	 1.567732e-05	 1476	 iter
1123	 1.567732e-05	 1477	 iter
1124	 1.567732e-05	 1478	 iter
1125	 1.567732e-05	 1479	 iter
1126	 1.566207e-05	 1481	 iter
1127	 1.566207e-05	 1482	 iter
1128	 1.566207e-05	 1483	 iter
1129	 1.566207e-05	 1484	 iter
1130	 1.566134e-05	 1486	 iter
1131	 1.566134e-05	 1487	 iter
1132	 1.566134e-05	 1488	 iter
1133	 1.566134e-05	 1489	 iter
1134	 1.566134e-05	 1490	 iter
1135	 1.566134e-05	 1491	 iter
1136	 1.564007e-05	 1493	 iter
1137	 1.564007e-05	 1494	 iter
1138	 1.564007e-05	 1496	 iter
1139	 1.564007e-05	 1497	 iter
1140	 1.564007e-05	 1498	 iter
1141	 1.564007e-05	 1499	 iter
1142	 1.564007e-05	 1500	 iter
1143	 1.564007e-05	 1501	 iter
1144	 1.564007e-05	 1502	 iter
1145	 1.564007e-05	 1504	 iter
1146	 1.559950e-05	 1506	 iter
1147	 1.559950e-05	 1507	 iter
1148	 1.559950e-05	 1508	 iter
1149	 1.559950e-05	 1509	 iter
1150	 1.559950e-05	 1511	 iter
1151	 1.559950e-05	 1512	 iter
1152	 1.559950e-05	 1513	 iter
1153	 1.559950e-05	 1514	 iter
1154	 1.559950e-05	 1515	 iter
1155	 1.559950e-05	 1516	 iter
1156	 1.559950e-05	 1517	 iter
1157	 1.559950e-05	 1518	 iter
1158	 1.559950e-05	 1519	 iter
1159	 1.559950e-05	 1520	 iter
1160	 1.559950e-05	 1521	 iter
1161	 1.559950e-05	 1522	 iter
1162	 1.559950e-05	 1523	 iter
1163	 1.558802e-05	 1525	 iter
1164	 1.558802e-05	 1526	 iter
1165	 1.558802e-05	 1527	 iter
1166	 1.558802e-05	 1528	 iter
1167	 1.558802e-05	 1530	 iter
1168	 1.558802e-05	 1531	 iter
1169	 1.558287e-05	 1533	 iter
1170	 1.558287e-05	 1534	 iter
1171	 1.558287e-05	 1535	 iter
1172	 1.558287e-05	 1536	 iter
1173	 1.558287e-05	 1537	 iter
1174	 1.556012e-05	 1539	 iter
1175	 1.556012e-05	 1540	 iter
1176	 1.556012e-05	 1541	 iter
1177	 1.556012e-05	 1542	 iter
1178	 1.554932e-05	 1544	 iter
1179	 1.554932e-05	 1545	 iter
1180	 1.554791e-05	 1547	 iter
1181	 1.554791e-05	 1548	 iter
1182	 1.554791e-05	 1549	 iter
1183	 1.554053e-05	 1551	 iter
1184	 1.554053e-05	 1552	 iter
1185	 1.554053e-05	 1553	 iter
1186	 1.554053e-05	 1554	 iter
1187	 1.554053e-05	 1555	 iter
1188	 1.552216e-05	 1557	 iter
1189	 1.552216e-05	 1558	 iter
1190	 1.552216e-05	 1559	 iter
1191	 1.552216e-05	 1560	 iter
1192	 1.552216e-05	 1561	 iter
1193	 1.552216e-05	 1562	 iter
1194	 1.550784e-05	 1564	 iter
1195	 1.550784e-05	 1565	 iter
1196	 1.550784e-05	 1566	 iter
1197	 1.550784e-05	 1567	 iter
1198	 1.550784e-05	 1569	 iter
1199	 1.550784e-05	 1570	 iter
1200	 1.550784e-05	 1571	 iter
1201	 1.550784e-05	 1572	 iter
1202	 1.550722e-05	 1574	 iter
1203	 1.550203e-05	 1576	 iter
1204	 1.550203e-05	 1577	 iter
1205	 1.550203e-05	 1578	 iter
1206	 1.550203e-05	 1579	 iter
1207	 1.550203e-05	 1580	 iter
1208	 1.549837e-05	 1582	 iter
1209	 1.549837e-05	 1583	 iter
1210	 1.549837e-05	 1585	 iter
1211	 1.549837e-05	 1586	 iter
1212	 1.549837e-05	 1587	 iter
1213	 1.549837e-05	 1589	 iter
1214	 1.549837e-05	 1590	 iter
1215	 1.549357e-05	 1592	 iter
1216	 1.548817e-05	 1594	 iter
1217	 1.548817e-05	 1595	 iter
1218	 1.548817e-05	 1596	 iter
1219	 1.548817e-05	 1598	 iter
1220	 1.548817e-05	 1599	 iter
1221	 1.546298e-05	 1601	 iter
1222	 1.546298e-05	 1602	 iter
1223	 1.546298e-05	 1603	 iter
1224	 1.546298e-05	 1604	 iter
1225	 1.546298e-05	 1606	 iter
1226	 1.546298e-05	 1607	 iter
1227	 1.545622e-05	 1609	 iter
1228	 1.545622e-05	 1610	 iter
1229	 1.545622e-05	 1611	 iter
1230	 1.545622e-05	 1612	 iter
1231	 1.545622e-05	 1613	 iter
1232	 1.545622e-05	 1614	 iter
1233	 1.545622e-05	 1615	 iter
1234	 1.544280e-05	 1617	 iter
1235	 1.544280e-05	 1618	 iter
1236	 1.544280e-05	 1619	 iter
1237	 1.544280e-05	 1620	 iter
1238	 1.544280e-05	 1621	 iter
1239	 1.544280e-05	 1622	 iter
1240	 1.544280e-05	 1623	 iter
1241	 1.544280e-05	 1624	 iter
1242	 1.541610e-05	 1626	 iter
1243	 1.541610e-05	 1627	 iter
1244	 1.541610e-05	 1628	 iter
1245	 1.541610e-05	 1629	 iter
1246	 1.541610e-05	 1630	 iter
1247	 1.541610e-05	 1631	 iter
1248	 1.541610e-05	 1632	 iter
1249	 1.541610e-05	 1633	 iter
1250	 1.541610e-05	 1634	 iter
1251	 1.539202e-05	 1636	 iter
1252	 1.539202e-05	 1637	 iter
1253	 1.539202e-05	 1638	 iter
1254	 1.539202e-05	 1639	 iter
1255	 1.539202e-05	 1640	 iter
1256	 1.539202e-05	 1641	 iter
1257	 1.539202e-05	 1642	 iter
1258	 1.539202e-05	 1643	 iter
1259	 1.539202e-05	 1644	 iter
1260	 1.539202e-05	 1645	 iter
1261	 1.539202e-05	 1646	 iter
1262	 1.538236e-05	 1648	 iter
1263	 1.538236e-05	 1649	 iter
1264	 1.537539e-05	 1651	 iter
1265	 1.537539e-05	 1652	 iter
1266	 1.537539e-05	 1653	 iter
1267	 1.537539e-05	 1654	 iter
1268	 1.537539e-05	 1655	 iter
1269	 1.537073e-05	 1657	 iter
1270	 1.537073e-05	 1658	 iter
1271	 1.537073e-05	 1659	 iter
1272	 1.537073e-05	 1660	 iter
1273	 1.536340e-05	 1662	 iter
1274	 1.536340e-05	 1663	 iter
1275	 1.536340e-05	 1664	 iter
1276	 1.536340e-05	 1665	 iter
1277	 1.536340e-05	 1666	 iter
1278	 1.536340e-05	 1667	 iter
1279	 1.536340e-05	 1668	 iter
1280	 1.535482e-05	 1670	 iter
1281	 1.535482e-05	 1671	 iter
1282	 1.535482e-05	 1672	 iter
1283	 1.535482e-05	 1674	 iter
1284	 1.534768e-05	 1676	 iter
1285	 1.534768e-05	 1677	 iter
1286	 1.534670e-05	 1679	 iter
1287	 1.534670e-05	 1681	 iter
1288	 1.534670e-05	 1682	 iter
1289	 1.533648e-05	 1684	 iter
1290	 1.533648e-05	 1685	 iter
1291	 1.533648e-05	 1686	 iter
1292	 1.533648e-05	 1687	 iter
1293	 1.533648e-05	 1688	 iter
1294	 1.533648e-05	 1689	 iter
1295	 1.533124e-05	 1691	 iter
1296	 1.533124e-05	 1692	 iter
1297	 1.533124e-05	 1693	 iter
1298	 1.532288e-05	 1695	 iter
1299	 1.532288e-05	 1697	 iter
1300	 1.532288e-05	 1698	 iter
1301	 1.532288e-05	 1699	 iter
1302	 1.532030e-05	 1701	 iter
1303	 1.532030e-05	 1702	 iter
1304	 1.532030e-05	 1703	 iter
1305	 1.530275e-05	 1705	 iter
1306	 1.530275e-05	 1706	 iter
1307	 1.530275e-05	 1707	 iter
1308	 1.530275e-05	 1708	 iter
1309	 1.530275e-05	 1709	 iter
1310	 1.530275e-05	 1710	 iter
1311	 1.530275e-05	 1711	 iter
1312	 1.530275e-05	 1713	 iter
1313	 1.530275e-05	 1714	 iter
1314	 1.530275e-05	 1715	 iter
1315	 1.530275e-05	 1716	 iter
1316	 1.528958e-05	 1718	 iter
1317	 1.528958e-05	 1719	 iter
1318	 1.528958e-05	 1720	 iter
1319	 1.528958e-05	 1721	 iter
1320	 1.528958e-05	 1722	 iter
1321	 1.528958e-05	 1723	 iter
1322	 1.528958e-05	 1724	 iter
1323	 1.528958e-05	 1725	 iter
1324	 1.527569e-05	 1727	 iter
1325	 1.527569e-05	 1728	 iter
1326	 1.527569e-05	 1729	 iter
1327	 1.527569e-05	 1730	 iter
1328	 1.527569e-05	 1731	 iter
1329	 1.526918e-05	 1733	 iter
1330	 1.526827e-05	 1735	 iter
1331	 1.526726e-05	 1737	 iter
1332	 1.526726e-05	 1738	 iter
1333	 1.526726e-05	 1739	 iter
1334	 1.526726e-05	 1740	 iter
1335	 1.526726e-05	 1741	 iter
1336	 1.526726e-05	 1742	 iter
1337	 1.526454e-05	 1744	 iter
1338	 1.526454e-05	 1745	 iter
1339	 1.524897e-05	 1747	 iter
1340	 1.524897e-05	 1748	 iter
1341	 1.524897e-05	 1749	 iter
1342	 1.523611e-05	 1751	 iter
1343	 1.523611e-05	 1752	 iter
1344	 1.523611e-05	 1753	 iter
1345	 1.523146e-05	 1755	 iter
1346	 1.523146e-05	 1756	 iter
1347	 1.523146e-05	 1757	 iter
1348	 1.523146e-05	 1758	 iter
1349	 1.523146e-05	 1759	 iter
1350	 1.523146e-05	 1760	 iter
1351	 1.523146e-05	 1761	 iter
1352	 1.523146e-05	 1762	 iter
1353	 1.523146e-05	 1763	 iter
1354	 1.518925e-05	 1765	 iter
1355	 1.518925e-05	 1766	 iter
1356	 1.518925e-05	 1767	 iter
1357	 1.518925e-05	 1768	 iter
1358	 1.518925e-05	 1769	 iter
1359	 1.518925e-05	 1770	 iter
1360	 1.518925e-05	 1771	 iter
1361	 1.518925e-05	 1772	 iter
1362	 1.518925e-05	 1773	 iter
1363	 1.518925e-05	 1774	 iter
1364	 1.518925e-05	 1775	 iter
1365	 1.518925e-05	 1776	 iter
1366	 1.518925e-05	 1777	 iter
1367	 1.518925e-05	 1778	 iter
1368	 1.518925e-05	 1779	 iter
1369	 1.518925e-05	 1780	 iter
1370	 1.517489e-05	 1782	 iter
1371	 1.517489e-05	 1783	 iter
1372	 1.514751e-05	 1785	 iter
1373	 1.514751e-05	 1786	 iter
1374	 1.514751e-05	 1787	 iter
1375	 1.514751e-05	 1788	 iter
1376	 1.514751e-05	 1789	 iter
1377	 1.514751e-05	 1791	 iter
1378	 1.514751e-05	 1792	 iter
1379	 1.514751e-05	 1793	 iter
1380	 1.514751e-05	 1794	 iter
1381	 1.514751e-05	 1796	 iter
1382	 1.514751e-05	 1797	 iter
1383	 1.514751e-05	 1798	 iter
1384	 1.514751e-05	 1799	 iter
1385	 1.514751e-05	 1800	 iter
1386	 1.514751e-05	 1801	 iter
1387	 1.512057e-05	 1803	 iter
1388	 1.512057e-05	 1804	 iter
1389	 1.508840e-05	 1806	 iter
1390	 1.508840e-05	 1807	 iter
1391	 1.508840e-05	 1808	 iter
1392	 1.508840e-05	 1809	 iter
1393	 1.508840e-05	 1810	 iter
1394	 1.508840e-05	 1811	 iter
1395	 1.507432e-05	 1813	 iter
1396	 1.507432e-05	 1814	 iter
1397	 1.507432e-05	 1815	 iter
1398	 1.507432e-05	 1816	 iter
1399	 1.507432e-05	 1817	 iter
1400	 1.507432e-05	 1818	 iter
1401	 1.507432e-05	 1819	 iter
1402	 1.507432e-05	 1820	 iter
1403	 1.507319e-05	 1822	 iter
1404	 1.504591e-05	 1824	 iter
1405	 1.503976e-05	 1826	 iter
1406	 1.503976e-05	 1827	 iter
1407	 1.499974e-05	 1829	 iter
1408	 1.499974e-05	 1830	 iter
1409	 1.499974e-05	 1831	 iter
1410	 1.499974e-05	 1832	 iter
1411	 1.499974e-05	 1833	 iter
1412	 1.499974e-05	 1834	 iter
1413	 1.499974e-05	 1835	 iter
1414	 1.499974e-05	 1836	 iter
1415	 1.496444e-05	 1838	 iter
1416	 1.496444e-05	 1839	 iter
1417	 1.496424e-05	 1841	 iter
1418	 1.496424e-05	 1842	 iter
1419	 1.495900e-05	 1844	 iter
1420	 1.495900e-05	 1845	 iter
1421	 1.495900e-05	 1846	 iter
1422	 1.495900e-05	 1847	 iter
1423	 1.495900e-05	 1848	 iter
1424	 1.494412e-05	 1850	 iter
1425	 1.493854e-05	 1852	 iter
1426	 1.493854e-05	 1853	 iter
1427	 1.493250e-05	 1855	 iter
1428	 1.493250e-05	 1856	 iter
1429	 1.490233e-05	 1858	 iter
1430	 1.490233e-05	 1859	 iter
1431	 1.490233e-05	 1860	 iter
1432	 1.490233e-05	 1861	 iter
1433	 1.490215e-05	 1863	 iter
1434	 1.489879e-05	 1865	 iter
1435	 1.489879e-05	 1866	 iter
1436	 1.489879e-05	 1867	 iter
1437	 1.489070e-05	 1869	 iter
1438	 1.488869e-05	 1871	 iter
1439	 1.488869e-05	 1872	 iter
1440	 1.488869e-05	 1873	 iter
1441	 1.488869e-05	 1874	 iter
1442	 1.488869e-05	 1875	 iter
1443	 1.487714e-05	 1877	 iter
1444	 1.487714e-05	 1878	 iter
1445	 1.487714e-05	 1879	 iter
1446	 1.487714e-05	 1880	 iter
1447	 1.487714e-05	 1881	 iter
1448	 1.487714e-05	 1882	 iter
1449	 1.487714e-05	 1883	 iter
1450	 1.487714e-05	 1884	 iter
1451	 1.487714e-05	 1885	 iter
1452	 1.487714e-05	 1886	 iter
1453	 1.484464e-05	 1888	 iter
1454	 1.483355e-05	 1890	 iter
1455	 1.483355e-05	 1891	 iter
1456	 1.483355e-05	 1892	 iter
1457	 1.483355e-05	 1893	 iter
1458	 1.483355e-05	 1894	 iter
1459	 1.483355e-05	 1895	 iter
1460	 1.483355e-05	 1896	 iter
1461	 1.483355e-05	 1897	 iter
1462	 1.483355e-05	 1898	 iter
1463	 1.483355e-05	 1899	 iter
1464	 1.483355e-05	 1900	 iter
1465	 1.483355e-05	 1901	 iter
1466	 1.483355e-05	 1902	 iter
1467	 1.483217e-05	 1904	 iter
1468	 1.482093e-05	 1906	 iter
1469	 1.481268e-05	 1908	 iter
1470	 1.481268e-05	 1909	 iter
1471	 1.481268e-05	 1910	 iter
1472	 1.481268e-05	 1912	 iter
1473	 1.481268e-05	 1913	 iter
1474	 1.481268e-05	 1914	 iter
1475	 1.481268e-05	 1915	 iter
1476	 1.480500e-05	 1917	 iter
1477	 1.480500e-05	 1918	 iter
1478	 1.480500e-05	 1919	 iter
1479	 1.480500e-05	 1920	 iter
1480	 1.480500e-05	 1921	 iter
1481	 1.480500e-05	 1922	 iter
1482	 1.480500e-05	 1924	 iter
1483	 1.480355e-05	 1926	 iter
1484	 1.480355e-05	 1927	 iter
1485	 1.476663e-05	 1929	 iter
1486	 1.476663e-05	 1930	 iter
1487	 1.476663e-05	 1931	 iter
1488	 1.476663e-05	 1932	 iter
1489	 1.476405e-05	 1934	 iter
1490	 1.476405e-05	 1936	 iter
1491	 1.476405e-05	 1937	 iter
1492	 1.476405e-05	 1938	 iter
1493	 1.476405e-05	 1939	 iter
1494	 1.476405e-05	 1940	 iter
1495	 1.475630e-05	 1942	 iter
1496	 1.473372e-05	 1944	 iter
1497	 1.470518e-05	 1946	 iter
1498	 1.470518e-05	 1947	 iter
1499	 1.470518e-05	 1948	 iter
1500	 1.470518e-05	 1949	 iter
1501	 1.470518e-05	 1950	 iter
1502	 1.470518e-05	 1951	 iter
1503	 1.470518e-05	 1952	 iter
1504	 1.470518e-05	 1953	 iter
1505	 1.467015e-05	 1955	 iter
1506	 1.467015e-05	 1956	 iter
1507	 1.467015e-05	 1957	 iter
1508	 1.467015e-05	 1958	 iter
1509	 1.467015e-05	 1959	 iter
1510	 1.467015e-05	 1960	 iter
1511	 1.465320e-05	 1962	 iter
1512	 1.464939e-05	 1964	 iter
1513	 1.464697e-05	 1966	 iter
1514	 1.464697e-05	 1967	 iter
1515	 1.463223e-05	 1969	 iter
1516	 1.461848e-05	 1971	 iter
1517	 1.461650e-05	 1973	 iter
1518	 1.461650e-05	 1974	 iter
1519	 1.461650e-05	 1975	 iter
1520	 1.461650e-05	 1976	 iter
1521	 1.461279e-05	 1978	 iter
1522	 1.460860e-05	 1980	 iter
1523	 1.458652e-05	 1982	 iter
1524	 1.457948e-05	 1984	 iter
1525	 1.457948e-05	 1985	 iter
1526	 1.457948e-05	 1986	 iter
1527	 1.457948e-05	 1987	 iter
1528	 1.457583e-05	 1989	 iter
1529	 1.457583e-05	 1990	 iter
1530	 1.457583e-05	 1991	 iter
1531	 1.456361e-05	 1993	 iter
1532	 1.456361e-05	 1994	 iter
1533	 1.452246e-05	 1996	 iter
1534	 1.452246e-05	 1997	 iter
1535	 1.452246e-05	 1998	 iter
1536	 1.452246e-05	 1999	 iter
1537	 1.452246e-05	 2000	 iter
1538	 1.451818e-05	 2002	 iter
1539	 1.451818e-05	 2003	 iter
1540	 1.451818e-05	 2004	 iter
1541	 1.449008e-05	 2006	 iter
1542	 1.449008e-05	 2007	 iter
1543	 1.449008e-05	 2008	 iter
1544	 1.449008e-05	 2009	 iter
1545	 1.447630e-05	 2011	 iter
1546	 1.447630e-05	 2012	 iter
1547	 1.447218e-05	 2014	 iter
1548	 1.444753e-05	 2016	 iter
1549	 1.440380e-05	 2018	 iter
1550	 1.440380e-05	 2019	 iter
1551	 1.440380e-05	 2020	 iter
1552	 1.440380e-05	 2021	 iter
1553	 1.440380e-05	 2022	 iter
1554	 1.440380e-05	 2023	 iter
1555	 1.440380e-05	 2024	 iter
1556	 1.440380e-05	 2025	 iter
1557	 1.440380e-05	 2026	 iter
1558	 1.439210e-05	 2028	 iter
1559	 1.439210e-05	 2029	 iter
1560	 1.439210e-05	 2030	 iter
1561	 1.439210e-05	 2031	 iter
1562	 1.439210e-05	 2032	 iter
1563	 1.439210e-05	 2033	 iter
1564	 1.439210e-05	 2034	 iter
1565	 1.437875e-05	 2036	 iter
1566	 1.437875e-05	 2037	 iter
1567	 1.437875e-05	 2038	 iter
1568	 1.437875e-05	 2039	 iter
1569	 1.437875e-05	 2040	 iter
1570	 1.434432e-05	 2042	 iter
1571	 1.434432e-05	 2043	 iter
1572	 1.434432e-05	 2044	 iter
1573	 1.434432e-05	 2045	 iter
1574	 1.434432e-05	 2046	 iter
1575	 1.434432e-05	 2047	 iter
1576	 1.434432e-05	 2048	 iter
1577	 1.434432e-05	 2050	 iter
1578	 1.434432e-05	 2051	 iter
1579	 1.432197e-05	 2053	 iter
1580	 1.432197e-05	 2054	 iter
1581	 1.432197e-05	 2055	 iter
1582	 1.431903e-05	 2057	 iter
1583	 1.431903e-05	 2059	 iter
1584	 1.431903e-05	 2060	 iter
1585	 1.431903e-05	 2061	 iter
1586	 1.431903e-05	 2062	 iter
1587	 1.430789e-05	 2064	 iter
1588	 1.430789e-05	 2065	 iter
1589	 1.430789e-05	 2066	 iter
1590	 1.430789e-05	 2067	 iter
1591	 1.430789e-05	 2068	 iter
1592	 1.430789e-05	 2069	 iter
1593	 1.430789e-05	 2070	 iter
1594	 1.429902e-05	 2072	 iter
1595	 1.429902e-05	 2074	 iter
1596	 1.429902e-05	 2075	 iter
1597	 1.429902e-05	 2076	 iter
1598	 1.429902e-05	 2077	 iter
1599	 1.429902e-05	 2078	 iter
1600	 1.429617e-05	 2080	 iter
1601	 1.429617e-05	 2082	 iter
1602	 1.429617e-05	 2083	 iter
1603	 1.429617e-05	 2084	 iter
1604	 1.429617e-05	 2085	 iter
1605	 1.426391e-05	 2087	 iter
1606	 1.426391e-05	 2089	 iter
1607	 1.426391e-05	 2090	 iter
1608	 1.426391e-05	 2091	 iter
1609	 1.426391e-05	 2092	 iter
1610	 1.426391e-05	 2094	 iter
1611	 1.426391e-05	 2095	 iter
1612	 1.426391e-05	 2096	 iter
1613	 1.426391e-05	 2097	 iter
1614	 1.426391e-05	 2098	 iter
1615	 1.426391e-05	 2099	 iter
1616	 1.426391e-05	 2100	 iter
1617	 1.426391e-05	 2101	 iter
1618	 1.425960e-05	 2103	 iter
1619	 1.425960e-05	 2104	 iter
1620	 1.425960e-05	 2105	 iter
1621	 1.425960e-05	 2107	 iter
1622	 1.425960e-05	 2109	 iter
1623	 1.425960e-05	 2110	 iter
1624	 1.425960e-05	 2111	 iter
1625	 1.425593e-05	 2113	 iter
1626	 1.425593e-05	 2114	 iter
1627	 1.424562e-05	 2116	 iter
1628	 1.424562e-05	 2117	 iter
1629	 1.424562e-05	 2118	 iter
1630	 1.424562e-05	 2119	 iter
1631	 1.424562e-05	 2120	 iter
1632	 1.424562e-05	 2121	 iter
1633	 1.424562e-05	 2123	 iter
1634	 1.424562e-05	 2124	 iter
1635	 1.424562e-05	 2126	 iter
1636	 1.424562e-05	 2127	 iter
1637	 1.424562e-05	 2129	 iter
1638	 1.424562e-05	 2130	 iter
1639	 1.424187e-05	 2132	 iter
1640	 1.424187e-05	 2133	 iter
1641	 1.424187e-05	 2134	 iter
1642	 1.424187e-05	 2136	 iter
1643	 1.424187e-05	 2137	 iter
1644	 1.424130e-05	 2139	 iter
1645	 1.424130e-05	 2140	 iter
1646	 1.424130e-05	 2141	 iter
1647	 1.423308e-05	 2143	 iter
1648	 1.423308e-05	 2144	 iter
1649	 1.423308e-05	 2146	 iter
1650	 1.423215e-05	 2148	 iter
1651	 1.423215e-05	 2149	 iter
1652	 1.423125e-05	 2151	 iter
1653	 1.423125e-05	 2152	 iter
1654	 1.423125e-05	 2153	 iter
1655	 1.423125e-05	 2154	 iter
1656	 1.423125e-05	 2155	 iter
1657	 1.423008e-05	 2157	 iter
1658	 1.423008e-05	 2158	 iter
1659	 1.423008e-05	 2160	 iter
1660	 1.422977e-05	 2162	 iter
1661	 1.422977e-05	 2164	 iter
1662	 1.422977e-05	 2165	 iter
1663	 1.422977e-05	 2166	 iter
1664	 1.422977e-05	 2167	 iter
1665	 1.422185e-05	 2169	 iter
1666	 1.422185e-05	 2170	 iter
1667	 1.422185e-05	 2171	 iter
1668	 1.422185e-05	 2172	 iter
1669	 1.422185e-05	 2174	 iter
1670	 1.422185e-05	 2176	 iter
1671	 1.422185e-05	 2178	 iter
1672	 1.422185e-05	 2180	 iter
1673	 1.422185e-05	 2181	 iter
1674	 1.422185e-05	 2182	 iter
1675	 1.422185e-05	 2183	 iter
1676	 1.422184e-05	 2185	 iter
1677	 1.422184e-05	 2186	 iter
1678	 1.422184e-05	 2187	 iter
1679	 1.422184e-05	 2188	 iter
1680	 1.422184e-05	 2189	 iter
1681	 1.422184e-05	 2190	 iter
1682	 1.422184e-05	 2191	 iter
1683	 1.422184e-05	 2192	 iter
1684	 1.422184e-05	 2193	 iter
1685	 1.422184e-05	 2194	 iter
1686	 1.422184e-05	 2195	 iter
1687	 1.422026e-05	 2197	 iter
1688	 1.422026e-05	 2198	 iter
1689	 1.422026e-05	 2200	 iter
1690	 1.422019e-05	 2202	 iter
1691	 1.422019e-05	 2204	 iter
1692	 1.421691e-05	 2206	 iter
1693	 1.421691e-05	 2207	 iter
1694	 1.421691e-05	 2208	 iter
1695	 1.421691e-05	 2209	 iter
1696	 1.421691e-05	 2210	 iter
1697	 1.421691e-05	 2211	 iter
1698	 1.421691e-05	 2213	 iter
1699	 1.421691e-05	 2215	 iter
1700	 1.421691e-05	 2217	 iter
1701	 1.421691e-05	 2218	 iter
1702	 1.421691e-05	 2219	 iter
1703	 1.421668e-05	 2221	 iter
1704	 1.421668e-05	 2222	 iter
1705	 1.421668e-05	 2223	 iter
1706	 1.421668e-05	 2225	 iter
1707	 1.421668e-05	 2227	 iter
1708	 1.421668e-05	 2228	 iter
1709	 1.421475e-05	 2230	 iter
1710	 1.421475e-05	 2232	 iter
1711	 1.421475e-05	 2234	 iter
1712	 1.421475e-05	 2236	 iter
1713	 1.421475e-05	 2237	 iter
1714	 1.421475e-05	 2238	 iter
1715	 1.421376e-05	 2240	 iter
1716	 1.421376e-05	 2241	 iter
1717	 1.421376e-05	 2242	 iter
1718	 1.421376e-05	 2244	 iter
1719	 1.421376e-05	 2245	 iter
1720	 1.421376e-05	 2247	 iter
1721	 1.421376e-05	 2248	 iter
1722	 1.421376e-05	 2250	 iter
1723	 1.421376e-05	 2252	 iter
1724	 1.421376e-05	 2253	 iter
1725	 1.421341e-05	 2255	 iter
1726	 1.421341e-05	 2256	 iter
1727	 1.421341e-05	 2258	 iter
1728	 1.421341e-05	 2259	 iter
1729	 1.421319e-05	 2261	 iter
1730	 1.421319e-05	 2262	 iter
1731	 1.421319e-05	 2264	 iter
1732	 1.421319e-05	 2265	 iter
1733	 1.421319e-05	 2266	 iter
1734	 1.421319e-05	 2268	 iter
1735	 1.421319e-05	 2269	 iter
1736	 1.421319e-05	 2270	 iter
1737	 1.421244e-05	 2272	 iter
1738	 1.421244e-05	 2273	 iter
1739	 1.421244e-05	 2274	 iter
1740	 1.421244e-05	 2275	 iter
1741	 1.421244e-05	 2276	 iter
1742	 1.421244e-05	 2277	 iter
1743	 1.421244e-05	 2278	 iter
1744	 1.421244e-05	 2280	 iter
1745	 1.421244e-05	 2282	 iter
1746	 1.421208e-05	 2284	 iter
1747	 1.421208e-05	 2285	 iter
1748	 1.421208e-05	 2286	 iter
1749	 1.421208e-05	 2287	 iter
1750	 1.421208e-05	 2288	 iter
1751	 1.421208e-05	 2289	 iter
1752	 1.421208e-05	 2290	 iter
1753	 1.421182e-05	 2292	 iter
1754	 1.421182e-05	 2293	 iter
1755	 1.421182e-05	 2295	 iter
1756	 1.421182e-05	 2296	 iter
1757	 1.421182e-05	 2297	 iter
1758	 1.421182e-05	 2299	 iter
1759	 1.421182e-05	 2300	 iter
1760	 1.421181e-05	 2302	 iter
1761	 1.421181e-05	 2304	 iter
1762	 1.421181e-05	 2305	 iter
1763	 1.421077e-05	 2307	 iter
1764	 1.421077e-05	 2308	 iter
1765	 1.421077e-05	 2309	 iter
1766	 1.421077e-05	 2310	 iter
1767	 1.421077e-05	 2311	 iter
1768	 1.421077e-05	 2312	 iter
1769	 1.421077e-05	 2313	 iter
1770	 1.421077e-05	 2315	 iter
1771	 1.421077e-05	 2316	 iter
1772	 1.421077e-05	 2317	 iter
1773	 1.421077e-05	 2318	 iter
1774	 1.421077e-05	 2319	 iter
1775	 1.421077e-05	 2321	 iter
1776	 1.421007e-05	 2323	 iter
1777	 1.421007e-05	 2325	 iter
1778	 1.421007e-05	 2326	 iter
1779	 1.421007e-05	 2327	 iter
1780	 1.421007e-05	 2328	 iter
1781	 1.421001e-05	 2330	 iter
1782	 1.421001e-05	 2331	 iter
1783	 1.421001e-05	 2332	 iter
1784	 1.421001e-05	 2333	 iter
1785	 1.421001e-05	 2334	 iter
1786	 1.421001e-05	 2335	 iter
1787	 1.421001e-05	 2336	 iter
1788	 1.420916e-05	 2338	 iter
1789	 1.420916e-05	 2339	 iter
1790	 1.420787e-05	 2341	 iter
1791	 1.420787e-05	 2342	 iter
1792	 1.420787e-05	 2343	 iter
1793	 1.420787e-05	 2344	 iter
1794	 1.420787e-05	 2345	 iter
1795	 1.420787e-05	 2346	 iter
1796	 1.420787e-05	 2347	 iter
1797	 1.420668e-05	 2349	 iter
1798	 1.420668e-05	 2350	 iter
1799	 1.420668e-05	 2351	 iter
1800	 1.420668e-05	 2352	 iter
1801	 1.420668e-05	 2353	 iter
1802	 1.420668e-05	 2354	 iter
1803	 1.420668e-05	 2355	 iter
1804	 1.420668e-05	 2356	 iter
1805	 1.420668e-05	 2357	 iter
1806	 1.420654e-05	 2359	 iter
1807	 1.420654e-05	 2360	 iter
1808	 1.420422e-05	 2362	 iter
1809	 1.420422e-05	 2363	 iter
1810	 1.420422e-05	 2364	 iter
1811	 1.420422e-05	 2365	 iter
1812	 1.420422e-05	 2366	 iter
1813	 1.420422e-05	 2367	 iter
1814	 1.420289e-05	 2369	 iter
1815	 1.420289e-05	 2370	 iter
1816	 1.420289e-05	 2371	 iter
1817	 1.420289e-05	 2372	 iter
1818	 1.420289e-05	 2373	 iter
1819	 1.420289e-05	 2374	 iter
1820	 1.420244e-05	 2376	 iter
1821	 1.420244e-05	 2377	 iter
1822	 1.420132e-05	 2379	 iter
1823	 1.420132e-05	 2380	 iter
1824	 1.419814e-05	 2382	 iter
1825	 1.419814e-05	 2383	 iter
1826	 1.419814e-05	 2384	 iter
1827	 1.419814e-05	 2385	 iter
1828	 1.419814e-05	 2386	 iter
1829	 1.419814e-05	 2387	 iter
1830	 1.419814e-05	 2388	 iter
1831	 1.419814e-05	 2389	 iter
1832	 1.419779e-05	 2391	 iter
1833	 1.419779e-05	 2392	 iter
1834	 1.419308e-05	 2394	 iter
1835	 1.419308e-05	 2395	 iter
1836	 1.419308e-05	 2396	 iter
1837	 1.419308e-05	 2397	 iter
1838	 1.419308e-05	 2398	 iter
1839	 1.419308e-05	 2399	 iter
1840	 1.419308e-05	 2400	 iter
1841	 1.419308e-05	 2401	 iter
1842	 1.419308e-05	 2402	 iter
1843	 1.419308e-05	 2403	 iter
1844	 1.418965e-05	 2405	 iter
1845	 1.418965e-05	 2406	 iter
1846	 1.418965e-05	 2407	 iter
1847	 1.418722e-05	 2409	 iter
1848	 1.418722e-05	 2410	 iter
1849	 1.418722e-05	 2411	 iter
1850	 1.418722e-05	 2412	 iter
1851	 1.418528e-05	 2414	 iter
1852	 1.418528e-05	 2415	 iter
1853	 1.418077e-05	 2417	 iter
1854	 1.418077e-05	 2418	 iter
1855	 1.418077e-05	 2419	 iter
1856	 1.418077e-05	 2420	 iter
1857	 1.418077e-05	 2421	 iter
1858	 1.418077e-05	 2422	 iter
1859	 1.417904e-05	 2424	 iter
1860	 1.417751e-05	 2426	 iter
1861	 1.417751e-05	 2427	 iter
1862	 1.417197e-05	 2429	 iter
1863	 1.417197e-05	 2430	 iter
1864	 1.417197e-05	 2431	 iter
1865	 1.417197e-05	 2432	 iter
1866	 1.417197e-05	 2433	 iter
1867	 1.417197e-05	 2434	 iter
1868	 1.416750e-05	 2436	 iter
1869	 1.416036e-05	 2438	 iter
1870	 1.416036e-05	 2439	 iter
1871	 1.416036e-05	 2440	 iter
1872	 1.415092e-05	 2442	 iter
1873	 1.415092e-05	 2443	 iter
1874	 1.415092e-05	 2444	 iter
1875	 1.415092e-05	 2445	 iter
1876	 1.415092e-05	 2446	 iter
1877	 1.415092e-05	 2447	 iter
1878	 1.415092e-05	 2448	 iter
1879	 1.415092e-05	 2449	 iter
1880	 1.415092e-05	 2450	 iter
1881	 1.415092e-05	 2451	 iter
1882	 1.414308e-05	 2453	 iter
1883	 1.414308e-05	 2454	 iter
1884	 1.414308e-05	 2455	 iter
1885	 1.413570e-05	 2457	 iter
1886	 1.413570e-05	 2458	 iter
1887	 1.413570e-05	 2459	 iter
1888	 1.412626e-05	 2461	 iter
1889	 1.412626e-05	 2462	 iter
1890	 1.412626e-05	 2463	 iter
1891	 1.412626e-05	 2464	 iter
1892	 1.412626e-05	 2465	 iter
1893	 1.411406e-05	 2467	 iter
1894	 1.411406e-05	 2468	 iter
1895	 1.411406e-05	 2469	 iter
1896	 1.411406e-05	 2470	 iter
1897	 1.411406e-05	 2471	 iter
1898	 1.411406e-05	 2472	 iter
1899	 1.411406e-05	 2473	 iter
1900	 1.411406e-05	 2474	 iter
1901	 1.410562e-05	 2476	 iter
1902	 1.410562e-05	 2477	 iter
1903	 1.409006e-05	 2479	 iter
1904	 1.409006e-05	 2480	 iter
1905	 1.409006e-05	 2481	 iter
1906	 1.409006e-05	 2482	 iter
1907	 1.409006e-05	 2483	 iter
1908	 1.409006e-05	 2484	 iter
1909	 1.409006e-05	 2485	 iter
1910	 1.409006e-05	 2486	 iter
1911	 1.407972e-05	 2488	 iter
1912	 1.407972e-05	 2489	 iter
1913	 1.407972e-05	 2490	 iter
1914	 1.407972e-05	 2491	 iter
1915	 1.407192e-05	 2493	 iter
1916	 1.407192e-05	 2494	 iter
1917	 1.407192e-05	 2495	 iter
1918	 1.407192e-05	 2496	 iter
1919	 1.405515e-05	 2498	 iter
1920	 1.405515e-05	 2499	 iter
1921	 1.405515e-05	 2500	 iter
1922	 1.405515e-05	 2501	 iter
1923	 1.404911e-05	 2503	 iter
1924	 1.404911e-05	 2504	 iter
1925	 1.403870e-05	 2506	 iter
1926	 1.403870e-05	 2507	 iter
1927	 1.401194e-05	 2509	 iter
1928	 1.401194e-05	 2510	 iter
1929	 1.401194e-05	 2511	 iter
1930	 1.401194e-05	 2512	 iter
1931	 1.401194e-05	 2513	 iter
1932	 1.401194e-05	 2514	 iter
1933	 1.401194e-05	 2515	 iter
1934	 1.401194e-05	 2516	 iter
1935	 1.397386e-05	 2518	 iter
1936	 1.397386e-05	 2519	 iter
1937	 1.397386e-05	 2520	 iter
1938	 1.397386e-05	 2521	 iter
1939	 1.397386e-05	 2522	 iter
1940	 1.397386e-05	 2523	 iter
1941	 1.397386e-05	 2524	 iter
1942	 1.397386e-05	 2525	 iter
1943	 1.397386e-05	 2526	 iter
1944	 1.397386e-05	 2527	 iter
1945	 1.397386e-05	 2528	 iter
1946	 1.395689e-05	 2530	 iter
1947	 1.395689e-05	 2531	 iter
1948	 1.395689e-05	 2532	 iter
1949	 1.395689e-05	 2533	 iter
1950	 1.395689e-05	 2534	 iter
1951	 1.395689e-05	 2535	 iter
1952	 1.395689e-05	 2536	 iter
1953	 1.395689e-05	 2537	 iter
1954	 1.391132e-05	 2539	 iter
1955	 1.391132e-05	 2540	 iter
1956	 1.391132e-05	 2541	 iter
1957	 1.391132e-05	 2542	 iter
1958	 1.391132e-05	 2543	 iter
1959	 1.391132e-05	 2544	 iter
1960	 1.391132e-05	 2545	 iter
1961	 1.391132e-05	 2546	 iter
1962	 1.391132e-05	 2547	 iter
1963	 1.391132e-05	 2548	 iter
1964	 1.391132e-05	 2549	 iter
1965	 1.387591e-05	 2551	 iter
1966	 1.387591e-05	 2552	 iter
1967	 1.387591e-05	 2553	 iter
1968	 1.387591e-05	 2554	 iter
1969	 1.387591e-05	 2555	 iter
1970	 1.387591e-05	 2556	 iter
1971	 1.387591e-05	 2557	 iter
1972	 1.386114e-05	 2559	 iter
1973	 1.386114e-05	 2560	 iter
1974	 1.386114e-05	 2561	 iter
1975	 1.386114e-05	 2562	 iter
1976	 1.386114e-05	 2563	 iter
1977	 1.386114e-05	 2564	 iter
1978	 1.386114e-05	 2565	 iter
1979	 1.379923e-05	 2567	 iter
1980	 1.379923e-05	 2568	 iter
1981	 1.379923e-05	 2569	 iter
1982	 1.379923e-05	 2570	 iter
1983	 1.379923e-05	 2571	 iter
1984	 1.379923e-05	 2572	 iter
1985	 1.376316e-05	 2574	 iter
1986	 1.376316e-05	 2575	 iter
1987	 1.376316e-05	 2576	 iter
1988	 1.376316e-05	 2577	 iter
1989	 1.373191e-05	 2579	 iter
1990	 1.373191e-05	 2580	 iter
1991	 1.373191e-05	 2581	 iter
1992	 1.373191e-05	 2582	 iter
1993	 1.373191e-05	 2583	 iter
1994	 1.373191e-05	 2584	 iter
1995	 1.365334e-05	 2586	 iter
1996	 1.365334e-05	 2587	 iter
1997	 1.365334e-05	 2588	 iter
1998	 1.365334e-05	 2589	 iter
1999	 1.365334e-05	 2590	 iter
2000	 1.365334e-05	 2591	 iter
2001	 1.365334e-05	 2592	 iter
2002	 1.361736e-05	 2594	 iter
2003	 1.361736e-05	 2595	 iter
2004	 1.361736e-05	 2596	 iter
2005	 1.361736e-05	 2597	 iter
2006	 1.361736e-05	 2598	 iter
2007	 1.361736e-05	 2599	 iter
2008	 1.361008e-05	 2601	 iter
2009	 1.355785e-05	 2603	 iter
2010	 1.355785e-05	 2604	 iter
2011	 1.355785e-05	 2605	 iter
2012	 1.352545e-05	 2607	 iter
2013	 1.352545e-05	 2608	 iter
2014	 1.352545e-05	 2609	 iter
2015	 1.352545e-05	 2610	 iter
2016	 1.351590e-05	 2612	 iter
2017	 1.351590e-05	 2613	 iter
2018	 1.350974e-05	 2615	 iter
2019	 1.350974e-05	 2616	 iter
2020	 1.341562e-05	 2618	 iter
2021	 1.341562e-05	 2619	 iter
2022	 1.341562e-05	 2620	 iter
2023	 1.341562e-05	 2621	 iter
2024	 1.341562e-05	 2622	 iter
2025	 1.341562e-05	 2624	 iter
2026	 1.341562e-05	 2625	 iter
2027	 1.333410e-05	 2627	 iter
2028	 1.333410e-05	 2628	 iter
2029	 1.333410e-05	 2629	 iter
2030	 1.333410e-05	 2630	 iter
2031	 1.333410e-05	 2631	 iter
2032	 1.333410e-05	 2632	 iter
2033	 1.333410e-05	 2633	 iter
2034	 1.330115e-05	 2635	 iter
2035	 1.330115e-05	 2636	 iter
2036	 1.330115e-05	 2637	 iter
2037	 1.319643e-05	 2639	 iter
2038	 1.319643e-05	 2640	 iter
2039	 1.319643e-05	 2641	 iter
2040	 1.319643e-05	 2642	 iter
2041	 1.319643e-05	 2643	 iter
2042	 1.319643e-05	 2644	 iter
2043	 1.319643e-05	 2645	 iter
2044	 1.319643e-05	 2646	 iter
2045	 1.319643e-05	 2647	 iter
2046	 1.319142e-05	 2649	 iter
2047	 1.319142e-05	 2650	 iter
2048	 1.316293e-05	 2652	 iter
2049	 1.308265e-05	 2654	 iter
2050	 1.308265e-05	 2655	 iter
2051	 1.308265e-05	 2656	 iter
2052	 1.308265e-05	 2657	 iter
2053	 1.308265e-05	 2658	 iter
2054	 1.308265e-05	 2659	 iter
2055	 1.308265e-05	 2660	 iter
2056	 1.308265e-05	 2661	 iter
2057	 1.306371e-05	 2663	 iter
2058	 1.306371e-05	 2664	 iter
2059	 1.302836e-05	 2666	 iter
2060	 1.302836e-05	 2667	 iter
2061	 1.302836e-05	 2668	 iter
2062	 1.301872e-05	 2670	 iter
2063	 1.301872e-05	 2671	 iter
2064	 1.299905e-05	 2673	 iter
2065	 1.289590e-05	 2675	 iter
2066	 1.289590e-05	 2676	 iter
2067	 1.289590e-05	 2677	 iter
2068	 1.289590e-05	 2678	 iter
2069	 1.289590e-05	 2679	 iter
2070	 1.289590e-05	 2680	 iter
2071	 1.289590e-05	 2681	 iter
2072	 1.289590e-05	 2682	 iter
2073	 1.289590e-05	 2683	 iter
2074	 1.289590e-05	 2684	 iter
2075	 1.289590e-05	 2685	 iter
2076	 1.289590e-05	 2687	 iter
2077	 1.289590e-05	 2688	 iter
2078	 1.289590e-05	 2689	 iter
2079	 1.289590e-05	 2690	 iter
2080	 1.289590e-05	 2691	 iter
2081	 1.289590e-05	 2693	 iter
2082	 1.289590e-05	 2694	 iter
2083	 1.284207e-05	 2696	 iter
2084	 1.284207e-05	 2697	 iter
2085	 1.284207e-05	 2698	 iter
2086	 1.284207e-05	 2699	 iter
2087	 1.284207e-05	 2700	 iter
2088	 1.284207e-05	 2701	 iter
2089	 1.281988e-05	 2703	 iter
2090	 1.281988e-05	 2704	 iter
2091	 1.281988e-05	 2705	 iter
2092	 1.281988e-05	 2706	 iter
2093	 1.281988e-05	 2707	 iter
2094	 1.281988e-05	 2708	 iter
2095	 1.281988e-05	 2709	 iter
2096	 1.280032e-05	 2711	 iter
2097	 1.280032e-05	 2712	 iter
2098	 1.275507e-05	 2714	 iter
2099	 1.275507e-05	 2715	 iter
2100	 1.275507e-05	 2716	 iter
2101	 1.275507e-05	 2717	 iter
2102	 1.273682e-05	 2719	 iter
2103	 1.273682e-05	 2720	 iter
2104	 1.273682e-05	 2721	 iter
2105	 1.273682e-05	 2722	 iter
2106	 1.269451e-05	 2724	 iter
2107	 1.269451e-05	 2726	 iter
2108	 1.269451e-05	 2727	 iter
2109	 1.269451e-05	 2728	 iter
2110	 1.266295e-05	 2730	 iter
2111	 1.266173e-05	 2732	 iter
2112	 1.266173e-05	 2733	 iter
2113	 1.266173e-05	 2734	 iter
2114	 1.266173e-05	 2735	 iter
2115	 1.261900e-05	 2737	 iter
2116	 1.260069e-05	 2739	 iter
2117	 1.258666e-05	 2741	 iter
2118	 1.257113e-05	 2743	 iter
2119	 1.257113e-05	 2744	 iter
2120	 1.257113e-05	 2745	 iter
2121	 1.257113e-05	 2746	 iter
2122	 1.256615e-05	 2748	 iter
2123	 1.256615e-05	 2749	 iter
2124	 1.253950e-05	 2751	 iter
2125	 1.251900e-05	 2753	 iter
2126	 1.251900e-05	 2754	 iter
2127	 1.251900e-05	 2755	 iter
2128	 1.251900e-05	 2756	 iter
2129	 1.247624e-05	 2758	 iter
2130	 1.247624e-05	 2759	 iter
2131	 1.247624e-05	 2760	 iter
2132	 1.247624e-05	 2761	 iter
2133	 1.247624e-05	 2762	 iter
2134	 1.247624e-05	 2763	 iter
2135	 1.247624e-05	 2764	 iter
2136	 1.247624e-05	 2765	 iter
2137	 1.243300e-05	 2767	 iter
2138	 1.236763e-05	 2769	 iter
2139	 1.236763e-05	 2770	 iter
2140	 1.236763e-05	 2771	 iter
2141	 1.236763e-05	 2772	 iter
2142	 1.236763e-05	 2773	 iter
2143	 1.236763e-05	 2774	 iter
2144	 1.236763e-05	 2775	 iter
2145	 1.236763e-05	 2776	 iter
2146	 1.236763e-05	 2777	 iter
2147	 1.235996e-05	 2779	 iter
2148	 1.235996e-05	 2780	 iter
2149	 1.235996e-05	 2781	 iter
2150	 1.235996e-05	 2782	 iter
2151	 1.235996e-05	 2783	 iter
2152	 1.231306e-05	 2785	 iter
2153	 1.231306e-05	 2786	 iter
2154	 1.231306e-05	 2787	 iter
2155	 1.231306e-05	 2788	 iter
2156	 1.231306e-05	 2789	 iter
2157	 1.231306e-05	 2790	 iter
2158	 1.231306e-05	 2791	 iter
2159	 1.231306e-05	 2792	 iter
2160	 1.231306e-05	 2793	 iter
2161	 1.231306e-05	 2794	 iter
2162	 1.226441e-05	 2796	 iter
2163	 1.226441e-05	 2797	 iter
2164	 1.226441e-05	 2798	 iter
2165	 1.226441e-05	 2799	 iter
2166	 1.226441e-05	 2800	 iter
2167	 1.226441e-05	 2801	 iter
2168	 1.226441e-05	 2802	 iter
2169	 1.226441e-05	 2803	 iter
2170	 1.226441e-05	 2804	 iter
2171	 1.226441e-05	 2805	 iter
2172	 1.226441e-05	 2807	 iter
2173	 1.226441e-05	 2808	 iter
2174	 1.226441e-05	 2809	 iter
2175	 1.223797e-05	 2811	 iter
2176	 1.223797e-05	 2812	 iter
2177	 1.223797e-05	 2813	 iter
2178	 1.223797e-05	 2814	 iter
2179	 1.223797e-05	 2815	 iter
2180	 1.222281e-05	 2817	 iter
2181	 1.222281e-05	 2818	 iter
2182	 1.222281e-05	 2819	 iter
2183	 1.222281e-05	 2820	 iter
2184	 1.222281e-05	 2821	 iter
2185	 1.222281e-05	 2822	 iter
2186	 1.222281e-05	 2823	 iter
2187	 1.222281e-05	 2824	 iter
2188	 1.220733e-05	 2826	 iter
2189	 1.220733e-05	 2827	 iter
2190	 1.219431e-05	 2829	 iter
2191	 1.219431e-05	 2831	 iter
2192	 1.219431e-05	 2832	 iter
2193	 1.219431e-05	 2833	 iter
2194	 1.219431e-05	 2834	 iter
2195	 1.219431e-05	 2835	 iter
2196	 1.219431e-05	 2836	 iter
2197	 1.219431e-05	 2837	 iter
2198	 1.219431e-05	 2839	 iter
2199	 1.219431e-05	 2840	 iter
2200	 1.219431e-05	 2841	 iter
2201	 1.219431e-05	 2843	 iter
2202	 1.219431e-05	 2844	 iter
2203	 1.219431e-05	 2845	 iter
2204	 1.219431e-05	 2846	 iter
2205	 1.219431e-05	 2848	 iter
2206	 1.215594e-05	 2850	 iter
2207	 1.215594e-05	 2852	 iter
2208	 1.215594e-05	 2853	 iter
2209	 1.215594e-05	 2855	 iter
2210	 1.215594e-05	 2856	 iter
2211	 1.215594e-05	 2857	 iter
2212	 1.215594e-05	 2859	 iter
2213	 1.215594e-05	 2861	 iter
2214	 1.215594e-05	 2862	 iter
2215	 1.215594e-05	 2864	 iter
2216	 1.215594e-05	 2865	 iter
2217	 1.215594e-05	 2866	 iter
2218	 1.215594e-05	 2867	 iter
2219	 1.215594e-05	 2868	 iter
2220	 1.214708e-05	 2870	 iter
2221	 1.214708e-05	 2871	 iter
2222	 1.214708e-05	 2872	 iter
2223	 1.214708e-05	 2873	 iter
2224	 1.214708e-05	 2874	 iter
2225	 1.214708e-05	 2875	 iter
2226	 1.214708e-05	 2877	 iter
2227	 1.214708e-05	 2878	 iter
2228	 1.214708e-05	 2879	 iter
2229	 1.214708e-05	 2881	 iter
2230	 1.214708e-05	 2882	 iter
2231	 1.214708e-05	 2883	 iter
2232	 1.214708e-05	 2884	 iter
2233	 1.213902e-05	 2886	 iter
2234	 1.213568e-05	 2888	 iter
2235	 1.213568e-05	 2889	 iter
2236	 1.213568e-05	 2890	 iter
2237	 1.213568e-05	 2891	 iter
2238	 1.213568e-05	 2893	 iter
2239	 1.213568e-05	 2894	 iter
2240	 1.213568e-05	 2895	 iter
2241	 1.213568e-05	 2897	 iter
2242	 1.213568e-05	 2899	 iter
2243	 1.213568e-05	 2901	 iter
2244	 1.213568e-05	 2902	 iter
2245	 1.213308e-05	 2904	 iter
2246	 1.213308e-05	 2906	 iter
2247	 1.213308e-05	 2907	 iter
2248	 1.212731e-05	 2909	 iter
2249	 1.212731e-05	 2910	 iter
2250	 1.212187e-05	 2912	 iter
2251	 1.212187e-05	 2913	 iter
2252	 1.212187e-05	 2914	 iter
2253	 1.212187e-05	 2916	 iter
2254	 1.212187e-05	 2917	 iter
2255	 1.212187e-05	 2918	 iter
2256	 1.212182e-05	 2920	 iter
2257	 1.212182e-05	 2921	 iter
2258	 1.211498e-05	 2923	 iter
2259	 1.211498e-05	 2925	 iter
2260	 1.211498e-05	 2926	 iter
2261	 1.211498e-05	 2928	 iter
2262	 1.211498e-05	 2930	 iter
2263	 1.211381e-05	 2932	 iter
2264	 1.211381e-05	 2933	 iter
2265	 1.211381e-05	 2934	 iter
2266	 1.211381e-05	 2935	 iter
2267	 1.211381e-05	 2936	 iter
2268	 1.211381e-05	 2937	 iter
2269	 1.211381e-05	 2939	 iter
2270	 1.211195e-05	 2941	 iter
2271	 1.211195e-05	 2942	 iter
2272	 1.211195e-05	 2943	 iter
2273	 1.211195e-05	 2944	 iter
2274	 1.211195e-05	 2945	 iter
2275	 1.211195e-05	 2946	 iter
2276	 1.211195e-05	 2948	 iter
2277	 1.211195e-05	 2950	 iter
2278	 1.211195e-05	 2951	 iter
2279	 1.211195e-05	 2952	 iter
2280	 1.210746e-05	 2954	 iter
2281	 1.210746e-05	 2955	 iter
2282	 1.210746e-05	 2956	 iter
2283	 1.210746e-05	 2957	 iter
2284	 1.210746e-05	 2959	 iter
2285	 1.210746e-05	 2961	 iter
2286	 1.210746e-05	 2962	 iter
2287	 1.210746e-05	 2964	 iter
2288	 1.210640e-05	 2966	 iter
2289	 1.210640e-05	 2967	 iter
2290	 1.210640e-05	 2969	 iter
2291	 1.210640e-05	 2971	 iter
2292	 1.210640e-05	 2973	 iter
2293	 1.210640e-05	 2974	 iter
2294	 1.210640e-05	 2976	 iter
2295	 1.210640e-05	 2977	 iter
2296	 1.210640e-05	 2979	 iter
2297	 1.210640e-05	 2980	 iter
2298	 1.210640e-05	 2981	 iter
2299	 1.210640e-05	 2983	 iter
2300	 1.210640e-05	 2985	 iter
2301	 1.210640e-05	 2987	 iter
2302	 1.210640e-05	 2988	 iter
2303	 1.210624e-05	 2990	 iter
2304	 1.210624e-05	 2991	 iter
2305	 1.210548e-05	 2993	 iter
2306	 1.210548e-05	 2994	 iter
2307	 1.210548e-05	 2996	 iter
2308	 1.210548e-05	 2997	 iter
2309	 1.210445e-05	 2999	 iter
2310	 1.210445e-05	 3001	 iter
2311	 1.210445e-05	 3002	 iter
2312	 1.210445e-05	 3003	 iter
2313	 1.210420e-05	 3005	 iter
2314	 1.210368e-05	 3007	 iter
2315	 1.210368e-05	 3008	 iter
2316	 1.210368e-05	 3009	 iter
2317	 1.210368e-05	 3010	 iter
2318	 1.210368e-05	 3011	 iter
2319	 1.210368e-05	 3013	 iter
2320	 1.210368e-05	 3014	 iter
2321	 1.210368e-05	 3015	 iter
2322	 1.210368e-05	 3016	 iter
2323	 1.210368e-05	 3018	 iter
2324	 1.210368e-05	 3019	 iter
2325	 1.210368e-05	 3021	 iter
2326	 1.210309e-05	 3023	 iter
2327	 1.210281e-05	 3025	 iter
2328	 1.210281e-05	 3026	 iter
2329	 1.210281e-05	 3027	 iter
2330	 1.210281e-05	 3029	 iter
2331	 1.210281e-05	 3031	 iter
2332	 1.210281e-05	 3033	 iter
2333	 1.210281e-05	 3034	 iter
2334	 1.210281e-05	 3035	 iter
2335	 1.210281e-05	 3036	 iter
2336	 1.210277e-05	 3038	 iter
2337	 1.210277e-05	 3039	 iter
2338	 1.210259e-05	 3041	 iter
2339	 1.210259e-05	 3043	 iter
2340	 1.210254e-05	 3045	 iter
2341	 1.210254e-05	 3046	 iter
2342	 1.210254e-05	 3047	 iter
2343	 1.210251e-05	 3049	 iter
2344	 1.210251e-05	 3050	 iter
2345	 1.210224e-05	 3052	 iter
2346	 1.210224e-05	 3053	 iter
2347	 1.210220e-05	 3055	 iter
2348	 1.210218e-05	 3057	 iter
2349	 1.210170e-05	 3059	 iter
2350	 1.210119e-05	 3061	 iter
2351	 1.210119e-05	 3062	 iter
2352	 1.210119e-05	 3063	 iter
2353	 1.210119e-05	 3065	 iter
2354	 1.210119e-05	 3066	 iter
2355	 1.210119e-05	 3068	 iter
2356	 1.210119e-05	 3069	 iter
2357	 1.210119e-05	 3070	 iter
2358	 1.210119e-05	 3072	 iter
2359	 1.210119e-05	 3074	 iter
2360	 1.210119e-05	 3075	 iter
2361	 1.210119e-05	 3076	 iter
2362	 1.210119e-05	 3077	 iter
2363	 1.210119e-05	 3078	 iter
2364	 1.210118e-05	 3080	 iter
2365	 1.210118e-05	 3082	 iter
2366	 1.210118e-05	 3084	 iter
2367	 1.210118e-05	 3086	 iter
2368	 1.210118e-05	 3087	 iter
2369	 1.210118e-05	 3088	 iter
2370	 1.210118e-05	 3089	 iter
2371	 1.210118e-05	 3090	 iter
2372	 1.210118e-05	 3092	 iter
2373	 1.210118e-05	 3094	 iter
2374	 1.210101e-05	 3096	 iter
2375	 1.210101e-05	 3098	 iter
2376	 1.210090e-05	 3100	 iter
2377	 1.210021e-05	 3102	 iter
2378	 1.210021e-05	 3103	 iter
2379	 1.210021e-05	 3104	 iter
2380	 1.210021e-05	 3105	 iter
2381	 1.210021e-05	 3106	 iter
2382	 1.210021e-05	 3108	 iter
2383	 1.210021e-05	 3109	 iter
2384	 1.210021e-05	 3110	 iter
2385	 1.210021e-05	 3111	 iter
2386	 1.210021e-05	 3112	 iter
2387	 1.210021e-05	 3114	 iter
2388	 1.210021e-05	 3115	 iter
2389	 1.209991e-05	 3117	 iter
2390	 1.209991e-05	 3118	 iter
2391	 1.209991e-05	 3119	 iter
2392	 1.209991e-05	 3120	 iter
2393	 1.209991e-05	 3121	 iter
2394	 1.209991e-05	 3122	 iter
2395	 1.209991e-05	 3123	 iter
2396	 1.209991e-05	 3124	 iter
2397	 1.209991e-05	 3125	 iter
2398	 1.209991e-05	 3126	 iter
2399	 1.209939e-05	 3128	 iter
2400	 1.209939e-05	 3129	 iter
2401	 1.209939e-05	 3130	 iter
2402	 1.209939e-05	 3131	 iter
2403	 1.209939e-05	 3132	 iter
2404	 1.209875e-05	 3134	 iter
2405	 1.209875e-05	 3135	 iter
2406	 1.209875e-05	 3136	 iter
2407	 1.209875e-05	 3137	 iter
2408	 1.209875e-05	 3138	 iter
2409	 1.209875e-05	 3139	 iter
2410	 1.209875e-05	 3140	 iter
2411	 1.209875e-05	 3141	 iter
2412	 1.209875e-05	 3142	 iter
2413	 1.209849e-05	 3144	 iter
2414	 1.209849e-05	 3145	 iter
2415	 1.209849e-05	 3146	 iter
2416	 1.209729e-05	 3148	 iter
2417	 1.209729e-05	 3149	 iter
2418	 1.209729e-05	 3150	 iter
2419	 1.209729e-05	 3151	 iter
2420	 1.209729e-05	 3152	 iter
2421	 1.209729e-05	 3153	 iter
2422	 1.209729e-05	 3154	 iter
2423	 1.209729e-05	 3155	 iter
2424	 1.209729e-05	 3156	 iter
2425	 1.209729e-05	 3157	 iter
2426	 1.209713e-05	 3159	 iter
2427	 1.209713e-05	 3160	 iter
2428	 1.209713e-05	 3161	 iter
2429	 1.209698e-05	 3163	 iter
2430	 1.209698e-05	 3164	 iter
2431	 1.209698e-05	 3165	 iter
2432	 1.209674e-05	 3167	 iter
2433	 1.209674e-05	 3168	 iter
2434	 1.209674e-05	 3169	 iter
2435	 1.209674e-05	 3170	 iter
2436	 1.209652e-05	 3172	 iter
2437	 1.209652e-05	 3173	 iter
2438	 1.209645e-05	 3175	 iter
2439	 1.209599e-05	 3177	 iter
2440	 1.209599e-05	 3178	 iter
2441	 1.209599e-05	 3179	 iter
2442	 1.209586e-05	 3181	 iter
2443	 1.209557e-05	 3183	 iter
2444	 1.209557e-05	 3184	 iter
2445	 1.209557e-05	 3185	 iter
2446	 1.209557e-05	 3186	 iter
2447	 1.209557e-05	 3187	 iter
2448	 1.209557e-05	 3188	 iter
2449	 1.209557e-05	 3189	 iter
2450	 1.209524e-05	 3191	 iter
2451	 1.209524e-05	 3192	 iter
2452	 1.209524e-05	 3193	 iter
2453	 1.209524e-05	 3194	 iter
2454	 1.209524e-05	 3195	 iter
2455	 1.209521e-05	 3197	 iter
2456	 1.209521e-05	 3198	 iter
2457	 1.209521e-05	 3199	 iter
2458	 1.209521e-05	 3200	 iter
2459	 1.209512e-05	 3202	 iter
2460	 1.209512e-05	 3203	 iter
2461	 1.209463e-05	 3205	 iter
2462	 1.209463e-05	 3206	 iter
2463	 1.209463e-05	 3207	 iter
2464	 1.209463e-05	 3208	 iter
2465	 1.209438e-05	 3210	 iter
2466	 1.209438e-05	 3211	 iter
2467	 1.209438e-05	 3212	 iter
2468	 1.209428e-05	 3214	 iter
2469	 1.209428e-05	 3216	 iter
2470	 1.209428e-05	 3217	 iter
2471	 1.209428e-05	 3218	 iter
2472	 1.209428e-05	 3219	 iter
2473	 1.209428e-05	 3220	 iter
2474	 1.209428e-05	 3221	 iter
2475	 1.209428e-05	 3223	 iter
2476	 1.209428e-05	 3225	 iter
2477	 1.209428e-05	 3226	 iter
2478	 1.209428e-05	 3227	 iter
2479	 1.209428e-05	 3228	 iter
2480	 1.209428e-05	 3229	 iter
2481	 1.209382e-05	 3231	 iter
2482	 1.209382e-05	 3232	 iter
2483	 1.209382e-05	 3233	 iter
2484	 1.209382e-05	 3234	 iter
2485	 1.209382e-05	 3236	 iter
2486	 1.209382e-05	 3237	 iter
2487	 1.209382e-05	 3238	 iter
2488	 1.209382e-05	 3239	 iter
2489	 1.209382e-05	 3240	 iter
2490	 1.209379e-05	 3242	 iter
2491	 1.209356e-05	 3244	 iter
2492	 1.209356e-05	 3245	 iter
2493	 1.209356e-05	 3246	 iter
2494	 1.209356e-05	 3247	 iter
2495	 1.209356e-05	 3248	 iter
2496	 1.209356e-05	 3249	 iter
2497	 1.209356e-05	 3250	 iter
2498	 1.209356e-05	 3251	 iter
2499	 1.209356e-05	 3252	 iter
2500	 1.209356e-05	 3253	 iter
2501	 1.209334e-05	 3255	 iter
2502	 1.209328e-05	 3257	 iter
2503	 1.209328e-05	 3258	 iter
2504	 1.209328e-05	 3259	 iter
2505	 1.209328e-05	 3260	 iter
2506	 1.209328e-05	 3261	 iter
2507	 1.209328e-05	 3262	 iter
2508	 1.209328e-05	 3264	 iter
2509	 1.209328e-05	 3265	 iter
2510	 1.209318e-05	 3267	 iter
2511	 1.209318e-05	 3268	 iter
2512	 1.209318e-05	 3269	 iter
2513	 1.209318e-05	 3271	 iter
2514	 1.209318e-05	 3272	 iter
2515	 1.209318e-05	 3273	 iter
2516	 1.209314e-05	 3275	 iter
2517	 1.209314e-05	 3276	 iter
2518	 1.209314e-05	 3278	 iter
2519	 1.209314e-05	 3279	 iter
2520	 1.209314e-05	 3280	 iter
2521	 1.209314e-05	 3282	 iter
2522	 1.209314e-05	 3283	 iter
2523	 1.209313e-05	 3285	 iter
2524	 1.209313e-05	 3287	 iter
2525	 1.209310e-05	 3289	 iter
2526	 1.209307e-05	 3291	 iter
2527	 1.209307e-05	 3293	 iter
2528	 1.209307e-05	 3295	 iter
2529	 1.209307e-05	 3296	 iter
2530	 1.209302e-05	 3298	 iter
2531	 1.209290e-05	 3300	 iter
2532	 1.209290e-05	 3301	 iter
2533	 1.209290e-05	 3302	 iter
2534	 1.209290e-05	 3304	 iter
2535	 1.209290e-05	 3306	 iter
2536	 1.209290e-05	 3308	 iter
2537	 1.209290e-05	 3309	 iter
2538	 1.209290e-05	 3310	 iter
2539	 1.209290e-05	 3312	 iter
2540	 1.209290e-05	 3313	 iter
2541	 1.209290e-05	 3314	 iter
2542	 1.209290e-05	 3316	 iter
2543	 1.209290e-05	 3317	 iter
2544	 1.209290e-05	 3318	 iter
2545	 1.209290e-05	 3319	 iter
2546	 1.209290e-05	 3320	 iter
2547	 1.209285e-05	 3322	 iter
2548	 1.209285e-05	 3324	 iter
2549	 1.209285e-05	 3326	 iter
2550	 1.209285e-05	 3327	 iter
2551	 1.209282e-05	 3329	 iter
2552	 1.209282e-05	 3331	 iter
2553	 1.209282e-05	 3332	 iter
2554	 1.209282e-05	 3334	 iter
2555	 1.209282e-05	 3335	 iter
2556	 1.209278e-05	 3337	 iter
2557	 1.209278e-05	 3338	 iter
2558	 1.209278e-05	 3339	 iter
2559	 1.209278e-05	 3340	 iter
2560	 1.209278e-05	 3342	 iter
2561	 1.209278e-05	 3343	 iter
2562	 1.209278e-05	 3345	 iter
2563	 1.209278e-05	 3346	 iter
2564	 1.209278e-05	 3347	 iter
2565	 1.209278e-05	 3348	 iter
2566	 1.209278e-05	 3349	 iter
2567	 1.209278e-05	 3350	 iter
2568	 1.209277e-05	 3352	 iter
2569	 1.209277e-05	 3353	 iter
2570	 1.209277e-05	 3354	 iter
2571	 1.209277e-05	 3355	 iter
2572	 1.209270e-05	 3357	 iter
2573	 1.209270e-05	 3358	 iter
2574	 1.209270e-05	 3359	 iter
2575	 1.209270e-05	 3360	 iter
2576	 1.209270e-05	 3361	 iter
2577	 1.209270e-05	 3363	 iter
2578	 1.209270e-05	 3365	 iter
2579	 1.209270e-05	 3366	 iter
2580	 1.209270e-05	 3367	 iter
2581	 1.209270e-05	 3369	 iter
2582	 1.209270e-05	 3370	 iter
2583	 1.209270e-05	 3371	 iter
2584	 1.209270e-05	 3372	 iter
2585	 1.209270e-05	 3374	 iter
2586	 1.209270e-05	 3375	 iter
2587	 1.209270e-05	 3376	 iter
2588	 1.209270e-05	 3378	 iter
2589	 1.209270e-05	 3379	 iter
2590	 1.209270e-05	 3380	 iter
2591	 1.209270e-05	 3381	 iter
2592	 1.209270e-05	 3383	 iter
2593	 1.209270e-05	 3385	 iter
2594	 1.209270e-05	 3386	 iter
2595	 1.209270e-05	 3387	 iter
2596	 1.209270e-05	 3388	 iter
2597	 1.209270e-05	 3390	 iter
2598	 1.209270e-05	 3392	 iter
2599	 1.209267e-05	 3394	 iter
2599	 1.209267e-05	 3394	 done
