0	 5.956017e-04	 1	 init
0	 5.956017e-04	 1	 iter
1	 4.809274e-04	 17	 iter
2	 4.738474e-04	 19	 iter
3	 4.355218e-04	 21	 iter
4	 4.355218e-04	 22	 iter
5	 4.355218e-04	 23	 iter
6	 4.355218e-04	 24	 iter
7	 4.355218e-04	 25	 iter
8	 4.355218e-04	 26	 iter
9	 4.355218e-04	 27	 iter
10	 4.355218e-04	 28	 iter
11	 4.355218e-04	 29	 iter
12	 4.355218e-04	 30	 iter
13	 4.355218e-04	 31	 iter
14	 4.355218e-04	 32	 iter
15	 4.355218e-04	 33	 iter
16	 4.355218e-04	 34	 iter
17	 4.355218e-04	 35	 iter
18	 4.355218e-04	 36	 iter
19	 4.355218e-04	 38	 iter
20	 4.355218e-04	 39	 iter
21	 4.355218e-04	 41	 iter
22	 4.355218e-04	 42	 iter
23	 4.355218e-04	 43	 iter
24	 4.355218e-04	 45	 iter
25	 4.355218e-04	 46	 iter
26	 4.355218e-04	 48	 iter
27	 4.355218e-04	 50	 iter
28	 4.282361e-04	 52	 iter
29	 4.282361e-04	 54	 iter
30	 4.282361e-04	 55	 iter
31	 4.282361e-04	 56	 iter
32	 4.282361e-04	 57	 iter
33	 4.282361e-04	 58	 iter
34	 4.282361e-04	 60	 iter
35	 4.282361e-04	 62	 iter
36	 4.282361e-04	 63	 iter
37	 4.282361e-04	 64	 iter
38	 4.282361e-04	 65	 iter
39	 4.282361e-04	 67	 iter
40	 4.282361e-04	 68	 iter
41	 4.282361e-04	 69	 iter
42	 4.282361e-04	 70	 iter
43	 4.282361e-04	 71	 iter
44	 4.266521e-04	 73	 iter
45	 4.266521e-04	 74	 iter
46	 4.266521e-04	 75	 iter
47	 4.266521e-04	 76	 iter
48	 4.147068e-04	 78	 iter
49	 4.147068e-04	 79	 iter
50	 4.147068e-04	 80	 iter
51	 4.147068e-04	 81	 iter
52	 4.147068e-04	 82	 iter
53	 4.147068e-04	 83	 iter
54	 4.147068e-04	 84	 iter
55	 4.147068e-04	 85	 iter
56	 4.147068e-04	 86	 iter
57	 4.147068e-04	 88	 iter
58	 4.147068e-04	 89	 iter
59	 4.147068e-04	 90	 iter
60	 4.105104e-04	 92	 iter
61	 4.105104e-04	 93	 iter
62	 4.044998e-04	 95	 iter
63	 4.044998e-04	 96	 iter
64	 4.044998e-04	 97	 iter
65	 4.044998e-04	 98	 iter
66	 4.044998e-04	 99	 iter
67	 4.044998e-04	 100	 iter
68	 4.044998e-04	 101	 iter
69	 4.044998e-04	 102	 iter
70	 4.044998e-04	 103	 iter
71	 4.044998e-04	 104	 iter
72	 4.044998e-04	 106	 iter
73	 4.030464e-04	 108	 iter
74	 4.030464e-04	 109	 iter
75	 4.030464e-04	 111	 iter
76	 4.030464e-04	 112	 iter
77	 4.030464e-04	 114	 iter
78	 4.030464e-04	 115	 iter
79	 4.030464e-04	 116	 iter
80	 4.030464e-04	 117	 iter
81	 4.030464e-04	 118	 iter
82	 4.030464e-04	 120	 iter
83	 3.894838e-04	 122	 iter
84	 3.894838e-04	 123	 iter
85	 3.894838e-04	 124	 iter
86	 3.894838e-04	 126	 iter
87	 3.894838e-04	 127	 iter
88	 3.894838e-04	 128	 iter
89	 3.894838e-04	 129	 iter
90	 3.894838e-04	 130	 iter
91	 3.894838e-04	 131	 iter
92	 3.894838e-04	 132	 iter
93	 3.894838e-04	 133	 iter
94	 3.894838e-04	 135	 iter
95	 3.894838e-04	 136	 iter
96	 3.894838e-04	 137	 iter
97	 3.894838e-04	 138	 iter
98	 3.894838e-04	 139	 iter
99	 3.894838e-04	 140	 iter
100	 3.894838e-04	 141	 iter
101	 3.894838e-04	 143	 iter
102	 3.894838e-04	 144	 iter
103	 3.886024e-04	 146	 iter
104	 3.886024e-04	 147	 iter
105	 3.886024e-04	 148	 iter
106	 3.886024e-04	 149	 iter
107	 3.886024e-04	 150	 iter
108	 3.886024e-04	 151	 iter
109	 3.886024e-04	 152	 iter
110	 3.886024e-04	 153	 iter
111	 3.886024e-04	 155	 iter
112	 3.886024e-04	 156	 iter
113	 3.886024e-04	 157	 iter
114	 3.816761e-04	 159	 iter
115	 3.816761e-04	 160	 iter
116	 3.816761e-04	 161	 iter
117	 3.816761e-04	 162	 iter
118	 3.816761e-04	 163	 iter
119	 3.816761e-04	 164	 iter
120	 3.816761e-04	 165	 iter
121	 3.816761e-04	 166	 iter
122	 3.816761e-04	 167	 iter
123	 3.816761e-04	 168	 iter
124	 3.816761e-04	 169	 iter
125	 3.816761e-04	 170	 iter
126	 3.816761e-04	 171	 iter
127	 3.816761e-04	 172	 iter
128	 3.816761e-04	 173	 iter
129	 3.734015e-04	 175	 iter
130	 3.734015e-04	 176	 iter
131	 3.734015e-04	 178	 iter
132	 3.734015e-04	 179	 iter
133	 3.734015e-04	 180	 iter
134	 3.734015e-04	 181	 iter
135	 3.734015e-04	 182	 iter
136	 3.734015e-04	 183	 iter
137	 3.734015e-04	 184	 iter
138	 3.734015e-04	 185	 iter
139	 3.734015e-04	 186	 iter
140	 3.663227e-04	 188	 iter
141	 3.663227e-04	 189	 iter
142	 3.663227e-04	 190	 iter
143	 3.663227e-04	 191	 iter
144	 3.663227e-04	 192	 iter
145	 3.663227e-04	 193	 iter
146	 3.663227e-04	 195	 iter
147	 3.583527e-04	 197	 iter
148	 3.583527e-04	 198	 iter
149	 3.583527e-04	 199	 iter
150	 3.583527e-04	 200	 iter
151	 3.583527e-04	 201	 iter
152	 3.583527e-04	 202	 iter
153	 3.583527e-04	 203	 iter
154	 3.583527e-04	 205	 iter
155	 3.583527e-04	 206	 iter
156	 3.583527e-04	 207	 iter
157	 3.492698e-04	 209	 iter
158	 3.492698e-04	 210	 iter
159	 3.492698e-04	 211	 iter
160	 3.492698e-04	 212	 iter
161	 3.492698e-04	 213	 iter
162	 3.492698e-04	 214	 iter
163	 3.492698e-04	 215	 iter
164	 3.458663e-04	 217	 iter
165	 3.458663e-04	 218	 iter
166	 3.458663e-04	 219	 iter
167	 3.344292e-04	 221	 iter
168	 3.344292e-04	 222	 iter
169	 3.344292e-04	 223	 iter
170	 3.344292e-04	 224	 iter
171	 3.344292e-04	 225	 iter
172	 3.344292e-04	 226	 iter
173	 3.326538e-04	 228	 iter
174	 3.326538e-04	 229	 iter
175	 3.321228e-04	 231	 iter
176	 3.307888e-04	 233	 iter
177	 3.307888e-04	 234	 iter
178	 3.307888e-04	 235	 iter
179	 3.279039e-04	 237	 iter
180	 3.279039e-04	 238	 iter
181	 3.279039e-04	 239	 iter
182	 3.121062e-04	 241	 iter
183	 3.121062e-04	 242	 iter
184	 3.121062e-04	 243	 iter
185	 3.121062e-04	 244	 iter
186	 3.121062e-04	 245	 iter
187	 3.121062e-04	 246	 iter
188	 3.121062e-04	 247	 iter
189	 3.121062e-04	 248	 iter
190	 3.121062e-04	 249	 iter
191	 3.121062e-04	 250	 iter
192	 3.121062e-04	 251	 iter
193	 3.121062e-04	 252	 iter
194	 3.121062e-04	 253	 iter
195	 3.121062e-04	 254	 iter
196	 3.121062e-04	 255	 iter
197	 3.121062e-04	 257	 iter
198	 3.121062e-04	 258	 iter
199	 3.121062e-04	 259	 iter
200	 3.121062e-04	 260	 iter
201	 3.039596e-04	 262	 iter
202	 3.039596e-04	 263	 iter
203	 3.039596e-04	 264	 iter
204	 3.039596e-04	 266	 iter
205	 3.039596e-04	 267	 iter
206	 3.039596e-04	 268	 iter
207	 3.039596e-04	 269	 iter
208	 3.039596e-04	 270	 iter
209	 3.039596e-04	 271	 iter
210	 3.039596e-04	 272	 iter
211	 3.039596e-04	 273	 iter
212	 3.026638e-04	 275	 iter
213	 2.979791e-04	 277	 iter
214	 2.969716e-04	 279	 iter
215	 2.969716e-04	 280	 iter
216	 2.969716e-04	 281	 iter
217	 2.940824e-04	 283	 iter
218	 2.940824e-04	 285	 iter
219	 2.940824e-04	 286	 iter
220	 2.940824e-04	 287	 iter
221	 2.940824e-04	 288	 iter
222	 2.940824e-04	 290	 iter
223	 2.940824e-04	 291	 iter
224	 2.924137e-04	 293	 iter
225	 2.924137e-04	 294	 iter
226	 2.920812e-04	 296	 iter
227	 2.920812e-04	 297	 iter
228	 2.920812e-04	 298	 iter
229	 2.920812e-04	 299	 iter
230	 2.920812e-04	 300	 iter
231	 2.920812e-04	 302	 iter
232	 2.920812e-04	 303	 iter
233	 2.920812e-04	 305	 iter
234	 2.920812e-04	 306	 iter
235	 2.920812e-04	 307	 iter
236	 2.920812e-04	 308	 iter
237	 2.920812e-04	 309	 iter
238	 2.920812e-04	 310	 iter
239	 2.920812e-04	 311	 iter
240	 2.902732e-04	 313	 iter
241	 2.902732e-04	 315	 iter
242	 2.902732e-04	 316	 iter
243	 2.902732e-04	 317	 iter
244	 2.902732e-04	 318	 iter
245	 2.902732e-04	 319	 iter
246	 2.902732e-04	 321	 iter
247	 2.898604e-04	 323	 iter
248	 2.898604e-04	 324	 iter
249	 2.898604e-04	 326	 iter
250	 2.898604e-04	 327	 iter
251	 2.898604e-04	 329	 iter
252	 2.895574e-04	 331	 iter
253	 2.895574e-04	 332	 iter
254	 2.895574e-04	 334	 iter
255	 2.895574e-04	 336	 iter
256	 2.895574e-04	 338	 iter
257	 2.895574e-04	 340	 iter
258	 2.895574e-04	 342	 iter
259	 2.884880e-04	 344	 iter
260	 2.884880e-04	 345	 iter
261	 2.884207e-04	 347	 iter
262	 2.879171e-04	 349	 iter
263	 2.879171e-04	 351	 iter
264	 2.879171e-04	 352	 iter
265	 2.879171e-04	 353	 iter
266	 2.879171e-04	 354	 iter
267	 2.879171e-04	 355	 iter
268	 2.871633e-04	 357	 iter
269	 2.849739e-04	 359	 iter
270	 2.849739e-04	 360	 iter
271	 2.849739e-04	 361	 iter
272	 2.849739e-04	 363	 iter
273	 2.849739e-04	 364	 iter
274	 2.849739e-04	 365	 iter
275	 2.846221e-04	 367	 iter
276	 2.846221e-04	 369	 iter
277	 2.846221e-04	 370	 iter
278	 2.835934e-04	 372	 iter
279	 2.835934e-04	 373	 iter
280	 2.835934e-04	 374	 iter
281	 2.835216e-04	 376	 iter
282	 2.834620e-04	 378	 iter
283	 2.831991e-04	 380	 iter
284	 2.803325e-04	 382	 iter
285	 2.803325e-04	 383	 iter
286	 2.803325e-04	 384	 iter
287	 2.803325e-04	 385	 iter
288	 2.803325e-04	 386	 iter
289	 2.803325e-04	 387	 iter
290	 2.796737e-04	 389	 iter
291	 2.757376e-04	 391	 iter
292	 2.757376e-04	 392	 iter
293	 2.757376e-04	 393	 iter
294	 2.757376e-04	 394	 iter
295	 2.757376e-04	 395	 iter
296	 2.757376e-04	 396	 iter
297	 2.757376e-04	 397	 iter
298	 2.757376e-04	 398	 iter
299	 2.757376e-04	 399	 iter
300	 2.702398e-04	 401	 iter
301	 2.702398e-04	 402	 iter
302	 2.702398e-04	 403	 iter
303	 2.702398e-04	 404	 iter
304	 2.702398e-04	 405	 iter
305	 2.702398e-04	 406	 iter
306	 2.702398e-04	 407	 iter
307	 2.702398e-04	 408	 iter
308	 2.702398e-04	 409	 iter
309	 2.702398e-04	 410	 iter
310	 2.702398e-04	 411	 iter
311	 2.693169e-04	 413	 iter
312	 2.693169e-04	 414	 iter
313	 2.693169e-04	 415	 iter
314	 2.693169e-04	 416	 iter
315	 2.684931e-04	 418	 iter
316	 2.684931e-04	 419	 iter
317	 2.684931e-04	 420	 iter
318	 2.684931e-04	 421	 iter
319	 2.637490e-04	 423	 iter
320	 2.637490e-04	 424	 iter
321	 2.606607e-04	 426	 iter
322	 2.606607e-04	 427	 iter
323	 2.606607e-04	 428	 iter
324	 2.606607e-04	 430	 iter
325	 2.606607e-04	 431	 iter
326	 2.606607e-04	 432	 iter
327	 2.606607e-04	 433	 iter
328	 2.606607e-04	 434	 iter
329	 2.606607e-04	 435	 iter
330	 2.606607e-04	 436	 iter
331	 2.606607e-04	 437	 iter
332	 2.606607e-04	 438	 iter
333	 2.606607e-04	 439	 iter
334	 2.606607e-04	 440	 iter
335	 2.575763e-04	 442	 iter
336	 2.575763e-04	 443	 iter
337	 2.575763e-04	 444	 iter
338	 2.575763e-04	 445	 iter
339	 2.575763e-04	 446	 iter
340	 2.575763e-04	 447	 iter
341	 2.575763e-04	 448	 iter
342	 2.575763e-04	 449	 iter
343	 2.575763e-04	 450	 iter
344	 2.575763e-04	 451	 iter
345	 2.574152e-04	 453	 iter
346	 2.574152e-04	 454	 iter
347	 2.564964e-04	 456	 iter
348	 2.564964e-04	 457	 iter
349	 2.564964e-04	 458	 iter
350	 2.564964e-04	 459	 iter
351	 2.561300e-04	 461	 iter
352	 2.561300e-04	 462	 iter
353	 2.561300e-04	 463	 iter
354	 2.561300e-04	 464	 iter
355	 2.542208e-04	 466	 iter
356	 2.542208e-04	 467	 iter
357	 2.542208e-04	 468	 iter
358	 2.542208e-04	 469	 iter
359	 2.542208e-04	 470	 iter
360	 2.518833e-04	 472	 iter
361	 2.518833e-04	 473	 iter
362	 2.492464e-04	 475	 iter
363	 2.492464e-04	 476	 iter
364	 2.492464e-04	 477	 iter
365	 2.492464e-04	 478	 iter
366	 2.492464e-04	 479	 iter
367	 2.492464e-04	 480	 iter
368	 2.492464e-04	 481	 iter
369	 2.492464e-04	 482	 iter
370	 2.492464e-04	 483	 iter
371	 2.492464e-04	 484	 iter
372	 2.488257e-04	 486	 iter
373	 2.488257e-04	 487	 iter
374	 2.488257e-04	 488	 iter
375	 2.488257e-04	 489	 iter
376	 2.488257e-04	 490	 iter
377	 2.488257e-04	 491	 iter
378	 2.488257e-04	 492	 iter
379	 2.408419e-04	 494	 iter
380	 2.408419e-04	 495	 iter
381	 2.408419e-04	 496	 iter
382	 2.408419e-04	 497	 iter
383	 2.408419e-04	 498	 iter
384	 2.408419e-04	 499	 iter
385	 2.408419e-04	 500	 iter
386	 2.408419e-04	 501	 iter
387	 2.408419e-04	 502	 iter
388	 2.408419e-04	 503	 iter
389	 2.389509e-04	 505	 iter
390	 2.389509e-04	 506	 iter
391	 2.389509e-04	 507	 iter
392	 2.389509e-04	 508	 iter
393	 2.387631e-04	 510	 iter
394	 2.387631e-04	 511	 iter
395	 2.387631e-04	 512	 iter
396	 2.318907e-04	 514	 iter
397	 2.318907e-04	 515	 iter
398	 2.318907e-04	 516	 iter
399	 2.318907e-04	 517	 iter
400	 2.318907e-04	 518	 iter
401	 2.314601e-04	 520	 iter
402	 2.314601e-04	 521	 iter
403	 2.204288e-04	 523	 iter
404	 2.204288e-04	 524	 iter
405	 2.204288e-04	 525	 iter
406	 2.204288e-04	 526	 iter
407	 2.204288e-04	 527	 iter
408	 2.204288e-04	 528	 iter
409	 2.204288e-04	 529	 iter
410	 2.204288e-04	 530	 iter
411	 2.204288e-04	 531	 iter
412	 2.204288e-04	 532	 iter
413	 2.204288e-04	 533	 iter
414	 2.204288e-04	 534	 iter
415	 2.204288e-04	 535	 iter
416	 2.197528e-04	 537	 iter
417	 2.182119e-04	 539	 iter
418	 2.143996e-04	 541	 iter
419	 2.143996e-04	 542	 iter
420	 2.124055e-04	 544	 iter
421	 2.124055e-04	 545	 iter
422	 2.124055e-04	 546	 iter
423	 2.124055e-04	 547	 iter
424	 2.124055e-04	 548	 iter
425	 2.079897e-04	 550	 iter
426	 2.079897e-04	 551	 iter
427	 2.079897e-04	 552	 iter
428	 2.079897e-04	 553	 iter
429	 1.971396e-04	 555	 iter
430	 1.971396e-04	 556	 iter
431	 1.971396e-04	 557	 iter
432	 1.971396e-04	 558	 iter
433	 1.971396e-04	 559	 iter
434	 1.971396e-04	 560	 iter
435	 1.971396e-04	 561	 iter
436	 1.971396e-04	 562	 iter
437	 1.971396e-04	 563	 iter
438	 1.969846e-04	 565	 iter
439	 1.969846e-04	 566	 iter
440	 1.969846e-04	 567	 iter
441	 1.953529e-04	 569	 iter
442	 1.953529e-04	 570	 iter
443	 1.953529e-04	 571	 iter
444	 1.909603e-04	 573	 iter
445	 1.837976e-04	 575	 iter
446	 1.837976e-04	 576	 iter
447	 1.837976e-04	 577	 iter
448	 1.837976e-04	 578	 iter
449	 1.796629e-04	 580	 iter
450	 1.796629e-04	 581	 iter
451	 1.796629e-04	 582	 iter
452	 1.796629e-04	 583	 iter
453	 1.796629e-04	 584	 iter
454	 1.796629e-04	 585	 iter
455	 1.796629e-04	 586	 iter
456	 1.796629e-04	 587	 iter
457	 1.796629e-04	 588	 iter
458	 1.727546e-04	 590	 iter
459	 1.727546e-04	 591	 iter
460	 1.727546e-04	 592	 iter
461	 1.727546e-04	 593	 iter
462	 1.727546e-04	 594	 iter
463	 1.727546e-04	 595	 iter
464	 1.727546e-04	 596	 iter
465	 1.727546e-04	 597	 iter
466	 1.689990e-04	 599	 iter
467	 1.689990e-04	 600	 iter
468	 1.689990e-04	 601	 iter
469	 1.686910e-04	 603	 iter
470	 1.686910e-04	 604	 iter
471	 1.657862e-04	 606	 iter
472	 1.657862e-04	 607	 iter
473	 1.657862e-04	 608	 iter
474	 1.657862e-04	 609	 iter
475	 1.657862e-04	 610	 iter
476	 1.618335e-04	 612	 iter
477	 1.618335e-04	 613	 iter
478	 1.618335e-04	 614	 iter
479	 1.618335e-04	 615	 iter
480	 1.618335e-04	 616	 iter
481	 1.618335e-04	 617	 iter
482	 1.618335e-04	 618	 iter
483	 1.618335e-04	 619	 iter
484	 1.618335e-04	 620	 iter
485	 1.618335e-04	 621	 iter
486	 1.618335e-04	 622	 iter
487	 1.618335e-04	 623	 iter
488	 1.618335e-04	 624	 iter
489	 1.618335e-04	 626	 iter
490	 1.618335e-04	 628	 iter
491	 1.618335e-04	 630	 iter
492	 1.618335e-04	 632	 iter
493	 1.618335e-04	 633	 iter
494	 1.618335e-04	 634	 iter
495	 1.586146e-04	 636	 iter
496	 1.586146e-04	 638	 iter
497	 1.566700e-04	 640	 iter
498	 1.566700e-04	 641	 iter
499	 1.566700e-04	 643	 iter
500	 1.566700e-04	 644	 iter
501	 1.566700e-04	 645	 iter
502	 1.566700e-04	 647	 iter
503	 1.566700e-04	 649	 iter
504	 1.566700e-04	 651	 iter
505	 1.566700e-04	 652	 iter
506	 1.566700e-04	 653	 iter
507	 1.566700e-04	 654	 iter
508	 1.566700e-04	 656	 iter
509	 1.566700e-04	 657	 iter
510	 1.566700e-04	 658	 iter
511	 1.566700e-04	 659	 iter
512	 1.566700e-04	 661	 iter
513	 1.566700e-04	 662	 iter
514	 1.566700e-04	 663	 iter
515	 1.566700e-04	 665	 iter
516	 1.554430e-04	 667	 iter
517	 1.554430e-04	 669	 iter
518	 1.554430e-04	 671	 iter
519	 1.554430e-04	 673	 iter
520	 1.554430e-04	 675	 iter
521	 1.554430e-04	 677	 iter
522	 1.551555e-04	 679	 iter
523	 1.551243e-04	 681	 iter
524	 1.543154e-04	 683	 iter
525	 1.539463e-04	 685	 iter
526	 1.539463e-04	 687	 iter
527	 1.539463e-04	 688	 iter
528	 1.539463e-04	 689	 iter
529	 1.539463e-04	 690	 iter
530	 1.539463e-04	 692	 iter
531	 1.539463e-04	 694	 iter
532	 1.539463e-04	 695	 iter
533	 1.539279e-04	 697	 iter
534	 1.539279e-04	 698	 iter
535	 1.539279e-04	 700	 iter
536	 1.536750e-04	 702	 iter
537	 1.536750e-04	 703	 iter
538	 1.536750e-04	 704	 iter
539	 1.536750e-04	 705	 iter
540	 1.536750e-04	 707	 iter
541	 1.536750e-04	 709	 iter
542	 1.536750e-04	 711	 iter
543	 1.536481e-04	 713	 iter
544	 1.536481e-04	 715	 iter
545	 1.536481e-04	 717	 iter
546	 1.536481e-04	 718	 iter
547	 1.534450e-04	 720	 iter
548	 1.534450e-04	 721	 iter
549	 1.534450e-04	 722	 iter
550	 1.526889e-04	 724	 iter
551	 1.526889e-04	 725	 iter
552	 1.526889e-04	 726	 iter
553	 1.526889e-04	 728	 iter
554	 1.526889e-04	 729	 iter
555	 1.526889e-04	 730	 iter
556	 1.526889e-04	 731	 iter
557	 1.526889e-04	 733	 iter
558	 1.523900e-04	 735	 iter
559	 1.523900e-04	 736	 iter
560	 1.523900e-04	 738	 iter
561	 1.523900e-04	 739	 iter
562	 1.523900e-04	 740	 iter
563	 1.523900e-04	 741	 iter
564	 1.523900e-04	 742	 iter
565	 1.523900e-04	 744	 iter
566	 1.523900e-04	 745	 iter
567	 1.523900e-04	 746	 iter
568	 1.523900e-04	 747	 iter
569	 1.523900e-04	 748	 iter
570	 1.523900e-04	 749	 iter
571	 1.523900e-04	 750	 iter
572	 1.523900e-04	 751	 iter
573	 1.523900e-04	 753	 iter
574	 1.518394e-04	 755	 iter
575	 1.518394e-04	 756	 iter
576	 1.518394e-04	 758	 iter
577	 1.518394e-04	 759	 iter
578	 1.518394e-04	 760	 iter
579	 1.518394e-04	 761	 iter
580	 1.518394e-04	 762	 iter
581	 1.518394e-04	 763	 iter
582	 1.518394e-04	 764	 iter
583	 1.518394e-04	 765	 iter
584	 1.518394e-04	 766	 iter
585	 1.518394e-04	 767	 iter
586	 1.518394e-04	 769	 iter
587	 1.518394e-04	 770	 iter
588	 1.518394e-04	 771	 iter
589	 1.518394e-04	 772	 iter
590	 1.518394e-04	 773	 iter
591	 1.518394e-04	 775	 iter
592	 1.518394e-04	 777	 iter
593	 1.518394e-04	 778	 iter
594	 1.518394e-04	 779	 iter
595	 1.518394e-04	 780	 iter
596	 1.518394e-04	 782	 iter
597	 1.518152e-04	 784	 iter
598	 1.514422e-04	 786	 iter
599	 1.514422e-04	 787	 iter
600	 1.514422e-04	 788	 iter
601	 1.514422e-04	 790	 iter
602	 1.514422e-04	 791	 iter
603	 1.514422e-04	 792	 iter
604	 1.514422e-04	 794	 iter
605	 1.513844e-04	 796	 iter
606	 1.513844e-04	 797	 iter
607	 1.513608e-04	 799	 iter
608	 1.511366e-04	 801	 iter
609	 1.511366e-04	 802	 iter
610	 1.511366e-04	 803	 iter
611	 1.511366e-04	 804	 iter
612	 1.511366e-04	 805	 iter
613	 1.511366e-04	 806	 iter
614	 1.511366e-04	 807	 iter
615	 1.510904e-04	 809	 iter
616	 1.509309e-04	 811	 iter
617	 1.509309e-04	 812	 iter
618	 1.509309e-04	 814	 iter
619	 1.509309e-04	 815	 iter
620	 1.509309e-04	 816	 iter
621	 1.509309e-04	 817	 iter
622	 1.509309e-04	 818	 iter
623	 1.509309e-04	 819	 iter
624	 1.509309e-04	 820	 iter
625	 1.507261e-04	 822	 iter
626	 1.507261e-04	 823	 iter
627	 1.505197e-04	 825	 iter
628	 1.505197e-04	 826	 iter
629	 1.505197e-04	 827	 iter
630	 1.505197e-04	 828	 iter
631	 1.505197e-04	 829	 iter
632	 1.505197e-04	 830	 iter
633	 1.505197e-04	 832	 iter
634	 1.505197e-04	 833	 iter
635	 1.505197e-04	 834	 iter
636	 1.505197e-04	 835	 iter
637	 1.504692e-04	 837	 iter
638	 1.504692e-04	 838	 iter
639	 1.504451e-04	 840	 iter
640	 1.504451e-04	 841	 iter
641	 1.504451e-04	 842	 iter
642	 1.504451e-04	 843	 iter
643	 1.504451e-04	 844	 iter
644	 1.500362e-04	 846	 iter
645	 1.500362e-04	 847	 iter
646	 1.500362e-04	 848	 iter
647	 1.500362e-04	 849	 iter
648	 1.500362e-04	 850	 iter
649	 1.494823e-04	 852	 iter
650	 1.494823e-04	 853	 iter
651	 1.494823e-04	 854	 iter
652	 1.494823e-04	 855	 iter
653	 1.494823e-04	 856	 iter
654	 1.494823e-04	 857	 iter
655	 1.494823e-04	 858	 iter
656	 1.494823e-04	 859	 iter
657	 1.494823e-04	 860	 iter
658	 1.494823e-04	 861	 iter
659	 1.494823e-04	 862	 iter
660	 1.494446e-04	 864	 iter
661	 1.494446e-04	 865	 iter
662	 1.494446e-04	 866	 iter
663	 1.489572e-04	 868	 iter
664	 1.487628e-04	 870	 iter
665	 1.487628e-04	 871	 iter
666	 1.487628e-04	 872	 iter
667	 1.487628e-04	 873	 iter
668	 1.487628e-04	 874	 iter
669	 1.486671e-04	 876	 iter
670	 1.486671e-04	 877	 iter
671	 1.485095e-04	 879	 iter
672	 1.485095e-04	 880	 iter
673	 1.485095e-04	 881	 iter
674	 1.485095e-04	 882	 iter
675	 1.485095e-04	 883	 iter
676	 1.481677e-04	 885	 iter
677	 1.480572e-04	 887	 iter
678	 1.469664e-04	 889	 iter
679	 1.469664e-04	 890	 iter
680	 1.469664e-04	 891	 iter
681	 1.469664e-04	 892	 iter
682	 1.469664e-04	 893	 iter
683	 1.469664e-04	 894	 iter
684	 1.469664e-04	 895	 iter
685	 1.469664e-04	 896	 iter
686	 1.469664e-04	 897	 iter
687	 1.469664e-04	 898	 iter
688	 1.469347e-04	 900	 iter
689	 1.469347e-04	 901	 iter
690	 1.469347e-04	 902	 iter
691	 1.466957e-04	 904	 iter
692	 1.466957e-04	 905	 iter
693	 1.465654e-04	 907	 iter
694	 1.462404e-04	 909	 iter
695	 1.457929e-04	 911	 iter
696	 1.456107e-04	 913	 iter
697	 1.456107e-04	 914	 iter
698	 1.453648e-04	 916	 iter
699	 1.453648e-04	 917	 iter
700	 1.439368e-04	 919	 iter
701	 1.439368e-04	 920	 iter
702	 1.439368e-04	 921	 iter
703	 1.439368e-04	 922	 iter
704	 1.439368e-04	 923	 iter
705	 1.439368e-04	 924	 iter
706	 1.418637e-04	 926	 iter
707	 1.418637e-04	 927	 iter
708	 1.418637e-04	 928	 iter
709	 1.418637e-04	 929	 iter
710	 1.391467e-04	 931	 iter
711	 1.391467e-04	 932	 iter
712	 1.391467e-04	 933	 iter
713	 1.391467e-04	 934	 iter
714	 1.391467e-04	 935	 iter
715	 1.391467e-04	 936	 iter
716	 1.391467e-04	 937	 iter
717	 1.391467e-04	 938	 iter
718	 1.391467e-04	 939	 iter
719	 1.373263e-04	 941	 iter
720	 1.373263e-04	 942	 iter
721	 1.373263e-04	 943	 iter
722	 1.373263e-04	 944	 iter
723	 1.373263e-04	 945	 iter
724	 1.373263e-04	 946	 iter
725	 1.373263e-04	 947	 iter
726	 1.359606e-04	 949	 iter
727	 1.339129e-04	 951	 iter
728	 1.339129e-04	 952	 iter
729	 1.339129e-04	 953	 iter
730	 1.339129e-04	 954	 iter
731	 1.339129e-04	 955	 iter
732	 1.299530e-04	 957	 iter
733	 1.299530e-04	 958	 iter
734	 1.299530e-04	 959	 iter
735	 1.299530e-04	 960	 iter
736	 1.299530e-04	 961	 iter
737	 1.299530e-04	 962	 iter
738	 1.263675e-04	 964	 iter
739	 1.263675e-04	 965	 iter
740	 1.263675e-04	 966	 iter
741	 1.263675e-04	 967	 iter
742	 1.263675e-04	 968	 iter
743	 1.263675e-04	 969	 iter
744	 1.263675e-04	 970	 iter
745	 1.257961e-04	 972	 iter
746	 1.232986e-04	 974	 iter
747	 1.199019e-04	 976	 iter
748	 1.199019e-04	 977	 iter
749	 1.199019e-04	 978	 iter
750	 1.199019e-04	 979	 iter
751	 1.199019e-04	 980	 iter
752	 1.199019e-04	 981	 iter
753	 1.199019e-04	 982	 iter
754	 1.199019e-04	 983	 iter
755	 1.140523e-04	 985	 iter
756	 1.140523e-04	 986	 iter
757	 1.140523e-04	 987	 iter
758	 1.140523e-04	 988	 iter
759	 1.140523e-04	 989	 iter
760	 1.140523e-04	 990	 iter
761	 1.140523e-04	 991	 iter
762	 1.140523e-04	 992	 iter
763	 1.111371e-04	 994	 iter
764	 1.111371e-04	 995	 iter
765	 1.111371e-04	 996	 iter
766	 1.096582e-04	 998	 iter
767	 1.096582e-04	 999	 iter
768	 1.096582e-04	 1000	 iter
769	 1.096582e-04	 1001	 iter
770	 1.016652e-04	 1003	 iter
771	 1.016652e-04	 1004	 iter
772	 1.016652e-04	 1005	 iter
773	 1.016652e-04	 1006	 iter
774	 1.016652e-04	 1007	 iter
775	 1.016652e-04	 1008	 iter
776	 1.016652e-04	 1009	 iter
777	 1.016652e-04	 1010	 iter
778	 1.016652e-04	 1012	 iter
779	 1.016652e-04	 1013	 iter
780	 1.010574e-04	 1015	 iter
781	 1.010574e-04	 1016	 iter
782	 1.010574e-04	 1017	 iter
783	 1.007487e-04	 1019	 iter
784	 1.007487e-04	 1020	 iter
785	 1.007487e-04	 1021	 iter
786	 1.002493e-04	 1023	 iter
787	 1.002493e-04	 1024	 iter
788	 9.834102e-05	 1026	 iter
789	 9.652121e-05	 1028	 iter
790	 9.652121e-05	 1029	 iter
791	 9.652121e-05	 1030	 iter
792	 9.652121e-05	 1031	 iter
793	 9.652121e-05	 1033	 iter
794	 9.652121e-05	 1034	 iter
795	 9.652121e-05	 1035	 iter
796	 9.652121e-05	 1036	 iter
797	 9.652121e-05	 1037	 iter
798	 9.652121e-05	 1038	 iter
799	 9.652121e-05	 1039	 iter
800	 9.652121e-05	 1040	 iter
801	 9.652121e-05	 1042	 iter
802	 9.652121e-05	 1043	 iter
803	 9.652121e-05	 1044	 iter
804	 9.652121e-05	 1045	 iter
805	 9.652121e-05	 1046	 iter
806	 9.612266e-05	 1048	 iter
807	 9.612266e-05	 1049	 iter
808	 9.612266e-05	 1050	 iter
809	 9.496702e-05	 1052	 iter
810	 9.496702e-05	 1053	 iter
811	 9.496702e-05	 1054	 iter
812	 9.496702e-05	 1055	 iter
813	 9.389268e-05	 1057	 iter
814	 9.389268e-05	 1059	 iter
815	 9.389268e-05	 1060	 iter
816	 9.389268e-05	 1061	 iter
817	 9.389268e-05	 1062	 iter
818	 9.389268e-05	 1063	 iter
819	 9.389268e-05	 1064	 iter
820	 9.389268e-05	 1066	 iter
821	 9.389268e-05	 1067	 iter
822	 9.389268e-05	 1068	 iter
823	 9.389268e-05	 1070	 iter
824	 9.363040e-05	 1072	 iter
825	 9.363040e-05	 1073	 iter
826	 9.363040e-05	 1074	 iter
827	 9.363040e-05	 1075	 iter
828	 9.363040e-05	 1077	 iter
829	 9.363040e-05	 1078	 iter
830	 9.207529e-05	 1080	 iter
831	 9.207529e-05	 1081	 iter
832	 9.207529e-05	 1083	 iter
833	 9.207529e-05	 1084	 iter
834	 9.207529e-05	 1085	 iter
835	 9.207529e-05	 1086	 iter
836	 9.207529e-05	 1087	 iter
837	 9.207529e-05	 1088	 iter
838	 9.207529e-05	 1090	 iter
839	 9.207529e-05	 1091	 iter
840	 9.207529e-05	 1093	 iter
841	 9.207529e-05	 1094	 iter
842	 9.207529e-05	 1095	 iter
843	 9.207529e-05	 1096	 iter
844	 9.207529e-05	 1098	 iter
845	 9.194532e-05	 1100	 iter
846	 9.194532e-05	 1102	 iter
847	 9.194532e-05	 1103	 iter
848	 9.188426e-05	 1105	 iter
849	 9.188426e-05	 1107	 iter
850	 9.188426e-05	 1109	 iter
851	 9.188426e-05	 1110	 iter
852	 9.174512e-05	 1112	 iter
853	 9.174512e-05	 1113	 iter
854	 9.174512e-05	 1115	 iter
855	 9.174512e-05	 1116	 iter
856	 9.174512e-05	 1117	 iter
857	 9.174512e-05	 1118	 iter
858	 9.174512e-05	 1119	 iter
859	 9.138444e-05	 1121	 iter
860	 9.138444e-05	 1123	 iter
861	 9.138444e-05	 1125	 iter
862	 9.124169e-05	 1127	 iter
863	 9.124169e-05	 1128	 iter
864	 9.124169e-05	 1129	 iter
865	 9.124169e-05	 1130	 iter
866	 9.124169e-05	 1131	 iter
867	 9.124169e-05	 1132	 iter
868	 9.124169e-05	 1134	 iter
869	 9.040381e-05	 1136	 iter
870	 9.040381e-05	 1138	 iter
871	 9.040381e-05	 1140	 iter
872	 9.040381e-05	 1141	 iter
873	 9.040381e-05	 1142	 iter
874	 9.040381e-05	 1144	 iter
875	 9.040381e-05	 1145	 iter
876	 9.040381e-05	 1146	 iter
877	 9.040381e-05	 1147	 iter
878	 9.040381e-05	 1148	 iter
879	 9.040381e-05	 1149	 iter
880	 9.040381e-05	 1150	 iter
881	 9.040381e-05	 1151	 iter
882	 9.040381e-05	 1152	 iter
883	 9.040381e-05	 1154	 iter
884	 9.040381e-05	 1156	 iter
885	 9.040381e-05	 1158	 iter
886	 9.040381e-05	 1159	 iter
887	 9.040381e-05	 1160	 iter
888	 9.040381e-05	 1161	 iter
889	 9.040381e-05	 1163	 iter
890	 9.040381e-05	 1165	 iter
891	 9.040381e-05	 1166	 iter
892	 9.040381e-05	 1168	 iter
893	 9.040381e-05	 1169	 iter
894	 9.040381e-05	 1170	 iter
895	 9.012181e-05	 1172	 iter
896	 9.012181e-05	 1173	 iter
897	 9.012181e-05	 1175	 iter
898	 9.012181e-05	 1176	 iter
899	 9.012181e-05	 1177	 iter
900	 9.012181e-05	 1179	 iter
901	 9.012181e-05	 1180	 iter
902	 9.012181e-05	 1182	 iter
903	 9.012181e-05	 1183	 iter
904	 9.012181e-05	 1184	 iter
905	 9.012181e-05	 1185	 iter
906	 9.012181e-05	 1186	 iter
907	 9.012181e-05	 1187	 iter
908	 9.012181e-05	 1188	 iter
909	 9.012181e-05	 1189	 iter
910	 9.012181e-05	 1190	 iter
911	 9.012181e-05	 1191	 iter
912	 9.012181e-05	 1193	 iter
913	 9.012181e-05	 1195	 iter
914	 9.012181e-05	 1197	 iter
915	 9.012160e-05	 1199	 iter
916	 9.012160e-05	 1200	 iter
917	 9.012160e-05	 1201	 iter
918	 9.012160e-05	 1202	 iter
919	 9.012160e-05	 1203	 iter
920	 9.012160e-05	 1204	 iter
921	 9.012160e-05	 1205	 iter
922	 9.012160e-05	 1207	 iter
923	 9.012160e-05	 1208	 iter
924	 9.012160e-05	 1209	 iter
925	 9.012160e-05	 1210	 iter
926	 8.998183e-05	 1212	 iter
927	 8.998183e-05	 1214	 iter
928	 8.998183e-05	 1215	 iter
929	 8.983258e-05	 1217	 iter
930	 8.983258e-05	 1218	 iter
931	 8.983258e-05	 1219	 iter
932	 8.983258e-05	 1220	 iter
933	 8.983258e-05	 1221	 iter
934	 8.983258e-05	 1223	 iter
935	 8.983258e-05	 1224	 iter
936	 8.983258e-05	 1225	 iter
937	 8.983258e-05	 1226	 iter
938	 8.983258e-05	 1227	 iter
939	 8.983258e-05	 1228	 iter
940	 8.983258e-05	 1229	 iter
941	 8.983258e-05	 1231	 iter
942	 8.977933e-05	 1233	 iter
943	 8.971066e-05	 1235	 iter
944	 8.971066e-05	 1236	 iter
945	 8.971066e-05	 1237	 iter
946	 8.971066e-05	 1238	 iter
947	 8.959624e-05	 1240	 iter
948	 8.959624e-05	 1241	 iter
949	 8.959624e-05	 1242	 iter
950	 8.959624e-05	 1243	 iter
951	 8.959265e-05	 1245	 iter
952	 8.959265e-05	 1246	 iter
953	 8.959265e-05	 1248	 iter
954	 8.959265e-05	 1249	 iter
955	 8.959265e-05	 1250	 iter
956	 8.958616e-05	 1252	 iter
957	 8.953297e-05	 1254	 iter
958	 8.953297e-05	 1255	 iter
959	 8.953297e-05	 1256	 iter
960	 8.953297e-05	 1257	 iter
961	 8.953297e-05	 1258	 iter
962	 8.953297e-05	 1259	 iter
963	 8.953297e-05	 1260	 iter
964	 8.953297e-05	 1261	 iter
965	 8.946153e-05	 1263	 iter
966	 8.946153e-05	 1264	 iter
967	 8.946153e-05	 1265	 iter
968	 8.946153e-05	 1266	 iter
969	 8.940960e-05	 1268	 iter
970	 8.940960e-05	 1269	 iter
971	 8.940960e-05	 1270	 iter
972	 8.940960e-05	 1271	 iter
973	 8.940960e-05	 1272	 iter
974	 8.940960e-05	 1273	 iter
975	 8.940960e-05	 1274	 iter
976	 8.940960e-05	 1275	 iter
977	 8.940960e-05	 1276	 iter
978	 8.937423e-05	 1278	 iter
979	 8.937423e-05	 1280	 iter
980	 8.937423e-05	 1282	 iter
981	 8.937423e-05	 1283	 iter
982	 8.937423e-05	 1285	 iter
983	 8.937423e-05	 1286	 iter
984	 8.937423e-05	 1288	 iter
985	 8.921658e-05	 1290	 iter
986	 8.921658e-05	 1291	 iter
987	 8.921658e-05	 1292	 iter
988	 8.921658e-05	 1294	 iter
989	 8.921658e-05	 1295	 iter
990	 8.921658e-05	 1296	 iter
991	 8.921658e-05	 1297	 iter
992	 8.921658e-05	 1298	 iter
993	 8.921658e-05	 1299	 iter
994	 8.921658e-05	 1300	 iter
995	 8.921658e-05	 1301	 iter
996	 8.921658e-05	 1303	 iter
997	 8.921658e-05	 1304	 iter
998	 8.921658e-05	 1305	 iter
999	 8.921658e-05	 1306	 iter
1000	 8.921658e-05	 1307	 iter
1001	 8.921658e-05	 1308	 iter
1002	 8.921658e-05	 1309	 iter
1003	 8.921658e-05	 1310	 iter
1004	 8.921658e-05	 1311	 iter
1005	 8.918165e-05	 1313	 iter
1006	 8.918165e-05	 1314	 iter
1007	 8.918165e-05	 1315	 iter
1008	 8.918165e-05	 1316	 iter
1009	 8.918165e-05	 1317	 iter
1010	 8.917944e-05	 1319	 iter
1011	 8.917944e-05	 1320	 iter
1012	 8.917944e-05	 1321	 iter
1013	 8.917944e-05	 1323	 iter
1014	 8.917944e-05	 1324	 iter
1015	 8.917944e-05	 1325	 iter
1016	 8.913473e-05	 1327	 iter
1017	 8.911464e-05	 1329	 iter
1018	 8.911464e-05	 1330	 iter
1019	 8.911464e-05	 1331	 iter
1020	 8.911464e-05	 1332	 iter
1021	 8.911464e-05	 1333	 iter
1022	 8.911464e-05	 1334	 iter
1023	 8.911464e-05	 1335	 iter
1024	 8.911464e-05	 1336	 iter
1025	 8.911464e-05	 1338	 iter
1026	 8.911464e-05	 1339	 iter
1027	 8.911464e-05	 1340	 iter
1028	 8.907168e-05	 1342	 iter
1029	 8.907168e-05	 1343	 iter
1030	 8.907168e-05	 1345	 iter
1031	 8.907168e-05	 1346	 iter
1032	 8.907168e-05	 1347	 iter
1033	 8.907168e-05	 1349	 iter
1034	 8.907168e-05	 1350	 iter
1035	 8.907168e-05	 1351	 iter
1036	 8.907168e-05	 1352	 iter
1037	 8.907168e-05	 1354	 iter
1038	 8.907168e-05	 1356	 iter
1039	 8.903838e-05	 1358	 iter
1040	 8.903838e-05	 1359	 iter
1041	 8.903838e-05	 1360	 iter
1042	 8.903838e-05	 1361	 iter
1043	 8.903838e-05	 1363	 iter
1044	 8.903838e-05	 1364	 iter
1045	 8.901600e-05	 1366	 iter
1046	 8.901600e-05	 1367	 iter
1047	 8.901600e-05	 1369	 iter
1048	 8.901214e-05	 1371	 iter
1049	 8.901214e-05	 1372	 iter
1050	 8.901214e-05	 1373	 iter
1051	 8.901214e-05	 1374	 iter
1052	 8.897744e-05	 1376	 iter
1053	 8.893821e-05	 1378	 iter
1054	 8.893821e-05	 1379	 iter
1055	 8.893821e-05	 1380	 iter
1056	 8.893821e-05	 1381	 iter
1057	 8.893821e-05	 1382	 iter
1058	 8.893821e-05	 1383	 iter
1059	 8.893821e-05	 1384	 iter
1060	 8.893821e-05	 1385	 iter
1061	 8.893821e-05	 1386	 iter
1062	 8.893821e-05	 1387	 iter
1063	 8.893505e-05	 1389	 iter
1064	 8.893505e-05	 1390	 iter
1065	 8.888522e-05	 1392	 iter
1066	 8.888522e-05	 1393	 iter
1067	 8.888522e-05	 1394	 iter
1068	 8.888522e-05	 1395	 iter
1069	 8.888522e-05	 1396	 iter
1070	 8.888522e-05	 1397	 iter
1071	 8.888522e-05	 1398	 iter
1072	 8.885862e-05	 1400	 iter
1073	 8.885862e-05	 1401	 iter
1074	 8.885862e-05	 1402	 iter
1075	 8.883642e-05	 1404	 iter
1076	 8.875692e-05	 1406	 iter
1077	 8.875692e-05	 1407	 iter
1078	 8.875692e-05	 1408	 iter
1079	 8.875692e-05	 1409	 iter
1080	 8.875692e-05	 1410	 iter
1081	 8.875692e-05	 1411	 iter
1082	 8.875692e-05	 1412	 iter
1083	 8.875692e-05	 1413	 iter
1084	 8.875692e-05	 1414	 iter
1085	 8.875692e-05	 1415	 iter
1086	 8.875564e-05	 1417	 iter
1087	 8.875564e-05	 1418	 iter
1088	 8.868077e-05	 1420	 iter
1089	 8.868077e-05	 1421	 iter
1090	 8.868077e-05	 1422	 iter
1091	 8.859368e-05	 1424	 iter
1092	 8.859368e-05	 1425	 iter
1093	 8.859368e-05	 1426	 iter
1094	 8.859368e-05	 1427	 iter
1095	 8.859368e-05	 1428	 iter
1096	 8.859368e-05	 1429	 iter
1097	 8.859368e-05	 1430	 iter
1098	 8.841056e-05	 1432	 iter
1099	 8.841056e-05	 1433	 iter
1100	 8.841056e-05	 1434	 iter
1101	 8.841056e-05	 1435	 iter
1102	 8.841056e-05	 1436	 iter
1103	 8.841056e-05	 1437	 iter
1104	 8.841056e-05	 1438	 iter
1105	 8.841056e-05	 1439	 iter
1106	 8.841056e-05	 1440	 iter
1107	 8.839084e-05	 1442	 iter
1108	 8.838687e-05	 1444	 iter
1109	 8.838687e-05	 1445	 iter
1110	 8.828310e-05	 1447	 iter
1111	 8.828310e-05	 1448	 iter
1112	 8.828310e-05	 1449	 iter
1113	 8.828310e-05	 1450	 iter
1114	 8.817886e-05	 1452	 iter
1115	 8.797248e-05	 1454	 iter
1116	 8.797248e-05	 1455	 iter
1117	 8.797248e-05	 1456	 iter
1118	 8.797248e-05	 1457	 iter
1119	 8.797248e-05	 1458	 iter
1120	 8.797248e-05	 1459	 iter
1121	 8.797248e-05	 1460	 iter
1122	 8.796746e-05	 1462	 iter
1123	 8.785756e-05	 1464	 iter
1124	 8.785756e-05	 1465	 iter
1125	 8.785133e-05	 1467	 iter
1126	 8.751935e-05	 1469	 iter
1127	 8.751935e-05	 1470	 iter
1128	 8.751935e-05	 1471	 iter
1129	 8.721594e-05	 1473	 iter
1130	 8.721594e-05	 1474	 iter
1131	 8.721594e-05	 1475	 iter
1132	 8.721594e-05	 1476	 iter
1133	 8.721594e-05	 1477	 iter
1134	 8.721594e-05	 1478	 iter
1135	 8.699489e-05	 1480	 iter
1136	 8.699489e-05	 1481	 iter
1137	 8.699489e-05	 1482	 iter
1138	 8.699489e-05	 1483	 iter
1139	 8.699489e-05	 1484	 iter
1140	 8.678999e-05	 1486	 iter
1141	 8.678999e-05	 1487	 iter
1142	 8.678999e-05	 1488	 iter
1143	 8.643945e-05	 1490	 iter
1144	 8.643945e-05	 1491	 iter
1145	 8.643945e-05	 1492	 iter
1146	 8.643945e-05	 1493	 iter
1147	 8.630829e-05	 1495	 iter
1148	 8.630829e-05	 1496	 iter
1149	 8.630829e-05	 1497	 iter
1150	 8.607941e-05	 1499	 iter
1151	 8.529557e-05	 1501	 iter
1152	 8.529557e-05	 1502	 iter
1153	 8.529557e-05	 1503	 iter
1154	 8.529557e-05	 1504	 iter
1155	 8.529557e-05	 1505	 iter
1156	 8.529557e-05	 1506	 iter
1157	 8.508687e-05	 1508	 iter
1158	 8.508687e-05	 1509	 iter
1159	 8.508687e-05	 1510	 iter
1160	 8.508687e-05	 1511	 iter
1161	 8.508687e-05	 1512	 iter
1162	 8.508687e-05	 1513	 iter
1163	 8.502242e-05	 1515	 iter
1164	 8.479061e-05	 1517	 iter
1165	 8.464095e-05	 1519	 iter
1166	 8.464095e-05	 1520	 iter
1167	 8.373987e-05	 1522	 iter
1168	 8.373987e-05	 1523	 iter
1169	 8.373987e-05	 1524	 iter
1170	 8.373987e-05	 1525	 iter
1171	 8.373987e-05	 1526	 iter
1172	 8.373987e-05	 1527	 iter
1173	 8.373987e-05	 1528	 iter
1174	 8.373987e-05	 1529	 iter
1175	 8.373987e-05	 1530	 iter
1176	 8.361738e-05	 1532	 iter
1177	 8.361738e-05	 1533	 iter
1178	 8.319519e-05	 1535	 iter
1179	 8.319519e-05	 1536	 iter
1180	 8.319519e-05	 1537	 iter
1181	 8.319519e-05	 1538	 iter
1182	 8.291188e-05	 1540	 iter
1183	 8.188131e-05	 1542	 iter
1184	 8.188131e-05	 1543	 iter
1185	 8.188131e-05	 1544	 iter
1186	 8.188131e-05	 1545	 iter
1187	 8.188131e-05	 1546	 iter
1188	 8.188131e-05	 1547	 iter
1189	 8.188131e-05	 1548	 iter
1190	 8.188131e-05	 1549	 iter
1191	 8.131033e-05	 1551	 iter
1192	 8.131033e-05	 1552	 iter
1193	 8.131033e-05	 1553	 iter
1194	 8.131033e-05	 1554	 iter
1195	 8.131033e-05	 1555	 iter
1196	 8.131033e-05	 1556	 iter
1197	 8.131033e-05	 1557	 iter
1198	 8.131033e-05	 1558	 iter
1199	 8.114783e-05	 1560	 iter
1200	 8.114783e-05	 1561	 iter
1201	 8.114783e-05	 1562	 iter
1202	 8.114783e-05	 1563	 iter
1203	 7.982108e-05	 1565	 iter
1204	 7.982108e-05	 1566	 iter
1205	 7.982108e-05	 1567	 iter
1206	 7.982108e-05	 1568	 iter
1207	 7.982108e-05	 1569	 iter
1208	 7.982108e-05	 1570	 iter
1209	 7.982108e-05	 1571	 iter
1210	 7.982108e-05	 1572	 iter
1211	 7.982108e-05	 1573	 iter
1212	 7.982108e-05	 1574	 iter
1213	 7.982108e-05	 1575	 iter
1214	 7.982108e-05	 1576	 iter
1215	 7.982108e-05	 1577	 iter
1216	 7.982108e-05	 1578	 iter
1217	 7.982108e-05	 1579	 iter
1218	 7.963817e-05	 1581	 iter
1219	 7.963817e-05	 1582	 iter
1220	 7.963817e-05	 1583	 iter
1221	 7.963817e-05	 1584	 iter
1222	 7.963817e-05	 1585	 iter
1223	 7.963817e-05	 1586	 iter
1224	 7.963817e-05	 1587	 iter
1225	 7.963817e-05	 1588	 iter
1226	 7.963817e-05	 1590	 iter
1227	 7.963817e-05	 1591	 iter
1228	 7.963817e-05	 1592	 iter
1229	 7.914063e-05	 1594	 iter
1230	 7.914063e-05	 1595	 iter
1231	 7.914063e-05	 1596	 iter
1232	 7.914063e-05	 1597	 iter
1233	 7.914063e-05	 1598	 iter
1234	 7.914063e-05	 1599	 iter
1235	 7.914063e-05	 1600	 iter
1236	 7.914063e-05	 1601	 iter
1237	 7.871254e-05	 1603	 iter
1238	 7.871254e-05	 1604	 iter
1239	 7.871254e-05	 1605	 iter
1240	 7.871254e-05	 1606	 iter
1241	 7.871254e-05	 1607	 iter
1242	 7.871254e-05	 1608	 iter
1243	 7.849471e-05	 1610	 iter
1244	 7.849471e-05	 1611	 iter
1245	 7.762341e-05	 1613	 iter
1246	 7.762341e-05	 1614	 iter
1247	 7.762341e-05	 1615	 iter
1248	 7.762341e-05	 1616	 iter
1249	 7.762341e-05	 1617	 iter
1250	 7.762341e-05	 1618	 iter
1251	 7.762341e-05	 1619	 iter
1252	 7.762341e-05	 1620	 iter
1253	 7.762341e-05	 1621	 iter
1254	 7.762341e-05	 1622	 iter
1255	 7.762341e-05	 1623	 iter
1256	 7.762341e-05	 1624	 iter
1257	 7.762341e-05	 1625	 iter
1258	 7.762341e-05	 1626	 iter
1259	 7.750596e-05	 1628	 iter
1260	 7.750596e-05	 1630	 iter
1261	 7.700855e-05	 1632	 iter
1262	 7.641518e-05	 1634	 iter
1263	 7.641518e-05	 1635	 iter
1264	 7.641518e-05	 1636	 iter
1265	 7.641518e-05	 1637	 iter
1266	 7.641518e-05	 1638	 iter
1267	 7.641518e-05	 1639	 iter
1268	 7.641518e-05	 1640	 iter
1269	 7.641518e-05	 1641	 iter
1270	 7.641518e-05	 1642	 iter
1271	 7.625563e-05	 1644	 iter
1272	 7.604925e-05	 1646	 iter
1273	 7.604925e-05	 1647	 iter
1274	 7.604925e-05	 1648	 iter
1275	 7.604925e-05	 1649	 iter
1276	 7.604925e-05	 1650	 iter
1277	 7.574579e-05	 1652	 iter
1278	 7.574579e-05	 1653	 iter
1279	 7.574579e-05	 1654	 iter
1280	 7.574579e-05	 1655	 iter
1281	 7.574579e-05	 1656	 iter
1282	 7.566304e-05	 1658	 iter
1283	 7.566304e-05	 1659	 iter
1284	 7.566304e-05	 1660	 iter
1285	 7.566304e-05	 1661	 iter
1286	 7.560870e-05	 1663	 iter
1287	 7.560870e-05	 1664	 iter
1288	 7.560870e-05	 1666	 iter
1289	 7.560870e-05	 1667	 iter
1290	 7.560870e-05	 1668	 iter
1291	 7.560870e-05	 1669	 iter
1292	 7.532554e-05	 1671	 iter
1293	 7.532554e-05	 1672	 iter
1294	 7.514603e-05	 1674	 iter
1295	 7.508269e-05	 1676	 iter
1296	 7.508269e-05	 1677	 iter
1297	 7.508269e-05	 1679	 iter
1298	 7.508269e-05	 1681	 iter
1299	 7.508269e-05	 1682	 iter
1300	 7.508269e-05	 1684	 iter
1301	 7.508269e-05	 1685	 iter
1302	 7.508269e-05	 1686	 iter
1303	 7.508269e-05	 1687	 iter
1304	 7.505317e-05	 1689	 iter
1305	 7.505317e-05	 1690	 iter
1306	 7.505317e-05	 1691	 iter
1307	 7.505317e-05	 1692	 iter
1308	 7.505317e-05	 1694	 iter
1309	 7.505317e-05	 1695	 iter
1310	 7.468146e-05	 1697	 iter
1311	 7.468146e-05	 1699	 iter
1312	 7.468146e-05	 1700	 iter
1313	 7.468146e-05	 1701	 iter
1314	 7.468146e-05	 1702	 iter
1315	 7.468146e-05	 1703	 iter
1316	 7.442296e-05	 1705	 iter
1317	 7.442296e-05	 1706	 iter
1318	 7.442296e-05	 1707	 iter
1319	 7.442296e-05	 1709	 iter
1320	 7.442296e-05	 1710	 iter
1321	 7.442296e-05	 1711	 iter
1322	 7.442296e-05	 1712	 iter
1323	 7.442296e-05	 1713	 iter
1324	 7.442296e-05	 1714	 iter
1325	 7.442296e-05	 1715	 iter
1326	 7.442296e-05	 1716	 iter
1327	 7.439348e-05	 1718	 iter
1328	 7.439348e-05	 1719	 iter
1329	 7.437214e-05	 1721	 iter
1330	 7.429064e-05	 1723	 iter
1331	 7.429064e-05	 1724	 iter
1332	 7.429064e-05	 1725	 iter
1333	 7.429064e-05	 1726	 iter
1334	 7.429064e-05	 1727	 iter
1335	 7.429064e-05	 1729	 iter
1336	 7.413864e-05	 1731	 iter
1337	 7.413864e-05	 1732	 iter
1338	 7.413864e-05	 1734	 iter
1339	 7.413864e-05	 1736	 iter
1340	 7.413864e-05	 1737	 iter
1341	 7.413864e-05	 1739	 iter
1342	 7.413864e-05	 1741	 iter
1343	 7.405747e-05	 1743	 iter
1344	 7.405747e-05	 1745	 iter
1345	 7.405747e-05	 1746	 iter
1346	 7.405747e-05	 1747	 iter
1347	 7.405747e-05	 1748	 iter
1348	 7.405747e-05	 1750	 iter
1349	 7.405747e-05	 1751	 iter
1350	 7.405747e-05	 1753	 iter
1351	 7.405747e-05	 1754	 iter
1352	 7.405747e-05	 1755	 iter
1353	 7.402901e-05	 1757	 iter
1354	 7.396309e-05	 1759	 iter
1355	 7.393265e-05	 1761	 iter
1356	 7.389047e-05	 1763	 iter
1357	 7.389047e-05	 1764	 iter
1358	 7.389047e-05	 1765	 iter
1359	 7.370223e-05	 1767	 iter
1360	 7.370223e-05	 1768	 iter
1361	 7.361670e-05	 1770	 iter
1362	 7.361670e-05	 1771	 iter
1363	 7.361670e-05	 1772	 iter
1364	 7.361670e-05	 1774	 iter
1365	 7.361670e-05	 1775	 iter
1366	 7.361670e-05	 1776	 iter
1367	 7.361670e-05	 1777	 iter
1368	 7.361670e-05	 1778	 iter
1369	 7.345845e-05	 1780	 iter
1370	 7.345845e-05	 1781	 iter
1371	 7.345845e-05	 1782	 iter
1372	 7.333513e-05	 1784	 iter
1373	 7.333513e-05	 1785	 iter
1374	 7.333513e-05	 1786	 iter
1375	 7.318642e-05	 1788	 iter
1376	 7.318642e-05	 1789	 iter
1377	 7.318642e-05	 1790	 iter
1378	 7.318642e-05	 1791	 iter
1379	 7.318642e-05	 1792	 iter
1380	 7.318642e-05	 1793	 iter
1381	 7.318642e-05	 1794	 iter
1382	 7.313438e-05	 1796	 iter
1383	 7.313438e-05	 1797	 iter
1384	 7.313438e-05	 1798	 iter
1385	 7.313438e-05	 1799	 iter
1386	 7.313438e-05	 1800	 iter
1387	 7.313438e-05	 1801	 iter
1388	 7.313438e-05	 1802	 iter
1389	 7.303556e-05	 1804	 iter
1390	 7.283160e-05	 1806	 iter
1391	 7.283160e-05	 1807	 iter
1392	 7.283160e-05	 1808	 iter
1393	 7.283160e-05	 1809	 iter
1394	 7.283160e-05	 1810	 iter
1395	 7.283160e-05	 1811	 iter
1396	 7.283160e-05	 1812	 iter
1397	 7.277040e-05	 1814	 iter
1398	 7.277040e-05	 1816	 iter
1399	 7.277040e-05	 1817	 iter
1400	 7.277040e-05	 1818	 iter
1401	 7.277040e-05	 1819	 iter
1402	 7.277040e-05	 1820	 iter
1403	 7.277040e-05	 1821	 iter
1404	 7.277040e-05	 1822	 iter
1405	 7.272017e-05	 1824	 iter
1406	 7.272017e-05	 1825	 iter
1407	 7.272017e-05	 1827	 iter
1408	 7.263827e-05	 1829	 iter
1409	 7.263827e-05	 1830	 iter
1410	 7.263827e-05	 1831	 iter
1411	 7.263827e-05	 1832	 iter
1412	 7.263827e-05	 1833	 iter
1413	 7.263827e-05	 1834	 iter
1414	 7.263827e-05	 1835	 iter
1415	 7.263827e-05	 1836	 iter
1416	 7.263827e-05	 1837	 iter
1417	 7.263081e-05	 1839	 iter
1418	 7.263081e-05	 1840	 iter
1419	 7.249418e-05	 1842	 iter
1420	 7.249418e-05	 1843	 iter
1421	 7.249418e-05	 1844	 iter
1422	 7.249418e-05	 1846	 iter
1423	 7.249418e-05	 1847	 iter
1424	 7.249418e-05	 1848	 iter
1425	 7.249418e-05	 1850	 iter
1426	 7.246883e-05	 1852	 iter
1427	 7.246883e-05	 1853	 iter
1428	 7.246883e-05	 1855	 iter
1429	 7.246883e-05	 1856	 iter
1430	 7.246883e-05	 1857	 iter
1431	 7.246883e-05	 1858	 iter
1432	 7.246883e-05	 1859	 iter
1433	 7.246883e-05	 1861	 iter
1434	 7.246883e-05	 1862	 iter
1435	 7.246883e-05	 1863	 iter
1436	 7.246883e-05	 1864	 iter
1437	 7.246883e-05	 1866	 iter
1438	 7.246883e-05	 1868	 iter
1439	 7.246883e-05	 1869	 iter
1440	 7.230203e-05	 1871	 iter
1441	 7.230203e-05	 1872	 iter
1442	 7.230203e-05	 1873	 iter
1443	 7.230203e-05	 1874	 iter
1444	 7.219187e-05	 1876	 iter
1445	 7.219187e-05	 1878	 iter
1446	 7.219187e-05	 1879	 iter
1447	 7.219187e-05	 1881	 iter
1448	 7.219187e-05	 1882	 iter
1449	 7.219187e-05	 1883	 iter
1450	 7.219187e-05	 1885	 iter
1451	 7.219187e-05	 1886	 iter
1452	 7.219187e-05	 1887	 iter
1453	 7.209891e-05	 1889	 iter
1454	 7.209891e-05	 1890	 iter
1455	 7.209891e-05	 1891	 iter
1456	 7.209891e-05	 1892	 iter
1457	 7.209891e-05	 1893	 iter
1458	 7.209891e-05	 1894	 iter
1459	 7.209891e-05	 1895	 iter
1460	 7.209891e-05	 1896	 iter
1461	 7.209891e-05	 1897	 iter
1462	 7.200313e-05	 1899	 iter
1463	 7.197227e-05	 1901	 iter
1464	 7.188740e-05	 1903	 iter
1465	 7.188740e-05	 1904	 iter
1466	 7.188740e-05	 1905	 iter
1467	 7.188740e-05	 1906	 iter
1468	 7.188740e-05	 1907	 iter
1469	 7.188740e-05	 1908	 iter
1470	 7.188740e-05	 1909	 iter
1471	 7.188740e-05	 1910	 iter
1472	 7.188740e-05	 1911	 iter
1473	 7.188740e-05	 1912	 iter
1474	 7.188740e-05	 1913	 iter
1475	 7.188740e-05	 1914	 iter
1476	 7.188740e-05	 1915	 iter
1477	 7.179745e-05	 1917	 iter
1478	 7.179745e-05	 1918	 iter
1479	 7.179745e-05	 1919	 iter
1480	 7.172146e-05	 1921	 iter
1481	 7.172146e-05	 1922	 iter
1482	 7.172146e-05	 1924	 iter
1483	 7.172146e-05	 1925	 iter
1484	 7.171724e-05	 1927	 iter
1485	 7.171724e-05	 1928	 iter
1486	 7.171724e-05	 1929	 iter
1487	 7.170555e-05	 1931	 iter
1488	 7.170555e-05	 1932	 iter
1489	 7.170555e-05	 1934	 iter
1490	 7.170555e-05	 1935	 iter
1491	 7.169300e-05	 1937	 iter
1492	 7.169300e-05	 1938	 iter
1493	 7.169300e-05	 1939	 iter
1494	 7.161114e-05	 1941	 iter
1495	 7.161114e-05	 1942	 iter
1496	 7.153538e-05	 1944	 iter
1497	 7.150595e-05	 1946	 iter
1498	 7.150595e-05	 1947	 iter
1499	 7.150595e-05	 1948	 iter
1500	 7.150595e-05	 1949	 iter
1501	 7.150595e-05	 1950	 iter
1502	 7.150595e-05	 1951	 iter
1503	 7.142962e-05	 1953	 iter
1504	 7.142962e-05	 1954	 iter
1505	 7.142962e-05	 1955	 iter
1506	 7.142962e-05	 1956	 iter
1507	 7.121757e-05	 1958	 iter
1508	 7.121757e-05	 1959	 iter
1509	 7.121757e-05	 1960	 iter
1510	 7.121757e-05	 1961	 iter
1511	 7.120844e-05	 1963	 iter
1512	 7.105481e-05	 1965	 iter
1513	 7.105481e-05	 1966	 iter
1514	 7.105481e-05	 1967	 iter
1515	 7.105481e-05	 1968	 iter
1516	 7.105481e-05	 1969	 iter
1517	 7.099933e-05	 1971	 iter
1518	 7.093808e-05	 1973	 iter
1519	 7.087160e-05	 1975	 iter
1520	 7.087160e-05	 1976	 iter
1521	 7.082485e-05	 1978	 iter
1522	 7.061841e-05	 1980	 iter
1523	 7.061841e-05	 1981	 iter
1524	 7.052800e-05	 1983	 iter
1525	 7.052800e-05	 1984	 iter
1526	 7.052800e-05	 1985	 iter
1527	 7.048066e-05	 1987	 iter
1528	 7.038931e-05	 1989	 iter
1529	 7.038931e-05	 1990	 iter
1530	 7.038931e-05	 1991	 iter
1531	 7.020803e-05	 1993	 iter
1532	 6.971864e-05	 1995	 iter
1533	 6.971864e-05	 1996	 iter
1534	 6.971864e-05	 1997	 iter
1535	 6.971864e-05	 1998	 iter
1536	 6.971864e-05	 1999	 iter
1537	 6.971864e-05	 2000	 iter
1538	 6.971864e-05	 2001	 iter
1539	 6.971864e-05	 2002	 iter
1540	 6.971864e-05	 2003	 iter
1541	 6.971864e-05	 2004	 iter
1542	 6.930791e-05	 2006	 iter
1543	 6.930791e-05	 2007	 iter
1544	 6.930791e-05	 2008	 iter
1545	 6.930791e-05	 2009	 iter
1546	 6.930791e-05	 2010	 iter
1547	 6.930791e-05	 2011	 iter
1548	 6.919996e-05	 2013	 iter
1549	 6.919996e-05	 2014	 iter
1550	 6.919996e-05	 2015	 iter
1551	 6.919996e-05	 2016	 iter
1552	 6.919996e-05	 2017	 iter
1553	 6.908981e-05	 2019	 iter
1554	 6.902378e-05	 2021	 iter
1555	 6.902378e-05	 2022	 iter
1556	 6.902378e-05	 2023	 iter
1557	 6.898013e-05	 2025	 iter
1558	 6.829483e-05	 2027	 iter
1559	 6.829483e-05	 2028	 iter
1560	 6.829483e-05	 2029	 iter
1561	 6.829483e-05	 2030	 iter
1562	 6.829483e-05	 2031	 iter
1563	 6.829483e-05	 2032	 iter
1564	 6.829483e-05	 2033	 iter
1565	 6.829483e-05	 2034	 iter
1566	 6.829483e-05	 2035	 iter
1567	 6.829483e-05	 2036	 iter
1568	 6.829483e-05	 2037	 iter
1569	 6.815172e-05	 2039	 iter
1570	 6.815172e-05	 2040	 iter
1571	 6.815172e-05	 2041	 iter
1572	 6.815172e-05	 2042	 iter
1573	 6.812986e-05	 2044	 iter
1574	 6.766825e-05	 2046	 iter
1575	 6.766825e-05	 2047	 iter
1576	 6.766825e-05	 2048	 iter
1577	 6.766825e-05	 2049	 iter
1578	 6.766825e-05	 2051	 iter
1579	 6.766825e-05	 2052	 iter
1580	 6.766825e-05	 2053	 iter
1581	 6.766825e-05	 2054	 iter
1582	 6.766825e-05	 2055	 iter
1583	 6.766825e-05	 2056	 iter
1584	 6.755882e-05	 2058	 iter
1585	 6.755882e-05	 2060	 iter
1586	 6.755882e-05	 2061	 iter
1587	 6.753690e-05	 2063	 iter
1588	 6.753690e-05	 2064	 iter
1589	 6.737198e-05	 2066	 iter
1590	 6.720599e-05	 2068	 iter
1591	 6.720599e-05	 2069	 iter
1592	 6.720599e-05	 2070	 iter
1593	 6.705517e-05	 2072	 iter
1594	 6.678950e-05	 2074	 iter
1595	 6.678950e-05	 2075	 iter
1596	 6.678950e-05	 2076	 iter
1597	 6.678950e-05	 2077	 iter
1598	 6.678950e-05	 2078	 iter
1599	 6.678950e-05	 2079	 iter
1600	 6.678950e-05	 2080	 iter
1601	 6.678950e-05	 2081	 iter
1602	 6.669689e-05	 2083	 iter
1603	 6.669689e-05	 2084	 iter
1604	 6.669689e-05	 2085	 iter
1605	 6.565691e-05	 2087	 iter
1606	 6.565691e-05	 2088	 iter
1607	 6.565691e-05	 2089	 iter
1608	 6.565691e-05	 2090	 iter
1609	 6.565691e-05	 2091	 iter
1610	 6.565691e-05	 2092	 iter
1611	 6.565691e-05	 2093	 iter
1612	 6.565691e-05	 2094	 iter
1613	 6.565691e-05	 2095	 iter
1614	 6.565691e-05	 2096	 iter
1615	 6.560586e-05	 2098	 iter
1616	 6.560586e-05	 2099	 iter
1617	 6.520129e-05	 2101	 iter
1618	 6.520129e-05	 2102	 iter
1619	 6.520129e-05	 2103	 iter
1620	 6.520129e-05	 2104	 iter
1621	 6.520129e-05	 2105	 iter
1622	 6.520129e-05	 2106	 iter
1623	 6.435577e-05	 2108	 iter
1624	 6.435577e-05	 2109	 iter
1625	 6.435577e-05	 2110	 iter
1626	 6.435577e-05	 2111	 iter
1627	 6.435577e-05	 2112	 iter
1628	 6.435577e-05	 2113	 iter
1629	 6.435577e-05	 2114	 iter
1630	 6.435577e-05	 2115	 iter
1631	 6.435577e-05	 2116	 iter
1632	 6.435577e-05	 2117	 iter
1633	 6.435577e-05	 2118	 iter
1634	 6.435577e-05	 2119	 iter
1635	 6.435577e-05	 2120	 iter
1636	 6.435577e-05	 2121	 iter
1637	 6.429307e-05	 2123	 iter
1638	 6.429307e-05	 2124	 iter
1639	 6.429307e-05	 2125	 iter
1640	 6.366278e-05	 2127	 iter
1641	 6.366278e-05	 2128	 iter
1642	 6.365786e-05	 2130	 iter
1643	 6.365786e-05	 2131	 iter
1644	 6.365786e-05	 2132	 iter
1645	 6.365786e-05	 2133	 iter
1646	 6.337613e-05	 2135	 iter
1647	 6.337613e-05	 2136	 iter
1648	 6.337613e-05	 2137	 iter
1649	 6.337613e-05	 2138	 iter
1650	 6.337613e-05	 2139	 iter
1651	 6.337613e-05	 2140	 iter
1652	 6.337613e-05	 2141	 iter
1653	 6.337613e-05	 2142	 iter
1654	 6.312287e-05	 2144	 iter
1655	 6.312287e-05	 2145	 iter
1656	 6.306672e-05	 2147	 iter
1657	 6.306672e-05	 2148	 iter
1658	 6.301507e-05	 2150	 iter
1659	 6.301507e-05	 2151	 iter
1660	 6.301507e-05	 2152	 iter
1661	 6.301507e-05	 2153	 iter
1662	 6.301507e-05	 2154	 iter
1663	 6.301507e-05	 2155	 iter
1664	 6.301507e-05	 2156	 iter
1665	 6.301507e-05	 2157	 iter
1666	 6.301507e-05	 2158	 iter
1667	 6.301507e-05	 2159	 iter
1668	 6.271796e-05	 2161	 iter
1669	 6.271796e-05	 2163	 iter
1670	 6.271796e-05	 2164	 iter
1671	 6.271796e-05	 2165	 iter
1672	 6.271796e-05	 2167	 iter
1673	 6.271796e-05	 2168	 iter
1674	 6.252205e-05	 2170	 iter
1675	 6.252205e-05	 2172	 iter
1676	 6.252205e-05	 2173	 iter
1677	 6.252205e-05	 2174	 iter
1678	 6.252205e-05	 2176	 iter
1679	 6.252205e-05	 2178	 iter
1680	 6.252205e-05	 2180	 iter
1681	 6.242274e-05	 2182	 iter
1682	 6.242274e-05	 2184	 iter
1683	 6.242274e-05	 2185	 iter
1684	 6.242274e-05	 2187	 iter
1685	 6.242274e-05	 2188	 iter
1686	 6.242274e-05	 2190	 iter
1687	 6.242274e-05	 2192	 iter
1688	 6.242274e-05	 2194	 iter
1689	 6.242274e-05	 2195	 iter
1690	 6.242274e-05	 2197	 iter
1691	 6.242274e-05	 2198	 iter
1692	 6.242274e-05	 2200	 iter
1693	 6.242274e-05	 2201	 iter
1694	 6.242274e-05	 2202	 iter
1695	 6.242274e-05	 2203	 iter
1696	 6.242274e-05	 2204	 iter
1697	 6.242274e-05	 2205	 iter
1698	 6.239157e-05	 2207	 iter
1699	 6.238506e-05	 2209	 iter
1700	 6.237017e-05	 2211	 iter
1701	 6.229429e-05	 2213	 iter
1702	 6.229429e-05	 2214	 iter
1703	 6.229429e-05	 2215	 iter
1704	 6.229429e-05	 2216	 iter
1705	 6.227992e-05	 2218	 iter
1706	 6.227992e-05	 2219	 iter
1707	 6.227992e-05	 2220	 iter
1708	 6.227992e-05	 2221	 iter
1709	 6.221488e-05	 2223	 iter
1710	 6.219652e-05	 2225	 iter
1711	 6.219652e-05	 2226	 iter
1712	 6.219652e-05	 2227	 iter
1713	 6.216067e-05	 2229	 iter
1714	 6.216067e-05	 2230	 iter
1715	 6.216067e-05	 2232	 iter
1716	 6.216067e-05	 2233	 iter
1717	 6.216067e-05	 2234	 iter
1718	 6.216067e-05	 2235	 iter
1719	 6.216067e-05	 2236	 iter
1720	 6.216067e-05	 2238	 iter
1721	 6.216067e-05	 2239	 iter
1722	 6.216067e-05	 2241	 iter
1723	 6.216067e-05	 2242	 iter
1724	 6.207921e-05	 2244	 iter
1725	 6.207921e-05	 2245	 iter
1726	 6.207921e-05	 2246	 iter
1727	 6.207921e-05	 2247	 iter
1728	 6.207921e-05	 2248	 iter
1729	 6.207921e-05	 2249	 iter
1730	 6.207921e-05	 2251	 iter
1731	 6.207921e-05	 2253	 iter
1732	 6.207921e-05	 2254	 iter
1733	 6.207921e-05	 2255	 iter
1734	 6.207921e-05	 2257	 iter
1735	 6.207921e-05	 2258	 iter
1736	 6.207921e-05	 2260	 iter
1737	 6.200441e-05	 2262	 iter
1738	 6.200441e-05	 2264	 iter
1739	 6.200441e-05	 2266	 iter
1740	 6.200441e-05	 2267	 iter
1741	 6.200441e-05	 2268	 iter
1742	 6.200441e-05	 2270	 iter
1743	 6.200441e-05	 2271	 iter
1744	 6.200441e-05	 2272	 iter
1745	 6.200441e-05	 2273	 iter
1746	 6.200441e-05	 2274	 iter
1747	 6.200441e-05	 2275	 iter
1748	 6.196642e-05	 2277	 iter
1749	 6.196642e-05	 2278	 iter
1750	 6.196642e-05	 2279	 iter
1751	 6.196642e-05	 2280	 iter
1752	 6.196642e-05	 2281	 iter
1753	 6.196642e-05	 2282	 iter
1754	 6.194564e-05	 2284	 iter
1755	 6.194564e-05	 2285	 iter
1756	 6.194564e-05	 2286	 iter
1757	 6.194564e-05	 2287	 iter
1758	 6.189756e-05	 2289	 iter
1759	 6.189756e-05	 2290	 iter
1760	 6.189756e-05	 2291	 iter
1761	 6.189756e-05	 2292	 iter
1762	 6.189756e-05	 2293	 iter
1763	 6.189756e-05	 2294	 iter
1764	 6.189756e-05	 2295	 iter
1765	 6.189756e-05	 2296	 iter
1766	 6.189756e-05	 2297	 iter
1767	 6.189756e-05	 2298	 iter
1768	 6.187156e-05	 2300	 iter
1769	 6.187156e-05	 2302	 iter
1770	 6.187156e-05	 2303	 iter
1771	 6.184555e-05	 2305	 iter
1772	 6.184555e-05	 2306	 iter
1773	 6.184555e-05	 2307	 iter
1774	 6.184555e-05	 2308	 iter
1775	 6.184555e-05	 2309	 iter
1776	 6.182798e-05	 2311	 iter
1777	 6.182798e-05	 2312	 iter
1778	 6.182798e-05	 2313	 iter
1779	 6.182798e-05	 2314	 iter
1780	 6.182798e-05	 2315	 iter
1781	 6.182798e-05	 2316	 iter
1782	 6.182545e-05	 2318	 iter
1783	 6.172085e-05	 2320	 iter
1784	 6.172085e-05	 2321	 iter
1785	 6.172085e-05	 2322	 iter
1786	 6.172085e-05	 2323	 iter
1787	 6.172085e-05	 2324	 iter
1788	 6.172085e-05	 2325	 iter
1789	 6.172085e-05	 2326	 iter
1790	 6.172085e-05	 2327	 iter
1791	 6.172085e-05	 2328	 iter
1792	 6.172085e-05	 2329	 iter
1793	 6.172085e-05	 2330	 iter
1794	 6.172085e-05	 2331	 iter
1795	 6.172085e-05	 2333	 iter
1796	 6.172085e-05	 2334	 iter
1797	 6.172085e-05	 2335	 iter
1798	 6.172085e-05	 2336	 iter
1799	 6.172085e-05	 2337	 iter
1800	 6.172085e-05	 2338	 iter
1801	 6.172085e-05	 2339	 iter
1802	 6.172085e-05	 2340	 iter
1803	 6.168147e-05	 2342	 iter
1804	 6.168147e-05	 2343	 iter
1805	 6.168147e-05	 2344	 iter
1806	 6.168147e-05	 2345	 iter
1807	 6.168147e-05	 2346	 iter
1808	 6.167688e-05	 2348	 iter
1809	 6.167688e-05	 2349	 iter
1810	 6.167688e-05	 2350	 iter
1811	 6.167688e-05	 2351	 iter
1812	 6.165810e-05	 2353	 iter
1813	 6.165810e-05	 2354	 iter
1814	 6.165808e-05	 2356	 iter
1815	 6.165808e-05	 2358	 iter
1816	 6.165808e-05	 2359	 iter
1817	 6.165808e-05	 2361	 iter
1818	 6.165434e-05	 2363	 iter
1819	 6.165434e-05	 2364	 iter
1820	 6.165434e-05	 2365	 iter
1821	 6.165434e-05	 2366	 iter
1822	 6.165434e-05	 2367	 iter
1823	 6.160754e-05	 2369	 iter
1824	 6.160754e-05	 2370	 iter
1825	 6.160754e-05	 2371	 iter
1826	 6.158646e-05	 2373	 iter
1827	 6.158646e-05	 2375	 iter
1828	 6.158646e-05	 2377	 iter
1829	 6.158646e-05	 2378	 iter
1830	 6.158646e-05	 2379	 iter
1831	 6.158646e-05	 2380	 iter
1832	 6.158646e-05	 2381	 iter
1833	 6.158646e-05	 2382	 iter
1834	 6.158646e-05	 2383	 iter
1835	 6.158646e-05	 2384	 iter
1836	 6.158646e-05	 2385	 iter
1837	 6.158646e-05	 2386	 iter
1838	 6.158646e-05	 2387	 iter
1839	 6.158646e-05	 2388	 iter
1840	 6.158646e-05	 2389	 iter
1841	 6.158646e-05	 2390	 iter
1842	 6.158646e-05	 2391	 iter
1843	 6.158646e-05	 2393	 iter
1844	 6.158517e-05	 2395	 iter
1845	 6.158517e-05	 2396	 iter
1846	 6.158115e-05	 2398	 iter
1847	 6.158115e-05	 2399	 iter
1848	 6.158115e-05	 2400	 iter
1849	 6.152413e-05	 2402	 iter
1850	 6.152413e-05	 2403	 iter
1851	 6.151253e-05	 2405	 iter
1852	 6.151253e-05	 2406	 iter
1853	 6.151253e-05	 2407	 iter
1854	 6.151253e-05	 2408	 iter
1855	 6.151253e-05	 2409	 iter
1856	 6.151253e-05	 2411	 iter
1857	 6.151253e-05	 2412	 iter
1858	 6.151253e-05	 2414	 iter
1859	 6.151253e-05	 2415	 iter
1860	 6.151253e-05	 2416	 iter
1861	 6.149248e-05	 2418	 iter
1862	 6.149248e-05	 2419	 iter
1863	 6.149248e-05	 2420	 iter
1864	 6.149248e-05	 2421	 iter
1865	 6.149248e-05	 2422	 iter
1866	 6.149248e-05	 2423	 iter
1867	 6.148359e-05	 2425	 iter
1868	 6.148134e-05	 2427	 iter
1869	 6.145745e-05	 2429	 iter
1870	 6.145745e-05	 2430	 iter
1871	 6.145745e-05	 2431	 iter
1872	 6.145745e-05	 2432	 iter
1873	 6.143982e-05	 2434	 iter
1874	 6.138882e-05	 2436	 iter
1875	 6.138882e-05	 2437	 iter
1876	 6.138882e-05	 2438	 iter
1877	 6.138882e-05	 2439	 iter
1878	 6.138882e-05	 2440	 iter
1879	 6.138882e-05	 2441	 iter
1880	 6.138882e-05	 2442	 iter
1881	 6.138815e-05	 2444	 iter
1882	 6.138815e-05	 2445	 iter
1883	 6.138815e-05	 2446	 iter
1884	 6.138815e-05	 2447	 iter
1885	 6.138815e-05	 2448	 iter
1886	 6.135313e-05	 2450	 iter
1887	 6.135313e-05	 2451	 iter
1888	 6.135313e-05	 2452	 iter
1889	 6.132140e-05	 2454	 iter
1890	 6.132140e-05	 2455	 iter
1891	 6.132140e-05	 2456	 iter
1892	 6.132140e-05	 2457	 iter
1893	 6.132140e-05	 2458	 iter
1894	 6.132140e-05	 2459	 iter
1895	 6.120623e-05	 2461	 iter
1896	 6.120623e-05	 2462	 iter
1897	 6.120623e-05	 2463	 iter
1898	 6.120623e-05	 2464	 iter
1899	 6.120623e-05	 2465	 iter
1900	 6.120623e-05	 2466	 iter
1901	 6.120623e-05	 2467	 iter
1902	 6.111000e-05	 2469	 iter
1903	 6.111000e-05	 2470	 iter
1904	 6.111000e-05	 2471	 iter
1905	 6.111000e-05	 2472	 iter
1906	 6.111000e-05	 2473	 iter
1907	 6.111000e-05	 2474	 iter
1908	 6.111000e-05	 2475	 iter
1909	 6.111000e-05	 2476	 iter
1910	 6.111000e-05	 2477	 iter
1911	 6.111000e-05	 2478	 iter
1912	 6.111000e-05	 2479	 iter
1913	 6.107376e-05	 2481	 iter
1914	 6.107376e-05	 2482	 iter
1915	 6.107376e-05	 2483	 iter
1916	 6.107376e-05	 2484	 iter
1917	 6.089009e-05	 2486	 iter
1918	 6.089009e-05	 2487	 iter
1919	 6.089009e-05	 2488	 iter
1920	 6.089009e-05	 2489	 iter
1921	 6.089009e-05	 2490	 iter
1922	 6.089009e-05	 2491	 iter
1923	 6.089009e-05	 2492	 iter
1924	 6.089009e-05	 2493	 iter
1925	 6.089009e-05	 2494	 iter
1926	 6.089009e-05	 2495	 iter
1927	 6.075516e-05	 2497	 iter
1928	 6.075516e-05	 2498	 iter
1929	 6.075516e-05	 2499	 iter
1930	 6.075516e-05	 2500	 iter
1931	 6.075516e-05	 2501	 iter
1932	 6.075516e-05	 2502	 iter
1933	 6.075516e-05	 2503	 iter
1934	 6.074206e-05	 2505	 iter
1935	 6.071314e-05	 2507	 iter
1936	 6.051183e-05	 2509	 iter
1937	 6.051183e-05	 2510	 iter
1938	 6.051183e-05	 2511	 iter
1939	 6.051183e-05	 2512	 iter
1940	 6.051183e-05	 2513	 iter
1941	 6.051183e-05	 2514	 iter
1942	 6.051183e-05	 2515	 iter
1943	 6.030244e-05	 2517	 iter
1944	 6.030244e-05	 2518	 iter
1945	 6.030244e-05	 2519	 iter
1946	 6.030244e-05	 2520	 iter
1947	 6.030244e-05	 2521	 iter
1948	 6.019378e-05	 2523	 iter
1949	 6.019378e-05	 2524	 iter
1950	 6.019378e-05	 2525	 iter
1951	 6.011218e-05	 2527	 iter
1952	 6.011218e-05	 2528	 iter
1953	 6.001105e-05	 2530	 iter
1954	 6.001105e-05	 2531	 iter
1955	 5.967236e-05	 2533	 iter
1956	 5.967236e-05	 2534	 iter
1957	 5.967236e-05	 2535	 iter
1958	 5.967236e-05	 2536	 iter
1959	 5.967236e-05	 2537	 iter
1960	 5.967236e-05	 2538	 iter
1961	 5.956982e-05	 2540	 iter
1962	 5.941726e-05	 2542	 iter
1963	 5.916575e-05	 2544	 iter
1964	 5.916575e-05	 2545	 iter
1965	 5.916575e-05	 2546	 iter
1966	 5.916575e-05	 2547	 iter
1967	 5.887078e-05	 2549	 iter
1968	 5.887078e-05	 2550	 iter
1969	 5.887078e-05	 2551	 iter
1970	 5.825557e-05	 2553	 iter
1971	 5.825557e-05	 2554	 iter
1972	 5.825557e-05	 2555	 iter
1973	 5.825557e-05	 2556	 iter
1974	 5.825557e-05	 2557	 iter
1975	 5.825557e-05	 2558	 iter
1976	 5.825557e-05	 2559	 iter
1977	 5.825557e-05	 2560	 iter
1978	 5.825557e-05	 2561	 iter
1979	 5.825557e-05	 2562	 iter
1980	 5.795420e-05	 2564	 iter
1981	 5.795420e-05	 2565	 iter
1982	 5.795420e-05	 2566	 iter
1983	 5.795420e-05	 2567	 iter
1984	 5.716552e-05	 2569	 iter
1985	 5.716552e-05	 2570	 iter
1986	 5.716552e-05	 2571	 iter
1987	 5.716552e-05	 2572	 iter
1988	 5.716552e-05	 2573	 iter
1989	 5.716552e-05	 2574	 iter
1990	 5.716552e-05	 2575	 iter
1991	 5.716552e-05	 2576	 iter
1992	 5.716552e-05	 2577	 iter
1993	 5.716552e-05	 2578	 iter
1994	 5.686426e-05	 2580	 iter
1995	 5.686426e-05	 2581	 iter
1996	 5.686426e-05	 2582	 iter
1997	 5.686426e-05	 2583	 iter
1998	 5.686426e-05	 2584	 iter
1999	 5.675224e-05	 2586	 iter
2000	 5.672132e-05	 2588	 iter
2001	 5.672132e-05	 2589	 iter
2002	 5.661545e-05	 2591	 iter
2003	 5.651970e-05	 2593	 iter
2004	 5.624481e-05	 2595	 iter
2005	 5.624481e-05	 2596	 iter
2006	 5.624481e-05	 2597	 iter
2007	 5.624481e-05	 2598	 iter
2008	 5.624481e-05	 2599	 iter
2009	 5.624481e-05	 2600	 iter
2010	 5.624481e-05	 2601	 iter
2011	 5.624481e-05	 2602	 iter
2012	 5.609933e-05	 2604	 iter
2013	 5.609933e-05	 2605	 iter
2014	 5.609933e-05	 2606	 iter
2015	 5.609933e-05	 2607	 iter
2016	 5.609933e-05	 2608	 iter
2017	 5.609933e-05	 2610	 iter
2018	 5.609933e-05	 2611	 iter
2019	 5.542196e-05	 2613	 iter
2020	 5.542196e-05	 2614	 iter
2021	 5.542196e-05	 2615	 iter
2022	 5.542196e-05	 2616	 iter
2023	 5.542196e-05	 2617	 iter
2024	 5.542196e-05	 2618	 iter
2025	 5.542196e-05	 2619	 iter
2026	 5.542196e-05	 2620	 iter
2027	 5.542196e-05	 2621	 iter
2028	 5.542196e-05	 2622	 iter
2029	 5.529234e-05	 2624	 iter
2030	 5.520305e-05	 2626	 iter
2031	 5.513009e-05	 2628	 iter
2032	 5.513009e-05	 2629	 iter
2033	 5.501848e-05	 2631	 iter
2034	 5.499751e-05	 2633	 iter
2035	 5.499751e-05	 2634	 iter
2036	 5.480417e-05	 2636	 iter
2037	 5.480417e-05	 2637	 iter
2038	 5.480417e-05	 2638	 iter
2039	 5.480417e-05	 2639	 iter
2040	 5.480417e-05	 2640	 iter
2041	 5.480417e-05	 2641	 iter
2042	 5.480417e-05	 2642	 iter
2043	 5.462930e-05	 2644	 iter
2044	 5.462930e-05	 2645	 iter
2045	 5.434907e-05	 2647	 iter
2046	 5.434907e-05	 2648	 iter
2047	 5.434907e-05	 2649	 iter
2048	 5.434907e-05	 2650	 iter
2049	 5.434907e-05	 2651	 iter
2050	 5.431701e-05	 2653	 iter
2051	 5.431701e-05	 2655	 iter
2052	 5.431701e-05	 2656	 iter
2053	 5.370159e-05	 2658	 iter
2054	 5.370159e-05	 2659	 iter
2055	 5.370159e-05	 2660	 iter
2056	 5.370159e-05	 2661	 iter
2057	 5.370159e-05	 2662	 iter
2058	 5.370159e-05	 2663	 iter
2059	 5.370159e-05	 2664	 iter
2060	 5.370159e-05	 2665	 iter
2061	 5.361915e-05	 2667	 iter
2062	 5.361915e-05	 2668	 iter
2063	 5.361915e-05	 2669	 iter
2064	 5.361915e-05	 2670	 iter
2065	 5.306352e-05	 2672	 iter
2066	 5.306352e-05	 2673	 iter
2067	 5.253677e-05	 2675	 iter
2068	 5.253677e-05	 2676	 iter
2069	 5.253677e-05	 2677	 iter
2070	 5.253677e-05	 2678	 iter
2071	 5.253677e-05	 2679	 iter
2072	 5.253677e-05	 2680	 iter
2073	 5.191027e-05	 2682	 iter
2074	 5.191027e-05	 2683	 iter
2075	 5.191027e-05	 2684	 iter
2076	 5.191027e-05	 2685	 iter
2077	 5.191027e-05	 2686	 iter
2078	 5.191027e-05	 2687	 iter
2079	 5.114235e-05	 2689	 iter
2080	 5.114235e-05	 2690	 iter
2081	 5.016540e-05	 2692	 iter
2082	 5.016540e-05	 2693	 iter
2083	 5.016540e-05	 2694	 iter
2084	 5.016540e-05	 2695	 iter
2085	 5.016540e-05	 2696	 iter
2086	 5.016540e-05	 2697	 iter
2087	 5.016540e-05	 2698	 iter
2088	 5.016540e-05	 2699	 iter
2089	 4.990600e-05	 2701	 iter
2090	 4.990600e-05	 2702	 iter
2091	 4.990600e-05	 2703	 iter
2092	 4.905545e-05	 2705	 iter
2093	 4.905545e-05	 2706	 iter
2094	 4.885142e-05	 2708	 iter
2095	 4.885142e-05	 2709	 iter
2096	 4.883464e-05	 2711	 iter
2097	 4.858296e-05	 2713	 iter
2098	 4.808468e-05	 2715	 iter
2099	 4.808468e-05	 2716	 iter
2100	 4.808468e-05	 2717	 iter
2101	 4.808468e-05	 2718	 iter
2102	 4.641991e-05	 2720	 iter
2103	 4.641991e-05	 2721	 iter
2104	 4.641991e-05	 2722	 iter
2105	 4.641991e-05	 2723	 iter
2106	 4.641991e-05	 2724	 iter
2107	 4.641991e-05	 2725	 iter
2108	 4.641991e-05	 2726	 iter
2109	 4.641991e-05	 2727	 iter
2110	 4.641991e-05	 2728	 iter
2111	 4.641991e-05	 2729	 iter
2112	 4.641991e-05	 2730	 iter
2113	 4.641991e-05	 2731	 iter
2114	 4.641991e-05	 2732	 iter
2115	 4.641991e-05	 2734	 iter
2116	 4.641991e-05	 2735	 iter
2117	 4.641991e-05	 2737	 iter
2118	 4.641991e-05	 2739	 iter
2119	 4.641991e-05	 2740	 iter
2120	 4.641991e-05	 2741	 iter
2121	 4.617626e-05	 2743	 iter
2122	 4.587151e-05	 2745	 iter
2123	 4.587151e-05	 2746	 iter
2124	 4.587151e-05	 2747	 iter
2125	 4.587151e-05	 2748	 iter
2126	 4.587151e-05	 2749	 iter
2127	 4.587151e-05	 2750	 iter
2128	 4.587151e-05	 2752	 iter
2129	 4.561632e-05	 2754	 iter
2130	 4.561632e-05	 2755	 iter
2131	 4.561632e-05	 2757	 iter
2132	 4.559344e-05	 2759	 iter
2133	 4.559344e-05	 2760	 iter
2134	 4.559344e-05	 2761	 iter
2135	 4.559344e-05	 2762	 iter
2136	 4.559344e-05	 2763	 iter
2137	 4.559344e-05	 2764	 iter
2138	 4.520696e-05	 2766	 iter
2139	 4.520696e-05	 2767	 iter
2140	 4.494224e-05	 2769	 iter
2141	 4.464739e-05	 2771	 iter
2142	 4.456238e-05	 2773	 iter
2143	 4.456238e-05	 2774	 iter
2144	 4.456238e-05	 2775	 iter
2145	 4.456238e-05	 2776	 iter
2146	 4.455937e-05	 2778	 iter
2147	 4.455937e-05	 2779	 iter
2148	 4.455937e-05	 2780	 iter
2149	 4.455937e-05	 2781	 iter
2150	 4.455937e-05	 2782	 iter
2151	 4.455937e-05	 2783	 iter
2152	 4.455937e-05	 2784	 iter
2153	 4.455937e-05	 2785	 iter
2154	 4.455937e-05	 2786	 iter
2155	 4.455937e-05	 2787	 iter
2156	 4.455937e-05	 2788	 iter
2157	 4.368090e-05	 2790	 iter
2158	 4.368090e-05	 2791	 iter
2159	 4.368090e-05	 2792	 iter
2160	 4.368090e-05	 2793	 iter
2161	 4.368090e-05	 2794	 iter
2162	 4.368090e-05	 2796	 iter
2163	 4.368090e-05	 2797	 iter
2164	 4.368090e-05	 2799	 iter
2165	 4.368090e-05	 2800	 iter
2166	 4.368090e-05	 2801	 iter
2167	 4.368090e-05	 2802	 iter
2168	 4.368090e-05	 2803	 iter
2169	 4.368090e-05	 2804	 iter
2170	 4.368090e-05	 2805	 iter
2171	 4.368090e-05	 2806	 iter
2172	 4.253818e-05	 2808	 iter
2173	 4.253818e-05	 2809	 iter
2174	 4.253818e-05	 2810	 iter
2175	 4.253818e-05	 2811	 iter
2176	 4.253818e-05	 2812	 iter
2177	 4.253818e-05	 2813	 iter
2178	 4.252320e-05	 2815	 iter
2179	 4.252320e-05	 2816	 iter
2180	 4.252320e-05	 2817	 iter
2181	 4.211842e-05	 2819	 iter
2182	 4.211842e-05	 2820	 iter
2183	 4.211842e-05	 2821	 iter
2184	 4.211842e-05	 2822	 iter
2185	 4.211842e-05	 2823	 iter
2186	 4.211842e-05	 2824	 iter
2187	 4.172847e-05	 2826	 iter
2188	 4.172847e-05	 2827	 iter
2189	 4.172847e-05	 2828	 iter
2190	 4.166999e-05	 2830	 iter
2191	 4.159607e-05	 2832	 iter
2192	 4.159607e-05	 2833	 iter
2193	 4.159607e-05	 2834	 iter
2194	 4.159607e-05	 2835	 iter
2195	 4.159607e-05	 2836	 iter
2196	 4.159607e-05	 2837	 iter
2197	 4.159607e-05	 2838	 iter
2198	 4.127317e-05	 2840	 iter
2199	 4.123179e-05	 2842	 iter
2200	 4.123179e-05	 2843	 iter
2201	 4.123179e-05	 2844	 iter
2202	 4.115264e-05	 2846	 iter
2203	 4.085204e-05	 2848	 iter
2204	 4.085204e-05	 2849	 iter
2205	 4.080754e-05	 2851	 iter
2206	 4.080754e-05	 2852	 iter
2207	 4.080754e-05	 2853	 iter
2208	 4.080754e-05	 2855	 iter
2209	 3.977537e-05	 2857	 iter
2210	 3.977537e-05	 2858	 iter
2211	 3.977537e-05	 2859	 iter
2212	 3.977537e-05	 2860	 iter
2213	 3.977537e-05	 2862	 iter
2214	 3.977537e-05	 2863	 iter
2215	 3.977537e-05	 2864	 iter
2216	 3.977537e-05	 2865	 iter
2217	 3.977537e-05	 2866	 iter
2218	 3.977537e-05	 2868	 iter
2219	 3.977537e-05	 2869	 iter
2220	 3.977537e-05	 2870	 iter
2221	 3.926421e-05	 2872	 iter
2222	 3.926421e-05	 2873	 iter
2223	 3.926421e-05	 2874	 iter
2224	 3.926421e-05	 2875	 iter
2225	 3.926421e-05	 2876	 iter
2226	 3.926421e-05	 2877	 iter
2227	 3.926421e-05	 2878	 iter
2228	 3.926421e-05	 2879	 iter
2229	 3.926421e-05	 2880	 iter
2230	 3.831747e-05	 2882	 iter
2231	 3.831747e-05	 2883	 iter
2232	 3.831747e-05	 2884	 iter
2233	 3.831747e-05	 2885	 iter
2234	 3.831747e-05	 2886	 iter
2235	 3.831747e-05	 2887	 iter
2236	 3.831747e-05	 2888	 iter
2237	 3.831747e-05	 2889	 iter
2238	 3.831747e-05	 2890	 iter
2239	 3.784775e-05	 2892	 iter
2240	 3.784775e-05	 2893	 iter
2241	 3.784775e-05	 2894	 iter
2242	 3.784775e-05	 2895	 iter
2243	 3.784775e-05	 2896	 iter
2244	 3.669441e-05	 2898	 iter
2245	 3.669441e-05	 2899	 iter
2246	 3.669441e-05	 2900	 iter
2247	 3.669441e-05	 2901	 iter
2248	 3.669441e-05	 2902	 iter
2249	 3.669441e-05	 2903	 iter
2250	 3.669441e-05	 2904	 iter
2251	 3.669441e-05	 2905	 iter
2252	 3.669441e-05	 2906	 iter
2253	 3.669441e-05	 2907	 iter
2254	 3.653945e-05	 2909	 iter
2255	 3.653945e-05	 2910	 iter
2256	 3.653945e-05	 2911	 iter
2257	 3.491704e-05	 2913	 iter
2258	 3.491704e-05	 2914	 iter
2259	 3.491704e-05	 2915	 iter
2260	 3.491704e-05	 2916	 iter
2261	 3.491704e-05	 2917	 iter
2262	 3.491704e-05	 2918	 iter
2263	 3.491704e-05	 2919	 iter
2264	 3.491704e-05	 2920	 iter
2265	 3.491704e-05	 2921	 iter
2266	 3.491704e-05	 2922	 iter
2267	 3.491704e-05	 2923	 iter
2268	 3.458419e-05	 2925	 iter
2269	 3.439445e-05	 2927	 iter
2270	 3.379601e-05	 2929	 iter
2271	 3.379601e-05	 2930	 iter
2272	 3.379601e-05	 2931	 iter
2273	 3.263934e-05	 2933	 iter
2274	 3.263934e-05	 2934	 iter
2275	 3.263934e-05	 2935	 iter
2276	 3.263934e-05	 2936	 iter
2277	 3.263934e-05	 2937	 iter
2278	 3.263934e-05	 2939	 iter
2279	 3.263934e-05	 2940	 iter
2280	 3.263934e-05	 2941	 iter
2281	 3.263934e-05	 2942	 iter
2282	 3.263934e-05	 2943	 iter
2283	 3.238188e-05	 2945	 iter
2284	 3.238188e-05	 2946	 iter
2285	 3.221338e-05	 2948	 iter
2286	 3.221338e-05	 2949	 iter
2287	 3.182232e-05	 2951	 iter
2288	 3.167927e-05	 2953	 iter
2289	 3.167927e-05	 2954	 iter
2290	 3.167927e-05	 2955	 iter
2291	 3.167927e-05	 2956	 iter
2292	 3.167927e-05	 2957	 iter
2293	 3.167927e-05	 2958	 iter
2294	 3.161814e-05	 2960	 iter
2295	 3.161814e-05	 2961	 iter
2296	 3.087095e-05	 2963	 iter
2297	 2.986473e-05	 2965	 iter
2298	 2.986473e-05	 2966	 iter
2299	 2.986473e-05	 2967	 iter
2300	 2.986473e-05	 2968	 iter
2301	 2.986473e-05	 2969	 iter
2302	 2.954538e-05	 2971	 iter
2303	 2.954538e-05	 2972	 iter
2304	 2.954538e-05	 2973	 iter
2305	 2.954538e-05	 2974	 iter
2306	 2.954538e-05	 2975	 iter
2307	 2.954538e-05	 2976	 iter
2308	 2.954538e-05	 2977	 iter
2309	 2.954538e-05	 2978	 iter
2310	 2.954538e-05	 2979	 iter
2311	 2.953025e-05	 2981	 iter
2312	 2.933411e-05	 2983	 iter
2313	 2.933411e-05	 2984	 iter
2314	 2.904025e-05	 2986	 iter
2315	 2.904025e-05	 2987	 iter
2316	 2.904025e-05	 2988	 iter
2317	 2.874729e-05	 2990	 iter
2318	 2.874729e-05	 2991	 iter
2319	 2.874729e-05	 2993	 iter
2320	 2.874729e-05	 2995	 iter
2321	 2.874729e-05	 2996	 iter
2322	 2.874729e-05	 2997	 iter
2323	 2.874729e-05	 2998	 iter
2324	 2.874729e-05	 2999	 iter
2325	 2.856513e-05	 3001	 iter
2326	 2.856513e-05	 3002	 iter
2327	 2.856513e-05	 3004	 iter
2328	 2.856513e-05	 3005	 iter
2329	 2.823954e-05	 3007	 iter
2330	 2.823954e-05	 3009	 iter
2331	 2.816370e-05	 3011	 iter
2332	 2.816370e-05	 3012	 iter
2333	 2.816370e-05	 3013	 iter
2334	 2.792782e-05	 3015	 iter
2335	 2.792782e-05	 3016	 iter
2336	 2.792782e-05	 3017	 iter
2337	 2.792782e-05	 3019	 iter
2338	 2.792782e-05	 3020	 iter
2339	 2.792782e-05	 3021	 iter
2340	 2.792782e-05	 3022	 iter
2341	 2.792782e-05	 3023	 iter
2342	 2.792782e-05	 3024	 iter
2343	 2.792782e-05	 3026	 iter
2344	 2.792782e-05	 3027	 iter
2345	 2.792782e-05	 3029	 iter
2346	 2.792782e-05	 3030	 iter
2347	 2.791718e-05	 3032	 iter
2348	 2.791718e-05	 3034	 iter
2349	 2.791718e-05	 3035	 iter
2350	 2.740624e-05	 3037	 iter
2351	 2.740624e-05	 3039	 iter
2352	 2.740624e-05	 3040	 iter
2353	 2.740624e-05	 3041	 iter
2354	 2.740624e-05	 3042	 iter
2355	 2.740624e-05	 3043	 iter
2356	 2.740624e-05	 3044	 iter
2357	 2.740624e-05	 3045	 iter
2358	 2.740624e-05	 3047	 iter
2359	 2.740624e-05	 3049	 iter
2360	 2.740624e-05	 3051	 iter
2361	 2.740624e-05	 3053	 iter
2362	 2.740624e-05	 3055	 iter
2363	 2.734556e-05	 3057	 iter
2364	 2.734556e-05	 3058	 iter
2365	 2.734556e-05	 3059	 iter
2366	 2.734556e-05	 3060	 iter
2367	 2.733036e-05	 3062	 iter
2368	 2.720577e-05	 3064	 iter
2369	 2.720577e-05	 3066	 iter
2370	 2.720577e-05	 3067	 iter
2371	 2.720577e-05	 3068	 iter
2372	 2.720577e-05	 3069	 iter
2373	 2.720577e-05	 3071	 iter
2374	 2.720577e-05	 3073	 iter
2375	 2.720577e-05	 3075	 iter
2376	 2.720577e-05	 3077	 iter
2377	 2.718400e-05	 3079	 iter
2378	 2.716279e-05	 3081	 iter
2379	 2.710149e-05	 3083	 iter
2380	 2.701185e-05	 3085	 iter
2381	 2.699436e-05	 3087	 iter
2382	 2.699436e-05	 3088	 iter
2383	 2.699436e-05	 3089	 iter
2384	 2.690640e-05	 3091	 iter
2385	 2.690640e-05	 3092	 iter
2386	 2.690640e-05	 3093	 iter
2387	 2.685609e-05	 3095	 iter
2388	 2.685609e-05	 3096	 iter
2389	 2.667900e-05	 3098	 iter
2390	 2.667900e-05	 3099	 iter
2391	 2.667900e-05	 3100	 iter
2392	 2.667900e-05	 3101	 iter
2393	 2.667900e-05	 3102	 iter
2394	 2.667900e-05	 3103	 iter
2395	 2.667900e-05	 3104	 iter
2396	 2.663979e-05	 3106	 iter
2397	 2.663979e-05	 3107	 iter
2398	 2.645582e-05	 3109	 iter
2399	 2.645582e-05	 3110	 iter
2400	 2.645582e-05	 3111	 iter
2401	 2.645582e-05	 3112	 iter
2402	 2.645582e-05	 3113	 iter
2403	 2.643921e-05	 3115	 iter
2404	 2.643921e-05	 3116	 iter
2405	 2.643921e-05	 3117	 iter
2406	 2.643921e-05	 3119	 iter
2407	 2.643921e-05	 3120	 iter
2408	 2.643921e-05	 3121	 iter
2409	 2.643453e-05	 3123	 iter
2410	 2.643453e-05	 3124	 iter
2411	 2.624706e-05	 3126	 iter
2412	 2.624706e-05	 3127	 iter
2413	 2.624706e-05	 3128	 iter
2414	 2.624706e-05	 3129	 iter
2415	 2.624706e-05	 3130	 iter
2416	 2.624706e-05	 3131	 iter
2417	 2.624706e-05	 3132	 iter
2418	 2.624706e-05	 3134	 iter
2419	 2.624706e-05	 3135	 iter
2420	 2.624706e-05	 3136	 iter
2421	 2.624706e-05	 3138	 iter
2422	 2.624706e-05	 3139	 iter
2423	 2.616793e-05	 3141	 iter
2424	 2.616793e-05	 3142	 iter
2425	 2.616793e-05	 3143	 iter
2426	 2.616793e-05	 3144	 iter
2427	 2.616793e-05	 3146	 iter
2428	 2.616793e-05	 3148	 iter
2429	 2.616793e-05	 3150	 iter
2430	 2.616793e-05	 3151	 iter
2431	 2.616793e-05	 3152	 iter
2432	 2.616793e-05	 3153	 iter
2433	 2.615844e-05	 3155	 iter
2434	 2.611178e-05	 3157	 iter
2435	 2.611178e-05	 3158	 iter
2436	 2.611178e-05	 3159	 iter
2437	 2.599493e-05	 3161	 iter
2438	 2.599493e-05	 3162	 iter
2439	 2.599493e-05	 3163	 iter
2440	 2.599493e-05	 3164	 iter
2441	 2.599493e-05	 3165	 iter
2442	 2.599493e-05	 3166	 iter
2443	 2.597138e-05	 3168	 iter
2444	 2.591876e-05	 3170	 iter
2445	 2.591876e-05	 3171	 iter
2446	 2.591876e-05	 3172	 iter
2447	 2.591876e-05	 3173	 iter
2448	 2.586418e-05	 3175	 iter
2449	 2.586418e-05	 3176	 iter
2450	 2.586418e-05	 3177	 iter
2451	 2.586418e-05	 3179	 iter
2452	 2.586418e-05	 3181	 iter
2453	 2.586418e-05	 3182	 iter
2454	 2.586418e-05	 3183	 iter
2455	 2.583707e-05	 3185	 iter
2456	 2.583707e-05	 3186	 iter
2457	 2.583707e-05	 3187	 iter
2458	 2.583707e-05	 3188	 iter
2459	 2.583707e-05	 3189	 iter
2460	 2.583707e-05	 3190	 iter
2461	 2.583707e-05	 3191	 iter
2462	 2.583707e-05	 3192	 iter
2463	 2.583707e-05	 3193	 iter
2464	 2.583707e-05	 3194	 iter
2465	 2.577966e-05	 3196	 iter
2466	 2.577966e-05	 3198	 iter
2467	 2.566964e-05	 3200	 iter
2468	 2.566964e-05	 3201	 iter
2469	 2.566964e-05	 3202	 iter
2470	 2.566964e-05	 3203	 iter
2471	 2.566964e-05	 3204	 iter
2472	 2.566964e-05	 3205	 iter
2473	 2.566964e-05	 3207	 iter
2474	 2.566964e-05	 3208	 iter
2475	 2.566964e-05	 3209	 iter
2476	 2.566964e-05	 3210	 iter
2477	 2.566964e-05	 3211	 iter
2478	 2.562329e-05	 3213	 iter
2479	 2.562329e-05	 3214	 iter
2480	 2.562329e-05	 3215	 iter
2481	 2.562329e-05	 3216	 iter
2482	 2.562329e-05	 3217	 iter
2483	 2.562329e-05	 3219	 iter
2484	 2.562329e-05	 3220	 iter
2485	 2.559879e-05	 3222	 iter
2486	 2.559879e-05	 3223	 iter
2487	 2.559879e-05	 3224	 iter
2488	 2.559879e-05	 3225	 iter
2489	 2.559879e-05	 3226	 iter
2490	 2.556503e-05	 3228	 iter
2491	 2.556503e-05	 3229	 iter
2492	 2.556503e-05	 3230	 iter
2493	 2.556503e-05	 3231	 iter
2494	 2.556503e-05	 3232	 iter
2495	 2.556503e-05	 3233	 iter
2496	 2.556503e-05	 3234	 iter
2497	 2.548605e-05	 3236	 iter
2498	 2.548605e-05	 3237	 iter
2499	 2.548605e-05	 3238	 iter
2500	 2.541115e-05	 3240	 iter
2501	 2.541115e-05	 3241	 iter
2502	 2.541115e-05	 3242	 iter
2503	 2.541115e-05	 3243	 iter
2504	 2.541115e-05	 3244	 iter
2505	 2.541115e-05	 3245	 iter
2506	 2.541115e-05	 3246	 iter
2507	 2.541115e-05	 3247	 iter
2508	 2.541115e-05	 3249	 iter
2509	 2.541115e-05	 3250	 iter
2510	 2.541115e-05	 3252	 iter
2511	 2.541115e-05	 3253	 iter
2512	 2.541115e-05	 3255	 iter
2513	 2.541115e-05	 3256	 iter
2514	 2.541115e-05	 3257	 iter
2515	 2.539292e-05	 3259	 iter
2516	 2.539292e-05	 3260	 iter
2517	 2.539292e-05	 3261	 iter
2518	 2.539292e-05	 3262	 iter
2519	 2.539292e-05	 3264	 iter
2520	 2.536049e-05	 3266	 iter
2521	 2.536049e-05	 3267	 iter
2522	 2.533233e-05	 3269	 iter
2523	 2.533233e-05	 3270	 iter
2524	 2.533233e-05	 3272	 iter
2525	 2.533233e-05	 3273	 iter
2526	 2.533233e-05	 3274	 iter
2527	 2.532311e-05	 3276	 iter
2528	 2.532311e-05	 3277	 iter
2529	 2.528109e-05	 3279	 iter
2530	 2.528109e-05	 3280	 iter
2531	 2.528109e-05	 3281	 iter
2532	 2.528109e-05	 3282	 iter
2533	 2.528109e-05	 3283	 iter
2534	 2.526256e-05	 3285	 iter
2535	 2.526256e-05	 3287	 iter
2536	 2.526256e-05	 3288	 iter
2537	 2.526256e-05	 3290	 iter
2538	 2.526256e-05	 3291	 iter
2539	 2.526256e-05	 3292	 iter
2540	 2.526256e-05	 3294	 iter
2541	 2.524393e-05	 3296	 iter
2542	 2.524393e-05	 3297	 iter
2543	 2.524393e-05	 3298	 iter
2544	 2.524393e-05	 3299	 iter
2545	 2.524393e-05	 3300	 iter
2546	 2.522302e-05	 3302	 iter
2547	 2.522302e-05	 3304	 iter
2548	 2.522302e-05	 3305	 iter
2549	 2.522302e-05	 3307	 iter
2550	 2.522302e-05	 3308	 iter
2551	 2.521057e-05	 3310	 iter
2552	 2.520366e-05	 3312	 iter
2553	 2.518363e-05	 3314	 iter
2554	 2.515932e-05	 3316	 iter
2555	 2.515932e-05	 3317	 iter
2556	 2.515932e-05	 3318	 iter
2557	 2.515932e-05	 3319	 iter
2558	 2.514622e-05	 3321	 iter
2559	 2.514622e-05	 3322	 iter
2560	 2.513941e-05	 3324	 iter
2561	 2.513941e-05	 3325	 iter
2562	 2.513941e-05	 3326	 iter
2563	 2.513941e-05	 3327	 iter
2564	 2.513941e-05	 3328	 iter
2565	 2.512081e-05	 3330	 iter
2566	 2.512081e-05	 3331	 iter
2567	 2.512081e-05	 3332	 iter
2568	 2.512081e-05	 3333	 iter
2569	 2.512081e-05	 3334	 iter
2570	 2.510010e-05	 3336	 iter
2571	 2.510010e-05	 3338	 iter
2572	 2.510010e-05	 3339	 iter
2573	 2.510010e-05	 3340	 iter
2574	 2.510010e-05	 3341	 iter
2575	 2.510010e-05	 3342	 iter
2576	 2.509709e-05	 3344	 iter
2577	 2.509709e-05	 3345	 iter
2578	 2.509709e-05	 3347	 iter
2579	 2.509709e-05	 3348	 iter
2580	 2.509709e-05	 3349	 iter
2581	 2.509709e-05	 3350	 iter
2582	 2.509709e-05	 3351	 iter
2583	 2.509709e-05	 3352	 iter
2584	 2.509709e-05	 3353	 iter
2585	 2.504285e-05	 3355	 iter
2586	 2.504285e-05	 3356	 iter
2587	 2.504285e-05	 3357	 iter
2588	 2.504285e-05	 3358	 iter
2589	 2.503270e-05	 3360	 iter
2590	 2.503270e-05	 3361	 iter
2591	 2.503270e-05	 3362	 iter
2592	 2.503270e-05	 3363	 iter
2593	 2.503270e-05	 3364	 iter
2594	 2.503270e-05	 3365	 iter
2595	 2.503270e-05	 3366	 iter
2596	 2.500659e-05	 3368	 iter
2597	 2.500659e-05	 3369	 iter
2598	 2.500659e-05	 3370	 iter
2599	 2.499920e-05	 3372	 iter
2600	 2.499920e-05	 3373	 iter
2601	 2.499920e-05	 3374	 iter
2602	 2.499920e-05	 3375	 iter
2603	 2.498921e-05	 3377	 iter
2604	 2.498921e-05	 3378	 iter
2605	 2.497858e-05	 3380	 iter
2606	 2.497858e-05	 3381	 iter
2607	 2.497858e-05	 3382	 iter
2608	 2.497858e-05	 3383	 iter
2609	 2.497858e-05	 3384	 iter
2610	 2.497858e-05	 3385	 iter
2611	 2.497858e-05	 3387	 iter
2612	 2.497484e-05	 3389	 iter
2613	 2.497484e-05	 3390	 iter
2614	 2.495950e-05	 3392	 iter
2615	 2.495554e-05	 3394	 iter
2616	 2.493211e-05	 3396	 iter
2617	 2.493211e-05	 3397	 iter
2618	 2.493211e-05	 3398	 iter
2619	 2.493211e-05	 3399	 iter
2620	 2.493211e-05	 3400	 iter
2621	 2.493211e-05	 3401	 iter
2622	 2.492323e-05	 3403	 iter
2623	 2.492323e-05	 3405	 iter
2624	 2.492323e-05	 3406	 iter
2625	 2.492323e-05	 3407	 iter
2626	 2.490627e-05	 3409	 iter
2627	 2.490627e-05	 3410	 iter
2628	 2.490627e-05	 3411	 iter
2629	 2.490627e-05	 3413	 iter
2630	 2.490627e-05	 3414	 iter
2631	 2.490627e-05	 3415	 iter
2632	 2.490627e-05	 3416	 iter
2633	 2.489801e-05	 3418	 iter
2634	 2.489801e-05	 3419	 iter
2635	 2.489801e-05	 3420	 iter
2636	 2.489801e-05	 3421	 iter
2637	 2.489801e-05	 3422	 iter
2638	 2.489801e-05	 3423	 iter
2639	 2.489801e-05	 3425	 iter
2640	 2.489801e-05	 3426	 iter
2641	 2.489801e-05	 3427	 iter
2642	 2.488190e-05	 3429	 iter
2643	 2.488190e-05	 3431	 iter
2644	 2.487734e-05	 3433	 iter
2645	 2.487734e-05	 3434	 iter
2646	 2.487734e-05	 3435	 iter
2647	 2.485617e-05	 3437	 iter
2648	 2.485617e-05	 3438	 iter
2649	 2.485617e-05	 3439	 iter
2650	 2.485617e-05	 3440	 iter
2651	 2.485617e-05	 3441	 iter
2652	 2.485617e-05	 3442	 iter
2653	 2.485617e-05	 3443	 iter
2654	 2.485617e-05	 3445	 iter
2655	 2.485617e-05	 3446	 iter
2656	 2.485617e-05	 3447	 iter
2657	 2.485617e-05	 3449	 iter
2658	 2.485617e-05	 3450	 iter
2659	 2.482788e-05	 3452	 iter
2660	 2.482788e-05	 3453	 iter
2661	 2.482788e-05	 3454	 iter
2662	 2.482788e-05	 3455	 iter
2663	 2.482788e-05	 3456	 iter
2664	 2.482788e-05	 3457	 iter
2665	 2.482743e-05	 3459	 iter
2666	 2.482743e-05	 3460	 iter
2667	 2.482743e-05	 3461	 iter
2668	 2.482743e-05	 3462	 iter
2669	 2.482743e-05	 3463	 iter
2670	 2.482743e-05	 3464	 iter
2671	 2.481963e-05	 3466	 iter
2672	 2.479927e-05	 3468	 iter
2673	 2.479927e-05	 3469	 iter
2674	 2.479927e-05	 3470	 iter
2675	 2.479927e-05	 3471	 iter
2676	 2.479927e-05	 3472	 iter
2677	 2.479927e-05	 3473	 iter
2678	 2.479927e-05	 3474	 iter
2679	 2.479927e-05	 3475	 iter
2680	 2.479927e-05	 3476	 iter
2681	 2.479927e-05	 3477	 iter
2682	 2.479927e-05	 3478	 iter
2683	 2.479927e-05	 3479	 iter
2684	 2.479927e-05	 3480	 iter
2685	 2.479927e-05	 3481	 iter
2686	 2.479927e-05	 3483	 iter
2687	 2.479623e-05	 3485	 iter
2688	 2.479623e-05	 3487	 iter
2689	 2.478904e-05	 3489	 iter
2690	 2.478904e-05	 3490	 iter
2691	 2.478904e-05	 3491	 iter
2692	 2.478904e-05	 3492	 iter
2693	 2.478904e-05	 3493	 iter
2694	 2.478904e-05	 3494	 iter
2695	 2.478904e-05	 3495	 iter
2696	 2.477759e-05	 3497	 iter
2697	 2.477759e-05	 3499	 iter
2698	 2.477759e-05	 3500	 iter
2699	 2.477759e-05	 3501	 iter
2700	 2.477759e-05	 3502	 iter
2701	 2.477759e-05	 3503	 iter
2702	 2.477759e-05	 3505	 iter
2703	 2.477759e-05	 3506	 iter
2704	 2.477759e-05	 3507	 iter
2705	 2.477759e-05	 3508	 iter
2706	 2.477647e-05	 3510	 iter
2707	 2.477647e-05	 3511	 iter
2708	 2.477647e-05	 3513	 iter
2709	 2.477647e-05	 3514	 iter
2710	 2.477647e-05	 3516	 iter
2711	 2.477647e-05	 3517	 iter
2712	 2.477647e-05	 3518	 iter
2713	 2.477533e-05	 3520	 iter
2714	 2.477533e-05	 3521	 iter
2715	 2.477411e-05	 3523	 iter
2716	 2.477411e-05	 3524	 iter
2717	 2.477291e-05	 3526	 iter
2718	 2.477291e-05	 3528	 iter
2719	 2.476518e-05	 3530	 iter
2720	 2.476518e-05	 3531	 iter
2721	 2.476518e-05	 3532	 iter
2722	 2.476518e-05	 3534	 iter
2723	 2.476518e-05	 3536	 iter
2724	 2.476518e-05	 3537	 iter
2725	 2.476518e-05	 3539	 iter
2726	 2.476518e-05	 3540	 iter
2727	 2.476518e-05	 3541	 iter
2728	 2.476518e-05	 3542	 iter
2729	 2.476518e-05	 3544	 iter
2730	 2.476518e-05	 3545	 iter
2731	 2.476518e-05	 3547	 iter
2732	 2.476518e-05	 3549	 iter
2733	 2.476518e-05	 3551	 iter
2734	 2.476518e-05	 3552	 iter
2735	 2.476478e-05	 3554	 iter
2736	 2.476478e-05	 3555	 iter
2737	 2.476478e-05	 3556	 iter
2738	 2.476428e-05	 3558	 iter
2739	 2.476428e-05	 3559	 iter
2740	 2.476299e-05	 3561	 iter
2741	 2.476299e-05	 3562	 iter
2742	 2.476299e-05	 3563	 iter
2743	 2.476264e-05	 3565	 iter
2744	 2.475797e-05	 3567	 iter
2745	 2.475797e-05	 3569	 iter
2746	 2.475797e-05	 3570	 iter
2747	 2.475797e-05	 3571	 iter
2748	 2.475797e-05	 3573	 iter
2749	 2.475797e-05	 3574	 iter
2750	 2.475797e-05	 3575	 iter
2751	 2.475797e-05	 3576	 iter
2752	 2.475797e-05	 3577	 iter
2753	 2.475797e-05	 3578	 iter
2754	 2.475797e-05	 3579	 iter
2755	 2.475797e-05	 3580	 iter
2756	 2.475797e-05	 3582	 iter
2757	 2.475797e-05	 3583	 iter
2758	 2.475797e-05	 3585	 iter
2759	 2.475797e-05	 3586	 iter
2760	 2.475797e-05	 3587	 iter
2761	 2.475797e-05	 3588	 iter
2762	 2.475797e-05	 3590	 iter
2763	 2.475797e-05	 3592	 iter
2764	 2.475797e-05	 3594	 iter
2765	 2.475797e-05	 3595	 iter
2766	 2.475797e-05	 3596	 iter
2767	 2.475776e-05	 3598	 iter
2768	 2.475759e-05	 3600	 iter
2769	 2.475510e-05	 3602	 iter
2770	 2.475510e-05	 3604	 iter
2771	 2.475510e-05	 3605	 iter
2772	 2.475510e-05	 3606	 iter
2773	 2.475510e-05	 3608	 iter
2774	 2.475510e-05	 3610	 iter
2775	 2.475510e-05	 3612	 iter
2776	 2.475510e-05	 3614	 iter
2777	 2.475510e-05	 3616	 iter
2778	 2.475510e-05	 3617	 iter
2779	 2.475479e-05	 3619	 iter
2780	 2.475479e-05	 3621	 iter
2781	 2.475479e-05	 3622	 iter
2782	 2.475479e-05	 3623	 iter
2783	 2.475479e-05	 3624	 iter
2784	 2.475479e-05	 3625	 iter
2785	 2.475479e-05	 3626	 iter
2786	 2.475479e-05	 3627	 iter
2787	 2.475479e-05	 3628	 iter
2788	 2.475479e-05	 3630	 iter
2789	 2.475479e-05	 3632	 iter
2790	 2.475479e-05	 3634	 iter
2791	 2.475462e-05	 3636	 iter
2792	 2.475462e-05	 3637	 iter
2793	 2.475462e-05	 3638	 iter
2794	 2.475394e-05	 3640	 iter
2795	 2.475394e-05	 3641	 iter
2796	 2.475394e-05	 3642	 iter
2797	 2.475394e-05	 3643	 iter
2798	 2.475394e-05	 3644	 iter
2799	 2.475394e-05	 3646	 iter
2800	 2.475394e-05	 3647	 iter
2801	 2.475394e-05	 3648	 iter
2802	 2.475394e-05	 3649	 iter
2803	 2.475394e-05	 3651	 iter
2804	 2.475394e-05	 3653	 iter
2805	 2.475394e-05	 3654	 iter
2806	 2.475394e-05	 3655	 iter
2807	 2.475387e-05	 3657	 iter
2808	 2.475387e-05	 3658	 iter
2809	 2.475387e-05	 3659	 iter
2810	 2.475387e-05	 3660	 iter
2811	 2.475387e-05	 3661	 iter
2812	 2.475387e-05	 3662	 iter
2813	 2.475387e-05	 3663	 iter
2814	 2.475371e-05	 3665	 iter
2815	 2.475371e-05	 3666	 iter
2816	 2.475354e-05	 3668	 iter
2817	 2.475354e-05	 3670	 iter
2818	 2.475354e-05	 3671	 iter
2819	 2.475354e-05	 3672	 iter
2820	 2.475354e-05	 3674	 iter
2821	 2.475354e-05	 3675	 iter
2822	 2.475354e-05	 3677	 iter
2823	 2.475354e-05	 3678	 iter
2824	 2.475354e-05	 3679	 iter
2825	 2.475354e-05	 3681	 iter
2826	 2.475319e-05	 3683	 iter
2827	 2.475319e-05	 3684	 iter
2828	 2.475319e-05	 3685	 iter
2829	 2.475319e-05	 3686	 iter
2830	 2.475319e-05	 3688	 iter
2831	 2.475319e-05	 3690	 iter
2832	 2.475319e-05	 3692	 iter
2833	 2.475319e-05	 3694	 iter
2834	 2.475319e-05	 3695	 iter
2835	 2.475319e-05	 3697	 iter
2836	 2.475319e-05	 3699	 iter
2837	 2.475319e-05	 3700	 iter
2838	 2.475319e-05	 3702	 iter
2839	 2.475319e-05	 3704	 iter
2840	 2.475319e-05	 3705	 iter
2841	 2.475319e-05	 3707	 iter
2842	 2.475319e-05	 3708	 iter
2843	 2.475319e-05	 3709	 iter
2844	 2.475319e-05	 3710	 iter
2845	 2.475312e-05	 3712	 iter
2846	 2.475312e-05	 3713	 iter
2847	 2.475312e-05	 3714	 iter
2848	 2.475312e-05	 3716	 iter
2849	 2.475298e-05	 3718	 iter
2850	 2.475298e-05	 3720	 iter
2851	 2.475297e-05	 3722	 iter
2852	 2.475297e-05	 3724	 iter
2853	 2.475297e-05	 3725	 iter
2854	 2.475297e-05	 3726	 iter
2855	 2.475297e-05	 3728	 iter
2856	 2.475297e-05	 3730	 iter
2857	 2.475297e-05	 3731	 iter
2857	 2.475297e-05	 3731	 done
