0	 5.435936e-33	 1	 init
0	 5.435936e-33	 1	 iter
1	 5.435936e-33	 17	 iter
2	 5.435936e-33	 19	 iter
3	 5.435936e-33	 21	 iter
4	 5.435936e-33	 23	 iter
5	 5.435936e-33	 25	 iter
6	 5.435936e-33	 27	 iter
7	 5.435936e-33	 29	 iter
8	 5.435936e-33	 31	 iter
9	 5.435936e-33	 33	 iter
10	 5.435936e-33	 34	 iter
11	 5.435936e-33	 35	 iter
12	 5.435936e-33	 37	 iter
13	 5.435936e-33	 39	 iter
14	 5.435936e-33	 41	 iter
15	 5.435936e-33	 43	 iter
16	 5.435936e-33	 45	 iter
17	 5.435936e-33	 46	 iter
18	 5.435936e-33	 47	 iter
19	 5.435936e-33	 49	 iter
20	 5.435936e-33	 51	 iter
21	 5.435936e-33	 53	 iter
22	 5.435936e-33	 55	 iter
23	 5.435936e-33	 57	 iter
24	 5.435936e-33	 58	 iter
25	 5.435936e-33	 60	 iter
26	 5.435936e-33	 62	 iter
27	 5.435936e-33	 63	 iter
28	 5.435936e-33	 65	 iter
29	 5.435936e-33	 67	 iter
30	 5.435936e-33	 69	 iter
31	 5.435936e-33	 71	 iter
32	 5.435936e-33	 73	 iter
33	 5.435936e-33	 74	 iter
34	 5.435936e-33	 76	 iter
35	 5.435936e-33	 77	 iter
36	 5.435936e-33	 79	 iter
37	 5.435936e-33	 80	 iter
38	 5.435936e-33	 82	 iter
39	 5.435936e-33	 84	 iter
40	 5.435936e-33	 86	 iter
41	 5.435936e-33	 88	 iter
42	 5.435936e-33	 90	 iter
43	 5.435936e-33	 92	 iter
44	 5.435936e-33	 93	 iter
45	 5.435936e-33	 95	 iter
46	 5.435936e-33	 97	 iter
47	 5.435936e-33	 99	 iter
48	 5.435936e-33	 101	 iter
49	 5.435936e-33	 103	 iter
50	 5.435936e-33	 105	 iter
51	 5.435936e-33	 107	 iter
52	 5.435936e-33	 108	 iter
53	 5.435936e-33	 110	 iter
54	 5.435936e-33	 112	 iter
55	 5.435936e-33	 113	 iter
56	 5.435936e-33	 115	 iter
57	 5.435936e-33	 117	 iter
58	 5.435936e-33	 119	 iter
59	 5.435936e-33	 121	 iter
60	 5.435936e-33	 122	 iter
61	 5.435936e-33	 124	 iter
62	 5.435936e-33	 126	 iter
63	 5.435936e-33	 127	 iter
64	 5.435936e-33	 129	 iter
65	 5.435936e-33	 131	 iter
66	 5.435936e-33	 133	 iter
67	 5.435936e-33	 134	 iter
68	 5.435936e-33	 136	 iter
69	 5.435936e-33	 138	 iter
70	 5.435936e-33	 139	 iter
71	 5.435936e-33	 141	 iter
72	 5.435936e-33	 143	 iter
73	 5.435936e-33	 144	 iter
74	 5.435936e-33	 145	 iter
75	 5.435936e-33	 147	 iter
76	 5.435936e-33	 149	 iter
77	 5.435936e-33	 151	 iter
78	 5.435936e-33	 153	 iter
79	 5.435936e-33	 155	 iter
80	 5.435936e-33	 156	 iter
81	 5.435936e-33	 157	 iter
82	 5.435936e-33	 159	 iter
83	 5.435936e-33	 161	 iter
84	 5.435936e-33	 163	 iter
85	 5.435936e-33	 165	 iter
86	 5.435936e-33	 167	 iter
87	 5.435936e-33	 169	 iter
88	 5.435936e-33	 171	 iter
89	 5.435936e-33	 173	 iter
90	 5.435936e-33	 174	 iter
91	 5.435936e-33	 175	 iter
92	 5.435936e-33	 176	 iter
93	 5.435936e-33	 178	 iter
94	 5.435936e-33	 180	 iter
95	 5.435936e-33	 182	 iter
96	 5.435936e-33	 184	 iter
97	 5.435936e-33	 185	 iter
98	 5.435936e-33	 187	 iter
99	 5.435936e-33	 189	 iter
100	 5.435936e-33	 191	 iter
101	 5.435936e-33	 192	 iter
102	 5.435936e-33	 193	 iter
103	 5.435936e-33	 194	 iter
104	 5.435936e-33	 196	 iter
105	 5.435936e-33	 197	 iter
106	 5.435936e-33	 198	 iter
107	 5.435936e-33	 199	 iter
108	 5.435936e-33	 201	 iter
109	 5.435936e-33	 203	 iter
110	 5.435936e-33	 205	 iter
111	 5.435936e-33	 206	 iter
112	 5.435936e-33	 208	 iter
113	 5.435936e-33	 209	 iter
114	 5.435936e-33	 211	 iter
115	 5.435936e-33	 213	 iter
116	 5.435936e-33	 215	 iter
117	 5.435936e-33	 216	 iter
118	 5.435936e-33	 217	 iter
119	 5.435936e-33	 219	 iter
120	 5.435936e-33	 220	 iter
121	 5.435936e-33	 222	 iter
122	 5.435936e-33	 223	 iter
122	 5.435936e-33	 223	 done
