0	 3.025963e-33	 1	 init
0	 3.025963e-33	 1	 iter
1	 3.025963e-33	 17	 iter
2	 3.025963e-33	 19	 iter
3	 3.025963e-33	 21	 iter
4	 3.025963e-33	 23	 iter
5	 3.025963e-33	 25	 iter
6	 3.025963e-33	 27	 iter
7	 3.025963e-33	 29	 iter
8	 3.025963e-33	 31	 iter
9	 3.025963e-33	 33	 iter
10	 3.025963e-33	 34	 iter
11	 3.025963e-33	 36	 iter
12	 3.025963e-33	 38	 iter
13	 3.025963e-33	 39	 iter
14	 3.025963e-33	 41	 iter
15	 3.025963e-33	 43	 iter
16	 3.025963e-33	 45	 iter
17	 3.025963e-33	 47	 iter
18	 3.025963e-33	 49	 iter
19	 3.025963e-33	 51	 iter
20	 3.025963e-33	 52	 iter
21	 3.025963e-33	 54	 iter
22	 3.025963e-33	 56	 iter
23	 3.025963e-33	 58	 iter
24	 3.025963e-33	 60	 iter
25	 3.025963e-33	 62	 iter
26	 3.025963e-33	 64	 iter
27	 3.025963e-33	 66	 iter
28	 3.025963e-33	 68	 iter
29	 3.025963e-33	 70	 iter
30	 3.025963e-33	 72	 iter
31	 3.025963e-33	 74	 iter
32	 3.025963e-33	 76	 iter
33	 3.025963e-33	 77	 iter
34	 3.025963e-33	 79	 iter
35	 3.025963e-33	 81	 iter
36	 3.025963e-33	 82	 iter
37	 3.025963e-33	 84	 iter
38	 3.025963e-33	 85	 iter
39	 3.025963e-33	 87	 iter
40	 3.025963e-33	 89	 iter
41	 3.025963e-33	 91	 iter
42	 3.025963e-33	 93	 iter
43	 3.025963e-33	 94	 iter
44	 3.025963e-33	 96	 iter
45	 3.025963e-33	 98	 iter
46	 3.025963e-33	 100	 iter
47	 3.025963e-33	 102	 iter
48	 3.025963e-33	 104	 iter
49	 3.025963e-33	 105	 iter
50	 3.025963e-33	 107	 iter
51	 3.025963e-33	 108	 iter
52	 3.025963e-33	 110	 iter
53	 3.025963e-33	 112	 iter
54	 3.025963e-33	 114	 iter
55	 3.025963e-33	 116	 iter
56	 3.025963e-33	 118	 iter
57	 3.025963e-33	 120	 iter
58	 3.025963e-33	 122	 iter
59	 3.025963e-33	 123	 iter
60	 3.025963e-33	 124	 iter
61	 3.025963e-33	 126	 iter
62	 3.025963e-33	 128	 iter
63	 3.025963e-33	 130	 iter
64	 3.025963e-33	 132	 iter
65	 3.025963e-33	 134	 iter
66	 3.025963e-33	 136	 iter
67	 3.025963e-33	 138	 iter
68	 3.025963e-33	 140	 iter
69	 3.025963e-33	 142	 iter
70	 3.025963e-33	 144	 iter
71	 3.025963e-33	 146	 iter
72	 3.025963e-33	 148	 iter
73	 3.025963e-33	 149	 iter
74	 3.025963e-33	 150	 iter
75	 3.025963e-33	 152	 iter
76	 3.025963e-33	 153	 iter
77	 3.025963e-33	 155	 iter
78	 3.025963e-33	 157	 iter
79	 3.025963e-33	 158	 iter
80	 3.025963e-33	 160	 iter
81	 3.025963e-33	 162	 iter
82	 3.025963e-33	 163	 iter
83	 3.025963e-33	 165	 iter
84	 3.025963e-33	 167	 iter
85	 3.025963e-33	 168	 iter
86	 3.025963e-33	 169	 iter
87	 3.025963e-33	 171	 iter
88	 3.025963e-33	 172	 iter
89	 3.025963e-33	 174	 iter
90	 3.025963e-33	 176	 iter
91	 3.025963e-33	 177	 iter
92	 3.025963e-33	 178	 iter
93	 3.025963e-33	 180	 iter
94	 3.025963e-33	 182	 iter
95	 3.025963e-33	 184	 iter
96	 3.025963e-33	 185	 iter
97	 3.025963e-33	 186	 iter
98	 3.025963e-33	 188	 iter
99	 3.025963e-33	 189	 iter
100	 3.025963e-33	 191	 iter
101	 3.025963e-33	 192	 iter
102	 3.025963e-33	 194	 iter
103	 3.025963e-33	 195	 iter
104	 3.025963e-33	 196	 iter
105	 3.025963e-33	 198	 iter
106	 3.025963e-33	 200	 iter
107	 3.025963e-33	 202	 iter
108	 3.025963e-33	 204	 iter
109	 3.025963e-33	 205	 iter
110	 3.025963e-33	 207	 iter
111	 3.025963e-33	 208	 iter
112	 3.025963e-33	 210	 iter
113	 3.025963e-33	 211	 iter
114	 3.025963e-33	 212	 iter
115	 3.025963e-33	 214	 iter
116	 3.025963e-33	 216	 iter
117	 3.025963e-33	 218	 iter
118	 3.025963e-33	 220	 iter
119	 3.025963e-33	 222	 iter
120	 3.025963e-33	 223	 iter
121	 3.025963e-33	 224	 iter
122	 3.025963e-33	 226	 iter
123	 3.025963e-33	 228	 iter
124	 3.025963e-33	 229	 iter
125	 3.025963e-33	 230	 iter
126	 3.025963e-33	 232	 iter
127	 3.025963e-33	 234	 iter
128	 3.025963e-33	 236	 iter
129	 3.025963e-33	 238	 iter
130	 3.025963e-33	 239	 iter
131	 3.025963e-33	 241	 iter
132	 3.025963e-33	 243	 iter
133	 3.025963e-33	 245	 iter
134	 3.025963e-33	 247	 iter
135	 3.025963e-33	 248	 iter
136	 3.025963e-33	 249	 iter
137	 3.025963e-33	 251	 iter
138	 3.025963e-33	 252	 iter
139	 3.025963e-33	 253	 iter
140	 3.025963e-33	 254	 iter
141	 3.025963e-33	 256	 iter
142	 3.025963e-33	 258	 iter
143	 3.025963e-33	 259	 iter
144	 3.025963e-33	 261	 iter
145	 3.025963e-33	 263	 iter
146	 3.025963e-33	 264	 iter
147	 3.025963e-33	 266	 iter
148	 3.025963e-33	 267	 iter
149	 3.025963e-33	 269	 iter
150	 3.025963e-33	 270	 iter
151	 3.025963e-33	 271	 iter
152	 3.025963e-33	 272	 iter
153	 3.025963e-33	 273	 iter
154	 3.025963e-33	 275	 iter
155	 3.025963e-33	 277	 iter
156	 3.025963e-33	 279	 iter
157	 3.025963e-33	 281	 iter
158	 3.025963e-33	 282	 iter
159	 3.025963e-33	 283	 iter
160	 3.025963e-33	 285	 iter
161	 3.025963e-33	 286	 iter
162	 3.025963e-33	 288	 iter
163	 3.025963e-33	 290	 iter
164	 3.025963e-33	 291	 iter
165	 3.025963e-33	 293	 iter
166	 3.025963e-33	 295	 iter
166	 3.025963e-33	 295	 done
