0	 2.479849e-02	 1	 init
0	 2.479849e-02	 1	 iter
1	 2.173329e-02	 17	 iter
2	 2.173329e-02	 18	 iter
3	 2.173329e-02	 19	 iter
4	 2.173329e-02	 20	 iter
5	 2.173329e-02	 21	 iter
6	 2.173329e-02	 22	 iter
7	 2.173329e-02	 23	 iter
8	 2.173329e-02	 24	 iter
9	 2.173329e-02	 25	 iter
10	 2.173329e-02	 26	 iter
11	 2.005006e-02	 28	 iter
12	 2.005006e-02	 29	 iter
13	 2.005006e-02	 30	 iter
14	 2.005006e-02	 31	 iter
15	 1.746065e-02	 33	 iter
16	 1.746065e-02	 34	 iter
17	 1.746065e-02	 35	 iter
18	 1.746065e-02	 36	 iter
19	 1.746065e-02	 37	 iter
20	 1.746065e-02	 38	 iter
21	 1.746065e-02	 39	 iter
22	 1.746065e-02	 40	 iter
23	 1.746065e-02	 41	 iter
24	 1.521144e-02	 43	 iter
25	 1.521144e-02	 44	 iter
26	 1.521144e-02	 45	 iter
27	 1.521144e-02	 46	 iter
28	 1.521144e-02	 47	 iter
29	 1.521144e-02	 48	 iter
30	 1.521144e-02	 49	 iter
31	 1.260091e-02	 51	 iter
32	 1.260091e-02	 52	 iter
33	 1.260091e-02	 53	 iter
34	 1.260091e-02	 54	 iter
35	 1.260091e-02	 55	 iter
36	 9.843324e-03	 57	 iter
37	 9.843324e-03	 58	 iter
38	 9.843324e-03	 59	 iter
39	 9.843324e-03	 60	 iter
40	 9.843324e-03	 61	 iter
41	 9.843324e-03	 62	 iter
42	 9.843324e-03	 63	 iter
43	 9.843324e-03	 64	 iter
44	 7.111661e-03	 66	 iter
45	 7.111661e-03	 67	 iter
46	 7.111661e-03	 68	 iter
47	 7.111661e-03	 69	 iter
48	 7.111661e-03	 70	 iter
49	 4.654526e-03	 72	 iter
50	 4.654526e-03	 73	 iter
51	 4.654526e-03	 74	 iter
52	 4.654526e-03	 75	 iter
53	 4.654526e-03	 76	 iter
54	 4.654526e-03	 77	 iter
55	 4.654526e-03	 78	 iter
56	 2.794091e-03	 80	 iter
57	 2.794091e-03	 81	 iter
58	 2.794091e-03	 82	 iter
59	 2.794091e-03	 83	 iter
60	 1.586416e-03	 85	 iter
61	 1.586416e-03	 86	 iter
62	 1.586416e-03	 87	 iter
63	 1.586416e-03	 88	 iter
64	 1.586416e-03	 89	 iter
65	 1.586416e-03	 90	 iter
66	 1.586416e-03	 91	 iter
67	 1.565751e-03	 93	 iter
68	 1.565751e-03	 94	 iter
69	 1.539222e-03	 96	 iter
70	 1.521864e-03	 98	 iter
71	 1.521864e-03	 99	 iter
72	 1.365034e-03	 101	 iter
73	 1.365034e-03	 102	 iter
74	 1.365034e-03	 103	 iter
75	 1.365034e-03	 104	 iter
76	 1.365034e-03	 105	 iter
77	 1.365034e-03	 106	 iter
78	 1.365034e-03	 107	 iter
79	 1.365034e-03	 109	 iter
80	 1.365034e-03	 110	 iter
81	 1.365034e-03	 112	 iter
82	 1.365034e-03	 114	 iter
83	 1.365034e-03	 116	 iter
84	 1.365034e-03	 118	 iter
85	 1.365034e-03	 119	 iter
86	 1.365034e-03	 120	 iter
87	 1.365034e-03	 122	 iter
88	 1.365034e-03	 124	 iter
89	 1.365034e-03	 125	 iter
90	 1.365034e-03	 127	 iter
91	 1.183567e-03	 129	 iter
92	 1.183567e-03	 131	 iter
93	 1.183567e-03	 133	 iter
94	 1.183567e-03	 134	 iter
95	 1.183567e-03	 136	 iter
96	 1.183567e-03	 137	 iter
97	 1.183567e-03	 138	 iter
98	 1.183567e-03	 139	 iter
99	 1.183567e-03	 140	 iter
100	 1.183567e-03	 141	 iter
101	 1.183567e-03	 143	 iter
102	 1.183567e-03	 144	 iter
103	 1.183567e-03	 145	 iter
104	 1.183567e-03	 146	 iter
105	 1.183567e-03	 147	 iter
106	 1.004516e-03	 149	 iter
107	 1.004516e-03	 150	 iter
108	 1.004516e-03	 151	 iter
109	 1.004516e-03	 153	 iter
110	 1.004516e-03	 154	 iter
111	 1.004516e-03	 155	 iter
112	 1.004516e-03	 157	 iter
113	 1.004516e-03	 158	 iter
114	 1.004516e-03	 159	 iter
115	 1.004516e-03	 160	 iter
116	 1.004516e-03	 161	 iter
117	 1.004516e-03	 162	 iter
118	 1.004516e-03	 163	 iter
119	 1.004516e-03	 164	 iter
120	 9.719648e-04	 166	 iter
121	 9.022793e-04	 168	 iter
122	 9.022793e-04	 169	 iter
123	 8.747277e-04	 171	 iter
124	 8.747277e-04	 172	 iter
125	 8.747277e-04	 173	 iter
126	 7.745769e-04	 175	 iter
127	 7.745769e-04	 176	 iter
128	 7.745769e-04	 177	 iter
129	 7.745769e-04	 178	 iter
130	 7.745769e-04	 179	 iter
131	 7.745769e-04	 180	 iter
132	 7.745769e-04	 181	 iter
133	 7.745769e-04	 182	 iter
134	 7.745769e-04	 183	 iter
135	 7.745769e-04	 184	 iter
136	 7.745769e-04	 185	 iter
137	 7.745769e-04	 186	 iter
138	 7.745769e-04	 187	 iter
139	 7.745769e-04	 189	 iter
140	 7.745769e-04	 190	 iter
141	 7.745769e-04	 192	 iter
142	 7.745769e-04	 194	 iter
143	 7.745769e-04	 195	 iter
144	 7.745769e-04	 197	 iter
145	 7.745769e-04	 198	 iter
146	 7.745769e-04	 200	 iter
147	 7.745769e-04	 202	 iter
148	 7.745769e-04	 203	 iter
149	 7.745769e-04	 204	 iter
150	 7.734148e-04	 206	 iter
151	 7.734148e-04	 208	 iter
152	 7.734148e-04	 209	 iter
153	 7.734148e-04	 210	 iter
154	 7.734148e-04	 211	 iter
155	 7.734148e-04	 212	 iter
156	 7.734148e-04	 213	 iter
157	 7.400433e-04	 215	 iter
158	 7.400433e-04	 216	 iter
159	 7.400433e-04	 217	 iter
160	 7.400433e-04	 218	 iter
161	 7.400433e-04	 220	 iter
162	 7.400433e-04	 221	 iter
163	 7.400433e-04	 222	 iter
164	 7.226356e-04	 224	 iter
165	 7.226356e-04	 226	 iter
166	 7.226356e-04	 227	 iter
167	 7.226356e-04	 228	 iter
168	 7.226356e-04	 229	 iter
169	 7.226356e-04	 230	 iter
170	 7.226356e-04	 231	 iter
171	 7.226356e-04	 233	 iter
172	 7.226356e-04	 234	 iter
173	 7.226356e-04	 235	 iter
174	 7.117531e-04	 237	 iter
175	 7.117531e-04	 238	 iter
176	 7.117531e-04	 239	 iter
177	 6.987727e-04	 241	 iter
178	 6.987727e-04	 242	 iter
179	 6.987727e-04	 243	 iter
180	 6.987727e-04	 245	 iter
181	 6.987727e-04	 247	 iter
182	 6.987727e-04	 248	 iter
183	 6.987727e-04	 250	 iter
184	 6.987727e-04	 252	 iter
185	 6.987727e-04	 253	 iter
186	 6.987727e-04	 254	 iter
187	 6.987727e-04	 256	 iter
188	 6.987727e-04	 257	 iter
189	 6.987727e-04	 258	 iter
190	 6.987727e-04	 259	 iter
191	 6.987727e-04	 260	 iter
192	 6.870910e-04	 262	 iter
193	 6.870910e-04	 263	 iter
194	 6.870910e-04	 265	 iter
195	 6.870910e-04	 267	 iter
196	 6.870910e-04	 268	 iter
197	 6.870910e-04	 269	 iter
198	 6.748645e-04	 271	 iter
199	 6.748645e-04	 272	 iter
200	 6.692405e-04	 274	 iter
201	 6.692405e-04	 275	 iter
202	 6.692405e-04	 276	 iter
203	 6.685201e-04	 278	 iter
204	 6.685201e-04	 279	 iter
205	 6.416244e-04	 281	 iter
206	 6.416244e-04	 282	 iter
207	 6.416244e-04	 283	 iter
208	 6.416244e-04	 284	 iter
209	 6.416244e-04	 285	 iter
210	 6.416244e-04	 286	 iter
211	 6.416244e-04	 287	 iter
212	 6.416244e-04	 288	 iter
213	 6.053305e-04	 290	 iter
214	 6.053305e-04	 291	 iter
215	 6.053305e-04	 292	 iter
216	 6.053305e-04	 293	 iter
217	 6.053305e-04	 294	 iter
218	 6.053305e-04	 295	 iter
219	 6.053305e-04	 296	 iter
220	 6.053305e-04	 297	 iter
221	 6.053305e-04	 298	 iter
222	 6.053305e-04	 299	 iter
223	 6.053305e-04	 300	 iter
224	 5.975499e-04	 302	 iter
225	 5.918876e-04	 304	 iter
226	 5.874311e-04	 306	 iter
227	 5.874311e-04	 307	 iter
228	 5.874311e-04	 308	 iter
229	 5.874311e-04	 309	 iter
230	 5.733051e-04	 311	 iter
231	 5.702870e-04	 313	 iter
232	 5.300452e-04	 315	 iter
233	 5.300452e-04	 316	 iter
234	 5.300452e-04	 317	 iter
235	 5.300452e-04	 318	 iter
236	 5.300452e-04	 319	 iter
237	 4.761025e-04	 321	 iter
238	 4.761025e-04	 322	 iter
239	 4.761025e-04	 323	 iter
240	 4.761025e-04	 324	 iter
241	 4.761025e-04	 325	 iter
242	 4.761025e-04	 326	 iter
243	 4.761025e-04	 327	 iter
244	 4.761025e-04	 328	 iter
245	 4.761025e-04	 329	 iter
246	 4.761025e-04	 330	 iter
247	 4.761025e-04	 331	 iter
248	 4.761025e-04	 332	 iter
249	 4.761025e-04	 333	 iter
250	 4.428073e-04	 335	 iter
251	 4.428073e-04	 336	 iter
252	 4.428073e-04	 337	 iter
253	 4.374782e-04	 339	 iter
254	 4.374782e-04	 340	 iter
255	 4.374782e-04	 341	 iter
256	 4.265069e-04	 343	 iter
257	 3.952449e-04	 345	 iter
258	 3.952449e-04	 346	 iter
259	 3.952449e-04	 347	 iter
260	 3.952449e-04	 348	 iter
261	 3.952449e-04	 349	 iter
262	 3.952449e-04	 350	 iter
263	 3.952449e-04	 351	 iter
264	 3.847092e-04	 353	 iter
265	 3.417026e-04	 355	 iter
266	 2.805828e-04	 357	 iter
267	 2.805828e-04	 358	 iter
268	 2.805828e-04	 359	 iter
269	 2.805828e-04	 360	 iter
270	 2.805828e-04	 361	 iter
271	 2.805828e-04	 362	 iter
272	 2.805828e-04	 363	 iter
273	 2.805828e-04	 364	 iter
274	 2.805828e-04	 365	 iter
275	 2.805828e-04	 366	 iter
276	 2.805828e-04	 367	 iter
277	 2.805828e-04	 368	 iter
278	 2.805828e-04	 369	 iter
279	 2.805828e-04	 370	 iter
280	 2.805828e-04	 371	 iter
281	 2.805828e-04	 372	 iter
282	 2.805828e-04	 373	 iter
283	 2.805828e-04	 374	 iter
284	 2.805828e-04	 375	 iter
285	 2.805828e-04	 376	 iter
286	 2.786707e-04	 378	 iter
287	 2.786707e-04	 380	 iter
288	 2.786707e-04	 382	 iter
289	 2.759027e-04	 384	 iter
290	 2.759027e-04	 386	 iter
291	 2.759027e-04	 387	 iter
292	 2.462038e-04	 389	 iter
293	 2.462038e-04	 390	 iter
294	 2.462038e-04	 392	 iter
295	 2.394773e-04	 394	 iter
296	 2.394773e-04	 395	 iter
297	 2.394773e-04	 396	 iter
298	 2.394773e-04	 397	 iter
299	 2.394773e-04	 398	 iter
300	 2.394773e-04	 400	 iter
301	 2.394773e-04	 401	 iter
302	 2.273587e-04	 403	 iter
303	 2.273587e-04	 404	 iter
304	 2.273587e-04	 405	 iter
305	 2.273587e-04	 406	 iter
306	 2.273587e-04	 407	 iter
307	 2.273587e-04	 408	 iter
308	 2.273587e-04	 409	 iter
309	 2.273587e-04	 410	 iter
310	 2.273587e-04	 411	 iter
311	 2.273587e-04	 412	 iter
312	 2.273587e-04	 413	 iter
313	 2.273587e-04	 415	 iter
314	 2.273587e-04	 417	 iter
315	 2.273587e-04	 418	 iter
316	 2.273587e-04	 419	 iter
317	 2.273587e-04	 421	 iter
318	 2.273587e-04	 422	 iter
319	 2.273587e-04	 423	 iter
320	 2.273587e-04	 424	 iter
321	 2.273587e-04	 425	 iter
322	 2.273587e-04	 426	 iter
323	 2.273587e-04	 427	 iter
324	 2.069683e-04	 429	 iter
325	 2.069683e-04	 430	 iter
326	 2.069683e-04	 432	 iter
327	 2.069683e-04	 434	 iter
328	 2.069683e-04	 436	 iter
329	 2.069683e-04	 438	 iter
330	 2.069683e-04	 439	 iter
331	 2.069683e-04	 440	 iter
332	 2.069683e-04	 441	 iter
333	 2.069683e-04	 442	 iter
334	 2.069683e-04	 443	 iter
335	 2.069683e-04	 444	 iter
336	 2.069683e-04	 446	 iter
337	 2.069683e-04	 448	 iter
338	 2.069683e-04	 450	 iter
339	 2.069683e-04	 452	 iter
340	 2.069683e-04	 453	 iter
341	 2.069683e-04	 454	 iter
342	 2.069683e-04	 455	 iter
343	 2.069683e-04	 457	 iter
344	 2.069683e-04	 458	 iter
345	 2.069683e-04	 459	 iter
346	 2.069683e-04	 461	 iter
347	 2.069683e-04	 463	 iter
348	 2.069683e-04	 464	 iter
349	 2.069683e-04	 466	 iter
350	 2.069683e-04	 467	 iter
351	 2.069683e-04	 468	 iter
352	 2.032148e-04	 470	 iter
353	 2.032148e-04	 471	 iter
354	 2.032148e-04	 472	 iter
355	 2.032148e-04	 473	 iter
356	 2.032148e-04	 474	 iter
357	 2.032148e-04	 475	 iter
358	 2.032148e-04	 476	 iter
359	 2.032148e-04	 478	 iter
360	 2.032148e-04	 480	 iter
361	 2.032148e-04	 482	 iter
362	 1.996001e-04	 484	 iter
363	 1.996001e-04	 485	 iter
364	 1.996001e-04	 487	 iter
365	 1.996001e-04	 488	 iter
366	 1.996001e-04	 490	 iter
367	 1.996001e-04	 491	 iter
368	 1.996001e-04	 493	 iter
369	 1.996001e-04	 494	 iter
370	 1.895797e-04	 496	 iter
371	 1.895797e-04	 497	 iter
372	 1.895797e-04	 499	 iter
373	 1.895797e-04	 500	 iter
374	 1.895797e-04	 501	 iter
375	 1.895797e-04	 503	 iter
376	 1.895797e-04	 504	 iter
377	 1.895797e-04	 505	 iter
378	 1.895797e-04	 506	 iter
379	 1.895797e-04	 507	 iter
380	 1.895797e-04	 508	 iter
381	 1.895797e-04	 509	 iter
382	 1.895797e-04	 510	 iter
383	 1.895797e-04	 511	 iter
384	 1.895797e-04	 512	 iter
385	 1.895797e-04	 513	 iter
386	 1.895797e-04	 514	 iter
387	 1.892021e-04	 516	 iter
388	 1.859412e-04	 518	 iter
389	 1.803134e-04	 520	 iter
390	 1.803134e-04	 521	 iter
391	 1.803134e-04	 522	 iter
392	 1.803134e-04	 523	 iter
393	 1.803134e-04	 524	 iter
394	 1.803134e-04	 525	 iter
395	 1.803134e-04	 526	 iter
396	 1.803134e-04	 527	 iter
397	 1.803134e-04	 528	 iter
398	 1.803134e-04	 529	 iter
399	 1.803134e-04	 530	 iter
400	 1.761289e-04	 532	 iter
401	 1.749564e-04	 534	 iter
402	 1.749564e-04	 535	 iter
403	 1.749564e-04	 536	 iter
404	 1.743319e-04	 538	 iter
405	 1.743319e-04	 539	 iter
406	 1.694518e-04	 541	 iter
407	 1.694518e-04	 542	 iter
408	 1.678266e-04	 544	 iter
409	 1.678266e-04	 545	 iter
410	 1.678266e-04	 546	 iter
411	 1.602170e-04	 548	 iter
412	 1.602170e-04	 549	 iter
413	 1.602170e-04	 550	 iter
414	 1.602170e-04	 551	 iter
415	 1.602170e-04	 552	 iter
416	 1.602170e-04	 553	 iter
417	 1.602170e-04	 554	 iter
418	 1.602170e-04	 555	 iter
419	 1.601187e-04	 557	 iter
420	 1.601187e-04	 558	 iter
421	 1.601187e-04	 559	 iter
422	 1.568960e-04	 561	 iter
423	 1.568960e-04	 562	 iter
424	 1.568960e-04	 563	 iter
425	 1.568960e-04	 564	 iter
426	 1.568960e-04	 565	 iter
427	 1.568960e-04	 567	 iter
428	 1.551180e-04	 569	 iter
429	 1.551180e-04	 570	 iter
430	 1.551180e-04	 571	 iter
431	 1.551180e-04	 572	 iter
432	 1.523666e-04	 574	 iter
433	 1.523666e-04	 575	 iter
434	 1.523666e-04	 576	 iter
435	 1.523666e-04	 577	 iter
436	 1.523666e-04	 579	 iter
437	 1.523666e-04	 581	 iter
438	 1.523666e-04	 582	 iter
439	 1.523666e-04	 584	 iter
440	 1.523666e-04	 585	 iter
441	 1.523666e-04	 586	 iter
442	 1.523666e-04	 588	 iter
443	 1.523666e-04	 590	 iter
444	 1.523666e-04	 592	 iter
445	 1.523666e-04	 593	 iter
446	 1.474955e-04	 595	 iter
447	 1.474955e-04	 597	 iter
448	 1.474955e-04	 598	 iter
449	 1.474955e-04	 599	 iter
450	 1.474955e-04	 600	 iter
451	 1.474955e-04	 601	 iter
452	 1.474955e-04	 602	 iter
453	 1.474955e-04	 603	 iter
454	 1.474955e-04	 604	 iter
455	 1.474955e-04	 605	 iter
456	 1.474955e-04	 606	 iter
457	 1.474955e-04	 607	 iter
458	 1.474955e-04	 608	 iter
459	 1.474955e-04	 609	 iter
460	 1.474955e-04	 610	 iter
461	 1.474955e-04	 611	 iter
462	 1.474955e-04	 612	 iter
463	 1.474955e-04	 613	 iter
464	 1.474955e-04	 614	 iter
465	 1.474955e-04	 615	 iter
466	 1.474955e-04	 616	 iter
467	 1.474955e-04	 617	 iter
468	 1.474955e-04	 618	 iter
469	 1.474955e-04	 619	 iter
470	 1.473328e-04	 621	 iter
471	 1.473328e-04	 623	 iter
472	 1.459902e-04	 625	 iter
473	 1.459902e-04	 627	 iter
474	 1.452642e-04	 629	 iter
475	 1.396102e-04	 631	 iter
476	 1.396102e-04	 633	 iter
477	 1.396102e-04	 634	 iter
478	 1.396102e-04	 635	 iter
479	 1.396102e-04	 636	 iter
480	 1.396102e-04	 637	 iter
481	 1.396102e-04	 638	 iter
482	 1.396102e-04	 639	 iter
483	 1.396102e-04	 640	 iter
484	 1.396102e-04	 641	 iter
485	 1.396102e-04	 642	 iter
486	 1.396102e-04	 643	 iter
487	 1.396102e-04	 644	 iter
488	 1.377886e-04	 646	 iter
489	 1.377886e-04	 647	 iter
490	 1.377886e-04	 648	 iter
491	 1.377886e-04	 649	 iter
492	 1.377886e-04	 650	 iter
493	 1.358156e-04	 652	 iter
494	 1.358156e-04	 653	 iter
495	 1.358156e-04	 655	 iter
496	 1.358156e-04	 656	 iter
497	 1.358156e-04	 657	 iter
498	 1.358156e-04	 658	 iter
499	 1.358156e-04	 659	 iter
500	 1.326293e-04	 661	 iter
501	 1.326293e-04	 662	 iter
502	 1.326293e-04	 663	 iter
503	 1.326293e-04	 664	 iter
504	 1.326293e-04	 665	 iter
505	 1.326293e-04	 666	 iter
506	 1.326293e-04	 667	 iter
507	 1.326293e-04	 668	 iter
508	 1.326293e-04	 669	 iter
509	 1.326293e-04	 670	 iter
510	 1.326293e-04	 672	 iter
511	 1.326293e-04	 673	 iter
512	 1.312347e-04	 675	 iter
513	 1.304105e-04	 677	 iter
514	 1.302787e-04	 679	 iter
515	 1.302787e-04	 680	 iter
516	 1.302787e-04	 681	 iter
517	 1.302787e-04	 682	 iter
518	 1.302787e-04	 683	 iter
519	 1.302787e-04	 684	 iter
520	 1.302787e-04	 686	 iter
521	 1.302787e-04	 687	 iter
522	 1.302787e-04	 688	 iter
523	 1.302787e-04	 689	 iter
524	 1.298315e-04	 691	 iter
525	 1.287738e-04	 693	 iter
526	 1.287738e-04	 694	 iter
527	 1.287738e-04	 695	 iter
528	 1.287738e-04	 696	 iter
529	 1.287738e-04	 697	 iter
530	 1.287738e-04	 698	 iter
531	 1.287738e-04	 699	 iter
532	 1.282478e-04	 701	 iter
533	 1.282478e-04	 702	 iter
534	 1.282478e-04	 704	 iter
535	 1.282478e-04	 706	 iter
536	 1.281187e-04	 708	 iter
537	 1.281187e-04	 709	 iter
538	 1.273723e-04	 711	 iter
539	 1.273723e-04	 712	 iter
540	 1.273723e-04	 713	 iter
541	 1.273723e-04	 715	 iter
542	 1.273723e-04	 717	 iter
543	 1.273723e-04	 718	 iter
544	 1.273723e-04	 719	 iter
545	 1.273723e-04	 720	 iter
546	 1.273723e-04	 721	 iter
547	 1.273723e-04	 722	 iter
548	 1.273723e-04	 723	 iter
549	 1.273723e-04	 724	 iter
550	 1.273723e-04	 726	 iter
551	 1.269821e-04	 728	 iter
552	 1.269821e-04	 729	 iter
553	 1.269821e-04	 730	 iter
554	 1.269821e-04	 732	 iter
555	 1.269821e-04	 733	 iter
556	 1.257302e-04	 735	 iter
557	 1.257302e-04	 736	 iter
558	 1.257302e-04	 737	 iter
559	 1.257302e-04	 738	 iter
560	 1.257302e-04	 739	 iter
561	 1.257302e-04	 741	 iter
562	 1.257302e-04	 742	 iter
563	 1.257302e-04	 743	 iter
564	 1.257302e-04	 744	 iter
565	 1.257302e-04	 745	 iter
566	 1.257302e-04	 746	 iter
567	 1.257302e-04	 747	 iter
568	 1.257302e-04	 748	 iter
569	 1.257302e-04	 749	 iter
570	 1.257302e-04	 750	 iter
571	 1.245915e-04	 752	 iter
572	 1.245915e-04	 753	 iter
573	 1.245915e-04	 754	 iter
574	 1.245915e-04	 755	 iter
575	 1.245915e-04	 756	 iter
576	 1.245915e-04	 757	 iter
577	 1.245915e-04	 758	 iter
578	 1.245915e-04	 759	 iter
579	 1.245915e-04	 761	 iter
580	 1.245915e-04	 762	 iter
581	 1.245915e-04	 763	 iter
582	 1.235924e-04	 765	 iter
583	 1.235924e-04	 766	 iter
584	 1.235924e-04	 768	 iter
585	 1.235924e-04	 769	 iter
586	 1.235924e-04	 770	 iter
587	 1.235924e-04	 771	 iter
588	 1.235924e-04	 772	 iter
589	 1.235924e-04	 773	 iter
590	 1.235924e-04	 775	 iter
591	 1.231735e-04	 777	 iter
592	 1.231735e-04	 778	 iter
593	 1.231735e-04	 780	 iter
594	 1.231735e-04	 782	 iter
595	 1.230846e-04	 784	 iter
596	 1.230846e-04	 785	 iter
597	 1.230846e-04	 786	 iter
598	 1.230846e-04	 788	 iter
599	 1.230846e-04	 790	 iter
600	 1.230846e-04	 791	 iter
601	 1.228814e-04	 793	 iter
602	 1.228814e-04	 794	 iter
603	 1.228814e-04	 795	 iter
604	 1.228814e-04	 797	 iter
605	 1.226511e-04	 799	 iter
606	 1.226511e-04	 800	 iter
607	 1.226511e-04	 801	 iter
608	 1.226511e-04	 802	 iter
609	 1.221864e-04	 804	 iter
610	 1.221864e-04	 805	 iter
611	 1.221864e-04	 806	 iter
612	 1.221864e-04	 807	 iter
613	 1.221864e-04	 808	 iter
614	 1.221864e-04	 809	 iter
615	 1.217227e-04	 811	 iter
616	 1.217177e-04	 813	 iter
617	 1.217177e-04	 814	 iter
618	 1.217177e-04	 815	 iter
619	 1.217177e-04	 816	 iter
620	 1.214022e-04	 818	 iter
621	 1.214022e-04	 819	 iter
622	 1.214022e-04	 820	 iter
623	 1.214022e-04	 821	 iter
624	 1.214022e-04	 822	 iter
625	 1.214022e-04	 823	 iter
626	 1.214022e-04	 824	 iter
627	 1.214022e-04	 825	 iter
628	 1.214022e-04	 826	 iter
629	 1.214022e-04	 827	 iter
630	 1.207913e-04	 829	 iter
631	 1.207913e-04	 830	 iter
632	 1.207913e-04	 831	 iter
633	 1.207913e-04	 832	 iter
634	 1.207913e-04	 833	 iter
635	 1.207913e-04	 834	 iter
636	 1.207913e-04	 835	 iter
637	 1.207646e-04	 837	 iter
638	 1.207646e-04	 838	 iter
639	 1.207646e-04	 839	 iter
640	 1.207646e-04	 840	 iter
641	 1.207646e-04	 841	 iter
642	 1.207646e-04	 843	 iter
643	 1.204751e-04	 845	 iter
644	 1.204751e-04	 846	 iter
645	 1.204751e-04	 847	 iter
646	 1.204751e-04	 848	 iter
647	 1.204751e-04	 850	 iter
648	 1.204751e-04	 851	 iter
649	 1.204751e-04	 852	 iter
650	 1.204751e-04	 853	 iter
651	 1.204751e-04	 855	 iter
652	 1.204751e-04	 856	 iter
653	 1.190613e-04	 858	 iter
654	 1.190613e-04	 859	 iter
655	 1.190613e-04	 860	 iter
656	 1.190613e-04	 861	 iter
657	 1.190613e-04	 862	 iter
658	 1.190613e-04	 864	 iter
659	 1.190613e-04	 865	 iter
660	 1.190613e-04	 866	 iter
661	 1.190613e-04	 867	 iter
662	 1.190613e-04	 868	 iter
663	 1.190613e-04	 869	 iter
664	 1.190613e-04	 870	 iter
665	 1.190613e-04	 871	 iter
666	 1.190613e-04	 872	 iter
667	 1.190613e-04	 873	 iter
668	 1.190613e-04	 874	 iter
669	 1.190613e-04	 875	 iter
670	 1.190613e-04	 876	 iter
671	 1.190613e-04	 877	 iter
672	 1.190613e-04	 878	 iter
673	 1.185049e-04	 880	 iter
674	 1.185049e-04	 881	 iter
675	 1.185049e-04	 882	 iter
676	 1.185049e-04	 883	 iter
677	 1.185049e-04	 884	 iter
678	 1.185049e-04	 885	 iter
679	 1.185049e-04	 886	 iter
680	 1.185049e-04	 887	 iter
681	 1.185049e-04	 888	 iter
682	 1.184001e-04	 890	 iter
683	 1.184001e-04	 891	 iter
684	 1.184001e-04	 892	 iter
685	 1.184001e-04	 893	 iter
686	 1.184001e-04	 894	 iter
687	 1.182802e-04	 896	 iter
688	 1.182802e-04	 897	 iter
689	 1.182802e-04	 898	 iter
690	 1.182802e-04	 899	 iter
691	 1.182802e-04	 900	 iter
692	 1.182802e-04	 901	 iter
693	 1.181133e-04	 903	 iter
694	 1.181133e-04	 905	 iter
695	 1.177619e-04	 907	 iter
696	 1.177619e-04	 908	 iter
697	 1.177619e-04	 909	 iter
698	 1.175998e-04	 911	 iter
699	 1.175998e-04	 912	 iter
700	 1.175998e-04	 914	 iter
701	 1.175998e-04	 915	 iter
702	 1.175821e-04	 917	 iter
703	 1.175821e-04	 918	 iter
704	 1.175821e-04	 920	 iter
705	 1.175821e-04	 921	 iter
706	 1.175821e-04	 922	 iter
707	 1.175821e-04	 923	 iter
708	 1.175821e-04	 924	 iter
709	 1.175821e-04	 925	 iter
710	 1.172955e-04	 927	 iter
711	 1.172955e-04	 929	 iter
712	 1.172955e-04	 930	 iter
713	 1.172955e-04	 931	 iter
714	 1.172955e-04	 932	 iter
715	 1.172955e-04	 933	 iter
716	 1.171069e-04	 935	 iter
717	 1.171069e-04	 936	 iter
718	 1.170452e-04	 938	 iter
719	 1.170452e-04	 939	 iter
720	 1.170452e-04	 940	 iter
721	 1.170452e-04	 941	 iter
722	 1.170452e-04	 943	 iter
723	 1.170452e-04	 945	 iter
724	 1.170452e-04	 946	 iter
725	 1.170038e-04	 948	 iter
726	 1.169626e-04	 950	 iter
727	 1.169626e-04	 952	 iter
728	 1.169626e-04	 953	 iter
729	 1.169626e-04	 954	 iter
730	 1.163311e-04	 956	 iter
731	 1.163311e-04	 957	 iter
732	 1.163311e-04	 958	 iter
733	 1.163311e-04	 959	 iter
734	 1.163311e-04	 960	 iter
735	 1.163311e-04	 961	 iter
736	 1.163311e-04	 962	 iter
737	 1.161627e-04	 964	 iter
738	 1.161627e-04	 965	 iter
739	 1.161627e-04	 966	 iter
740	 1.161627e-04	 967	 iter
741	 1.161627e-04	 968	 iter
742	 1.161627e-04	 969	 iter
743	 1.161627e-04	 970	 iter
744	 1.161627e-04	 971	 iter
745	 1.159970e-04	 973	 iter
746	 1.155604e-04	 975	 iter
747	 1.155604e-04	 976	 iter
748	 1.148189e-04	 978	 iter
749	 1.148189e-04	 979	 iter
750	 1.148189e-04	 980	 iter
751	 1.148189e-04	 981	 iter
752	 1.148189e-04	 982	 iter
753	 1.148189e-04	 983	 iter
754	 1.148189e-04	 984	 iter
755	 1.148189e-04	 985	 iter
756	 1.144137e-04	 987	 iter
757	 1.144137e-04	 988	 iter
758	 1.144137e-04	 989	 iter
759	 1.144137e-04	 990	 iter
760	 1.139627e-04	 992	 iter
761	 1.139627e-04	 993	 iter
762	 1.139627e-04	 994	 iter
763	 1.138969e-04	 996	 iter
764	 1.138969e-04	 997	 iter
765	 1.126585e-04	 999	 iter
766	 1.126585e-04	 1000	 iter
767	 1.126585e-04	 1001	 iter
768	 1.126585e-04	 1002	 iter
769	 1.126585e-04	 1003	 iter
770	 1.126585e-04	 1004	 iter
771	 1.126585e-04	 1005	 iter
772	 1.126585e-04	 1006	 iter
773	 1.126585e-04	 1007	 iter
774	 1.126446e-04	 1009	 iter
775	 1.123065e-04	 1011	 iter
776	 1.123065e-04	 1012	 iter
777	 1.123065e-04	 1013	 iter
778	 1.123065e-04	 1014	 iter
779	 1.123065e-04	 1015	 iter
780	 1.123065e-04	 1016	 iter
781	 1.120779e-04	 1018	 iter
782	 1.120779e-04	 1019	 iter
783	 1.114893e-04	 1021	 iter
784	 1.114893e-04	 1022	 iter
785	 1.114893e-04	 1023	 iter
786	 1.114893e-04	 1024	 iter
787	 1.114893e-04	 1025	 iter
788	 1.114893e-04	 1026	 iter
789	 1.114893e-04	 1027	 iter
790	 1.114893e-04	 1028	 iter
791	 1.114893e-04	 1029	 iter
792	 1.114893e-04	 1030	 iter
793	 1.113276e-04	 1032	 iter
794	 1.113276e-04	 1034	 iter
795	 1.113276e-04	 1035	 iter
796	 1.113276e-04	 1036	 iter
797	 1.111634e-04	 1038	 iter
798	 1.111634e-04	 1039	 iter
799	 1.111634e-04	 1040	 iter
800	 1.111634e-04	 1041	 iter
801	 1.111634e-04	 1042	 iter
802	 1.111634e-04	 1044	 iter
803	 1.111634e-04	 1045	 iter
804	 1.111634e-04	 1046	 iter
805	 1.111634e-04	 1047	 iter
806	 1.108879e-04	 1049	 iter
807	 1.108879e-04	 1051	 iter
808	 1.108879e-04	 1052	 iter
809	 1.108879e-04	 1053	 iter
810	 1.108879e-04	 1055	 iter
811	 1.108879e-04	 1056	 iter
812	 1.108879e-04	 1057	 iter
813	 1.108626e-04	 1059	 iter
814	 1.108626e-04	 1060	 iter
815	 1.108626e-04	 1061	 iter
816	 1.108626e-04	 1063	 iter
817	 1.108626e-04	 1064	 iter
818	 1.108626e-04	 1065	 iter
819	 1.106620e-04	 1067	 iter
820	 1.106620e-04	 1068	 iter
821	 1.106620e-04	 1069	 iter
822	 1.106620e-04	 1071	 iter
823	 1.106620e-04	 1072	 iter
824	 1.106620e-04	 1073	 iter
825	 1.106620e-04	 1074	 iter
826	 1.106620e-04	 1076	 iter
827	 1.106620e-04	 1078	 iter
828	 1.106620e-04	 1079	 iter
829	 1.106620e-04	 1080	 iter
830	 1.106620e-04	 1081	 iter
831	 1.106620e-04	 1082	 iter
832	 1.106620e-04	 1084	 iter
833	 1.106477e-04	 1086	 iter
834	 1.106477e-04	 1087	 iter
835	 1.106477e-04	 1088	 iter
836	 1.106477e-04	 1090	 iter
837	 1.106477e-04	 1091	 iter
838	 1.106477e-04	 1092	 iter
839	 1.106477e-04	 1094	 iter
840	 1.106477e-04	 1096	 iter
841	 1.106477e-04	 1097	 iter
842	 1.106477e-04	 1098	 iter
843	 1.106477e-04	 1099	 iter
844	 1.106477e-04	 1100	 iter
845	 1.106477e-04	 1101	 iter
846	 1.106477e-04	 1102	 iter
847	 1.105915e-04	 1104	 iter
848	 1.105915e-04	 1106	 iter
849	 1.105706e-04	 1108	 iter
850	 1.105402e-04	 1110	 iter
851	 1.105402e-04	 1112	 iter
852	 1.105402e-04	 1113	 iter
853	 1.105402e-04	 1114	 iter
854	 1.105402e-04	 1115	 iter
855	 1.105402e-04	 1117	 iter
856	 1.105402e-04	 1118	 iter
857	 1.105022e-04	 1120	 iter
858	 1.104144e-04	 1122	 iter
859	 1.104144e-04	 1123	 iter
860	 1.104144e-04	 1124	 iter
861	 1.104144e-04	 1125	 iter
862	 1.104144e-04	 1127	 iter
863	 1.104144e-04	 1129	 iter
864	 1.104144e-04	 1130	 iter
865	 1.104144e-04	 1131	 iter
866	 1.104144e-04	 1132	 iter
867	 1.104144e-04	 1133	 iter
868	 1.104144e-04	 1135	 iter
869	 1.103697e-04	 1137	 iter
870	 1.103697e-04	 1139	 iter
871	 1.103697e-04	 1141	 iter
872	 1.103697e-04	 1142	 iter
873	 1.103697e-04	 1144	 iter
874	 1.103697e-04	 1146	 iter
875	 1.103697e-04	 1147	 iter
876	 1.103697e-04	 1148	 iter
877	 1.103697e-04	 1149	 iter
878	 1.103697e-04	 1151	 iter
879	 1.103697e-04	 1153	 iter
880	 1.103697e-04	 1155	 iter
881	 1.103697e-04	 1156	 iter
882	 1.103337e-04	 1158	 iter
883	 1.103337e-04	 1159	 iter
884	 1.103337e-04	 1160	 iter
885	 1.103337e-04	 1161	 iter
886	 1.103337e-04	 1162	 iter
887	 1.103251e-04	 1164	 iter
888	 1.103251e-04	 1165	 iter
889	 1.102768e-04	 1167	 iter
890	 1.102768e-04	 1168	 iter
891	 1.102768e-04	 1170	 iter
892	 1.102768e-04	 1171	 iter
893	 1.102234e-04	 1173	 iter
894	 1.102234e-04	 1174	 iter
895	 1.102234e-04	 1175	 iter
896	 1.102234e-04	 1176	 iter
897	 1.102234e-04	 1178	 iter
898	 1.102234e-04	 1179	 iter
899	 1.102234e-04	 1180	 iter
900	 1.102234e-04	 1181	 iter
901	 1.102234e-04	 1182	 iter
902	 1.102234e-04	 1183	 iter
903	 1.102212e-04	 1185	 iter
904	 1.102212e-04	 1186	 iter
905	 1.102144e-04	 1188	 iter
906	 1.102144e-04	 1189	 iter
907	 1.102144e-04	 1190	 iter
908	 1.101777e-04	 1192	 iter
909	 1.101777e-04	 1193	 iter
910	 1.101016e-04	 1195	 iter
911	 1.101016e-04	 1196	 iter
912	 1.101016e-04	 1197	 iter
913	 1.101016e-04	 1198	 iter
914	 1.101016e-04	 1199	 iter
915	 1.101016e-04	 1200	 iter
916	 1.101016e-04	 1201	 iter
917	 1.101016e-04	 1202	 iter
918	 1.101016e-04	 1203	 iter
919	 1.101016e-04	 1204	 iter
920	 1.101016e-04	 1206	 iter
921	 1.101016e-04	 1207	 iter
922	 1.101016e-04	 1208	 iter
923	 1.100946e-04	 1210	 iter
924	 1.100946e-04	 1211	 iter
925	 1.100392e-04	 1213	 iter
926	 1.100392e-04	 1214	 iter
927	 1.100392e-04	 1215	 iter
928	 1.100392e-04	 1216	 iter
929	 1.100296e-04	 1218	 iter
930	 1.100296e-04	 1219	 iter
931	 1.099379e-04	 1221	 iter
932	 1.099379e-04	 1222	 iter
933	 1.099379e-04	 1223	 iter
934	 1.099379e-04	 1224	 iter
935	 1.099379e-04	 1225	 iter
936	 1.099379e-04	 1226	 iter
937	 1.099379e-04	 1227	 iter
938	 1.099379e-04	 1228	 iter
939	 1.099379e-04	 1229	 iter
940	 1.099379e-04	 1230	 iter
941	 1.099379e-04	 1231	 iter
942	 1.098524e-04	 1233	 iter
943	 1.098524e-04	 1234	 iter
944	 1.098524e-04	 1235	 iter
945	 1.098524e-04	 1236	 iter
946	 1.098524e-04	 1237	 iter
947	 1.098524e-04	 1238	 iter
948	 1.098353e-04	 1240	 iter
949	 1.098353e-04	 1241	 iter
950	 1.098353e-04	 1242	 iter
951	 1.097803e-04	 1244	 iter
952	 1.097803e-04	 1245	 iter
953	 1.097803e-04	 1246	 iter
954	 1.097803e-04	 1247	 iter
955	 1.097803e-04	 1248	 iter
956	 1.097685e-04	 1250	 iter
957	 1.097209e-04	 1252	 iter
958	 1.097209e-04	 1253	 iter
959	 1.097209e-04	 1254	 iter
960	 1.097165e-04	 1256	 iter
961	 1.097165e-04	 1257	 iter
962	 1.097165e-04	 1258	 iter
963	 1.097165e-04	 1259	 iter
964	 1.097165e-04	 1260	 iter
965	 1.096814e-04	 1262	 iter
966	 1.096814e-04	 1263	 iter
967	 1.096814e-04	 1264	 iter
968	 1.095735e-04	 1266	 iter
969	 1.095735e-04	 1267	 iter
970	 1.095735e-04	 1268	 iter
971	 1.095735e-04	 1270	 iter
972	 1.095259e-04	 1272	 iter
973	 1.095259e-04	 1273	 iter
974	 1.095259e-04	 1274	 iter
975	 1.095259e-04	 1275	 iter
976	 1.095259e-04	 1276	 iter
977	 1.095073e-04	 1278	 iter
978	 1.095073e-04	 1279	 iter
979	 1.094202e-04	 1281	 iter
980	 1.094202e-04	 1282	 iter
981	 1.094202e-04	 1283	 iter
982	 1.094202e-04	 1284	 iter
983	 1.094004e-04	 1286	 iter
984	 1.093934e-04	 1288	 iter
985	 1.093201e-04	 1290	 iter
986	 1.093201e-04	 1291	 iter
987	 1.093201e-04	 1292	 iter
988	 1.092481e-04	 1294	 iter
989	 1.092481e-04	 1295	 iter
990	 1.092188e-04	 1297	 iter
991	 1.092188e-04	 1298	 iter
992	 1.092188e-04	 1299	 iter
993	 1.091841e-04	 1301	 iter
994	 1.091841e-04	 1302	 iter
995	 1.091841e-04	 1303	 iter
996	 1.091841e-04	 1304	 iter
997	 1.091783e-04	 1306	 iter
998	 1.091264e-04	 1308	 iter
999	 1.091264e-04	 1309	 iter
1000	 1.091264e-04	 1310	 iter
1001	 1.091264e-04	 1311	 iter
1002	 1.091264e-04	 1312	 iter
1003	 1.091264e-04	 1313	 iter
1004	 1.091264e-04	 1314	 iter
1005	 1.091264e-04	 1315	 iter
1006	 1.091038e-04	 1317	 iter
1007	 1.091038e-04	 1318	 iter
1008	 1.090606e-04	 1320	 iter
1009	 1.090606e-04	 1321	 iter
1010	 1.090288e-04	 1323	 iter
1011	 1.090288e-04	 1324	 iter
1012	 1.090288e-04	 1325	 iter
1013	 1.090288e-04	 1326	 iter
1014	 1.090288e-04	 1328	 iter
1015	 1.090288e-04	 1329	 iter
1016	 1.090288e-04	 1330	 iter
1017	 1.089861e-04	 1332	 iter
1018	 1.089861e-04	 1334	 iter
1019	 1.089861e-04	 1335	 iter
1020	 1.089531e-04	 1337	 iter
1021	 1.089531e-04	 1339	 iter
1022	 1.089531e-04	 1340	 iter
1023	 1.089531e-04	 1341	 iter
1024	 1.089531e-04	 1342	 iter
1025	 1.089531e-04	 1343	 iter
1026	 1.089531e-04	 1344	 iter
1027	 1.089531e-04	 1345	 iter
1028	 1.089531e-04	 1346	 iter
1029	 1.089531e-04	 1347	 iter
1030	 1.089531e-04	 1349	 iter
1031	 1.089531e-04	 1350	 iter
1032	 1.089531e-04	 1351	 iter
1033	 1.089531e-04	 1352	 iter
1034	 1.088876e-04	 1354	 iter
1035	 1.088876e-04	 1356	 iter
1036	 1.088876e-04	 1357	 iter
1037	 1.088876e-04	 1358	 iter
1038	 1.088277e-04	 1360	 iter
1039	 1.088277e-04	 1361	 iter
1040	 1.088277e-04	 1362	 iter
1041	 1.088277e-04	 1363	 iter
1042	 1.088277e-04	 1364	 iter
1043	 1.088277e-04	 1365	 iter
1044	 1.088277e-04	 1366	 iter
1045	 1.088277e-04	 1367	 iter
1046	 1.088277e-04	 1368	 iter
1047	 1.087994e-04	 1370	 iter
1048	 1.087994e-04	 1371	 iter
1049	 1.087994e-04	 1372	 iter
1050	 1.087994e-04	 1373	 iter
1051	 1.087886e-04	 1375	 iter
1052	 1.087886e-04	 1376	 iter
1053	 1.087886e-04	 1377	 iter
1054	 1.087691e-04	 1379	 iter
1055	 1.087691e-04	 1380	 iter
1056	 1.087691e-04	 1381	 iter
1057	 1.087691e-04	 1382	 iter
1058	 1.087687e-04	 1384	 iter
1059	 1.087687e-04	 1385	 iter
1060	 1.087687e-04	 1386	 iter
1061	 1.087031e-04	 1388	 iter
1062	 1.087031e-04	 1389	 iter
1063	 1.087031e-04	 1390	 iter
1064	 1.087031e-04	 1392	 iter
1065	 1.087031e-04	 1393	 iter
1066	 1.087031e-04	 1394	 iter
1067	 1.087031e-04	 1395	 iter
1068	 1.087031e-04	 1396	 iter
1069	 1.087031e-04	 1398	 iter
1070	 1.087031e-04	 1399	 iter
1071	 1.086798e-04	 1401	 iter
1072	 1.086798e-04	 1402	 iter
1073	 1.086798e-04	 1403	 iter
1074	 1.086798e-04	 1404	 iter
1075	 1.086737e-04	 1406	 iter
1076	 1.086263e-04	 1408	 iter
1077	 1.086263e-04	 1409	 iter
1078	 1.086263e-04	 1410	 iter
1079	 1.086263e-04	 1411	 iter
1080	 1.086263e-04	 1412	 iter
1081	 1.085864e-04	 1414	 iter
1082	 1.085864e-04	 1415	 iter
1083	 1.085645e-04	 1417	 iter
1084	 1.085432e-04	 1419	 iter
1085	 1.085432e-04	 1420	 iter
1086	 1.085432e-04	 1421	 iter
1087	 1.085432e-04	 1422	 iter
1088	 1.085432e-04	 1423	 iter
1089	 1.085432e-04	 1424	 iter
1090	 1.085432e-04	 1425	 iter
1091	 1.085286e-04	 1427	 iter
1092	 1.085286e-04	 1428	 iter
1093	 1.085286e-04	 1429	 iter
1094	 1.084926e-04	 1431	 iter
1095	 1.084900e-04	 1433	 iter
1096	 1.084900e-04	 1434	 iter
1097	 1.084900e-04	 1435	 iter
1098	 1.084900e-04	 1436	 iter
1099	 1.083275e-04	 1438	 iter
1100	 1.083275e-04	 1439	 iter
1101	 1.083275e-04	 1440	 iter
1102	 1.083275e-04	 1441	 iter
1103	 1.083275e-04	 1442	 iter
1104	 1.083275e-04	 1443	 iter
1105	 1.083275e-04	 1444	 iter
1106	 1.083275e-04	 1445	 iter
1107	 1.083275e-04	 1446	 iter
1108	 1.083275e-04	 1447	 iter
1109	 1.083275e-04	 1448	 iter
1110	 1.083212e-04	 1450	 iter
1111	 1.083212e-04	 1451	 iter
1112	 1.083212e-04	 1452	 iter
1113	 1.083212e-04	 1453	 iter
1114	 1.083212e-04	 1454	 iter
1115	 1.083212e-04	 1455	 iter
1116	 1.083212e-04	 1456	 iter
1117	 1.083033e-04	 1458	 iter
1118	 1.083033e-04	 1459	 iter
1119	 1.083033e-04	 1460	 iter
1120	 1.083033e-04	 1461	 iter
1121	 1.082517e-04	 1463	 iter
1122	 1.082517e-04	 1464	 iter
1123	 1.082517e-04	 1465	 iter
1124	 1.081941e-04	 1467	 iter
1125	 1.081941e-04	 1468	 iter
1126	 1.081941e-04	 1469	 iter
1127	 1.081941e-04	 1470	 iter
1128	 1.081941e-04	 1471	 iter
1129	 1.081941e-04	 1472	 iter
1130	 1.081941e-04	 1474	 iter
1131	 1.081941e-04	 1475	 iter
1132	 1.081941e-04	 1476	 iter
1133	 1.081941e-04	 1477	 iter
1134	 1.081420e-04	 1479	 iter
1135	 1.081420e-04	 1480	 iter
1136	 1.081420e-04	 1481	 iter
1137	 1.081420e-04	 1482	 iter
1138	 1.081420e-04	 1483	 iter
1139	 1.081420e-04	 1484	 iter
1140	 1.081420e-04	 1485	 iter
1141	 1.081420e-04	 1486	 iter
1142	 1.081420e-04	 1487	 iter
1143	 1.081420e-04	 1488	 iter
1144	 1.081420e-04	 1489	 iter
1145	 1.080282e-04	 1491	 iter
1146	 1.080282e-04	 1492	 iter
1147	 1.080282e-04	 1493	 iter
1148	 1.080282e-04	 1495	 iter
1149	 1.080282e-04	 1496	 iter
1150	 1.080282e-04	 1497	 iter
1151	 1.080282e-04	 1498	 iter
1152	 1.080282e-04	 1499	 iter
1153	 1.080282e-04	 1500	 iter
1154	 1.080282e-04	 1501	 iter
1155	 1.080282e-04	 1502	 iter
1156	 1.080282e-04	 1503	 iter
1157	 1.080282e-04	 1504	 iter
1158	 1.080282e-04	 1505	 iter
1159	 1.080254e-04	 1507	 iter
1160	 1.080254e-04	 1508	 iter
1161	 1.080254e-04	 1509	 iter
1162	 1.080254e-04	 1510	 iter
1163	 1.079423e-04	 1512	 iter
1164	 1.079423e-04	 1513	 iter
1165	 1.079416e-04	 1515	 iter
1166	 1.079416e-04	 1516	 iter
1167	 1.079416e-04	 1517	 iter
1168	 1.079416e-04	 1519	 iter
1169	 1.079416e-04	 1520	 iter
1170	 1.079416e-04	 1521	 iter
1171	 1.079416e-04	 1522	 iter
1172	 1.079416e-04	 1523	 iter
1173	 1.079416e-04	 1524	 iter
1174	 1.079416e-04	 1525	 iter
1175	 1.079416e-04	 1526	 iter
1176	 1.079416e-04	 1527	 iter
1177	 1.079302e-04	 1529	 iter
1178	 1.079302e-04	 1531	 iter
1179	 1.079302e-04	 1532	 iter
1180	 1.079302e-04	 1533	 iter
1181	 1.078720e-04	 1535	 iter
1182	 1.078720e-04	 1536	 iter
1183	 1.078720e-04	 1537	 iter
1184	 1.078720e-04	 1538	 iter
1185	 1.078720e-04	 1539	 iter
1186	 1.078720e-04	 1540	 iter
1187	 1.078720e-04	 1541	 iter
1188	 1.078720e-04	 1543	 iter
1189	 1.078720e-04	 1544	 iter
1190	 1.078720e-04	 1545	 iter
1191	 1.078720e-04	 1546	 iter
1192	 1.078720e-04	 1547	 iter
1193	 1.078720e-04	 1548	 iter
1194	 1.078720e-04	 1549	 iter
1195	 1.078720e-04	 1550	 iter
1196	 1.078720e-04	 1551	 iter
1197	 1.078720e-04	 1553	 iter
1198	 1.078720e-04	 1554	 iter
1199	 1.078720e-04	 1555	 iter
1200	 1.078720e-04	 1557	 iter
1201	 1.078651e-04	 1559	 iter
1202	 1.078651e-04	 1561	 iter
1203	 1.078651e-04	 1563	 iter
1204	 1.078651e-04	 1565	 iter
1205	 1.078564e-04	 1567	 iter
1206	 1.078343e-04	 1569	 iter
1207	 1.078343e-04	 1570	 iter
1208	 1.078343e-04	 1571	 iter
1209	 1.078343e-04	 1572	 iter
1210	 1.078343e-04	 1573	 iter
1211	 1.078343e-04	 1574	 iter
1212	 1.078343e-04	 1575	 iter
1213	 1.078343e-04	 1577	 iter
1214	 1.078343e-04	 1578	 iter
1215	 1.078343e-04	 1579	 iter
1216	 1.078343e-04	 1581	 iter
1217	 1.078343e-04	 1582	 iter
1218	 1.078343e-04	 1583	 iter
1219	 1.078288e-04	 1585	 iter
1220	 1.078288e-04	 1587	 iter
1221	 1.078288e-04	 1588	 iter
1222	 1.078248e-04	 1590	 iter
1223	 1.078248e-04	 1591	 iter
1224	 1.078100e-04	 1593	 iter
1225	 1.078100e-04	 1594	 iter
1226	 1.078100e-04	 1595	 iter
1227	 1.078100e-04	 1597	 iter
1228	 1.078100e-04	 1599	 iter
1229	 1.078100e-04	 1601	 iter
1230	 1.078100e-04	 1602	 iter
1231	 1.078100e-04	 1603	 iter
1232	 1.078100e-04	 1605	 iter
1233	 1.078100e-04	 1606	 iter
1234	 1.078100e-04	 1607	 iter
1235	 1.078100e-04	 1608	 iter
1236	 1.078100e-04	 1609	 iter
1237	 1.078100e-04	 1610	 iter
1238	 1.078100e-04	 1611	 iter
1239	 1.078100e-04	 1613	 iter
1240	 1.078100e-04	 1615	 iter
1241	 1.078056e-04	 1617	 iter
1242	 1.078038e-04	 1619	 iter
1243	 1.078038e-04	 1620	 iter
1244	 1.078033e-04	 1622	 iter
1245	 1.078033e-04	 1623	 iter
1246	 1.078033e-04	 1624	 iter
1247	 1.078033e-04	 1625	 iter
1248	 1.078033e-04	 1626	 iter
1249	 1.077934e-04	 1628	 iter
1250	 1.077934e-04	 1630	 iter
1251	 1.077934e-04	 1631	 iter
1252	 1.077934e-04	 1632	 iter
1253	 1.077934e-04	 1633	 iter
1254	 1.077934e-04	 1635	 iter
1255	 1.077934e-04	 1636	 iter
1256	 1.077924e-04	 1638	 iter
1257	 1.077924e-04	 1639	 iter
1258	 1.077924e-04	 1641	 iter
1259	 1.077924e-04	 1642	 iter
1260	 1.077924e-04	 1643	 iter
1261	 1.077924e-04	 1644	 iter
1262	 1.077924e-04	 1645	 iter
1263	 1.077924e-04	 1647	 iter
1264	 1.077924e-04	 1649	 iter
1265	 1.077924e-04	 1651	 iter
1266	 1.077924e-04	 1652	 iter
1267	 1.077924e-04	 1653	 iter
1268	 1.077924e-04	 1654	 iter
1269	 1.077924e-04	 1656	 iter
1270	 1.077924e-04	 1658	 iter
1271	 1.077924e-04	 1659	 iter
1272	 1.077924e-04	 1661	 iter
1273	 1.077907e-04	 1663	 iter
1274	 1.077867e-04	 1665	 iter
1275	 1.077867e-04	 1667	 iter
1276	 1.077867e-04	 1668	 iter
1277	 1.077867e-04	 1670	 iter
1278	 1.077852e-04	 1672	 iter
1279	 1.077852e-04	 1673	 iter
1280	 1.077852e-04	 1675	 iter
1281	 1.077852e-04	 1676	 iter
1282	 1.077852e-04	 1677	 iter
1283	 1.077852e-04	 1678	 iter
1284	 1.077852e-04	 1680	 iter
1285	 1.077836e-04	 1682	 iter
1286	 1.077836e-04	 1683	 iter
1287	 1.077836e-04	 1684	 iter
1288	 1.077831e-04	 1686	 iter
1289	 1.077831e-04	 1687	 iter
1290	 1.077831e-04	 1688	 iter
1291	 1.077831e-04	 1690	 iter
1292	 1.077831e-04	 1691	 iter
1293	 1.077831e-04	 1692	 iter
1294	 1.077831e-04	 1693	 iter
1295	 1.077786e-04	 1695	 iter
1296	 1.077786e-04	 1696	 iter
1297	 1.077786e-04	 1698	 iter
1298	 1.077786e-04	 1699	 iter
1299	 1.077786e-04	 1700	 iter
1300	 1.077786e-04	 1701	 iter
1301	 1.077786e-04	 1702	 iter
1302	 1.077786e-04	 1704	 iter
1303	 1.077786e-04	 1706	 iter
1304	 1.077786e-04	 1708	 iter
1305	 1.077786e-04	 1709	 iter
1306	 1.077786e-04	 1711	 iter
1307	 1.077786e-04	 1712	 iter
1308	 1.077786e-04	 1713	 iter
1309	 1.077786e-04	 1715	 iter
1310	 1.077767e-04	 1717	 iter
1311	 1.077767e-04	 1718	 iter
1312	 1.077767e-04	 1719	 iter
1313	 1.077767e-04	 1720	 iter
1314	 1.077767e-04	 1722	 iter
1315	 1.077767e-04	 1723	 iter
1316	 1.077767e-04	 1724	 iter
1317	 1.077754e-04	 1726	 iter
1318	 1.077754e-04	 1728	 iter
1319	 1.077754e-04	 1730	 iter
1320	 1.077754e-04	 1731	 iter
1321	 1.077754e-04	 1733	 iter
1322	 1.077754e-04	 1734	 iter
1323	 1.077753e-04	 1736	 iter
1324	 1.077750e-04	 1738	 iter
1325	 1.077750e-04	 1739	 iter
1326	 1.077750e-04	 1740	 iter
1327	 1.077750e-04	 1742	 iter
1328	 1.077750e-04	 1744	 iter
1329	 1.077750e-04	 1746	 iter
1330	 1.077750e-04	 1747	 iter
1331	 1.077750e-04	 1748	 iter
1332	 1.077738e-04	 1750	 iter
1333	 1.077738e-04	 1752	 iter
1334	 1.077738e-04	 1753	 iter
1335	 1.077737e-04	 1755	 iter
1336	 1.077737e-04	 1756	 iter
1337	 1.077737e-04	 1757	 iter
1338	 1.077732e-04	 1759	 iter
1339	 1.077732e-04	 1760	 iter
1340	 1.077732e-04	 1761	 iter
1341	 1.077728e-04	 1763	 iter
1342	 1.077728e-04	 1764	 iter
1343	 1.077728e-04	 1765	 iter
1344	 1.077728e-04	 1766	 iter
1345	 1.077728e-04	 1767	 iter
1346	 1.077725e-04	 1769	 iter
1347	 1.077725e-04	 1770	 iter
1348	 1.077725e-04	 1771	 iter
1349	 1.077712e-04	 1773	 iter
1350	 1.077712e-04	 1774	 iter
1351	 1.077712e-04	 1775	 iter
1352	 1.077712e-04	 1776	 iter
1353	 1.077712e-04	 1778	 iter
1354	 1.077712e-04	 1779	 iter
1355	 1.077710e-04	 1781	 iter
1356	 1.077710e-04	 1783	 iter
1357	 1.077710e-04	 1784	 iter
1358	 1.077710e-04	 1785	 iter
1359	 1.077707e-04	 1787	 iter
1360	 1.077684e-04	 1789	 iter
1361	 1.077684e-04	 1790	 iter
1362	 1.077684e-04	 1791	 iter
1363	 1.077684e-04	 1792	 iter
1364	 1.077684e-04	 1793	 iter
1365	 1.077684e-04	 1794	 iter
1366	 1.077684e-04	 1795	 iter
1367	 1.077684e-04	 1796	 iter
1368	 1.077684e-04	 1797	 iter
1369	 1.077684e-04	 1798	 iter
1370	 1.077684e-04	 1799	 iter
1371	 1.077684e-04	 1800	 iter
1372	 1.077684e-04	 1801	 iter
1373	 1.077684e-04	 1802	 iter
1374	 1.077684e-04	 1804	 iter
1375	 1.077684e-04	 1805	 iter
1376	 1.077681e-04	 1807	 iter
1377	 1.077681e-04	 1808	 iter
1378	 1.077681e-04	 1809	 iter
1379	 1.077656e-04	 1811	 iter
1380	 1.077656e-04	 1812	 iter
1381	 1.077656e-04	 1813	 iter
1382	 1.077656e-04	 1814	 iter
1383	 1.077656e-04	 1815	 iter
1384	 1.077656e-04	 1816	 iter
1385	 1.077656e-04	 1817	 iter
1386	 1.077656e-04	 1818	 iter
1387	 1.077656e-04	 1819	 iter
1388	 1.077656e-04	 1820	 iter
1389	 1.077656e-04	 1821	 iter
1390	 1.077656e-04	 1822	 iter
1391	 1.077656e-04	 1823	 iter
1392	 1.077656e-04	 1824	 iter
1393	 1.077634e-04	 1826	 iter
1394	 1.077634e-04	 1827	 iter
1395	 1.077634e-04	 1828	 iter
1396	 1.077620e-04	 1830	 iter
1397	 1.077620e-04	 1831	 iter
1398	 1.077620e-04	 1832	 iter
1399	 1.077620e-04	 1833	 iter
1400	 1.077620e-04	 1834	 iter
1401	 1.077620e-04	 1835	 iter
1402	 1.077620e-04	 1836	 iter
1403	 1.077619e-04	 1838	 iter
1404	 1.077619e-04	 1839	 iter
1405	 1.077617e-04	 1841	 iter
1406	 1.077616e-04	 1843	 iter
1407	 1.077603e-04	 1845	 iter
1408	 1.077603e-04	 1846	 iter
1409	 1.077574e-04	 1848	 iter
1410	 1.077574e-04	 1849	 iter
1411	 1.077574e-04	 1850	 iter
1412	 1.077574e-04	 1851	 iter
1413	 1.077574e-04	 1852	 iter
1414	 1.077574e-04	 1853	 iter
1415	 1.077574e-04	 1854	 iter
1416	 1.077574e-04	 1855	 iter
1417	 1.077574e-04	 1856	 iter
1418	 1.077568e-04	 1858	 iter
1419	 1.077562e-04	 1860	 iter
1420	 1.077562e-04	 1861	 iter
1421	 1.077556e-04	 1863	 iter
1422	 1.077551e-04	 1865	 iter
1423	 1.077551e-04	 1866	 iter
1424	 1.077520e-04	 1868	 iter
1425	 1.077520e-04	 1869	 iter
1426	 1.077520e-04	 1870	 iter
1427	 1.077520e-04	 1871	 iter
1428	 1.077520e-04	 1872	 iter
1429	 1.077520e-04	 1873	 iter
1430	 1.077514e-04	 1875	 iter
1431	 1.077514e-04	 1876	 iter
1432	 1.077514e-04	 1877	 iter
1433	 1.077514e-04	 1878	 iter
1434	 1.077450e-04	 1880	 iter
1435	 1.077450e-04	 1881	 iter
1436	 1.077450e-04	 1882	 iter
1437	 1.077450e-04	 1883	 iter
1438	 1.077450e-04	 1884	 iter
1439	 1.077450e-04	 1885	 iter
1440	 1.077450e-04	 1886	 iter
1441	 1.077450e-04	 1887	 iter
1442	 1.077435e-04	 1889	 iter
1443	 1.077435e-04	 1890	 iter
1444	 1.077424e-04	 1892	 iter
1445	 1.077424e-04	 1893	 iter
1446	 1.077424e-04	 1894	 iter
1447	 1.077424e-04	 1895	 iter
1448	 1.077412e-04	 1897	 iter
1449	 1.077391e-04	 1899	 iter
1450	 1.077333e-04	 1901	 iter
1451	 1.077333e-04	 1902	 iter
1452	 1.077333e-04	 1903	 iter
1453	 1.077274e-04	 1905	 iter
1454	 1.077274e-04	 1906	 iter
1455	 1.077274e-04	 1907	 iter
1456	 1.077274e-04	 1908	 iter
1457	 1.077274e-04	 1909	 iter
1458	 1.077274e-04	 1910	 iter
1459	 1.077274e-04	 1911	 iter
1460	 1.077274e-04	 1912	 iter
1461	 1.077251e-04	 1914	 iter
1462	 1.077189e-04	 1916	 iter
1463	 1.077189e-04	 1917	 iter
1464	 1.077189e-04	 1918	 iter
1465	 1.077189e-04	 1919	 iter
1466	 1.077189e-04	 1920	 iter
1467	 1.077189e-04	 1921	 iter
1468	 1.077172e-04	 1923	 iter
1469	 1.077062e-04	 1925	 iter
1470	 1.077062e-04	 1926	 iter
1471	 1.077062e-04	 1927	 iter
1472	 1.077062e-04	 1928	 iter
1473	 1.077062e-04	 1929	 iter
1474	 1.076950e-04	 1931	 iter
1475	 1.076950e-04	 1932	 iter
1476	 1.076950e-04	 1933	 iter
1477	 1.076950e-04	 1934	 iter
1478	 1.076950e-04	 1935	 iter
1479	 1.076950e-04	 1936	 iter
1480	 1.076950e-04	 1937	 iter
1481	 1.076903e-04	 1939	 iter
1482	 1.076903e-04	 1940	 iter
1483	 1.076903e-04	 1941	 iter
1484	 1.076903e-04	 1942	 iter
1485	 1.076732e-04	 1944	 iter
1486	 1.076732e-04	 1945	 iter
1487	 1.076732e-04	 1946	 iter
1488	 1.076732e-04	 1947	 iter
1489	 1.076732e-04	 1948	 iter
1490	 1.076732e-04	 1949	 iter
1491	 1.076732e-04	 1950	 iter
1492	 1.076732e-04	 1951	 iter
1493	 1.076686e-04	 1953	 iter
1494	 1.076479e-04	 1955	 iter
1495	 1.076479e-04	 1956	 iter
1496	 1.076479e-04	 1957	 iter
1497	 1.076479e-04	 1958	 iter
1498	 1.076479e-04	 1959	 iter
1499	 1.076479e-04	 1960	 iter
1500	 1.076479e-04	 1961	 iter
1501	 1.076479e-04	 1962	 iter
1502	 1.076479e-04	 1963	 iter
1503	 1.076314e-04	 1965	 iter
1504	 1.076314e-04	 1966	 iter
1505	 1.076314e-04	 1967	 iter
1506	 1.076314e-04	 1968	 iter
1507	 1.076314e-04	 1969	 iter
1508	 1.076314e-04	 1970	 iter
1509	 1.076314e-04	 1971	 iter
1510	 1.076314e-04	 1972	 iter
1511	 1.076314e-04	 1973	 iter
1512	 1.076314e-04	 1974	 iter
1513	 1.076314e-04	 1975	 iter
1514	 1.075944e-04	 1977	 iter
1515	 1.075944e-04	 1978	 iter
1516	 1.075944e-04	 1979	 iter
1517	 1.075944e-04	 1980	 iter
1518	 1.075944e-04	 1981	 iter
1519	 1.075944e-04	 1982	 iter
1520	 1.075944e-04	 1983	 iter
1521	 1.075944e-04	 1984	 iter
1522	 1.075757e-04	 1986	 iter
1523	 1.075757e-04	 1987	 iter
1524	 1.075757e-04	 1988	 iter
1525	 1.075757e-04	 1989	 iter
1526	 1.075478e-04	 1991	 iter
1527	 1.075478e-04	 1992	 iter
1528	 1.075478e-04	 1993	 iter
1529	 1.075478e-04	 1994	 iter
1530	 1.075478e-04	 1995	 iter
1531	 1.075478e-04	 1996	 iter
1532	 1.075478e-04	 1997	 iter
1533	 1.075478e-04	 1998	 iter
1534	 1.075478e-04	 1999	 iter
1535	 1.075219e-04	 2001	 iter
1536	 1.075219e-04	 2002	 iter
1537	 1.075219e-04	 2003	 iter
1538	 1.074980e-04	 2005	 iter
1539	 1.074980e-04	 2006	 iter
1540	 1.074980e-04	 2007	 iter
1541	 1.074980e-04	 2008	 iter
1542	 1.074640e-04	 2010	 iter
1543	 1.074640e-04	 2011	 iter
1544	 1.074640e-04	 2012	 iter
1545	 1.074640e-04	 2013	 iter
1546	 1.074640e-04	 2014	 iter
1547	 1.074640e-04	 2015	 iter
1548	 1.074640e-04	 2016	 iter
1549	 1.074256e-04	 2018	 iter
1550	 1.074256e-04	 2019	 iter
1551	 1.073764e-04	 2021	 iter
1552	 1.073764e-04	 2022	 iter
1553	 1.073764e-04	 2023	 iter
1554	 1.073764e-04	 2024	 iter
1555	 1.073764e-04	 2025	 iter
1556	 1.073764e-04	 2026	 iter
1557	 1.073764e-04	 2027	 iter
1558	 1.073764e-04	 2028	 iter
1559	 1.073764e-04	 2029	 iter
1560	 1.073169e-04	 2031	 iter
1561	 1.073169e-04	 2032	 iter
1562	 1.073169e-04	 2033	 iter
1563	 1.073169e-04	 2034	 iter
1564	 1.073169e-04	 2035	 iter
1565	 1.073169e-04	 2036	 iter
1566	 1.073169e-04	 2037	 iter
1567	 1.073169e-04	 2038	 iter
1568	 1.072946e-04	 2040	 iter
1569	 1.072946e-04	 2041	 iter
1570	 1.072775e-04	 2043	 iter
1571	 1.072322e-04	 2045	 iter
1572	 1.072322e-04	 2046	 iter
1573	 1.072322e-04	 2047	 iter
1574	 1.072322e-04	 2048	 iter
1575	 1.071535e-04	 2050	 iter
1576	 1.071535e-04	 2051	 iter
1577	 1.071535e-04	 2052	 iter
1578	 1.071535e-04	 2053	 iter
1579	 1.071535e-04	 2054	 iter
1580	 1.071535e-04	 2055	 iter
1581	 1.071535e-04	 2056	 iter
1582	 1.071306e-04	 2058	 iter
1583	 1.071306e-04	 2059	 iter
1584	 1.070971e-04	 2061	 iter
1585	 1.070971e-04	 2062	 iter
1586	 1.070971e-04	 2063	 iter
1587	 1.069705e-04	 2065	 iter
1588	 1.069705e-04	 2066	 iter
1589	 1.069705e-04	 2067	 iter
1590	 1.069705e-04	 2068	 iter
1591	 1.069705e-04	 2069	 iter
1592	 1.069705e-04	 2070	 iter
1593	 1.069018e-04	 2072	 iter
1594	 1.069018e-04	 2073	 iter
1595	 1.069018e-04	 2074	 iter
1596	 1.069018e-04	 2075	 iter
1597	 1.069018e-04	 2076	 iter
1598	 1.068296e-04	 2078	 iter
1599	 1.068296e-04	 2079	 iter
1600	 1.067094e-04	 2081	 iter
1601	 1.067094e-04	 2082	 iter
1602	 1.067094e-04	 2083	 iter
1603	 1.067094e-04	 2084	 iter
1604	 1.067094e-04	 2085	 iter
1605	 1.067094e-04	 2086	 iter
1606	 1.067094e-04	 2087	 iter
1607	 1.067094e-04	 2088	 iter
1608	 1.067094e-04	 2089	 iter
1609	 1.067094e-04	 2090	 iter
1610	 1.066421e-04	 2092	 iter
1611	 1.065587e-04	 2094	 iter
1612	 1.065587e-04	 2095	 iter
1613	 1.065587e-04	 2096	 iter
1614	 1.065587e-04	 2097	 iter
1615	 1.065587e-04	 2098	 iter
1616	 1.065587e-04	 2099	 iter
1617	 1.065587e-04	 2100	 iter
1618	 1.065587e-04	 2101	 iter
1619	 1.064327e-04	 2103	 iter
1620	 1.064327e-04	 2104	 iter
1621	 1.064327e-04	 2105	 iter
1622	 1.064327e-04	 2106	 iter
1623	 1.064327e-04	 2107	 iter
1624	 1.064327e-04	 2108	 iter
1625	 1.064327e-04	 2109	 iter
1626	 1.064327e-04	 2110	 iter
1627	 1.064327e-04	 2111	 iter
1628	 1.064327e-04	 2112	 iter
1629	 1.064327e-04	 2113	 iter
1630	 1.064327e-04	 2114	 iter
1631	 1.063669e-04	 2116	 iter
1632	 1.063669e-04	 2117	 iter
1633	 1.063669e-04	 2118	 iter
1634	 1.063669e-04	 2119	 iter
1635	 1.063669e-04	 2120	 iter
1636	 1.063669e-04	 2121	 iter
1637	 1.063669e-04	 2122	 iter
1638	 1.063669e-04	 2123	 iter
1639	 1.063669e-04	 2125	 iter
1640	 1.063669e-04	 2126	 iter
1641	 1.063669e-04	 2127	 iter
1642	 1.063669e-04	 2128	 iter
1643	 1.062805e-04	 2130	 iter
1644	 1.062805e-04	 2131	 iter
1645	 1.062805e-04	 2132	 iter
1646	 1.062805e-04	 2133	 iter
1647	 1.062492e-04	 2135	 iter
1648	 1.062492e-04	 2136	 iter
1649	 1.062492e-04	 2137	 iter
1650	 1.062492e-04	 2138	 iter
1651	 1.062492e-04	 2139	 iter
1652	 1.062456e-04	 2141	 iter
1653	 1.062456e-04	 2142	 iter
1654	 1.061936e-04	 2144	 iter
1655	 1.061936e-04	 2145	 iter
1656	 1.061936e-04	 2146	 iter
1657	 1.061936e-04	 2147	 iter
1658	 1.061936e-04	 2148	 iter
1659	 1.061936e-04	 2149	 iter
1660	 1.061936e-04	 2150	 iter
1661	 1.061936e-04	 2151	 iter
1662	 1.061877e-04	 2153	 iter
1663	 1.061877e-04	 2154	 iter
1664	 1.061877e-04	 2155	 iter
1665	 1.061651e-04	 2157	 iter
1666	 1.061651e-04	 2158	 iter
1667	 1.061651e-04	 2159	 iter
1668	 1.061651e-04	 2160	 iter
1669	 1.061651e-04	 2161	 iter
1670	 1.061651e-04	 2162	 iter
1671	 1.061274e-04	 2164	 iter
1672	 1.061274e-04	 2166	 iter
1673	 1.061274e-04	 2167	 iter
1674	 1.061274e-04	 2168	 iter
1675	 1.061274e-04	 2169	 iter
1676	 1.061274e-04	 2170	 iter
1677	 1.061274e-04	 2171	 iter
1678	 1.061274e-04	 2172	 iter
1679	 1.061274e-04	 2173	 iter
1680	 1.061274e-04	 2175	 iter
1681	 1.061274e-04	 2176	 iter
1682	 1.061274e-04	 2178	 iter
1683	 1.061274e-04	 2179	 iter
1684	 1.061274e-04	 2180	 iter
1685	 1.061274e-04	 2181	 iter
1686	 1.061274e-04	 2183	 iter
1687	 1.060415e-04	 2185	 iter
1688	 1.060415e-04	 2187	 iter
1689	 1.060415e-04	 2188	 iter
1690	 1.060415e-04	 2189	 iter
1691	 1.060415e-04	 2190	 iter
1692	 1.060415e-04	 2191	 iter
1693	 1.060415e-04	 2192	 iter
1694	 1.060378e-04	 2194	 iter
1695	 1.060378e-04	 2195	 iter
1696	 1.060378e-04	 2196	 iter
1697	 1.060378e-04	 2197	 iter
1698	 1.060378e-04	 2199	 iter
1699	 1.060378e-04	 2200	 iter
1700	 1.060378e-04	 2201	 iter
1701	 1.060378e-04	 2202	 iter
1702	 1.059852e-04	 2204	 iter
1703	 1.059852e-04	 2205	 iter
1704	 1.059852e-04	 2206	 iter
1705	 1.059852e-04	 2207	 iter
1706	 1.059852e-04	 2208	 iter
1707	 1.059852e-04	 2209	 iter
1708	 1.059852e-04	 2210	 iter
1709	 1.059852e-04	 2211	 iter
1710	 1.059852e-04	 2212	 iter
1711	 1.059852e-04	 2214	 iter
1712	 1.059852e-04	 2215	 iter
1713	 1.059683e-04	 2217	 iter
1714	 1.059683e-04	 2218	 iter
1715	 1.059683e-04	 2219	 iter
1716	 1.059683e-04	 2220	 iter
1717	 1.059683e-04	 2221	 iter
1718	 1.059683e-04	 2222	 iter
1719	 1.059683e-04	 2224	 iter
1720	 1.059683e-04	 2225	 iter
1721	 1.059683e-04	 2226	 iter
1722	 1.059683e-04	 2227	 iter
1723	 1.059683e-04	 2228	 iter
1724	 1.059609e-04	 2230	 iter
1725	 1.059609e-04	 2231	 iter
1726	 1.059544e-04	 2233	 iter
1727	 1.059544e-04	 2235	 iter
1728	 1.059544e-04	 2236	 iter
1729	 1.059498e-04	 2238	 iter
1730	 1.059375e-04	 2240	 iter
1731	 1.059375e-04	 2241	 iter
1732	 1.059375e-04	 2243	 iter
1733	 1.059313e-04	 2245	 iter
1734	 1.059313e-04	 2247	 iter
1735	 1.059313e-04	 2249	 iter
1736	 1.059313e-04	 2250	 iter
1737	 1.059313e-04	 2252	 iter
1738	 1.059143e-04	 2254	 iter
1739	 1.059143e-04	 2255	 iter
1740	 1.059143e-04	 2256	 iter
1741	 1.059143e-04	 2257	 iter
1742	 1.059143e-04	 2258	 iter
1743	 1.059143e-04	 2259	 iter
1744	 1.059143e-04	 2261	 iter
1745	 1.059014e-04	 2263	 iter
1746	 1.059014e-04	 2265	 iter
1747	 1.059014e-04	 2266	 iter
1748	 1.059014e-04	 2267	 iter
1749	 1.059014e-04	 2268	 iter
1750	 1.059014e-04	 2270	 iter
1751	 1.059014e-04	 2272	 iter
1752	 1.058978e-04	 2274	 iter
1753	 1.058978e-04	 2275	 iter
1754	 1.058934e-04	 2277	 iter
1755	 1.058934e-04	 2278	 iter
1756	 1.058934e-04	 2280	 iter
1757	 1.058934e-04	 2281	 iter
1758	 1.058934e-04	 2282	 iter
1759	 1.058934e-04	 2283	 iter
1760	 1.058934e-04	 2284	 iter
1761	 1.058934e-04	 2285	 iter
1762	 1.058934e-04	 2286	 iter
1763	 1.058777e-04	 2288	 iter
1764	 1.058777e-04	 2289	 iter
1765	 1.058744e-04	 2291	 iter
1766	 1.058692e-04	 2293	 iter
1767	 1.058692e-04	 2294	 iter
1768	 1.058692e-04	 2295	 iter
1769	 1.058692e-04	 2296	 iter
1770	 1.058692e-04	 2298	 iter
1771	 1.058692e-04	 2299	 iter
1772	 1.058640e-04	 2301	 iter
1773	 1.058640e-04	 2302	 iter
1774	 1.058640e-04	 2303	 iter
1775	 1.058640e-04	 2304	 iter
1776	 1.058640e-04	 2305	 iter
1777	 1.058640e-04	 2306	 iter
1778	 1.058640e-04	 2308	 iter
1779	 1.058640e-04	 2309	 iter
1780	 1.058640e-04	 2310	 iter
1781	 1.058584e-04	 2312	 iter
1782	 1.058584e-04	 2313	 iter
1783	 1.058584e-04	 2314	 iter
1784	 1.058584e-04	 2315	 iter
1785	 1.058584e-04	 2316	 iter
1786	 1.058584e-04	 2318	 iter
1787	 1.058584e-04	 2319	 iter
1788	 1.058522e-04	 2321	 iter
1789	 1.058522e-04	 2322	 iter
1790	 1.058515e-04	 2324	 iter
1791	 1.058515e-04	 2325	 iter
1792	 1.058515e-04	 2326	 iter
1793	 1.058515e-04	 2327	 iter
1794	 1.058515e-04	 2329	 iter
1795	 1.058464e-04	 2331	 iter
1796	 1.058464e-04	 2333	 iter
1797	 1.058464e-04	 2334	 iter
1798	 1.058464e-04	 2335	 iter
1799	 1.058464e-04	 2336	 iter
1800	 1.058458e-04	 2338	 iter
1801	 1.058458e-04	 2339	 iter
1802	 1.058412e-04	 2341	 iter
1803	 1.058412e-04	 2342	 iter
1804	 1.058412e-04	 2343	 iter
1805	 1.058412e-04	 2344	 iter
1806	 1.058412e-04	 2345	 iter
1807	 1.058412e-04	 2347	 iter
1808	 1.058320e-04	 2349	 iter
1809	 1.058320e-04	 2350	 iter
1810	 1.058320e-04	 2351	 iter
1811	 1.058320e-04	 2352	 iter
1812	 1.058320e-04	 2353	 iter
1813	 1.058295e-04	 2355	 iter
1814	 1.058295e-04	 2356	 iter
1815	 1.058295e-04	 2357	 iter
1816	 1.058295e-04	 2358	 iter
1817	 1.058295e-04	 2360	 iter
1818	 1.058295e-04	 2362	 iter
1819	 1.058295e-04	 2363	 iter
1820	 1.058295e-04	 2364	 iter
1821	 1.058295e-04	 2365	 iter
1822	 1.058295e-04	 2366	 iter
1823	 1.058295e-04	 2367	 iter
1824	 1.058295e-04	 2368	 iter
1825	 1.058271e-04	 2370	 iter
1826	 1.058271e-04	 2371	 iter
1827	 1.058271e-04	 2372	 iter
1828	 1.058271e-04	 2373	 iter
1829	 1.058271e-04	 2374	 iter
1830	 1.058271e-04	 2375	 iter
1831	 1.058271e-04	 2376	 iter
1832	 1.058271e-04	 2377	 iter
1833	 1.058271e-04	 2379	 iter
1834	 1.058256e-04	 2381	 iter
1835	 1.058256e-04	 2383	 iter
1836	 1.058256e-04	 2384	 iter
1837	 1.058220e-04	 2386	 iter
1838	 1.058220e-04	 2387	 iter
1839	 1.058220e-04	 2388	 iter
1840	 1.058220e-04	 2390	 iter
1841	 1.058220e-04	 2391	 iter
1842	 1.058220e-04	 2393	 iter
1843	 1.058220e-04	 2394	 iter
1844	 1.058220e-04	 2395	 iter
1845	 1.058220e-04	 2396	 iter
1846	 1.058220e-04	 2398	 iter
1847	 1.058220e-04	 2400	 iter
1848	 1.058220e-04	 2402	 iter
1849	 1.058220e-04	 2404	 iter
1850	 1.058220e-04	 2406	 iter
1851	 1.058220e-04	 2407	 iter
1852	 1.058184e-04	 2409	 iter
1853	 1.058184e-04	 2410	 iter
1854	 1.058184e-04	 2411	 iter
1855	 1.058184e-04	 2412	 iter
1856	 1.058184e-04	 2413	 iter
1857	 1.058184e-04	 2414	 iter
1858	 1.058184e-04	 2415	 iter
1859	 1.058184e-04	 2416	 iter
1860	 1.058184e-04	 2417	 iter
1861	 1.058184e-04	 2419	 iter
1862	 1.058174e-04	 2421	 iter
1863	 1.058174e-04	 2422	 iter
1864	 1.058174e-04	 2424	 iter
1865	 1.058174e-04	 2426	 iter
1866	 1.058174e-04	 2427	 iter
1867	 1.058174e-04	 2429	 iter
1868	 1.058162e-04	 2431	 iter
1869	 1.058162e-04	 2433	 iter
1870	 1.058162e-04	 2435	 iter
1871	 1.058162e-04	 2436	 iter
1872	 1.058137e-04	 2438	 iter
1873	 1.058137e-04	 2439	 iter
1874	 1.058137e-04	 2440	 iter
1875	 1.058137e-04	 2441	 iter
1876	 1.058137e-04	 2442	 iter
1877	 1.058137e-04	 2444	 iter
1878	 1.058137e-04	 2445	 iter
1879	 1.058137e-04	 2447	 iter
1880	 1.058135e-04	 2449	 iter
1881	 1.058135e-04	 2450	 iter
1882	 1.058135e-04	 2451	 iter
1883	 1.058135e-04	 2452	 iter
1884	 1.058135e-04	 2453	 iter
1885	 1.058135e-04	 2454	 iter
1886	 1.058135e-04	 2455	 iter
1887	 1.058135e-04	 2456	 iter
1888	 1.058135e-04	 2457	 iter
1889	 1.058135e-04	 2458	 iter
1890	 1.058135e-04	 2460	 iter
1891	 1.058135e-04	 2461	 iter
1892	 1.058135e-04	 2462	 iter
1893	 1.058135e-04	 2463	 iter
1894	 1.058135e-04	 2464	 iter
1895	 1.058135e-04	 2465	 iter
1896	 1.058135e-04	 2467	 iter
1897	 1.058124e-04	 2469	 iter
1898	 1.058124e-04	 2471	 iter
1899	 1.058124e-04	 2472	 iter
1900	 1.058114e-04	 2474	 iter
1901	 1.058094e-04	 2476	 iter
1902	 1.058094e-04	 2477	 iter
1903	 1.058094e-04	 2478	 iter
1904	 1.058094e-04	 2479	 iter
1905	 1.058094e-04	 2481	 iter
1906	 1.058094e-04	 2482	 iter
1907	 1.058094e-04	 2483	 iter
1908	 1.058094e-04	 2485	 iter
1909	 1.058094e-04	 2486	 iter
1910	 1.058094e-04	 2487	 iter
1911	 1.058094e-04	 2489	 iter
1912	 1.058094e-04	 2490	 iter
1913	 1.058094e-04	 2491	 iter
1914	 1.058094e-04	 2492	 iter
1915	 1.058094e-04	 2493	 iter
1916	 1.058094e-04	 2494	 iter
1917	 1.058094e-04	 2495	 iter
1918	 1.058094e-04	 2496	 iter
1919	 1.058085e-04	 2498	 iter
1920	 1.058083e-04	 2500	 iter
1921	 1.058079e-04	 2502	 iter
1922	 1.058079e-04	 2503	 iter
1923	 1.058075e-04	 2505	 iter
1924	 1.058075e-04	 2506	 iter
1925	 1.058063e-04	 2508	 iter
1926	 1.058063e-04	 2509	 iter
1927	 1.058063e-04	 2510	 iter
1928	 1.058063e-04	 2511	 iter
1929	 1.058063e-04	 2512	 iter
1930	 1.058063e-04	 2513	 iter
1931	 1.058057e-04	 2515	 iter
1932	 1.058057e-04	 2516	 iter
1933	 1.058057e-04	 2517	 iter
1934	 1.058039e-04	 2519	 iter
1935	 1.058039e-04	 2520	 iter
1936	 1.058039e-04	 2521	 iter
1937	 1.058039e-04	 2522	 iter
1938	 1.058039e-04	 2523	 iter
1939	 1.058039e-04	 2524	 iter
1940	 1.058039e-04	 2525	 iter
1941	 1.058039e-04	 2527	 iter
1942	 1.058039e-04	 2528	 iter
1943	 1.058039e-04	 2529	 iter
1944	 1.058039e-04	 2530	 iter
1945	 1.058039e-04	 2531	 iter
1946	 1.058039e-04	 2532	 iter
1947	 1.058024e-04	 2534	 iter
1948	 1.058024e-04	 2535	 iter
1949	 1.058019e-04	 2537	 iter
1950	 1.058019e-04	 2538	 iter
1951	 1.058019e-04	 2539	 iter
1952	 1.058019e-04	 2540	 iter
1953	 1.058018e-04	 2542	 iter
1954	 1.058018e-04	 2543	 iter
1955	 1.058018e-04	 2544	 iter
1956	 1.058018e-04	 2545	 iter
1957	 1.058018e-04	 2546	 iter
1958	 1.058010e-04	 2548	 iter
1959	 1.058006e-04	 2550	 iter
1960	 1.058006e-04	 2552	 iter
1961	 1.057999e-04	 2554	 iter
1962	 1.057999e-04	 2555	 iter
1963	 1.057999e-04	 2556	 iter
1964	 1.057999e-04	 2557	 iter
1965	 1.057999e-04	 2558	 iter
1966	 1.057999e-04	 2559	 iter
1967	 1.057987e-04	 2561	 iter
1968	 1.057987e-04	 2562	 iter
1969	 1.057987e-04	 2563	 iter
1970	 1.057987e-04	 2564	 iter
1971	 1.057987e-04	 2565	 iter
1972	 1.057984e-04	 2567	 iter
1973	 1.057982e-04	 2569	 iter
1974	 1.057982e-04	 2570	 iter
1975	 1.057979e-04	 2572	 iter
1976	 1.057979e-04	 2573	 iter
1977	 1.057979e-04	 2574	 iter
1978	 1.057979e-04	 2575	 iter
1979	 1.057979e-04	 2576	 iter
1980	 1.057979e-04	 2577	 iter
1981	 1.057979e-04	 2579	 iter
1982	 1.057970e-04	 2581	 iter
1983	 1.057970e-04	 2582	 iter
1984	 1.057970e-04	 2583	 iter
1985	 1.057970e-04	 2584	 iter
1986	 1.057958e-04	 2586	 iter
1987	 1.057958e-04	 2587	 iter
1988	 1.057958e-04	 2588	 iter
1989	 1.057958e-04	 2589	 iter
1990	 1.057958e-04	 2591	 iter
1991	 1.057956e-04	 2593	 iter
1992	 1.057948e-04	 2595	 iter
1993	 1.057948e-04	 2596	 iter
1994	 1.057948e-04	 2597	 iter
1995	 1.057948e-04	 2598	 iter
1996	 1.057948e-04	 2599	 iter
1997	 1.057948e-04	 2600	 iter
1998	 1.057943e-04	 2602	 iter
1999	 1.057943e-04	 2603	 iter
2000	 1.057943e-04	 2604	 iter
2001	 1.057935e-04	 2606	 iter
2002	 1.057935e-04	 2607	 iter
2003	 1.057935e-04	 2608	 iter
2004	 1.057935e-04	 2609	 iter
2005	 1.057911e-04	 2611	 iter
2006	 1.057911e-04	 2612	 iter
2007	 1.057911e-04	 2613	 iter
2008	 1.057911e-04	 2614	 iter
2009	 1.057911e-04	 2615	 iter
2010	 1.057911e-04	 2616	 iter
2011	 1.057911e-04	 2617	 iter
2012	 1.057911e-04	 2618	 iter
2013	 1.057911e-04	 2619	 iter
2014	 1.057911e-04	 2620	 iter
2015	 1.057911e-04	 2621	 iter
2016	 1.057908e-04	 2623	 iter
2017	 1.057908e-04	 2624	 iter
2018	 1.057908e-04	 2625	 iter
2019	 1.057905e-04	 2627	 iter
2020	 1.057905e-04	 2628	 iter
2021	 1.057905e-04	 2629	 iter
2022	 1.057905e-04	 2630	 iter
2023	 1.057905e-04	 2631	 iter
2024	 1.057905e-04	 2632	 iter
2025	 1.057905e-04	 2633	 iter
2026	 1.057905e-04	 2634	 iter
2027	 1.057890e-04	 2636	 iter
2028	 1.057884e-04	 2638	 iter
2029	 1.057884e-04	 2639	 iter
2030	 1.057884e-04	 2640	 iter
2031	 1.057884e-04	 2642	 iter
2032	 1.057884e-04	 2644	 iter
2033	 1.057884e-04	 2645	 iter
2034	 1.057884e-04	 2646	 iter
2035	 1.057884e-04	 2647	 iter
2036	 1.057884e-04	 2648	 iter
2037	 1.057884e-04	 2649	 iter
2038	 1.057884e-04	 2650	 iter
2039	 1.057872e-04	 2652	 iter
2040	 1.057872e-04	 2653	 iter
2041	 1.057872e-04	 2655	 iter
2042	 1.057872e-04	 2656	 iter
2043	 1.057872e-04	 2657	 iter
2044	 1.057872e-04	 2658	 iter
2045	 1.057866e-04	 2660	 iter
2046	 1.057866e-04	 2661	 iter
2047	 1.057866e-04	 2662	 iter
2048	 1.057866e-04	 2663	 iter
2049	 1.057866e-04	 2664	 iter
2050	 1.057866e-04	 2665	 iter
2051	 1.057864e-04	 2667	 iter
2052	 1.057864e-04	 2668	 iter
2053	 1.057857e-04	 2670	 iter
2054	 1.057857e-04	 2671	 iter
2055	 1.057857e-04	 2672	 iter
2056	 1.057857e-04	 2673	 iter
2057	 1.057849e-04	 2675	 iter
2058	 1.057844e-04	 2677	 iter
2059	 1.057844e-04	 2678	 iter
2060	 1.057844e-04	 2679	 iter
2061	 1.057844e-04	 2680	 iter
2062	 1.057844e-04	 2681	 iter
2063	 1.057844e-04	 2682	 iter
2064	 1.057844e-04	 2683	 iter
2065	 1.057844e-04	 2684	 iter
2066	 1.057844e-04	 2685	 iter
2067	 1.057844e-04	 2686	 iter
2068	 1.057842e-04	 2688	 iter
2069	 1.057842e-04	 2689	 iter
2070	 1.057829e-04	 2691	 iter
2071	 1.057829e-04	 2692	 iter
2072	 1.057829e-04	 2693	 iter
2073	 1.057829e-04	 2694	 iter
2074	 1.057829e-04	 2695	 iter
2075	 1.057829e-04	 2696	 iter
2076	 1.057829e-04	 2697	 iter
2077	 1.057829e-04	 2698	 iter
2078	 1.057829e-04	 2699	 iter
2079	 1.057829e-04	 2700	 iter
2080	 1.057829e-04	 2701	 iter
2081	 1.057826e-04	 2703	 iter
2082	 1.057826e-04	 2704	 iter
2083	 1.057824e-04	 2706	 iter
2084	 1.057824e-04	 2707	 iter
2085	 1.057824e-04	 2708	 iter
2086	 1.057824e-04	 2709	 iter
2087	 1.057818e-04	 2711	 iter
2088	 1.057809e-04	 2713	 iter
2089	 1.057809e-04	 2714	 iter
2090	 1.057809e-04	 2715	 iter
2091	 1.057794e-04	 2717	 iter
2092	 1.057794e-04	 2718	 iter
2093	 1.057794e-04	 2719	 iter
2094	 1.057794e-04	 2720	 iter
2095	 1.057794e-04	 2721	 iter
2096	 1.057794e-04	 2722	 iter
2097	 1.057794e-04	 2723	 iter
2098	 1.057794e-04	 2724	 iter
2099	 1.057794e-04	 2725	 iter
2100	 1.057794e-04	 2726	 iter
2101	 1.057793e-04	 2728	 iter
2102	 1.057793e-04	 2729	 iter
2103	 1.057775e-04	 2731	 iter
2104	 1.057775e-04	 2733	 iter
2105	 1.057775e-04	 2734	 iter
2106	 1.057775e-04	 2735	 iter
2107	 1.057775e-04	 2736	 iter
2108	 1.057774e-04	 2738	 iter
2109	 1.057774e-04	 2739	 iter
2110	 1.057774e-04	 2740	 iter
2111	 1.057774e-04	 2741	 iter
2112	 1.057768e-04	 2743	 iter
2113	 1.057768e-04	 2744	 iter
2114	 1.057768e-04	 2745	 iter
2115	 1.057768e-04	 2746	 iter
2116	 1.057768e-04	 2747	 iter
2117	 1.057766e-04	 2749	 iter
2118	 1.057731e-04	 2751	 iter
2119	 1.057731e-04	 2752	 iter
2120	 1.057731e-04	 2753	 iter
2121	 1.057731e-04	 2754	 iter
2122	 1.057731e-04	 2755	 iter
2123	 1.057731e-04	 2756	 iter
2124	 1.057731e-04	 2757	 iter
2125	 1.057731e-04	 2758	 iter
2126	 1.057731e-04	 2759	 iter
2127	 1.057731e-04	 2760	 iter
2128	 1.057731e-04	 2761	 iter
2129	 1.057731e-04	 2762	 iter
2130	 1.057726e-04	 2764	 iter
2131	 1.057726e-04	 2765	 iter
2132	 1.057722e-04	 2767	 iter
2133	 1.057722e-04	 2768	 iter
2134	 1.057722e-04	 2769	 iter
2135	 1.057722e-04	 2770	 iter
2136	 1.057709e-04	 2772	 iter
2137	 1.057693e-04	 2774	 iter
2138	 1.057693e-04	 2775	 iter
2139	 1.057693e-04	 2776	 iter
2140	 1.057693e-04	 2777	 iter
2141	 1.057693e-04	 2778	 iter
2142	 1.057691e-04	 2780	 iter
2143	 1.057691e-04	 2781	 iter
2144	 1.057654e-04	 2783	 iter
2145	 1.057654e-04	 2784	 iter
2146	 1.057654e-04	 2785	 iter
2147	 1.057654e-04	 2786	 iter
2148	 1.057654e-04	 2787	 iter
2149	 1.057654e-04	 2788	 iter
2150	 1.057654e-04	 2789	 iter
2151	 1.057654e-04	 2790	 iter
2152	 1.057632e-04	 2792	 iter
2153	 1.057623e-04	 2794	 iter
2154	 1.057623e-04	 2795	 iter
2155	 1.057616e-04	 2797	 iter
2156	 1.057616e-04	 2798	 iter
2157	 1.057603e-04	 2800	 iter
2158	 1.057599e-04	 2802	 iter
2159	 1.057599e-04	 2803	 iter
2160	 1.057551e-04	 2805	 iter
2161	 1.057551e-04	 2806	 iter
2162	 1.057551e-04	 2807	 iter
2163	 1.057551e-04	 2808	 iter
2164	 1.057551e-04	 2809	 iter
2165	 1.057551e-04	 2810	 iter
2166	 1.057545e-04	 2812	 iter
2167	 1.057545e-04	 2813	 iter
2168	 1.057545e-04	 2814	 iter
2169	 1.057527e-04	 2816	 iter
2170	 1.057527e-04	 2817	 iter
2171	 1.057520e-04	 2819	 iter
2172	 1.057520e-04	 2820	 iter
2173	 1.057520e-04	 2821	 iter
2174	 1.057520e-04	 2822	 iter
2175	 1.057520e-04	 2823	 iter
2176	 1.057511e-04	 2825	 iter
2177	 1.057511e-04	 2826	 iter
2178	 1.057511e-04	 2827	 iter
2179	 1.057457e-04	 2829	 iter
2180	 1.057457e-04	 2830	 iter
2181	 1.057457e-04	 2832	 iter
2182	 1.057457e-04	 2833	 iter
2183	 1.057457e-04	 2834	 iter
2184	 1.057410e-04	 2836	 iter
2185	 1.057410e-04	 2837	 iter
2186	 1.057410e-04	 2838	 iter
2187	 1.057410e-04	 2839	 iter
2188	 1.057410e-04	 2840	 iter
2189	 1.057410e-04	 2841	 iter
2190	 1.057410e-04	 2842	 iter
2191	 1.057410e-04	 2843	 iter
2192	 1.057410e-04	 2844	 iter
2193	 1.057410e-04	 2845	 iter
2194	 1.057376e-04	 2847	 iter
2195	 1.057306e-04	 2849	 iter
2196	 1.057306e-04	 2850	 iter
2197	 1.057306e-04	 2851	 iter
2198	 1.057306e-04	 2852	 iter
2199	 1.057306e-04	 2853	 iter
2200	 1.057263e-04	 2855	 iter
2201	 1.057263e-04	 2856	 iter
2202	 1.057263e-04	 2857	 iter
2203	 1.057263e-04	 2858	 iter
2204	 1.057263e-04	 2859	 iter
2205	 1.057263e-04	 2860	 iter
2206	 1.057112e-04	 2862	 iter
2207	 1.057112e-04	 2863	 iter
2208	 1.057112e-04	 2864	 iter
2209	 1.057112e-04	 2865	 iter
2210	 1.057112e-04	 2866	 iter
2211	 1.057112e-04	 2867	 iter
2212	 1.057112e-04	 2868	 iter
2213	 1.057112e-04	 2869	 iter
2214	 1.057112e-04	 2870	 iter
2215	 1.057061e-04	 2872	 iter
2216	 1.057061e-04	 2873	 iter
2217	 1.057061e-04	 2874	 iter
2218	 1.056952e-04	 2876	 iter
2219	 1.056952e-04	 2877	 iter
2220	 1.056952e-04	 2878	 iter
2221	 1.056847e-04	 2880	 iter
2222	 1.056847e-04	 2881	 iter
2223	 1.056847e-04	 2882	 iter
2224	 1.056847e-04	 2883	 iter
2225	 1.056847e-04	 2884	 iter
2226	 1.056615e-04	 2886	 iter
2227	 1.056615e-04	 2887	 iter
2228	 1.056615e-04	 2888	 iter
2229	 1.056615e-04	 2889	 iter
2230	 1.056615e-04	 2890	 iter
2231	 1.056615e-04	 2891	 iter
2232	 1.056615e-04	 2892	 iter
2233	 1.056615e-04	 2893	 iter
2234	 1.056615e-04	 2894	 iter
2235	 1.056463e-04	 2896	 iter
2236	 1.056463e-04	 2897	 iter
2237	 1.056463e-04	 2898	 iter
2238	 1.056463e-04	 2899	 iter
2239	 1.056463e-04	 2900	 iter
2240	 1.056463e-04	 2901	 iter
2241	 1.056293e-04	 2903	 iter
2242	 1.056293e-04	 2904	 iter
2243	 1.056293e-04	 2905	 iter
2244	 1.056293e-04	 2906	 iter
2245	 1.056293e-04	 2907	 iter
2246	 1.056259e-04	 2909	 iter
2247	 1.056103e-04	 2911	 iter
2248	 1.056103e-04	 2912	 iter
2249	 1.056103e-04	 2913	 iter
2250	 1.056103e-04	 2914	 iter
2251	 1.056103e-04	 2915	 iter
2252	 1.055819e-04	 2917	 iter
2253	 1.055819e-04	 2918	 iter
2254	 1.055819e-04	 2919	 iter
2255	 1.055819e-04	 2920	 iter
2256	 1.055819e-04	 2921	 iter
2257	 1.055819e-04	 2922	 iter
2258	 1.055637e-04	 2924	 iter
2259	 1.055637e-04	 2925	 iter
2260	 1.055637e-04	 2926	 iter
2261	 1.055637e-04	 2927	 iter
2262	 1.055637e-04	 2928	 iter
2263	 1.055637e-04	 2929	 iter
2264	 1.055637e-04	 2930	 iter
2265	 1.055637e-04	 2931	 iter
2266	 1.055637e-04	 2932	 iter
2267	 1.055512e-04	 2934	 iter
2268	 1.055512e-04	 2935	 iter
2269	 1.055512e-04	 2936	 iter
2270	 1.055512e-04	 2937	 iter
2271	 1.055268e-04	 2939	 iter
2272	 1.055268e-04	 2940	 iter
2273	 1.055268e-04	 2941	 iter
2274	 1.055008e-04	 2943	 iter
2275	 1.055008e-04	 2944	 iter
2276	 1.055008e-04	 2945	 iter
2277	 1.055008e-04	 2946	 iter
2278	 1.055008e-04	 2947	 iter
2279	 1.055008e-04	 2948	 iter
2280	 1.055008e-04	 2949	 iter
2281	 1.055008e-04	 2950	 iter
2282	 1.054701e-04	 2952	 iter
2283	 1.054701e-04	 2953	 iter
2284	 1.054701e-04	 2954	 iter
2285	 1.054701e-04	 2955	 iter
2286	 1.054701e-04	 2956	 iter
2287	 1.054473e-04	 2958	 iter
2288	 1.053961e-04	 2960	 iter
2289	 1.053961e-04	 2961	 iter
2290	 1.053961e-04	 2962	 iter
2291	 1.053961e-04	 2963	 iter
2292	 1.053961e-04	 2964	 iter
2293	 1.053961e-04	 2965	 iter
2294	 1.053961e-04	 2966	 iter
2295	 1.053961e-04	 2967	 iter
2296	 1.053961e-04	 2968	 iter
2297	 1.053961e-04	 2969	 iter
2298	 1.053822e-04	 2971	 iter
2299	 1.053822e-04	 2972	 iter
2300	 1.053280e-04	 2974	 iter
2301	 1.053280e-04	 2975	 iter
2302	 1.053280e-04	 2976	 iter
2303	 1.053280e-04	 2977	 iter
2304	 1.053280e-04	 2978	 iter
2305	 1.052971e-04	 2980	 iter
2306	 1.052971e-04	 2981	 iter
2307	 1.052971e-04	 2982	 iter
2308	 1.052971e-04	 2983	 iter
2309	 1.052971e-04	 2984	 iter
2310	 1.052686e-04	 2986	 iter
2311	 1.052686e-04	 2987	 iter
2312	 1.052238e-04	 2989	 iter
2313	 1.052238e-04	 2990	 iter
2314	 1.052238e-04	 2991	 iter
2315	 1.052238e-04	 2992	 iter
2316	 1.051839e-04	 2994	 iter
2317	 1.051839e-04	 2995	 iter
2318	 1.051839e-04	 2996	 iter
2319	 1.051839e-04	 2997	 iter
2320	 1.051839e-04	 2998	 iter
2321	 1.051839e-04	 2999	 iter
2322	 1.051722e-04	 3001	 iter
2323	 1.050523e-04	 3003	 iter
2324	 1.050523e-04	 3004	 iter
2325	 1.050523e-04	 3005	 iter
2326	 1.050523e-04	 3006	 iter
2327	 1.050523e-04	 3007	 iter
2328	 1.050523e-04	 3008	 iter
2329	 1.050523e-04	 3009	 iter
2330	 1.050523e-04	 3010	 iter
2331	 1.050523e-04	 3011	 iter
2332	 1.050523e-04	 3012	 iter
2333	 1.050523e-04	 3013	 iter
2334	 1.050523e-04	 3014	 iter
2335	 1.050523e-04	 3015	 iter
2336	 1.050523e-04	 3016	 iter
2337	 1.050523e-04	 3017	 iter
2338	 1.049988e-04	 3019	 iter
2339	 1.049988e-04	 3020	 iter
2340	 1.049988e-04	 3021	 iter
2341	 1.049988e-04	 3022	 iter
2342	 1.049988e-04	 3023	 iter
2343	 1.049988e-04	 3024	 iter
2344	 1.049247e-04	 3026	 iter
2345	 1.049247e-04	 3027	 iter
2346	 1.049247e-04	 3028	 iter
2347	 1.049247e-04	 3029	 iter
2348	 1.049247e-04	 3030	 iter
2349	 1.049247e-04	 3031	 iter
2350	 1.049247e-04	 3032	 iter
2351	 1.049247e-04	 3033	 iter
2352	 1.048815e-04	 3035	 iter
2353	 1.048815e-04	 3036	 iter
2354	 1.048815e-04	 3037	 iter
2355	 1.048815e-04	 3038	 iter
2356	 1.048174e-04	 3040	 iter
2357	 1.048174e-04	 3041	 iter
2358	 1.048174e-04	 3042	 iter
2359	 1.048174e-04	 3043	 iter
2360	 1.048174e-04	 3044	 iter
2361	 1.048174e-04	 3045	 iter
2362	 1.048174e-04	 3046	 iter
2363	 1.048174e-04	 3047	 iter
2364	 1.048152e-04	 3049	 iter
2365	 1.048152e-04	 3050	 iter
2366	 1.048152e-04	 3051	 iter
2367	 1.047824e-04	 3053	 iter
2368	 1.047824e-04	 3054	 iter
2369	 1.047824e-04	 3055	 iter
2370	 1.047824e-04	 3056	 iter
2371	 1.047824e-04	 3057	 iter
2372	 1.046839e-04	 3059	 iter
2373	 1.046839e-04	 3060	 iter
2374	 1.046839e-04	 3061	 iter
2375	 1.046839e-04	 3062	 iter
2376	 1.046839e-04	 3063	 iter
2377	 1.046839e-04	 3064	 iter
2378	 1.046839e-04	 3065	 iter
2379	 1.046839e-04	 3066	 iter
2380	 1.046839e-04	 3067	 iter
2381	 1.046712e-04	 3069	 iter
2382	 1.046678e-04	 3071	 iter
2383	 1.045511e-04	 3073	 iter
2384	 1.045511e-04	 3074	 iter
2385	 1.045511e-04	 3075	 iter
2386	 1.045511e-04	 3076	 iter
2387	 1.045511e-04	 3077	 iter
2388	 1.045511e-04	 3078	 iter
2389	 1.045511e-04	 3079	 iter
2390	 1.045511e-04	 3080	 iter
2391	 1.045511e-04	 3081	 iter
2392	 1.045511e-04	 3082	 iter
2393	 1.043973e-04	 3084	 iter
2394	 1.043973e-04	 3085	 iter
2395	 1.043973e-04	 3086	 iter
2396	 1.043973e-04	 3087	 iter
2397	 1.043973e-04	 3088	 iter
2398	 1.043973e-04	 3089	 iter
2399	 1.043973e-04	 3090	 iter
2400	 1.043973e-04	 3091	 iter
2401	 1.043973e-04	 3092	 iter
2402	 1.043973e-04	 3093	 iter
2403	 1.043973e-04	 3094	 iter
2404	 1.043973e-04	 3095	 iter
2405	 1.043973e-04	 3096	 iter
2406	 1.043973e-04	 3097	 iter
2407	 1.043726e-04	 3099	 iter
2408	 1.043625e-04	 3101	 iter
2409	 1.043625e-04	 3102	 iter
2410	 1.043308e-04	 3104	 iter
2411	 1.042248e-04	 3106	 iter
2412	 1.042248e-04	 3107	 iter
2413	 1.042248e-04	 3108	 iter
2414	 1.042248e-04	 3109	 iter
2415	 1.042248e-04	 3110	 iter
2416	 1.042248e-04	 3111	 iter
2417	 1.042248e-04	 3112	 iter
2418	 1.042248e-04	 3113	 iter
2419	 1.041168e-04	 3115	 iter
2420	 1.041168e-04	 3116	 iter
2421	 1.041168e-04	 3117	 iter
2422	 1.041168e-04	 3118	 iter
2423	 1.041168e-04	 3119	 iter
2424	 1.040998e-04	 3121	 iter
2425	 1.040972e-04	 3123	 iter
2426	 1.039904e-04	 3125	 iter
2427	 1.039904e-04	 3126	 iter
2428	 1.039904e-04	 3127	 iter
2429	 1.039904e-04	 3128	 iter
2430	 1.039904e-04	 3129	 iter
2431	 1.039904e-04	 3130	 iter
2432	 1.039904e-04	 3131	 iter
2433	 1.039904e-04	 3132	 iter
2434	 1.039904e-04	 3133	 iter
2435	 1.039904e-04	 3134	 iter
2436	 1.039613e-04	 3136	 iter
2437	 1.039378e-04	 3138	 iter
2438	 1.039159e-04	 3140	 iter
2439	 1.039159e-04	 3141	 iter
2440	 1.039159e-04	 3142	 iter
2441	 1.038973e-04	 3144	 iter
2442	 1.038973e-04	 3145	 iter
2443	 1.038701e-04	 3147	 iter
2444	 1.038701e-04	 3148	 iter
2445	 1.038701e-04	 3149	 iter
2446	 1.038701e-04	 3150	 iter
2447	 1.038701e-04	 3151	 iter
2448	 1.038246e-04	 3153	 iter
2449	 1.038246e-04	 3154	 iter
2450	 1.038246e-04	 3155	 iter
2451	 1.038246e-04	 3156	 iter
2452	 1.038246e-04	 3157	 iter
2453	 1.038246e-04	 3158	 iter
2454	 1.038111e-04	 3160	 iter
2455	 1.038111e-04	 3161	 iter
2456	 1.037412e-04	 3163	 iter
2457	 1.037412e-04	 3164	 iter
2458	 1.037412e-04	 3166	 iter
2459	 1.037412e-04	 3167	 iter
2460	 1.037412e-04	 3168	 iter
2461	 1.037412e-04	 3169	 iter
2462	 1.037412e-04	 3170	 iter
2463	 1.037344e-04	 3172	 iter
2464	 1.037344e-04	 3173	 iter
2465	 1.037262e-04	 3175	 iter
2466	 1.037262e-04	 3176	 iter
2467	 1.037262e-04	 3177	 iter
2468	 1.037102e-04	 3179	 iter
2469	 1.037102e-04	 3180	 iter
2470	 1.036902e-04	 3182	 iter
2471	 1.036902e-04	 3183	 iter
2472	 1.036902e-04	 3185	 iter
2473	 1.036902e-04	 3186	 iter
2474	 1.036274e-04	 3188	 iter
2475	 1.036274e-04	 3189	 iter
2476	 1.036274e-04	 3190	 iter
2477	 1.036274e-04	 3191	 iter
2478	 1.036274e-04	 3192	 iter
2479	 1.036274e-04	 3193	 iter
2480	 1.036274e-04	 3194	 iter
2481	 1.036274e-04	 3195	 iter
2482	 1.036274e-04	 3196	 iter
2483	 1.036274e-04	 3197	 iter
2484	 1.036274e-04	 3198	 iter
2485	 1.036274e-04	 3199	 iter
2486	 1.036274e-04	 3201	 iter
2487	 1.036274e-04	 3202	 iter
2488	 1.036168e-04	 3204	 iter
2489	 1.035963e-04	 3206	 iter
2490	 1.035963e-04	 3207	 iter
2491	 1.035963e-04	 3208	 iter
2492	 1.035907e-04	 3210	 iter
2493	 1.035907e-04	 3211	 iter
2494	 1.035907e-04	 3212	 iter
2495	 1.035907e-04	 3213	 iter
2496	 1.035525e-04	 3215	 iter
2497	 1.035525e-04	 3216	 iter
2498	 1.035525e-04	 3217	 iter
2499	 1.035525e-04	 3218	 iter
2500	 1.035525e-04	 3219	 iter
2501	 1.035525e-04	 3220	 iter
2502	 1.035525e-04	 3222	 iter
2503	 1.035525e-04	 3223	 iter
2504	 1.035337e-04	 3225	 iter
2505	 1.035337e-04	 3227	 iter
2506	 1.035337e-04	 3228	 iter
2507	 1.035337e-04	 3229	 iter
2508	 1.035310e-04	 3231	 iter
2509	 1.035310e-04	 3232	 iter
2510	 1.035310e-04	 3233	 iter
2511	 1.035173e-04	 3235	 iter
2512	 1.035173e-04	 3236	 iter
2513	 1.035173e-04	 3237	 iter
2514	 1.035173e-04	 3238	 iter
2515	 1.035173e-04	 3239	 iter
2516	 1.035173e-04	 3241	 iter
2517	 1.035173e-04	 3242	 iter
2518	 1.035173e-04	 3243	 iter
2519	 1.034717e-04	 3245	 iter
2520	 1.034717e-04	 3246	 iter
2521	 1.034717e-04	 3248	 iter
2522	 1.034717e-04	 3249	 iter
2523	 1.034717e-04	 3250	 iter
2524	 1.034717e-04	 3252	 iter
2525	 1.034717e-04	 3253	 iter
2526	 1.034618e-04	 3255	 iter
2527	 1.034618e-04	 3256	 iter
2528	 1.034618e-04	 3258	 iter
2529	 1.034618e-04	 3260	 iter
2530	 1.034618e-04	 3262	 iter
2531	 1.034618e-04	 3264	 iter
2532	 1.034618e-04	 3265	 iter
2533	 1.034618e-04	 3266	 iter
2534	 1.034618e-04	 3268	 iter
2535	 1.034618e-04	 3269	 iter
2536	 1.034618e-04	 3271	 iter
2537	 1.034618e-04	 3272	 iter
2538	 1.034578e-04	 3274	 iter
2539	 1.034578e-04	 3275	 iter
2540	 1.034261e-04	 3277	 iter
2541	 1.034261e-04	 3279	 iter
2542	 1.034261e-04	 3281	 iter
2543	 1.034261e-04	 3282	 iter
2544	 1.034261e-04	 3284	 iter
2545	 1.034261e-04	 3285	 iter
2546	 1.034261e-04	 3286	 iter
2547	 1.034261e-04	 3287	 iter
2548	 1.034261e-04	 3288	 iter
2549	 1.034184e-04	 3290	 iter
2550	 1.034184e-04	 3291	 iter
2551	 1.034183e-04	 3293	 iter
2552	 1.034183e-04	 3294	 iter
2553	 1.034183e-04	 3295	 iter
2554	 1.034173e-04	 3297	 iter
2555	 1.034058e-04	 3299	 iter
2556	 1.034011e-04	 3301	 iter
2557	 1.033917e-04	 3303	 iter
2558	 1.033917e-04	 3304	 iter
2559	 1.033917e-04	 3305	 iter
2560	 1.033853e-04	 3307	 iter
2561	 1.033853e-04	 3308	 iter
2562	 1.033853e-04	 3309	 iter
2563	 1.033853e-04	 3310	 iter
2564	 1.033853e-04	 3311	 iter
2565	 1.033853e-04	 3313	 iter
2566	 1.033853e-04	 3314	 iter
2567	 1.033853e-04	 3315	 iter
2568	 1.033753e-04	 3317	 iter
2569	 1.033753e-04	 3319	 iter
2570	 1.033752e-04	 3321	 iter
2571	 1.033624e-04	 3323	 iter
2572	 1.033624e-04	 3324	 iter
2573	 1.033624e-04	 3325	 iter
2574	 1.033624e-04	 3326	 iter
2575	 1.033624e-04	 3328	 iter
2576	 1.033479e-04	 3330	 iter
2577	 1.033479e-04	 3331	 iter
2578	 1.033479e-04	 3332	 iter
2579	 1.033479e-04	 3333	 iter
2580	 1.033479e-04	 3334	 iter
2581	 1.033479e-04	 3335	 iter
2582	 1.033479e-04	 3336	 iter
2583	 1.033479e-04	 3337	 iter
2584	 1.033479e-04	 3338	 iter
2585	 1.033479e-04	 3339	 iter
2586	 1.033479e-04	 3340	 iter
2587	 1.033206e-04	 3342	 iter
2588	 1.033206e-04	 3343	 iter
2589	 1.033206e-04	 3344	 iter
2590	 1.033206e-04	 3345	 iter
2591	 1.033206e-04	 3346	 iter
2592	 1.033206e-04	 3347	 iter
2593	 1.033206e-04	 3348	 iter
2594	 1.033206e-04	 3350	 iter
2595	 1.033206e-04	 3351	 iter
2596	 1.033206e-04	 3352	 iter
2597	 1.033206e-04	 3353	 iter
2598	 1.033206e-04	 3354	 iter
2599	 1.033206e-04	 3355	 iter
2600	 1.033206e-04	 3356	 iter
2601	 1.033206e-04	 3357	 iter
2602	 1.033206e-04	 3358	 iter
2603	 1.033206e-04	 3359	 iter
2604	 1.033165e-04	 3361	 iter
2605	 1.033165e-04	 3362	 iter
2606	 1.033165e-04	 3363	 iter
2607	 1.033165e-04	 3364	 iter
2608	 1.033165e-04	 3366	 iter
2609	 1.033165e-04	 3367	 iter
2610	 1.033147e-04	 3369	 iter
2611	 1.033147e-04	 3370	 iter
2612	 1.033055e-04	 3372	 iter
2613	 1.033055e-04	 3373	 iter
2614	 1.033055e-04	 3374	 iter
2615	 1.033055e-04	 3375	 iter
2616	 1.033055e-04	 3376	 iter
2617	 1.033055e-04	 3378	 iter
2618	 1.033055e-04	 3380	 iter
2619	 1.033055e-04	 3381	 iter
2620	 1.033055e-04	 3382	 iter
2621	 1.033055e-04	 3383	 iter
2622	 1.033055e-04	 3385	 iter
2623	 1.033055e-04	 3387	 iter
2624	 1.033055e-04	 3388	 iter
2625	 1.033055e-04	 3389	 iter
2626	 1.033055e-04	 3391	 iter
2627	 1.033055e-04	 3392	 iter
2628	 1.033055e-04	 3393	 iter
2629	 1.033010e-04	 3395	 iter
2630	 1.033010e-04	 3397	 iter
2631	 1.033010e-04	 3398	 iter
2632	 1.033010e-04	 3400	 iter
2633	 1.033010e-04	 3401	 iter
2634	 1.033010e-04	 3403	 iter
2635	 1.033010e-04	 3404	 iter
2636	 1.033010e-04	 3406	 iter
2637	 1.033010e-04	 3408	 iter
2638	 1.033010e-04	 3410	 iter
2639	 1.033010e-04	 3411	 iter
2640	 1.033010e-04	 3413	 iter
2641	 1.033010e-04	 3414	 iter
2642	 1.033010e-04	 3415	 iter
2643	 1.033010e-04	 3416	 iter
2644	 1.033010e-04	 3418	 iter
2645	 1.033010e-04	 3420	 iter
2646	 1.033010e-04	 3421	 iter
2647	 1.033003e-04	 3423	 iter
2648	 1.033003e-04	 3425	 iter
2649	 1.033003e-04	 3426	 iter
2650	 1.033003e-04	 3427	 iter
2651	 1.033001e-04	 3429	 iter
2652	 1.033001e-04	 3430	 iter
2653	 1.033001e-04	 3431	 iter
2654	 1.033000e-04	 3433	 iter
2655	 1.032999e-04	 3435	 iter
2656	 1.032999e-04	 3437	 iter
2657	 1.032994e-04	 3439	 iter
2658	 1.032994e-04	 3440	 iter
2659	 1.032994e-04	 3441	 iter
2660	 1.032981e-04	 3443	 iter
2661	 1.032981e-04	 3445	 iter
2662	 1.032981e-04	 3446	 iter
2663	 1.032981e-04	 3447	 iter
2664	 1.032981e-04	 3449	 iter
2665	 1.032981e-04	 3450	 iter
2666	 1.032981e-04	 3451	 iter
2667	 1.032981e-04	 3452	 iter
2668	 1.032980e-04	 3454	 iter
2669	 1.032980e-04	 3456	 iter
2670	 1.032980e-04	 3458	 iter
2671	 1.032980e-04	 3460	 iter
2672	 1.032976e-04	 3462	 iter
2673	 1.032976e-04	 3463	 iter
2674	 1.032976e-04	 3465	 iter
2675	 1.032976e-04	 3467	 iter
2676	 1.032976e-04	 3468	 iter
2677	 1.032976e-04	 3469	 iter
2678	 1.032976e-04	 3470	 iter
2679	 1.032976e-04	 3471	 iter
2680	 1.032973e-04	 3473	 iter
2681	 1.032973e-04	 3475	 iter
2682	 1.032973e-04	 3477	 iter
2683	 1.032972e-04	 3479	 iter
2684	 1.032972e-04	 3480	 iter
2685	 1.032971e-04	 3482	 iter
2686	 1.032970e-04	 3484	 iter
2687	 1.032970e-04	 3486	 iter
2688	 1.032968e-04	 3488	 iter
2689	 1.032968e-04	 3489	 iter
2690	 1.032968e-04	 3491	 iter
2691	 1.032968e-04	 3492	 iter
2692	 1.032968e-04	 3493	 iter
2693	 1.032968e-04	 3495	 iter
2694	 1.032968e-04	 3497	 iter
2695	 1.032968e-04	 3498	 iter
2696	 1.032968e-04	 3500	 iter
2697	 1.032968e-04	 3501	 iter
2698	 1.032968e-04	 3502	 iter
2699	 1.032967e-04	 3504	 iter
2700	 1.032967e-04	 3506	 iter
2701	 1.032967e-04	 3508	 iter
2702	 1.032967e-04	 3510	 iter
2703	 1.032967e-04	 3511	 iter
2704	 1.032967e-04	 3512	 iter
2705	 1.032966e-04	 3514	 iter
2706	 1.032966e-04	 3516	 iter
2707	 1.032966e-04	 3518	 iter
2708	 1.032966e-04	 3520	 iter
2709	 1.032965e-04	 3522	 iter
2710	 1.032965e-04	 3524	 iter
2711	 1.032965e-04	 3526	 iter
2712	 1.032965e-04	 3527	 iter
2713	 1.032965e-04	 3528	 iter
2714	 1.032965e-04	 3530	 iter
2715	 1.032965e-04	 3532	 iter
2716	 1.032965e-04	 3533	 iter
2717	 1.032965e-04	 3535	 iter
2718	 1.032965e-04	 3537	 iter
2719	 1.032965e-04	 3539	 iter
2720	 1.032965e-04	 3540	 iter
2721	 1.032965e-04	 3542	 iter
2722	 1.032965e-04	 3544	 iter
2723	 1.032964e-04	 3546	 iter
2724	 1.032963e-04	 3548	 iter
2725	 1.032963e-04	 3549	 iter
2726	 1.032963e-04	 3551	 iter
2727	 1.032963e-04	 3553	 iter
2728	 1.032963e-04	 3554	 iter
2729	 1.032963e-04	 3555	 iter
2730	 1.032963e-04	 3557	 iter
2731	 1.032963e-04	 3559	 iter
2732	 1.032963e-04	 3561	 iter
2733	 1.032963e-04	 3562	 iter
2734	 1.032963e-04	 3564	 iter
2735	 1.032962e-04	 3566	 iter
2736	 1.032962e-04	 3568	 iter
2737	 1.032962e-04	 3569	 iter
2738	 1.032962e-04	 3570	 iter
2739	 1.032962e-04	 3571	 iter
2740	 1.032962e-04	 3573	 iter
2741	 1.032962e-04	 3574	 iter
2742	 1.032962e-04	 3575	 iter
2743	 1.032962e-04	 3576	 iter
2744	 1.032962e-04	 3578	 iter
2745	 1.032962e-04	 3580	 iter
2746	 1.032962e-04	 3582	 iter
2747	 1.032962e-04	 3584	 iter
2748	 1.032962e-04	 3585	 iter
2749	 1.032961e-04	 3587	 iter
2750	 1.032961e-04	 3589	 iter
2751	 1.032961e-04	 3590	 iter
2752	 1.032961e-04	 3592	 iter
2753	 1.032961e-04	 3593	 iter
2754	 1.032961e-04	 3595	 iter
2755	 1.032961e-04	 3596	 iter
2756	 1.032961e-04	 3597	 iter
2757	 1.032961e-04	 3599	 iter
2758	 1.032961e-04	 3600	 iter
2759	 1.032961e-04	 3601	 iter
2760	 1.032961e-04	 3602	 iter
2761	 1.032961e-04	 3604	 iter
2762	 1.032960e-04	 3606	 iter
2763	 1.032960e-04	 3607	 iter
2764	 1.032960e-04	 3608	 iter
2765	 1.032960e-04	 3609	 iter
2766	 1.032960e-04	 3610	 iter
2767	 1.032960e-04	 3611	 iter
2768	 1.032960e-04	 3612	 iter
2769	 1.032960e-04	 3613	 iter
2770	 1.032960e-04	 3614	 iter
2771	 1.032960e-04	 3616	 iter
2772	 1.032960e-04	 3618	 iter
2773	 1.032960e-04	 3619	 iter
2774	 1.032960e-04	 3621	 iter
2775	 1.032960e-04	 3622	 iter
2776	 1.032960e-04	 3624	 iter
2777	 1.032960e-04	 3625	 iter
2778	 1.032960e-04	 3626	 iter
2779	 1.032959e-04	 3628	 iter
2780	 1.032959e-04	 3629	 iter
2781	 1.032959e-04	 3630	 iter
2782	 1.032959e-04	 3632	 iter
2783	 1.032959e-04	 3633	 iter
2784	 1.032959e-04	 3634	 iter
2785	 1.032959e-04	 3635	 iter
2786	 1.032959e-04	 3636	 iter
2787	 1.032959e-04	 3638	 iter
2788	 1.032959e-04	 3640	 iter
2789	 1.032959e-04	 3642	 iter
2790	 1.032959e-04	 3643	 iter
2791	 1.032959e-04	 3645	 iter
2792	 1.032959e-04	 3646	 iter
2793	 1.032959e-04	 3648	 iter
2794	 1.032959e-04	 3650	 iter
2795	 1.032959e-04	 3651	 iter
2796	 1.032959e-04	 3652	 iter
2797	 1.032959e-04	 3653	 iter
2798	 1.032959e-04	 3654	 iter
2799	 1.032959e-04	 3655	 iter
2800	 1.032958e-04	 3657	 iter
2801	 1.032958e-04	 3658	 iter
2802	 1.032958e-04	 3659	 iter
2803	 1.032958e-04	 3660	 iter
2804	 1.032958e-04	 3661	 iter
2805	 1.032958e-04	 3662	 iter
2806	 1.032958e-04	 3663	 iter
2807	 1.032958e-04	 3665	 iter
2808	 1.032958e-04	 3666	 iter
2809	 1.032958e-04	 3667	 iter
2810	 1.032958e-04	 3668	 iter
2811	 1.032958e-04	 3669	 iter
2812	 1.032958e-04	 3670	 iter
2813	 1.032958e-04	 3671	 iter
2814	 1.032958e-04	 3672	 iter
2815	 1.032958e-04	 3673	 iter
2816	 1.032958e-04	 3674	 iter
2817	 1.032958e-04	 3675	 iter
2818	 1.032958e-04	 3676	 iter
2819	 1.032958e-04	 3678	 iter
2820	 1.032958e-04	 3680	 iter
2821	 1.032958e-04	 3681	 iter
2822	 1.032958e-04	 3682	 iter
2823	 1.032958e-04	 3684	 iter
2824	 1.032958e-04	 3686	 iter
2825	 1.032958e-04	 3687	 iter
2826	 1.032958e-04	 3689	 iter
2827	 1.032958e-04	 3691	 iter
2828	 1.032958e-04	 3692	 iter
2829	 1.032958e-04	 3693	 iter
2830	 1.032958e-04	 3694	 iter
2831	 1.032958e-04	 3695	 iter
2832	 1.032958e-04	 3696	 iter
2833	 1.032958e-04	 3698	 iter
2834	 1.032958e-04	 3699	 iter
2835	 1.032958e-04	 3701	 iter
2836	 1.032958e-04	 3703	 iter
2837	 1.032958e-04	 3705	 iter
2838	 1.032957e-04	 3707	 iter
2839	 1.032957e-04	 3708	 iter
2840	 1.032957e-04	 3709	 iter
2841	 1.032957e-04	 3710	 iter
2842	 1.032957e-04	 3712	 iter
2843	 1.032957e-04	 3713	 iter
2844	 1.032957e-04	 3714	 iter
2845	 1.032957e-04	 3715	 iter
2846	 1.032957e-04	 3716	 iter
2847	 1.032957e-04	 3717	 iter
2848	 1.032957e-04	 3718	 iter
2849	 1.032957e-04	 3719	 iter
2850	 1.032957e-04	 3720	 iter
2851	 1.032957e-04	 3721	 iter
2852	 1.032957e-04	 3722	 iter
2853	 1.032957e-04	 3724	 iter
2854	 1.032957e-04	 3726	 iter
2855	 1.032957e-04	 3727	 iter
2856	 1.032957e-04	 3728	 iter
2857	 1.032957e-04	 3729	 iter
2858	 1.032957e-04	 3730	 iter
2859	 1.032957e-04	 3731	 iter
2860	 1.032957e-04	 3732	 iter
2861	 1.032957e-04	 3733	 iter
2862	 1.032957e-04	 3734	 iter
2863	 1.032957e-04	 3735	 iter
2864	 1.032957e-04	 3736	 iter
2865	 1.032957e-04	 3738	 iter
2866	 1.032957e-04	 3739	 iter
2867	 1.032957e-04	 3741	 iter
2868	 1.032957e-04	 3743	 iter
2869	 1.032957e-04	 3744	 iter
2870	 1.032957e-04	 3745	 iter
2871	 1.032957e-04	 3747	 iter
2872	 1.032957e-04	 3748	 iter
2873	 1.032957e-04	 3749	 iter
2874	 1.032957e-04	 3750	 iter
2875	 1.032957e-04	 3751	 iter
2876	 1.032957e-04	 3752	 iter
2877	 1.032957e-04	 3753	 iter
2878	 1.032957e-04	 3755	 iter
2879	 1.032957e-04	 3756	 iter
2880	 1.032957e-04	 3757	 iter
2881	 1.032957e-04	 3759	 iter
2882	 1.032957e-04	 3761	 iter
2883	 1.032957e-04	 3762	 iter
2884	 1.032957e-04	 3763	 iter
2885	 1.032957e-04	 3764	 iter
2886	 1.032957e-04	 3766	 iter
2887	 1.032957e-04	 3767	 iter
2888	 1.032957e-04	 3769	 iter
2889	 1.032957e-04	 3771	 iter
2890	 1.032957e-04	 3773	 iter
2891	 1.032957e-04	 3774	 iter
2892	 1.032957e-04	 3776	 iter
2893	 1.032957e-04	 3778	 iter
2894	 1.032957e-04	 3779	 iter
2895	 1.032957e-04	 3780	 iter
2896	 1.032957e-04	 3781	 iter
2897	 1.032957e-04	 3782	 iter
2898	 1.032957e-04	 3783	 iter
2899	 1.032957e-04	 3785	 iter
2900	 1.032957e-04	 3787	 iter
2901	 1.032957e-04	 3788	 iter
2902	 1.032957e-04	 3789	 iter
2903	 1.032957e-04	 3791	 iter
2904	 1.032957e-04	 3792	 iter
2905	 1.032957e-04	 3794	 iter
2906	 1.032957e-04	 3796	 iter
2907	 1.032957e-04	 3798	 iter
2908	 1.032957e-04	 3799	 iter
2909	 1.032957e-04	 3800	 iter
2910	 1.032957e-04	 3801	 iter
2911	 1.032957e-04	 3802	 iter
2912	 1.032957e-04	 3803	 iter
2913	 1.032957e-04	 3804	 iter
2914	 1.032957e-04	 3806	 iter
2915	 1.032957e-04	 3807	 iter
2916	 1.032957e-04	 3808	 iter
2917	 1.032957e-04	 3810	 iter
2918	 1.032957e-04	 3812	 iter
2919	 1.032957e-04	 3813	 iter
2920	 1.032957e-04	 3815	 iter
2921	 1.032957e-04	 3817	 iter
2922	 1.032957e-04	 3818	 iter
2922	 1.032957e-04	 3818	 done
