0	 7.941601e-33	 1	 init
0	 7.941601e-33	 1	 iter
1	 7.941601e-33	 17	 iter
2	 7.941601e-33	 19	 iter
3	 7.941601e-33	 21	 iter
4	 7.941601e-33	 23	 iter
5	 7.941601e-33	 24	 iter
6	 7.941601e-33	 26	 iter
7	 7.941601e-33	 28	 iter
8	 7.941601e-33	 30	 iter
9	 7.941601e-33	 32	 iter
10	 7.941601e-33	 34	 iter
11	 7.941601e-33	 36	 iter
12	 7.941601e-33	 38	 iter
13	 7.941601e-33	 40	 iter
14	 7.941601e-33	 41	 iter
15	 7.941601e-33	 43	 iter
16	 7.941601e-33	 45	 iter
17	 7.941601e-33	 47	 iter
18	 7.941601e-33	 49	 iter
19	 7.941601e-33	 51	 iter
20	 7.941601e-33	 53	 iter
21	 7.941601e-33	 55	 iter
22	 7.941601e-33	 57	 iter
23	 7.941601e-33	 59	 iter
24	 7.941601e-33	 61	 iter
25	 7.941601e-33	 63	 iter
26	 7.941601e-33	 65	 iter
27	 7.941601e-33	 66	 iter
28	 7.941601e-33	 68	 iter
29	 7.941601e-33	 70	 iter
30	 7.941601e-33	 72	 iter
31	 7.941601e-33	 74	 iter
32	 7.941601e-33	 76	 iter
33	 7.941601e-33	 77	 iter
34	 7.941601e-33	 78	 iter
35	 7.941601e-33	 80	 iter
36	 7.941601e-33	 82	 iter
37	 7.941601e-33	 84	 iter
38	 7.941601e-33	 86	 iter
39	 7.941601e-33	 88	 iter
40	 7.941601e-33	 90	 iter
41	 7.941601e-33	 92	 iter
42	 7.941601e-33	 93	 iter
43	 7.941601e-33	 95	 iter
44	 7.941601e-33	 97	 iter
45	 7.941601e-33	 99	 iter
46	 7.941601e-33	 100	 iter
47	 7.941601e-33	 101	 iter
48	 7.941601e-33	 103	 iter
49	 7.941601e-33	 105	 iter
50	 7.941601e-33	 107	 iter
51	 7.941601e-33	 109	 iter
52	 7.941601e-33	 111	 iter
53	 7.941601e-33	 113	 iter
54	 7.941601e-33	 115	 iter
55	 7.941601e-33	 117	 iter
56	 7.941601e-33	 119	 iter
57	 7.941601e-33	 121	 iter
58	 7.941601e-33	 123	 iter
59	 7.941601e-33	 124	 iter
60	 7.941601e-33	 126	 iter
61	 7.941601e-33	 128	 iter
62	 7.941601e-33	 130	 iter
63	 7.941601e-33	 132	 iter
64	 7.941601e-33	 134	 iter
65	 7.941601e-33	 136	 iter
66	 7.941601e-33	 138	 iter
67	 7.941601e-33	 140	 iter
68	 7.941601e-33	 142	 iter
69	 7.941601e-33	 143	 iter
70	 7.941601e-33	 145	 iter
71	 7.941601e-33	 146	 iter
72	 7.941601e-33	 147	 iter
73	 7.941601e-33	 149	 iter
74	 7.941601e-33	 151	 iter
75	 7.941601e-33	 153	 iter
76	 7.941601e-33	 155	 iter
77	 7.941601e-33	 156	 iter
78	 7.941601e-33	 158	 iter
79	 7.941601e-33	 160	 iter
80	 7.941601e-33	 162	 iter
81	 7.941601e-33	 164	 iter
82	 7.941601e-33	 165	 iter
83	 7.941601e-33	 167	 iter
84	 7.941601e-33	 169	 iter
85	 7.941601e-33	 171	 iter
86	 7.941601e-33	 173	 iter
87	 7.941601e-33	 175	 iter
88	 7.941601e-33	 177	 iter
89	 7.941601e-33	 178	 iter
90	 7.941601e-33	 180	 iter
91	 7.941601e-33	 182	 iter
92	 7.941601e-33	 184	 iter
93	 7.941601e-33	 185	 iter
94	 7.941601e-33	 187	 iter
95	 7.941601e-33	 189	 iter
96	 7.941601e-33	 190	 iter
97	 7.941601e-33	 191	 iter
98	 7.941601e-33	 193	 iter
99	 7.941601e-33	 194	 iter
100	 7.941601e-33	 196	 iter
101	 7.941601e-33	 198	 iter
102	 7.941601e-33	 199	 iter
103	 7.941601e-33	 200	 iter
104	 7.941601e-33	 201	 iter
105	 7.941601e-33	 202	 iter
106	 7.941601e-33	 204	 iter
107	 7.941601e-33	 206	 iter
108	 7.941601e-33	 207	 iter
109	 7.941601e-33	 208	 iter
110	 7.941601e-33	 209	 iter
111	 7.941601e-33	 211	 iter
112	 7.941601e-33	 212	 iter
113	 7.941601e-33	 213	 iter
114	 7.941601e-33	 214	 iter
115	 7.941601e-33	 216	 iter
116	 7.941601e-33	 218	 iter
117	 7.941601e-33	 219	 iter
118	 7.941601e-33	 221	 iter
119	 7.941601e-33	 223	 iter
120	 7.941601e-33	 225	 iter
121	 7.941601e-33	 227	 iter
122	 7.941601e-33	 228	 iter
123	 7.941601e-33	 230	 iter
124	 7.941601e-33	 232	 iter
125	 7.941601e-33	 233	 iter
126	 7.941601e-33	 234	 iter
127	 7.941601e-33	 235	 iter
128	 7.941601e-33	 237	 iter
129	 7.941601e-33	 238	 iter
130	 7.941601e-33	 239	 iter
131	 7.941601e-33	 240	 iter
132	 7.941601e-33	 242	 iter
133	 7.941601e-33	 244	 iter
134	 7.941601e-33	 246	 iter
135	 7.941601e-33	 247	 iter
136	 7.941601e-33	 248	 iter
137	 7.941601e-33	 250	 iter
138	 7.941601e-33	 252	 iter
139	 7.941601e-33	 253	 iter
140	 7.941601e-33	 254	 iter
141	 7.941601e-33	 255	 iter
142	 7.941601e-33	 256	 iter
143	 7.941601e-33	 257	 iter
144	 7.941601e-33	 258	 iter
145	 7.941601e-33	 259	 iter
146	 7.941601e-33	 260	 iter
147	 7.941601e-33	 261	 iter
148	 7.941601e-33	 262	 iter
149	 7.941601e-33	 263	 iter
150	 7.941601e-33	 265	 iter
151	 7.941601e-33	 267	 iter
152	 7.941601e-33	 269	 iter
153	 7.941601e-33	 271	 iter
154	 7.941601e-33	 272	 iter
155	 7.941601e-33	 274	 iter
156	 7.941601e-33	 276	 iter
157	 7.941601e-33	 277	 iter
158	 7.941601e-33	 279	 iter
159	 7.941601e-33	 281	 iter
160	 7.941601e-33	 282	 iter
161	 7.941601e-33	 283	 iter
162	 7.941601e-33	 284	 iter
163	 7.941601e-33	 285	 iter
164	 7.941601e-33	 287	 iter
165	 7.941601e-33	 288	 iter
166	 7.941601e-33	 290	 iter
167	 7.941601e-33	 292	 iter
168	 7.941601e-33	 294	 iter
168	 7.941601e-33	 294	 done
