0	 7.861891e-03	 1	 init
0	 7.861891e-03	 1	 iter
1	 5.330622e-03	 17	 iter
2	 5.330622e-03	 18	 iter
3	 5.330622e-03	 19	 iter
4	 5.330622e-03	 20	 iter
5	 5.330622e-03	 21	 iter
6	 5.330622e-03	 22	 iter
7	 5.330622e-03	 23	 iter
8	 5.330622e-03	 24	 iter
9	 5.330622e-03	 25	 iter
10	 5.330622e-03	 26	 iter
11	 5.330622e-03	 27	 iter
12	 5.330622e-03	 28	 iter
13	 5.330622e-03	 29	 iter
14	 5.330622e-03	 30	 iter
15	 4.077877e-03	 32	 iter
16	 4.077877e-03	 33	 iter
17	 4.077877e-03	 34	 iter
18	 4.077877e-03	 35	 iter
19	 4.077877e-03	 36	 iter
20	 4.077877e-03	 37	 iter
21	 4.077877e-03	 38	 iter
22	 4.077877e-03	 39	 iter
23	 2.959521e-03	 41	 iter
24	 2.959521e-03	 42	 iter
25	 2.959521e-03	 43	 iter
26	 2.959521e-03	 44	 iter
27	 2.959521e-03	 45	 iter
28	 2.959521e-03	 46	 iter
29	 2.068964e-03	 48	 iter
30	 2.068964e-03	 49	 iter
31	 2.068964e-03	 50	 iter
32	 2.068964e-03	 51	 iter
33	 2.068964e-03	 52	 iter
34	 2.068964e-03	 53	 iter
35	 2.068964e-03	 54	 iter
36	 1.310347e-03	 56	 iter
37	 1.310347e-03	 57	 iter
38	 1.310347e-03	 58	 iter
39	 1.310347e-03	 59	 iter
40	 1.310347e-03	 60	 iter
41	 1.310347e-03	 61	 iter
42	 1.104529e-03	 63	 iter
43	 1.104529e-03	 64	 iter
44	 1.104529e-03	 65	 iter
45	 1.104529e-03	 66	 iter
46	 1.104529e-03	 67	 iter
47	 1.093424e-03	 69	 iter
48	 1.042069e-03	 71	 iter
49	 1.042069e-03	 72	 iter
50	 1.042069e-03	 73	 iter
51	 1.042069e-03	 74	 iter
52	 1.042069e-03	 75	 iter
53	 1.042069e-03	 76	 iter
54	 1.042069e-03	 77	 iter
55	 1.042069e-03	 79	 iter
56	 1.042069e-03	 81	 iter
57	 1.042069e-03	 83	 iter
58	 1.042069e-03	 85	 iter
59	 9.893514e-04	 87	 iter
60	 9.893514e-04	 88	 iter
61	 9.893514e-04	 90	 iter
62	 9.893514e-04	 92	 iter
63	 9.893514e-04	 94	 iter
64	 9.893514e-04	 96	 iter
65	 9.893514e-04	 97	 iter
66	 9.893514e-04	 98	 iter
67	 9.893514e-04	 99	 iter
68	 9.893514e-04	 101	 iter
69	 9.893514e-04	 102	 iter
70	 9.893514e-04	 103	 iter
71	 9.893514e-04	 105	 iter
72	 9.893514e-04	 106	 iter
73	 9.893514e-04	 107	 iter
74	 9.682081e-04	 109	 iter
75	 9.682081e-04	 111	 iter
76	 9.682081e-04	 112	 iter
77	 9.682081e-04	 114	 iter
78	 9.682081e-04	 115	 iter
79	 8.869604e-04	 117	 iter
80	 8.869604e-04	 118	 iter
81	 8.869604e-04	 119	 iter
82	 8.869604e-04	 120	 iter
83	 8.869604e-04	 121	 iter
84	 8.869604e-04	 122	 iter
85	 8.869604e-04	 123	 iter
86	 7.717284e-04	 125	 iter
87	 7.717284e-04	 126	 iter
88	 7.717284e-04	 127	 iter
89	 7.717284e-04	 128	 iter
90	 6.480793e-04	 130	 iter
91	 6.480793e-04	 131	 iter
92	 6.480793e-04	 132	 iter
93	 6.480793e-04	 133	 iter
94	 6.480793e-04	 134	 iter
95	 6.480793e-04	 135	 iter
96	 6.480793e-04	 136	 iter
97	 6.480793e-04	 137	 iter
98	 5.519286e-04	 139	 iter
99	 5.519286e-04	 140	 iter
100	 5.519286e-04	 141	 iter
101	 5.519286e-04	 143	 iter
102	 5.519286e-04	 144	 iter
103	 5.519286e-04	 145	 iter
104	 5.519286e-04	 146	 iter
105	 4.516515e-04	 148	 iter
106	 4.516515e-04	 149	 iter
107	 4.516515e-04	 150	 iter
108	 4.516515e-04	 151	 iter
109	 4.516515e-04	 152	 iter
110	 4.516515e-04	 153	 iter
111	 3.860070e-04	 155	 iter
112	 3.860070e-04	 156	 iter
113	 3.860070e-04	 157	 iter
114	 3.860070e-04	 158	 iter
115	 3.005984e-04	 160	 iter
116	 3.005984e-04	 161	 iter
117	 3.005984e-04	 162	 iter
118	 3.005984e-04	 163	 iter
119	 3.005984e-04	 164	 iter
120	 3.005984e-04	 165	 iter
121	 3.005984e-04	 166	 iter
122	 2.977091e-04	 168	 iter
123	 2.977091e-04	 169	 iter
124	 2.977091e-04	 170	 iter
125	 2.977091e-04	 171	 iter
126	 2.977091e-04	 172	 iter
127	 2.977091e-04	 173	 iter
128	 2.977091e-04	 174	 iter
129	 2.977091e-04	 175	 iter
130	 2.977091e-04	 177	 iter
131	 2.977091e-04	 178	 iter
132	 2.977091e-04	 179	 iter
133	 2.977091e-04	 180	 iter
134	 2.977091e-04	 181	 iter
135	 2.977091e-04	 182	 iter
136	 2.977091e-04	 183	 iter
137	 2.977091e-04	 185	 iter
138	 2.886782e-04	 187	 iter
139	 2.886782e-04	 189	 iter
140	 2.805472e-04	 191	 iter
141	 2.805472e-04	 192	 iter
142	 2.805472e-04	 194	 iter
143	 2.545056e-04	 196	 iter
144	 2.545056e-04	 197	 iter
145	 2.545056e-04	 199	 iter
146	 2.545056e-04	 200	 iter
147	 2.545056e-04	 201	 iter
148	 2.545056e-04	 202	 iter
149	 2.545056e-04	 204	 iter
150	 2.545056e-04	 206	 iter
151	 2.545056e-04	 208	 iter
152	 2.545056e-04	 210	 iter
153	 2.545056e-04	 211	 iter
154	 2.545056e-04	 212	 iter
155	 2.545056e-04	 213	 iter
156	 2.545056e-04	 214	 iter
157	 2.410621e-04	 216	 iter
158	 2.410621e-04	 217	 iter
159	 2.410621e-04	 219	 iter
160	 2.410621e-04	 220	 iter
161	 2.410621e-04	 222	 iter
162	 2.410621e-04	 223	 iter
163	 2.410621e-04	 224	 iter
164	 2.410621e-04	 225	 iter
165	 2.410621e-04	 227	 iter
166	 2.410621e-04	 229	 iter
167	 2.410621e-04	 231	 iter
168	 2.410621e-04	 232	 iter
169	 2.410621e-04	 233	 iter
170	 2.410621e-04	 234	 iter
171	 2.410621e-04	 235	 iter
172	 2.410621e-04	 237	 iter
173	 2.410621e-04	 238	 iter
174	 2.410621e-04	 239	 iter
175	 2.410621e-04	 241	 iter
176	 2.410621e-04	 242	 iter
177	 2.410621e-04	 244	 iter
178	 2.410621e-04	 246	 iter
179	 2.410621e-04	 247	 iter
180	 2.410621e-04	 248	 iter
181	 2.395521e-04	 250	 iter
182	 2.395521e-04	 251	 iter
183	 2.395521e-04	 253	 iter
184	 2.395521e-04	 255	 iter
185	 2.395521e-04	 256	 iter
186	 2.395521e-04	 258	 iter
187	 2.395521e-04	 260	 iter
188	 2.395521e-04	 261	 iter
189	 2.395521e-04	 263	 iter
190	 2.394343e-04	 265	 iter
191	 2.394343e-04	 267	 iter
192	 2.394343e-04	 268	 iter
193	 2.394343e-04	 270	 iter
194	 2.394343e-04	 271	 iter
195	 2.394343e-04	 272	 iter
196	 2.394343e-04	 273	 iter
197	 2.394343e-04	 275	 iter
198	 2.356638e-04	 277	 iter
199	 2.353156e-04	 279	 iter
200	 2.353156e-04	 280	 iter
201	 2.353156e-04	 281	 iter
202	 2.353156e-04	 282	 iter
203	 2.353156e-04	 283	 iter
204	 2.353156e-04	 285	 iter
205	 2.353156e-04	 287	 iter
206	 2.353156e-04	 288	 iter
207	 2.332306e-04	 290	 iter
208	 2.332306e-04	 291	 iter
209	 2.332306e-04	 293	 iter
210	 2.332306e-04	 295	 iter
211	 2.332306e-04	 296	 iter
212	 2.332306e-04	 297	 iter
213	 2.332306e-04	 298	 iter
214	 2.332306e-04	 299	 iter
215	 2.332306e-04	 300	 iter
216	 2.332306e-04	 301	 iter
217	 2.332306e-04	 302	 iter
218	 2.322088e-04	 304	 iter
219	 2.322088e-04	 305	 iter
220	 2.306247e-04	 307	 iter
221	 2.306247e-04	 308	 iter
222	 2.306247e-04	 310	 iter
223	 2.304649e-04	 312	 iter
224	 2.304649e-04	 313	 iter
225	 2.304649e-04	 314	 iter
226	 2.304649e-04	 315	 iter
227	 2.304649e-04	 316	 iter
228	 2.304649e-04	 317	 iter
229	 2.302242e-04	 319	 iter
230	 2.302242e-04	 321	 iter
231	 2.302242e-04	 322	 iter
232	 2.302242e-04	 323	 iter
233	 2.302242e-04	 324	 iter
234	 2.284009e-04	 326	 iter
235	 2.284009e-04	 327	 iter
236	 2.284009e-04	 329	 iter
237	 2.284009e-04	 330	 iter
238	 2.284009e-04	 331	 iter
239	 2.284009e-04	 332	 iter
240	 2.284009e-04	 333	 iter
241	 2.284009e-04	 334	 iter
242	 2.284009e-04	 336	 iter
243	 2.282970e-04	 338	 iter
244	 2.277291e-04	 340	 iter
245	 2.277291e-04	 341	 iter
246	 2.277291e-04	 343	 iter
247	 2.256579e-04	 345	 iter
248	 2.256579e-04	 346	 iter
249	 2.256579e-04	 347	 iter
250	 2.256579e-04	 348	 iter
251	 2.256579e-04	 349	 iter
252	 2.256579e-04	 350	 iter
253	 2.256579e-04	 351	 iter
254	 2.256579e-04	 352	 iter
255	 2.256579e-04	 354	 iter
256	 2.243109e-04	 356	 iter
257	 2.243109e-04	 357	 iter
258	 2.243109e-04	 358	 iter
259	 2.243109e-04	 359	 iter
260	 2.240106e-04	 361	 iter
261	 2.232837e-04	 363	 iter
262	 2.232837e-04	 364	 iter
263	 2.232837e-04	 365	 iter
264	 2.232837e-04	 366	 iter
265	 2.232837e-04	 367	 iter
266	 2.208650e-04	 369	 iter
267	 2.208650e-04	 370	 iter
268	 2.208650e-04	 371	 iter
269	 2.208650e-04	 372	 iter
270	 2.208650e-04	 373	 iter
271	 2.208650e-04	 374	 iter
272	 2.208650e-04	 375	 iter
273	 2.208650e-04	 376	 iter
274	 2.168828e-04	 378	 iter
275	 2.168828e-04	 379	 iter
276	 2.168828e-04	 380	 iter
277	 2.168828e-04	 381	 iter
278	 2.168828e-04	 382	 iter
279	 2.168828e-04	 383	 iter
280	 2.168828e-04	 384	 iter
281	 2.168828e-04	 385	 iter
282	 2.168828e-04	 386	 iter
283	 2.168828e-04	 387	 iter
284	 2.165261e-04	 389	 iter
285	 2.165261e-04	 390	 iter
286	 2.165261e-04	 391	 iter
287	 2.165261e-04	 392	 iter
288	 2.165261e-04	 393	 iter
289	 2.158909e-04	 395	 iter
290	 2.158909e-04	 396	 iter
291	 2.140015e-04	 398	 iter
292	 2.140015e-04	 399	 iter
293	 2.140015e-04	 400	 iter
294	 2.113199e-04	 402	 iter
295	 2.113199e-04	 403	 iter
296	 2.113199e-04	 405	 iter
297	 2.113199e-04	 406	 iter
298	 2.113199e-04	 407	 iter
299	 2.113199e-04	 408	 iter
300	 2.113199e-04	 409	 iter
301	 2.113199e-04	 410	 iter
302	 2.113199e-04	 411	 iter
303	 2.092780e-04	 413	 iter
304	 2.092780e-04	 415	 iter
305	 2.092780e-04	 416	 iter
306	 2.092780e-04	 417	 iter
307	 2.092780e-04	 418	 iter
308	 2.092780e-04	 419	 iter
309	 2.087371e-04	 421	 iter
310	 2.087371e-04	 422	 iter
311	 2.087371e-04	 423	 iter
312	 2.087371e-04	 424	 iter
313	 2.087371e-04	 425	 iter
314	 2.065846e-04	 427	 iter
315	 2.065846e-04	 428	 iter
316	 2.065846e-04	 429	 iter
317	 2.065846e-04	 430	 iter
318	 2.065846e-04	 431	 iter
319	 2.050241e-04	 433	 iter
320	 2.050241e-04	 434	 iter
321	 2.050241e-04	 435	 iter
322	 2.049045e-04	 437	 iter
323	 2.049045e-04	 438	 iter
324	 2.049045e-04	 440	 iter
325	 2.049045e-04	 441	 iter
326	 2.049045e-04	 442	 iter
327	 2.049045e-04	 443	 iter
328	 2.031462e-04	 445	 iter
329	 2.031462e-04	 446	 iter
330	 2.031462e-04	 447	 iter
331	 2.031462e-04	 448	 iter
332	 2.031462e-04	 449	 iter
333	 2.031462e-04	 450	 iter
334	 2.031462e-04	 451	 iter
335	 2.031462e-04	 452	 iter
336	 2.031462e-04	 454	 iter
337	 2.031462e-04	 455	 iter
338	 2.031462e-04	 456	 iter
339	 2.022074e-04	 458	 iter
340	 2.022074e-04	 460	 iter
341	 2.022074e-04	 461	 iter
342	 2.015091e-04	 463	 iter
343	 2.015091e-04	 465	 iter
344	 2.015091e-04	 466	 iter
345	 2.015091e-04	 468	 iter
346	 2.015091e-04	 469	 iter
347	 2.015091e-04	 470	 iter
348	 2.015091e-04	 471	 iter
349	 2.015091e-04	 473	 iter
350	 2.015091e-04	 474	 iter
351	 2.015091e-04	 475	 iter
352	 2.015091e-04	 476	 iter
353	 2.015091e-04	 477	 iter
354	 2.015091e-04	 479	 iter
355	 2.014407e-04	 481	 iter
356	 2.014407e-04	 482	 iter
357	 2.014407e-04	 483	 iter
358	 2.014407e-04	 484	 iter
359	 2.005709e-04	 486	 iter
360	 2.005709e-04	 488	 iter
361	 2.001129e-04	 490	 iter
362	 2.001129e-04	 491	 iter
363	 2.001129e-04	 492	 iter
364	 2.001129e-04	 493	 iter
365	 1.999550e-04	 495	 iter
366	 1.999550e-04	 496	 iter
367	 1.999550e-04	 498	 iter
368	 1.999550e-04	 499	 iter
369	 1.999550e-04	 500	 iter
370	 1.999550e-04	 501	 iter
371	 1.999550e-04	 502	 iter
372	 1.999550e-04	 503	 iter
373	 1.999550e-04	 504	 iter
374	 1.999550e-04	 505	 iter
375	 1.999550e-04	 506	 iter
376	 1.999550e-04	 507	 iter
377	 1.999550e-04	 508	 iter
378	 1.999550e-04	 509	 iter
379	 1.999550e-04	 510	 iter
380	 1.999550e-04	 511	 iter
381	 1.998405e-04	 513	 iter
382	 1.985993e-04	 515	 iter
383	 1.985993e-04	 516	 iter
384	 1.985993e-04	 518	 iter
385	 1.985993e-04	 520	 iter
386	 1.980759e-04	 522	 iter
387	 1.980759e-04	 524	 iter
388	 1.980759e-04	 525	 iter
389	 1.980759e-04	 526	 iter
390	 1.980759e-04	 527	 iter
391	 1.980759e-04	 528	 iter
392	 1.980759e-04	 529	 iter
393	 1.980759e-04	 531	 iter
394	 1.980759e-04	 533	 iter
395	 1.980759e-04	 534	 iter
396	 1.980759e-04	 535	 iter
397	 1.980759e-04	 536	 iter
398	 1.980759e-04	 537	 iter
399	 1.980759e-04	 538	 iter
400	 1.979369e-04	 540	 iter
401	 1.979369e-04	 541	 iter
402	 1.979369e-04	 543	 iter
403	 1.979369e-04	 544	 iter
404	 1.977656e-04	 546	 iter
405	 1.970418e-04	 548	 iter
406	 1.970418e-04	 549	 iter
407	 1.969842e-04	 551	 iter
408	 1.969842e-04	 552	 iter
409	 1.968002e-04	 554	 iter
410	 1.967025e-04	 556	 iter
411	 1.967025e-04	 557	 iter
412	 1.967025e-04	 558	 iter
413	 1.967025e-04	 559	 iter
414	 1.967025e-04	 560	 iter
415	 1.948496e-04	 562	 iter
416	 1.948496e-04	 563	 iter
417	 1.948496e-04	 564	 iter
418	 1.948496e-04	 565	 iter
419	 1.948496e-04	 566	 iter
420	 1.948496e-04	 567	 iter
421	 1.948496e-04	 568	 iter
422	 1.948496e-04	 569	 iter
423	 1.936085e-04	 571	 iter
424	 1.936085e-04	 572	 iter
425	 1.936085e-04	 573	 iter
426	 1.936085e-04	 574	 iter
427	 1.936085e-04	 575	 iter
428	 1.936085e-04	 576	 iter
429	 1.936085e-04	 577	 iter
430	 1.936085e-04	 578	 iter
431	 1.928564e-04	 580	 iter
432	 1.928564e-04	 581	 iter
433	 1.909552e-04	 583	 iter
434	 1.909552e-04	 584	 iter
435	 1.909552e-04	 585	 iter
436	 1.909552e-04	 586	 iter
437	 1.909552e-04	 587	 iter
438	 1.909552e-04	 588	 iter
439	 1.909552e-04	 589	 iter
440	 1.909552e-04	 590	 iter
441	 1.909552e-04	 591	 iter
442	 1.909552e-04	 592	 iter
443	 1.909552e-04	 593	 iter
444	 1.909552e-04	 594	 iter
445	 1.909552e-04	 595	 iter
446	 1.909552e-04	 596	 iter
447	 1.909552e-04	 597	 iter
448	 1.909552e-04	 598	 iter
449	 1.907615e-04	 600	 iter
450	 1.907615e-04	 601	 iter
451	 1.905220e-04	 603	 iter
452	 1.889791e-04	 605	 iter
453	 1.889791e-04	 606	 iter
454	 1.889791e-04	 607	 iter
455	 1.889791e-04	 608	 iter
456	 1.889791e-04	 609	 iter
457	 1.874645e-04	 611	 iter
458	 1.874645e-04	 612	 iter
459	 1.874645e-04	 613	 iter
460	 1.874645e-04	 614	 iter
461	 1.874645e-04	 615	 iter
462	 1.874645e-04	 616	 iter
463	 1.874645e-04	 617	 iter
464	 1.874645e-04	 618	 iter
465	 1.874645e-04	 619	 iter
466	 1.874645e-04	 620	 iter
467	 1.874645e-04	 621	 iter
468	 1.874645e-04	 622	 iter
469	 1.874645e-04	 623	 iter
470	 1.874645e-04	 624	 iter
471	 1.874645e-04	 625	 iter
472	 1.869876e-04	 627	 iter
473	 1.869876e-04	 628	 iter
474	 1.869876e-04	 629	 iter
475	 1.869876e-04	 630	 iter
476	 1.869876e-04	 631	 iter
477	 1.869876e-04	 633	 iter
478	 1.869876e-04	 634	 iter
479	 1.869876e-04	 635	 iter
480	 1.869876e-04	 636	 iter
481	 1.869876e-04	 637	 iter
482	 1.869876e-04	 638	 iter
483	 1.865266e-04	 640	 iter
484	 1.865266e-04	 642	 iter
485	 1.865266e-04	 644	 iter
486	 1.865266e-04	 645	 iter
487	 1.865266e-04	 646	 iter
488	 1.865266e-04	 647	 iter
489	 1.865266e-04	 648	 iter
490	 1.865266e-04	 649	 iter
491	 1.865266e-04	 650	 iter
492	 1.865266e-04	 651	 iter
493	 1.865266e-04	 652	 iter
494	 1.862706e-04	 654	 iter
495	 1.862706e-04	 656	 iter
496	 1.862706e-04	 657	 iter
497	 1.862706e-04	 659	 iter
498	 1.862706e-04	 660	 iter
499	 1.858820e-04	 662	 iter
500	 1.858820e-04	 663	 iter
501	 1.858820e-04	 664	 iter
502	 1.858820e-04	 665	 iter
503	 1.858820e-04	 666	 iter
504	 1.857749e-04	 668	 iter
505	 1.857749e-04	 669	 iter
506	 1.857749e-04	 671	 iter
507	 1.857749e-04	 672	 iter
508	 1.857749e-04	 673	 iter
509	 1.857749e-04	 674	 iter
510	 1.857423e-04	 676	 iter
511	 1.857423e-04	 678	 iter
512	 1.857423e-04	 679	 iter
513	 1.855089e-04	 681	 iter
514	 1.855089e-04	 682	 iter
515	 1.855089e-04	 683	 iter
516	 1.855089e-04	 684	 iter
517	 1.855089e-04	 685	 iter
518	 1.855089e-04	 686	 iter
519	 1.855089e-04	 688	 iter
520	 1.855089e-04	 689	 iter
521	 1.855089e-04	 691	 iter
522	 1.855089e-04	 692	 iter
523	 1.848775e-04	 694	 iter
524	 1.848775e-04	 696	 iter
525	 1.848705e-04	 698	 iter
526	 1.848705e-04	 699	 iter
527	 1.848705e-04	 700	 iter
528	 1.848705e-04	 701	 iter
529	 1.848432e-04	 703	 iter
530	 1.848432e-04	 704	 iter
531	 1.847594e-04	 706	 iter
532	 1.847594e-04	 707	 iter
533	 1.847594e-04	 708	 iter
534	 1.847594e-04	 709	 iter
535	 1.847594e-04	 711	 iter
536	 1.847594e-04	 712	 iter
537	 1.847594e-04	 713	 iter
538	 1.847594e-04	 714	 iter
539	 1.847594e-04	 716	 iter
540	 1.847594e-04	 717	 iter
541	 1.847594e-04	 718	 iter
542	 1.838486e-04	 720	 iter
543	 1.838486e-04	 721	 iter
544	 1.838486e-04	 722	 iter
545	 1.838486e-04	 723	 iter
546	 1.838486e-04	 724	 iter
547	 1.838486e-04	 726	 iter
548	 1.838486e-04	 727	 iter
549	 1.838486e-04	 728	 iter
550	 1.838486e-04	 729	 iter
551	 1.838486e-04	 730	 iter
552	 1.838486e-04	 732	 iter
553	 1.838486e-04	 733	 iter
554	 1.838486e-04	 734	 iter
555	 1.838486e-04	 735	 iter
556	 1.838486e-04	 736	 iter
557	 1.838486e-04	 737	 iter
558	 1.834175e-04	 739	 iter
559	 1.834175e-04	 740	 iter
560	 1.834175e-04	 741	 iter
561	 1.834175e-04	 742	 iter
562	 1.834175e-04	 743	 iter
563	 1.834175e-04	 744	 iter
564	 1.833864e-04	 746	 iter
565	 1.833864e-04	 747	 iter
566	 1.833864e-04	 748	 iter
567	 1.833864e-04	 749	 iter
568	 1.831567e-04	 751	 iter
569	 1.831567e-04	 752	 iter
570	 1.831567e-04	 753	 iter
571	 1.831567e-04	 754	 iter
572	 1.831567e-04	 755	 iter
573	 1.831567e-04	 756	 iter
574	 1.831567e-04	 757	 iter
575	 1.831567e-04	 758	 iter
576	 1.831567e-04	 759	 iter
577	 1.831459e-04	 761	 iter
578	 1.829678e-04	 763	 iter
579	 1.829678e-04	 764	 iter
580	 1.829678e-04	 765	 iter
581	 1.829678e-04	 766	 iter
582	 1.829678e-04	 767	 iter
583	 1.829678e-04	 768	 iter
584	 1.829678e-04	 769	 iter
585	 1.829678e-04	 771	 iter
586	 1.829524e-04	 773	 iter
587	 1.829524e-04	 774	 iter
588	 1.829524e-04	 775	 iter
589	 1.829524e-04	 776	 iter
590	 1.829524e-04	 777	 iter
591	 1.829330e-04	 779	 iter
592	 1.829330e-04	 780	 iter
593	 1.825907e-04	 782	 iter
594	 1.825907e-04	 783	 iter
595	 1.825907e-04	 784	 iter
596	 1.825907e-04	 786	 iter
597	 1.825907e-04	 787	 iter
598	 1.825907e-04	 789	 iter
599	 1.825907e-04	 791	 iter
600	 1.825907e-04	 792	 iter
601	 1.825907e-04	 793	 iter
602	 1.825907e-04	 794	 iter
603	 1.825907e-04	 795	 iter
604	 1.825907e-04	 796	 iter
605	 1.825541e-04	 798	 iter
606	 1.825541e-04	 800	 iter
607	 1.825541e-04	 801	 iter
608	 1.825541e-04	 803	 iter
609	 1.825541e-04	 805	 iter
610	 1.825541e-04	 807	 iter
611	 1.825541e-04	 809	 iter
612	 1.825541e-04	 810	 iter
613	 1.824102e-04	 812	 iter
614	 1.824102e-04	 813	 iter
615	 1.824102e-04	 815	 iter
616	 1.824102e-04	 816	 iter
617	 1.824102e-04	 817	 iter
618	 1.824102e-04	 818	 iter
619	 1.824102e-04	 819	 iter
620	 1.824102e-04	 821	 iter
621	 1.824102e-04	 822	 iter
622	 1.824102e-04	 823	 iter
623	 1.824102e-04	 824	 iter
624	 1.823599e-04	 826	 iter
625	 1.823521e-04	 828	 iter
626	 1.823362e-04	 830	 iter
627	 1.823362e-04	 831	 iter
628	 1.823362e-04	 832	 iter
629	 1.821713e-04	 834	 iter
630	 1.821713e-04	 835	 iter
631	 1.821713e-04	 836	 iter
632	 1.821713e-04	 837	 iter
633	 1.819796e-04	 839	 iter
634	 1.819796e-04	 840	 iter
635	 1.819796e-04	 841	 iter
636	 1.819796e-04	 842	 iter
637	 1.819796e-04	 843	 iter
638	 1.819796e-04	 844	 iter
639	 1.819796e-04	 845	 iter
640	 1.819796e-04	 846	 iter
641	 1.819796e-04	 847	 iter
642	 1.819796e-04	 848	 iter
643	 1.819796e-04	 849	 iter
644	 1.819796e-04	 850	 iter
645	 1.819796e-04	 851	 iter
646	 1.819348e-04	 853	 iter
647	 1.819348e-04	 854	 iter
648	 1.819348e-04	 855	 iter
649	 1.817962e-04	 857	 iter
650	 1.817962e-04	 858	 iter
651	 1.817962e-04	 859	 iter
652	 1.817962e-04	 860	 iter
653	 1.817962e-04	 861	 iter
654	 1.817962e-04	 862	 iter
655	 1.817962e-04	 863	 iter
656	 1.814954e-04	 865	 iter
657	 1.814954e-04	 866	 iter
658	 1.814954e-04	 867	 iter
659	 1.814954e-04	 868	 iter
660	 1.814954e-04	 869	 iter
661	 1.814954e-04	 870	 iter
662	 1.814954e-04	 871	 iter
663	 1.814954e-04	 872	 iter
664	 1.814954e-04	 873	 iter
665	 1.813545e-04	 875	 iter
666	 1.813545e-04	 876	 iter
667	 1.813545e-04	 877	 iter
668	 1.813545e-04	 878	 iter
669	 1.813545e-04	 879	 iter
670	 1.813108e-04	 881	 iter
671	 1.813108e-04	 882	 iter
672	 1.813108e-04	 883	 iter
673	 1.813108e-04	 884	 iter
674	 1.811707e-04	 886	 iter
675	 1.811707e-04	 887	 iter
676	 1.811707e-04	 888	 iter
677	 1.811032e-04	 890	 iter
678	 1.811032e-04	 891	 iter
679	 1.810525e-04	 893	 iter
680	 1.810525e-04	 894	 iter
681	 1.810525e-04	 895	 iter
682	 1.809902e-04	 897	 iter
683	 1.809506e-04	 899	 iter
684	 1.809031e-04	 901	 iter
685	 1.809031e-04	 902	 iter
686	 1.809031e-04	 903	 iter
687	 1.809031e-04	 904	 iter
688	 1.809031e-04	 905	 iter
689	 1.809031e-04	 906	 iter
690	 1.808859e-04	 908	 iter
691	 1.808859e-04	 909	 iter
692	 1.807686e-04	 911	 iter
693	 1.807686e-04	 912	 iter
694	 1.807686e-04	 913	 iter
695	 1.807686e-04	 914	 iter
696	 1.803822e-04	 916	 iter
697	 1.803822e-04	 917	 iter
698	 1.803822e-04	 918	 iter
699	 1.803822e-04	 919	 iter
700	 1.803822e-04	 920	 iter
701	 1.803822e-04	 921	 iter
702	 1.803822e-04	 922	 iter
703	 1.803822e-04	 923	 iter
704	 1.803822e-04	 924	 iter
705	 1.803822e-04	 925	 iter
706	 1.803822e-04	 926	 iter
707	 1.803822e-04	 927	 iter
708	 1.802361e-04	 929	 iter
709	 1.802361e-04	 930	 iter
710	 1.801660e-04	 932	 iter
711	 1.801660e-04	 933	 iter
712	 1.801660e-04	 934	 iter
713	 1.801660e-04	 935	 iter
714	 1.801660e-04	 936	 iter
715	 1.801660e-04	 937	 iter
716	 1.801660e-04	 938	 iter
717	 1.801660e-04	 939	 iter
718	 1.801660e-04	 940	 iter
719	 1.801660e-04	 941	 iter
720	 1.796954e-04	 943	 iter
721	 1.796954e-04	 944	 iter
722	 1.796954e-04	 945	 iter
723	 1.796954e-04	 946	 iter
724	 1.790959e-04	 948	 iter
725	 1.790959e-04	 949	 iter
726	 1.790959e-04	 950	 iter
727	 1.790959e-04	 951	 iter
728	 1.790959e-04	 952	 iter
729	 1.790959e-04	 953	 iter
730	 1.790959e-04	 954	 iter
731	 1.790959e-04	 955	 iter
732	 1.790959e-04	 956	 iter
733	 1.790959e-04	 957	 iter
734	 1.790959e-04	 958	 iter
735	 1.790959e-04	 959	 iter
736	 1.790959e-04	 960	 iter
737	 1.790959e-04	 961	 iter
738	 1.790959e-04	 962	 iter
739	 1.790959e-04	 963	 iter
740	 1.790959e-04	 964	 iter
741	 1.790959e-04	 965	 iter
742	 1.790192e-04	 967	 iter
743	 1.783665e-04	 969	 iter
744	 1.783665e-04	 970	 iter
745	 1.783665e-04	 971	 iter
746	 1.783665e-04	 972	 iter
747	 1.783665e-04	 973	 iter
748	 1.783665e-04	 974	 iter
749	 1.783665e-04	 975	 iter
750	 1.783665e-04	 976	 iter
751	 1.783665e-04	 977	 iter
752	 1.783665e-04	 978	 iter
753	 1.783665e-04	 979	 iter
754	 1.783665e-04	 980	 iter
755	 1.782678e-04	 982	 iter
756	 1.782533e-04	 984	 iter
757	 1.782533e-04	 985	 iter
758	 1.782533e-04	 986	 iter
759	 1.780687e-04	 988	 iter
760	 1.779979e-04	 990	 iter
761	 1.779021e-04	 992	 iter
762	 1.779021e-04	 993	 iter
763	 1.779021e-04	 994	 iter
764	 1.779021e-04	 995	 iter
765	 1.779021e-04	 996	 iter
766	 1.777573e-04	 998	 iter
767	 1.777573e-04	 999	 iter
768	 1.776083e-04	 1001	 iter
769	 1.776083e-04	 1002	 iter
770	 1.776083e-04	 1003	 iter
771	 1.776083e-04	 1004	 iter
772	 1.776083e-04	 1005	 iter
773	 1.776083e-04	 1006	 iter
774	 1.774256e-04	 1008	 iter
775	 1.774256e-04	 1009	 iter
776	 1.774256e-04	 1010	 iter
777	 1.774256e-04	 1011	 iter
778	 1.774256e-04	 1013	 iter
779	 1.774256e-04	 1014	 iter
780	 1.774130e-04	 1016	 iter
781	 1.774130e-04	 1017	 iter
782	 1.768625e-04	 1019	 iter
783	 1.768625e-04	 1020	 iter
784	 1.768625e-04	 1021	 iter
785	 1.768625e-04	 1022	 iter
786	 1.768625e-04	 1023	 iter
787	 1.768625e-04	 1024	 iter
788	 1.768625e-04	 1025	 iter
789	 1.768625e-04	 1026	 iter
790	 1.768625e-04	 1027	 iter
791	 1.766834e-04	 1029	 iter
792	 1.766056e-04	 1031	 iter
793	 1.766056e-04	 1032	 iter
794	 1.766056e-04	 1033	 iter
795	 1.766049e-04	 1035	 iter
796	 1.764318e-04	 1037	 iter
797	 1.764318e-04	 1038	 iter
798	 1.762128e-04	 1040	 iter
799	 1.762128e-04	 1041	 iter
800	 1.762128e-04	 1042	 iter
801	 1.762128e-04	 1043	 iter
802	 1.762128e-04	 1044	 iter
803	 1.760424e-04	 1046	 iter
804	 1.759556e-04	 1048	 iter
805	 1.759556e-04	 1049	 iter
806	 1.759556e-04	 1050	 iter
807	 1.759556e-04	 1051	 iter
808	 1.759556e-04	 1052	 iter
809	 1.754748e-04	 1054	 iter
810	 1.754748e-04	 1055	 iter
811	 1.754748e-04	 1056	 iter
812	 1.754748e-04	 1057	 iter
813	 1.752101e-04	 1059	 iter
814	 1.752101e-04	 1060	 iter
815	 1.752101e-04	 1061	 iter
816	 1.752101e-04	 1062	 iter
817	 1.750638e-04	 1064	 iter
818	 1.750638e-04	 1065	 iter
819	 1.750638e-04	 1066	 iter
820	 1.750242e-04	 1068	 iter
821	 1.750242e-04	 1069	 iter
822	 1.747400e-04	 1071	 iter
823	 1.745470e-04	 1073	 iter
824	 1.745470e-04	 1074	 iter
825	 1.736000e-04	 1076	 iter
826	 1.736000e-04	 1077	 iter
827	 1.736000e-04	 1078	 iter
828	 1.736000e-04	 1079	 iter
829	 1.736000e-04	 1080	 iter
830	 1.736000e-04	 1081	 iter
831	 1.736000e-04	 1082	 iter
832	 1.736000e-04	 1083	 iter
833	 1.736000e-04	 1084	 iter
834	 1.736000e-04	 1085	 iter
835	 1.736000e-04	 1086	 iter
836	 1.736000e-04	 1087	 iter
837	 1.736000e-04	 1088	 iter
838	 1.736000e-04	 1089	 iter
839	 1.736000e-04	 1090	 iter
840	 1.736000e-04	 1091	 iter
841	 1.736000e-04	 1092	 iter
842	 1.735836e-04	 1094	 iter
843	 1.730380e-04	 1096	 iter
844	 1.730380e-04	 1097	 iter
845	 1.730380e-04	 1098	 iter
846	 1.730380e-04	 1099	 iter
847	 1.730380e-04	 1100	 iter
848	 1.730380e-04	 1101	 iter
849	 1.730380e-04	 1102	 iter
850	 1.728517e-04	 1104	 iter
851	 1.728517e-04	 1105	 iter
852	 1.728517e-04	 1106	 iter
853	 1.728517e-04	 1107	 iter
854	 1.728517e-04	 1108	 iter
855	 1.728517e-04	 1109	 iter
856	 1.728517e-04	 1110	 iter
857	 1.728517e-04	 1111	 iter
858	 1.728517e-04	 1112	 iter
859	 1.728517e-04	 1113	 iter
860	 1.728517e-04	 1114	 iter
861	 1.728517e-04	 1115	 iter
862	 1.723477e-04	 1117	 iter
863	 1.723477e-04	 1118	 iter
864	 1.723477e-04	 1119	 iter
865	 1.723477e-04	 1120	 iter
866	 1.723477e-04	 1121	 iter
867	 1.723477e-04	 1122	 iter
868	 1.723153e-04	 1124	 iter
869	 1.723153e-04	 1125	 iter
870	 1.723153e-04	 1126	 iter
871	 1.723153e-04	 1127	 iter
872	 1.723153e-04	 1129	 iter
873	 1.723153e-04	 1130	 iter
874	 1.723153e-04	 1131	 iter
875	 1.723153e-04	 1132	 iter
876	 1.723153e-04	 1133	 iter
877	 1.723153e-04	 1134	 iter
878	 1.723153e-04	 1136	 iter
879	 1.723153e-04	 1137	 iter
880	 1.720379e-04	 1139	 iter
881	 1.720006e-04	 1141	 iter
882	 1.718191e-04	 1143	 iter
883	 1.718191e-04	 1144	 iter
884	 1.718191e-04	 1145	 iter
885	 1.718191e-04	 1146	 iter
886	 1.718191e-04	 1148	 iter
887	 1.718191e-04	 1149	 iter
888	 1.718191e-04	 1150	 iter
889	 1.718191e-04	 1151	 iter
890	 1.718191e-04	 1152	 iter
891	 1.718191e-04	 1154	 iter
892	 1.718191e-04	 1156	 iter
893	 1.718191e-04	 1158	 iter
894	 1.718191e-04	 1159	 iter
895	 1.717112e-04	 1161	 iter
896	 1.717112e-04	 1162	 iter
897	 1.716609e-04	 1164	 iter
898	 1.716609e-04	 1165	 iter
899	 1.716609e-04	 1166	 iter
900	 1.716609e-04	 1167	 iter
901	 1.716609e-04	 1168	 iter
902	 1.716609e-04	 1169	 iter
903	 1.716609e-04	 1171	 iter
904	 1.716609e-04	 1173	 iter
905	 1.715694e-04	 1175	 iter
906	 1.715694e-04	 1177	 iter
907	 1.715694e-04	 1178	 iter
908	 1.715687e-04	 1180	 iter
909	 1.715382e-04	 1182	 iter
910	 1.715382e-04	 1183	 iter
911	 1.715382e-04	 1184	 iter
912	 1.715382e-04	 1185	 iter
913	 1.713838e-04	 1187	 iter
914	 1.713838e-04	 1188	 iter
915	 1.713838e-04	 1189	 iter
916	 1.713838e-04	 1191	 iter
917	 1.713838e-04	 1192	 iter
918	 1.713838e-04	 1193	 iter
919	 1.713299e-04	 1195	 iter
920	 1.713081e-04	 1197	 iter
921	 1.713081e-04	 1198	 iter
922	 1.713081e-04	 1199	 iter
923	 1.713081e-04	 1200	 iter
924	 1.713081e-04	 1201	 iter
925	 1.713081e-04	 1202	 iter
926	 1.713081e-04	 1203	 iter
927	 1.713081e-04	 1205	 iter
928	 1.713081e-04	 1207	 iter
929	 1.712811e-04	 1209	 iter
930	 1.712458e-04	 1211	 iter
931	 1.712458e-04	 1212	 iter
932	 1.712197e-04	 1214	 iter
933	 1.712197e-04	 1216	 iter
934	 1.712197e-04	 1217	 iter
935	 1.712197e-04	 1218	 iter
936	 1.711887e-04	 1220	 iter
937	 1.711887e-04	 1221	 iter
938	 1.711519e-04	 1223	 iter
939	 1.711519e-04	 1224	 iter
940	 1.710681e-04	 1226	 iter
941	 1.710681e-04	 1227	 iter
942	 1.710317e-04	 1229	 iter
943	 1.710317e-04	 1230	 iter
944	 1.710317e-04	 1231	 iter
945	 1.710317e-04	 1232	 iter
946	 1.710317e-04	 1233	 iter
947	 1.710317e-04	 1234	 iter
948	 1.710317e-04	 1236	 iter
949	 1.710317e-04	 1237	 iter
950	 1.709992e-04	 1239	 iter
951	 1.709992e-04	 1240	 iter
952	 1.709992e-04	 1241	 iter
953	 1.709992e-04	 1242	 iter
954	 1.709612e-04	 1244	 iter
955	 1.709612e-04	 1245	 iter
956	 1.709612e-04	 1246	 iter
957	 1.709612e-04	 1247	 iter
958	 1.709612e-04	 1248	 iter
959	 1.709612e-04	 1249	 iter
960	 1.709612e-04	 1250	 iter
961	 1.709068e-04	 1252	 iter
962	 1.709068e-04	 1253	 iter
963	 1.709068e-04	 1254	 iter
964	 1.709068e-04	 1255	 iter
965	 1.709068e-04	 1256	 iter
966	 1.709068e-04	 1257	 iter
967	 1.707052e-04	 1259	 iter
968	 1.707052e-04	 1260	 iter
969	 1.707052e-04	 1261	 iter
970	 1.707052e-04	 1262	 iter
971	 1.707052e-04	 1263	 iter
972	 1.707052e-04	 1264	 iter
973	 1.707052e-04	 1265	 iter
974	 1.707052e-04	 1266	 iter
975	 1.707052e-04	 1267	 iter
976	 1.707052e-04	 1268	 iter
977	 1.707052e-04	 1269	 iter
978	 1.707052e-04	 1270	 iter
979	 1.707052e-04	 1271	 iter
980	 1.707052e-04	 1272	 iter
981	 1.707052e-04	 1273	 iter
982	 1.706675e-04	 1275	 iter
983	 1.706192e-04	 1277	 iter
984	 1.706192e-04	 1278	 iter
985	 1.706192e-04	 1279	 iter
986	 1.706192e-04	 1280	 iter
987	 1.706192e-04	 1281	 iter
988	 1.706192e-04	 1282	 iter
989	 1.706192e-04	 1283	 iter
990	 1.706192e-04	 1284	 iter
991	 1.706192e-04	 1285	 iter
992	 1.705074e-04	 1287	 iter
993	 1.705074e-04	 1288	 iter
994	 1.705074e-04	 1289	 iter
995	 1.705074e-04	 1290	 iter
996	 1.705074e-04	 1291	 iter
997	 1.705074e-04	 1292	 iter
998	 1.705074e-04	 1294	 iter
999	 1.705074e-04	 1295	 iter
1000	 1.705074e-04	 1297	 iter
1001	 1.705074e-04	 1298	 iter
1002	 1.705074e-04	 1299	 iter
1003	 1.705074e-04	 1301	 iter
1004	 1.705074e-04	 1302	 iter
1005	 1.704901e-04	 1304	 iter
1006	 1.704901e-04	 1305	 iter
1007	 1.704901e-04	 1306	 iter
1008	 1.703389e-04	 1308	 iter
1009	 1.703389e-04	 1309	 iter
1010	 1.703389e-04	 1310	 iter
1011	 1.703389e-04	 1311	 iter
1012	 1.703389e-04	 1312	 iter
1013	 1.703389e-04	 1313	 iter
1014	 1.703389e-04	 1314	 iter
1015	 1.703389e-04	 1316	 iter
1016	 1.703389e-04	 1318	 iter
1017	 1.703389e-04	 1319	 iter
1018	 1.702287e-04	 1321	 iter
1019	 1.701570e-04	 1323	 iter
1020	 1.701570e-04	 1324	 iter
1021	 1.701570e-04	 1325	 iter
1022	 1.701570e-04	 1326	 iter
1023	 1.701570e-04	 1327	 iter
1024	 1.701570e-04	 1328	 iter
1025	 1.701570e-04	 1329	 iter
1026	 1.700893e-04	 1331	 iter
1027	 1.700859e-04	 1333	 iter
1028	 1.699641e-04	 1335	 iter
1029	 1.698940e-04	 1337	 iter
1030	 1.696334e-04	 1339	 iter
1031	 1.696334e-04	 1340	 iter
1032	 1.696334e-04	 1341	 iter
1033	 1.696334e-04	 1342	 iter
1034	 1.696334e-04	 1343	 iter
1035	 1.696334e-04	 1344	 iter
1036	 1.692131e-04	 1346	 iter
1037	 1.692131e-04	 1347	 iter
1038	 1.692131e-04	 1348	 iter
1039	 1.692131e-04	 1349	 iter
1040	 1.692131e-04	 1350	 iter
1041	 1.692131e-04	 1351	 iter
1042	 1.688969e-04	 1353	 iter
1043	 1.688969e-04	 1354	 iter
1044	 1.688969e-04	 1355	 iter
1045	 1.688969e-04	 1356	 iter
1046	 1.688969e-04	 1357	 iter
1047	 1.688969e-04	 1358	 iter
1048	 1.688969e-04	 1359	 iter
1049	 1.685353e-04	 1361	 iter
1050	 1.685353e-04	 1362	 iter
1051	 1.685353e-04	 1363	 iter
1052	 1.685158e-04	 1365	 iter
1053	 1.680453e-04	 1367	 iter
1054	 1.680453e-04	 1368	 iter
1055	 1.680453e-04	 1369	 iter
1056	 1.672593e-04	 1371	 iter
1057	 1.672593e-04	 1372	 iter
1058	 1.672593e-04	 1373	 iter
1059	 1.672593e-04	 1374	 iter
1060	 1.672593e-04	 1375	 iter
1061	 1.672593e-04	 1376	 iter
1062	 1.672593e-04	 1377	 iter
1063	 1.672593e-04	 1378	 iter
1064	 1.672593e-04	 1379	 iter
1065	 1.672593e-04	 1380	 iter
1066	 1.672593e-04	 1381	 iter
1067	 1.670481e-04	 1383	 iter
1068	 1.670481e-04	 1384	 iter
1069	 1.668950e-04	 1386	 iter
1070	 1.668950e-04	 1387	 iter
1071	 1.658255e-04	 1389	 iter
1072	 1.658255e-04	 1390	 iter
1073	 1.658255e-04	 1391	 iter
1074	 1.658255e-04	 1392	 iter
1075	 1.658255e-04	 1393	 iter
1076	 1.658255e-04	 1394	 iter
1077	 1.658255e-04	 1395	 iter
1078	 1.655264e-04	 1397	 iter
1079	 1.655264e-04	 1398	 iter
1080	 1.655264e-04	 1399	 iter
1081	 1.649318e-04	 1401	 iter
1082	 1.641846e-04	 1403	 iter
1083	 1.641846e-04	 1404	 iter
1084	 1.641846e-04	 1405	 iter
1085	 1.641846e-04	 1406	 iter
1086	 1.631104e-04	 1408	 iter
1087	 1.631104e-04	 1409	 iter
1088	 1.631104e-04	 1410	 iter
1089	 1.631104e-04	 1411	 iter
1090	 1.631104e-04	 1412	 iter
1091	 1.631104e-04	 1413	 iter
1092	 1.625192e-04	 1415	 iter
1093	 1.625192e-04	 1416	 iter
1094	 1.625192e-04	 1417	 iter
1095	 1.625113e-04	 1419	 iter
1096	 1.625113e-04	 1420	 iter
1097	 1.625113e-04	 1421	 iter
1098	 1.625113e-04	 1422	 iter
1099	 1.602411e-04	 1424	 iter
1100	 1.602411e-04	 1425	 iter
1101	 1.602411e-04	 1426	 iter
1102	 1.602411e-04	 1427	 iter
1103	 1.602411e-04	 1428	 iter
1104	 1.577343e-04	 1430	 iter
1105	 1.577343e-04	 1431	 iter
1106	 1.577343e-04	 1432	 iter
1107	 1.577343e-04	 1433	 iter
1108	 1.577343e-04	 1434	 iter
1109	 1.577343e-04	 1435	 iter
1110	 1.577343e-04	 1436	 iter
1111	 1.577343e-04	 1437	 iter
1112	 1.577343e-04	 1438	 iter
1113	 1.577343e-04	 1439	 iter
1114	 1.577343e-04	 1440	 iter
1115	 1.564955e-04	 1442	 iter
1116	 1.564955e-04	 1443	 iter
1117	 1.564955e-04	 1444	 iter
1118	 1.564955e-04	 1445	 iter
1119	 1.564955e-04	 1446	 iter
1120	 1.555607e-04	 1448	 iter
1121	 1.555607e-04	 1449	 iter
1122	 1.555607e-04	 1450	 iter
1123	 1.551452e-04	 1452	 iter
1124	 1.528112e-04	 1454	 iter
1125	 1.528112e-04	 1455	 iter
1126	 1.528112e-04	 1456	 iter
1127	 1.528112e-04	 1457	 iter
1128	 1.510759e-04	 1459	 iter
1129	 1.510759e-04	 1460	 iter
1130	 1.510759e-04	 1461	 iter
1131	 1.510759e-04	 1462	 iter
1132	 1.510759e-04	 1463	 iter
1133	 1.510759e-04	 1464	 iter
1134	 1.510328e-04	 1466	 iter
1135	 1.510328e-04	 1467	 iter
1136	 1.508051e-04	 1469	 iter
1137	 1.466771e-04	 1471	 iter
1138	 1.466771e-04	 1472	 iter
1139	 1.466771e-04	 1473	 iter
1140	 1.466771e-04	 1474	 iter
1141	 1.466771e-04	 1475	 iter
1142	 1.466771e-04	 1476	 iter
1143	 1.466771e-04	 1477	 iter
1144	 1.466771e-04	 1478	 iter
1145	 1.466771e-04	 1479	 iter
1146	 1.466771e-04	 1480	 iter
1147	 1.466771e-04	 1481	 iter
1148	 1.466771e-04	 1482	 iter
1149	 1.466771e-04	 1483	 iter
1150	 1.447198e-04	 1485	 iter
1151	 1.447198e-04	 1486	 iter
1152	 1.447198e-04	 1487	 iter
1153	 1.443079e-04	 1489	 iter
1154	 1.440132e-04	 1491	 iter
1155	 1.438103e-04	 1493	 iter
1156	 1.425929e-04	 1495	 iter
1157	 1.425929e-04	 1496	 iter
1158	 1.397799e-04	 1498	 iter
1159	 1.397799e-04	 1499	 iter
1160	 1.397799e-04	 1500	 iter
1161	 1.397799e-04	 1501	 iter
1162	 1.397799e-04	 1502	 iter
1163	 1.397799e-04	 1503	 iter
1164	 1.397799e-04	 1504	 iter
1165	 1.397799e-04	 1505	 iter
1166	 1.394026e-04	 1507	 iter
1167	 1.389821e-04	 1509	 iter
1168	 1.373475e-04	 1511	 iter
1169	 1.373475e-04	 1512	 iter
1170	 1.373475e-04	 1513	 iter
1171	 1.373475e-04	 1514	 iter
1172	 1.373475e-04	 1515	 iter
1173	 1.365204e-04	 1517	 iter
1174	 1.365204e-04	 1518	 iter
1175	 1.356960e-04	 1520	 iter
1176	 1.353214e-04	 1522	 iter
1177	 1.349861e-04	 1524	 iter
1178	 1.349861e-04	 1525	 iter
1179	 1.323312e-04	 1527	 iter
1180	 1.323312e-04	 1529	 iter
1181	 1.304104e-04	 1531	 iter
1182	 1.304104e-04	 1532	 iter
1183	 1.304104e-04	 1533	 iter
1184	 1.304104e-04	 1534	 iter
1185	 1.304104e-04	 1535	 iter
1186	 1.304104e-04	 1536	 iter
1187	 1.304104e-04	 1537	 iter
1188	 1.304104e-04	 1538	 iter
1189	 1.298847e-04	 1540	 iter
1190	 1.292938e-04	 1542	 iter
1191	 1.292938e-04	 1543	 iter
1192	 1.289863e-04	 1545	 iter
1193	 1.214965e-04	 1547	 iter
1194	 1.214965e-04	 1548	 iter
1195	 1.214965e-04	 1549	 iter
1196	 1.214965e-04	 1550	 iter
1197	 1.214965e-04	 1551	 iter
1198	 1.214965e-04	 1552	 iter
1199	 1.214965e-04	 1553	 iter
1200	 1.214965e-04	 1554	 iter
1201	 1.214965e-04	 1555	 iter
1202	 1.214965e-04	 1556	 iter
1203	 1.214965e-04	 1557	 iter
1204	 1.214965e-04	 1558	 iter
1205	 1.214965e-04	 1559	 iter
1206	 1.214965e-04	 1560	 iter
1207	 1.214965e-04	 1561	 iter
1208	 1.214965e-04	 1562	 iter
1209	 1.184464e-04	 1564	 iter
1210	 1.184464e-04	 1565	 iter
1211	 1.184464e-04	 1566	 iter
1212	 1.184464e-04	 1567	 iter
1213	 1.164715e-04	 1569	 iter
1214	 1.164715e-04	 1570	 iter
1215	 1.164715e-04	 1571	 iter
1216	 1.144556e-04	 1573	 iter
1217	 1.144556e-04	 1574	 iter
1218	 1.144556e-04	 1575	 iter
1219	 1.133000e-04	 1577	 iter
1220	 1.133000e-04	 1578	 iter
1221	 1.133000e-04	 1579	 iter
1222	 1.114231e-04	 1581	 iter
1223	 1.111428e-04	 1583	 iter
1224	 1.077128e-04	 1585	 iter
1225	 1.077128e-04	 1586	 iter
1226	 1.077128e-04	 1587	 iter
1227	 1.077128e-04	 1588	 iter
1228	 1.035892e-04	 1590	 iter
1229	 1.035892e-04	 1591	 iter
1230	 1.035892e-04	 1592	 iter
1231	 1.035892e-04	 1593	 iter
1232	 1.035892e-04	 1594	 iter
1233	 1.035892e-04	 1595	 iter
1234	 1.035892e-04	 1596	 iter
1235	 1.035892e-04	 1597	 iter
1236	 1.035892e-04	 1598	 iter
1237	 1.035892e-04	 1599	 iter
1238	 9.851278e-05	 1601	 iter
1239	 9.851278e-05	 1602	 iter
1240	 9.851278e-05	 1603	 iter
1241	 9.851278e-05	 1604	 iter
1242	 9.851278e-05	 1605	 iter
1243	 9.851278e-05	 1607	 iter
1244	 9.851278e-05	 1608	 iter
1245	 9.851278e-05	 1609	 iter
1246	 9.851278e-05	 1610	 iter
1247	 9.851278e-05	 1611	 iter
1248	 9.577052e-05	 1613	 iter
1249	 9.577052e-05	 1614	 iter
1250	 9.577052e-05	 1615	 iter
1251	 9.577052e-05	 1616	 iter
1252	 9.577052e-05	 1617	 iter
1253	 9.577052e-05	 1618	 iter
1254	 9.577052e-05	 1619	 iter
1255	 9.577052e-05	 1620	 iter
1256	 9.577052e-05	 1621	 iter
1257	 9.577052e-05	 1622	 iter
1258	 9.577052e-05	 1623	 iter
1259	 9.577052e-05	 1624	 iter
1260	 9.577052e-05	 1625	 iter
1261	 9.577052e-05	 1626	 iter
1262	 9.577052e-05	 1627	 iter
1263	 9.577052e-05	 1628	 iter
1264	 9.577052e-05	 1629	 iter
1265	 9.513143e-05	 1631	 iter
1266	 9.513143e-05	 1632	 iter
1267	 9.513143e-05	 1634	 iter
1268	 9.485157e-05	 1636	 iter
1269	 9.485157e-05	 1637	 iter
1270	 9.467591e-05	 1639	 iter
1271	 9.467591e-05	 1641	 iter
1272	 9.267413e-05	 1643	 iter
1273	 9.267413e-05	 1644	 iter
1274	 9.167376e-05	 1646	 iter
1275	 9.167376e-05	 1647	 iter
1276	 9.167376e-05	 1648	 iter
1277	 9.167376e-05	 1650	 iter
1278	 9.167376e-05	 1651	 iter
1279	 9.167376e-05	 1652	 iter
1280	 9.167376e-05	 1653	 iter
1281	 9.167376e-05	 1655	 iter
1282	 9.167376e-05	 1656	 iter
1283	 8.999570e-05	 1658	 iter
1284	 8.999570e-05	 1659	 iter
1285	 8.999570e-05	 1660	 iter
1286	 8.999570e-05	 1661	 iter
1287	 8.999570e-05	 1663	 iter
1288	 8.999570e-05	 1664	 iter
1289	 8.999570e-05	 1665	 iter
1290	 8.999570e-05	 1666	 iter
1291	 8.999570e-05	 1667	 iter
1292	 8.999570e-05	 1668	 iter
1293	 8.999570e-05	 1669	 iter
1294	 8.993531e-05	 1671	 iter
1295	 8.966533e-05	 1673	 iter
1296	 8.799273e-05	 1675	 iter
1297	 8.799273e-05	 1676	 iter
1298	 8.799273e-05	 1677	 iter
1299	 8.799273e-05	 1678	 iter
1300	 8.799273e-05	 1679	 iter
1301	 8.799273e-05	 1680	 iter
1302	 8.710920e-05	 1682	 iter
1303	 8.710920e-05	 1683	 iter
1304	 8.710920e-05	 1684	 iter
1305	 8.710920e-05	 1686	 iter
1306	 8.710920e-05	 1687	 iter
1307	 8.710920e-05	 1688	 iter
1308	 8.710920e-05	 1689	 iter
1309	 8.710920e-05	 1690	 iter
1310	 8.710920e-05	 1692	 iter
1311	 8.710920e-05	 1693	 iter
1312	 8.710920e-05	 1694	 iter
1313	 8.710920e-05	 1695	 iter
1314	 8.654046e-05	 1697	 iter
1315	 8.654046e-05	 1698	 iter
1316	 8.654046e-05	 1699	 iter
1317	 8.654046e-05	 1700	 iter
1318	 8.654046e-05	 1701	 iter
1319	 8.555201e-05	 1703	 iter
1320	 8.555201e-05	 1704	 iter
1321	 8.555201e-05	 1705	 iter
1322	 8.555201e-05	 1706	 iter
1323	 8.555201e-05	 1707	 iter
1324	 8.555201e-05	 1708	 iter
1325	 8.555201e-05	 1709	 iter
1326	 8.543606e-05	 1711	 iter
1327	 8.543606e-05	 1712	 iter
1328	 8.543606e-05	 1713	 iter
1329	 8.543606e-05	 1714	 iter
1330	 8.543606e-05	 1715	 iter
1331	 8.543606e-05	 1716	 iter
1332	 8.443933e-05	 1718	 iter
1333	 8.443933e-05	 1719	 iter
1334	 8.443933e-05	 1721	 iter
1335	 8.443933e-05	 1723	 iter
1336	 8.443933e-05	 1724	 iter
1337	 8.443933e-05	 1726	 iter
1338	 8.443933e-05	 1727	 iter
1339	 8.443933e-05	 1728	 iter
1340	 8.416205e-05	 1730	 iter
1341	 8.416205e-05	 1731	 iter
1342	 8.416205e-05	 1732	 iter
1343	 8.416205e-05	 1733	 iter
1344	 8.349039e-05	 1735	 iter
1345	 8.349039e-05	 1737	 iter
1346	 8.349039e-05	 1739	 iter
1347	 8.349039e-05	 1741	 iter
1348	 8.349039e-05	 1742	 iter
1349	 8.349039e-05	 1744	 iter
1350	 8.343537e-05	 1746	 iter
1351	 8.343537e-05	 1747	 iter
1352	 8.343537e-05	 1748	 iter
1353	 8.343537e-05	 1750	 iter
1354	 8.343537e-05	 1751	 iter
1355	 8.315113e-05	 1753	 iter
1356	 8.315113e-05	 1754	 iter
1357	 8.315113e-05	 1755	 iter
1358	 8.315113e-05	 1756	 iter
1359	 8.315113e-05	 1757	 iter
1360	 8.275431e-05	 1759	 iter
1361	 8.275431e-05	 1760	 iter
1362	 8.275431e-05	 1761	 iter
1363	 8.275431e-05	 1762	 iter
1364	 8.275431e-05	 1763	 iter
1365	 8.275431e-05	 1764	 iter
1366	 8.275431e-05	 1765	 iter
1367	 8.275431e-05	 1766	 iter
1368	 8.140922e-05	 1768	 iter
1369	 8.140922e-05	 1769	 iter
1370	 8.140922e-05	 1770	 iter
1371	 8.140922e-05	 1771	 iter
1372	 8.140922e-05	 1772	 iter
1373	 8.140922e-05	 1773	 iter
1374	 8.140922e-05	 1774	 iter
1375	 8.140922e-05	 1775	 iter
1376	 8.140922e-05	 1776	 iter
1377	 8.140922e-05	 1777	 iter
1378	 8.140922e-05	 1778	 iter
1379	 8.140922e-05	 1779	 iter
1380	 8.140922e-05	 1780	 iter
1381	 8.140922e-05	 1782	 iter
1382	 8.140922e-05	 1783	 iter
1383	 8.140922e-05	 1784	 iter
1384	 8.126627e-05	 1786	 iter
1385	 8.126627e-05	 1787	 iter
1386	 8.126627e-05	 1788	 iter
1387	 8.126627e-05	 1789	 iter
1388	 8.126627e-05	 1790	 iter
1389	 8.126627e-05	 1791	 iter
1390	 8.087234e-05	 1793	 iter
1391	 8.071011e-05	 1795	 iter
1392	 8.071011e-05	 1796	 iter
1393	 8.071011e-05	 1797	 iter
1394	 8.071011e-05	 1799	 iter
1395	 8.071011e-05	 1800	 iter
1396	 8.071011e-05	 1801	 iter
1397	 8.071011e-05	 1802	 iter
1398	 8.071011e-05	 1803	 iter
1399	 8.071011e-05	 1804	 iter
1400	 8.071011e-05	 1805	 iter
1401	 8.071011e-05	 1806	 iter
1402	 8.053764e-05	 1808	 iter
1403	 8.053764e-05	 1810	 iter
1404	 8.053764e-05	 1811	 iter
1405	 8.050655e-05	 1813	 iter
1406	 8.050655e-05	 1814	 iter
1407	 8.050655e-05	 1815	 iter
1408	 8.050655e-05	 1817	 iter
1409	 8.050655e-05	 1818	 iter
1410	 8.048307e-05	 1820	 iter
1411	 7.947959e-05	 1822	 iter
1412	 7.947959e-05	 1823	 iter
1413	 7.947959e-05	 1824	 iter
1414	 7.947959e-05	 1825	 iter
1415	 7.947959e-05	 1826	 iter
1416	 7.947959e-05	 1827	 iter
1417	 7.947959e-05	 1828	 iter
1418	 7.947959e-05	 1829	 iter
1419	 7.947959e-05	 1830	 iter
1420	 7.947959e-05	 1831	 iter
1421	 7.947959e-05	 1832	 iter
1422	 7.940788e-05	 1834	 iter
1423	 7.940788e-05	 1835	 iter
1424	 7.940788e-05	 1836	 iter
1425	 7.940788e-05	 1837	 iter
1426	 7.940788e-05	 1839	 iter
1427	 7.940788e-05	 1840	 iter
1428	 7.940788e-05	 1842	 iter
1429	 7.928887e-05	 1844	 iter
1430	 7.928887e-05	 1845	 iter
1431	 7.928887e-05	 1846	 iter
1432	 7.928887e-05	 1847	 iter
1433	 7.924962e-05	 1849	 iter
1434	 7.924962e-05	 1850	 iter
1435	 7.924962e-05	 1851	 iter
1436	 7.900643e-05	 1853	 iter
1437	 7.900643e-05	 1854	 iter
1438	 7.900643e-05	 1855	 iter
1439	 7.900643e-05	 1856	 iter
1440	 7.875017e-05	 1858	 iter
1441	 7.875017e-05	 1859	 iter
1442	 7.875017e-05	 1860	 iter
1443	 7.863424e-05	 1862	 iter
1444	 7.863424e-05	 1863	 iter
1445	 7.863424e-05	 1864	 iter
1446	 7.863424e-05	 1866	 iter
1447	 7.863424e-05	 1867	 iter
1448	 7.863424e-05	 1868	 iter
1449	 7.863424e-05	 1870	 iter
1450	 7.863424e-05	 1872	 iter
1451	 7.863424e-05	 1873	 iter
1452	 7.863424e-05	 1874	 iter
1453	 7.861238e-05	 1876	 iter
1454	 7.861238e-05	 1877	 iter
1455	 7.861238e-05	 1878	 iter
1456	 7.861238e-05	 1879	 iter
1457	 7.861238e-05	 1881	 iter
1458	 7.811929e-05	 1883	 iter
1459	 7.811929e-05	 1884	 iter
1460	 7.811929e-05	 1885	 iter
1461	 7.811929e-05	 1886	 iter
1462	 7.811929e-05	 1887	 iter
1463	 7.811929e-05	 1889	 iter
1464	 7.811929e-05	 1890	 iter
1465	 7.811929e-05	 1891	 iter
1466	 7.811929e-05	 1892	 iter
1467	 7.811929e-05	 1893	 iter
1468	 7.811929e-05	 1895	 iter
1469	 7.811929e-05	 1896	 iter
1470	 7.811929e-05	 1897	 iter
1471	 7.811929e-05	 1898	 iter
1472	 7.811929e-05	 1899	 iter
1473	 7.807238e-05	 1901	 iter
1474	 7.807238e-05	 1902	 iter
1475	 7.807238e-05	 1903	 iter
1476	 7.804852e-05	 1905	 iter
1477	 7.786053e-05	 1907	 iter
1478	 7.786053e-05	 1908	 iter
1479	 7.786053e-05	 1909	 iter
1480	 7.786053e-05	 1910	 iter
1481	 7.786053e-05	 1911	 iter
1482	 7.770720e-05	 1913	 iter
1483	 7.770720e-05	 1914	 iter
1484	 7.770720e-05	 1916	 iter
1485	 7.770720e-05	 1917	 iter
1486	 7.770720e-05	 1918	 iter
1487	 7.770720e-05	 1919	 iter
1488	 7.770720e-05	 1920	 iter
1489	 7.770720e-05	 1921	 iter
1490	 7.770720e-05	 1922	 iter
1491	 7.770720e-05	 1923	 iter
1492	 7.770720e-05	 1924	 iter
1493	 7.769413e-05	 1926	 iter
1494	 7.769413e-05	 1927	 iter
1495	 7.769413e-05	 1928	 iter
1496	 7.769413e-05	 1929	 iter
1497	 7.769413e-05	 1930	 iter
1498	 7.769413e-05	 1932	 iter
1499	 7.752246e-05	 1934	 iter
1500	 7.752246e-05	 1935	 iter
1501	 7.752246e-05	 1936	 iter
1502	 7.752246e-05	 1937	 iter
1503	 7.752246e-05	 1938	 iter
1504	 7.752246e-05	 1939	 iter
1505	 7.752246e-05	 1940	 iter
1506	 7.748574e-05	 1942	 iter
1507	 7.743696e-05	 1944	 iter
1508	 7.743696e-05	 1945	 iter
1509	 7.743696e-05	 1946	 iter
1510	 7.743696e-05	 1948	 iter
1511	 7.743696e-05	 1949	 iter
1512	 7.743696e-05	 1950	 iter
1513	 7.732363e-05	 1952	 iter
1514	 7.732363e-05	 1954	 iter
1515	 7.723298e-05	 1956	 iter
1516	 7.723298e-05	 1957	 iter
1517	 7.723298e-05	 1959	 iter
1518	 7.723298e-05	 1960	 iter
1519	 7.723298e-05	 1961	 iter
1520	 7.723298e-05	 1962	 iter
1521	 7.723298e-05	 1963	 iter
1522	 7.723298e-05	 1964	 iter
1523	 7.723298e-05	 1965	 iter
1524	 7.723298e-05	 1966	 iter
1525	 7.723298e-05	 1968	 iter
1526	 7.723298e-05	 1970	 iter
1527	 7.712119e-05	 1972	 iter
1528	 7.712119e-05	 1974	 iter
1529	 7.712119e-05	 1975	 iter
1530	 7.712119e-05	 1977	 iter
1531	 7.712119e-05	 1978	 iter
1532	 7.712119e-05	 1979	 iter
1533	 7.712119e-05	 1980	 iter
1534	 7.712119e-05	 1981	 iter
1535	 7.712119e-05	 1982	 iter
1536	 7.712119e-05	 1983	 iter
1537	 7.697869e-05	 1985	 iter
1538	 7.697869e-05	 1987	 iter
1539	 7.697869e-05	 1989	 iter
1540	 7.697869e-05	 1990	 iter
1541	 7.697869e-05	 1991	 iter
1542	 7.697869e-05	 1992	 iter
1543	 7.697869e-05	 1993	 iter
1544	 7.697869e-05	 1994	 iter
1545	 7.697869e-05	 1995	 iter
1546	 7.697869e-05	 1996	 iter
1547	 7.690264e-05	 1998	 iter
1548	 7.690264e-05	 1999	 iter
1549	 7.690264e-05	 2000	 iter
1550	 7.690264e-05	 2001	 iter
1551	 7.687939e-05	 2003	 iter
1552	 7.687939e-05	 2004	 iter
1553	 7.687939e-05	 2005	 iter
1554	 7.685879e-05	 2007	 iter
1555	 7.682659e-05	 2009	 iter
1556	 7.674643e-05	 2011	 iter
1557	 7.674643e-05	 2012	 iter
1558	 7.674643e-05	 2013	 iter
1559	 7.674466e-05	 2015	 iter
1560	 7.674466e-05	 2016	 iter
1561	 7.674466e-05	 2017	 iter
1562	 7.674466e-05	 2018	 iter
1563	 7.672246e-05	 2020	 iter
1564	 7.672246e-05	 2021	 iter
1565	 7.660747e-05	 2023	 iter
1566	 7.660747e-05	 2024	 iter
1567	 7.660747e-05	 2025	 iter
1568	 7.660747e-05	 2026	 iter
1569	 7.660747e-05	 2027	 iter
1570	 7.660747e-05	 2028	 iter
1571	 7.660747e-05	 2030	 iter
1572	 7.660747e-05	 2031	 iter
1573	 7.660747e-05	 2032	 iter
1574	 7.658145e-05	 2034	 iter
1575	 7.658145e-05	 2035	 iter
1576	 7.658145e-05	 2037	 iter
1577	 7.652307e-05	 2039	 iter
1578	 7.652307e-05	 2040	 iter
1579	 7.652307e-05	 2041	 iter
1580	 7.652307e-05	 2043	 iter
1581	 7.652307e-05	 2045	 iter
1582	 7.652307e-05	 2046	 iter
1583	 7.652307e-05	 2048	 iter
1584	 7.652307e-05	 2049	 iter
1585	 7.650579e-05	 2051	 iter
1586	 7.650579e-05	 2052	 iter
1587	 7.650579e-05	 2053	 iter
1588	 7.650013e-05	 2055	 iter
1589	 7.650013e-05	 2056	 iter
1590	 7.650013e-05	 2057	 iter
1591	 7.646236e-05	 2059	 iter
1592	 7.646236e-05	 2060	 iter
1593	 7.646236e-05	 2061	 iter
1594	 7.646236e-05	 2062	 iter
1595	 7.643755e-05	 2064	 iter
1596	 7.643755e-05	 2065	 iter
1597	 7.643755e-05	 2066	 iter
1598	 7.628637e-05	 2068	 iter
1599	 7.628637e-05	 2069	 iter
1600	 7.628637e-05	 2070	 iter
1601	 7.628637e-05	 2071	 iter
1602	 7.628637e-05	 2072	 iter
1603	 7.628637e-05	 2074	 iter
1604	 7.628637e-05	 2075	 iter
1605	 7.628637e-05	 2076	 iter
1606	 7.628637e-05	 2077	 iter
1607	 7.628637e-05	 2078	 iter
1608	 7.628637e-05	 2079	 iter
1609	 7.628637e-05	 2080	 iter
1610	 7.628637e-05	 2081	 iter
1611	 7.628637e-05	 2083	 iter
1612	 7.628637e-05	 2085	 iter
1613	 7.628637e-05	 2086	 iter
1614	 7.628637e-05	 2087	 iter
1615	 7.628637e-05	 2088	 iter
1616	 7.628637e-05	 2089	 iter
1617	 7.628637e-05	 2090	 iter
1618	 7.627815e-05	 2092	 iter
1619	 7.627815e-05	 2093	 iter
1620	 7.627815e-05	 2094	 iter
1621	 7.627815e-05	 2095	 iter
1622	 7.627815e-05	 2096	 iter
1623	 7.619779e-05	 2098	 iter
1624	 7.619779e-05	 2099	 iter
1625	 7.610818e-05	 2101	 iter
1626	 7.610818e-05	 2102	 iter
1627	 7.610818e-05	 2103	 iter
1628	 7.610818e-05	 2104	 iter
1629	 7.610818e-05	 2105	 iter
1630	 7.610818e-05	 2106	 iter
1631	 7.610818e-05	 2107	 iter
1632	 7.610818e-05	 2108	 iter
1633	 7.610818e-05	 2109	 iter
1634	 7.610818e-05	 2110	 iter
1635	 7.610818e-05	 2111	 iter
1636	 7.610818e-05	 2112	 iter
1637	 7.610818e-05	 2113	 iter
1638	 7.610818e-05	 2114	 iter
1639	 7.608856e-05	 2116	 iter
1640	 7.608856e-05	 2117	 iter
1641	 7.608856e-05	 2118	 iter
1642	 7.608426e-05	 2120	 iter
1643	 7.608426e-05	 2121	 iter
1644	 7.608426e-05	 2122	 iter
1645	 7.608426e-05	 2123	 iter
1646	 7.608426e-05	 2124	 iter
1647	 7.608426e-05	 2125	 iter
1648	 7.604963e-05	 2127	 iter
1649	 7.604963e-05	 2128	 iter
1650	 7.604963e-05	 2129	 iter
1651	 7.604963e-05	 2130	 iter
1652	 7.599972e-05	 2132	 iter
1653	 7.599972e-05	 2133	 iter
1654	 7.599972e-05	 2134	 iter
1655	 7.599972e-05	 2135	 iter
1656	 7.599972e-05	 2137	 iter
1657	 7.599972e-05	 2138	 iter
1658	 7.599972e-05	 2139	 iter
1659	 7.599972e-05	 2140	 iter
1660	 7.599972e-05	 2142	 iter
1661	 7.599972e-05	 2143	 iter
1662	 7.599972e-05	 2144	 iter
1663	 7.599972e-05	 2146	 iter
1664	 7.599972e-05	 2148	 iter
1665	 7.598494e-05	 2150	 iter
1666	 7.598494e-05	 2151	 iter
1667	 7.598494e-05	 2152	 iter
1668	 7.598494e-05	 2153	 iter
1669	 7.598494e-05	 2155	 iter
1670	 7.597827e-05	 2157	 iter
1671	 7.597827e-05	 2158	 iter
1672	 7.594952e-05	 2160	 iter
1673	 7.594952e-05	 2161	 iter
1674	 7.594952e-05	 2162	 iter
1675	 7.589463e-05	 2164	 iter
1676	 7.589463e-05	 2165	 iter
1677	 7.589463e-05	 2166	 iter
1678	 7.589463e-05	 2167	 iter
1679	 7.582588e-05	 2169	 iter
1680	 7.582588e-05	 2170	 iter
1681	 7.582588e-05	 2171	 iter
1682	 7.582588e-05	 2172	 iter
1683	 7.582588e-05	 2173	 iter
1684	 7.582588e-05	 2174	 iter
1685	 7.582588e-05	 2175	 iter
1686	 7.582588e-05	 2176	 iter
1687	 7.582588e-05	 2177	 iter
1688	 7.582588e-05	 2178	 iter
1689	 7.582588e-05	 2179	 iter
1690	 7.576859e-05	 2181	 iter
1691	 7.576859e-05	 2182	 iter
1692	 7.573325e-05	 2184	 iter
1693	 7.573325e-05	 2185	 iter
1694	 7.563376e-05	 2187	 iter
1695	 7.563376e-05	 2188	 iter
1696	 7.563376e-05	 2189	 iter
1697	 7.563376e-05	 2190	 iter
1698	 7.563376e-05	 2191	 iter
1699	 7.563376e-05	 2192	 iter
1700	 7.555830e-05	 2194	 iter
1701	 7.555830e-05	 2195	 iter
1702	 7.555830e-05	 2196	 iter
1703	 7.549118e-05	 2198	 iter
1704	 7.549118e-05	 2199	 iter
1705	 7.549118e-05	 2200	 iter
1706	 7.546579e-05	 2202	 iter
1707	 7.546579e-05	 2203	 iter
1708	 7.546579e-05	 2204	 iter
1709	 7.543001e-05	 2206	 iter
1710	 7.543001e-05	 2207	 iter
1711	 7.543001e-05	 2208	 iter
1712	 7.536842e-05	 2210	 iter
1713	 7.536842e-05	 2211	 iter
1714	 7.510203e-05	 2213	 iter
1715	 7.510203e-05	 2214	 iter
1716	 7.510203e-05	 2215	 iter
1717	 7.510203e-05	 2216	 iter
1718	 7.510203e-05	 2217	 iter
1719	 7.510203e-05	 2219	 iter
1720	 7.510203e-05	 2220	 iter
1721	 7.502752e-05	 2222	 iter
1722	 7.502752e-05	 2223	 iter
1723	 7.502752e-05	 2224	 iter
1724	 7.502752e-05	 2225	 iter
1725	 7.502664e-05	 2227	 iter
1726	 7.502664e-05	 2228	 iter
1727	 7.494818e-05	 2230	 iter
1728	 7.494818e-05	 2231	 iter
1729	 7.494818e-05	 2232	 iter
1730	 7.472098e-05	 2234	 iter
1731	 7.472098e-05	 2235	 iter
1732	 7.472098e-05	 2236	 iter
1733	 7.472098e-05	 2237	 iter
1734	 7.459440e-05	 2239	 iter
1735	 7.459440e-05	 2240	 iter
1736	 7.459440e-05	 2241	 iter
1737	 7.459440e-05	 2242	 iter
1738	 7.459440e-05	 2243	 iter
1739	 7.459440e-05	 2244	 iter
1740	 7.459440e-05	 2245	 iter
1741	 7.459440e-05	 2246	 iter
1742	 7.458509e-05	 2248	 iter
1743	 7.440072e-05	 2250	 iter
1744	 7.440072e-05	 2251	 iter
1745	 7.427549e-05	 2253	 iter
1746	 7.427549e-05	 2254	 iter
1747	 7.427549e-05	 2255	 iter
1748	 7.397295e-05	 2257	 iter
1749	 7.397295e-05	 2258	 iter
1750	 7.397295e-05	 2259	 iter
1751	 7.397295e-05	 2260	 iter
1752	 7.397295e-05	 2261	 iter
1753	 7.397295e-05	 2262	 iter
1754	 7.397295e-05	 2263	 iter
1755	 7.365350e-05	 2265	 iter
1756	 7.365350e-05	 2266	 iter
1757	 7.365350e-05	 2267	 iter
1758	 7.365350e-05	 2268	 iter
1759	 7.365350e-05	 2269	 iter
1760	 7.349165e-05	 2271	 iter
1761	 7.349165e-05	 2272	 iter
1762	 7.349165e-05	 2273	 iter
1763	 7.349165e-05	 2274	 iter
1764	 7.349165e-05	 2275	 iter
1765	 7.323801e-05	 2277	 iter
1766	 7.323801e-05	 2278	 iter
1767	 7.323801e-05	 2279	 iter
1768	 7.312122e-05	 2281	 iter
1769	 7.312122e-05	 2282	 iter
1770	 7.297869e-05	 2284	 iter
1771	 7.249164e-05	 2286	 iter
1772	 7.249164e-05	 2287	 iter
1773	 7.249164e-05	 2288	 iter
1774	 7.249164e-05	 2289	 iter
1775	 7.249164e-05	 2290	 iter
1776	 7.249164e-05	 2291	 iter
1777	 7.199486e-05	 2293	 iter
1778	 7.199486e-05	 2294	 iter
1779	 7.199486e-05	 2295	 iter
1780	 7.199486e-05	 2296	 iter
1781	 7.199486e-05	 2297	 iter
1782	 7.199486e-05	 2298	 iter
1783	 7.147161e-05	 2300	 iter
1784	 7.147161e-05	 2301	 iter
1785	 7.147161e-05	 2302	 iter
1786	 7.147161e-05	 2303	 iter
1787	 7.119098e-05	 2305	 iter
1788	 7.119098e-05	 2306	 iter
1789	 7.119098e-05	 2307	 iter
1790	 7.034824e-05	 2309	 iter
1791	 7.034824e-05	 2310	 iter
1792	 7.034824e-05	 2311	 iter
1793	 7.034824e-05	 2313	 iter
1794	 7.034824e-05	 2314	 iter
1795	 7.034824e-05	 2315	 iter
1796	 7.034824e-05	 2316	 iter
1797	 6.922255e-05	 2318	 iter
1798	 6.922255e-05	 2319	 iter
1799	 6.922255e-05	 2320	 iter
1800	 6.922255e-05	 2321	 iter
1801	 6.922255e-05	 2322	 iter
1802	 6.922255e-05	 2323	 iter
1803	 6.922255e-05	 2324	 iter
1804	 6.922255e-05	 2325	 iter
1805	 6.884666e-05	 2327	 iter
1806	 6.884666e-05	 2328	 iter
1807	 6.825178e-05	 2330	 iter
1808	 6.825178e-05	 2331	 iter
1809	 6.825178e-05	 2332	 iter
1810	 6.825178e-05	 2333	 iter
1811	 6.825178e-05	 2334	 iter
1812	 6.825178e-05	 2335	 iter
1813	 6.797612e-05	 2337	 iter
1814	 6.797612e-05	 2338	 iter
1815	 6.797612e-05	 2339	 iter
1816	 6.756801e-05	 2341	 iter
1817	 6.756801e-05	 2342	 iter
1818	 6.756801e-05	 2343	 iter
1819	 6.727005e-05	 2345	 iter
1820	 6.727005e-05	 2346	 iter
1821	 6.708203e-05	 2348	 iter
1822	 6.708203e-05	 2349	 iter
1823	 6.708203e-05	 2350	 iter
1824	 6.668925e-05	 2352	 iter
1825	 6.668925e-05	 2353	 iter
1826	 6.668925e-05	 2354	 iter
1827	 6.668925e-05	 2355	 iter
1828	 6.668925e-05	 2356	 iter
1829	 6.668925e-05	 2357	 iter
1830	 6.616668e-05	 2359	 iter
1831	 6.616668e-05	 2360	 iter
1832	 6.616668e-05	 2361	 iter
1833	 6.615142e-05	 2363	 iter
1834	 6.615142e-05	 2364	 iter
1835	 6.615142e-05	 2365	 iter
1836	 6.615142e-05	 2366	 iter
1837	 6.570818e-05	 2368	 iter
1838	 6.570818e-05	 2369	 iter
1839	 6.548828e-05	 2371	 iter
1840	 6.548828e-05	 2372	 iter
1841	 6.538827e-05	 2374	 iter
1842	 6.538827e-05	 2375	 iter
1843	 6.512235e-05	 2377	 iter
1844	 6.512235e-05	 2378	 iter
1845	 6.482995e-05	 2380	 iter
1846	 6.482995e-05	 2381	 iter
1847	 6.482995e-05	 2382	 iter
1848	 6.482995e-05	 2383	 iter
1849	 6.482995e-05	 2384	 iter
1850	 6.482995e-05	 2385	 iter
1851	 6.462211e-05	 2387	 iter
1852	 6.462211e-05	 2388	 iter
1853	 6.462211e-05	 2389	 iter
1854	 6.385083e-05	 2391	 iter
1855	 6.385083e-05	 2392	 iter
1856	 6.385083e-05	 2393	 iter
1857	 6.385083e-05	 2394	 iter
1858	 6.385083e-05	 2395	 iter
1859	 6.385083e-05	 2396	 iter
1860	 6.385083e-05	 2397	 iter
1861	 6.362266e-05	 2399	 iter
1862	 6.362266e-05	 2400	 iter
1863	 6.362266e-05	 2401	 iter
1864	 6.362266e-05	 2403	 iter
1865	 6.362266e-05	 2404	 iter
1866	 6.362266e-05	 2406	 iter
1867	 6.309726e-05	 2408	 iter
1868	 6.309726e-05	 2409	 iter
1869	 6.309726e-05	 2410	 iter
1870	 6.309726e-05	 2411	 iter
1871	 6.309726e-05	 2412	 iter
1872	 6.259080e-05	 2414	 iter
1873	 6.259080e-05	 2415	 iter
1874	 6.259080e-05	 2417	 iter
1875	 6.259080e-05	 2418	 iter
1876	 6.259080e-05	 2419	 iter
1877	 6.259080e-05	 2420	 iter
1878	 6.206219e-05	 2422	 iter
1879	 6.206219e-05	 2423	 iter
1880	 6.206219e-05	 2424	 iter
1881	 6.206219e-05	 2425	 iter
1882	 6.206219e-05	 2426	 iter
1883	 6.206219e-05	 2427	 iter
1884	 6.192990e-05	 2429	 iter
1885	 6.157184e-05	 2431	 iter
1886	 6.157184e-05	 2432	 iter
1887	 6.157184e-05	 2433	 iter
1888	 6.157184e-05	 2434	 iter
1889	 6.157184e-05	 2435	 iter
1890	 6.157184e-05	 2436	 iter
1891	 6.157184e-05	 2437	 iter
1892	 6.116803e-05	 2439	 iter
1893	 6.116803e-05	 2440	 iter
1894	 6.104043e-05	 2442	 iter
1895	 6.104043e-05	 2443	 iter
1896	 6.009515e-05	 2445	 iter
1897	 5.960736e-05	 2447	 iter
1898	 5.960736e-05	 2448	 iter
1899	 5.960736e-05	 2449	 iter
1900	 5.960736e-05	 2451	 iter
1901	 5.960736e-05	 2452	 iter
1902	 5.960736e-05	 2453	 iter
1903	 5.960736e-05	 2454	 iter
1904	 5.960736e-05	 2455	 iter
1905	 5.960736e-05	 2456	 iter
1906	 5.960736e-05	 2457	 iter
1907	 5.960736e-05	 2458	 iter
1908	 5.960736e-05	 2459	 iter
1909	 5.960736e-05	 2460	 iter
1910	 5.801124e-05	 2462	 iter
1911	 5.801124e-05	 2463	 iter
1912	 5.801124e-05	 2464	 iter
1913	 5.801124e-05	 2465	 iter
1914	 5.801124e-05	 2466	 iter
1915	 5.736095e-05	 2468	 iter
1916	 5.736095e-05	 2469	 iter
1917	 5.736095e-05	 2470	 iter
1918	 5.736095e-05	 2471	 iter
1919	 5.736095e-05	 2472	 iter
1920	 5.736095e-05	 2473	 iter
1921	 5.736095e-05	 2474	 iter
1922	 5.736095e-05	 2475	 iter
1923	 5.736095e-05	 2476	 iter
1924	 5.736095e-05	 2477	 iter
1925	 5.736095e-05	 2478	 iter
1926	 5.736095e-05	 2479	 iter
1927	 5.654538e-05	 2481	 iter
1928	 5.654538e-05	 2482	 iter
1929	 5.630443e-05	 2484	 iter
1930	 5.581928e-05	 2486	 iter
1931	 5.581928e-05	 2487	 iter
1932	 5.581928e-05	 2488	 iter
1933	 5.581928e-05	 2489	 iter
1934	 5.581928e-05	 2490	 iter
1935	 5.581928e-05	 2492	 iter
1936	 5.581799e-05	 2494	 iter
1937	 5.581799e-05	 2495	 iter
1938	 5.581799e-05	 2496	 iter
1939	 5.548876e-05	 2498	 iter
1940	 5.517309e-05	 2500	 iter
1941	 5.485898e-05	 2502	 iter
1942	 5.485898e-05	 2503	 iter
1943	 5.430999e-05	 2505	 iter
1944	 5.430999e-05	 2506	 iter
1945	 5.430999e-05	 2507	 iter
1946	 5.430999e-05	 2508	 iter
1947	 5.430999e-05	 2509	 iter
1948	 5.430999e-05	 2510	 iter
1949	 5.430999e-05	 2511	 iter
1950	 5.364502e-05	 2513	 iter
1951	 5.332462e-05	 2515	 iter
1952	 5.332462e-05	 2516	 iter
1953	 5.332462e-05	 2517	 iter
1954	 5.332462e-05	 2518	 iter
1955	 5.332462e-05	 2519	 iter
1956	 5.309882e-05	 2521	 iter
1957	 5.309882e-05	 2522	 iter
1958	 5.218120e-05	 2524	 iter
1959	 5.218120e-05	 2525	 iter
1960	 5.152348e-05	 2527	 iter
1961	 5.152348e-05	 2528	 iter
1962	 5.152348e-05	 2529	 iter
1963	 5.152348e-05	 2530	 iter
1964	 5.152348e-05	 2531	 iter
1965	 5.152348e-05	 2532	 iter
1966	 5.152348e-05	 2533	 iter
1967	 5.152348e-05	 2534	 iter
1968	 5.152348e-05	 2535	 iter
1969	 5.152348e-05	 2536	 iter
1970	 5.152348e-05	 2538	 iter
1971	 5.152348e-05	 2539	 iter
1972	 5.152348e-05	 2540	 iter
1973	 5.152348e-05	 2542	 iter
1974	 5.152348e-05	 2543	 iter
1975	 5.076958e-05	 2545	 iter
1976	 5.076958e-05	 2546	 iter
1977	 5.076958e-05	 2548	 iter
1978	 5.076958e-05	 2549	 iter
1979	 5.076958e-05	 2550	 iter
1980	 5.076958e-05	 2551	 iter
1981	 5.076958e-05	 2552	 iter
1982	 5.076958e-05	 2553	 iter
1983	 5.076958e-05	 2554	 iter
1984	 5.076958e-05	 2555	 iter
1985	 5.076958e-05	 2556	 iter
1986	 5.076958e-05	 2557	 iter
1987	 5.076958e-05	 2558	 iter
1988	 5.076958e-05	 2560	 iter
1989	 5.076958e-05	 2562	 iter
1990	 5.076958e-05	 2563	 iter
1991	 5.076958e-05	 2565	 iter
1992	 5.037247e-05	 2567	 iter
1993	 5.037247e-05	 2568	 iter
1994	 5.024074e-05	 2570	 iter
1995	 5.024074e-05	 2571	 iter
1996	 5.024074e-05	 2572	 iter
1997	 5.024074e-05	 2573	 iter
1998	 5.024074e-05	 2575	 iter
1999	 5.024074e-05	 2576	 iter
2000	 5.024074e-05	 2577	 iter
2001	 5.024074e-05	 2578	 iter
2002	 5.024074e-05	 2580	 iter
2003	 5.024074e-05	 2581	 iter
2004	 5.024074e-05	 2582	 iter
2005	 5.024074e-05	 2584	 iter
2006	 5.023556e-05	 2586	 iter
2007	 5.023556e-05	 2587	 iter
2008	 4.965776e-05	 2589	 iter
2009	 4.965776e-05	 2590	 iter
2010	 4.965776e-05	 2592	 iter
2011	 4.965776e-05	 2594	 iter
2012	 4.965776e-05	 2595	 iter
2013	 4.965776e-05	 2596	 iter
2014	 4.965776e-05	 2597	 iter
2015	 4.965776e-05	 2598	 iter
2016	 4.952972e-05	 2600	 iter
2017	 4.952972e-05	 2602	 iter
2018	 4.934420e-05	 2604	 iter
2019	 4.934420e-05	 2605	 iter
2020	 4.934420e-05	 2607	 iter
2021	 4.934420e-05	 2608	 iter
2022	 4.934420e-05	 2609	 iter
2023	 4.934420e-05	 2610	 iter
2024	 4.934420e-05	 2612	 iter
2025	 4.911660e-05	 2614	 iter
2026	 4.911660e-05	 2615	 iter
2027	 4.911660e-05	 2616	 iter
2028	 4.911660e-05	 2617	 iter
2029	 4.911660e-05	 2618	 iter
2030	 4.911660e-05	 2619	 iter
2031	 4.911660e-05	 2620	 iter
2032	 4.911660e-05	 2621	 iter
2033	 4.911660e-05	 2622	 iter
2034	 4.911660e-05	 2623	 iter
2035	 4.888008e-05	 2625	 iter
2036	 4.888008e-05	 2626	 iter
2037	 4.866770e-05	 2628	 iter
2038	 4.866770e-05	 2629	 iter
2039	 4.848045e-05	 2631	 iter
2040	 4.848045e-05	 2632	 iter
2041	 4.836954e-05	 2634	 iter
2042	 4.836954e-05	 2635	 iter
2043	 4.836954e-05	 2636	 iter
2044	 4.836954e-05	 2637	 iter
2045	 4.836954e-05	 2638	 iter
2046	 4.836954e-05	 2640	 iter
2047	 4.836954e-05	 2641	 iter
2048	 4.836954e-05	 2642	 iter
2049	 4.836954e-05	 2643	 iter
2050	 4.836954e-05	 2644	 iter
2051	 4.812188e-05	 2646	 iter
2052	 4.812188e-05	 2647	 iter
2053	 4.812188e-05	 2648	 iter
2054	 4.812188e-05	 2649	 iter
2055	 4.812188e-05	 2651	 iter
2056	 4.812188e-05	 2652	 iter
2057	 4.809267e-05	 2654	 iter
2058	 4.799420e-05	 2656	 iter
2059	 4.799420e-05	 2657	 iter
2060	 4.799420e-05	 2658	 iter
2061	 4.799420e-05	 2659	 iter
2062	 4.772468e-05	 2661	 iter
2063	 4.772468e-05	 2662	 iter
2064	 4.772468e-05	 2663	 iter
2065	 4.772468e-05	 2664	 iter
2066	 4.772468e-05	 2665	 iter
2067	 4.767737e-05	 2667	 iter
2068	 4.767737e-05	 2668	 iter
2069	 4.767737e-05	 2669	 iter
2070	 4.767737e-05	 2670	 iter
2071	 4.767737e-05	 2671	 iter
2072	 4.761554e-05	 2673	 iter
2073	 4.759383e-05	 2675	 iter
2074	 4.759383e-05	 2676	 iter
2075	 4.759383e-05	 2677	 iter
2076	 4.759383e-05	 2678	 iter
2077	 4.759383e-05	 2679	 iter
2078	 4.759383e-05	 2680	 iter
2079	 4.759383e-05	 2681	 iter
2080	 4.759383e-05	 2683	 iter
2081	 4.759383e-05	 2684	 iter
2082	 4.759383e-05	 2685	 iter
2083	 4.759383e-05	 2686	 iter
2084	 4.759383e-05	 2687	 iter
2085	 4.759383e-05	 2689	 iter
2086	 4.759383e-05	 2690	 iter
2087	 4.754649e-05	 2692	 iter
2088	 4.754649e-05	 2693	 iter
2089	 4.732764e-05	 2695	 iter
2090	 4.732764e-05	 2696	 iter
2091	 4.732764e-05	 2698	 iter
2092	 4.732764e-05	 2699	 iter
2093	 4.732764e-05	 2701	 iter
2094	 4.732764e-05	 2702	 iter
2095	 4.732764e-05	 2704	 iter
2096	 4.732764e-05	 2705	 iter
2097	 4.732764e-05	 2706	 iter
2098	 4.732764e-05	 2708	 iter
2099	 4.732764e-05	 2710	 iter
2100	 4.732367e-05	 2712	 iter
2101	 4.732367e-05	 2713	 iter
2102	 4.726603e-05	 2715	 iter
2103	 4.726603e-05	 2716	 iter
2104	 4.721553e-05	 2718	 iter
2105	 4.717612e-05	 2720	 iter
2106	 4.717612e-05	 2721	 iter
2107	 4.717612e-05	 2722	 iter
2108	 4.714604e-05	 2724	 iter
2109	 4.703090e-05	 2726	 iter
2110	 4.703090e-05	 2727	 iter
2111	 4.703090e-05	 2728	 iter
2112	 4.703090e-05	 2729	 iter
2113	 4.701988e-05	 2731	 iter
2114	 4.701988e-05	 2732	 iter
2115	 4.694850e-05	 2734	 iter
2116	 4.694850e-05	 2735	 iter
2117	 4.694850e-05	 2736	 iter
2118	 4.694850e-05	 2737	 iter
2119	 4.694850e-05	 2739	 iter
2120	 4.694850e-05	 2740	 iter
2121	 4.694850e-05	 2741	 iter
2122	 4.694850e-05	 2742	 iter
2123	 4.694850e-05	 2743	 iter
2124	 4.692705e-05	 2745	 iter
2125	 4.692705e-05	 2746	 iter
2126	 4.683878e-05	 2748	 iter
2127	 4.683878e-05	 2749	 iter
2128	 4.683878e-05	 2750	 iter
2129	 4.683878e-05	 2752	 iter
2130	 4.682910e-05	 2754	 iter
2131	 4.681503e-05	 2756	 iter
2132	 4.681503e-05	 2757	 iter
2133	 4.681503e-05	 2758	 iter
2134	 4.681503e-05	 2759	 iter
2135	 4.681503e-05	 2760	 iter
2136	 4.680170e-05	 2762	 iter
2137	 4.680170e-05	 2763	 iter
2138	 4.680170e-05	 2765	 iter
2139	 4.680170e-05	 2766	 iter
2140	 4.680170e-05	 2767	 iter
2141	 4.680170e-05	 2768	 iter
2142	 4.665438e-05	 2770	 iter
2143	 4.665438e-05	 2771	 iter
2144	 4.661861e-05	 2773	 iter
2145	 4.661861e-05	 2774	 iter
2146	 4.661861e-05	 2775	 iter
2147	 4.661861e-05	 2776	 iter
2148	 4.661861e-05	 2777	 iter
2149	 4.661861e-05	 2778	 iter
2150	 4.661861e-05	 2779	 iter
2151	 4.661861e-05	 2780	 iter
2152	 4.661861e-05	 2781	 iter
2153	 4.661861e-05	 2782	 iter
2154	 4.661861e-05	 2784	 iter
2155	 4.661861e-05	 2785	 iter
2156	 4.647901e-05	 2787	 iter
2157	 4.647901e-05	 2788	 iter
2158	 4.647901e-05	 2789	 iter
2159	 4.647901e-05	 2790	 iter
2160	 4.643841e-05	 2792	 iter
2161	 4.643841e-05	 2793	 iter
2162	 4.643841e-05	 2794	 iter
2163	 4.643841e-05	 2795	 iter
2164	 4.643841e-05	 2796	 iter
2165	 4.643841e-05	 2797	 iter
2166	 4.643841e-05	 2799	 iter
2167	 4.643841e-05	 2800	 iter
2168	 4.643841e-05	 2802	 iter
2169	 4.643841e-05	 2803	 iter
2170	 4.643841e-05	 2804	 iter
2171	 4.643841e-05	 2805	 iter
2172	 4.639293e-05	 2807	 iter
2173	 4.639293e-05	 2808	 iter
2174	 4.639293e-05	 2809	 iter
2175	 4.639290e-05	 2811	 iter
2176	 4.639290e-05	 2812	 iter
2177	 4.639290e-05	 2813	 iter
2178	 4.638074e-05	 2815	 iter
2179	 4.628907e-05	 2817	 iter
2180	 4.628907e-05	 2818	 iter
2181	 4.628907e-05	 2819	 iter
2182	 4.628907e-05	 2820	 iter
2183	 4.628907e-05	 2821	 iter
2184	 4.628907e-05	 2822	 iter
2185	 4.628907e-05	 2823	 iter
2186	 4.625939e-05	 2825	 iter
2187	 4.625939e-05	 2826	 iter
2188	 4.625939e-05	 2827	 iter
2189	 4.625939e-05	 2828	 iter
2190	 4.625939e-05	 2829	 iter
2191	 4.625939e-05	 2830	 iter
2192	 4.619974e-05	 2832	 iter
2193	 4.619974e-05	 2833	 iter
2194	 4.619974e-05	 2834	 iter
2195	 4.619974e-05	 2835	 iter
2196	 4.619974e-05	 2836	 iter
2197	 4.619974e-05	 2837	 iter
2198	 4.619974e-05	 2839	 iter
2199	 4.619974e-05	 2840	 iter
2200	 4.619493e-05	 2842	 iter
2201	 4.613477e-05	 2844	 iter
2202	 4.613477e-05	 2845	 iter
2203	 4.613477e-05	 2846	 iter
2204	 4.613477e-05	 2847	 iter
2205	 4.613477e-05	 2849	 iter
2206	 4.613477e-05	 2850	 iter
2207	 4.613477e-05	 2851	 iter
2208	 4.613477e-05	 2852	 iter
2209	 4.613477e-05	 2853	 iter
2210	 4.610762e-05	 2855	 iter
2211	 4.610762e-05	 2856	 iter
2212	 4.607723e-05	 2858	 iter
2213	 4.607723e-05	 2859	 iter
2214	 4.605437e-05	 2861	 iter
2215	 4.605437e-05	 2862	 iter
2216	 4.605437e-05	 2863	 iter
2217	 4.605437e-05	 2864	 iter
2218	 4.605437e-05	 2865	 iter
2219	 4.592031e-05	 2867	 iter
2220	 4.592031e-05	 2868	 iter
2221	 4.592031e-05	 2869	 iter
2222	 4.592031e-05	 2870	 iter
2223	 4.592031e-05	 2871	 iter
2224	 4.592031e-05	 2872	 iter
2225	 4.592031e-05	 2873	 iter
2226	 4.592031e-05	 2874	 iter
2227	 4.592031e-05	 2875	 iter
2228	 4.592031e-05	 2876	 iter
2229	 4.592031e-05	 2877	 iter
2230	 4.592031e-05	 2878	 iter
2231	 4.584019e-05	 2880	 iter
2232	 4.584019e-05	 2881	 iter
2233	 4.584019e-05	 2882	 iter
2234	 4.584019e-05	 2883	 iter
2235	 4.584019e-05	 2884	 iter
2236	 4.579412e-05	 2886	 iter
2237	 4.579412e-05	 2887	 iter
2238	 4.579412e-05	 2888	 iter
2239	 4.579412e-05	 2889	 iter
2240	 4.579412e-05	 2891	 iter
2241	 4.579412e-05	 2892	 iter
2242	 4.571300e-05	 2894	 iter
2243	 4.571300e-05	 2895	 iter
2244	 4.571300e-05	 2896	 iter
2245	 4.571300e-05	 2897	 iter
2246	 4.571300e-05	 2898	 iter
2247	 4.571300e-05	 2899	 iter
2248	 4.571300e-05	 2900	 iter
2249	 4.571300e-05	 2901	 iter
2250	 4.571300e-05	 2902	 iter
2251	 4.566748e-05	 2904	 iter
2252	 4.566748e-05	 2905	 iter
2253	 4.566748e-05	 2906	 iter
2254	 4.566748e-05	 2907	 iter
2255	 4.566748e-05	 2908	 iter
2256	 4.566748e-05	 2909	 iter
2257	 4.566748e-05	 2910	 iter
2258	 4.560696e-05	 2912	 iter
2259	 4.560696e-05	 2913	 iter
2260	 4.560696e-05	 2914	 iter
2261	 4.560696e-05	 2915	 iter
2262	 4.560696e-05	 2916	 iter
2263	 4.560696e-05	 2917	 iter
2264	 4.560696e-05	 2918	 iter
2265	 4.560696e-05	 2920	 iter
2266	 4.560696e-05	 2921	 iter
2267	 4.556882e-05	 2923	 iter
2268	 4.556882e-05	 2924	 iter
2269	 4.556882e-05	 2925	 iter
2270	 4.556882e-05	 2926	 iter
2271	 4.556882e-05	 2927	 iter
2272	 4.552465e-05	 2929	 iter
2273	 4.552465e-05	 2931	 iter
2274	 4.552465e-05	 2932	 iter
2275	 4.552465e-05	 2933	 iter
2276	 4.552465e-05	 2934	 iter
2277	 4.552465e-05	 2935	 iter
2278	 4.552465e-05	 2936	 iter
2279	 4.551920e-05	 2938	 iter
2280	 4.551920e-05	 2939	 iter
2281	 4.551920e-05	 2940	 iter
2282	 4.551705e-05	 2942	 iter
2283	 4.551705e-05	 2943	 iter
2284	 4.547268e-05	 2945	 iter
2285	 4.547268e-05	 2947	 iter
2286	 4.547268e-05	 2948	 iter
2287	 4.547268e-05	 2950	 iter
2288	 4.543205e-05	 2952	 iter
2289	 4.543205e-05	 2953	 iter
2290	 4.543205e-05	 2954	 iter
2291	 4.543205e-05	 2955	 iter
2292	 4.543205e-05	 2956	 iter
2293	 4.543205e-05	 2957	 iter
2294	 4.543205e-05	 2958	 iter
2295	 4.543205e-05	 2959	 iter
2296	 4.543205e-05	 2960	 iter
2297	 4.543205e-05	 2961	 iter
2298	 4.543205e-05	 2962	 iter
2299	 4.543205e-05	 2964	 iter
2300	 4.543205e-05	 2966	 iter
2301	 4.543205e-05	 2967	 iter
2302	 4.543205e-05	 2969	 iter
2303	 4.536026e-05	 2971	 iter
2304	 4.536026e-05	 2972	 iter
2305	 4.536026e-05	 2974	 iter
2306	 4.536026e-05	 2975	 iter
2307	 4.536026e-05	 2976	 iter
2308	 4.536026e-05	 2977	 iter
2309	 4.536026e-05	 2978	 iter
2310	 4.536026e-05	 2979	 iter
2311	 4.536026e-05	 2980	 iter
2312	 4.536026e-05	 2981	 iter
2313	 4.536026e-05	 2982	 iter
2314	 4.536026e-05	 2983	 iter
2315	 4.535530e-05	 2985	 iter
2316	 4.535530e-05	 2986	 iter
2317	 4.529840e-05	 2988	 iter
2318	 4.528596e-05	 2990	 iter
2319	 4.528596e-05	 2991	 iter
2320	 4.527023e-05	 2993	 iter
2321	 4.527023e-05	 2994	 iter
2322	 4.527023e-05	 2995	 iter
2323	 4.527023e-05	 2996	 iter
2324	 4.527023e-05	 2997	 iter
2325	 4.526712e-05	 2999	 iter
2326	 4.526712e-05	 3000	 iter
2327	 4.526712e-05	 3001	 iter
2328	 4.526712e-05	 3002	 iter
2329	 4.523847e-05	 3004	 iter
2330	 4.523847e-05	 3005	 iter
2331	 4.523847e-05	 3006	 iter
2332	 4.523847e-05	 3007	 iter
2333	 4.523847e-05	 3009	 iter
2334	 4.523847e-05	 3010	 iter
2335	 4.519761e-05	 3012	 iter
2336	 4.519761e-05	 3013	 iter
2337	 4.516082e-05	 3015	 iter
2338	 4.516082e-05	 3016	 iter
2339	 4.516082e-05	 3017	 iter
2340	 4.516082e-05	 3018	 iter
2341	 4.516082e-05	 3019	 iter
2342	 4.516082e-05	 3021	 iter
2343	 4.516082e-05	 3022	 iter
2344	 4.516082e-05	 3023	 iter
2345	 4.516082e-05	 3024	 iter
2346	 4.516082e-05	 3025	 iter
2347	 4.513746e-05	 3027	 iter
2348	 4.513746e-05	 3028	 iter
2349	 4.513746e-05	 3029	 iter
2350	 4.513746e-05	 3030	 iter
2351	 4.513746e-05	 3031	 iter
2352	 4.513746e-05	 3032	 iter
2353	 4.513746e-05	 3033	 iter
2354	 4.513746e-05	 3034	 iter
2355	 4.512683e-05	 3036	 iter
2356	 4.511150e-05	 3038	 iter
2357	 4.511150e-05	 3040	 iter
2358	 4.511150e-05	 3041	 iter
2359	 4.511150e-05	 3042	 iter
2360	 4.511150e-05	 3043	 iter
2361	 4.511150e-05	 3044	 iter
2362	 4.511150e-05	 3045	 iter
2363	 4.511150e-05	 3046	 iter
2364	 4.511150e-05	 3047	 iter
2365	 4.511150e-05	 3048	 iter
2366	 4.511150e-05	 3049	 iter
2367	 4.509476e-05	 3051	 iter
2368	 4.507459e-05	 3053	 iter
2369	 4.507459e-05	 3055	 iter
2370	 4.507459e-05	 3056	 iter
2371	 4.507459e-05	 3057	 iter
2372	 4.507459e-05	 3059	 iter
2373	 4.507437e-05	 3061	 iter
2374	 4.504988e-05	 3063	 iter
2375	 4.504988e-05	 3064	 iter
2376	 4.504988e-05	 3066	 iter
2377	 4.504988e-05	 3067	 iter
2378	 4.504988e-05	 3068	 iter
2379	 4.504988e-05	 3069	 iter
2380	 4.504988e-05	 3070	 iter
2381	 4.504988e-05	 3071	 iter
2382	 4.504988e-05	 3072	 iter
2383	 4.504988e-05	 3073	 iter
2384	 4.504988e-05	 3075	 iter
2385	 4.503926e-05	 3077	 iter
2386	 4.502333e-05	 3079	 iter
2387	 4.502333e-05	 3081	 iter
2388	 4.502333e-05	 3082	 iter
2389	 4.502333e-05	 3083	 iter
2390	 4.500673e-05	 3085	 iter
2391	 4.500673e-05	 3086	 iter
2392	 4.500673e-05	 3087	 iter
2393	 4.495522e-05	 3089	 iter
2394	 4.495522e-05	 3090	 iter
2395	 4.495522e-05	 3091	 iter
2396	 4.495522e-05	 3092	 iter
2397	 4.495522e-05	 3093	 iter
2398	 4.495522e-05	 3094	 iter
2399	 4.495522e-05	 3095	 iter
2400	 4.495522e-05	 3096	 iter
2401	 4.491861e-05	 3098	 iter
2402	 4.491861e-05	 3099	 iter
2403	 4.491861e-05	 3100	 iter
2404	 4.491861e-05	 3101	 iter
2405	 4.491861e-05	 3102	 iter
2406	 4.491861e-05	 3103	 iter
2407	 4.491749e-05	 3105	 iter
2408	 4.491749e-05	 3106	 iter
2409	 4.491749e-05	 3107	 iter
2410	 4.489710e-05	 3109	 iter
2411	 4.489710e-05	 3110	 iter
2412	 4.489710e-05	 3111	 iter
2413	 4.489710e-05	 3112	 iter
2414	 4.489710e-05	 3113	 iter
2415	 4.487704e-05	 3115	 iter
2416	 4.487704e-05	 3116	 iter
2417	 4.486046e-05	 3118	 iter
2418	 4.486046e-05	 3119	 iter
2419	 4.486046e-05	 3120	 iter
2420	 4.484325e-05	 3122	 iter
2421	 4.484325e-05	 3123	 iter
2422	 4.484325e-05	 3124	 iter
2423	 4.484325e-05	 3125	 iter
2424	 4.481867e-05	 3127	 iter
2425	 4.481867e-05	 3128	 iter
2426	 4.481867e-05	 3129	 iter
2427	 4.481867e-05	 3130	 iter
2428	 4.481867e-05	 3131	 iter
2429	 4.481867e-05	 3132	 iter
2430	 4.481867e-05	 3133	 iter
2431	 4.481867e-05	 3134	 iter
2432	 4.481867e-05	 3135	 iter
2433	 4.481867e-05	 3136	 iter
2434	 4.481867e-05	 3137	 iter
2435	 4.481867e-05	 3139	 iter
2436	 4.479806e-05	 3141	 iter
2437	 4.479806e-05	 3142	 iter
2438	 4.479806e-05	 3144	 iter
2439	 4.479806e-05	 3145	 iter
2440	 4.479806e-05	 3146	 iter
2441	 4.479436e-05	 3148	 iter
2442	 4.477934e-05	 3150	 iter
2443	 4.477934e-05	 3151	 iter
2444	 4.477934e-05	 3152	 iter
2445	 4.477934e-05	 3153	 iter
2446	 4.477934e-05	 3154	 iter
2447	 4.477934e-05	 3155	 iter
2448	 4.477934e-05	 3156	 iter
2449	 4.477934e-05	 3157	 iter
2450	 4.477934e-05	 3158	 iter
2451	 4.477934e-05	 3159	 iter
2452	 4.476278e-05	 3161	 iter
2453	 4.476278e-05	 3162	 iter
2454	 4.476278e-05	 3163	 iter
2455	 4.476278e-05	 3164	 iter
2456	 4.476278e-05	 3165	 iter
2457	 4.476278e-05	 3166	 iter
2458	 4.475727e-05	 3168	 iter
2459	 4.475727e-05	 3169	 iter
2460	 4.475727e-05	 3170	 iter
2461	 4.475727e-05	 3171	 iter
2462	 4.475727e-05	 3172	 iter
2463	 4.475727e-05	 3173	 iter
2464	 4.475727e-05	 3174	 iter
2465	 4.475727e-05	 3175	 iter
2466	 4.475461e-05	 3177	 iter
2467	 4.475461e-05	 3178	 iter
2468	 4.475461e-05	 3180	 iter
2469	 4.475461e-05	 3182	 iter
2470	 4.474196e-05	 3184	 iter
2471	 4.474196e-05	 3185	 iter
2472	 4.473001e-05	 3187	 iter
2473	 4.473001e-05	 3188	 iter
2474	 4.473001e-05	 3190	 iter
2475	 4.473001e-05	 3191	 iter
2476	 4.473001e-05	 3192	 iter
2477	 4.473001e-05	 3193	 iter
2478	 4.472458e-05	 3195	 iter
2479	 4.472458e-05	 3197	 iter
2480	 4.472458e-05	 3199	 iter
2481	 4.472458e-05	 3201	 iter
2482	 4.472458e-05	 3202	 iter
2483	 4.472458e-05	 3203	 iter
2484	 4.472458e-05	 3204	 iter
2485	 4.471583e-05	 3206	 iter
2486	 4.471583e-05	 3207	 iter
2487	 4.471583e-05	 3208	 iter
2488	 4.471583e-05	 3209	 iter
2489	 4.471583e-05	 3210	 iter
2490	 4.471553e-05	 3212	 iter
2491	 4.471553e-05	 3214	 iter
2492	 4.471553e-05	 3215	 iter
2493	 4.471553e-05	 3216	 iter
2494	 4.471414e-05	 3218	 iter
2495	 4.471414e-05	 3220	 iter
2496	 4.471414e-05	 3222	 iter
2497	 4.471414e-05	 3223	 iter
2498	 4.471414e-05	 3225	 iter
2499	 4.471414e-05	 3226	 iter
2500	 4.471414e-05	 3227	 iter
2501	 4.471414e-05	 3228	 iter
2502	 4.471414e-05	 3229	 iter
2503	 4.471414e-05	 3230	 iter
2504	 4.471414e-05	 3232	 iter
2505	 4.471414e-05	 3233	 iter
2506	 4.471414e-05	 3234	 iter
2507	 4.470152e-05	 3236	 iter
2508	 4.470152e-05	 3238	 iter
2509	 4.470152e-05	 3240	 iter
2510	 4.470152e-05	 3241	 iter
2511	 4.470152e-05	 3242	 iter
2512	 4.470152e-05	 3243	 iter
2513	 4.470152e-05	 3244	 iter
2514	 4.470152e-05	 3246	 iter
2515	 4.470152e-05	 3247	 iter
2516	 4.470152e-05	 3249	 iter
2517	 4.470152e-05	 3250	 iter
2518	 4.470152e-05	 3252	 iter
2519	 4.470152e-05	 3253	 iter
2520	 4.470152e-05	 3254	 iter
2521	 4.470152e-05	 3256	 iter
2522	 4.470152e-05	 3257	 iter
2523	 4.470152e-05	 3258	 iter
2524	 4.470152e-05	 3259	 iter
2525	 4.470047e-05	 3261	 iter
2526	 4.470047e-05	 3262	 iter
2527	 4.470047e-05	 3263	 iter
2528	 4.470047e-05	 3264	 iter
2529	 4.470047e-05	 3266	 iter
2530	 4.470047e-05	 3268	 iter
2531	 4.470047e-05	 3269	 iter
2532	 4.470047e-05	 3271	 iter
2533	 4.470047e-05	 3273	 iter
2534	 4.470047e-05	 3275	 iter
2535	 4.470047e-05	 3277	 iter
2536	 4.470047e-05	 3279	 iter
2537	 4.470047e-05	 3280	 iter
2538	 4.469860e-05	 3282	 iter
2539	 4.469860e-05	 3283	 iter
2540	 4.469860e-05	 3285	 iter
2541	 4.469860e-05	 3286	 iter
2542	 4.469860e-05	 3287	 iter
2543	 4.469860e-05	 3288	 iter
2544	 4.469860e-05	 3289	 iter
2545	 4.469860e-05	 3291	 iter
2546	 4.469860e-05	 3292	 iter
2547	 4.469860e-05	 3294	 iter
2548	 4.469860e-05	 3296	 iter
2549	 4.469860e-05	 3298	 iter
2550	 4.469860e-05	 3299	 iter
2551	 4.469860e-05	 3300	 iter
2552	 4.469860e-05	 3301	 iter
2553	 4.469860e-05	 3302	 iter
2554	 4.469860e-05	 3303	 iter
2555	 4.469831e-05	 3305	 iter
2556	 4.469831e-05	 3306	 iter
2557	 4.469831e-05	 3308	 iter
2558	 4.469831e-05	 3309	 iter
2559	 4.469831e-05	 3310	 iter
2560	 4.469816e-05	 3312	 iter
2561	 4.469814e-05	 3314	 iter
2562	 4.469814e-05	 3315	 iter
2563	 4.469814e-05	 3316	 iter
2564	 4.469814e-05	 3317	 iter
2565	 4.469814e-05	 3318	 iter
2566	 4.469777e-05	 3320	 iter
2567	 4.469772e-05	 3322	 iter
2568	 4.469757e-05	 3324	 iter
2569	 4.469751e-05	 3326	 iter
2570	 4.469751e-05	 3327	 iter
2571	 4.469750e-05	 3329	 iter
2572	 4.469737e-05	 3331	 iter
2573	 4.469730e-05	 3333	 iter
2574	 4.469730e-05	 3334	 iter
2575	 4.469730e-05	 3336	 iter
2576	 4.469730e-05	 3337	 iter
2577	 4.469692e-05	 3339	 iter
2578	 4.469636e-05	 3341	 iter
2579	 4.469636e-05	 3343	 iter
2580	 4.469636e-05	 3345	 iter
2581	 4.469636e-05	 3347	 iter
2582	 4.469636e-05	 3348	 iter
2583	 4.469636e-05	 3349	 iter
2584	 4.469636e-05	 3351	 iter
2585	 4.469635e-05	 3353	 iter
2586	 4.469635e-05	 3354	 iter
2587	 4.469635e-05	 3356	 iter
2588	 4.469635e-05	 3357	 iter
2589	 4.469635e-05	 3358	 iter
2590	 4.469635e-05	 3359	 iter
2591	 4.469635e-05	 3361	 iter
2592	 4.469635e-05	 3362	 iter
2593	 4.469635e-05	 3364	 iter
2594	 4.469597e-05	 3366	 iter
2595	 4.469597e-05	 3367	 iter
2596	 4.469592e-05	 3369	 iter
2597	 4.469592e-05	 3371	 iter
2598	 4.469592e-05	 3372	 iter
2599	 4.469592e-05	 3373	 iter
2600	 4.469592e-05	 3374	 iter
2601	 4.469592e-05	 3375	 iter
2602	 4.469592e-05	 3376	 iter
2603	 4.469592e-05	 3378	 iter
2604	 4.469592e-05	 3380	 iter
2605	 4.469550e-05	 3382	 iter
2606	 4.469550e-05	 3383	 iter
2607	 4.469550e-05	 3384	 iter
2608	 4.469550e-05	 3386	 iter
2609	 4.469539e-05	 3388	 iter
2610	 4.469521e-05	 3390	 iter
2611	 4.469521e-05	 3392	 iter
2612	 4.469521e-05	 3393	 iter
2613	 4.469521e-05	 3394	 iter
2614	 4.469521e-05	 3396	 iter
2615	 4.469521e-05	 3398	 iter
2616	 4.469521e-05	 3399	 iter
2617	 4.469521e-05	 3400	 iter
2618	 4.469521e-05	 3401	 iter
2619	 4.469521e-05	 3402	 iter
2620	 4.469518e-05	 3404	 iter
2621	 4.469518e-05	 3405	 iter
2622	 4.469518e-05	 3406	 iter
2623	 4.469518e-05	 3407	 iter
2624	 4.469518e-05	 3408	 iter
2625	 4.469517e-05	 3410	 iter
2626	 4.469486e-05	 3412	 iter
2627	 4.469486e-05	 3413	 iter
2628	 4.469486e-05	 3414	 iter
2629	 4.469486e-05	 3415	 iter
2630	 4.469486e-05	 3416	 iter
2631	 4.469486e-05	 3417	 iter
2632	 4.469468e-05	 3419	 iter
2633	 4.469468e-05	 3420	 iter
2634	 4.469468e-05	 3421	 iter
2635	 4.469468e-05	 3422	 iter
2636	 4.469468e-05	 3423	 iter
2637	 4.469468e-05	 3424	 iter
2638	 4.469438e-05	 3426	 iter
2639	 4.469438e-05	 3428	 iter
2640	 4.469438e-05	 3429	 iter
2641	 4.469438e-05	 3430	 iter
2642	 4.469438e-05	 3431	 iter
2643	 4.469438e-05	 3432	 iter
2644	 4.469438e-05	 3433	 iter
2645	 4.469438e-05	 3434	 iter
2646	 4.469438e-05	 3435	 iter
2647	 4.469438e-05	 3436	 iter
2648	 4.469438e-05	 3437	 iter
2649	 4.469387e-05	 3439	 iter
2650	 4.469387e-05	 3440	 iter
2651	 4.469387e-05	 3441	 iter
2652	 4.469387e-05	 3442	 iter
2653	 4.469387e-05	 3443	 iter
2654	 4.469387e-05	 3444	 iter
2655	 4.469387e-05	 3445	 iter
2656	 4.469387e-05	 3446	 iter
2657	 4.469387e-05	 3447	 iter
2658	 4.469387e-05	 3448	 iter
2659	 4.469387e-05	 3449	 iter
2660	 4.469387e-05	 3450	 iter
2661	 4.469387e-05	 3451	 iter
2662	 4.469387e-05	 3452	 iter
2663	 4.469387e-05	 3453	 iter
2664	 4.469387e-05	 3454	 iter
2665	 4.469387e-05	 3455	 iter
2666	 4.469387e-05	 3457	 iter
2667	 4.469382e-05	 3459	 iter
2668	 4.469372e-05	 3461	 iter
2669	 4.469372e-05	 3462	 iter
2670	 4.469372e-05	 3463	 iter
2671	 4.469372e-05	 3464	 iter
2672	 4.469372e-05	 3465	 iter
2673	 4.469372e-05	 3466	 iter
2674	 4.469372e-05	 3467	 iter
2675	 4.469372e-05	 3469	 iter
2676	 4.469372e-05	 3470	 iter
2677	 4.469372e-05	 3471	 iter
2678	 4.469350e-05	 3473	 iter
2679	 4.469350e-05	 3475	 iter
2680	 4.469350e-05	 3476	 iter
2681	 4.469350e-05	 3477	 iter
2682	 4.469350e-05	 3478	 iter
2683	 4.469350e-05	 3479	 iter
2684	 4.469350e-05	 3481	 iter
2685	 4.469339e-05	 3483	 iter
2686	 4.469339e-05	 3484	 iter
2687	 4.469339e-05	 3485	 iter
2688	 4.469339e-05	 3486	 iter
2689	 4.469339e-05	 3487	 iter
2690	 4.469337e-05	 3489	 iter
2691	 4.469337e-05	 3490	 iter
2692	 4.469337e-05	 3491	 iter
2693	 4.469337e-05	 3492	 iter
2694	 4.469337e-05	 3493	 iter
2695	 4.469337e-05	 3494	 iter
2696	 4.469337e-05	 3495	 iter
2697	 4.469337e-05	 3496	 iter
2698	 4.469323e-05	 3498	 iter
2699	 4.469323e-05	 3499	 iter
2700	 4.469323e-05	 3500	 iter
2701	 4.469323e-05	 3502	 iter
2702	 4.469323e-05	 3504	 iter
2703	 4.469318e-05	 3506	 iter
2704	 4.469318e-05	 3507	 iter
2705	 4.469318e-05	 3509	 iter
2706	 4.469318e-05	 3510	 iter
2707	 4.469318e-05	 3512	 iter
2708	 4.469318e-05	 3513	 iter
2709	 4.469318e-05	 3515	 iter
2710	 4.469318e-05	 3516	 iter
2711	 4.469318e-05	 3517	 iter
2712	 4.469318e-05	 3518	 iter
2713	 4.469318e-05	 3519	 iter
2714	 4.469318e-05	 3520	 iter
2715	 4.469318e-05	 3521	 iter
2716	 4.469318e-05	 3522	 iter
2717	 4.469318e-05	 3524	 iter
2718	 4.469318e-05	 3526	 iter
2719	 4.469318e-05	 3528	 iter
2720	 4.469318e-05	 3529	 iter
2721	 4.469318e-05	 3530	 iter
2722	 4.469318e-05	 3531	 iter
2723	 4.469318e-05	 3533	 iter
2724	 4.469311e-05	 3535	 iter
2725	 4.469311e-05	 3536	 iter
2726	 4.469311e-05	 3538	 iter
2727	 4.469311e-05	 3540	 iter
2728	 4.469311e-05	 3541	 iter
2729	 4.469311e-05	 3542	 iter
2730	 4.469311e-05	 3543	 iter
2731	 4.469311e-05	 3545	 iter
2732	 4.469311e-05	 3546	 iter
2733	 4.469311e-05	 3547	 iter
2734	 4.469309e-05	 3549	 iter
2735	 4.469308e-05	 3551	 iter
2736	 4.469308e-05	 3552	 iter
2737	 4.469308e-05	 3553	 iter
2738	 4.469308e-05	 3554	 iter
2739	 4.469308e-05	 3556	 iter
2740	 4.469308e-05	 3558	 iter
2741	 4.469308e-05	 3560	 iter
2742	 4.469307e-05	 3562	 iter
2743	 4.469307e-05	 3563	 iter
2744	 4.469307e-05	 3564	 iter
2745	 4.469307e-05	 3565	 iter
2746	 4.469307e-05	 3566	 iter
2747	 4.469307e-05	 3567	 iter
2748	 4.469307e-05	 3568	 iter
2749	 4.469307e-05	 3570	 iter
2750	 4.469307e-05	 3572	 iter
2751	 4.469307e-05	 3573	 iter
2752	 4.469307e-05	 3575	 iter
2753	 4.469307e-05	 3577	 iter
2754	 4.469305e-05	 3579	 iter
2755	 4.469305e-05	 3581	 iter
2756	 4.469305e-05	 3583	 iter
2757	 4.469305e-05	 3584	 iter
2758	 4.469305e-05	 3585	 iter
2759	 4.469304e-05	 3587	 iter
2760	 4.469304e-05	 3588	 iter
2761	 4.469304e-05	 3590	 iter
2762	 4.469304e-05	 3592	 iter
2763	 4.469304e-05	 3593	 iter
2764	 4.469304e-05	 3595	 iter
2765	 4.469304e-05	 3596	 iter
2766	 4.469304e-05	 3597	 iter
2767	 4.469304e-05	 3599	 iter
2768	 4.469304e-05	 3600	 iter
2769	 4.469303e-05	 3602	 iter
2770	 4.469303e-05	 3604	 iter
2771	 4.469303e-05	 3606	 iter
2772	 4.469303e-05	 3607	 iter
2773	 4.469303e-05	 3608	 iter
2774	 4.469303e-05	 3609	 iter
2775	 4.469303e-05	 3610	 iter
2776	 4.469303e-05	 3612	 iter
2777	 4.469303e-05	 3613	 iter
2778	 4.469303e-05	 3614	 iter
2779	 4.469303e-05	 3615	 iter
2780	 4.469303e-05	 3617	 iter
2781	 4.469303e-05	 3619	 iter
2782	 4.469303e-05	 3620	 iter
2783	 4.469303e-05	 3622	 iter
2784	 4.469303e-05	 3624	 iter
2785	 4.469303e-05	 3625	 iter
2786	 4.469303e-05	 3626	 iter
2787	 4.469303e-05	 3627	 iter
2788	 4.469303e-05	 3628	 iter
2789	 4.469303e-05	 3629	 iter
2790	 4.469302e-05	 3631	 iter
2791	 4.469302e-05	 3633	 iter
2792	 4.469301e-05	 3635	 iter
2793	 4.469301e-05	 3636	 iter
2794	 4.469301e-05	 3638	 iter
2795	 4.469301e-05	 3639	 iter
2796	 4.469301e-05	 3640	 iter
2797	 4.469301e-05	 3642	 iter
2798	 4.469301e-05	 3644	 iter
2798	 4.469301e-05	 3644	 done
