0	 3.659871e-02	 1	 init
0	 3.659871e-02	 1	 iter
1	 3.372586e-02	 17	 iter
2	 2.806092e-02	 19	 iter
3	 2.806092e-02	 20	 iter
4	 2.806092e-02	 21	 iter
5	 2.806092e-02	 22	 iter
6	 2.806092e-02	 23	 iter
7	 2.806092e-02	 24	 iter
8	 2.806092e-02	 25	 iter
9	 2.806092e-02	 26	 iter
10	 2.806092e-02	 27	 iter
11	 2.806092e-02	 28	 iter
12	 2.806092e-02	 29	 iter
13	 2.806092e-02	 30	 iter
14	 2.806092e-02	 31	 iter
15	 2.420530e-02	 33	 iter
16	 2.420530e-02	 34	 iter
17	 2.420530e-02	 35	 iter
18	 2.420530e-02	 36	 iter
19	 2.420530e-02	 37	 iter
20	 2.420530e-02	 38	 iter
21	 2.420530e-02	 39	 iter
22	 2.420530e-02	 40	 iter
23	 2.420530e-02	 41	 iter
24	 2.056345e-02	 43	 iter
25	 2.056345e-02	 44	 iter
26	 2.056345e-02	 45	 iter
27	 2.056345e-02	 46	 iter
28	 2.056345e-02	 47	 iter
29	 1.645168e-02	 49	 iter
30	 1.645168e-02	 50	 iter
31	 1.645168e-02	 51	 iter
32	 1.645168e-02	 52	 iter
33	 1.645168e-02	 53	 iter
34	 1.645168e-02	 54	 iter
35	 1.225339e-02	 56	 iter
36	 1.225339e-02	 57	 iter
37	 1.225339e-02	 58	 iter
38	 1.225339e-02	 59	 iter
39	 1.225339e-02	 60	 iter
40	 1.225339e-02	 61	 iter
41	 1.225339e-02	 62	 iter
42	 8.845079e-03	 64	 iter
43	 8.845079e-03	 65	 iter
44	 8.845079e-03	 66	 iter
45	 8.845079e-03	 67	 iter
46	 8.845079e-03	 68	 iter
47	 5.764576e-03	 70	 iter
48	 5.764576e-03	 71	 iter
49	 5.764576e-03	 72	 iter
50	 5.764576e-03	 73	 iter
51	 5.764576e-03	 74	 iter
52	 5.764576e-03	 75	 iter
53	 5.764576e-03	 76	 iter
54	 4.023651e-03	 78	 iter
55	 4.023651e-03	 79	 iter
56	 4.023651e-03	 80	 iter
57	 4.023651e-03	 81	 iter
58	 4.023651e-03	 82	 iter
59	 4.023651e-03	 83	 iter
60	 3.945900e-03	 85	 iter
61	 3.945900e-03	 86	 iter
62	 3.945900e-03	 87	 iter
63	 3.913975e-03	 89	 iter
64	 3.625923e-03	 91	 iter
65	 3.625923e-03	 92	 iter
66	 3.625923e-03	 93	 iter
67	 3.625923e-03	 94	 iter
68	 3.625923e-03	 95	 iter
69	 3.625923e-03	 96	 iter
70	 3.625923e-03	 97	 iter
71	 3.625923e-03	 98	 iter
72	 3.625923e-03	 100	 iter
73	 3.625923e-03	 102	 iter
74	 2.751593e-03	 104	 iter
75	 2.751593e-03	 106	 iter
76	 2.751593e-03	 107	 iter
77	 2.751593e-03	 109	 iter
78	 2.751593e-03	 110	 iter
79	 2.751593e-03	 112	 iter
80	 2.751593e-03	 113	 iter
81	 2.751593e-03	 114	 iter
82	 2.751593e-03	 115	 iter
83	 2.751593e-03	 116	 iter
84	 2.751593e-03	 117	 iter
85	 2.751593e-03	 119	 iter
86	 2.751593e-03	 120	 iter
87	 2.751593e-03	 121	 iter
88	 2.751593e-03	 122	 iter
89	 2.751593e-03	 123	 iter
90	 2.751593e-03	 124	 iter
91	 2.751593e-03	 125	 iter
92	 2.751593e-03	 126	 iter
93	 2.751593e-03	 127	 iter
94	 2.751593e-03	 128	 iter
95	 2.751593e-03	 129	 iter
96	 2.751593e-03	 130	 iter
97	 2.478989e-03	 132	 iter
98	 2.478989e-03	 133	 iter
99	 2.478989e-03	 134	 iter
100	 2.478989e-03	 135	 iter
101	 2.478989e-03	 136	 iter
102	 2.104212e-03	 138	 iter
103	 2.104212e-03	 140	 iter
104	 2.104212e-03	 141	 iter
105	 2.104212e-03	 142	 iter
106	 2.104212e-03	 143	 iter
107	 2.104212e-03	 144	 iter
108	 2.104212e-03	 145	 iter
109	 2.104212e-03	 146	 iter
110	 2.104212e-03	 147	 iter
111	 2.104212e-03	 148	 iter
112	 1.559125e-03	 150	 iter
113	 1.559125e-03	 151	 iter
114	 1.559125e-03	 152	 iter
115	 1.559125e-03	 153	 iter
116	 1.559125e-03	 154	 iter
117	 1.559125e-03	 155	 iter
118	 1.559125e-03	 156	 iter
119	 1.559125e-03	 157	 iter
120	 1.470789e-03	 159	 iter
121	 1.470789e-03	 160	 iter
122	 1.470789e-03	 161	 iter
123	 1.470789e-03	 162	 iter
124	 1.464146e-03	 164	 iter
125	 1.385463e-03	 166	 iter
126	 1.300428e-03	 168	 iter
127	 1.139248e-03	 170	 iter
128	 1.139248e-03	 171	 iter
129	 1.139248e-03	 172	 iter
130	 1.139248e-03	 173	 iter
131	 1.139248e-03	 174	 iter
132	 1.139248e-03	 176	 iter
133	 1.139248e-03	 178	 iter
134	 1.139248e-03	 179	 iter
135	 1.032185e-03	 181	 iter
136	 9.443734e-04	 183	 iter
137	 7.189089e-04	 185	 iter
138	 7.189089e-04	 186	 iter
139	 7.189089e-04	 187	 iter
140	 7.189089e-04	 189	 iter
141	 7.189089e-04	 191	 iter
142	 7.189089e-04	 192	 iter
143	 7.189089e-04	 194	 iter
144	 7.189089e-04	 196	 iter
145	 7.189089e-04	 197	 iter
146	 6.920841e-04	 199	 iter
147	 6.920841e-04	 201	 iter
148	 6.920841e-04	 202	 iter
149	 6.920841e-04	 203	 iter
150	 6.920841e-04	 204	 iter
151	 6.920841e-04	 205	 iter
152	 6.920841e-04	 206	 iter
153	 6.920841e-04	 207	 iter
154	 6.920841e-04	 208	 iter
155	 6.920841e-04	 209	 iter
156	 6.347843e-04	 211	 iter
157	 6.347843e-04	 212	 iter
158	 6.347843e-04	 213	 iter
159	 6.347843e-04	 214	 iter
160	 6.347843e-04	 216	 iter
161	 5.732472e-04	 218	 iter
162	 5.732472e-04	 219	 iter
163	 5.732472e-04	 220	 iter
164	 5.732472e-04	 222	 iter
165	 5.732472e-04	 224	 iter
166	 5.732472e-04	 225	 iter
167	 5.732472e-04	 227	 iter
168	 5.732472e-04	 228	 iter
169	 5.732472e-04	 230	 iter
170	 5.732472e-04	 232	 iter
171	 5.732472e-04	 233	 iter
172	 5.732472e-04	 235	 iter
173	 5.434597e-04	 237	 iter
174	 5.434597e-04	 238	 iter
175	 5.434597e-04	 239	 iter
176	 5.434597e-04	 240	 iter
177	 5.434597e-04	 241	 iter
178	 5.434597e-04	 243	 iter
179	 5.434597e-04	 245	 iter
180	 5.434597e-04	 247	 iter
181	 5.432946e-04	 249	 iter
182	 5.432946e-04	 250	 iter
183	 5.432946e-04	 251	 iter
184	 5.432946e-04	 252	 iter
185	 5.432946e-04	 253	 iter
186	 5.432946e-04	 254	 iter
187	 5.432946e-04	 256	 iter
188	 5.432946e-04	 257	 iter
189	 5.432946e-04	 258	 iter
190	 5.432946e-04	 259	 iter
191	 5.432946e-04	 260	 iter
192	 5.432946e-04	 262	 iter
193	 5.281961e-04	 264	 iter
194	 5.281961e-04	 266	 iter
195	 5.281961e-04	 267	 iter
196	 5.184212e-04	 269	 iter
197	 5.184212e-04	 271	 iter
198	 5.184212e-04	 273	 iter
199	 5.184212e-04	 274	 iter
200	 5.184212e-04	 275	 iter
201	 5.184212e-04	 277	 iter
202	 5.184212e-04	 278	 iter
203	 5.184212e-04	 279	 iter
204	 5.184212e-04	 280	 iter
205	 5.184212e-04	 281	 iter
206	 5.184212e-04	 283	 iter
207	 5.103363e-04	 285	 iter
208	 5.103363e-04	 286	 iter
209	 5.103363e-04	 288	 iter
210	 5.103363e-04	 289	 iter
211	 5.103363e-04	 290	 iter
212	 5.103363e-04	 292	 iter
213	 5.103363e-04	 293	 iter
214	 5.103363e-04	 294	 iter
215	 5.103363e-04	 295	 iter
216	 5.103363e-04	 297	 iter
217	 5.103363e-04	 298	 iter
218	 4.918635e-04	 300	 iter
219	 4.918635e-04	 302	 iter
220	 4.918635e-04	 303	 iter
221	 4.918635e-04	 304	 iter
222	 4.918635e-04	 306	 iter
223	 4.918635e-04	 308	 iter
224	 4.918635e-04	 309	 iter
225	 4.918635e-04	 310	 iter
226	 4.918635e-04	 311	 iter
227	 4.918635e-04	 312	 iter
228	 4.918635e-04	 313	 iter
229	 4.918635e-04	 315	 iter
230	 4.918635e-04	 316	 iter
231	 4.918635e-04	 318	 iter
232	 4.918635e-04	 320	 iter
233	 4.918635e-04	 321	 iter
234	 4.918635e-04	 322	 iter
235	 4.918635e-04	 323	 iter
236	 4.918635e-04	 324	 iter
237	 4.918635e-04	 326	 iter
238	 4.918635e-04	 327	 iter
239	 4.918635e-04	 328	 iter
240	 4.918635e-04	 330	 iter
241	 4.918635e-04	 332	 iter
242	 4.918635e-04	 334	 iter
243	 4.918635e-04	 336	 iter
244	 4.918635e-04	 337	 iter
245	 4.918635e-04	 338	 iter
246	 4.887761e-04	 340	 iter
247	 4.887761e-04	 342	 iter
248	 4.887761e-04	 343	 iter
249	 4.887761e-04	 344	 iter
250	 4.887761e-04	 345	 iter
251	 4.887761e-04	 347	 iter
252	 4.887761e-04	 349	 iter
253	 4.869470e-04	 351	 iter
254	 4.869470e-04	 353	 iter
255	 4.869470e-04	 355	 iter
256	 4.869470e-04	 356	 iter
257	 4.869470e-04	 357	 iter
258	 4.842021e-04	 359	 iter
259	 4.841994e-04	 361	 iter
260	 4.838515e-04	 363	 iter
261	 4.838515e-04	 365	 iter
262	 4.838515e-04	 367	 iter
263	 4.838515e-04	 368	 iter
264	 4.838515e-04	 369	 iter
265	 4.838515e-04	 370	 iter
266	 4.838515e-04	 371	 iter
267	 4.792808e-04	 373	 iter
268	 4.792808e-04	 374	 iter
269	 4.792808e-04	 376	 iter
270	 4.792808e-04	 377	 iter
271	 4.792808e-04	 378	 iter
272	 4.792808e-04	 379	 iter
273	 4.792808e-04	 380	 iter
274	 4.792808e-04	 381	 iter
275	 4.792808e-04	 382	 iter
276	 4.792808e-04	 383	 iter
277	 4.792808e-04	 385	 iter
278	 4.743469e-04	 387	 iter
279	 4.743469e-04	 388	 iter
280	 4.743469e-04	 389	 iter
281	 4.706043e-04	 391	 iter
282	 4.706043e-04	 392	 iter
283	 4.706043e-04	 393	 iter
284	 4.706043e-04	 394	 iter
285	 4.706043e-04	 395	 iter
286	 4.706043e-04	 396	 iter
287	 4.706043e-04	 397	 iter
288	 4.706043e-04	 399	 iter
289	 4.706043e-04	 401	 iter
290	 4.706043e-04	 402	 iter
291	 4.706043e-04	 404	 iter
292	 4.706043e-04	 406	 iter
293	 4.696754e-04	 408	 iter
294	 4.696754e-04	 409	 iter
295	 4.696754e-04	 410	 iter
296	 4.612918e-04	 412	 iter
297	 4.612918e-04	 413	 iter
298	 4.612918e-04	 414	 iter
299	 4.612918e-04	 415	 iter
300	 4.612918e-04	 416	 iter
301	 4.612918e-04	 417	 iter
302	 4.612918e-04	 418	 iter
303	 4.612918e-04	 419	 iter
304	 4.612918e-04	 420	 iter
305	 4.612918e-04	 421	 iter
306	 4.597347e-04	 423	 iter
307	 4.597347e-04	 424	 iter
308	 4.498265e-04	 426	 iter
309	 4.498265e-04	 427	 iter
310	 4.498265e-04	 428	 iter
311	 4.498265e-04	 429	 iter
312	 4.498265e-04	 430	 iter
313	 4.498265e-04	 431	 iter
314	 4.498265e-04	 432	 iter
315	 4.498265e-04	 433	 iter
316	 4.498265e-04	 434	 iter
317	 4.498265e-04	 435	 iter
318	 4.498265e-04	 436	 iter
319	 4.498265e-04	 437	 iter
320	 4.423042e-04	 439	 iter
321	 4.423042e-04	 440	 iter
322	 4.423042e-04	 441	 iter
323	 4.423042e-04	 442	 iter
324	 4.423042e-04	 443	 iter
325	 4.423042e-04	 444	 iter
326	 4.423042e-04	 445	 iter
327	 4.423042e-04	 446	 iter
328	 4.423042e-04	 447	 iter
329	 4.423042e-04	 448	 iter
330	 4.423042e-04	 449	 iter
331	 4.423042e-04	 450	 iter
332	 4.390847e-04	 452	 iter
333	 4.390847e-04	 453	 iter
334	 4.390847e-04	 454	 iter
335	 4.390847e-04	 455	 iter
336	 4.390847e-04	 456	 iter
337	 4.390847e-04	 457	 iter
338	 4.390847e-04	 458	 iter
339	 4.390847e-04	 459	 iter
340	 4.377462e-04	 461	 iter
341	 4.377462e-04	 462	 iter
342	 4.377462e-04	 463	 iter
343	 4.377462e-04	 464	 iter
344	 4.377462e-04	 465	 iter
345	 4.377462e-04	 466	 iter
346	 4.377462e-04	 468	 iter
347	 4.377462e-04	 469	 iter
348	 4.377462e-04	 470	 iter
349	 4.339618e-04	 472	 iter
350	 4.339618e-04	 473	 iter
351	 4.339618e-04	 474	 iter
352	 4.339618e-04	 475	 iter
353	 4.339618e-04	 476	 iter
354	 4.339618e-04	 477	 iter
355	 4.339618e-04	 478	 iter
356	 4.339618e-04	 479	 iter
357	 4.339618e-04	 481	 iter
358	 4.339618e-04	 482	 iter
359	 4.339618e-04	 484	 iter
360	 4.339618e-04	 485	 iter
361	 4.339618e-04	 487	 iter
362	 4.327206e-04	 489	 iter
363	 4.327206e-04	 490	 iter
364	 4.327206e-04	 492	 iter
365	 4.327206e-04	 493	 iter
366	 4.327206e-04	 495	 iter
367	 4.327206e-04	 496	 iter
368	 4.327206e-04	 497	 iter
369	 4.327206e-04	 498	 iter
370	 4.327206e-04	 499	 iter
371	 4.327206e-04	 501	 iter
372	 4.327206e-04	 502	 iter
373	 4.327206e-04	 503	 iter
374	 4.327206e-04	 505	 iter
375	 4.327206e-04	 506	 iter
376	 4.327206e-04	 508	 iter
377	 4.327206e-04	 510	 iter
378	 4.327206e-04	 512	 iter
379	 4.327206e-04	 513	 iter
380	 4.327206e-04	 514	 iter
381	 4.327206e-04	 515	 iter
382	 4.327206e-04	 516	 iter
383	 4.327206e-04	 518	 iter
384	 4.327206e-04	 519	 iter
385	 4.327206e-04	 521	 iter
386	 4.327206e-04	 522	 iter
387	 4.326802e-04	 524	 iter
388	 4.314524e-04	 526	 iter
389	 4.314524e-04	 527	 iter
390	 4.314524e-04	 529	 iter
391	 4.314524e-04	 530	 iter
392	 4.314524e-04	 532	 iter
393	 4.314524e-04	 533	 iter
394	 4.314524e-04	 535	 iter
395	 4.314524e-04	 536	 iter
396	 4.314524e-04	 537	 iter
397	 4.309423e-04	 539	 iter
398	 4.309423e-04	 540	 iter
399	 4.308930e-04	 542	 iter
400	 4.308930e-04	 543	 iter
401	 4.308930e-04	 544	 iter
402	 4.308930e-04	 545	 iter
403	 4.292140e-04	 547	 iter
404	 4.292140e-04	 548	 iter
405	 4.292140e-04	 549	 iter
406	 4.292140e-04	 550	 iter
407	 4.292140e-04	 551	 iter
408	 4.282292e-04	 553	 iter
409	 4.282292e-04	 554	 iter
410	 4.282292e-04	 555	 iter
411	 4.282292e-04	 556	 iter
412	 4.263826e-04	 558	 iter
413	 4.263826e-04	 559	 iter
414	 4.263826e-04	 560	 iter
415	 4.263826e-04	 561	 iter
416	 4.263826e-04	 562	 iter
417	 4.263826e-04	 563	 iter
418	 4.263826e-04	 564	 iter
419	 4.263826e-04	 565	 iter
420	 4.263719e-04	 567	 iter
421	 4.259622e-04	 569	 iter
422	 4.259622e-04	 570	 iter
423	 4.258030e-04	 572	 iter
424	 4.258030e-04	 573	 iter
425	 4.258030e-04	 574	 iter
426	 4.236437e-04	 576	 iter
427	 4.236437e-04	 577	 iter
428	 4.236437e-04	 578	 iter
429	 4.236437e-04	 579	 iter
430	 4.236437e-04	 580	 iter
431	 4.236437e-04	 581	 iter
432	 4.236437e-04	 582	 iter
433	 4.231560e-04	 584	 iter
434	 4.205332e-04	 586	 iter
435	 4.205332e-04	 587	 iter
436	 4.205332e-04	 588	 iter
437	 4.205332e-04	 589	 iter
438	 4.205332e-04	 590	 iter
439	 4.205332e-04	 591	 iter
440	 4.167130e-04	 593	 iter
441	 4.167130e-04	 594	 iter
442	 4.167130e-04	 595	 iter
443	 4.167130e-04	 596	 iter
444	 4.167130e-04	 597	 iter
445	 4.167130e-04	 598	 iter
446	 4.167130e-04	 599	 iter
447	 4.167130e-04	 600	 iter
448	 4.167130e-04	 601	 iter
449	 4.167130e-04	 602	 iter
450	 4.167130e-04	 603	 iter
451	 4.164374e-04	 605	 iter
452	 4.160922e-04	 607	 iter
453	 4.140402e-04	 609	 iter
454	 4.140402e-04	 610	 iter
455	 4.115155e-04	 612	 iter
456	 4.115155e-04	 613	 iter
457	 4.115155e-04	 614	 iter
458	 4.115155e-04	 615	 iter
459	 4.115155e-04	 616	 iter
460	 4.115155e-04	 617	 iter
461	 4.115155e-04	 618	 iter
462	 4.115155e-04	 619	 iter
463	 4.115155e-04	 620	 iter
464	 4.115155e-04	 621	 iter
465	 4.115155e-04	 622	 iter
466	 4.111782e-04	 624	 iter
467	 4.111782e-04	 625	 iter
468	 4.111782e-04	 626	 iter
469	 4.111782e-04	 627	 iter
470	 4.111782e-04	 628	 iter
471	 4.111782e-04	 629	 iter
472	 4.109196e-04	 631	 iter
473	 4.109196e-04	 632	 iter
474	 4.109196e-04	 633	 iter
475	 4.104375e-04	 635	 iter
476	 4.089876e-04	 637	 iter
477	 4.088354e-04	 639	 iter
478	 4.088354e-04	 640	 iter
479	 4.088354e-04	 642	 iter
480	 4.088354e-04	 643	 iter
481	 4.088354e-04	 644	 iter
482	 4.088354e-04	 645	 iter
483	 4.088354e-04	 646	 iter
484	 4.088354e-04	 647	 iter
485	 4.088354e-04	 648	 iter
486	 4.088354e-04	 649	 iter
487	 4.088354e-04	 650	 iter
488	 4.088354e-04	 652	 iter
489	 4.077059e-04	 654	 iter
490	 4.077059e-04	 655	 iter
491	 4.077059e-04	 656	 iter
492	 4.077059e-04	 657	 iter
493	 4.077059e-04	 658	 iter
494	 4.077059e-04	 659	 iter
495	 4.077059e-04	 660	 iter
496	 4.077059e-04	 661	 iter
497	 4.077059e-04	 663	 iter
498	 4.077059e-04	 664	 iter
499	 4.077059e-04	 666	 iter
500	 4.077059e-04	 668	 iter
501	 4.077059e-04	 669	 iter
502	 4.077059e-04	 670	 iter
503	 4.077059e-04	 671	 iter
504	 4.077059e-04	 672	 iter
505	 4.077059e-04	 673	 iter
506	 4.077059e-04	 675	 iter
507	 4.072655e-04	 677	 iter
508	 4.072655e-04	 678	 iter
509	 4.072655e-04	 679	 iter
510	 4.072655e-04	 680	 iter
511	 4.072655e-04	 682	 iter
512	 4.069174e-04	 684	 iter
513	 4.069174e-04	 685	 iter
514	 4.069174e-04	 687	 iter
515	 4.069174e-04	 688	 iter
516	 4.069174e-04	 689	 iter
517	 4.069174e-04	 691	 iter
518	 4.069174e-04	 692	 iter
519	 4.069174e-04	 693	 iter
520	 4.069174e-04	 694	 iter
521	 4.066263e-04	 696	 iter
522	 4.066263e-04	 698	 iter
523	 4.066263e-04	 700	 iter
524	 4.066263e-04	 701	 iter
525	 4.066263e-04	 702	 iter
526	 4.066263e-04	 704	 iter
527	 4.066263e-04	 706	 iter
528	 4.063072e-04	 708	 iter
529	 4.063072e-04	 709	 iter
530	 4.063072e-04	 710	 iter
531	 4.063072e-04	 711	 iter
532	 4.063072e-04	 712	 iter
533	 4.063072e-04	 714	 iter
534	 4.063072e-04	 715	 iter
535	 4.063072e-04	 716	 iter
536	 4.063072e-04	 717	 iter
537	 4.062148e-04	 719	 iter
538	 4.061404e-04	 721	 iter
539	 4.061305e-04	 723	 iter
540	 4.061305e-04	 724	 iter
541	 4.056649e-04	 726	 iter
542	 4.054844e-04	 728	 iter
543	 4.054844e-04	 729	 iter
544	 4.048025e-04	 731	 iter
545	 4.048025e-04	 732	 iter
546	 4.048025e-04	 733	 iter
547	 4.048025e-04	 734	 iter
548	 4.048025e-04	 735	 iter
549	 4.048025e-04	 736	 iter
550	 4.048025e-04	 737	 iter
551	 4.048025e-04	 738	 iter
552	 4.048025e-04	 740	 iter
553	 4.048025e-04	 741	 iter
554	 4.048025e-04	 742	 iter
555	 4.048025e-04	 743	 iter
556	 4.048025e-04	 744	 iter
557	 4.035221e-04	 746	 iter
558	 4.035221e-04	 747	 iter
559	 4.035221e-04	 748	 iter
560	 4.035221e-04	 749	 iter
561	 4.035221e-04	 750	 iter
562	 4.035221e-04	 751	 iter
563	 4.035221e-04	 752	 iter
564	 4.022390e-04	 754	 iter
565	 4.022390e-04	 755	 iter
566	 4.022390e-04	 756	 iter
567	 4.022390e-04	 757	 iter
568	 4.022390e-04	 758	 iter
569	 4.022390e-04	 759	 iter
570	 4.022390e-04	 760	 iter
571	 4.022390e-04	 761	 iter
572	 4.022390e-04	 762	 iter
573	 4.006153e-04	 764	 iter
574	 4.006153e-04	 765	 iter
575	 4.006153e-04	 766	 iter
576	 4.006153e-04	 767	 iter
577	 4.006153e-04	 768	 iter
578	 4.006153e-04	 769	 iter
579	 3.998073e-04	 771	 iter
580	 3.998073e-04	 772	 iter
581	 3.998073e-04	 773	 iter
582	 3.998073e-04	 774	 iter
583	 3.998073e-04	 775	 iter
584	 3.998073e-04	 776	 iter
585	 3.998073e-04	 777	 iter
586	 3.972657e-04	 779	 iter
587	 3.972657e-04	 780	 iter
588	 3.972657e-04	 781	 iter
589	 3.972657e-04	 782	 iter
590	 3.972657e-04	 783	 iter
591	 3.972657e-04	 784	 iter
592	 3.972657e-04	 785	 iter
593	 3.972657e-04	 786	 iter
594	 3.972623e-04	 788	 iter
595	 3.972623e-04	 789	 iter
596	 3.954388e-04	 791	 iter
597	 3.954388e-04	 792	 iter
598	 3.954388e-04	 793	 iter
599	 3.954388e-04	 794	 iter
600	 3.954388e-04	 795	 iter
601	 3.939525e-04	 797	 iter
602	 3.914645e-04	 799	 iter
603	 3.914645e-04	 800	 iter
604	 3.914645e-04	 801	 iter
605	 3.914645e-04	 802	 iter
606	 3.914645e-04	 803	 iter
607	 3.914645e-04	 804	 iter
608	 3.914645e-04	 805	 iter
609	 3.914645e-04	 806	 iter
610	 3.914645e-04	 807	 iter
611	 3.880804e-04	 809	 iter
612	 3.880804e-04	 810	 iter
613	 3.880804e-04	 811	 iter
614	 3.880804e-04	 812	 iter
615	 3.880804e-04	 813	 iter
616	 3.880804e-04	 814	 iter
617	 3.849036e-04	 816	 iter
618	 3.849036e-04	 817	 iter
619	 3.849036e-04	 818	 iter
620	 3.849036e-04	 819	 iter
621	 3.849036e-04	 820	 iter
622	 3.849036e-04	 821	 iter
623	 3.849036e-04	 822	 iter
624	 3.849036e-04	 823	 iter
625	 3.849036e-04	 824	 iter
626	 3.849036e-04	 825	 iter
627	 3.849036e-04	 826	 iter
628	 3.824584e-04	 828	 iter
629	 3.824584e-04	 829	 iter
630	 3.824584e-04	 830	 iter
631	 3.824584e-04	 831	 iter
632	 3.789435e-04	 833	 iter
633	 3.789435e-04	 834	 iter
634	 3.789435e-04	 835	 iter
635	 3.789435e-04	 836	 iter
636	 3.789435e-04	 837	 iter
637	 3.789435e-04	 838	 iter
638	 3.789435e-04	 839	 iter
639	 3.789435e-04	 840	 iter
640	 3.749787e-04	 842	 iter
641	 3.749787e-04	 843	 iter
642	 3.749787e-04	 844	 iter
643	 3.749787e-04	 845	 iter
644	 3.749787e-04	 846	 iter
645	 3.749787e-04	 847	 iter
646	 3.749787e-04	 848	 iter
647	 3.695221e-04	 850	 iter
648	 3.695221e-04	 851	 iter
649	 3.695221e-04	 852	 iter
650	 3.695221e-04	 853	 iter
651	 3.695221e-04	 854	 iter
652	 3.695221e-04	 855	 iter
653	 3.661193e-04	 857	 iter
654	 3.661193e-04	 858	 iter
655	 3.661193e-04	 859	 iter
656	 3.661193e-04	 860	 iter
657	 3.661193e-04	 861	 iter
658	 3.661193e-04	 862	 iter
659	 3.661193e-04	 863	 iter
660	 3.661193e-04	 864	 iter
661	 3.661193e-04	 865	 iter
662	 3.661193e-04	 866	 iter
663	 3.632157e-04	 868	 iter
664	 3.607536e-04	 870	 iter
665	 3.607536e-04	 871	 iter
666	 3.607536e-04	 872	 iter
667	 3.607536e-04	 873	 iter
668	 3.607536e-04	 874	 iter
669	 3.607536e-04	 875	 iter
670	 3.607536e-04	 876	 iter
671	 3.607536e-04	 877	 iter
672	 3.577393e-04	 879	 iter
673	 3.577393e-04	 880	 iter
674	 3.577393e-04	 881	 iter
675	 3.577393e-04	 882	 iter
676	 3.577393e-04	 883	 iter
677	 3.577393e-04	 884	 iter
678	 3.577393e-04	 885	 iter
679	 3.577393e-04	 886	 iter
680	 3.577393e-04	 887	 iter
681	 3.577393e-04	 888	 iter
682	 3.577393e-04	 889	 iter
683	 3.577393e-04	 890	 iter
684	 3.577393e-04	 891	 iter
685	 3.559391e-04	 893	 iter
686	 3.555729e-04	 895	 iter
687	 3.555729e-04	 896	 iter
688	 3.555729e-04	 897	 iter
689	 3.555729e-04	 899	 iter
690	 3.555729e-04	 900	 iter
691	 3.555729e-04	 901	 iter
692	 3.547932e-04	 903	 iter
693	 3.547932e-04	 904	 iter
694	 3.547932e-04	 905	 iter
695	 3.547932e-04	 906	 iter
696	 3.547932e-04	 907	 iter
697	 3.547932e-04	 908	 iter
698	 3.547932e-04	 909	 iter
699	 3.547932e-04	 911	 iter
700	 3.547932e-04	 912	 iter
701	 3.547932e-04	 913	 iter
702	 3.547932e-04	 914	 iter
703	 3.541702e-04	 916	 iter
704	 3.541702e-04	 917	 iter
705	 3.534835e-04	 919	 iter
706	 3.532072e-04	 921	 iter
707	 3.532072e-04	 923	 iter
708	 3.532072e-04	 924	 iter
709	 3.532072e-04	 926	 iter
710	 3.532072e-04	 928	 iter
711	 3.532072e-04	 929	 iter
712	 3.532072e-04	 931	 iter
713	 3.532072e-04	 933	 iter
714	 3.532072e-04	 935	 iter
715	 3.532072e-04	 936	 iter
716	 3.520922e-04	 938	 iter
717	 3.520922e-04	 939	 iter
718	 3.520922e-04	 941	 iter
719	 3.520922e-04	 942	 iter
720	 3.520922e-04	 943	 iter
721	 3.520922e-04	 944	 iter
722	 3.520922e-04	 945	 iter
723	 3.520922e-04	 947	 iter
724	 3.520922e-04	 949	 iter
725	 3.520922e-04	 950	 iter
726	 3.520922e-04	 951	 iter
727	 3.520922e-04	 952	 iter
728	 3.520922e-04	 953	 iter
729	 3.520922e-04	 954	 iter
730	 3.519764e-04	 956	 iter
731	 3.518513e-04	 958	 iter
732	 3.518513e-04	 959	 iter
733	 3.518513e-04	 960	 iter
734	 3.518513e-04	 961	 iter
735	 3.518513e-04	 962	 iter
736	 3.509334e-04	 964	 iter
737	 3.509334e-04	 965	 iter
738	 3.509334e-04	 967	 iter
739	 3.509334e-04	 968	 iter
740	 3.509334e-04	 970	 iter
741	 3.509334e-04	 972	 iter
742	 3.509334e-04	 973	 iter
743	 3.507254e-04	 975	 iter
744	 3.507254e-04	 976	 iter
745	 3.507254e-04	 977	 iter
746	 3.507254e-04	 979	 iter
747	 3.507254e-04	 980	 iter
748	 3.507254e-04	 982	 iter
749	 3.507254e-04	 983	 iter
750	 3.507254e-04	 984	 iter
751	 3.507254e-04	 985	 iter
752	 3.507254e-04	 986	 iter
753	 3.507254e-04	 987	 iter
754	 3.507254e-04	 988	 iter
755	 3.507254e-04	 989	 iter
756	 3.504615e-04	 991	 iter
757	 3.504615e-04	 992	 iter
758	 3.499269e-04	 994	 iter
759	 3.497965e-04	 996	 iter
760	 3.497965e-04	 997	 iter
761	 3.497965e-04	 998	 iter
762	 3.497965e-04	 999	 iter
763	 3.497965e-04	 1000	 iter
764	 3.497965e-04	 1001	 iter
765	 3.497965e-04	 1002	 iter
766	 3.497965e-04	 1003	 iter
767	 3.497965e-04	 1004	 iter
768	 3.497965e-04	 1005	 iter
769	 3.497965e-04	 1006	 iter
770	 3.497965e-04	 1007	 iter
771	 3.497965e-04	 1008	 iter
772	 3.497965e-04	 1009	 iter
773	 3.497965e-04	 1010	 iter
774	 3.497965e-04	 1012	 iter
775	 3.497965e-04	 1013	 iter
776	 3.497365e-04	 1015	 iter
777	 3.497365e-04	 1016	 iter
778	 3.497365e-04	 1017	 iter
779	 3.496216e-04	 1019	 iter
780	 3.496216e-04	 1020	 iter
781	 3.496216e-04	 1021	 iter
782	 3.488880e-04	 1023	 iter
783	 3.488880e-04	 1025	 iter
784	 3.488880e-04	 1026	 iter
785	 3.488880e-04	 1027	 iter
786	 3.488880e-04	 1028	 iter
787	 3.488880e-04	 1029	 iter
788	 3.488880e-04	 1030	 iter
789	 3.488880e-04	 1031	 iter
790	 3.488880e-04	 1032	 iter
791	 3.488880e-04	 1033	 iter
792	 3.488880e-04	 1034	 iter
793	 3.481804e-04	 1036	 iter
794	 3.481804e-04	 1037	 iter
795	 3.481804e-04	 1039	 iter
796	 3.481804e-04	 1040	 iter
797	 3.481804e-04	 1041	 iter
798	 3.481804e-04	 1042	 iter
799	 3.481804e-04	 1043	 iter
800	 3.481804e-04	 1044	 iter
801	 3.481804e-04	 1045	 iter
802	 3.481804e-04	 1046	 iter
803	 3.481090e-04	 1048	 iter
804	 3.474684e-04	 1050	 iter
805	 3.474684e-04	 1051	 iter
806	 3.470541e-04	 1053	 iter
807	 3.470541e-04	 1054	 iter
808	 3.470541e-04	 1055	 iter
809	 3.470541e-04	 1056	 iter
810	 3.470541e-04	 1058	 iter
811	 3.470541e-04	 1059	 iter
812	 3.470541e-04	 1060	 iter
813	 3.470541e-04	 1061	 iter
814	 3.470541e-04	 1062	 iter
815	 3.469614e-04	 1064	 iter
816	 3.467885e-04	 1066	 iter
817	 3.460441e-04	 1068	 iter
818	 3.460441e-04	 1069	 iter
819	 3.460441e-04	 1070	 iter
820	 3.460441e-04	 1071	 iter
821	 3.460441e-04	 1072	 iter
822	 3.460243e-04	 1074	 iter
823	 3.460243e-04	 1075	 iter
824	 3.460243e-04	 1076	 iter
825	 3.459467e-04	 1078	 iter
826	 3.459467e-04	 1079	 iter
827	 3.456503e-04	 1081	 iter
828	 3.456503e-04	 1082	 iter
829	 3.453661e-04	 1084	 iter
830	 3.437306e-04	 1086	 iter
831	 3.437306e-04	 1087	 iter
832	 3.437306e-04	 1088	 iter
833	 3.437306e-04	 1089	 iter
834	 3.437306e-04	 1090	 iter
835	 3.437306e-04	 1091	 iter
836	 3.437306e-04	 1092	 iter
837	 3.429668e-04	 1094	 iter
838	 3.429668e-04	 1095	 iter
839	 3.429668e-04	 1096	 iter
840	 3.429668e-04	 1097	 iter
841	 3.429668e-04	 1098	 iter
842	 3.429668e-04	 1099	 iter
843	 3.429668e-04	 1100	 iter
844	 3.417198e-04	 1102	 iter
845	 3.417198e-04	 1103	 iter
846	 3.417198e-04	 1104	 iter
847	 3.417198e-04	 1105	 iter
848	 3.414984e-04	 1107	 iter
849	 3.393393e-04	 1109	 iter
850	 3.393393e-04	 1110	 iter
851	 3.393393e-04	 1111	 iter
852	 3.393393e-04	 1112	 iter
853	 3.393393e-04	 1113	 iter
854	 3.393393e-04	 1114	 iter
855	 3.393393e-04	 1115	 iter
856	 3.393393e-04	 1116	 iter
857	 3.393393e-04	 1117	 iter
858	 3.393393e-04	 1118	 iter
859	 3.393393e-04	 1119	 iter
860	 3.383076e-04	 1121	 iter
861	 3.383076e-04	 1122	 iter
862	 3.383076e-04	 1123	 iter
863	 3.373892e-04	 1125	 iter
864	 3.373774e-04	 1127	 iter
865	 3.369223e-04	 1129	 iter
866	 3.369223e-04	 1130	 iter
867	 3.364049e-04	 1132	 iter
868	 3.364049e-04	 1133	 iter
869	 3.364049e-04	 1134	 iter
870	 3.359409e-04	 1136	 iter
871	 3.359409e-04	 1137	 iter
872	 3.359409e-04	 1138	 iter
873	 3.359026e-04	 1140	 iter
874	 3.348025e-04	 1142	 iter
875	 3.348025e-04	 1143	 iter
876	 3.348025e-04	 1144	 iter
877	 3.348025e-04	 1145	 iter
878	 3.348025e-04	 1146	 iter
879	 3.348025e-04	 1147	 iter
880	 3.346317e-04	 1149	 iter
881	 3.344599e-04	 1151	 iter
882	 3.344599e-04	 1153	 iter
883	 3.344599e-04	 1154	 iter
884	 3.344599e-04	 1155	 iter
885	 3.331380e-04	 1157	 iter
886	 3.331380e-04	 1158	 iter
887	 3.331380e-04	 1159	 iter
888	 3.331380e-04	 1160	 iter
889	 3.331380e-04	 1161	 iter
890	 3.331380e-04	 1162	 iter
891	 3.328042e-04	 1164	 iter
892	 3.328042e-04	 1165	 iter
893	 3.328042e-04	 1166	 iter
894	 3.328042e-04	 1167	 iter
895	 3.325134e-04	 1169	 iter
896	 3.325134e-04	 1170	 iter
897	 3.325134e-04	 1171	 iter
898	 3.325134e-04	 1172	 iter
899	 3.325134e-04	 1173	 iter
900	 3.325134e-04	 1174	 iter
901	 3.325134e-04	 1175	 iter
902	 3.325134e-04	 1176	 iter
903	 3.325134e-04	 1177	 iter
904	 3.325134e-04	 1178	 iter
905	 3.325134e-04	 1179	 iter
906	 3.325134e-04	 1180	 iter
907	 3.325134e-04	 1182	 iter
908	 3.325134e-04	 1184	 iter
909	 3.325134e-04	 1185	 iter
910	 3.325134e-04	 1187	 iter
911	 3.325134e-04	 1189	 iter
912	 3.325134e-04	 1190	 iter
913	 3.324044e-04	 1192	 iter
914	 3.324044e-04	 1194	 iter
915	 3.324044e-04	 1196	 iter
916	 3.324044e-04	 1198	 iter
917	 3.324044e-04	 1199	 iter
918	 3.323947e-04	 1201	 iter
919	 3.323947e-04	 1202	 iter
920	 3.323947e-04	 1204	 iter
921	 3.323947e-04	 1205	 iter
922	 3.323762e-04	 1207	 iter
923	 3.323618e-04	 1209	 iter
924	 3.323555e-04	 1211	 iter
925	 3.323555e-04	 1212	 iter
926	 3.323555e-04	 1213	 iter
927	 3.322423e-04	 1215	 iter
928	 3.322423e-04	 1217	 iter
929	 3.322423e-04	 1219	 iter
930	 3.322310e-04	 1221	 iter
931	 3.322310e-04	 1223	 iter
932	 3.322310e-04	 1225	 iter
933	 3.322310e-04	 1226	 iter
934	 3.322310e-04	 1227	 iter
935	 3.321903e-04	 1229	 iter
936	 3.321903e-04	 1231	 iter
937	 3.321903e-04	 1233	 iter
938	 3.321903e-04	 1234	 iter
939	 3.321903e-04	 1235	 iter
940	 3.321514e-04	 1237	 iter
941	 3.321514e-04	 1239	 iter
942	 3.321514e-04	 1240	 iter
943	 3.321514e-04	 1241	 iter
944	 3.321418e-04	 1243	 iter
945	 3.321418e-04	 1244	 iter
946	 3.321418e-04	 1245	 iter
947	 3.321418e-04	 1247	 iter
948	 3.321350e-04	 1249	 iter
949	 3.321350e-04	 1250	 iter
950	 3.321174e-04	 1252	 iter
951	 3.321135e-04	 1254	 iter
952	 3.321058e-04	 1256	 iter
953	 3.321058e-04	 1258	 iter
954	 3.320934e-04	 1260	 iter
955	 3.320934e-04	 1261	 iter
956	 3.320934e-04	 1262	 iter
957	 3.320824e-04	 1264	 iter
958	 3.320699e-04	 1266	 iter
959	 3.320624e-04	 1268	 iter
960	 3.320624e-04	 1269	 iter
961	 3.320624e-04	 1270	 iter
962	 3.320624e-04	 1271	 iter
963	 3.320601e-04	 1273	 iter
964	 3.320601e-04	 1274	 iter
965	 3.320601e-04	 1276	 iter
966	 3.320353e-04	 1278	 iter
967	 3.320353e-04	 1280	 iter
968	 3.320353e-04	 1281	 iter
969	 3.320353e-04	 1282	 iter
970	 3.320286e-04	 1284	 iter
971	 3.320253e-04	 1286	 iter
972	 3.320248e-04	 1288	 iter
973	 3.320248e-04	 1290	 iter
974	 3.320248e-04	 1291	 iter
975	 3.320248e-04	 1292	 iter
976	 3.320248e-04	 1294	 iter
977	 3.320248e-04	 1295	 iter
978	 3.320248e-04	 1296	 iter
979	 3.320248e-04	 1297	 iter
980	 3.320248e-04	 1298	 iter
981	 3.320210e-04	 1300	 iter
982	 3.320210e-04	 1302	 iter
983	 3.320210e-04	 1303	 iter
984	 3.320167e-04	 1305	 iter
985	 3.320167e-04	 1307	 iter
986	 3.319828e-04	 1309	 iter
987	 3.319828e-04	 1310	 iter
988	 3.319828e-04	 1311	 iter
989	 3.319406e-04	 1313	 iter
990	 3.319406e-04	 1314	 iter
991	 3.319406e-04	 1316	 iter
992	 3.319406e-04	 1317	 iter
993	 3.319406e-04	 1319	 iter
994	 3.319406e-04	 1320	 iter
995	 3.319406e-04	 1321	 iter
996	 3.319406e-04	 1323	 iter
997	 3.319406e-04	 1324	 iter
998	 3.319406e-04	 1325	 iter
999	 3.319406e-04	 1326	 iter
1000	 3.319406e-04	 1328	 iter
1001	 3.319406e-04	 1329	 iter
1002	 3.319406e-04	 1331	 iter
1003	 3.319406e-04	 1332	 iter
1004	 3.319406e-04	 1333	 iter
1005	 3.319406e-04	 1335	 iter
1006	 3.319406e-04	 1336	 iter
1007	 3.318872e-04	 1338	 iter
1008	 3.318872e-04	 1339	 iter
1009	 3.318872e-04	 1340	 iter
1010	 3.318872e-04	 1341	 iter
1011	 3.318872e-04	 1342	 iter
1012	 3.318872e-04	 1343	 iter
1013	 3.318872e-04	 1344	 iter
1014	 3.318872e-04	 1345	 iter
1015	 3.318872e-04	 1346	 iter
1016	 3.318473e-04	 1348	 iter
1017	 3.318473e-04	 1349	 iter
1018	 3.318473e-04	 1350	 iter
1019	 3.318473e-04	 1351	 iter
1020	 3.318473e-04	 1352	 iter
1021	 3.318473e-04	 1353	 iter
1022	 3.318473e-04	 1355	 iter
1023	 3.318473e-04	 1356	 iter
1024	 3.318473e-04	 1357	 iter
1025	 3.317730e-04	 1359	 iter
1026	 3.317730e-04	 1360	 iter
1027	 3.317730e-04	 1361	 iter
1028	 3.317730e-04	 1362	 iter
1029	 3.317730e-04	 1363	 iter
1030	 3.317730e-04	 1364	 iter
1031	 3.317730e-04	 1365	 iter
1032	 3.317730e-04	 1366	 iter
1033	 3.317730e-04	 1367	 iter
1034	 3.317730e-04	 1368	 iter
1035	 3.317346e-04	 1370	 iter
1036	 3.317346e-04	 1371	 iter
1037	 3.317346e-04	 1372	 iter
1038	 3.317346e-04	 1373	 iter
1039	 3.317346e-04	 1374	 iter
1040	 3.316626e-04	 1376	 iter
1041	 3.316626e-04	 1377	 iter
1042	 3.316626e-04	 1378	 iter
1043	 3.316626e-04	 1379	 iter
1044	 3.316626e-04	 1380	 iter
1045	 3.316304e-04	 1382	 iter
1046	 3.316304e-04	 1383	 iter
1047	 3.316304e-04	 1384	 iter
1048	 3.316304e-04	 1385	 iter
1049	 3.316304e-04	 1386	 iter
1050	 3.315997e-04	 1388	 iter
1051	 3.314944e-04	 1390	 iter
1052	 3.314944e-04	 1391	 iter
1053	 3.314944e-04	 1392	 iter
1054	 3.314944e-04	 1393	 iter
1055	 3.314944e-04	 1394	 iter
1056	 3.314944e-04	 1395	 iter
1057	 3.314944e-04	 1396	 iter
1058	 3.314944e-04	 1397	 iter
1059	 3.313540e-04	 1399	 iter
1060	 3.313540e-04	 1400	 iter
1061	 3.313540e-04	 1401	 iter
1062	 3.313540e-04	 1402	 iter
1063	 3.313540e-04	 1403	 iter
1064	 3.313540e-04	 1404	 iter
1065	 3.313540e-04	 1405	 iter
1066	 3.313540e-04	 1406	 iter
1067	 3.313493e-04	 1408	 iter
1068	 3.313386e-04	 1410	 iter
1069	 3.313386e-04	 1411	 iter
1070	 3.313386e-04	 1412	 iter
1071	 3.313386e-04	 1413	 iter
1072	 3.313386e-04	 1414	 iter
1073	 3.313386e-04	 1415	 iter
1074	 3.312739e-04	 1417	 iter
1075	 3.312652e-04	 1419	 iter
1076	 3.312486e-04	 1421	 iter
1077	 3.311702e-04	 1423	 iter
1078	 3.311702e-04	 1424	 iter
1079	 3.311134e-04	 1426	 iter
1080	 3.311134e-04	 1427	 iter
1081	 3.311134e-04	 1428	 iter
1082	 3.311134e-04	 1429	 iter
1083	 3.311134e-04	 1430	 iter
1084	 3.311134e-04	 1431	 iter
1085	 3.310682e-04	 1433	 iter
1086	 3.310682e-04	 1434	 iter
1087	 3.310682e-04	 1435	 iter
1088	 3.310682e-04	 1436	 iter
1089	 3.307766e-04	 1438	 iter
1090	 3.307766e-04	 1439	 iter
1091	 3.307766e-04	 1440	 iter
1092	 3.307766e-04	 1441	 iter
1093	 3.307766e-04	 1442	 iter
1094	 3.307766e-04	 1443	 iter
1095	 3.307766e-04	 1444	 iter
1096	 3.307766e-04	 1445	 iter
1097	 3.307766e-04	 1446	 iter
1098	 3.307766e-04	 1447	 iter
1099	 3.307766e-04	 1448	 iter
1100	 3.307766e-04	 1449	 iter
1101	 3.307431e-04	 1451	 iter
1102	 3.307431e-04	 1452	 iter
1103	 3.306886e-04	 1454	 iter
1104	 3.306886e-04	 1455	 iter
1105	 3.306338e-04	 1457	 iter
1106	 3.306338e-04	 1458	 iter
1107	 3.306338e-04	 1459	 iter
1108	 3.305734e-04	 1461	 iter
1109	 3.305414e-04	 1463	 iter
1110	 3.304516e-04	 1465	 iter
1111	 3.304516e-04	 1466	 iter
1112	 3.304516e-04	 1467	 iter
1113	 3.304024e-04	 1469	 iter
1114	 3.304024e-04	 1470	 iter
1115	 3.303696e-04	 1472	 iter
1116	 3.302258e-04	 1474	 iter
1117	 3.300733e-04	 1476	 iter
1118	 3.300733e-04	 1477	 iter
1119	 3.300733e-04	 1478	 iter
1120	 3.300733e-04	 1479	 iter
1121	 3.300733e-04	 1480	 iter
1122	 3.300733e-04	 1481	 iter
1123	 3.300733e-04	 1482	 iter
1124	 3.300733e-04	 1483	 iter
1125	 3.300733e-04	 1484	 iter
1126	 3.298105e-04	 1486	 iter
1127	 3.298105e-04	 1487	 iter
1128	 3.298105e-04	 1488	 iter
1129	 3.298105e-04	 1489	 iter
1130	 3.298105e-04	 1490	 iter
1131	 3.298105e-04	 1491	 iter
1132	 3.298105e-04	 1492	 iter
1133	 3.298105e-04	 1493	 iter
1134	 3.298011e-04	 1495	 iter
1135	 3.297634e-04	 1497	 iter
1136	 3.297634e-04	 1498	 iter
1137	 3.297634e-04	 1499	 iter
1138	 3.297634e-04	 1501	 iter
1139	 3.297634e-04	 1502	 iter
1140	 3.297604e-04	 1504	 iter
1141	 3.297604e-04	 1505	 iter
1142	 3.297604e-04	 1506	 iter
1143	 3.297289e-04	 1508	 iter
1144	 3.297289e-04	 1509	 iter
1145	 3.297289e-04	 1510	 iter
1146	 3.296175e-04	 1512	 iter
1147	 3.296056e-04	 1514	 iter
1148	 3.296056e-04	 1516	 iter
1149	 3.296056e-04	 1517	 iter
1150	 3.296056e-04	 1518	 iter
1151	 3.296056e-04	 1519	 iter
1152	 3.296056e-04	 1520	 iter
1153	 3.295281e-04	 1522	 iter
1154	 3.295281e-04	 1523	 iter
1155	 3.295281e-04	 1524	 iter
1156	 3.295281e-04	 1525	 iter
1157	 3.295281e-04	 1526	 iter
1158	 3.295281e-04	 1527	 iter
1159	 3.295281e-04	 1528	 iter
1160	 3.295281e-04	 1529	 iter
1161	 3.294915e-04	 1531	 iter
1162	 3.294915e-04	 1532	 iter
1163	 3.294915e-04	 1533	 iter
1164	 3.294915e-04	 1534	 iter
1165	 3.294915e-04	 1535	 iter
1166	 3.294915e-04	 1536	 iter
1167	 3.294915e-04	 1538	 iter
1168	 3.294915e-04	 1539	 iter
1169	 3.294257e-04	 1541	 iter
1170	 3.294257e-04	 1542	 iter
1171	 3.294257e-04	 1543	 iter
1172	 3.294257e-04	 1545	 iter
1173	 3.294257e-04	 1546	 iter
1174	 3.294078e-04	 1548	 iter
1175	 3.294078e-04	 1549	 iter
1176	 3.294078e-04	 1550	 iter
1177	 3.294078e-04	 1551	 iter
1178	 3.294078e-04	 1552	 iter
1179	 3.294078e-04	 1553	 iter
1180	 3.293605e-04	 1555	 iter
1181	 3.293605e-04	 1556	 iter
1182	 3.293605e-04	 1557	 iter
1183	 3.293605e-04	 1558	 iter
1184	 3.293605e-04	 1559	 iter
1185	 3.293506e-04	 1561	 iter
1186	 3.293506e-04	 1563	 iter
1187	 3.293506e-04	 1564	 iter
1188	 3.293506e-04	 1565	 iter
1189	 3.293506e-04	 1567	 iter
1190	 3.293204e-04	 1569	 iter
1191	 3.293204e-04	 1570	 iter
1192	 3.293204e-04	 1571	 iter
1193	 3.293137e-04	 1573	 iter
1194	 3.293137e-04	 1574	 iter
1195	 3.293137e-04	 1576	 iter
1196	 3.293137e-04	 1577	 iter
1197	 3.293137e-04	 1578	 iter
1198	 3.293137e-04	 1579	 iter
1199	 3.293137e-04	 1581	 iter
1200	 3.293137e-04	 1582	 iter
1201	 3.293137e-04	 1583	 iter
1202	 3.293137e-04	 1584	 iter
1203	 3.292698e-04	 1586	 iter
1204	 3.292698e-04	 1587	 iter
1205	 3.292692e-04	 1589	 iter
1206	 3.292236e-04	 1591	 iter
1207	 3.292236e-04	 1592	 iter
1208	 3.292236e-04	 1594	 iter
1209	 3.292236e-04	 1595	 iter
1210	 3.292236e-04	 1597	 iter
1211	 3.292229e-04	 1599	 iter
1212	 3.292229e-04	 1600	 iter
1213	 3.292229e-04	 1601	 iter
1214	 3.291941e-04	 1603	 iter
1215	 3.291941e-04	 1604	 iter
1216	 3.291941e-04	 1605	 iter
1217	 3.291941e-04	 1607	 iter
1218	 3.291941e-04	 1608	 iter
1219	 3.291941e-04	 1609	 iter
1220	 3.291941e-04	 1610	 iter
1221	 3.291941e-04	 1611	 iter
1222	 3.291941e-04	 1612	 iter
1223	 3.291941e-04	 1614	 iter
1224	 3.291824e-04	 1616	 iter
1225	 3.291703e-04	 1618	 iter
1226	 3.291703e-04	 1619	 iter
1227	 3.291703e-04	 1620	 iter
1228	 3.291703e-04	 1621	 iter
1229	 3.291703e-04	 1622	 iter
1230	 3.291703e-04	 1624	 iter
1231	 3.291703e-04	 1625	 iter
1232	 3.291430e-04	 1627	 iter
1233	 3.291430e-04	 1628	 iter
1234	 3.291430e-04	 1629	 iter
1235	 3.291430e-04	 1630	 iter
1236	 3.291430e-04	 1631	 iter
1237	 3.291430e-04	 1633	 iter
1238	 3.291430e-04	 1635	 iter
1239	 3.291430e-04	 1637	 iter
1240	 3.291430e-04	 1638	 iter
1241	 3.291315e-04	 1640	 iter
1242	 3.291315e-04	 1641	 iter
1243	 3.291315e-04	 1642	 iter
1244	 3.291315e-04	 1643	 iter
1245	 3.291315e-04	 1644	 iter
1246	 3.291315e-04	 1645	 iter
1247	 3.291315e-04	 1646	 iter
1248	 3.291305e-04	 1648	 iter
1249	 3.291305e-04	 1649	 iter
1250	 3.291305e-04	 1651	 iter
1251	 3.291305e-04	 1653	 iter
1252	 3.291305e-04	 1655	 iter
1253	 3.291305e-04	 1657	 iter
1254	 3.291305e-04	 1659	 iter
1255	 3.291305e-04	 1660	 iter
1256	 3.291294e-04	 1662	 iter
1257	 3.291294e-04	 1663	 iter
1258	 3.291194e-04	 1665	 iter
1259	 3.291194e-04	 1666	 iter
1260	 3.291194e-04	 1667	 iter
1261	 3.291194e-04	 1669	 iter
1262	 3.291194e-04	 1670	 iter
1263	 3.291194e-04	 1672	 iter
1264	 3.291194e-04	 1673	 iter
1265	 3.291191e-04	 1675	 iter
1266	 3.291191e-04	 1676	 iter
1267	 3.291191e-04	 1677	 iter
1268	 3.291191e-04	 1678	 iter
1269	 3.291191e-04	 1680	 iter
1270	 3.291191e-04	 1681	 iter
1271	 3.291191e-04	 1682	 iter
1272	 3.291187e-04	 1684	 iter
1273	 3.291162e-04	 1686	 iter
1274	 3.291162e-04	 1687	 iter
1275	 3.291162e-04	 1688	 iter
1276	 3.291107e-04	 1690	 iter
1277	 3.291107e-04	 1692	 iter
1278	 3.291107e-04	 1693	 iter
1279	 3.291107e-04	 1694	 iter
1280	 3.291107e-04	 1695	 iter
1281	 3.291107e-04	 1697	 iter
1282	 3.291107e-04	 1699	 iter
1283	 3.291107e-04	 1700	 iter
1284	 3.291107e-04	 1701	 iter
1285	 3.291107e-04	 1702	 iter
1286	 3.291107e-04	 1703	 iter
1287	 3.291107e-04	 1704	 iter
1288	 3.291107e-04	 1705	 iter
1289	 3.291107e-04	 1706	 iter
1290	 3.291107e-04	 1707	 iter
1291	 3.291107e-04	 1708	 iter
1292	 3.291087e-04	 1710	 iter
1293	 3.291087e-04	 1712	 iter
1294	 3.291084e-04	 1714	 iter
1295	 3.291071e-04	 1716	 iter
1296	 3.291071e-04	 1717	 iter
1297	 3.291071e-04	 1718	 iter
1298	 3.291071e-04	 1720	 iter
1299	 3.291071e-04	 1722	 iter
1300	 3.291071e-04	 1724	 iter
1301	 3.291071e-04	 1726	 iter
1302	 3.291071e-04	 1728	 iter
1303	 3.291071e-04	 1730	 iter
1304	 3.291068e-04	 1732	 iter
1305	 3.291068e-04	 1733	 iter
1306	 3.291068e-04	 1734	 iter
1307	 3.291062e-04	 1736	 iter
1308	 3.291021e-04	 1738	 iter
1309	 3.291021e-04	 1740	 iter
1310	 3.291021e-04	 1741	 iter
1311	 3.291021e-04	 1743	 iter
1312	 3.291021e-04	 1745	 iter
1313	 3.291021e-04	 1747	 iter
1314	 3.291021e-04	 1748	 iter
1315	 3.291021e-04	 1749	 iter
1316	 3.291021e-04	 1750	 iter
1317	 3.291021e-04	 1751	 iter
1318	 3.291021e-04	 1752	 iter
1319	 3.291021e-04	 1753	 iter
1320	 3.291021e-04	 1754	 iter
1321	 3.291021e-04	 1755	 iter
1322	 3.291021e-04	 1757	 iter
1323	 3.291021e-04	 1758	 iter
1324	 3.291021e-04	 1760	 iter
1325	 3.291021e-04	 1761	 iter
1326	 3.291021e-04	 1763	 iter
1327	 3.291021e-04	 1765	 iter
1328	 3.291021e-04	 1767	 iter
1329	 3.291021e-04	 1768	 iter
1330	 3.291021e-04	 1769	 iter
1331	 3.291021e-04	 1771	 iter
1332	 3.291021e-04	 1773	 iter
1333	 3.291016e-04	 1775	 iter
1334	 3.291016e-04	 1776	 iter
1335	 3.291016e-04	 1777	 iter
1336	 3.291016e-04	 1778	 iter
1337	 3.291009e-04	 1780	 iter
1338	 3.291009e-04	 1781	 iter
1339	 3.291009e-04	 1783	 iter
1340	 3.291009e-04	 1784	 iter
1341	 3.291009e-04	 1786	 iter
1342	 3.291005e-04	 1788	 iter
1343	 3.291005e-04	 1789	 iter
1344	 3.291005e-04	 1790	 iter
1345	 3.291005e-04	 1791	 iter
1346	 3.290989e-04	 1793	 iter
1347	 3.290989e-04	 1794	 iter
1348	 3.290989e-04	 1795	 iter
1349	 3.290989e-04	 1797	 iter
1350	 3.290989e-04	 1798	 iter
1351	 3.290985e-04	 1800	 iter
1352	 3.290985e-04	 1801	 iter
1353	 3.290985e-04	 1802	 iter
1354	 3.290985e-04	 1803	 iter
1355	 3.290980e-04	 1805	 iter
1356	 3.290978e-04	 1807	 iter
1357	 3.290976e-04	 1809	 iter
1358	 3.290976e-04	 1810	 iter
1359	 3.290976e-04	 1811	 iter
1360	 3.290976e-04	 1812	 iter
1361	 3.290967e-04	 1814	 iter
1362	 3.290967e-04	 1815	 iter
1363	 3.290967e-04	 1816	 iter
1364	 3.290967e-04	 1817	 iter
1365	 3.290967e-04	 1818	 iter
1366	 3.290967e-04	 1819	 iter
1367	 3.290965e-04	 1821	 iter
1368	 3.290958e-04	 1823	 iter
1369	 3.290958e-04	 1824	 iter
1370	 3.290958e-04	 1825	 iter
1371	 3.290954e-04	 1827	 iter
1372	 3.290949e-04	 1829	 iter
1373	 3.290949e-04	 1830	 iter
1374	 3.290949e-04	 1831	 iter
1375	 3.290949e-04	 1832	 iter
1376	 3.290949e-04	 1833	 iter
1377	 3.290919e-04	 1835	 iter
1378	 3.290919e-04	 1836	 iter
1379	 3.290919e-04	 1837	 iter
1380	 3.290919e-04	 1838	 iter
1381	 3.290919e-04	 1839	 iter
1382	 3.290919e-04	 1840	 iter
1383	 3.290919e-04	 1841	 iter
1384	 3.290919e-04	 1842	 iter
1385	 3.290919e-04	 1843	 iter
1386	 3.290908e-04	 1845	 iter
1387	 3.290908e-04	 1846	 iter
1388	 3.290908e-04	 1847	 iter
1389	 3.290908e-04	 1848	 iter
1390	 3.290908e-04	 1849	 iter
1391	 3.290908e-04	 1850	 iter
1392	 3.290908e-04	 1851	 iter
1393	 3.290893e-04	 1853	 iter
1394	 3.290893e-04	 1854	 iter
1395	 3.290893e-04	 1855	 iter
1396	 3.290893e-04	 1856	 iter
1397	 3.290893e-04	 1857	 iter
1398	 3.290883e-04	 1859	 iter
1399	 3.290883e-04	 1860	 iter
1400	 3.290883e-04	 1861	 iter
1401	 3.290883e-04	 1862	 iter
1402	 3.290839e-04	 1864	 iter
1403	 3.290839e-04	 1865	 iter
1404	 3.290839e-04	 1866	 iter
1405	 3.290839e-04	 1867	 iter
1406	 3.290839e-04	 1868	 iter
1407	 3.290816e-04	 1870	 iter
1408	 3.290816e-04	 1871	 iter
1409	 3.290816e-04	 1872	 iter
1410	 3.290816e-04	 1873	 iter
1411	 3.290816e-04	 1874	 iter
1412	 3.290816e-04	 1875	 iter
1413	 3.290816e-04	 1876	 iter
1414	 3.290816e-04	 1877	 iter
1415	 3.290778e-04	 1879	 iter
1416	 3.290778e-04	 1880	 iter
1417	 3.290748e-04	 1882	 iter
1418	 3.290748e-04	 1883	 iter
1419	 3.290748e-04	 1884	 iter
1420	 3.290748e-04	 1885	 iter
1421	 3.290748e-04	 1886	 iter
1422	 3.290718e-04	 1888	 iter
1423	 3.290718e-04	 1889	 iter
1424	 3.290718e-04	 1890	 iter
1425	 3.290718e-04	 1891	 iter
1426	 3.290718e-04	 1892	 iter
1427	 3.290673e-04	 1894	 iter
1428	 3.290673e-04	 1895	 iter
1429	 3.290673e-04	 1896	 iter
1430	 3.290673e-04	 1897	 iter
1431	 3.290613e-04	 1899	 iter
1432	 3.290613e-04	 1900	 iter
1433	 3.290613e-04	 1901	 iter
1434	 3.290613e-04	 1902	 iter
1435	 3.290613e-04	 1903	 iter
1436	 3.290613e-04	 1904	 iter
1437	 3.290613e-04	 1905	 iter
1438	 3.290613e-04	 1906	 iter
1439	 3.290606e-04	 1908	 iter
1440	 3.290605e-04	 1910	 iter
1441	 3.290562e-04	 1912	 iter
1442	 3.290562e-04	 1913	 iter
1443	 3.290558e-04	 1915	 iter
1444	 3.290519e-04	 1917	 iter
1445	 3.290443e-04	 1919	 iter
1446	 3.290443e-04	 1920	 iter
1447	 3.290443e-04	 1921	 iter
1448	 3.290443e-04	 1922	 iter
1449	 3.290366e-04	 1924	 iter
1450	 3.290366e-04	 1925	 iter
1451	 3.290366e-04	 1926	 iter
1452	 3.290366e-04	 1927	 iter
1453	 3.290366e-04	 1928	 iter
1454	 3.290202e-04	 1930	 iter
1455	 3.290202e-04	 1931	 iter
1456	 3.290202e-04	 1932	 iter
1457	 3.290202e-04	 1933	 iter
1458	 3.290202e-04	 1934	 iter
1459	 3.290202e-04	 1935	 iter
1460	 3.290202e-04	 1936	 iter
1461	 3.290202e-04	 1937	 iter
1462	 3.290202e-04	 1938	 iter
1463	 3.290202e-04	 1939	 iter
1464	 3.290174e-04	 1941	 iter
1465	 3.290174e-04	 1942	 iter
1466	 3.290001e-04	 1944	 iter
1467	 3.290001e-04	 1945	 iter
1468	 3.290001e-04	 1946	 iter
1469	 3.290001e-04	 1947	 iter
1470	 3.290001e-04	 1948	 iter
1471	 3.290001e-04	 1949	 iter
1472	 3.289992e-04	 1951	 iter
1473	 3.289992e-04	 1952	 iter
1474	 3.289882e-04	 1954	 iter
1475	 3.289882e-04	 1955	 iter
1476	 3.289882e-04	 1956	 iter
1477	 3.289616e-04	 1958	 iter
1478	 3.289616e-04	 1959	 iter
1479	 3.289616e-04	 1960	 iter
1480	 3.289616e-04	 1961	 iter
1481	 3.289616e-04	 1962	 iter
1482	 3.289616e-04	 1963	 iter
1483	 3.289616e-04	 1964	 iter
1484	 3.289616e-04	 1965	 iter
1485	 3.289412e-04	 1967	 iter
1486	 3.289412e-04	 1968	 iter
1487	 3.289412e-04	 1969	 iter
1488	 3.289412e-04	 1970	 iter
1489	 3.289412e-04	 1971	 iter
1490	 3.289412e-04	 1972	 iter
1491	 3.289412e-04	 1973	 iter
1492	 3.289276e-04	 1975	 iter
1493	 3.289276e-04	 1976	 iter
1494	 3.289276e-04	 1977	 iter
1495	 3.289276e-04	 1978	 iter
1496	 3.289180e-04	 1980	 iter
1497	 3.289180e-04	 1981	 iter
1498	 3.289128e-04	 1983	 iter
1499	 3.289128e-04	 1984	 iter
1500	 3.288805e-04	 1986	 iter
1501	 3.288805e-04	 1987	 iter
1502	 3.288805e-04	 1988	 iter
1503	 3.288805e-04	 1989	 iter
1504	 3.288805e-04	 1990	 iter
1505	 3.288805e-04	 1991	 iter
1506	 3.288805e-04	 1992	 iter
1507	 3.288805e-04	 1993	 iter
1508	 3.288793e-04	 1995	 iter
1509	 3.288723e-04	 1997	 iter
1510	 3.288573e-04	 1999	 iter
1511	 3.288573e-04	 2000	 iter
1512	 3.288573e-04	 2001	 iter
1513	 3.288573e-04	 2002	 iter
1514	 3.288573e-04	 2003	 iter
1515	 3.288573e-04	 2004	 iter
1516	 3.288573e-04	 2005	 iter
1517	 3.288573e-04	 2006	 iter
1518	 3.288528e-04	 2008	 iter
1519	 3.288287e-04	 2010	 iter
1520	 3.288287e-04	 2011	 iter
1521	 3.288287e-04	 2012	 iter
1522	 3.288287e-04	 2013	 iter
1523	 3.288287e-04	 2014	 iter
1524	 3.288287e-04	 2016	 iter
1525	 3.288287e-04	 2017	 iter
1526	 3.288250e-04	 2019	 iter
1527	 3.288250e-04	 2020	 iter
1528	 3.288207e-04	 2022	 iter
1529	 3.288207e-04	 2023	 iter
1530	 3.288207e-04	 2024	 iter
1531	 3.288207e-04	 2025	 iter
1532	 3.288207e-04	 2026	 iter
1533	 3.288169e-04	 2028	 iter
1534	 3.288169e-04	 2029	 iter
1535	 3.288169e-04	 2030	 iter
1536	 3.288013e-04	 2032	 iter
1537	 3.288013e-04	 2033	 iter
1538	 3.288013e-04	 2034	 iter
1539	 3.288013e-04	 2035	 iter
1540	 3.288013e-04	 2036	 iter
1541	 3.287905e-04	 2038	 iter
1542	 3.287905e-04	 2039	 iter
1543	 3.287905e-04	 2040	 iter
1544	 3.287803e-04	 2042	 iter
1545	 3.287803e-04	 2044	 iter
1546	 3.287803e-04	 2045	 iter
1547	 3.287803e-04	 2047	 iter
1548	 3.287803e-04	 2048	 iter
1549	 3.287759e-04	 2050	 iter
1550	 3.287759e-04	 2051	 iter
1551	 3.287759e-04	 2052	 iter
1552	 3.287759e-04	 2053	 iter
1553	 3.287759e-04	 2054	 iter
1554	 3.287759e-04	 2055	 iter
1555	 3.287759e-04	 2056	 iter
1556	 3.287654e-04	 2058	 iter
1557	 3.287462e-04	 2060	 iter
1558	 3.287462e-04	 2061	 iter
1559	 3.287462e-04	 2062	 iter
1560	 3.287462e-04	 2063	 iter
1561	 3.287462e-04	 2064	 iter
1562	 3.287462e-04	 2065	 iter
1563	 3.287423e-04	 2067	 iter
1564	 3.287420e-04	 2069	 iter
1565	 3.287420e-04	 2070	 iter
1566	 3.287420e-04	 2071	 iter
1567	 3.287366e-04	 2073	 iter
1568	 3.287366e-04	 2075	 iter
1569	 3.287366e-04	 2076	 iter
1570	 3.287366e-04	 2077	 iter
1571	 3.287366e-04	 2078	 iter
1572	 3.287282e-04	 2080	 iter
1573	 3.287282e-04	 2081	 iter
1574	 3.287282e-04	 2082	 iter
1575	 3.287282e-04	 2083	 iter
1576	 3.287039e-04	 2085	 iter
1577	 3.287039e-04	 2086	 iter
1578	 3.287039e-04	 2087	 iter
1579	 3.287039e-04	 2088	 iter
1580	 3.287038e-04	 2090	 iter
1581	 3.287038e-04	 2091	 iter
1582	 3.287038e-04	 2092	 iter
1583	 3.287038e-04	 2093	 iter
1584	 3.287038e-04	 2094	 iter
1585	 3.287025e-04	 2096	 iter
1586	 3.286945e-04	 2098	 iter
1587	 3.286899e-04	 2100	 iter
1588	 3.286899e-04	 2101	 iter
1589	 3.286899e-04	 2102	 iter
1590	 3.286691e-04	 2104	 iter
1591	 3.286691e-04	 2105	 iter
1592	 3.286691e-04	 2106	 iter
1593	 3.286691e-04	 2107	 iter
1594	 3.286648e-04	 2109	 iter
1595	 3.286648e-04	 2110	 iter
1596	 3.286648e-04	 2111	 iter
1597	 3.286648e-04	 2112	 iter
1598	 3.286427e-04	 2114	 iter
1599	 3.286427e-04	 2115	 iter
1600	 3.286427e-04	 2116	 iter
1601	 3.286427e-04	 2117	 iter
1602	 3.286427e-04	 2118	 iter
1603	 3.286427e-04	 2119	 iter
1604	 3.286427e-04	 2120	 iter
1605	 3.286427e-04	 2121	 iter
1606	 3.286427e-04	 2122	 iter
1607	 3.286427e-04	 2123	 iter
1608	 3.286427e-04	 2124	 iter
1609	 3.286427e-04	 2125	 iter
1610	 3.286283e-04	 2127	 iter
1611	 3.286283e-04	 2128	 iter
1612	 3.286283e-04	 2129	 iter
1613	 3.286283e-04	 2130	 iter
1614	 3.286283e-04	 2132	 iter
1615	 3.286228e-04	 2134	 iter
1616	 3.286134e-04	 2136	 iter
1617	 3.286134e-04	 2137	 iter
1618	 3.286134e-04	 2138	 iter
1619	 3.286134e-04	 2139	 iter
1620	 3.286134e-04	 2140	 iter
1621	 3.286134e-04	 2141	 iter
1622	 3.286134e-04	 2142	 iter
1623	 3.286134e-04	 2143	 iter
1624	 3.285982e-04	 2145	 iter
1625	 3.285982e-04	 2146	 iter
1626	 3.285982e-04	 2147	 iter
1627	 3.285982e-04	 2148	 iter
1628	 3.285982e-04	 2149	 iter
1629	 3.285982e-04	 2150	 iter
1630	 3.285982e-04	 2152	 iter
1631	 3.285982e-04	 2154	 iter
1632	 3.285982e-04	 2155	 iter
1633	 3.285982e-04	 2156	 iter
1634	 3.285982e-04	 2158	 iter
1635	 3.285982e-04	 2159	 iter
1636	 3.285982e-04	 2161	 iter
1637	 3.285982e-04	 2162	 iter
1638	 3.285982e-04	 2163	 iter
1639	 3.285982e-04	 2164	 iter
1640	 3.285982e-04	 2166	 iter
1641	 3.285982e-04	 2167	 iter
1642	 3.285982e-04	 2169	 iter
1643	 3.285982e-04	 2170	 iter
1644	 3.285982e-04	 2171	 iter
1645	 3.285982e-04	 2172	 iter
1646	 3.285982e-04	 2173	 iter
1647	 3.285982e-04	 2174	 iter
1648	 3.285982e-04	 2176	 iter
1649	 3.285922e-04	 2178	 iter
1650	 3.285922e-04	 2179	 iter
1651	 3.285922e-04	 2180	 iter
1652	 3.285922e-04	 2182	 iter
1653	 3.285922e-04	 2184	 iter
1654	 3.285922e-04	 2185	 iter
1655	 3.285922e-04	 2186	 iter
1656	 3.285922e-04	 2187	 iter
1657	 3.285922e-04	 2188	 iter
1658	 3.285922e-04	 2190	 iter
1659	 3.285922e-04	 2192	 iter
1660	 3.285898e-04	 2194	 iter
1661	 3.285898e-04	 2196	 iter
1662	 3.285898e-04	 2197	 iter
1663	 3.285898e-04	 2199	 iter
1664	 3.285898e-04	 2201	 iter
1665	 3.285898e-04	 2202	 iter
1666	 3.285898e-04	 2204	 iter
1667	 3.285871e-04	 2206	 iter
1668	 3.285871e-04	 2207	 iter
1669	 3.285871e-04	 2209	 iter
1670	 3.285871e-04	 2210	 iter
1671	 3.285871e-04	 2211	 iter
1672	 3.285871e-04	 2213	 iter
1673	 3.285871e-04	 2214	 iter
1674	 3.285871e-04	 2216	 iter
1675	 3.285871e-04	 2218	 iter
1676	 3.285871e-04	 2219	 iter
1677	 3.285871e-04	 2220	 iter
1678	 3.285871e-04	 2221	 iter
1679	 3.285871e-04	 2222	 iter
1680	 3.285871e-04	 2223	 iter
1681	 3.285871e-04	 2224	 iter
1682	 3.285834e-04	 2226	 iter
1683	 3.285834e-04	 2228	 iter
1684	 3.285834e-04	 2229	 iter
1685	 3.285834e-04	 2230	 iter
1686	 3.285834e-04	 2231	 iter
1687	 3.285834e-04	 2233	 iter
1688	 3.285834e-04	 2234	 iter
1689	 3.285834e-04	 2235	 iter
1690	 3.285834e-04	 2237	 iter
1691	 3.285834e-04	 2238	 iter
1692	 3.285834e-04	 2240	 iter
1693	 3.285834e-04	 2241	 iter
1694	 3.285834e-04	 2242	 iter
1695	 3.285834e-04	 2243	 iter
1696	 3.285834e-04	 2245	 iter
1697	 3.285834e-04	 2247	 iter
1698	 3.285834e-04	 2248	 iter
1699	 3.285834e-04	 2250	 iter
1700	 3.285834e-04	 2251	 iter
1701	 3.285834e-04	 2253	 iter
1702	 3.285834e-04	 2255	 iter
1703	 3.285834e-04	 2256	 iter
1704	 3.285834e-04	 2257	 iter
1705	 3.285834e-04	 2258	 iter
1706	 3.285834e-04	 2259	 iter
1707	 3.285834e-04	 2261	 iter
1708	 3.285834e-04	 2263	 iter
1709	 3.285834e-04	 2264	 iter
1710	 3.285834e-04	 2266	 iter
1711	 3.285834e-04	 2267	 iter
1712	 3.285834e-04	 2268	 iter
1713	 3.285834e-04	 2269	 iter
1714	 3.285834e-04	 2271	 iter
1715	 3.285834e-04	 2272	 iter
1716	 3.285834e-04	 2273	 iter
1717	 3.285834e-04	 2275	 iter
1718	 3.285833e-04	 2277	 iter
1719	 3.285833e-04	 2279	 iter
1720	 3.285833e-04	 2281	 iter
1721	 3.285833e-04	 2282	 iter
1722	 3.285833e-04	 2283	 iter
1723	 3.285833e-04	 2284	 iter
1724	 3.285833e-04	 2285	 iter
1725	 3.285833e-04	 2286	 iter
1726	 3.285833e-04	 2288	 iter
1727	 3.285833e-04	 2289	 iter
1728	 3.285833e-04	 2290	 iter
1729	 3.285833e-04	 2291	 iter
1730	 3.285833e-04	 2292	 iter
1731	 3.285833e-04	 2294	 iter
1732	 3.285833e-04	 2295	 iter
1733	 3.285833e-04	 2297	 iter
1734	 3.285833e-04	 2298	 iter
1735	 3.285833e-04	 2299	 iter
1736	 3.285833e-04	 2301	 iter
1737	 3.285833e-04	 2302	 iter
1738	 3.285833e-04	 2304	 iter
1739	 3.285833e-04	 2305	 iter
1740	 3.285833e-04	 2307	 iter
1741	 3.285833e-04	 2309	 iter
1742	 3.285833e-04	 2310	 iter
1743	 3.285833e-04	 2311	 iter
1744	 3.285832e-04	 2313	 iter
1745	 3.285832e-04	 2315	 iter
1746	 3.285832e-04	 2317	 iter
1747	 3.285832e-04	 2318	 iter
1748	 3.285831e-04	 2320	 iter
1749	 3.285831e-04	 2322	 iter
1750	 3.285831e-04	 2324	 iter
1751	 3.285830e-04	 2326	 iter
1752	 3.285828e-04	 2328	 iter
1753	 3.285828e-04	 2329	 iter
1754	 3.285828e-04	 2331	 iter
1755	 3.285826e-04	 2333	 iter
1756	 3.285826e-04	 2335	 iter
1757	 3.285826e-04	 2336	 iter
1758	 3.285826e-04	 2338	 iter
1759	 3.285826e-04	 2340	 iter
1760	 3.285826e-04	 2341	 iter
1761	 3.285826e-04	 2342	 iter
1762	 3.285826e-04	 2343	 iter
1763	 3.285826e-04	 2344	 iter
1764	 3.285826e-04	 2345	 iter
1765	 3.285826e-04	 2346	 iter
1766	 3.285826e-04	 2347	 iter
1767	 3.285826e-04	 2349	 iter
1768	 3.285824e-04	 2351	 iter
1769	 3.285824e-04	 2352	 iter
1770	 3.285824e-04	 2354	 iter
1771	 3.285823e-04	 2356	 iter
1772	 3.285823e-04	 2358	 iter
1773	 3.285823e-04	 2359	 iter
1774	 3.285822e-04	 2361	 iter
1775	 3.285822e-04	 2362	 iter
1776	 3.285822e-04	 2363	 iter
1777	 3.285822e-04	 2364	 iter
1778	 3.285822e-04	 2366	 iter
1779	 3.285822e-04	 2368	 iter
1780	 3.285822e-04	 2369	 iter
1781	 3.285822e-04	 2370	 iter
1782	 3.285822e-04	 2372	 iter
1783	 3.285822e-04	 2373	 iter
1784	 3.285822e-04	 2374	 iter
1785	 3.285820e-04	 2376	 iter
1786	 3.285820e-04	 2377	 iter
1787	 3.285820e-04	 2378	 iter
1788	 3.285820e-04	 2379	 iter
1789	 3.285818e-04	 2381	 iter
1790	 3.285818e-04	 2382	 iter
1791	 3.285818e-04	 2384	 iter
1792	 3.285818e-04	 2385	 iter
1793	 3.285818e-04	 2386	 iter
1794	 3.285818e-04	 2387	 iter
1795	 3.285818e-04	 2388	 iter
1796	 3.285818e-04	 2389	 iter
1797	 3.285818e-04	 2390	 iter
1798	 3.285818e-04	 2391	 iter
1799	 3.285818e-04	 2393	 iter
1800	 3.285818e-04	 2394	 iter
1801	 3.285818e-04	 2395	 iter
1802	 3.285818e-04	 2396	 iter
1803	 3.285818e-04	 2397	 iter
1804	 3.285817e-04	 2399	 iter
1805	 3.285817e-04	 2401	 iter
1806	 3.285817e-04	 2402	 iter
1807	 3.285816e-04	 2404	 iter
1808	 3.285816e-04	 2405	 iter
1809	 3.285816e-04	 2406	 iter
1810	 3.285816e-04	 2407	 iter
1811	 3.285812e-04	 2409	 iter
1812	 3.285812e-04	 2410	 iter
1813	 3.285812e-04	 2411	 iter
1814	 3.285812e-04	 2412	 iter
1815	 3.285812e-04	 2413	 iter
1816	 3.285812e-04	 2414	 iter
1817	 3.285812e-04	 2415	 iter
1818	 3.285812e-04	 2416	 iter
1819	 3.285812e-04	 2417	 iter
1820	 3.285812e-04	 2418	 iter
1821	 3.285812e-04	 2419	 iter
1822	 3.285809e-04	 2421	 iter
1823	 3.285809e-04	 2422	 iter
1824	 3.285809e-04	 2423	 iter
1825	 3.285809e-04	 2424	 iter
1826	 3.285809e-04	 2425	 iter
1827	 3.285809e-04	 2426	 iter
1828	 3.285809e-04	 2427	 iter
1829	 3.285809e-04	 2428	 iter
1830	 3.285804e-04	 2430	 iter
1831	 3.285804e-04	 2431	 iter
1832	 3.285804e-04	 2432	 iter
1833	 3.285804e-04	 2433	 iter
1834	 3.285804e-04	 2434	 iter
1835	 3.285804e-04	 2435	 iter
1836	 3.285802e-04	 2437	 iter
1837	 3.285802e-04	 2438	 iter
1838	 3.285802e-04	 2439	 iter
1839	 3.285802e-04	 2440	 iter
1840	 3.285799e-04	 2442	 iter
1841	 3.285799e-04	 2443	 iter
1842	 3.285799e-04	 2444	 iter
1843	 3.285795e-04	 2446	 iter
1844	 3.285795e-04	 2447	 iter
1845	 3.285789e-04	 2449	 iter
1846	 3.285789e-04	 2450	 iter
1847	 3.285789e-04	 2451	 iter
1848	 3.285789e-04	 2452	 iter
1849	 3.285789e-04	 2453	 iter
1850	 3.285789e-04	 2454	 iter
1851	 3.285789e-04	 2455	 iter
1852	 3.285782e-04	 2457	 iter
1853	 3.285782e-04	 2458	 iter
1854	 3.285782e-04	 2459	 iter
1855	 3.285782e-04	 2460	 iter
1856	 3.285771e-04	 2462	 iter
1857	 3.285771e-04	 2463	 iter
1858	 3.285771e-04	 2464	 iter
1859	 3.285771e-04	 2465	 iter
1860	 3.285771e-04	 2466	 iter
1861	 3.285771e-04	 2467	 iter
1862	 3.285771e-04	 2468	 iter
1863	 3.285771e-04	 2469	 iter
1864	 3.285771e-04	 2470	 iter
1865	 3.285758e-04	 2472	 iter
1866	 3.285758e-04	 2473	 iter
1867	 3.285758e-04	 2474	 iter
1868	 3.285758e-04	 2475	 iter
1869	 3.285758e-04	 2476	 iter
1870	 3.285758e-04	 2477	 iter
1871	 3.285758e-04	 2478	 iter
1872	 3.285754e-04	 2480	 iter
1873	 3.285746e-04	 2482	 iter
1874	 3.285746e-04	 2483	 iter
1875	 3.285746e-04	 2484	 iter
1876	 3.285746e-04	 2485	 iter
1877	 3.285720e-04	 2487	 iter
1878	 3.285720e-04	 2488	 iter
1879	 3.285720e-04	 2489	 iter
1880	 3.285720e-04	 2490	 iter
1881	 3.285720e-04	 2491	 iter
1882	 3.285720e-04	 2492	 iter
1883	 3.285720e-04	 2493	 iter
1884	 3.285720e-04	 2494	 iter
1885	 3.285720e-04	 2495	 iter
1886	 3.285720e-04	 2496	 iter
1887	 3.285720e-04	 2497	 iter
1888	 3.285720e-04	 2498	 iter
1889	 3.285720e-04	 2499	 iter
1890	 3.285720e-04	 2500	 iter
1891	 3.285708e-04	 2502	 iter
1892	 3.285708e-04	 2503	 iter
1893	 3.285696e-04	 2505	 iter
1894	 3.285696e-04	 2506	 iter
1895	 3.285696e-04	 2507	 iter
1896	 3.285696e-04	 2508	 iter
1897	 3.285696e-04	 2509	 iter
1898	 3.285696e-04	 2510	 iter
1899	 3.285675e-04	 2512	 iter
1900	 3.285675e-04	 2513	 iter
1901	 3.285675e-04	 2514	 iter
1902	 3.285675e-04	 2515	 iter
1903	 3.285675e-04	 2516	 iter
1904	 3.285675e-04	 2517	 iter
1905	 3.285645e-04	 2519	 iter
1906	 3.285645e-04	 2520	 iter
1907	 3.285645e-04	 2521	 iter
1908	 3.285645e-04	 2522	 iter
1909	 3.285645e-04	 2523	 iter
1910	 3.285645e-04	 2524	 iter
1911	 3.285645e-04	 2525	 iter
1912	 3.285645e-04	 2526	 iter
1913	 3.285645e-04	 2527	 iter
1914	 3.285645e-04	 2528	 iter
1915	 3.285634e-04	 2530	 iter
1916	 3.285634e-04	 2531	 iter
1917	 3.285620e-04	 2533	 iter
1918	 3.285587e-04	 2535	 iter
1919	 3.285587e-04	 2536	 iter
1920	 3.285587e-04	 2537	 iter
1921	 3.285587e-04	 2538	 iter
1922	 3.285587e-04	 2539	 iter
1923	 3.285587e-04	 2540	 iter
1924	 3.285587e-04	 2541	 iter
1925	 3.285587e-04	 2542	 iter
1926	 3.285587e-04	 2543	 iter
1927	 3.285587e-04	 2544	 iter
1928	 3.285541e-04	 2546	 iter
1929	 3.285541e-04	 2547	 iter
1930	 3.285541e-04	 2548	 iter
1931	 3.285541e-04	 2549	 iter
1932	 3.285541e-04	 2550	 iter
1933	 3.285541e-04	 2551	 iter
1934	 3.285541e-04	 2552	 iter
1935	 3.285541e-04	 2553	 iter
1936	 3.285541e-04	 2554	 iter
1937	 3.285541e-04	 2555	 iter
1938	 3.285541e-04	 2556	 iter
1939	 3.285512e-04	 2558	 iter
1940	 3.285512e-04	 2559	 iter
1941	 3.285512e-04	 2560	 iter
1942	 3.285512e-04	 2561	 iter
1943	 3.285492e-04	 2563	 iter
1944	 3.285492e-04	 2564	 iter
1945	 3.285492e-04	 2565	 iter
1946	 3.285478e-04	 2567	 iter
1947	 3.285478e-04	 2568	 iter
1948	 3.285433e-04	 2570	 iter
1949	 3.285433e-04	 2571	 iter
1950	 3.285433e-04	 2572	 iter
1951	 3.285433e-04	 2573	 iter
1952	 3.285433e-04	 2574	 iter
1953	 3.285433e-04	 2575	 iter
1954	 3.285433e-04	 2576	 iter
1955	 3.285366e-04	 2578	 iter
1956	 3.285366e-04	 2579	 iter
1957	 3.285366e-04	 2580	 iter
1958	 3.285366e-04	 2581	 iter
1959	 3.285366e-04	 2582	 iter
1960	 3.285344e-04	 2584	 iter
1961	 3.285272e-04	 2586	 iter
1962	 3.285272e-04	 2587	 iter
1963	 3.285272e-04	 2588	 iter
1964	 3.285272e-04	 2589	 iter
1965	 3.285272e-04	 2590	 iter
1966	 3.285272e-04	 2591	 iter
1967	 3.285272e-04	 2592	 iter
1968	 3.285272e-04	 2593	 iter
1969	 3.285221e-04	 2595	 iter
1970	 3.285221e-04	 2596	 iter
1971	 3.285221e-04	 2597	 iter
1972	 3.285221e-04	 2598	 iter
1973	 3.285221e-04	 2599	 iter
1974	 3.285167e-04	 2601	 iter
1975	 3.285167e-04	 2602	 iter
1976	 3.285167e-04	 2603	 iter
1977	 3.285167e-04	 2604	 iter
1978	 3.285090e-04	 2606	 iter
1979	 3.285090e-04	 2607	 iter
1980	 3.285090e-04	 2608	 iter
1981	 3.285090e-04	 2609	 iter
1982	 3.285090e-04	 2610	 iter
1983	 3.285090e-04	 2611	 iter
1984	 3.285090e-04	 2612	 iter
1985	 3.285090e-04	 2613	 iter
1986	 3.285090e-04	 2614	 iter
1987	 3.285055e-04	 2616	 iter
1988	 3.285055e-04	 2617	 iter
1989	 3.285055e-04	 2618	 iter
1990	 3.285055e-04	 2619	 iter
1991	 3.284993e-04	 2621	 iter
1992	 3.284993e-04	 2622	 iter
1993	 3.284993e-04	 2623	 iter
1994	 3.284993e-04	 2624	 iter
1995	 3.284993e-04	 2625	 iter
1996	 3.284993e-04	 2626	 iter
1997	 3.284964e-04	 2628	 iter
1998	 3.284964e-04	 2629	 iter
1999	 3.284863e-04	 2631	 iter
2000	 3.284863e-04	 2632	 iter
2001	 3.284863e-04	 2633	 iter
2002	 3.284863e-04	 2634	 iter
2003	 3.284703e-04	 2636	 iter
2004	 3.284703e-04	 2637	 iter
2005	 3.284703e-04	 2638	 iter
2006	 3.284703e-04	 2639	 iter
2007	 3.284703e-04	 2640	 iter
2008	 3.284703e-04	 2641	 iter
2009	 3.284703e-04	 2642	 iter
2010	 3.284703e-04	 2643	 iter
2011	 3.284703e-04	 2644	 iter
2012	 3.284703e-04	 2645	 iter
2013	 3.284703e-04	 2646	 iter
2014	 3.284703e-04	 2647	 iter
2015	 3.284703e-04	 2648	 iter
2016	 3.284703e-04	 2649	 iter
2017	 3.284671e-04	 2651	 iter
2018	 3.284671e-04	 2652	 iter
2019	 3.284569e-04	 2654	 iter
2020	 3.284569e-04	 2655	 iter
2021	 3.284569e-04	 2656	 iter
2022	 3.284569e-04	 2657	 iter
2023	 3.284569e-04	 2658	 iter
2024	 3.284523e-04	 2660	 iter
2025	 3.284523e-04	 2661	 iter
2026	 3.284406e-04	 2663	 iter
2027	 3.284406e-04	 2664	 iter
2028	 3.284406e-04	 2665	 iter
2029	 3.284406e-04	 2666	 iter
2030	 3.284406e-04	 2667	 iter
2031	 3.284406e-04	 2668	 iter
2032	 3.284406e-04	 2669	 iter
2033	 3.284406e-04	 2670	 iter
2034	 3.284308e-04	 2672	 iter
2035	 3.284308e-04	 2673	 iter
2036	 3.284308e-04	 2674	 iter
2037	 3.284308e-04	 2675	 iter
2038	 3.284308e-04	 2676	 iter
2039	 3.284308e-04	 2677	 iter
2040	 3.284308e-04	 2678	 iter
2041	 3.284308e-04	 2679	 iter
2042	 3.284308e-04	 2680	 iter
2043	 3.284308e-04	 2681	 iter
2044	 3.284308e-04	 2682	 iter
2045	 3.284256e-04	 2684	 iter
2046	 3.284256e-04	 2685	 iter
2047	 3.284128e-04	 2687	 iter
2048	 3.284128e-04	 2688	 iter
2049	 3.284128e-04	 2689	 iter
2050	 3.284128e-04	 2690	 iter
2051	 3.284128e-04	 2691	 iter
2052	 3.284128e-04	 2692	 iter
2053	 3.284128e-04	 2693	 iter
2054	 3.284128e-04	 2694	 iter
2055	 3.284128e-04	 2695	 iter
2056	 3.284128e-04	 2696	 iter
2057	 3.284128e-04	 2697	 iter
2058	 3.284100e-04	 2699	 iter
2059	 3.284100e-04	 2700	 iter
2060	 3.284100e-04	 2701	 iter
2061	 3.284096e-04	 2703	 iter
2062	 3.284096e-04	 2704	 iter
2063	 3.283964e-04	 2706	 iter
2064	 3.283964e-04	 2707	 iter
2065	 3.283964e-04	 2708	 iter
2066	 3.283964e-04	 2709	 iter
2067	 3.283964e-04	 2710	 iter
2068	 3.283964e-04	 2711	 iter
2069	 3.283964e-04	 2712	 iter
2070	 3.283942e-04	 2714	 iter
2071	 3.283841e-04	 2716	 iter
2072	 3.283841e-04	 2717	 iter
2073	 3.283841e-04	 2718	 iter
2074	 3.283841e-04	 2719	 iter
2075	 3.283817e-04	 2721	 iter
2076	 3.283817e-04	 2722	 iter
2077	 3.283810e-04	 2724	 iter
2078	 3.283810e-04	 2725	 iter
2079	 3.283810e-04	 2726	 iter
2080	 3.283810e-04	 2727	 iter
2081	 3.283810e-04	 2728	 iter
2082	 3.283807e-04	 2730	 iter
2083	 3.283751e-04	 2732	 iter
2084	 3.283751e-04	 2733	 iter
2085	 3.283751e-04	 2734	 iter
2086	 3.283751e-04	 2735	 iter
2087	 3.283751e-04	 2736	 iter
2088	 3.283744e-04	 2738	 iter
2089	 3.283744e-04	 2740	 iter
2090	 3.283744e-04	 2741	 iter
2091	 3.283705e-04	 2743	 iter
2092	 3.283705e-04	 2744	 iter
2093	 3.283705e-04	 2745	 iter
2094	 3.283705e-04	 2746	 iter
2095	 3.283705e-04	 2748	 iter
2096	 3.283705e-04	 2749	 iter
2097	 3.283705e-04	 2751	 iter
2098	 3.283705e-04	 2752	 iter
2099	 3.283705e-04	 2754	 iter
2100	 3.283705e-04	 2755	 iter
2101	 3.283705e-04	 2757	 iter
2102	 3.283705e-04	 2758	 iter
2103	 3.283705e-04	 2759	 iter
2104	 3.283669e-04	 2761	 iter
2105	 3.283669e-04	 2763	 iter
2106	 3.283669e-04	 2764	 iter
2107	 3.283669e-04	 2765	 iter
2108	 3.283662e-04	 2767	 iter
2109	 3.283662e-04	 2768	 iter
2110	 3.283662e-04	 2769	 iter
2111	 3.283662e-04	 2770	 iter
2112	 3.283662e-04	 2772	 iter
2113	 3.283662e-04	 2774	 iter
2114	 3.283662e-04	 2775	 iter
2115	 3.283660e-04	 2777	 iter
2116	 3.283660e-04	 2778	 iter
2117	 3.283648e-04	 2780	 iter
2118	 3.283648e-04	 2781	 iter
2119	 3.283648e-04	 2783	 iter
2120	 3.283648e-04	 2784	 iter
2121	 3.283648e-04	 2785	 iter
2122	 3.283648e-04	 2787	 iter
2123	 3.283648e-04	 2788	 iter
2124	 3.283648e-04	 2789	 iter
2125	 3.283648e-04	 2791	 iter
2126	 3.283648e-04	 2792	 iter
2127	 3.283648e-04	 2793	 iter
2128	 3.283631e-04	 2795	 iter
2129	 3.283631e-04	 2797	 iter
2130	 3.283631e-04	 2798	 iter
2131	 3.283631e-04	 2799	 iter
2132	 3.283628e-04	 2801	 iter
2133	 3.283628e-04	 2802	 iter
2134	 3.283628e-04	 2803	 iter
2135	 3.283628e-04	 2805	 iter
2136	 3.283628e-04	 2806	 iter
2137	 3.283628e-04	 2807	 iter
2138	 3.283610e-04	 2809	 iter
2139	 3.283610e-04	 2810	 iter
2140	 3.283610e-04	 2811	 iter
2141	 3.283610e-04	 2812	 iter
2142	 3.283610e-04	 2813	 iter
2143	 3.283610e-04	 2814	 iter
2144	 3.283610e-04	 2815	 iter
2145	 3.283610e-04	 2817	 iter
2146	 3.283610e-04	 2818	 iter
2147	 3.283610e-04	 2819	 iter
2148	 3.283610e-04	 2820	 iter
2149	 3.283610e-04	 2822	 iter
2150	 3.283610e-04	 2824	 iter
2151	 3.283610e-04	 2826	 iter
2152	 3.283610e-04	 2827	 iter
2153	 3.283610e-04	 2828	 iter
2154	 3.283610e-04	 2829	 iter
2155	 3.283610e-04	 2830	 iter
2156	 3.283597e-04	 2832	 iter
2157	 3.283597e-04	 2834	 iter
2158	 3.283597e-04	 2835	 iter
2159	 3.283597e-04	 2836	 iter
2160	 3.283597e-04	 2838	 iter
2161	 3.283597e-04	 2839	 iter
2162	 3.283597e-04	 2841	 iter
2163	 3.283597e-04	 2843	 iter
2164	 3.283597e-04	 2844	 iter
2165	 3.283597e-04	 2845	 iter
2166	 3.283597e-04	 2846	 iter
2167	 3.283597e-04	 2847	 iter
2168	 3.283597e-04	 2849	 iter
2169	 3.283597e-04	 2850	 iter
2170	 3.283597e-04	 2851	 iter
2171	 3.283596e-04	 2853	 iter
2172	 3.283596e-04	 2855	 iter
2173	 3.283593e-04	 2857	 iter
2174	 3.283593e-04	 2859	 iter
2175	 3.283593e-04	 2860	 iter
2176	 3.283593e-04	 2862	 iter
2177	 3.283593e-04	 2864	 iter
2178	 3.283593e-04	 2866	 iter
2179	 3.283593e-04	 2868	 iter
2180	 3.283593e-04	 2869	 iter
2181	 3.283593e-04	 2870	 iter
2182	 3.283591e-04	 2872	 iter
2183	 3.283591e-04	 2873	 iter
2184	 3.283591e-04	 2875	 iter
2185	 3.283586e-04	 2877	 iter
2186	 3.283586e-04	 2878	 iter
2187	 3.283586e-04	 2879	 iter
2188	 3.283586e-04	 2880	 iter
2189	 3.283586e-04	 2882	 iter
2190	 3.283586e-04	 2884	 iter
2191	 3.283586e-04	 2885	 iter
2192	 3.283586e-04	 2886	 iter
2193	 3.283586e-04	 2887	 iter
2194	 3.283586e-04	 2889	 iter
2195	 3.283586e-04	 2890	 iter
2196	 3.283586e-04	 2892	 iter
2197	 3.283586e-04	 2893	 iter
2198	 3.283586e-04	 2894	 iter
2199	 3.283586e-04	 2895	 iter
2200	 3.283586e-04	 2897	 iter
2201	 3.283583e-04	 2899	 iter
2202	 3.283583e-04	 2900	 iter
2203	 3.283583e-04	 2901	 iter
2204	 3.283583e-04	 2902	 iter
2205	 3.283583e-04	 2903	 iter
2206	 3.283583e-04	 2904	 iter
2207	 3.283583e-04	 2905	 iter
2208	 3.283581e-04	 2907	 iter
2209	 3.283581e-04	 2908	 iter
2210	 3.283581e-04	 2909	 iter
2211	 3.283581e-04	 2910	 iter
2212	 3.283581e-04	 2911	 iter
2213	 3.283577e-04	 2913	 iter
2214	 3.283577e-04	 2915	 iter
2215	 3.283577e-04	 2917	 iter
2216	 3.283577e-04	 2918	 iter
2217	 3.283577e-04	 2920	 iter
2218	 3.283577e-04	 2921	 iter
2219	 3.283577e-04	 2922	 iter
2220	 3.283577e-04	 2923	 iter
2221	 3.283576e-04	 2925	 iter
2222	 3.283576e-04	 2926	 iter
2223	 3.283576e-04	 2927	 iter
2224	 3.283576e-04	 2928	 iter
2225	 3.283576e-04	 2929	 iter
2226	 3.283576e-04	 2930	 iter
2227	 3.283576e-04	 2932	 iter
2228	 3.283576e-04	 2933	 iter
2229	 3.283576e-04	 2934	 iter
2230	 3.283576e-04	 2936	 iter
2231	 3.283576e-04	 2937	 iter
2232	 3.283576e-04	 2938	 iter
2233	 3.283575e-04	 2940	 iter
2234	 3.283572e-04	 2942	 iter
2235	 3.283572e-04	 2943	 iter
2236	 3.283572e-04	 2944	 iter
2237	 3.283572e-04	 2945	 iter
2238	 3.283572e-04	 2946	 iter
2239	 3.283572e-04	 2947	 iter
2240	 3.283572e-04	 2948	 iter
2241	 3.283572e-04	 2949	 iter
2242	 3.283572e-04	 2950	 iter
2243	 3.283572e-04	 2952	 iter
2244	 3.283572e-04	 2954	 iter
2245	 3.283572e-04	 2955	 iter
2246	 3.283572e-04	 2956	 iter
2247	 3.283572e-04	 2958	 iter
2248	 3.283572e-04	 2959	 iter
2249	 3.283570e-04	 2961	 iter
2250	 3.283570e-04	 2962	 iter
2251	 3.283570e-04	 2963	 iter
2252	 3.283570e-04	 2965	 iter
2253	 3.283570e-04	 2966	 iter
2254	 3.283570e-04	 2968	 iter
2255	 3.283570e-04	 2970	 iter
2256	 3.283570e-04	 2971	 iter
2257	 3.283570e-04	 2973	 iter
2258	 3.283568e-04	 2975	 iter
2259	 3.283568e-04	 2977	 iter
2260	 3.283568e-04	 2978	 iter
2261	 3.283568e-04	 2980	 iter
2262	 3.283568e-04	 2981	 iter
2263	 3.283568e-04	 2982	 iter
2264	 3.283568e-04	 2983	 iter
2265	 3.283568e-04	 2984	 iter
2266	 3.283568e-04	 2985	 iter
2267	 3.283568e-04	 2987	 iter
2268	 3.283568e-04	 2988	 iter
2269	 3.283568e-04	 2989	 iter
2270	 3.283566e-04	 2991	 iter
2271	 3.283566e-04	 2993	 iter
2272	 3.283566e-04	 2995	 iter
2273	 3.283566e-04	 2996	 iter
2274	 3.283565e-04	 2998	 iter
2275	 3.283565e-04	 2999	 iter
2276	 3.283565e-04	 3000	 iter
2277	 3.283565e-04	 3001	 iter
2278	 3.283565e-04	 3002	 iter
2279	 3.283565e-04	 3003	 iter
2280	 3.283565e-04	 3004	 iter
2281	 3.283565e-04	 3005	 iter
2282	 3.283565e-04	 3007	 iter
2283	 3.283565e-04	 3008	 iter
2284	 3.283565e-04	 3009	 iter
2285	 3.283565e-04	 3010	 iter
2286	 3.283565e-04	 3011	 iter
2287	 3.283565e-04	 3013	 iter
2288	 3.283565e-04	 3014	 iter
2289	 3.283565e-04	 3015	 iter
2290	 3.283564e-04	 3017	 iter
2291	 3.283564e-04	 3019	 iter
2292	 3.283564e-04	 3020	 iter
2293	 3.283563e-04	 3022	 iter
2294	 3.283563e-04	 3023	 iter
2295	 3.283563e-04	 3024	 iter
2296	 3.283563e-04	 3025	 iter
2297	 3.283563e-04	 3026	 iter
2298	 3.283562e-04	 3028	 iter
2299	 3.283562e-04	 3030	 iter
2300	 3.283562e-04	 3031	 iter
2301	 3.283562e-04	 3032	 iter
2302	 3.283562e-04	 3033	 iter
2303	 3.283562e-04	 3034	 iter
2304	 3.283562e-04	 3035	 iter
2305	 3.283562e-04	 3036	 iter
2306	 3.283562e-04	 3038	 iter
2307	 3.283562e-04	 3040	 iter
2308	 3.283561e-04	 3042	 iter
2309	 3.283561e-04	 3043	 iter
2310	 3.283561e-04	 3045	 iter
2311	 3.283561e-04	 3046	 iter
2312	 3.283561e-04	 3047	 iter
2313	 3.283561e-04	 3048	 iter
2314	 3.283561e-04	 3049	 iter
2315	 3.283561e-04	 3050	 iter
2316	 3.283561e-04	 3051	 iter
2317	 3.283561e-04	 3052	 iter
2318	 3.283561e-04	 3054	 iter
2319	 3.283561e-04	 3055	 iter
2320	 3.283561e-04	 3056	 iter
2321	 3.283561e-04	 3057	 iter
2322	 3.283561e-04	 3058	 iter
2323	 3.283561e-04	 3059	 iter
2324	 3.283561e-04	 3061	 iter
2325	 3.283561e-04	 3062	 iter
2326	 3.283560e-04	 3064	 iter
2327	 3.283560e-04	 3065	 iter
2328	 3.283560e-04	 3066	 iter
2329	 3.283560e-04	 3067	 iter
2330	 3.283560e-04	 3068	 iter
2331	 3.283560e-04	 3070	 iter
2332	 3.283560e-04	 3071	 iter
2333	 3.283560e-04	 3072	 iter
2334	 3.283560e-04	 3074	 iter
2335	 3.283560e-04	 3075	 iter
2336	 3.283560e-04	 3076	 iter
2337	 3.283560e-04	 3077	 iter
2338	 3.283560e-04	 3079	 iter
2339	 3.283560e-04	 3080	 iter
2340	 3.283560e-04	 3081	 iter
2341	 3.283560e-04	 3082	 iter
2342	 3.283560e-04	 3083	 iter
2343	 3.283560e-04	 3085	 iter
2344	 3.283560e-04	 3087	 iter
2345	 3.283560e-04	 3088	 iter
2346	 3.283560e-04	 3089	 iter
2347	 3.283560e-04	 3091	 iter
2348	 3.283560e-04	 3092	 iter
2349	 3.283560e-04	 3093	 iter
2350	 3.283560e-04	 3094	 iter
2351	 3.283560e-04	 3096	 iter
2352	 3.283560e-04	 3097	 iter
2353	 3.283560e-04	 3098	 iter
2354	 3.283560e-04	 3099	 iter
2355	 3.283560e-04	 3101	 iter
2356	 3.283560e-04	 3102	 iter
2357	 3.283560e-04	 3103	 iter
2358	 3.283560e-04	 3105	 iter
2359	 3.283560e-04	 3106	 iter
2360	 3.283560e-04	 3108	 iter
2361	 3.283560e-04	 3110	 iter
2362	 3.283560e-04	 3112	 iter
2363	 3.283560e-04	 3113	 iter
2364	 3.283559e-04	 3115	 iter
2365	 3.283559e-04	 3116	 iter
2366	 3.283559e-04	 3117	 iter
2367	 3.283558e-04	 3119	 iter
2368	 3.283558e-04	 3120	 iter
2369	 3.283558e-04	 3122	 iter
2369	 3.283558e-04	 3122	 done
