0	 1.540943e-32	 1	 init
0	 1.540943e-32	 1	 iter
1	 1.540943e-32	 17	 iter
2	 1.540943e-32	 19	 iter
3	 1.540943e-32	 21	 iter
4	 1.540943e-32	 23	 iter
5	 1.540943e-32	 25	 iter
6	 1.540943e-32	 27	 iter
7	 1.540943e-32	 29	 iter
8	 1.540943e-32	 31	 iter
9	 1.540943e-32	 33	 iter
10	 1.540943e-32	 35	 iter
11	 1.540943e-32	 37	 iter
12	 1.540943e-32	 39	 iter
13	 1.540943e-32	 41	 iter
14	 1.540943e-32	 43	 iter
15	 1.540943e-32	 45	 iter
16	 1.540943e-32	 47	 iter
17	 1.540943e-32	 49	 iter
18	 1.540943e-32	 51	 iter
19	 1.540943e-32	 53	 iter
20	 1.540943e-32	 54	 iter
21	 1.540943e-32	 56	 iter
22	 1.540943e-32	 58	 iter
23	 1.540943e-32	 60	 iter
24	 1.540943e-32	 62	 iter
25	 1.540943e-32	 64	 iter
26	 1.540943e-32	 65	 iter
27	 1.540943e-32	 67	 iter
28	 1.540943e-32	 69	 iter
29	 1.540943e-32	 71	 iter
30	 1.540943e-32	 72	 iter
31	 1.540943e-32	 74	 iter
32	 1.540943e-32	 76	 iter
33	 1.540943e-32	 78	 iter
34	 1.540943e-32	 80	 iter
35	 1.540943e-32	 82	 iter
36	 1.540943e-32	 83	 iter
37	 1.540943e-32	 85	 iter
38	 1.540943e-32	 87	 iter
39	 1.540943e-32	 89	 iter
40	 1.540943e-32	 91	 iter
41	 1.540943e-32	 92	 iter
42	 1.540943e-32	 94	 iter
43	 1.540943e-32	 95	 iter
44	 1.540943e-32	 96	 iter
45	 1.540943e-32	 98	 iter
46	 1.540943e-32	 100	 iter
47	 1.540943e-32	 102	 iter
48	 1.540943e-32	 103	 iter
49	 1.540943e-32	 105	 iter
50	 1.540943e-32	 107	 iter
51	 1.540943e-32	 109	 iter
52	 1.540943e-32	 111	 iter
53	 1.540943e-32	 113	 iter
54	 1.540943e-32	 115	 iter
55	 1.540943e-32	 116	 iter
56	 1.540943e-32	 117	 iter
57	 1.540943e-32	 118	 iter
58	 1.540943e-32	 120	 iter
59	 1.540943e-32	 122	 iter
60	 1.540943e-32	 124	 iter
61	 1.540943e-32	 126	 iter
62	 1.540943e-32	 128	 iter
63	 1.540943e-32	 129	 iter
64	 1.540943e-32	 131	 iter
65	 1.540943e-32	 132	 iter
66	 1.540943e-32	 133	 iter
67	 1.540943e-32	 134	 iter
68	 1.540943e-32	 136	 iter
69	 1.540943e-32	 138	 iter
70	 1.540943e-32	 140	 iter
71	 1.540943e-32	 142	 iter
72	 1.540943e-32	 144	 iter
73	 1.540943e-32	 146	 iter
74	 1.540943e-32	 148	 iter
75	 1.540943e-32	 150	 iter
76	 1.540943e-32	 152	 iter
77	 1.540943e-32	 153	 iter
78	 1.540943e-32	 155	 iter
79	 1.540943e-32	 157	 iter
80	 1.540943e-32	 159	 iter
81	 1.540943e-32	 161	 iter
82	 1.540943e-32	 163	 iter
83	 1.540943e-32	 165	 iter
84	 1.540943e-32	 166	 iter
85	 1.540943e-32	 168	 iter
86	 1.540943e-32	 170	 iter
87	 1.540943e-32	 171	 iter
88	 1.540943e-32	 173	 iter
89	 1.540943e-32	 175	 iter
90	 1.540943e-32	 176	 iter
91	 1.540943e-32	 178	 iter
92	 1.540943e-32	 180	 iter
93	 1.540943e-32	 182	 iter
94	 1.540943e-32	 184	 iter
95	 1.540943e-32	 186	 iter
96	 1.540943e-32	 187	 iter
97	 1.540943e-32	 188	 iter
98	 1.540943e-32	 190	 iter
99	 1.540943e-32	 191	 iter
100	 1.540943e-32	 193	 iter
101	 1.540943e-32	 195	 iter
102	 1.540943e-32	 197	 iter
103	 1.540943e-32	 198	 iter
104	 1.540943e-32	 199	 iter
105	 1.540943e-32	 200	 iter
106	 1.540943e-32	 202	 iter
107	 1.540943e-32	 204	 iter
108	 1.540943e-32	 205	 iter
109	 1.540943e-32	 206	 iter
110	 1.540943e-32	 207	 iter
111	 1.540943e-32	 208	 iter
112	 1.540943e-32	 209	 iter
113	 1.540943e-32	 210	 iter
114	 1.540943e-32	 212	 iter
115	 1.540943e-32	 213	 iter
116	 1.540943e-32	 215	 iter
117	 1.540943e-32	 216	 iter
118	 1.540943e-32	 217	 iter
119	 1.540943e-32	 218	 iter
120	 1.540943e-32	 219	 iter
121	 1.540943e-32	 221	 iter
122	 1.540943e-32	 222	 iter
123	 1.540943e-32	 223	 iter
124	 1.540943e-32	 224	 iter
125	 1.540943e-32	 225	 iter
126	 1.540943e-32	 227	 iter
127	 1.540943e-32	 228	 iter
128	 1.540943e-32	 229	 iter
129	 1.540943e-32	 231	 iter
130	 1.540943e-32	 232	 iter
131	 1.540943e-32	 234	 iter
132	 1.540943e-32	 235	 iter
133	 1.540943e-32	 237	 iter
134	 1.540943e-32	 239	 iter
135	 1.540943e-32	 240	 iter
136	 1.540943e-32	 241	 iter
137	 1.540943e-32	 243	 iter
138	 1.540943e-32	 244	 iter
139	 1.540943e-32	 246	 iter
140	 1.540943e-32	 248	 iter
141	 1.540943e-32	 250	 iter
142	 1.540943e-32	 251	 iter
143	 1.540943e-32	 252	 iter
144	 1.540943e-32	 254	 iter
145	 1.540943e-32	 256	 iter
146	 1.540943e-32	 258	 iter
147	 1.540943e-32	 259	 iter
148	 1.540943e-32	 261	 iter
149	 1.540943e-32	 263	 iter
150	 1.540943e-32	 264	 iter
151	 1.540943e-32	 266	 iter
152	 1.540943e-32	 268	 iter
153	 1.540943e-32	 269	 iter
154	 1.540943e-32	 271	 iter
155	 1.540943e-32	 272	 iter
156	 1.540943e-32	 274	 iter
157	 1.540943e-32	 276	 iter
158	 1.540943e-32	 278	 iter
159	 1.540943e-32	 279	 iter
160	 1.540943e-32	 280	 iter
161	 1.540943e-32	 282	 iter
162	 1.540943e-32	 284	 iter
163	 1.540943e-32	 285	 iter
164	 1.540943e-32	 287	 iter
165	 1.540943e-32	 289	 iter
166	 1.540943e-32	 291	 iter
167	 1.540943e-32	 292	 iter
168	 1.540943e-32	 294	 iter
169	 1.540943e-32	 296	 iter
170	 1.540943e-32	 298	 iter
171	 1.540943e-32	 299	 iter
172	 1.540943e-32	 300	 iter
173	 1.540943e-32	 301	 iter
174	 1.540943e-32	 302	 iter
175	 1.540943e-32	 303	 iter
176	 1.540943e-32	 305	 iter
177	 1.540943e-32	 306	 iter
178	 1.540943e-32	 307	 iter
179	 1.540943e-32	 309	 iter
180	 1.540943e-32	 311	 iter
181	 1.540943e-32	 313	 iter
182	 1.540943e-32	 314	 iter
183	 1.540943e-32	 316	 iter
184	 1.540943e-32	 317	 iter
185	 1.540943e-32	 318	 iter
186	 1.540943e-32	 320	 iter
187	 1.540943e-32	 322	 iter
188	 1.540943e-32	 324	 iter
189	 1.540943e-32	 325	 iter
190	 1.540943e-32	 326	 iter
191	 1.540943e-32	 328	 iter
192	 1.540943e-32	 330	 iter
193	 1.540943e-32	 331	 iter
194	 1.540943e-32	 333	 iter
195	 1.540943e-32	 335	 iter
196	 1.540943e-32	 337	 iter
197	 1.540943e-32	 339	 iter
198	 1.540943e-32	 340	 iter
199	 1.540943e-32	 341	 iter
200	 1.540943e-32	 342	 iter
201	 1.540943e-32	 344	 iter
202	 1.540943e-32	 346	 iter
203	 1.540943e-32	 348	 iter
204	 1.540943e-32	 349	 iter
205	 1.540943e-32	 350	 iter
206	 1.540943e-32	 352	 iter
207	 1.540943e-32	 354	 iter
208	 1.540943e-32	 355	 iter
209	 1.540943e-32	 356	 iter
210	 1.540943e-32	 358	 iter
211	 1.540943e-32	 360	 iter
212	 1.540943e-32	 362	 iter
213	 1.540943e-32	 364	 iter
214	 1.540943e-32	 365	 iter
215	 1.540943e-32	 366	 iter
215	 1.540943e-32	 366	 done
