0	 6.547361e-32	 1	 init
0	 6.547361e-32	 1	 iter
1	 6.547361e-32	 17	 iter
2	 6.547361e-32	 19	 iter
3	 6.547361e-32	 21	 iter
4	 6.547361e-32	 22	 iter
5	 6.547361e-32	 24	 iter
6	 6.547361e-32	 26	 iter
7	 6.547361e-32	 28	 iter
8	 6.547361e-32	 30	 iter
9	 6.547361e-32	 32	 iter
10	 6.547361e-32	 34	 iter
11	 6.547361e-32	 36	 iter
12	 6.547361e-32	 38	 iter
13	 6.547361e-32	 40	 iter
14	 6.547361e-32	 42	 iter
15	 6.547361e-32	 44	 iter
16	 6.547361e-32	 46	 iter
17	 6.547361e-32	 48	 iter
18	 6.547361e-32	 50	 iter
19	 6.547361e-32	 52	 iter
20	 6.547361e-32	 54	 iter
21	 6.547361e-32	 56	 iter
22	 6.547361e-32	 57	 iter
23	 6.547361e-32	 59	 iter
24	 6.547361e-32	 61	 iter
25	 6.547361e-32	 63	 iter
26	 6.547361e-32	 65	 iter
27	 6.547361e-32	 67	 iter
28	 6.547361e-32	 69	 iter
29	 6.547361e-32	 71	 iter
30	 6.547361e-32	 73	 iter
31	 6.547361e-32	 75	 iter
32	 6.547361e-32	 77	 iter
33	 6.547361e-32	 79	 iter
34	 6.547361e-32	 81	 iter
35	 6.547361e-32	 83	 iter
36	 6.547361e-32	 85	 iter
37	 6.547361e-32	 87	 iter
38	 6.547361e-32	 89	 iter
39	 6.547361e-32	 91	 iter
40	 6.547361e-32	 93	 iter
41	 6.547361e-32	 95	 iter
42	 6.547361e-32	 97	 iter
43	 6.547361e-32	 99	 iter
44	 6.547361e-32	 100	 iter
45	 6.547361e-32	 101	 iter
46	 6.547361e-32	 103	 iter
47	 6.547361e-32	 105	 iter
48	 6.547361e-32	 107	 iter
49	 6.547361e-32	 109	 iter
50	 6.547361e-32	 111	 iter
51	 6.547361e-32	 113	 iter
52	 6.547361e-32	 114	 iter
53	 6.547361e-32	 116	 iter
54	 6.547361e-32	 118	 iter
55	 6.547361e-32	 120	 iter
56	 6.547361e-32	 122	 iter
57	 6.547361e-32	 123	 iter
58	 6.547361e-32	 125	 iter
59	 6.547361e-32	 126	 iter
60	 6.547361e-32	 128	 iter
61	 6.547361e-32	 129	 iter
62	 6.547361e-32	 131	 iter
63	 6.547361e-32	 133	 iter
64	 6.547361e-32	 134	 iter
65	 6.547361e-32	 136	 iter
66	 6.547361e-32	 138	 iter
67	 6.547361e-32	 139	 iter
68	 6.547361e-32	 141	 iter
69	 6.547361e-32	 143	 iter
70	 6.547361e-32	 145	 iter
71	 6.547361e-32	 147	 iter
72	 6.547361e-32	 148	 iter
73	 6.547361e-32	 150	 iter
74	 6.547361e-32	 152	 iter
75	 6.547361e-32	 154	 iter
76	 6.547361e-32	 155	 iter
77	 6.547361e-32	 157	 iter
78	 6.547361e-32	 159	 iter
79	 6.547361e-32	 160	 iter
80	 6.547361e-32	 162	 iter
81	 6.547361e-32	 164	 iter
82	 6.547361e-32	 165	 iter
83	 6.547361e-32	 167	 iter
84	 6.547361e-32	 169	 iter
85	 6.547361e-32	 171	 iter
86	 6.547361e-32	 173	 iter
87	 6.547361e-32	 175	 iter
88	 6.547361e-32	 177	 iter
89	 6.547361e-32	 178	 iter
90	 6.547361e-32	 179	 iter
91	 6.547361e-32	 181	 iter
92	 6.547361e-32	 183	 iter
93	 6.547361e-32	 185	 iter
94	 6.547361e-32	 187	 iter
95	 6.547361e-32	 189	 iter
96	 6.547361e-32	 190	 iter
97	 6.547361e-32	 192	 iter
98	 6.547361e-32	 193	 iter
99	 6.547361e-32	 195	 iter
100	 6.547361e-32	 197	 iter
101	 6.547361e-32	 199	 iter
102	 6.547361e-32	 201	 iter
103	 6.547361e-32	 203	 iter
104	 6.547361e-32	 205	 iter
105	 6.547361e-32	 207	 iter
106	 6.547361e-32	 208	 iter
107	 6.547361e-32	 210	 iter
108	 6.547361e-32	 212	 iter
109	 6.547361e-32	 214	 iter
110	 6.547361e-32	 216	 iter
111	 6.547361e-32	 217	 iter
112	 6.547361e-32	 219	 iter
113	 6.547361e-32	 221	 iter
114	 6.547361e-32	 223	 iter
115	 6.547361e-32	 224	 iter
116	 6.547361e-32	 226	 iter
117	 6.547361e-32	 227	 iter
118	 6.547361e-32	 229	 iter
119	 6.547361e-32	 231	 iter
120	 6.547361e-32	 233	 iter
121	 6.547361e-32	 234	 iter
122	 6.547361e-32	 235	 iter
123	 6.547361e-32	 236	 iter
124	 6.547361e-32	 238	 iter
125	 6.547361e-32	 240	 iter
126	 6.547361e-32	 242	 iter
127	 6.547361e-32	 243	 iter
128	 6.547361e-32	 245	 iter
129	 6.547361e-32	 247	 iter
130	 6.547361e-32	 249	 iter
131	 6.547361e-32	 251	 iter
132	 6.547361e-32	 253	 iter
133	 6.547361e-32	 254	 iter
134	 6.547361e-32	 256	 iter
134	 6.547361e-32	 256	 done
