0	 4.525653e-33	 1	 init
0	 4.525653e-33	 1	 iter
1	 4.525653e-33	 17	 iter
2	 4.525653e-33	 19	 iter
3	 4.525653e-33	 21	 iter
4	 4.525653e-33	 22	 iter
5	 4.525653e-33	 24	 iter
6	 4.525653e-33	 26	 iter
7	 4.525653e-33	 28	 iter
8	 4.525653e-33	 30	 iter
9	 4.525653e-33	 32	 iter
10	 4.525653e-33	 33	 iter
11	 4.525653e-33	 35	 iter
12	 4.525653e-33	 36	 iter
13	 4.525653e-33	 38	 iter
14	 4.525653e-33	 40	 iter
15	 4.525653e-33	 42	 iter
16	 4.525653e-33	 44	 iter
17	 4.525653e-33	 46	 iter
18	 4.525653e-33	 48	 iter
19	 4.525653e-33	 50	 iter
20	 4.525653e-33	 52	 iter
21	 4.525653e-33	 54	 iter
22	 4.525653e-33	 56	 iter
23	 4.525653e-33	 58	 iter
24	 4.525653e-33	 60	 iter
25	 4.525653e-33	 62	 iter
26	 4.525653e-33	 63	 iter
27	 4.525653e-33	 65	 iter
28	 4.525653e-33	 67	 iter
29	 4.525653e-33	 69	 iter
30	 4.525653e-33	 71	 iter
31	 4.525653e-33	 73	 iter
32	 4.525653e-33	 75	 iter
33	 4.525653e-33	 77	 iter
34	 4.525653e-33	 79	 iter
35	 4.525653e-33	 81	 iter
36	 4.525653e-33	 83	 iter
37	 4.525653e-33	 85	 iter
38	 4.525653e-33	 87	 iter
39	 4.525653e-33	 88	 iter
40	 4.525653e-33	 90	 iter
41	 4.525653e-33	 91	 iter
42	 4.525653e-33	 93	 iter
43	 4.525653e-33	 95	 iter
44	 4.525653e-33	 97	 iter
45	 4.525653e-33	 99	 iter
46	 4.525653e-33	 101	 iter
47	 4.525653e-33	 103	 iter
48	 4.525653e-33	 105	 iter
49	 4.525653e-33	 107	 iter
50	 4.525653e-33	 109	 iter
51	 4.525653e-33	 111	 iter
52	 4.525653e-33	 113	 iter
53	 4.525653e-33	 115	 iter
54	 4.525653e-33	 117	 iter
55	 4.525653e-33	 118	 iter
56	 4.525653e-33	 120	 iter
57	 4.525653e-33	 121	 iter
58	 4.525653e-33	 122	 iter
59	 4.525653e-33	 124	 iter
60	 4.525653e-33	 126	 iter
61	 4.525653e-33	 128	 iter
62	 4.525653e-33	 130	 iter
63	 4.525653e-33	 132	 iter
64	 4.525653e-33	 134	 iter
65	 4.525653e-33	 136	 iter
66	 4.525653e-33	 138	 iter
67	 4.525653e-33	 140	 iter
68	 4.525653e-33	 142	 iter
69	 4.525653e-33	 144	 iter
70	 4.525653e-33	 145	 iter
71	 4.525653e-33	 146	 iter
72	 4.525653e-33	 147	 iter
73	 4.525653e-33	 148	 iter
74	 4.525653e-33	 150	 iter
75	 4.525653e-33	 152	 iter
76	 4.525653e-33	 154	 iter
77	 4.525653e-33	 156	 iter
78	 4.525653e-33	 157	 iter
79	 4.525653e-33	 158	 iter
80	 4.525653e-33	 159	 iter
81	 4.525653e-33	 161	 iter
82	 4.525653e-33	 162	 iter
83	 4.525653e-33	 163	 iter
84	 4.525653e-33	 165	 iter
85	 4.525653e-33	 167	 iter
86	 4.525653e-33	 169	 iter
87	 4.525653e-33	 171	 iter
88	 4.525653e-33	 172	 iter
89	 4.525653e-33	 173	 iter
90	 4.525653e-33	 175	 iter
91	 4.525653e-33	 177	 iter
92	 4.525653e-33	 178	 iter
93	 4.525653e-33	 179	 iter
94	 4.525653e-33	 180	 iter
95	 4.525653e-33	 182	 iter
96	 4.525653e-33	 184	 iter
97	 4.525653e-33	 185	 iter
98	 4.525653e-33	 187	 iter
99	 4.525653e-33	 188	 iter
100	 4.525653e-33	 190	 iter
101	 4.525653e-33	 192	 iter
102	 4.525653e-33	 193	 iter
103	 4.525653e-33	 194	 iter
104	 4.525653e-33	 195	 iter
105	 4.525653e-33	 197	 iter
106	 4.525653e-33	 199	 iter
107	 4.525653e-33	 200	 iter
108	 4.525653e-33	 202	 iter
109	 4.525653e-33	 203	 iter
110	 4.525653e-33	 205	 iter
111	 4.525653e-33	 207	 iter
112	 4.525653e-33	 208	 iter
113	 4.525653e-33	 209	 iter
114	 4.525653e-33	 211	 iter
115	 4.525653e-33	 213	 iter
116	 4.525653e-33	 214	 iter
117	 4.525653e-33	 215	 iter
118	 4.525653e-33	 216	 iter
119	 4.525653e-33	 218	 iter
120	 4.525653e-33	 219	 iter
121	 4.525653e-33	 220	 iter
122	 4.525653e-33	 221	 iter
123	 4.525653e-33	 222	 iter
124	 4.525653e-33	 224	 iter
125	 4.525653e-33	 226	 iter
126	 4.525653e-33	 228	 iter
127	 4.525653e-33	 229	 iter
128	 4.525653e-33	 230	 iter
129	 4.525653e-33	 231	 iter
130	 4.525653e-33	 233	 iter
131	 4.525653e-33	 234	 iter
132	 4.525653e-33	 236	 iter
133	 4.525653e-33	 238	 iter
134	 4.525653e-33	 240	 iter
135	 4.525653e-33	 242	 iter
136	 4.525653e-33	 244	 iter
137	 4.525653e-33	 246	 iter
138	 4.525653e-33	 247	 iter
139	 4.525653e-33	 249	 iter
140	 4.525653e-33	 251	 iter
141	 4.525653e-33	 253	 iter
142	 4.525653e-33	 255	 iter
143	 4.525653e-33	 256	 iter
144	 4.525653e-33	 258	 iter
145	 4.525653e-33	 259	 iter
146	 4.525653e-33	 261	 iter
147	 4.525653e-33	 262	 iter
148	 4.525653e-33	 264	 iter
149	 4.525653e-33	 265	 iter
150	 4.525653e-33	 266	 iter
151	 4.525653e-33	 267	 iter
152	 4.525653e-33	 269	 iter
153	 4.525653e-33	 271	 iter
154	 4.525653e-33	 272	 iter
155	 4.525653e-33	 273	 iter
156	 4.525653e-33	 274	 iter
157	 4.525653e-33	 275	 iter
158	 4.525653e-33	 276	 iter
159	 4.525653e-33	 278	 iter
160	 4.525653e-33	 279	 iter
161	 4.525653e-33	 280	 iter
162	 4.525653e-33	 281	 iter
163	 4.525653e-33	 283	 iter
164	 4.525653e-33	 285	 iter
165	 4.525653e-33	 286	 iter
166	 4.525653e-33	 288	 iter
167	 4.525653e-33	 289	 iter
168	 4.525653e-33	 291	 iter
169	 4.525653e-33	 292	 iter
170	 4.525653e-33	 294	 iter
171	 4.525653e-33	 295	 iter
172	 4.525653e-33	 296	 iter
173	 4.525653e-33	 298	 iter
174	 4.525653e-33	 300	 iter
175	 4.525653e-33	 301	 iter
176	 4.525653e-33	 303	 iter
177	 4.525653e-33	 305	 iter
178	 4.525653e-33	 306	 iter
179	 4.525653e-33	 308	 iter
180	 4.525653e-33	 310	 iter
181	 4.525653e-33	 312	 iter
182	 4.525653e-33	 314	 iter
183	 4.525653e-33	 315	 iter
184	 4.525653e-33	 317	 iter
185	 4.525653e-33	 319	 iter
186	 4.525653e-33	 320	 iter
187	 4.525653e-33	 321	 iter
188	 4.525653e-33	 323	 iter
189	 4.525653e-33	 324	 iter
190	 4.525653e-33	 325	 iter
191	 4.525653e-33	 327	 iter
192	 4.525653e-33	 329	 iter
193	 4.525653e-33	 331	 iter
194	 4.525653e-33	 332	 iter
195	 4.525653e-33	 333	 iter
196	 4.525653e-33	 335	 iter
197	 4.525653e-33	 337	 iter
198	 4.525653e-33	 338	 iter
199	 4.525653e-33	 340	 iter
200	 4.525653e-33	 342	 iter
201	 4.525653e-33	 344	 iter
202	 4.525653e-33	 346	 iter
202	 4.525653e-33	 346	 done
