0	 4.167383e-33	 1	 init
0	 4.167383e-33	 1	 iter
1	 4.167383e-33	 17	 iter
2	 4.167383e-33	 19	 iter
3	 4.167383e-33	 21	 iter
4	 4.167383e-33	 23	 iter
5	 4.167383e-33	 25	 iter
6	 4.167383e-33	 27	 iter
7	 4.167383e-33	 29	 iter
8	 4.167383e-33	 31	 iter
9	 4.167383e-33	 33	 iter
10	 4.167383e-33	 35	 iter
11	 4.167383e-33	 37	 iter
12	 4.167383e-33	 39	 iter
13	 4.167383e-33	 41	 iter
14	 4.167383e-33	 43	 iter
15	 4.167383e-33	 45	 iter
16	 4.167383e-33	 46	 iter
17	 4.167383e-33	 48	 iter
18	 4.167383e-33	 49	 iter
19	 4.167383e-33	 51	 iter
20	 4.167383e-33	 53	 iter
21	 4.167383e-33	 55	 iter
22	 4.167383e-33	 57	 iter
23	 4.167383e-33	 59	 iter
24	 4.167383e-33	 61	 iter
25	 4.167383e-33	 63	 iter
26	 4.167383e-33	 65	 iter
27	 4.167383e-33	 67	 iter
28	 4.167383e-33	 69	 iter
29	 4.167383e-33	 71	 iter
30	 4.167383e-33	 73	 iter
31	 4.167383e-33	 75	 iter
32	 4.167383e-33	 77	 iter
33	 4.167383e-33	 79	 iter
34	 4.167383e-33	 81	 iter
35	 4.167383e-33	 83	 iter
36	 4.167383e-33	 84	 iter
37	 4.167383e-33	 86	 iter
38	 4.167383e-33	 88	 iter
39	 4.167383e-33	 90	 iter
40	 4.167383e-33	 92	 iter
41	 4.167383e-33	 94	 iter
42	 4.167383e-33	 95	 iter
43	 4.167383e-33	 97	 iter
44	 4.167383e-33	 99	 iter
45	 4.167383e-33	 100	 iter
46	 4.167383e-33	 102	 iter
47	 4.167383e-33	 104	 iter
48	 4.167383e-33	 106	 iter
49	 4.167383e-33	 108	 iter
50	 4.167383e-33	 110	 iter
51	 4.167383e-33	 112	 iter
52	 4.167383e-33	 113	 iter
53	 4.167383e-33	 115	 iter
54	 4.167383e-33	 117	 iter
55	 4.167383e-33	 119	 iter
56	 4.167383e-33	 121	 iter
57	 4.167383e-33	 123	 iter
58	 4.167383e-33	 124	 iter
59	 4.167383e-33	 125	 iter
60	 4.167383e-33	 127	 iter
61	 4.167383e-33	 129	 iter
62	 4.167383e-33	 131	 iter
63	 4.167383e-33	 132	 iter
64	 4.167383e-33	 134	 iter
65	 4.167383e-33	 136	 iter
66	 4.167383e-33	 138	 iter
67	 4.167383e-33	 139	 iter
68	 4.167383e-33	 140	 iter
69	 4.167383e-33	 141	 iter
70	 4.167383e-33	 143	 iter
71	 4.167383e-33	 145	 iter
72	 4.167383e-33	 147	 iter
73	 4.167383e-33	 148	 iter
74	 4.167383e-33	 150	 iter
75	 4.167383e-33	 151	 iter
76	 4.167383e-33	 153	 iter
77	 4.167383e-33	 155	 iter
78	 4.167383e-33	 157	 iter
79	 4.167383e-33	 159	 iter
80	 4.167383e-33	 161	 iter
81	 4.167383e-33	 162	 iter
82	 4.167383e-33	 163	 iter
83	 4.167383e-33	 165	 iter
84	 4.167383e-33	 167	 iter
85	 4.167383e-33	 168	 iter
86	 4.167383e-33	 170	 iter
87	 4.167383e-33	 171	 iter
88	 4.167383e-33	 172	 iter
89	 4.167383e-33	 174	 iter
90	 4.167383e-33	 175	 iter
91	 4.167383e-33	 176	 iter
92	 4.167383e-33	 178	 iter
93	 4.167383e-33	 179	 iter
94	 4.167383e-33	 181	 iter
95	 4.167383e-33	 183	 iter
96	 4.167383e-33	 185	 iter
97	 4.167383e-33	 186	 iter
98	 4.167383e-33	 187	 iter
99	 4.167383e-33	 188	 iter
100	 4.167383e-33	 189	 iter
101	 4.167383e-33	 191	 iter
102	 4.167383e-33	 193	 iter
103	 4.167383e-33	 194	 iter
104	 4.167383e-33	 195	 iter
105	 4.167383e-33	 196	 iter
106	 4.167383e-33	 198	 iter
107	 4.167383e-33	 199	 iter
108	 4.167383e-33	 201	 iter
109	 4.167383e-33	 202	 iter
110	 4.167383e-33	 204	 iter
111	 4.167383e-33	 205	 iter
112	 4.167383e-33	 206	 iter
113	 4.167383e-33	 208	 iter
114	 4.167383e-33	 210	 iter
115	 4.167383e-33	 212	 iter
116	 4.167383e-33	 213	 iter
117	 4.167383e-33	 214	 iter
118	 4.167383e-33	 215	 iter
119	 4.167383e-33	 216	 iter
120	 4.167383e-33	 218	 iter
121	 4.167383e-33	 220	 iter
122	 4.167383e-33	 222	 iter
123	 4.167383e-33	 223	 iter
124	 4.167383e-33	 224	 iter
125	 4.167383e-33	 225	 iter
126	 4.167383e-33	 226	 iter
127	 4.167383e-33	 227	 iter
128	 4.167383e-33	 229	 iter
129	 4.167383e-33	 231	 iter
130	 4.167383e-33	 232	 iter
131	 4.167383e-33	 234	 iter
132	 4.167383e-33	 235	 iter
133	 4.167383e-33	 236	 iter
134	 4.167383e-33	 238	 iter
135	 4.167383e-33	 240	 iter
136	 4.167383e-33	 241	 iter
137	 4.167383e-33	 243	 iter
138	 4.167383e-33	 245	 iter
139	 4.167383e-33	 247	 iter
140	 4.167383e-33	 248	 iter
141	 4.167383e-33	 249	 iter
142	 4.167383e-33	 250	 iter
143	 4.167383e-33	 252	 iter
144	 4.167383e-33	 254	 iter
145	 4.167383e-33	 255	 iter
146	 4.167383e-33	 257	 iter
147	 4.167383e-33	 259	 iter
148	 4.167383e-33	 260	 iter
149	 4.167383e-33	 262	 iter
150	 4.167383e-33	 263	 iter
151	 4.167383e-33	 264	 iter
152	 4.167383e-33	 265	 iter
153	 4.167383e-33	 266	 iter
154	 4.167383e-33	 268	 iter
155	 4.167383e-33	 270	 iter
156	 4.167383e-33	 272	 iter
157	 4.167383e-33	 274	 iter
158	 4.167383e-33	 275	 iter
159	 4.167383e-33	 276	 iter
160	 4.167383e-33	 278	 iter
161	 4.167383e-33	 279	 iter
162	 4.167383e-33	 280	 iter
163	 4.167383e-33	 282	 iter
164	 4.167383e-33	 284	 iter
165	 4.167383e-33	 286	 iter
166	 4.167383e-33	 288	 iter
167	 4.167383e-33	 289	 iter
168	 4.167383e-33	 290	 iter
169	 4.167383e-33	 291	 iter
170	 4.167383e-33	 292	 iter
171	 4.167383e-33	 293	 iter
172	 4.167383e-33	 295	 iter
173	 4.167383e-33	 297	 iter
174	 4.167383e-33	 299	 iter
175	 4.167383e-33	 301	 iter
176	 4.167383e-33	 302	 iter
177	 4.167383e-33	 303	 iter
178	 4.167383e-33	 305	 iter
179	 4.167383e-33	 307	 iter
180	 4.167383e-33	 308	 iter
181	 4.167383e-33	 309	 iter
182	 4.167383e-33	 311	 iter
183	 4.167383e-33	 313	 iter
184	 4.167383e-33	 314	 iter
185	 4.167383e-33	 315	 iter
186	 4.167383e-33	 317	 iter
187	 4.167383e-33	 318	 iter
188	 4.167383e-33	 319	 iter
189	 4.167383e-33	 320	 iter
190	 4.167383e-33	 321	 iter
191	 4.167383e-33	 322	 iter
192	 4.167383e-33	 324	 iter
193	 4.167383e-33	 326	 iter
194	 4.167383e-33	 328	 iter
195	 4.167383e-33	 330	 iter
196	 4.167383e-33	 331	 iter
197	 4.167383e-33	 333	 iter
198	 4.167383e-33	 335	 iter
199	 4.167383e-33	 336	 iter
200	 4.167383e-33	 337	 iter
201	 4.167383e-33	 338	 iter
202	 4.167383e-33	 339	 iter
203	 4.167383e-33	 340	 iter
204	 4.167383e-33	 342	 iter
205	 4.167383e-33	 343	 iter
206	 4.167383e-33	 344	 iter
207	 4.167383e-33	 345	 iter
208	 4.167383e-33	 346	 iter
209	 4.167383e-33	 348	 iter
210	 4.167383e-33	 350	 iter
211	 4.167383e-33	 352	 iter
212	 4.167383e-33	 354	 iter
213	 4.167383e-33	 355	 iter
214	 4.167383e-33	 356	 iter
215	 4.167383e-33	 358	 iter
216	 4.167383e-33	 360	 iter
217	 4.167383e-33	 361	 iter
218	 4.167383e-33	 363	 iter
219	 4.167383e-33	 364	 iter
220	 4.167383e-33	 365	 iter
221	 4.167383e-33	 366	 iter
222	 4.167383e-33	 368	 iter
223	 4.167383e-33	 370	 iter
224	 4.167383e-33	 371	 iter
225	 4.167383e-33	 372	 iter
225	 4.167383e-33	 372	 done
